2	1	1.243334	0.1574841	0.4218807
2	2	-0.2186105	0.5947648	0.396775
2	3	-0.1350563	0.569773	0.3982099
2	4	1.243334	0.1574841	0.4218807
2	5	1.155382	0.1837913	0.4203703
3	1	1.261228	0.1521319	0.422188
3	2	-0.1263157	0.5671586	0.39836
3	3	-0.1263157	0.5671586	0.39836
3	4	1.261228	0.1521319	0.422188
3	5	-0.2105659	0.5923586	0.3969132
4	1	1.261228	0.1521319	0.422188
4	2	-0.1263157	0.5671586	0.39836
4	3	-0.1263157	0.5671586	0.39836
4	4	1.261228	0.1521319	0.422188
4	5	-0.2105659	0.5923586	0.3969132
5	2	1.120904	0.1941041	0.4197782
5	3	1.120904	0.1941041	0.4197782
5	4	1.297322	0.1413361	0.4228078
5	5	-0.1942715	0.5874848	0.397193
6	1	1.261228	0.1521319	0.422188
6	2	-0.1263157	0.5671586	0.39836
6	3	-0.1263157	0.5671586	0.39836
6	4	1.261228	0.1521319	0.422188
6	5	-0.2105659	0.5923586	0.3969132
7	2	-0.1379541	0.5706398	0.3981601
7	3	-0.1379541	0.5706398	0.3981601
7	5	1.237392	0.1592614	0.4217786
8	2	-0.1379541	0.5706398	0.3981601
8	3	-0.1379541	0.5706398	0.3981601
8	5	1.237392	0.1592614	0.4217786
9	1	1.323574	0.1326263	0.4317557
9	2	-0.2890762	0.5857695	0.6935665
9	3	-0.2890762	0.5857695	0.6935665
9	4	1.323574	0.1326263	0.4317557
9	5	0.1019871	0.5325303	0.06873416
10	1	1.323574	0.1326263	0.4317557
10	2	-0.2890762	0.5857695	0.6935665
10	3	-0.2890762	0.5857695	0.6935665
10	4	1.323574	0.1326263	0.4317557
10	5	0.1019871	0.5325303	0.06873416
40	1	1.225542	0.1628059	0.4215751
40	2	-0.1437260	0.5723662	0.398061
40	3	-0.1437260	0.5723662	0.398061
40	4	1.225542	0.1628059	0.4215751
40	5	-0.1437260	0.5723662	0.398061
41	1	1.225542	0.1628059	0.4215751
41	2	-0.1437260	0.5723662	0.398061
41	3	-0.1437260	0.5723662	0.398061
41	4	1.225542	0.1628059	0.4215751
41	5	-0.1437260	0.5723662	0.398061
42	1	1.120904	0.1941041	0.4197782
42	2	1.120904	0.1941041	0.4197782
42	3	1.120904	0.1941041	0.4197782
42	4	1.120904	0.1941041	0.4197782
42	5	1.120904	0.1941041	0.4197782
43	1	1.120904	0.1941041	0.4197782
43	2	1.120904	0.1941041	0.4197782
43	3	1.120904	0.1941041	0.4197782
43	4	1.120904	0.1941041	0.4197782
43	5	1.120904	0.1941041	0.4197782
44	1	1.120904	0.1941041	0.4197782
44	2	1.120904	0.1941041	0.4197782
44	3	1.120904	0.1941041	0.4197782
44	4	1.120904	0.1941041	0.4197782
44	5	1.120904	0.1941041	0.4197782
45	1	1.120904	0.1941041	0.4197782
45	2	1.120904	0.1941041	0.4197782
45	3	1.120904	0.1941041	0.4197782
45	4	1.120904	0.1941041	0.4197782
45	5	1.120904	0.1941041	0.4197782
46	1	1.120904	0.1941041	0.4197782
46	2	1.120904	0.1941041	0.4197782
46	3	1.120904	0.1941041	0.4197782
46	4	1.120904	0.1941041	0.4197782
46	5	1.120904	0.1941041	0.4197782
47	1	1.120904	0.1941041	0.4197782
47	2	1.120904	0.1941041	0.4197782
47	3	1.120904	0.1941041	0.4197782
47	4	1.120904	0.1941041	0.4197782
47	5	1.120904	0.1941041	0.4197782
48	1	-0.1263157	0.5671586	0.3983601
48	2	-0.1263157	0.5671586	0.3983601
48	3	-0.1263157	0.5671586	0.3983601
48	4	-0.1263157	0.5671586	0.3983601
48	5	1.261228	0.1521319	0.4221879
53	1	-0.1437261	0.5723662	0.3980611
53	2	-0.1437261	0.5723662	0.3980611
53	3	-0.1437261	0.5723662	0.3980611
53	4	-0.1437261	0.5723662	0.3980611
53	5	1.408068	0.1082110	0.4247095
54	1	-0.1437261	0.5723662	0.3980611
54	2	-0.1437261	0.5723662	0.3980611
54	3	-0.1437261	0.5723662	0.3980611
54	4	-0.1437261	0.5723662	0.3980611
54	5	1.408068	0.1082110	0.4247095
55	1	-0.1437261	0.5723662	0.3980611
55	2	-0.1437261	0.5723662	0.3980611
55	3	-0.1437261	0.5723662	0.3980611
55	4	-0.1437261	0.5723662	0.3980611
55	5	1.408068	0.1082110	0.4247095
56	1	-0.1437261	0.5723662	0.3980611
56	2	-0.1437261	0.5723662	0.3980611
56	3	-0.1437261	0.5723662	0.3980611
56	4	-0.1437261	0.5723662	0.3980611
56	5	1.408068	0.1082110	0.4247095
57	2	-0.1665008	0.5791783	0.3976699
57	3	-0.1665008	0.5791783	0.3976699
57	5	1.358388	0.1230706	0.4238565
58	2	-0.1665008	0.5791783	0.3976699
58	3	-0.1665008	0.5791783	0.3976699
58	5	1.358388	0.1230706	0.4238565
59	2	-0.1665008	0.5791783	0.3976699
59	3	-0.1665008	0.5791783	0.3976699
59	5	1.358388	0.1230706	0.4238565
60	2	-0.1665008	0.5791783	0.3976699
60	3	-0.1665008	0.5791783	0.3976699
60	5	1.358388	0.1230706	0.4238565
61	2	-0.1665008	0.5791783	0.3976699
61	3	-0.1665008	0.5791783	0.3976699
61	5	1.358388	0.1230706	0.4238565
62	2	-0.1665008	0.5791783	0.3976699
62	3	-0.1665008	0.5791783	0.3976699
62	5	1.358388	0.1230706	0.4238565
63	2	-0.1665008	0.5791783	0.3976699
63	3	-0.1665008	0.5791783	0.3976699
63	5	1.358388	0.1230706	0.4238565
64	2	-0.1665008	0.5791783	0.3976699
64	3	-0.1665008	0.5791783	0.3976699
64	5	1.358388	0.1230706	0.4238565
65	2	-0.1665008	0.5791783	0.3976699
65	3	-0.1665008	0.5791783	0.3976699
65	5	1.358388	0.1230706	0.4238565
66	2	-0.1665008	0.5791783	0.3976699
66	3	-0.1665008	0.5791783	0.3976699
66	5	1.358388	0.1230706	0.4238565
67	2	-0.1665008	0.5791783	0.3976699
67	3	-0.1665008	0.5791783	0.3976699
67	5	1.358388	0.1230706	0.4238565
68	2	-0.1665008	0.5791783	0.3976699
68	3	-0.1665008	0.5791783	0.3976699
68	5	1.358388	0.1230706	0.4238565
69	2	-0.1665008	0.5791783	0.3976699
69	3	-0.1665008	0.5791783	0.3976699
69	5	1.358388	0.1230706	0.4238565
70	2	-0.1665008	0.5791783	0.3976699
70	3	-0.1665008	0.5791783	0.3976699
70	5	1.358388	0.1230706	0.4238565
71	2	-0.1665008	0.5791783	0.3976699
71	3	-0.1665008	0.5791783	0.3976699
71	5	1.358388	0.1230706	0.4238565
72	2	1.297322	0.1413361	0.4228078
72	5	-0.1942715	0.5874848	0.397193
73	2	1.297322	0.1413361	0.4228078
73	5	-0.1942715	0.5874848	0.397193
74	1	1.126304	0.1656584	0.6857502
74	2	-0.2985850	0.5913411	0.6663756
74	3	-0.2985850	0.5913411	0.6663756
74	4	1.126304	0.1656584	0.6857502
74	5	0.6022159	0.3917422	-0.01022328
75	1	1.126304	0.1656584	0.6857502
75	2	-0.2985850	0.5913411	0.6663756
75	3	-0.2985850	0.5913411	0.6663756
75	4	1.126304	0.1656584	0.6857502
75	5	0.6022159	0.3917422	-0.01022328
76	1	0.6186136	0.2641141	1.206190
76	2	-0.1841055	0.5842488	0.3993024
76	3	-0.1841055	0.5842488	0.3993024
76	5	1.157427	0.2201324	0.05422329
77	1	0.6186136	0.2641141	1.206190
77	2	-0.1841055	0.5842488	0.3993024
77	3	-0.1841055	0.5842488	0.3993024
77	5	1.157427	0.2201324	0.05422329
78	1	0.6186136	0.2641141	1.206190
78	2	-0.1841055	0.5842488	0.3993024
78	3	-0.1841055	0.5842488	0.3993024
78	5	1.157427	0.2201324	0.05422329
79	1	1.126304	0.1656584	0.6857502
79	2	-0.2985850	0.5913411	0.6663756
79	3	-0.2985850	0.5913411	0.6663756
79	4	1.126304	0.1656584	0.6857502
79	5	0.6022159	0.3917422	-0.01022328
80	1	1.126304	0.1656584	0.6857502
80	2	-0.2985850	0.5913411	0.6663756
80	3	-0.2985850	0.5913411	0.6663756
80	4	1.126304	0.1656584	0.6857502
80	5	0.6022159	0.3917422	-0.01022328
81	1	1.126304	0.1656584	0.6857502
81	2	-0.2985850	0.5913411	0.6663756
81	3	-0.2985850	0.5913411	0.6663756
81	4	1.126304	0.1656584	0.6857502
81	5	0.6022159	0.3917422	-0.01022328
82	1	1.126304	0.1656584	0.6857502
82	2	-0.2985850	0.5913411	0.6663756
82	3	-0.2985850	0.5913411	0.6663756
82	4	1.126304	0.1656584	0.6857502
82	5	0.6022159	0.3917422	-0.01022328
83	1	1.126304	0.1656584	0.6857502
83	2	-0.2985850	0.5913411	0.6663756
83	3	-0.2985850	0.5913411	0.6663756
83	4	1.126304	0.1656584	0.6857502
83	5	0.6022159	0.3917422	-0.01022328
84	1	1.126304	0.1656584	0.6857502
84	2	-0.2985850	0.5913411	0.6663756
84	3	-0.2985850	0.5913411	0.6663756
84	4	1.126304	0.1656584	0.6857502
84	5	0.6022159	0.3917422	-0.01022328
85	1	1.126304	0.1656584	0.6857502
85	2	-0.2985850	0.5913411	0.6663756
85	3	-0.2985850	0.5913411	0.6663756
85	4	1.126304	0.1656584	0.6857502
85	5	0.6022159	0.3917422	-0.01022328
86	1	1.126304	0.1656584	0.6857502
86	2	-0.2985850	0.5913411	0.6663756
86	3	-0.2985850	0.5913411	0.6663756
86	4	1.126304	0.1656584	0.6857502
86	5	0.6022159	0.3917422	-0.01022328
87	1	1.126304	0.1656584	0.6857502
87	2	-0.2985850	0.5913411	0.6663756
87	3	-0.2985850	0.5913411	0.6663756
87	4	1.126304	0.1656584	0.6857502
87	5	0.6022159	0.3917422	-0.01022328
88	1	1.126304	0.1656584	0.6857502
88	2	-0.2985850	0.5913411	0.6663756
88	3	-0.2985850	0.5913411	0.6663756
88	4	1.126304	0.1656584	0.6857502
88	5	0.6022159	0.3917422	-0.01022328
89	2	-0.1841055	0.5842488	0.3993024
89	3	-0.1841055	0.5842488	0.3993024
89	4	0.6186136	0.2641141	1.206190
89	5	1.157427	0.2201324	0.05422329
90	2	-0.1841055	0.5842488	0.3993024
90	3	-0.1841055	0.5842488	0.3993024
90	4	0.6186136	0.2641141	1.206190
90	5	1.157427	0.2201324	0.05422329
91	3	0.5992189	0.391974	-0.003688658
91	4	-0.3524123	0.5887984	0.8501938
91	5	0.973621	0.1927256	0.8674612
92	3	0.5992189	0.391974	-0.003688658
92	4	-0.3524123	0.5887984	0.8501938
92	5	0.973621	0.1927256	0.8674612
93	1	1.273997	0.1485074	0.4204777
93	3	-0.4088153	0.5708941	1.193829
93	4	1.273997	0.1485074	0.4204777
93	5	0.1338053	0.526204	0.03766149
94	1	1.273997	0.1485074	0.4204777
94	3	-0.4088153	0.5708941	1.193829
94	4	1.273997	0.1485074	0.4204777
94	5	0.1338053	0.526204	0.03766149
95	1	1.273997	0.1485074	0.4204777
95	3	-0.4088153	0.5708941	1.193829
95	4	1.273997	0.1485074	0.4204777
95	5	0.1338053	0.526204	0.03766149
96	1	0.895285	0.2191484	0.8364687
96	3	-0.2412591	0.5993158	0.4184189
96	4	0.895285	0.2191484	0.8364687
96	5	0.9862153	0.2719708	0.0450644
97	1	0.895285	0.2191484	0.8364687
97	3	-0.2412591	0.5993158	0.4184189
97	4	0.895285	0.2191484	0.8364687
97	5	0.9862153	0.2719708	0.0450644
98	1	0.895285	0.2191484	0.8364687
98	3	-0.2412591	0.5993158	0.4184189
98	4	0.895285	0.2191484	0.8364687
98	5	0.9862153	0.2719708	0.0450644
99	1	0.895285	0.2191484	0.8364687
99	3	-0.2412591	0.5993158	0.4184189
99	4	0.895285	0.2191484	0.8364687
99	5	0.9862153	0.2719708	0.0450644
100	1	0.895285	0.2191484	0.8364687
100	3	-0.2412591	0.5993158	0.4184189
100	4	0.895285	0.2191484	0.8364687
100	5	0.9862153	0.2719708	0.0450644
101	1	0.895285	0.2191484	0.8364687
101	3	-0.2412591	0.5993158	0.4184189
101	4	0.895285	0.2191484	0.8364687
101	5	0.9862153	0.2719708	0.0450644
102	1	0.895285	0.2191484	0.8364687
102	3	-0.2412591	0.5993158	0.4184189
102	4	0.895285	0.2191484	0.8364687
102	5	0.9862153	0.2719708	0.0450644
103	1	0.895285	0.2191484	0.8364687
103	3	-0.2412591	0.5993158	0.4184189
103	4	0.895285	0.2191484	0.8364687
103	5	0.9862153	0.2719708	0.0450644
104	1	0.895285	0.2191484	0.8364687
104	3	-0.2412591	0.5993158	0.4184189
104	4	0.895285	0.2191484	0.8364687
104	5	0.9862153	0.2719708	0.0450644
105	1	0.895285	0.2191484	0.8364687
105	3	-0.2412591	0.5993158	0.4184189
105	4	0.895285	0.2191484	0.8364687
105	5	0.9862153	0.2719708	0.0450644
106	1	0.895285	0.2191484	0.8364687
106	3	-0.2412591	0.5993158	0.4184189
106	4	0.895285	0.2191484	0.8364687
106	5	0.9862153	0.2719708	0.0450644
107	1	0.895285	0.2191484	0.8364687
107	3	-0.2412591	0.5993158	0.4184189
107	4	0.895285	0.2191484	0.8364687
107	5	0.9862153	0.2719708	0.0450644
108	1	1.067478	0.1805141	0.7118897
108	2	-0.2136618	0.5920105	0.4094860
108	3	-0.2136618	0.5920105	0.4094860
108	4	1.067478	0.1805141	0.7118897
108	5	1.173077	0.2122854	0.08586574
109	1	1.067478	0.1805141	0.7118897
109	2	-0.2136618	0.5920105	0.4094860
109	3	-0.2136618	0.5920105	0.4094860
109	4	1.067478	0.1805141	0.7118897
109	5	1.173077	0.2122854	0.08586574
110	1	1.067478	0.1805141	0.7118897
110	2	-0.2136618	0.5920105	0.4094860
110	3	-0.2136618	0.5920105	0.4094860
110	4	1.067478	0.1805141	0.7118897
110	5	1.173077	0.2122854	0.08586574
111	1	1.067478	0.1805141	0.7118897
111	2	-0.2136618	0.5920105	0.4094860
111	3	-0.2136618	0.5920105	0.4094860
111	4	1.067478	0.1805141	0.7118897
111	5	1.173077	0.2122854	0.08586574
112	1	1.067478	0.1805141	0.7118897
112	2	-0.2136618	0.5920105	0.4094860
112	3	-0.2136618	0.5920105	0.4094860
112	4	1.067478	0.1805141	0.7118897
112	5	1.173077	0.2122854	0.08586574
113	1	1.067478	0.1805141	0.7118897
113	2	-0.2136618	0.5920105	0.4094860
113	3	-0.2136618	0.5920105	0.4094860
113	4	1.067478	0.1805141	0.7118897
113	5	1.173077	0.2122854	0.08586574
114	1	1.067478	0.1805141	0.7118897
114	2	-0.2136618	0.5920105	0.4094860
114	3	-0.2136618	0.5920105	0.4094860
114	4	1.067478	0.1805141	0.7118897
114	5	1.173077	0.2122854	0.08586574
115	1	1.067478	0.1805141	0.7118897
115	2	-0.2136618	0.5920105	0.4094860
115	3	-0.2136618	0.5920105	0.4094860
115	4	1.067478	0.1805141	0.7118897
115	5	1.173077	0.2122854	0.08586574
116	1	1.067478	0.1805141	0.7118897
116	2	-0.2136618	0.5920105	0.4094860
116	3	-0.2136618	0.5920105	0.4094860
116	4	1.067478	0.1805141	0.7118897
116	5	1.173077	0.2122854	0.08586574
117	1	1.067478	0.1805141	0.7118897
117	2	-0.2136618	0.5920105	0.4094860
117	3	-0.2136618	0.5920105	0.4094860
117	4	1.067478	0.1805141	0.7118897
117	5	1.173077	0.2122854	0.08586574
118	1	1.067478	0.1805141	0.7118897
118	2	-0.2136618	0.5920105	0.4094860
118	3	-0.2136618	0.5920105	0.4094860
118	4	1.067478	0.1805141	0.7118897
118	5	1.173077	0.2122854	0.08586574
119	1	1.067478	0.1805141	0.7118897
119	2	-0.2136618	0.5920105	0.4094860
119	3	-0.2136618	0.5920105	0.4094860
119	4	1.067478	0.1805141	0.7118897
119	5	1.173077	0.2122854	0.08586574
120	1	1.067478	0.1805141	0.7118897
120	2	-0.2136618	0.5920105	0.4094860
120	3	-0.2136618	0.5920105	0.4094860
120	4	1.067478	0.1805141	0.7118897
120	5	1.173077	0.2122854	0.08586574
121	1	1.067478	0.1805141	0.7118897
121	2	-0.2136618	0.5920105	0.4094860
121	3	-0.2136618	0.5920105	0.4094860
121	4	1.067478	0.1805141	0.7118897
121	5	1.173077	0.2122854	0.08586574
122	1	1.067478	0.1805141	0.7118897
122	2	-0.2136618	0.5920105	0.4094860
122	3	-0.2136618	0.5920105	0.4094860
122	4	1.067478	0.1805141	0.7118897
122	5	1.173077	0.2122854	0.08586574
123	1	1.010457	0.1867992	0.8176367
123	2	-0.1925786	0.5867797	0.3991918
123	3	-0.1925786	0.5867797	0.3991918
123	5	1.314573	0.1620336	0.1668675
136	1	-0.04834685	0.4450676	1.378462
136	3	0.02197293	0.5483597	0.1476631
136	5	1.214514	0.1918519	0.1662428
137	1	-0.04834685	0.4450676	1.378462
137	3	0.02197293	0.5483597	0.1476631
137	5	1.214514	0.1918519	0.1662428
138	1	-0.04834685	0.4450676	1.378462
138	3	0.02197293	0.5483597	0.1476631
138	5	1.214514	0.1918519	0.1662428
139	1	-0.04834685	0.4450676	1.378462
139	3	0.02197293	0.5483597	0.1476631
139	5	1.214514	0.1918519	0.1662428
140	1	1.237392	0.1592614	0.4217786
140	3	-0.1379541	0.5706398	0.3981601
140	5	-0.1379541	0.5706398	0.3981601
141	1	1.252269	0.1548118	0.4220341
141	2	-0.1306949	0.5684685	0.3982848
141	3	-0.1306949	0.5684685	0.3982848
141	5	-0.1306949	0.5684685	0.3982848
142	1	0.533983	0.2967101	1.132574
142	2	-0.1035537	0.569209	0.3109656
142	3	-0.1035537	0.569209	0.3109656
142	4	1.346219	0.1427691	0.2645132
142	5	-0.1035537	0.569209	0.3109656
143	1	0.533983	0.2967101	1.132574
143	2	-0.1035537	0.569209	0.3109656
143	3	-0.1035537	0.569209	0.3109656
143	4	1.346219	0.1427691	0.2645132
143	5	-0.1035537	0.569209	0.3109656
144	1	0.533983	0.2967101	1.132574
144	2	-0.1035537	0.569209	0.3109656
144	3	-0.1035537	0.569209	0.3109656
144	4	1.346219	0.1427691	0.2645132
144	5	-0.1035537	0.569209	0.3109656
145	1	1.252269	0.1548118	0.4220341
145	2	-0.1306949	0.5684685	0.3982848
145	3	-0.1306949	0.5684685	0.3982848
145	5	-0.1306949	0.5684685	0.3982848
146	1	1.240939	0.1566293	0.4374096
146	2	-0.2534524	0.5651889	0.7925327
146	3	-0.2534524	0.5651889	0.7925327
146	5	0.2601464	0.4875473	0.04842281
147	1	1.240939	0.1566293	0.4374096
147	2	-0.2534524	0.5651889	0.7925327
147	3	-0.2534524	0.5651889	0.7925327
147	5	0.2601464	0.4875473	0.04842281
148	1	1.218894	0.1640213	0.4291231
148	2	-0.2413756	0.5741669	0.6679763
148	3	-0.2413756	0.5741669	0.6679763
148	4	1.218894	0.1640213	0.4291231
148	5	0.1270781	0.5231499	0.0877502
150	2	1.207851	0.1680975	0.4212713
150	5	-0.1523251	0.5749383	0.3979133
151	2	-0.1233863	0.5662824	0.3984103
151	3	-0.1233863	0.5662824	0.3984103
151	5	1.178590	0.1768497	0.4207688
152	1	-0.1175039	0.5645229	0.3985114
152	2	-0.1175039	0.5645229	0.3985114
152	3	-0.1175039	0.5645229	0.3985114
152	4	-0.1175039	0.5645229	0.3985114
152	5	1.190261	0.1733588	0.4209692
