1	1	1.120904	0.1941041	0.4197782
1	2	1.120904	0.1941041	0.4197782
1	3	1.120904	0.1941041	0.4197782
1	4	1.120904	0.1941041	0.4197782
1	5	1.120904	0.1941041	0.4197782
1	6	1.120904	0.1941041	0.4197782
1	7	1.120904	0.1941041	0.4197782
1	8	1.120904	0.1941041	0.4197782
1	9	1.120904	0.1941041	0.4197782
1	10	1.120904	0.1941041	0.4197782
1	11	1.120904	0.1941041	0.4197782
1	12	1.120904	0.1941041	0.4197782
1	13	1.120904	0.1941041	0.4197782
1	14	1.120904	0.1941041	0.4197782
1	15	1.120904	0.1941041	0.4197782
1	16	1.120904	0.1941041	0.4197782
1	17	1.120904	0.1941041	0.4197782
1	18	1.120904	0.1941041	0.4197782
1	19	1.120904	0.1941041	0.4197782
1	20	1.120904	0.1941041	0.4197782
1	21	1.120904	0.1941041	0.4197782
1	22	1.120904	0.1941041	0.4197782
1	23	1.120904	0.1941041	0.4197782
1	24	1.120904	0.1941041	0.4197782
1	25	1.120904	0.1941041	0.4197782
1	26	1.120904	0.1941041	0.4197782
1	27	1.120904	0.1941041	0.4197782
1	28	1.120904	0.1941041	0.4197782
1	29	1.120904	0.1941041	0.4197782
1	30	1.120904	0.1941041	0.4197782
1	31	1.120904	0.1941041	0.4197782
1	32	1.120904	0.1941041	0.4197782
1	33	1.120904	0.1941041	0.4197782
1	34	1.120904	0.1941041	0.4197782
1	35	1.120904	0.1941041	0.4197782
1	36	1.120904	0.1941041	0.4197782
1	37	1.120904	0.1941041	0.4197782
1	38	1.120904	0.1941041	0.4197782
2	1	1.120904	0.1941041	0.4197782
2	2	1.120904	0.1941041	0.4197782
2	3	1.120904	0.1941041	0.4197782
2	4	1.120904	0.1941041	0.4197782
2	5	1.120904	0.1941041	0.4197782
2	6	1.120904	0.1941041	0.4197782
2	7	1.120904	0.1941041	0.4197782
2	8	1.120904	0.1941041	0.4197782
2	9	1.120904	0.1941041	0.4197782
2	10	1.120904	0.1941041	0.4197782
2	11	1.120904	0.1941041	0.4197782
2	12	1.120904	0.1941041	0.4197782
2	13	1.120904	0.1941041	0.4197782
2	14	1.120904	0.1941041	0.4197782
2	15	1.120904	0.1941041	0.4197782
2	16	1.120904	0.1941041	0.4197782
2	17	1.120904	0.1941041	0.4197782
2	18	1.120904	0.1941041	0.4197782
2	19	1.120904	0.1941041	0.4197782
2	20	1.120904	0.1941041	0.4197782
2	21	1.120904	0.1941041	0.4197782
2	22	1.120904	0.1941041	0.4197782
2	23	1.120904	0.1941041	0.4197782
2	24	1.120904	0.1941041	0.4197782
2	25	1.120904	0.1941041	0.4197782
2	26	1.120904	0.1941041	0.4197782
2	27	1.120904	0.1941041	0.4197782
2	28	1.120904	0.1941041	0.4197782
2	29	1.120904	0.1941041	0.4197782
2	30	1.120904	0.1941041	0.4197782
2	31	1.120904	0.1941041	0.4197782
2	32	1.120904	0.1941041	0.4197782
2	33	1.120904	0.1941041	0.4197782
2	34	1.120904	0.1941041	0.4197782
2	35	1.120904	0.1941041	0.4197782
2	36	1.120904	0.1941041	0.4197782
2	37	1.120904	0.1941041	0.4197782
2	38	1.120904	0.1941041	0.4197782
3	1	1.120904	0.1941041	0.4197782
3	2	1.120904	0.1941041	0.4197782
3	3	1.120904	0.1941041	0.4197782
3	4	1.120904	0.1941041	0.4197782
3	5	1.120904	0.1941041	0.4197782
3	6	1.120904	0.1941041	0.4197782
3	7	1.120904	0.1941041	0.4197782
3	8	1.120904	0.1941041	0.4197782
3	9	1.120904	0.1941041	0.4197782
3	10	1.120904	0.1941041	0.4197782
3	11	1.120904	0.1941041	0.4197782
3	12	1.120904	0.1941041	0.4197782
3	13	1.120904	0.1941041	0.4197782
3	14	1.120904	0.1941041	0.4197782
3	15	1.120904	0.1941041	0.4197782
3	16	1.120904	0.1941041	0.4197782
3	17	1.120904	0.1941041	0.4197782
3	18	1.120904	0.1941041	0.4197782
3	19	1.120904	0.1941041	0.4197782
3	20	1.120904	0.1941041	0.4197782
3	21	1.120904	0.1941041	0.4197782
3	22	1.120904	0.1941041	0.4197782
3	23	1.120904	0.1941041	0.4197782
3	24	1.120904	0.1941041	0.4197782
3	25	1.120904	0.1941041	0.4197782
3	26	1.120904	0.1941041	0.4197782
3	28	1.120904	0.1941041	0.4197782
3	29	1.120904	0.1941041	0.4197782
4	1	1.120904	0.1941041	0.4197782
4	2	1.120904	0.1941041	0.4197782
4	3	1.120904	0.1941041	0.4197782
4	4	1.120904	0.1941041	0.4197782
4	5	1.120904	0.1941041	0.4197782
4	6	1.120904	0.1941041	0.4197782
4	7	1.120904	0.1941041	0.4197782
4	8	1.120904	0.1941041	0.4197782
4	9	1.120904	0.1941041	0.4197782
4	10	1.120904	0.1941041	0.4197782
4	11	1.120904	0.1941041	0.4197782
4	12	1.120904	0.1941041	0.4197782
4	13	1.120904	0.1941041	0.4197782
4	14	1.120904	0.1941041	0.4197782
4	15	1.120904	0.1941041	0.4197782
4	16	1.120904	0.1941041	0.4197782
4	17	1.120904	0.1941041	0.4197782
4	18	1.120904	0.1941041	0.4197782
4	19	1.120904	0.1941041	0.4197782
4	20	1.120904	0.1941041	0.4197782
4	21	1.120904	0.1941041	0.4197782
4	22	1.120904	0.1941041	0.4197782
4	23	1.120904	0.1941041	0.4197782
4	24	1.120904	0.1941041	0.4197782
4	25	1.120904	0.1941041	0.4197782
4	26	1.120904	0.1941041	0.4197782
4	28	1.120904	0.1941041	0.4197782
4	29	1.120904	0.1941041	0.4197782
5	1	1.120904	0.1941041	0.4197782
5	2	1.120904	0.1941041	0.4197782
5	3	1.120904	0.1941041	0.4197782
5	4	1.120904	0.1941041	0.4197782
5	5	1.120904	0.1941041	0.4197782
5	6	1.120904	0.1941041	0.4197782
5	7	1.120904	0.1941041	0.4197782
5	8	1.120904	0.1941041	0.4197782
5	9	1.120904	0.1941041	0.4197782
5	10	1.120904	0.1941041	0.4197782
5	11	1.120904	0.1941041	0.4197782
5	12	1.120904	0.1941041	0.4197782
5	13	1.120904	0.1941041	0.4197782
5	14	1.120904	0.1941041	0.4197782
5	15	1.120904	0.1941041	0.4197782
5	16	1.120904	0.1941041	0.4197782
5	17	1.120904	0.1941041	0.4197782
5	18	1.120904	0.1941041	0.4197782
5	19	1.120904	0.1941041	0.4197782
5	20	1.120904	0.1941041	0.4197782
5	21	1.120904	0.1941041	0.4197782
5	22	1.120904	0.1941041	0.4197782
5	23	1.120904	0.1941041	0.4197782
5	24	1.120904	0.1941041	0.4197782
5	25	1.120904	0.1941041	0.4197782
5	26	1.120904	0.1941041	0.4197782
5	28	1.120904	0.1941041	0.4197782
5	29	1.120904	0.1941041	0.4197782
6	1	1.120904	0.1941041	0.4197782
6	2	1.120904	0.1941041	0.4197782
6	3	1.120904	0.1941041	0.4197782
6	4	1.120904	0.1941041	0.4197782
6	5	1.120904	0.1941041	0.4197782
6	6	1.120904	0.1941041	0.4197782
6	7	1.120904	0.1941041	0.4197782
6	8	1.120904	0.1941041	0.4197782
6	9	1.120904	0.1941041	0.4197782
6	10	1.120904	0.1941041	0.4197782
6	11	1.120904	0.1941041	0.4197782
6	12	1.120904	0.1941041	0.4197782
6	13	1.120904	0.1941041	0.4197782
6	14	1.120904	0.1941041	0.4197782
6	15	1.120904	0.1941041	0.4197782
6	16	1.120904	0.1941041	0.4197782
6	17	1.120904	0.1941041	0.4197782
6	18	1.120904	0.1941041	0.4197782
6	19	1.120904	0.1941041	0.4197782
6	20	1.120904	0.1941041	0.4197782
6	21	1.120904	0.1941041	0.4197782
6	22	1.120904	0.1941041	0.4197782
6	23	1.120904	0.1941041	0.4197782
6	24	1.120904	0.1941041	0.4197782
6	25	1.120904	0.1941041	0.4197782
6	26	1.120904	0.1941041	0.4197782
6	28	1.120904	0.1941041	0.4197782
6	29	1.120904	0.1941041	0.4197782
7	1	1.120904	0.1941041	0.4197782
7	2	1.120904	0.1941041	0.4197782
7	3	1.120904	0.1941041	0.4197782
7	4	1.120904	0.1941041	0.4197782
7	5	1.120904	0.1941041	0.4197782
7	6	1.120904	0.1941041	0.4197782
7	7	1.120904	0.1941041	0.4197782
7	8	1.120904	0.1941041	0.4197782
7	9	1.120904	0.1941041	0.4197782
7	10	1.120904	0.1941041	0.4197782
7	11	1.120904	0.1941041	0.4197782
7	12	1.120904	0.1941041	0.4197782
7	13	1.120904	0.1941041	0.4197782
7	14	1.120904	0.1941041	0.4197782
7	15	1.120904	0.1941041	0.4197782
7	16	1.120904	0.1941041	0.4197782
7	17	1.120904	0.1941041	0.4197782
7	18	1.120904	0.1941041	0.4197782
7	19	1.120904	0.1941041	0.4197782
7	20	1.120904	0.1941041	0.4197782
7	21	1.120904	0.1941041	0.4197782
7	22	1.120904	0.1941041	0.4197782
7	23	1.120904	0.1941041	0.4197782
7	24	1.120904	0.1941041	0.4197782
7	25	1.120904	0.1941041	0.4197782
7	26	1.120904	0.1941041	0.4197782
7	27	1.120904	0.1941041	0.4197782
7	28	1.120904	0.1941041	0.4197782
7	29	1.120904	0.1941041	0.4197782
8	1	1.120904	0.1941041	0.4197782
8	2	1.120904	0.1941041	0.4197782
8	3	1.120904	0.1941041	0.4197782
8	4	1.120904	0.1941041	0.4197782
8	5	1.120904	0.1941041	0.4197782
8	6	1.120904	0.1941041	0.4197782
8	7	1.120904	0.1941041	0.4197782
8	8	1.120904	0.1941041	0.4197782
8	9	1.120904	0.1941041	0.4197782
8	10	1.120904	0.1941041	0.4197782
8	11	1.120904	0.1941041	0.4197782
8	12	1.120904	0.1941041	0.4197782
8	13	1.120904	0.1941041	0.4197782
8	14	1.120904	0.1941041	0.4197782
8	15	1.120904	0.1941041	0.4197782
8	16	1.120904	0.1941041	0.4197782
8	17	1.120904	0.1941041	0.4197782
8	18	1.120904	0.1941041	0.4197782
8	19	1.120904	0.1941041	0.4197782
8	20	1.120904	0.1941041	0.4197782
8	21	1.120904	0.1941041	0.4197782
8	22	1.120904	0.1941041	0.4197782
8	23	1.120904	0.1941041	0.4197782
8	24	1.120904	0.1941041	0.4197782
8	25	1.120904	0.1941041	0.4197782
8	26	1.120904	0.1941041	0.4197782
8	27	1.120904	0.1941041	0.4197782
8	28	1.120904	0.1941041	0.4197782
8	29	1.120904	0.1941041	0.4197782
9	1	1.120904	0.1941041	0.4197782
9	2	1.120904	0.1941041	0.4197782
9	3	1.120904	0.1941041	0.4197782
9	4	1.120904	0.1941041	0.4197782
9	5	1.120904	0.1941041	0.4197782
9	6	1.120904	0.1941041	0.4197782
9	7	1.120904	0.1941041	0.4197782
9	8	1.120904	0.1941041	0.4197782
9	9	1.120904	0.1941041	0.4197782
9	10	1.120904	0.1941041	0.4197782
9	11	1.120904	0.1941041	0.4197782
9	12	1.120904	0.1941041	0.4197782
9	13	1.120904	0.1941041	0.4197782
9	14	1.120904	0.1941041	0.4197782
9	15	1.120904	0.1941041	0.4197782
9	16	1.120904	0.1941041	0.4197782
9	17	1.120904	0.1941041	0.4197782
9	18	1.120904	0.1941041	0.4197782
9	19	1.120904	0.1941041	0.4197782
9	20	1.120904	0.1941041	0.4197782
9	21	1.120904	0.1941041	0.4197782
9	22	1.120904	0.1941041	0.4197782
9	23	1.120904	0.1941041	0.4197782
9	24	1.120904	0.1941041	0.4197782
9	25	1.120904	0.1941041	0.4197782
9	26	1.120904	0.1941041	0.4197782
9	27	1.120904	0.1941041	0.4197782
9	28	1.120904	0.1941041	0.4197782
9	29	1.120904	0.1941041	0.4197782
10	1	1.120904	0.1941041	0.4197782
10	2	1.120904	0.1941041	0.4197782
10	3	1.120904	0.1941041	0.4197782
10	4	1.120904	0.1941041	0.4197782
10	5	1.120904	0.1941041	0.4197782
10	6	1.120904	0.1941041	0.4197782
10	7	1.120904	0.1941041	0.4197782
10	8	1.120904	0.1941041	0.4197782
10	9	1.120904	0.1941041	0.4197782
10	10	1.120904	0.1941041	0.4197782
10	11	1.120904	0.1941041	0.4197782
10	12	1.120904	0.1941041	0.4197782
10	13	1.120904	0.1941041	0.4197782
10	14	1.120904	0.1941041	0.4197782
10	15	1.120904	0.1941041	0.4197782
10	16	1.120904	0.1941041	0.4197782
10	17	1.120904	0.1941041	0.4197782
10	18	1.120904	0.1941041	0.4197782
10	19	1.120904	0.1941041	0.4197782
10	20	1.120904	0.1941041	0.4197782
10	21	1.120904	0.1941041	0.4197782
10	22	1.120904	0.1941041	0.4197782
10	23	1.120904	0.1941041	0.4197782
10	24	1.120904	0.1941041	0.4197782
10	25	1.120904	0.1941041	0.4197782
10	26	1.120904	0.1941041	0.4197782
10	27	1.120904	0.1941041	0.4197782
10	28	1.120904	0.1941041	0.4197782
10	29	1.120904	0.1941041	0.4197782
11	1	1.120904	0.1941041	0.4197782
11	2	1.120904	0.1941041	0.4197782
11	3	1.120904	0.1941041	0.4197782
11	4	1.120904	0.1941041	0.4197782
11	5	1.120904	0.1941041	0.4197782
11	6	1.120904	0.1941041	0.4197782
11	7	1.120904	0.1941041	0.4197782
11	8	1.120904	0.1941041	0.4197782
11	9	1.120904	0.1941041	0.4197782
11	10	1.120904	0.1941041	0.4197782
11	11	1.120904	0.1941041	0.4197782
11	12	1.120904	0.1941041	0.4197782
11	13	1.120904	0.1941041	0.4197782
11	14	1.120904	0.1941041	0.4197782
11	15	1.120904	0.1941041	0.4197782
11	16	1.120904	0.1941041	0.4197782
11	17	1.120904	0.1941041	0.4197782
11	18	1.120904	0.1941041	0.4197782
11	19	1.120904	0.1941041	0.4197782
11	20	1.120904	0.1941041	0.4197782
11	21	1.120904	0.1941041	0.4197782
11	22	1.120904	0.1941041	0.4197782
11	23	1.120904	0.1941041	0.4197782
11	24	1.120904	0.1941041	0.4197782
11	25	1.120904	0.1941041	0.4197782
11	26	1.120904	0.1941041	0.4197782
11	27	1.120904	0.1941041	0.4197782
11	28	1.120904	0.1941041	0.4197782
11	29	1.120904	0.1941041	0.4197782
12	1	1.120904	0.1941041	0.4197782
12	2	1.120904	0.1941041	0.4197782
12	3	1.120904	0.1941041	0.4197782
12	4	1.120904	0.1941041	0.4197782
12	5	1.120904	0.1941041	0.4197782
12	6	1.120904	0.1941041	0.4197782
12	7	1.120904	0.1941041	0.4197782
12	8	1.120904	0.1941041	0.4197782
12	9	1.120904	0.1941041	0.4197782
12	10	1.120904	0.1941041	0.4197782
12	11	1.120904	0.1941041	0.4197782
12	12	1.120904	0.1941041	0.4197782
12	13	1.120904	0.1941041	0.4197782
12	14	1.120904	0.1941041	0.4197782
12	15	1.120904	0.1941041	0.4197782
12	16	1.120904	0.1941041	0.4197782
12	17	1.120904	0.1941041	0.4197782
12	18	1.120904	0.1941041	0.4197782
12	19	1.120904	0.1941041	0.4197782
12	20	1.120904	0.1941041	0.4197782
12	21	1.120904	0.1941041	0.4197782
12	22	1.120904	0.1941041	0.4197782
12	23	1.120904	0.1941041	0.4197782
12	24	1.120904	0.1941041	0.4197782
12	25	1.120904	0.1941041	0.4197782
12	26	1.120904	0.1941041	0.4197782
12	27	1.120904	0.1941041	0.4197782
12	28	1.120904	0.1941041	0.4197782
12	29	1.120904	0.1941041	0.4197782
13	1	1.120904	0.1941041	0.4197782
13	2	1.120904	0.1941041	0.4197782
13	3	1.120904	0.1941041	0.4197782
13	4	1.120904	0.1941041	0.4197782
13	5	1.120904	0.1941041	0.4197782
13	6	1.120904	0.1941041	0.4197782
13	7	1.120904	0.1941041	0.4197782
13	8	1.120904	0.1941041	0.4197782
13	9	1.120904	0.1941041	0.4197782
13	10	1.120904	0.1941041	0.4197782
13	11	1.120904	0.1941041	0.4197782
13	12	1.120904	0.1941041	0.4197782
13	13	1.120904	0.1941041	0.4197782
13	14	1.120904	0.1941041	0.4197782
13	15	1.120904	0.1941041	0.4197782
13	16	1.120904	0.1941041	0.4197782
13	17	1.120904	0.1941041	0.4197782
13	18	1.120904	0.1941041	0.4197782
13	19	1.120904	0.1941041	0.4197782
13	20	1.120904	0.1941041	0.4197782
13	21	1.120904	0.1941041	0.4197782
13	22	1.120904	0.1941041	0.4197782
13	23	1.120904	0.1941041	0.4197782
13	24	1.120904	0.1941041	0.4197782
13	25	1.120904	0.1941041	0.4197782
13	26	1.120904	0.1941041	0.4197782
13	27	1.120904	0.1941041	0.4197782
13	28	1.120904	0.1941041	0.4197782
13	29	1.120904	0.1941041	0.4197782
14	1	1.120904	0.1941041	0.4197782
14	2	1.120904	0.1941041	0.4197782
14	3	1.120904	0.1941041	0.4197782
14	4	1.120904	0.1941041	0.4197782
14	5	1.120904	0.1941041	0.4197782
14	6	1.120904	0.1941041	0.4197782
14	7	1.120904	0.1941041	0.4197782
14	8	1.120904	0.1941041	0.4197782
14	9	1.120904	0.1941041	0.4197782
14	10	1.120904	0.1941041	0.4197782
14	11	1.120904	0.1941041	0.4197782
14	12	1.120904	0.1941041	0.4197782
14	13	1.120904	0.1941041	0.4197782
14	14	1.120904	0.1941041	0.4197782
14	15	1.120904	0.1941041	0.4197782
14	16	1.120904	0.1941041	0.4197782
14	17	1.120904	0.1941041	0.4197782
14	18	1.120904	0.1941041	0.4197782
14	19	1.120904	0.1941041	0.4197782
14	20	1.120904	0.1941041	0.4197782
14	21	1.120904	0.1941041	0.4197782
14	22	1.120904	0.1941041	0.4197782
14	23	1.120904	0.1941041	0.4197782
14	24	1.120904	0.1941041	0.4197782
14	25	1.120904	0.1941041	0.4197782
14	26	1.120904	0.1941041	0.4197782
14	27	1.120904	0.1941041	0.4197782
14	28	1.120904	0.1941041	0.4197782
14	29	1.120904	0.1941041	0.4197782
15	1	1.120904	0.1941041	0.4197782
15	2	1.120904	0.1941041	0.4197782
15	3	1.120904	0.1941041	0.4197782
15	4	1.120904	0.1941041	0.4197782
15	5	1.120904	0.1941041	0.4197782
15	6	1.120904	0.1941041	0.4197782
15	7	1.120904	0.1941041	0.4197782
15	8	1.120904	0.1941041	0.4197782
15	9	1.120904	0.1941041	0.4197782
15	10	1.120904	0.1941041	0.4197782
15	11	1.120904	0.1941041	0.4197782
15	12	1.120904	0.1941041	0.4197782
15	13	1.120904	0.1941041	0.4197782
15	14	1.120904	0.1941041	0.4197782
15	15	1.120904	0.1941041	0.4197782
15	16	1.120904	0.1941041	0.4197782
15	17	1.120904	0.1941041	0.4197782
15	18	1.120904	0.1941041	0.4197782
15	19	1.120904	0.1941041	0.4197782
15	20	1.120904	0.1941041	0.4197782
15	21	1.120904	0.1941041	0.4197782
15	22	1.120904	0.1941041	0.4197782
15	23	1.120904	0.1941041	0.4197782
15	24	1.120904	0.1941041	0.4197782
15	25	1.120904	0.1941041	0.4197782
15	26	1.120904	0.1941041	0.4197782
15	27	1.120904	0.1941041	0.4197782
15	28	1.120904	0.1941041	0.4197782
15	29	1.120904	0.1941041	0.4197782
16	1	0.5668687	0.3001592	1.001484
16	2	0.5668688	0.3001592	1.001484
16	3	0.5668687	0.3001592	1.001484
16	4	0.5668687	0.3001592	1.001484
16	5	0.5668687	0.3001592	1.001484
16	6	0.5668687	0.3001592	1.001484
16	7	0.5668687	0.3001592	1.001484
16	8	0.5668687	0.3001592	1.001484
16	9	0.5668687	0.3001592	1.001484
16	10	0.5668687	0.3001592	1.001484
16	11	0.5668687	0.3001592	1.001484
16	12	0.5668687	0.3001592	1.001484
16	13	0.5668687	0.3001592	1.001484
16	14	0.5668687	0.3001592	1.001484
16	15	0.5668687	0.3001592	1.001484
16	16	0.5668687	0.3001592	1.001484
16	17	0.5668687	0.3001592	1.001484
16	18	0.5668687	0.3001592	1.001484
16	19	0.5668687	0.3001592	1.001484
16	20	0.5668687	0.3001592	1.001484
16	21	0.5668687	0.3001592	1.001484
16	22	0.5668687	0.3001592	1.001484
16	23	0.5668687	0.3001592	1.001484
16	24	0.5668687	0.3001592	1.001484
16	25	0.5668687	0.3001592	1.001484
16	26	0.199584	0.502029	0.0833838
16	27	0.199584	0.502029	0.0833838
16	28	0.199584	0.502029	0.0833838
16	29	0.199584	0.502029	0.0833838
17	26	1.120904	0.1941041	0.4197782
17	27	1.120904	0.1941041	0.4197782
17	28	1.120904	0.1941041	0.4197782
17	29	1.120904	0.1941041	0.4197782
18	26	1.120904	0.1941041	0.4197782
18	27	1.120904	0.1941041	0.4197782
18	28	1.120904	0.1941041	0.4197782
18	29	1.120904	0.1941041	0.4197782
19	1	-0.1267735	0.5672956	0.3983521
19	2	-0.1267735	0.5672956	0.3983521
19	3	-0.1267735	0.5672956	0.3983521
19	4	-0.1267735	0.5672956	0.3983521
19	5	-0.1267735	0.5672956	0.3983521
19	6	-0.1267735	0.5672956	0.3983521
19	7	-0.1267735	0.5672956	0.3983521
19	8	-0.1267735	0.5672956	0.3983521
19	9	-0.1267735	0.5672956	0.3983521
19	10	-0.1267735	0.5672956	0.3983521
19	11	-0.1267735	0.5672956	0.3983521
19	12	-0.1267735	0.5672956	0.3983521
19	13	-0.1267735	0.5672956	0.3983521
19	14	-0.1267735	0.5672956	0.3983521
19	15	-0.1267735	0.5672956	0.3983521
19	16	-0.1267735	0.5672956	0.3983521
19	17	-0.1267735	0.5672956	0.3983521
19	18	-0.1267735	0.5672956	0.3983521
19	19	-0.1267735	0.5672956	0.3983521
19	20	-0.1267735	0.5672956	0.3983521
19	21	-0.1267735	0.5672956	0.3983521
19	22	-0.1267735	0.5672956	0.3983521
19	23	-0.1267735	0.5672956	0.3983521
19	24	-0.1267735	0.5672956	0.3983521
19	25	-0.1267735	0.5672956	0.3983521
19	26	1.349023	0.1258718	0.4236956
19	27	1.349023	0.1258718	0.4236956
19	28	1.349023	0.1258718	0.4236956
19	29	1.349023	0.1258718	0.4236956
20	1	-0.1267735	0.5672956	0.3983521
20	2	-0.1267735	0.5672956	0.3983521
20	3	-0.1267735	0.5672956	0.3983521
20	4	-0.1267735	0.5672956	0.3983521
20	5	-0.1267735	0.5672956	0.3983521
20	6	-0.1267735	0.5672956	0.3983521
20	7	-0.1267735	0.5672956	0.3983521
20	8	-0.1267735	0.5672956	0.3983521
20	9	-0.1267735	0.5672956	0.3983521
20	10	-0.1267735	0.5672956	0.3983521
20	11	-0.1267735	0.5672956	0.3983521
20	12	-0.1267735	0.5672956	0.3983521
20	13	-0.1267735	0.5672956	0.3983521
20	14	-0.1267735	0.5672956	0.3983521
20	15	-0.1267735	0.5672956	0.3983521
20	16	-0.1267735	0.5672956	0.3983521
20	17	-0.1267735	0.5672956	0.3983521
20	18	-0.1267735	0.5672956	0.3983521
20	19	-0.1267735	0.5672956	0.3983521
20	20	-0.1267735	0.5672956	0.3983521
20	21	-0.1267735	0.5672956	0.3983521
20	22	-0.1267735	0.5672956	0.3983521
20	23	-0.1267735	0.5672956	0.3983521
20	24	-0.1267735	0.5672956	0.3983521
20	25	-0.1267735	0.5672956	0.3983521
20	26	1.349023	0.1258718	0.4236956
20	27	1.349023	0.1258718	0.4236956
20	28	1.349023	0.1258718	0.4236956
20	29	1.349023	0.1258718	0.4236956
21	1	-0.1267735	0.5672956	0.3983521
21	2	-0.1267735	0.5672956	0.3983521
21	3	-0.1267735	0.5672956	0.3983521
21	4	-0.1267735	0.5672956	0.3983521
21	5	-0.1267735	0.5672956	0.3983521
21	6	-0.1267735	0.5672956	0.3983521
21	7	-0.1267735	0.5672956	0.3983521
21	8	-0.1267735	0.5672956	0.3983521
21	9	-0.1267735	0.5672956	0.3983521
21	10	-0.1267735	0.5672956	0.3983521
21	11	-0.1267735	0.5672956	0.3983521
21	12	-0.1267735	0.5672956	0.3983521
21	13	-0.1267735	0.5672956	0.3983521
21	14	-0.1267735	0.5672956	0.3983521
21	15	-0.1267735	0.5672956	0.3983521
21	16	-0.1267735	0.5672956	0.3983521
21	17	-0.1267735	0.5672956	0.3983521
21	18	-0.1267735	0.5672956	0.3983521
21	19	-0.1267735	0.5672956	0.3983521
21	20	-0.1267735	0.5672956	0.3983521
21	21	-0.1267735	0.5672956	0.3983521
21	22	-0.1267735	0.5672956	0.3983521
21	23	-0.1267735	0.5672956	0.3983521
21	24	-0.1267735	0.5672956	0.3983521
21	25	-0.1267735	0.5672956	0.3983521
21	26	1.349023	0.1258718	0.4236956
21	27	1.349023	0.1258718	0.4236956
21	28	1.349023	0.1258718	0.4236956
21	29	1.349023	0.1258718	0.4236956
22	1	-0.1267735	0.5672956	0.3983521
22	2	-0.1267735	0.5672956	0.3983521
22	3	-0.1267735	0.5672956	0.3983521
22	4	-0.1267735	0.5672956	0.3983521
22	5	-0.1267735	0.5672956	0.3983521
22	6	-0.1267735	0.5672956	0.3983521
22	7	-0.1267735	0.5672956	0.3983521
22	8	-0.1267735	0.5672956	0.3983521
22	9	-0.1267735	0.5672956	0.3983521
22	10	-0.1267735	0.5672956	0.3983521
22	11	-0.1267735	0.5672956	0.3983521
22	12	-0.1267735	0.5672956	0.3983521
22	13	-0.1267735	0.5672956	0.3983521
22	14	-0.1267735	0.5672956	0.3983521
22	15	-0.1267735	0.5672956	0.3983521
22	16	-0.1267735	0.5672956	0.3983521
22	17	-0.1267735	0.5672956	0.3983521
22	18	-0.1267735	0.5672956	0.3983521
22	19	-0.1267735	0.5672956	0.3983521
22	20	-0.1267735	0.5672956	0.3983521
22	21	-0.1267735	0.5672956	0.3983521
22	22	-0.1267735	0.5672956	0.3983521
22	23	-0.1267735	0.5672956	0.3983521
22	24	-0.1267735	0.5672956	0.3983521
22	25	-0.1267735	0.5672956	0.3983521
22	26	1.349023	0.1258718	0.4236956
22	27	1.349023	0.1258718	0.4236956
22	28	1.349023	0.1258718	0.4236956
22	29	1.349023	0.1258718	0.4236956
23	1	-0.1267735	0.5672956	0.3983521
23	2	-0.1267735	0.5672956	0.3983521
23	3	-0.1267735	0.5672956	0.3983521
23	4	-0.1267735	0.5672956	0.3983521
23	5	-0.1267735	0.5672956	0.3983521
23	6	-0.1267735	0.5672956	0.3983521
23	7	-0.1267735	0.5672956	0.3983521
23	8	-0.1267735	0.5672956	0.3983521
23	9	-0.1267735	0.5672956	0.3983521
23	10	-0.1267735	0.5672956	0.3983521
23	11	-0.1267735	0.5672956	0.3983521
23	12	-0.1267735	0.5672956	0.3983521
23	13	-0.1267735	0.5672956	0.3983521
23	14	-0.1267735	0.5672956	0.3983521
23	15	-0.1267735	0.5672956	0.3983521
23	16	-0.1267735	0.5672956	0.3983521
23	17	-0.1267735	0.5672956	0.3983521
23	18	-0.1267735	0.5672956	0.3983521
23	19	-0.1267735	0.5672956	0.3983521
23	20	-0.1267735	0.5672956	0.3983521
23	21	-0.1267735	0.5672956	0.3983521
23	22	-0.1267735	0.5672956	0.3983521
23	23	-0.1267735	0.5672956	0.3983521
23	24	-0.1267735	0.5672956	0.3983521
23	25	-0.1267735	0.5672956	0.3983521
23	26	1.349023	0.1258718	0.4236956
23	27	1.349023	0.1258718	0.4236956
23	28	1.349023	0.1258718	0.4236956
23	29	1.349023	0.1258718	0.4236956
24	1	-0.1267735	0.5672956	0.3983521
24	2	-0.1267735	0.5672956	0.3983521
24	3	-0.1267735	0.5672956	0.3983521
24	4	-0.1267735	0.5672956	0.3983521
24	5	-0.1267735	0.5672956	0.3983521
24	6	-0.1267735	0.5672956	0.3983521
24	7	-0.1267735	0.5672956	0.3983521
24	8	-0.1267735	0.5672956	0.3983521
24	9	-0.1267735	0.5672956	0.3983521
24	10	-0.1267735	0.5672956	0.3983521
24	11	-0.1267735	0.5672956	0.3983521
24	12	-0.1267735	0.5672956	0.3983521
24	13	-0.1267735	0.5672956	0.3983521
24	14	-0.1267735	0.5672956	0.3983521
24	15	-0.1267735	0.5672956	0.3983521
24	16	-0.1267735	0.5672956	0.3983521
24	17	-0.1267735	0.5672956	0.3983521
24	18	-0.1267735	0.5672956	0.3983521
24	19	-0.1267735	0.5672956	0.3983521
24	20	-0.1267735	0.5672956	0.3983521
24	21	-0.1267735	0.5672956	0.3983521
24	22	-0.1267735	0.5672956	0.3983521
24	23	-0.1267735	0.5672956	0.3983521
24	24	-0.1267735	0.5672956	0.3983521
24	25	-0.1267735	0.5672956	0.3983521
24	26	1.349023	0.1258718	0.4236956
24	27	1.349023	0.1258718	0.4236956
24	28	1.349023	0.1258718	0.4236956
24	29	1.349023	0.1258718	0.4236956
25	1	-0.1267735	0.5672956	0.3983521
25	2	-0.1267735	0.5672956	0.3983521
25	3	-0.1267735	0.5672956	0.3983521
25	4	-0.1267735	0.5672956	0.3983521
25	5	-0.1267735	0.5672956	0.3983521
25	6	-0.1267735	0.5672956	0.3983521
25	7	-0.1267735	0.5672956	0.3983521
25	8	-0.1267735	0.5672956	0.3983521
25	9	-0.1267735	0.5672956	0.3983521
25	10	-0.1267735	0.5672956	0.3983521
25	11	-0.1267735	0.5672956	0.3983521
25	12	-0.1267735	0.5672956	0.3983521
25	13	-0.1267735	0.5672956	0.3983521
25	14	-0.1267735	0.5672956	0.3983521
25	15	-0.1267735	0.5672956	0.3983521
25	16	-0.1267735	0.5672956	0.3983521
25	17	-0.1267735	0.5672956	0.3983521
25	18	-0.1267735	0.5672956	0.3983521
25	19	-0.1267735	0.5672956	0.3983521
25	20	-0.1267735	0.5672956	0.3983521
25	21	-0.1267735	0.5672956	0.3983521
25	22	-0.1267735	0.5672956	0.3983521
25	23	-0.1267735	0.5672956	0.3983521
25	24	-0.1267735	0.5672956	0.3983521
25	25	-0.1267735	0.5672956	0.3983521
25	26	1.349023	0.1258718	0.4236956
25	27	1.349023	0.1258718	0.4236956
25	28	1.349023	0.1258718	0.4236956
25	29	1.349023	0.1258718	0.4236956
26	1	-0.1267735	0.5672956	0.3983521
26	2	-0.1267735	0.5672956	0.3983521
26	3	-0.1267735	0.5672956	0.3983521
26	4	-0.1267735	0.5672956	0.3983521
26	5	-0.1267735	0.5672956	0.3983521
26	6	-0.1267735	0.5672956	0.3983521
26	7	-0.1267735	0.5672956	0.3983521
26	8	-0.1267735	0.5672956	0.3983521
26	9	-0.1267735	0.5672956	0.3983521
26	10	-0.1267735	0.5672956	0.3983521
26	11	-0.1267735	0.5672956	0.3983521
26	12	-0.1267735	0.5672956	0.3983521
26	13	-0.1267735	0.5672956	0.3983521
26	14	-0.1267735	0.5672956	0.3983521
26	15	-0.1267735	0.5672956	0.3983521
26	16	-0.1267735	0.5672956	0.3983521
26	17	-0.1267735	0.5672956	0.3983521
26	18	-0.1267735	0.5672956	0.3983521
26	19	-0.1267735	0.5672956	0.3983521
26	20	-0.1267735	0.5672956	0.3983521
26	21	-0.1267735	0.5672956	0.3983521
26	22	-0.1267735	0.5672956	0.3983521
26	23	-0.1267735	0.5672956	0.3983521
26	24	-0.1267735	0.5672956	0.3983521
26	25	-0.1267735	0.5672956	0.3983521
26	26	1.349023	0.1258718	0.4236956
26	27	1.349023	0.1258718	0.4236956
26	28	1.349023	0.1258718	0.4236956
26	29	1.349023	0.1258718	0.4236956
27	1	-0.1267735	0.5672956	0.3983521
27	2	-0.1267735	0.5672956	0.3983521
27	3	-0.1267735	0.5672956	0.3983521
27	4	-0.1267735	0.5672956	0.3983521
27	5	-0.1267735	0.5672956	0.3983521
27	6	-0.1267735	0.5672956	0.3983521
27	7	-0.1267735	0.5672956	0.3983521
27	8	-0.1267735	0.5672956	0.3983521
27	9	-0.1267735	0.5672956	0.3983521
27	10	-0.1267735	0.5672956	0.3983521
27	11	-0.1267735	0.5672956	0.3983521
27	12	-0.1267735	0.5672956	0.3983521
27	13	-0.1267735	0.5672956	0.3983521
27	14	-0.1267735	0.5672956	0.3983521
27	15	-0.1267735	0.5672956	0.3983521
27	16	-0.1267735	0.5672956	0.3983521
27	17	-0.1267735	0.5672956	0.3983521
27	18	-0.1267735	0.5672956	0.3983521
27	19	-0.1267735	0.5672956	0.3983521
27	20	-0.1267735	0.5672956	0.3983521
27	21	-0.1267735	0.5672956	0.3983521
27	22	-0.1267735	0.5672956	0.3983521
27	23	-0.1267735	0.5672956	0.3983521
27	24	-0.1267735	0.5672956	0.3983521
27	25	-0.1267735	0.5672956	0.3983521
27	26	1.349023	0.1258718	0.4236956
27	27	1.349023	0.1258718	0.4236956
27	28	1.349023	0.1258718	0.4236956
27	29	1.349023	0.1258718	0.4236956
28	1	-0.1267735	0.5672956	0.3983521
28	2	-0.1267735	0.5672956	0.3983521
28	3	-0.1267735	0.5672956	0.3983521
28	4	-0.1267735	0.5672956	0.3983521
28	5	-0.1267735	0.5672956	0.3983521
28	6	-0.1267735	0.5672956	0.3983521
28	7	-0.1267735	0.5672956	0.3983521
28	8	-0.1267735	0.5672956	0.3983521
28	9	-0.1267735	0.5672956	0.3983521
28	10	-0.1267735	0.5672956	0.3983521
28	11	-0.1267735	0.5672956	0.3983521
28	12	-0.1267735	0.5672956	0.3983521
28	13	-0.1267735	0.5672956	0.3983521
28	14	-0.1267735	0.5672956	0.3983521
28	15	-0.1267735	0.5672956	0.3983521
28	16	-0.1267735	0.5672956	0.3983521
28	17	-0.1267735	0.5672956	0.3983521
28	18	-0.1267735	0.5672956	0.3983521
28	19	-0.1267735	0.5672956	0.3983521
28	20	-0.1267735	0.5672956	0.3983521
28	21	-0.1267735	0.5672956	0.3983521
28	22	-0.1267735	0.5672956	0.3983521
28	23	-0.1267735	0.5672956	0.3983521
28	24	-0.1267735	0.5672956	0.3983521
28	25	-0.1267735	0.5672956	0.3983521
28	26	1.349023	0.1258718	0.4236956
28	27	1.349023	0.1258718	0.4236956
28	28	1.349023	0.1258718	0.4236956
28	29	1.349023	0.1258718	0.4236956
29	1	-0.1267735	0.5672956	0.3983521
29	2	-0.1267735	0.5672956	0.3983521
29	3	-0.1267735	0.5672956	0.3983521
29	4	-0.1267735	0.5672956	0.3983521
29	5	-0.1267735	0.5672956	0.3983521
29	6	-0.1267735	0.5672956	0.3983521
29	7	-0.1267735	0.5672956	0.3983521
29	8	-0.1267735	0.5672956	0.3983521
29	9	-0.1267735	0.5672956	0.3983521
29	10	-0.1267735	0.5672956	0.3983521
29	11	-0.1267735	0.5672956	0.3983521
29	12	-0.1267735	0.5672956	0.3983521
29	13	-0.1267735	0.5672956	0.3983521
29	14	-0.1267735	0.5672956	0.3983521
29	15	-0.1267735	0.5672956	0.3983521
29	16	-0.1267735	0.5672956	0.3983521
29	17	-0.1267735	0.5672956	0.3983521
29	18	-0.1267735	0.5672956	0.3983521
29	19	-0.1267735	0.5672956	0.3983521
29	20	-0.1267735	0.5672956	0.3983521
29	21	-0.1267735	0.5672956	0.3983521
29	22	-0.1267735	0.5672956	0.3983521
29	23	-0.1267735	0.5672956	0.3983521
29	24	-0.1267735	0.5672956	0.3983521
29	25	-0.1267735	0.5672956	0.3983521
29	26	1.349023	0.1258718	0.4236956
29	27	1.349023	0.1258718	0.4236956
29	28	1.349023	0.1258718	0.4236956
29	29	1.349023	0.1258718	0.4236956
30	1	0.403354	0.3286483	1.201025
30	2	0.403354	0.3286483	1.201025
30	3	0.403354	0.3286483	1.201025
30	4	0.403354	0.3286483	1.201025
30	5	0.403354	0.3286483	1.201025
30	6	0.403354	0.3286483	1.201025
30	7	0.403354	0.3286483	1.201025
30	8	0.403354	0.3286483	1.201025
30	9	0.403354	0.3286483	1.201025
30	10	0.403354	0.3286483	1.201025
30	11	0.403354	0.3286483	1.201025
30	12	0.403354	0.3286483	1.201025
30	13	0.403354	0.3286483	1.201025
30	14	0.403354	0.3286483	1.201025
30	15	0.403354	0.3286483	1.201025
30	16	0.403354	0.3286483	1.201025
30	17	0.403354	0.3286483	1.201025
30	18	0.403354	0.3286483	1.201025
30	19	0.403354	0.3286483	1.201025
30	20	0.403354	0.3286483	1.201025
30	21	0.403354	0.3286483	1.201025
30	22	0.403354	0.3286483	1.201025
30	23	0.403354	0.3286483	1.201025
30	24	0.403354	0.3286483	1.201025
30	25	0.403354	0.3286483	1.201025
30	26	-0.2870925	0.5969791	0.5766388
30	27	-0.2870925	0.5969791	0.5766388
30	28	-0.2870925	0.5969791	0.5766388
30	29	-0.2870925	0.5969791	0.5766388
30	30	0.5085138	0.4196187	-0.01034025
30	31	0.5085138	0.4196187	-0.01034025
30	32	0.5085138	0.4196187	-0.01034025
30	33	0.5085138	0.4196187	-0.01034025
30	34	0.5085138	0.4196187	-0.01034025
30	35	0.5085138	0.4196187	-0.01034025
30	36	0.5085138	0.4196187	-0.01034025
30	37	0.5085138	0.4196187	-0.01034025
30	38	0.5085138	0.4196187	-0.01034025
31	1	0.403354	0.3286483	1.201025
31	2	0.403354	0.3286483	1.201025
31	3	0.403354	0.3286483	1.201025
31	4	0.403354	0.3286483	1.201025
31	5	0.403354	0.3286483	1.201025
31	6	0.403354	0.3286483	1.201025
31	7	0.403354	0.3286483	1.201025
31	8	0.403354	0.3286483	1.201025
31	9	0.403354	0.3286483	1.201025
31	10	0.403354	0.3286483	1.201025
31	11	0.403354	0.3286483	1.201025
31	12	0.403354	0.3286483	1.201025
31	13	0.403354	0.3286483	1.201025
31	14	0.403354	0.3286483	1.201025
31	15	0.403354	0.3286483	1.201025
31	16	0.403354	0.3286483	1.201025
31	17	0.403354	0.3286483	1.201025
31	18	0.403354	0.3286483	1.201025
31	19	0.403354	0.3286483	1.201025
31	20	0.403354	0.3286483	1.201025
31	21	0.403354	0.3286483	1.201025
31	22	0.403354	0.3286483	1.201025
31	23	0.403354	0.3286483	1.201025
31	24	0.403354	0.3286483	1.201025
31	25	0.403354	0.3286483	1.201025
31	26	-0.2870925	0.5969791	0.5766388
31	27	-0.2870925	0.5969791	0.5766388
31	28	-0.2870925	0.5969791	0.5766388
31	29	-0.2870925	0.5969791	0.5766388
31	30	0.5085138	0.4196187	-0.01034025
31	31	0.5085138	0.4196187	-0.01034025
31	32	0.5085138	0.4196187	-0.01034025
31	33	0.5085138	0.4196187	-0.01034025
31	34	0.5085138	0.4196187	-0.01034025
31	35	0.5085138	0.4196187	-0.01034025
31	36	0.5085138	0.4196187	-0.01034025
31	37	0.5085138	0.4196187	-0.01034025
31	38	0.5085138	0.4196187	-0.01034025
32	1	0.403354	0.3286483	1.201025
32	2	0.403354	0.3286483	1.201025
32	3	0.403354	0.3286483	1.201025
32	4	0.403354	0.3286483	1.201025
32	5	0.403354	0.3286483	1.201025
32	6	0.403354	0.3286483	1.201025
32	7	0.403354	0.3286483	1.201025
32	8	0.403354	0.3286483	1.201025
32	9	0.403354	0.3286483	1.201025
32	10	0.403354	0.3286483	1.201025
32	11	0.403354	0.3286483	1.201025
32	12	0.403354	0.3286483	1.201025
32	13	0.403354	0.3286483	1.201025
32	14	0.403354	0.3286483	1.201025
32	15	0.403354	0.3286483	1.201025
32	16	0.403354	0.3286483	1.201025
32	17	0.403354	0.3286483	1.201025
32	18	0.403354	0.3286483	1.201025
32	19	0.403354	0.3286483	1.201025
32	20	0.403354	0.3286483	1.201025
32	21	0.403354	0.3286483	1.201025
32	22	0.403354	0.3286483	1.201025
32	23	0.403354	0.3286483	1.201025
32	24	0.403354	0.3286483	1.201025
32	25	0.403354	0.3286483	1.201025
32	26	-0.2870925	0.5969791	0.5766388
32	27	-0.2870925	0.5969791	0.5766388
32	28	-0.2870925	0.5969791	0.5766388
32	29	-0.2870925	0.5969791	0.5766388
32	30	0.5085138	0.4196187	-0.01034025
32	31	0.5085138	0.4196187	-0.01034025
32	32	0.5085138	0.4196187	-0.01034025
32	33	0.5085138	0.4196187	-0.01034025
32	34	0.5085138	0.4196187	-0.01034025
32	35	0.5085138	0.4196187	-0.01034025
32	36	0.5085138	0.4196187	-0.01034025
32	37	0.5085138	0.4196187	-0.01034025
32	38	0.5085138	0.4196187	-0.01034025
33	1	0.403354	0.3286483	1.201025
33	2	0.403354	0.3286483	1.201025
33	3	0.403354	0.3286483	1.201025
33	4	0.403354	0.3286483	1.201025
33	5	0.403354	0.3286483	1.201025
33	6	0.403354	0.3286483	1.201025
33	7	0.403354	0.3286483	1.201025
33	8	0.403354	0.3286483	1.201025
33	9	0.403354	0.3286483	1.201025
33	10	0.403354	0.3286483	1.201025
33	11	0.403354	0.3286483	1.201025
33	12	0.403354	0.3286483	1.201025
33	13	0.403354	0.3286483	1.201025
33	14	0.403354	0.3286483	1.201025
33	15	0.403354	0.3286483	1.201025
33	16	0.403354	0.3286483	1.201025
33	17	0.403354	0.3286483	1.201025
33	18	0.403354	0.3286483	1.201025
33	19	0.403354	0.3286483	1.201025
33	20	0.403354	0.3286483	1.201025
33	21	0.403354	0.3286483	1.201025
33	22	0.403354	0.3286483	1.201025
33	23	0.403354	0.3286483	1.201025
33	24	0.403354	0.3286483	1.201025
33	25	0.403354	0.3286483	1.201025
33	26	-0.2870925	0.5969791	0.5766388
33	27	-0.2870925	0.5969791	0.5766388
33	28	-0.2870925	0.5969791	0.5766388
33	29	-0.2870925	0.5969791	0.5766388
33	30	0.5085138	0.4196187	-0.01034025
33	31	0.5085138	0.4196187	-0.01034025
33	32	0.5085138	0.4196187	-0.01034025
33	33	0.5085138	0.4196187	-0.01034025
33	34	0.5085138	0.4196187	-0.01034025
33	35	0.5085138	0.4196187	-0.01034025
33	36	0.5085138	0.4196187	-0.01034025
33	37	0.5085138	0.4196187	-0.01034025
33	38	0.5085138	0.4196187	-0.01034025
34	1	0.403354	0.3286483	1.201025
34	2	0.403354	0.3286483	1.201025
34	3	0.403354	0.3286483	1.201025
34	4	0.403354	0.3286483	1.201025
34	5	0.403354	0.3286483	1.201025
34	6	0.403354	0.3286483	1.201025
34	7	0.403354	0.3286483	1.201025
34	8	0.403354	0.3286483	1.201025
34	9	0.403354	0.3286483	1.201025
34	10	0.403354	0.3286483	1.201025
34	11	0.403354	0.3286483	1.201025
34	12	0.403354	0.3286483	1.201025
34	13	0.403354	0.3286483	1.201025
34	14	0.403354	0.3286483	1.201025
34	15	0.403354	0.3286483	1.201025
34	16	0.403354	0.3286483	1.201025
34	17	0.403354	0.3286483	1.201025
34	18	0.403354	0.3286483	1.201025
34	19	0.403354	0.3286483	1.201025
34	20	0.403354	0.3286483	1.201025
34	21	0.403354	0.3286483	1.201025
34	22	0.403354	0.3286483	1.201025
34	23	0.403354	0.3286483	1.201025
34	24	0.403354	0.3286483	1.201025
34	25	0.403354	0.3286483	1.201025
34	26	-0.2870925	0.5969791	0.5766388
34	27	-0.2870925	0.5969791	0.5766388
34	28	-0.2870925	0.5969791	0.5766388
34	29	-0.2870925	0.5969791	0.5766388
34	30	0.5085138	0.4196187	-0.01034025
34	31	0.5085138	0.4196187	-0.01034025
34	32	0.5085138	0.4196187	-0.01034025
34	33	0.5085138	0.4196187	-0.01034025
34	34	0.5085138	0.4196187	-0.01034025
34	35	0.5085138	0.4196187	-0.01034025
34	36	0.5085138	0.4196187	-0.01034025
34	37	0.5085138	0.4196187	-0.01034025
34	38	0.5085138	0.4196187	-0.01034025
35	1	0.403354	0.3286483	1.201025
35	2	0.403354	0.3286483	1.201025
35	3	0.403354	0.3286483	1.201025
35	4	0.403354	0.3286483	1.201025
35	5	0.403354	0.3286483	1.201025
35	6	0.403354	0.3286483	1.201025
35	7	0.403354	0.3286483	1.201025
35	8	0.403354	0.3286483	1.201025
35	9	0.403354	0.3286483	1.201025
35	10	0.403354	0.3286483	1.201025
35	11	0.403354	0.3286483	1.201025
35	12	0.403354	0.3286483	1.201025
35	13	0.403354	0.3286483	1.201025
35	14	0.403354	0.3286483	1.201025
35	15	0.403354	0.3286483	1.201025
35	16	0.403354	0.3286483	1.201025
35	17	0.403354	0.3286483	1.201025
35	18	0.403354	0.3286483	1.201025
35	19	0.403354	0.3286483	1.201025
35	20	0.403354	0.3286483	1.201025
35	21	0.403354	0.3286483	1.201025
35	22	0.403354	0.3286483	1.201025
35	23	0.403354	0.3286483	1.201025
35	24	0.403354	0.3286483	1.201025
35	25	0.403354	0.3286483	1.201025
35	26	-0.2870925	0.5969791	0.5766388
35	27	-0.2870925	0.5969791	0.5766388
35	28	-0.2870925	0.5969791	0.5766388
35	29	-0.2870925	0.5969791	0.5766388
35	30	0.5085138	0.4196187	-0.01034025
35	31	0.5085138	0.4196187	-0.01034025
35	32	0.5085138	0.4196187	-0.01034025
35	33	0.5085138	0.4196187	-0.01034025
35	34	0.5085138	0.4196187	-0.01034025
35	35	0.5085138	0.4196187	-0.01034025
35	36	0.5085138	0.4196187	-0.01034025
35	37	0.5085138	0.4196187	-0.01034025
35	38	0.5085138	0.4196187	-0.01034025
36	1	0.403354	0.3286483	1.201025
36	2	0.403354	0.3286483	1.201025
36	3	0.403354	0.3286483	1.201025
36	4	0.403354	0.3286483	1.201025
36	5	0.403354	0.3286483	1.201025
36	6	0.403354	0.3286483	1.201025
36	7	0.403354	0.3286483	1.201025
36	8	0.403354	0.3286483	1.201025
36	9	0.403354	0.3286483	1.201025
36	10	0.403354	0.3286483	1.201025
36	11	0.403354	0.3286483	1.201025
36	12	0.403354	0.3286483	1.201025
36	13	0.403354	0.3286483	1.201025
36	14	0.403354	0.3286483	1.201025
36	15	0.403354	0.3286483	1.201025
36	16	0.403354	0.3286483	1.201025
36	17	0.403354	0.3286483	1.201025
36	18	0.403354	0.3286483	1.201025
36	19	0.403354	0.3286483	1.201025
36	20	0.403354	0.3286483	1.201025
36	21	0.403354	0.3286483	1.201025
36	22	0.403354	0.3286483	1.201025
36	23	0.403354	0.3286483	1.201025
36	24	0.403354	0.3286483	1.201025
36	25	0.403354	0.3286483	1.201025
36	26	-0.2870925	0.5969791	0.5766388
36	27	-0.2870925	0.5969791	0.5766388
36	28	-0.2870925	0.5969791	0.5766388
36	29	-0.2870925	0.5969791	0.5766388
36	30	0.5085138	0.4196187	-0.01034025
36	31	0.5085138	0.4196187	-0.01034025
36	32	0.5085138	0.4196187	-0.01034025
36	33	0.5085138	0.4196187	-0.01034025
36	34	0.5085138	0.4196187	-0.01034025
36	35	0.5085138	0.4196187	-0.01034025
36	36	0.5085138	0.4196187	-0.01034025
36	37	0.5085138	0.4196187	-0.01034025
36	38	0.5085138	0.4196187	-0.01034025
37	1	0.4447761	0.3167198	1.197167
37	2	0.4447761	0.3167198	1.197167
37	3	0.4447761	0.3167198	1.197167
37	4	0.4447761	0.3167198	1.197167
37	5	0.4447761	0.3167198	1.197167
37	6	0.4447761	0.3167198	1.197167
37	7	0.4447761	0.3167198	1.197167
37	8	0.4447761	0.3167198	1.197167
37	9	0.4447761	0.3167198	1.197167
37	10	0.4447761	0.3167198	1.197167
37	11	0.4447761	0.3167198	1.197167
37	12	0.4447761	0.3167198	1.197167
37	13	0.4447761	0.3167198	1.197167
37	14	0.4447761	0.3167198	1.197167
37	15	0.4447761	0.3167198	1.197167
37	16	0.4447761	0.3167198	1.197167
37	17	0.4447761	0.3167198	1.197167
37	18	0.4447761	0.3167198	1.197167
37	26	-0.3220471	0.5952423	0.696856
37	27	-0.3220471	0.5952423	0.696856
37	28	-0.3220471	0.5952423	0.696856
37	29	-0.3220471	0.5952423	0.696856
37	30	0.5030165	0.4209413	-0.007246201
37	31	0.5030165	0.4209413	-0.007246201
37	32	0.5030165	0.4209413	-0.007246201
37	33	0.5030165	0.4209413	-0.007246201
37	34	0.5030165	0.4209413	-0.007246201
37	35	0.5030165	0.4209413	-0.007246201
37	36	0.5030165	0.4209413	-0.007246201
37	37	0.5030165	0.4209413	-0.007246201
37	38	0.5030165	0.4209413	-0.007246201
38	1	-0.3236554	0.5528521	1.121663
38	2	-0.3236554	0.5528521	1.121663
38	3	-0.3236554	0.5528521	1.121663
38	4	0.3363856	0.3443635	1.242641
38	5	0.3363856	0.3443635	1.242641
38	6	0.3363856	0.3443635	1.242641
38	7	0.3363856	0.3443635	1.242641
38	8	0.3363856	0.3443635	1.242641
38	9	0.3363856	0.3443635	1.242641
38	10	0.3363856	0.3443635	1.242641
38	11	0.3363856	0.3443635	1.242641
38	12	0.3363856	0.3443635	1.242641
38	13	0.3363856	0.3443635	1.242641
38	14	0.3363856	0.3443635	1.242641
38	15	-0.312245	0.5449251	1.166591
38	16	-0.312245	0.5449251	1.166591
38	17	-0.3236554	0.5528521	1.121663
38	18	-0.3236554	0.5528521	1.121663
38	19	0.9072361	0.2160431	0.8320221
38	20	0.9072361	0.2160431	0.8320221
38	21	0.9072361	0.2160431	0.8320221
38	22	0.9072361	0.2160431	0.8320221
38	23	0.9072361	0.2160431	0.8320221
38	24	0.9072361	0.2160431	0.8320221
38	25	0.9072361	0.2160431	0.8320221
38	30	0.3969699	0.4523088	-0.005579645
38	31	0.3969699	0.4523088	-0.005579645
38	32	0.3969699	0.4523088	-0.005579645
38	33	0.3969699	0.4523088	-0.005579645
38	34	0.3969699	0.4523088	-0.005579645
38	35	0.3969699	0.4523088	-0.005579645
38	36	0.3969699	0.4523088	-0.005579645
38	37	0.3969699	0.4523088	-0.005579645
38	38	0.3969699	0.4523088	-0.005579645
39	1	-0.3236554	0.5528521	1.121663
39	2	-0.3236554	0.5528521	1.121663
39	3	-0.3236554	0.5528521	1.121663
39	4	0.3363856	0.3443635	1.242641
39	5	0.3363856	0.3443635	1.242641
39	6	0.3363856	0.3443635	1.242641
39	7	0.3363856	0.3443635	1.242641
39	8	0.3363856	0.3443635	1.242641
39	9	0.3363856	0.3443635	1.242641
39	10	0.3363856	0.3443635	1.242641
39	11	0.3363856	0.3443635	1.242641
39	12	0.3363856	0.3443635	1.242641
39	13	0.3363856	0.3443635	1.242641
39	14	0.3363856	0.3443635	1.242641
39	15	-0.312245	0.5449251	1.166591
39	16	-0.312245	0.5449251	1.166591
39	17	-0.3236554	0.5528521	1.121663
39	18	-0.3236554	0.5528521	1.121663
39	19	0.9072361	0.2160431	0.8320221
39	20	0.9072361	0.2160431	0.8320221
39	21	0.9072361	0.2160431	0.8320221
39	22	0.9072361	0.2160431	0.8320221
39	23	0.9072361	0.2160431	0.8320221
39	24	0.9072361	0.2160431	0.8320221
39	25	0.9072361	0.2160431	0.8320221
39	30	0.3969699	0.4523088	-0.005579645
39	31	0.3969699	0.4523088	-0.005579645
39	32	0.3969699	0.4523088	-0.005579645
39	33	0.3969699	0.4523088	-0.005579645
39	34	0.3969699	0.4523088	-0.005579645
39	35	0.3969699	0.4523088	-0.005579645
39	36	0.3969699	0.4523088	-0.005579645
39	37	0.3969699	0.4523088	-0.005579645
39	38	0.3969699	0.4523088	-0.005579645
40	1	-0.1726921	0.5649207	0.5572019
40	2	-0.1726921	0.5649207	0.5572019
40	3	1.159567	0.1956531	0.2904934
40	17	1.159567	0.1956531	0.2904934
40	18	1.159567	0.1956531	0.2904934
41	1	-0.1787555	0.5665215	0.559206
41	2	-0.1787555	0.5665215	0.559206
41	3	1.159567	0.1956524	0.2904999
41	17	1.169851	0.1927183	0.2892716
41	18	1.169851	0.1927183	0.2892716
42	1	-0.2904915	0.5570979	0.9818593
42	2	-0.2904915	0.5570979	0.9818593
42	3	-0.2654718	0.5686001	0.794149
42	4	1.131018	0.2171073	0.1620243
42	5	1.131018	0.2171073	0.1620243
42	6	1.131018	0.2171073	0.1620243
42	7	1.131018	0.2171073	0.1620243
42	8	1.131018	0.2171073	0.1620243
42	9	1.131018	0.2171073	0.1620243
42	10	1.131018	0.2171073	0.1620243
42	11	1.131018	0.2171073	0.1620243
42	12	1.131018	0.2171073	0.1620243
42	13	1.131018	0.2171073	0.1620243
42	14	1.131018	0.2171073	0.1620243
42	15	1.230960	0.1897411	0.1386937
42	16	1.230960	0.1897411	0.1386937
42	17	-0.2427491	0.5733861	0.6797613
42	18	-0.2427491	0.5733861	0.6797613
42	19	-0.2425942	0.5598991	0.8129546
42	20	-0.2425942	0.5598991	0.8129546
42	21	-0.2425942	0.5598991	0.8129546
42	22	-0.2425942	0.5598991	0.8129546
42	23	-0.2425942	0.5598991	0.8129546
42	24	-0.2425942	0.5598991	0.8129546
42	25	-0.2425942	0.5598991	0.8129546
43	1	-0.2904915	0.5570979	0.9818593
43	2	-0.2904915	0.5570979	0.9818593
43	3	-0.2654718	0.5686001	0.794149
43	4	1.131018	0.2171073	0.1620243
43	5	1.131018	0.2171073	0.1620243
43	6	1.131018	0.2171073	0.1620243
43	7	1.131018	0.2171073	0.1620243
43	8	1.131018	0.2171073	0.1620243
43	9	1.131018	0.2171073	0.1620243
43	10	1.131018	0.2171073	0.1620243
43	11	1.131018	0.2171073	0.1620243
43	12	1.131018	0.2171073	0.1620243
43	13	1.131018	0.2171073	0.1620243
43	14	1.131018	0.2171073	0.1620243
43	15	1.230960	0.1897411	0.1386937
43	16	1.230960	0.1897411	0.1386937
43	17	-0.2427491	0.5733861	0.6797613
43	18	-0.2427491	0.5733861	0.6797613
43	19	-0.2425942	0.5598991	0.8129546
43	20	-0.2425942	0.5598991	0.8129546
43	21	-0.2425942	0.5598991	0.8129546
43	22	-0.2425942	0.5598991	0.8129546
43	23	-0.2425942	0.5598991	0.8129546
43	24	-0.2425942	0.5598991	0.8129546
43	25	-0.2425942	0.5598991	0.8129546
44	4	-0.2305306	0.5335153	1.038856
44	5	-0.2305306	0.5335153	1.038856
44	6	-0.2305306	0.5335153	1.038856
44	7	-0.2305306	0.5335153	1.038856
44	8	-0.2305306	0.5335153	1.038856
44	9	-0.2305306	0.5335153	1.038856
44	10	-0.2305306	0.5335153	1.038856
44	11	-0.2305306	0.5335153	1.038856
44	12	-0.2305306	0.5335153	1.038856
44	13	-0.2305306	0.5335153	1.038856
44	14	-0.2305306	0.5335153	1.038856
44	15	-0.3226123	0.5500635	1.146222
44	16	-0.3226123	0.5500635	1.146222
44	17	1.018266	0.2597163	0.07205118
44	18	1.018266	0.2597163	0.07205118
44	19	0.9904718	0.2671167	0.08062264
44	20	0.9904718	0.2671167	0.08062264
44	21	0.9904718	0.2671167	0.08062264
44	22	0.9904718	0.2671167	0.08062264
44	23	0.9904718	0.2671167	0.08062264
44	24	0.9904718	0.2671167	0.08062264
44	25	0.9904718	0.2671167	0.08062264
45	4	-0.2297643	0.533367	1.038068
45	5	-0.2297643	0.533367	1.038068
45	6	-0.2297643	0.533367	1.038068
45	7	-0.2297643	0.533367	1.038068
45	8	-0.2297643	0.533367	1.038068
45	9	-0.2297643	0.533367	1.038068
45	10	-0.2297643	0.533367	1.038068
45	11	-0.2297643	0.533367	1.038068
45	12	-0.2297643	0.533367	1.038068
45	13	-0.2297643	0.533367	1.038068
45	14	-0.2297643	0.533367	1.038068
45	15	-0.3218661	0.5499533	1.145116
45	16	-0.3218661	0.5499533	1.145116
45	17	1.012172	0.2613289	0.07402858
45	18	1.012172	0.2613289	0.07402858
45	19	0.991287	0.2668888	0.08047922
45	20	0.991287	0.2668888	0.08047922
45	21	0.991287	0.2668888	0.08047922
45	22	0.991287	0.2668888	0.08047922
45	23	0.991287	0.2668888	0.08047922
45	24	0.991287	0.2668888	0.08047922
45	25	0.991287	0.2668888	0.08047922
46	4	0.1080245	0.4134188	1.231284
46	5	0.1080245	0.4134188	1.231284
46	6	0.1080244	0.4134188	1.231284
46	7	0.1080244	0.4134188	1.231284
46	8	0.1080244	0.4134188	1.231284
46	9	0.1080245	0.4134188	1.231284
46	10	0.1080245	0.4134188	1.231284
46	11	0.1080245	0.4134188	1.231284
46	12	0.1080245	0.4134188	1.231284
46	13	0.1080245	0.4134188	1.231284
46	14	0.1080245	0.4134188	1.231284
46	15	0.1080245	0.4134188	1.231284
46	16	0.1080244	0.4134188	1.231284
46	17	0.4972305	0.4185452	0.03354791
46	18	0.4972305	0.4185452	0.03354791
46	19	0.1080245	0.4134188	1.231284
46	20	0.1080245	0.4134188	1.231284
46	21	0.1080245	0.4134188	1.231284
46	22	0.1080245	0.4134188	1.231284
46	23	0.1080245	0.4134188	1.231284
46	24	0.1080245	0.4134188	1.231284
46	25	0.1080245	0.4134188	1.231284
47	1	1.120904	0.1941041	0.4197782
47	2	1.120904	0.1941041	0.4197782
47	3	1.120904	0.1941041	0.4197782
47	4	1.120904	0.1941041	0.4197782
47	5	1.120904	0.1941041	0.4197782
47	6	1.120904	0.1941041	0.4197782
47	7	1.120904	0.1941041	0.4197782
47	8	1.120904	0.1941041	0.4197782
47	9	1.120904	0.1941041	0.4197782
47	10	1.120904	0.1941041	0.4197782
47	11	1.120904	0.1941041	0.4197782
47	12	1.120904	0.1941041	0.4197782
47	13	1.120904	0.1941041	0.4197782
47	14	1.120904	0.1941041	0.4197782
47	15	1.120904	0.1941041	0.4197782
47	16	1.120904	0.1941041	0.4197782
47	17	1.120904	0.1941041	0.4197782
47	18	1.120904	0.1941041	0.4197782
47	19	1.120904	0.1941041	0.4197782
47	20	1.120904	0.1941041	0.4197782
47	21	1.120904	0.1941041	0.4197782
47	22	1.120904	0.1941041	0.4197782
47	23	1.120904	0.1941041	0.4197782
47	24	1.120904	0.1941041	0.4197782
47	25	1.120904	0.1941041	0.4197782
48	1	1.120904	0.1941041	0.4197782
48	2	1.120904	0.1941041	0.4197782
48	3	1.120904	0.1941041	0.4197782
48	4	1.120904	0.1941041	0.4197782
48	5	1.120904	0.1941041	0.4197782
48	6	1.120904	0.1941041	0.4197782
48	7	1.120904	0.1941041	0.4197782
48	8	1.120904	0.1941041	0.4197782
48	9	1.120904	0.1941041	0.4197782
48	10	1.120904	0.1941041	0.4197782
48	11	1.120904	0.1941041	0.4197782
48	12	1.120904	0.1941041	0.4197782
48	13	1.120904	0.1941041	0.4197782
48	14	1.120904	0.1941041	0.4197782
48	15	1.120904	0.1941041	0.4197782
48	16	1.120904	0.1941041	0.4197782
48	17	1.120904	0.1941041	0.4197782
48	18	1.120904	0.1941041	0.4197782
48	19	1.120904	0.1941041	0.4197782
48	20	1.120904	0.1941041	0.4197782
48	21	1.120904	0.1941041	0.4197782
48	22	1.120904	0.1941041	0.4197782
48	23	1.120904	0.1941041	0.4197782
48	24	1.120904	0.1941041	0.4197782
48	25	1.120904	0.1941041	0.4197782
49	1	1.120904	0.1941041	0.4197782
49	2	1.120904	0.1941041	0.4197782
49	3	1.120904	0.1941041	0.4197782
49	4	1.120904	0.1941041	0.4197782
49	5	1.120904	0.1941041	0.4197782
49	6	1.120904	0.1941041	0.4197782
49	7	1.120904	0.1941041	0.4197782
49	8	1.120904	0.1941041	0.4197782
49	9	1.120904	0.1941041	0.4197782
49	10	1.120904	0.1941041	0.4197782
49	11	1.120904	0.1941041	0.4197782
49	12	1.120904	0.1941041	0.4197782
49	13	1.120904	0.1941041	0.4197782
49	14	1.120904	0.1941041	0.4197782
49	15	1.120904	0.1941041	0.4197782
49	16	1.120904	0.1941041	0.4197782
49	17	1.120904	0.1941041	0.4197782
49	18	1.120904	0.1941041	0.4197782
49	19	1.120904	0.1941041	0.4197782
49	20	1.120904	0.1941041	0.4197782
49	21	1.120904	0.1941041	0.4197782
49	22	1.120904	0.1941041	0.4197782
49	23	1.120904	0.1941041	0.4197782
49	24	1.120904	0.1941041	0.4197782
49	25	1.120904	0.1941041	0.4197782
50	1	0.1647920	0.3880206	1.315681
50	2	0.1647920	0.3880206	1.315681
50	3	0.1647920	0.3880206	1.315681
50	4	0.1647920	0.3880206	1.315681
50	5	0.1647920	0.3880206	1.315681
50	6	0.1647920	0.3880206	1.315681
50	7	0.1647920	0.3880206	1.315681
50	8	0.1647920	0.3880206	1.315681
50	9	0.1647920	0.3880206	1.315681
50	10	0.1647920	0.3880206	1.315681
50	11	0.1647920	0.3880206	1.315681
50	12	0.1647920	0.3880206	1.315681
50	13	0.1647920	0.3880206	1.315681
50	14	0.1647920	0.3880206	1.315681
50	15	0.1647920	0.3880206	1.315681
50	16	0.1647920	0.3880206	1.315681
50	17	0.1647920	0.3880206	1.315681
50	18	0.1647920	0.3880206	1.315681
50	19	0.1647920	0.3880206	1.315681
50	20	0.1647920	0.3880206	1.315681
50	21	0.1647920	0.3880206	1.315681
50	22	0.1647920	0.3880206	1.315681
50	23	0.1647920	0.3880206	1.315681
50	24	0.1647920	0.3880206	1.315681
50	25	0.1647920	0.3880206	1.315681
50	30	0.4075234	0.4493226	-0.007087828
50	31	0.4075234	0.4493226	-0.007087828
50	32	0.4075234	0.4493226	-0.007087828
50	33	0.4075234	0.4493226	-0.007087828
50	34	0.4075234	0.4493226	-0.007087828
50	35	0.4075234	0.4493226	-0.007087828
50	36	0.4075234	0.4493226	-0.007087828
50	37	0.4075234	0.4493226	-0.007087828
50	38	0.4075234	0.4493226	-0.007087828
51	1	0.1647920	0.3880206	1.315681
51	2	0.1647920	0.3880206	1.315681
51	3	0.1647920	0.3880206	1.315681
51	4	0.1647920	0.3880206	1.315681
51	5	0.1647920	0.3880206	1.315681
51	6	0.1647920	0.3880206	1.315681
51	7	0.1647920	0.3880206	1.315681
51	8	0.1647920	0.3880206	1.315681
51	9	0.1647920	0.3880206	1.315681
51	10	0.1647920	0.3880206	1.315681
51	11	0.1647920	0.3880206	1.315681
51	12	0.1647920	0.3880206	1.315681
51	13	0.1647920	0.3880206	1.315681
51	14	0.1647920	0.3880206	1.315681
51	15	0.1647920	0.3880206	1.315681
51	16	0.1647920	0.3880206	1.315681
51	17	0.1647920	0.3880206	1.315681
51	18	0.1647920	0.3880206	1.315681
51	19	0.1647920	0.3880206	1.315681
51	20	0.1647920	0.3880206	1.315681
51	21	0.1647920	0.3880206	1.315681
51	22	0.1647920	0.3880206	1.315681
51	23	0.1647920	0.3880206	1.315681
51	24	0.1647920	0.3880206	1.315681
51	25	0.1647920	0.3880206	1.315681
51	30	0.4075234	0.4493226	-0.007087828
51	31	0.4075234	0.4493226	-0.007087828
51	32	0.4075234	0.4493226	-0.007087828
51	33	0.4075234	0.4493226	-0.007087828
51	34	0.4075234	0.4493226	-0.007087828
51	35	0.4075234	0.4493226	-0.007087828
51	36	0.4075234	0.4493226	-0.007087828
51	37	0.4075234	0.4493226	-0.007087828
51	38	0.4075234	0.4493226	-0.007087828
52	1	0.1647920	0.3880206	1.315681
52	2	0.1647920	0.3880206	1.315681
52	3	0.1647920	0.3880206	1.315681
52	4	0.1647920	0.3880206	1.315681
52	5	0.1647920	0.3880206	1.315681
52	6	0.1647920	0.3880206	1.315681
52	7	0.1647920	0.3880206	1.315681
52	8	0.1647920	0.3880206	1.315681
52	9	0.1647920	0.3880206	1.315681
52	10	0.1647920	0.3880206	1.315681
52	11	0.1647920	0.3880206	1.315681
52	12	0.1647920	0.3880206	1.315681
52	13	0.1647920	0.3880206	1.315681
52	14	0.1647920	0.3880206	1.315681
52	15	0.1647920	0.3880206	1.315681
52	16	0.1647920	0.3880206	1.315681
52	17	0.1647920	0.3880206	1.315681
52	18	0.1647920	0.3880206	1.315681
52	19	0.1647920	0.3880206	1.315681
52	20	0.1647920	0.3880206	1.315681
52	21	0.1647920	0.3880206	1.315681
52	22	0.1647920	0.3880206	1.315681
52	23	0.1647920	0.3880206	1.315681
52	24	0.1647920	0.3880206	1.315681
52	25	0.1647920	0.3880206	1.315681
52	30	0.4075234	0.4493226	-0.007087828
52	31	0.4075234	0.4493226	-0.007087828
52	32	0.4075234	0.4493226	-0.007087828
52	33	0.4075234	0.4493226	-0.007087828
52	34	0.4075234	0.4493226	-0.007087828
52	35	0.4075234	0.4493226	-0.007087828
52	36	0.4075234	0.4493226	-0.007087828
52	37	0.4075234	0.4493226	-0.007087828
52	38	0.4075234	0.4493226	-0.007087828
53	1	0.1647920	0.3880206	1.315681
53	2	0.1647920	0.3880206	1.315681
53	3	0.1647920	0.3880206	1.315681
53	4	0.1647920	0.3880206	1.315681
53	5	0.1647920	0.3880206	1.315681
53	6	0.1647920	0.3880206	1.315681
53	7	0.1647920	0.3880206	1.315681
53	8	0.1647920	0.3880206	1.315681
53	9	0.1647920	0.3880206	1.315681
53	10	0.1647920	0.3880206	1.315681
53	11	0.1647920	0.3880206	1.315681
53	12	0.1647920	0.3880206	1.315681
53	13	0.1647920	0.3880206	1.315681
53	14	0.1647920	0.3880206	1.315681
53	15	0.1647920	0.3880206	1.315681
53	16	0.1647920	0.3880206	1.315681
53	17	0.1647920	0.3880206	1.315681
53	18	0.1647920	0.3880206	1.315681
53	19	0.1647920	0.3880206	1.315681
53	20	0.1647920	0.3880206	1.315681
53	21	0.1647920	0.3880206	1.315681
53	22	0.1647920	0.3880206	1.315681
53	23	0.1647920	0.3880206	1.315681
53	24	0.1647920	0.3880206	1.315681
53	25	0.1647920	0.3880206	1.315681
53	30	0.4075234	0.4493226	-0.007087828
53	31	0.4075234	0.4493226	-0.007087828
53	32	0.4075234	0.4493226	-0.007087828
53	33	0.4075234	0.4493226	-0.007087828
53	34	0.4075234	0.4493226	-0.007087828
53	35	0.4075234	0.4493226	-0.007087828
53	36	0.4075234	0.4493226	-0.007087828
53	37	0.4075234	0.4493226	-0.007087828
53	38	0.4075234	0.4493226	-0.007087828
54	1	0.1647920	0.3880206	1.315681
54	2	0.1647920	0.3880206	1.315681
54	3	0.1647920	0.3880206	1.315681
54	4	0.1647920	0.3880206	1.315681
54	5	0.1647920	0.3880206	1.315681
54	6	0.1647920	0.3880206	1.315681
54	7	0.1647920	0.3880206	1.315681
54	8	0.1647920	0.3880206	1.315681
54	9	0.1647920	0.3880206	1.315681
54	10	0.1647920	0.3880206	1.315681
54	11	0.1647920	0.3880206	1.315681
54	12	0.1647920	0.3880206	1.315681
54	13	0.1647920	0.3880206	1.315681
54	14	0.1647920	0.3880206	1.315681
54	15	0.1647920	0.3880206	1.315681
54	16	0.1647920	0.3880206	1.315681
54	17	0.1647920	0.3880206	1.315681
54	18	0.1647920	0.3880206	1.315681
54	19	0.1647920	0.3880206	1.315681
54	20	0.1647920	0.3880206	1.315681
54	21	0.1647920	0.3880206	1.315681
54	22	0.1647920	0.3880206	1.315681
54	23	0.1647920	0.3880206	1.315681
54	24	0.1647920	0.3880206	1.315681
54	25	0.1647920	0.3880206	1.315681
54	30	0.4075234	0.4493226	-0.007087828
54	31	0.4075234	0.4493226	-0.007087828
54	32	0.4075234	0.4493226	-0.007087828
54	33	0.4075234	0.4493226	-0.007087828
54	34	0.4075234	0.4493226	-0.007087828
54	35	0.4075234	0.4493226	-0.007087828
54	36	0.4075234	0.4493226	-0.007087828
54	37	0.4075234	0.4493226	-0.007087828
54	38	0.4075234	0.4493226	-0.007087828
55	1	0.1557716	0.3903653	1.319029
55	2	0.1557716	0.3903653	1.319029
55	3	0.1557716	0.3903653	1.319029
55	4	0.1557716	0.3903653	1.319029
55	5	0.1557716	0.3903653	1.319029
55	6	0.1557716	0.3903653	1.319029
55	7	0.1557716	0.3903653	1.319029
55	8	0.1557716	0.3903653	1.319029
55	9	0.1557716	0.3903653	1.319029
55	10	0.1557716	0.3903653	1.319029
55	11	0.1557716	0.3903653	1.319029
55	12	0.1557716	0.3903653	1.319029
55	13	0.1557716	0.3903653	1.319029
55	14	0.1557716	0.3903653	1.319029
55	15	0.1557716	0.3903653	1.319029
55	16	0.1557716	0.3903653	1.319029
55	17	0.1557716	0.3903653	1.319029
55	18	0.1557716	0.3903653	1.319029
55	19	0.1557716	0.3903653	1.319029
55	20	0.1557716	0.3903653	1.319029
55	21	0.1557716	0.3903653	1.319029
55	22	0.1557716	0.3903653	1.319029
55	23	0.1557716	0.3903653	1.319029
55	24	0.1557716	0.3903653	1.319029
55	25	0.4263079	0.3233949	1.185442
55	30	0.4065514	0.4496062	-0.007033027
55	31	0.4065514	0.4496062	-0.007033027
55	32	0.4065514	0.4496062	-0.007033027
55	33	0.4065514	0.4496062	-0.007033027
55	34	0.4065514	0.4496062	-0.007033027
55	35	0.4065514	0.4496062	-0.007033027
55	36	0.4065514	0.4496062	-0.007033027
55	37	0.4065514	0.4496062	-0.007033027
55	38	0.4065514	0.4496062	-0.007033027
57	1	0.4679493	0.3121172	1.174488
57	2	0.4679493	0.3121172	1.174488
57	3	0.4679493	0.3121172	1.174488
57	4	0.4679493	0.3121172	1.174488
57	5	0.4679493	0.3121172	1.174488
57	6	0.4679493	0.3121172	1.174488
57	7	0.4679493	0.3121172	1.174488
57	8	0.4679493	0.3121172	1.174488
57	9	0.4679493	0.3121172	1.174488
57	10	0.4679493	0.3121172	1.174488
57	11	0.1485019	0.3945381	1.299102
57	12	0.4679493	0.3121172	1.174488
57	13	0.4679493	0.3121172	1.174488
57	14	0.4679493	0.3121172	1.174488
57	15	0.4679493	0.3121172	1.174488
57	16	0.4679493	0.3121172	1.174488
57	17	0.4679493	0.3121172	1.174488
57	18	0.4679493	0.3121172	1.174488
57	19	0.4679493	0.3121172	1.174488
57	20	0.4679493	0.3121172	1.174488
57	21	0.4679493	0.3121172	1.174488
57	22	0.4679493	0.3121172	1.174488
57	23	0.4679493	0.3121172	1.174488
57	24	0.4679493	0.3121172	1.174488
57	26	-0.2482078	0.6023365	0.4089622
57	27	-0.2482078	0.6023365	0.4089622
57	28	-0.2482078	0.6023365	0.4089622
57	29	-0.2482078	0.6023365	0.4089622
57	30	0.5238906	0.4148961	-0.008853886
57	31	0.5238906	0.4148961	-0.008853886
57	32	0.5238906	0.4148961	-0.008853886
57	33	0.5238906	0.4148961	-0.008853886
57	34	0.5238906	0.4148961	-0.008853886
57	35	0.5238906	0.4148961	-0.008853886
57	36	0.5238906	0.4148961	-0.008853886
57	37	0.5238906	0.4148961	-0.008853886
57	38	0.5238906	0.4148961	-0.008853886
58	1	0.447742	0.3169832	1.185816
58	2	0.447742	0.3169832	1.185816
58	3	0.447742	0.3169832	1.185816
58	4	0.447742	0.3169832	1.185816
58	5	0.447742	0.3169832	1.185816
58	6	0.447742	0.3169832	1.185816
58	7	0.447742	0.3169832	1.185816
58	8	0.447742	0.3169832	1.185816
58	9	0.447742	0.3169832	1.185816
58	10	0.447742	0.3169832	1.185816
58	11	0.447742	0.3169832	1.185816
58	12	0.447742	0.3169832	1.185816
58	13	0.447742	0.3169832	1.185816
58	14	0.447742	0.3169832	1.185816
58	15	0.447742	0.3169832	1.185816
58	16	0.447742	0.3169832	1.185816
58	17	0.447742	0.3169832	1.185816
58	18	0.447742	0.3169832	1.185816
58	19	0.447742	0.3169832	1.185816
58	20	0.447742	0.3169832	1.185816
58	21	0.447742	0.3169832	1.185816
58	22	0.447742	0.3169832	1.185816
58	23	0.447742	0.3169832	1.185816
58	24	0.447742	0.3169832	1.185816
58	26	-0.2375468	0.6001088	0.3996213
58	27	-0.2375468	0.6001088	0.3996213
58	28	-0.2375468	0.6001088	0.3996213
58	29	-0.2375468	0.6001088	0.3996213
58	30	0.5117899	0.4184908	-0.008816875
58	31	0.5117899	0.4184908	-0.008816875
58	32	0.5117899	0.4184908	-0.008816875
58	33	0.5117899	0.4184908	-0.008816875
58	34	0.5117899	0.4184908	-0.008816875
58	35	0.5117899	0.4184908	-0.008816875
58	36	0.5117899	0.4184908	-0.008816875
58	37	0.5117899	0.4184908	-0.008816875
58	38	0.5117899	0.4184908	-0.008816875
59	1	0.4402478	0.3190194	1.187723
59	2	0.4402478	0.3190194	1.187723
59	3	0.4402478	0.3190194	1.187723
59	4	0.4402478	0.3190194	1.187723
59	5	0.4402478	0.3190194	1.187723
59	6	0.4402478	0.3190194	1.187723
59	7	0.4402478	0.3190194	1.187723
59	8	0.4402478	0.3190194	1.187723
59	9	0.4402478	0.3190194	1.187723
59	10	0.4402478	0.3190194	1.187723
59	11	0.4402478	0.3190194	1.187723
59	12	0.4402478	0.3190194	1.187723
59	13	0.4402478	0.3190194	1.187723
59	14	0.4402478	0.3190194	1.187723
59	15	0.4402478	0.3190194	1.187723
59	16	0.4402478	0.3190194	1.187723
59	17	0.4402478	0.3190194	1.187723
59	18	0.4402478	0.3190194	1.187723
59	19	0.4402478	0.3190194	1.187723
59	20	0.4402478	0.3190194	1.187723
59	21	0.4402478	0.3190194	1.187723
59	22	0.4402478	0.3190194	1.187723
59	23	0.4402478	0.3190194	1.187723
59	24	0.4402478	0.3190194	1.187723
59	25	0.4402478	0.3190194	1.187723
59	26	-0.2324841	0.5998198	0.387566
59	27	-0.2324841	0.5998198	0.387566
59	28	-0.2324841	0.5998198	0.387566
59	29	-0.2324841	0.5998198	0.387566
59	30	0.5137646	0.4179451	-0.009228266
59	31	0.5137646	0.4179451	-0.009228266
59	32	0.5137646	0.4179451	-0.009228266
59	33	0.5137646	0.4179451	-0.009228266
59	34	0.5137646	0.4179451	-0.009228266
59	35	0.5137646	0.4179451	-0.009228266
59	36	0.5137646	0.4179451	-0.009228266
59	37	0.5137646	0.4179451	-0.009228266
59	38	0.5137646	0.4179451	-0.009228266
60	1	0.4402478	0.3190194	1.187723
60	2	0.4402478	0.3190194	1.187723
60	3	0.4402478	0.3190194	1.187723
60	4	0.4402478	0.3190194	1.187723
60	5	0.4402478	0.3190194	1.187723
60	6	0.4402478	0.3190194	1.187723
60	7	0.4402478	0.3190194	1.187723
60	8	0.4402478	0.3190194	1.187723
60	9	0.4402478	0.3190194	1.187723
60	10	0.4402478	0.3190194	1.187723
60	11	0.4402478	0.3190194	1.187723
60	12	0.4402478	0.3190194	1.187723
60	13	0.4402478	0.3190194	1.187723
60	14	0.4402478	0.3190194	1.187723
60	15	0.4402478	0.3190194	1.187723
60	16	0.4402478	0.3190194	1.187723
60	17	0.4402478	0.3190194	1.187723
60	18	0.4402478	0.3190194	1.187723
60	19	0.4402478	0.3190194	1.187723
60	20	0.4402478	0.3190194	1.187723
60	21	0.4402478	0.3190194	1.187723
60	22	0.4402478	0.3190194	1.187723
60	23	0.4402478	0.3190194	1.187723
60	24	0.4402478	0.3190194	1.187723
60	25	0.4402478	0.3190194	1.187723
60	26	-0.2324841	0.5998198	0.387566
60	27	-0.2324841	0.5998198	0.387566
60	28	-0.2324841	0.5998198	0.387566
60	29	-0.2324841	0.5998198	0.387566
60	30	0.5137646	0.4179451	-0.009228266
60	31	0.5137646	0.4179451	-0.009228266
60	32	0.5137646	0.4179451	-0.009228266
60	33	0.5137646	0.4179451	-0.009228266
60	34	0.5137646	0.4179451	-0.009228266
60	35	0.5137646	0.4179451	-0.009228266
60	36	0.5137646	0.4179451	-0.009228266
60	37	0.5137646	0.4179451	-0.009228266
60	38	0.5137646	0.4179451	-0.009228266
61	1	0.4484554	0.3168173	1.185358
61	2	0.4484554	0.3168173	1.185358
61	3	0.4484554	0.3168173	1.185358
61	4	0.4484554	0.3168173	1.185358
61	5	0.4484554	0.3168173	1.185358
61	6	0.4484554	0.3168173	1.185358
61	7	0.4484554	0.3168173	1.185358
61	8	0.4484554	0.3168173	1.185358
61	9	0.4484554	0.3168173	1.185358
61	10	0.4484554	0.3168173	1.185358
61	11	0.4484554	0.3168173	1.185358
61	12	0.4484554	0.3168173	1.185358
61	14	0.4484554	0.3168173	1.185358
61	15	0.4484554	0.3168173	1.185358
61	16	0.4484554	0.3168173	1.185358
61	17	0.4484554	0.3168173	1.185358
61	18	0.4484554	0.3168173	1.185358
61	19	0.4484554	0.3168173	1.185358
61	20	0.4484554	0.3168173	1.185358
61	21	0.4484554	0.3168173	1.185358
61	22	0.4484554	0.3168173	1.185358
61	23	0.4484554	0.3168173	1.185358
61	24	0.4484554	0.3168173	1.185358
61	25	0.4484554	0.3168173	1.185358
61	26	-0.2377977	0.6001294	0.4001568
61	27	-0.2377977	0.6001294	0.4001568
61	28	-0.2377977	0.6001294	0.4001568
61	29	-0.2377977	0.6001294	0.4001568
61	30	0.5112613	0.4186474	-0.008811017
61	31	0.5112613	0.4186474	-0.008811017
61	32	0.5112613	0.4186474	-0.008811017
61	33	0.5112613	0.4186474	-0.008811017
61	34	0.5112613	0.4186474	-0.008811017
61	35	0.5112613	0.4186474	-0.008811017
61	36	0.5112613	0.4186474	-0.008811017
61	37	0.5112613	0.4186474	-0.008811017
61	38	0.5112613	0.4186474	-0.008811017
62	1	0.4484554	0.3168173	1.185358
62	2	0.4484554	0.3168173	1.185358
62	3	0.4484554	0.3168173	1.185358
62	4	0.4484554	0.3168173	1.185358
62	5	0.4484554	0.3168173	1.185358
62	6	0.4484554	0.3168173	1.185358
62	7	0.4484554	0.3168173	1.185358
62	8	0.4484554	0.3168173	1.185358
62	9	0.4484554	0.3168173	1.185358
62	10	0.4484554	0.3168173	1.185358
62	11	0.4484554	0.3168173	1.185358
62	12	0.4484554	0.3168173	1.185358
62	14	0.4484554	0.3168173	1.185358
62	15	0.4484554	0.3168173	1.185358
62	16	0.4484554	0.3168173	1.185358
62	17	0.4484554	0.3168173	1.185358
62	18	0.4484554	0.3168173	1.185358
62	19	0.4484554	0.3168173	1.185358
62	20	0.4484554	0.3168173	1.185358
62	21	0.4484554	0.3168173	1.185358
62	22	0.4484554	0.3168173	1.185358
62	23	0.4484554	0.3168173	1.185358
62	24	0.4484554	0.3168173	1.185358
62	25	0.4484554	0.3168173	1.185358
62	26	-0.2377977	0.6001294	0.4001568
62	27	-0.2377977	0.6001294	0.4001568
62	28	-0.2377977	0.6001294	0.4001568
62	29	-0.2377977	0.6001294	0.4001568
62	30	0.5112613	0.4186474	-0.008811017
62	31	0.5112613	0.4186474	-0.008811017
62	32	0.5112613	0.4186474	-0.008811017
62	33	0.5112613	0.4186474	-0.008811017
62	34	0.5112613	0.4186474	-0.008811017
62	35	0.5112613	0.4186474	-0.008811017
62	36	0.5112613	0.4186474	-0.008811017
62	37	0.5112613	0.4186474	-0.008811017
62	38	0.5112613	0.4186474	-0.008811017
63	1	0.4484554	0.3168173	1.185358
63	2	0.4484554	0.3168173	1.185358
63	3	0.4484554	0.3168173	1.185358
63	4	0.4484554	0.3168173	1.185358
63	5	0.4484554	0.3168173	1.185358
63	6	0.4484554	0.3168173	1.185358
63	7	0.4484554	0.3168173	1.185358
63	8	0.4484554	0.3168173	1.185358
63	9	0.4484554	0.3168173	1.185358
63	10	0.4484554	0.3168173	1.185358
63	11	0.4484554	0.3168173	1.185358
63	12	0.4484554	0.3168173	1.185358
63	14	0.4484554	0.3168173	1.185358
63	15	0.4484554	0.3168173	1.185358
63	16	0.4484554	0.3168173	1.185358
63	17	0.4484554	0.3168173	1.185358
63	18	0.4484554	0.3168173	1.185358
63	19	0.4484554	0.3168173	1.185358
63	20	0.4484554	0.3168173	1.185358
63	21	0.4484554	0.3168173	1.185358
63	22	0.4484554	0.3168173	1.185358
63	23	0.4484554	0.3168173	1.185358
63	24	0.4484554	0.3168173	1.185358
63	25	0.4484554	0.3168173	1.185358
63	26	-0.2377977	0.6001294	0.4001568
63	27	-0.2377977	0.6001294	0.4001568
63	28	-0.2377977	0.6001294	0.4001568
63	29	-0.2377977	0.6001294	0.4001568
63	30	0.5112613	0.4186474	-0.008811017
63	31	0.5112613	0.4186474	-0.008811017
63	32	0.5112613	0.4186474	-0.008811017
63	33	0.5112613	0.4186474	-0.008811017
63	34	0.5112613	0.4186474	-0.008811017
63	35	0.5112613	0.4186474	-0.008811017
63	36	0.5112613	0.4186474	-0.008811017
63	37	0.5112613	0.4186474	-0.008811017
63	38	0.5112613	0.4186474	-0.008811017
64	1	0.4484554	0.3168173	1.185358
64	2	0.4484554	0.3168173	1.185358
64	3	0.4484554	0.3168173	1.185358
64	4	0.4484554	0.3168173	1.185358
64	5	0.4484554	0.3168173	1.185358
64	6	0.4484554	0.3168173	1.185358
64	7	0.4484554	0.3168173	1.185358
64	8	0.4484554	0.3168173	1.185358
64	9	0.4484554	0.3168173	1.185358
64	10	0.4484554	0.3168173	1.185358
64	11	0.4484554	0.3168173	1.185358
64	12	0.4484554	0.3168173	1.185358
64	14	0.4484554	0.3168173	1.185358
64	15	0.4484554	0.3168173	1.185358
64	16	0.4484554	0.3168173	1.185358
64	17	0.4484554	0.3168173	1.185358
64	18	0.4484554	0.3168173	1.185358
64	19	0.4484554	0.3168173	1.185358
64	20	0.4484554	0.3168173	1.185358
64	21	0.4484554	0.3168173	1.185358
64	22	0.4484554	0.3168173	1.185358
64	23	0.4484554	0.3168173	1.185358
64	24	0.4484554	0.3168173	1.185358
64	25	0.4484554	0.3168173	1.185358
64	26	-0.2377977	0.6001294	0.4001568
64	27	-0.2377977	0.6001294	0.4001568
64	28	-0.2377977	0.6001294	0.4001568
64	29	-0.2377977	0.6001294	0.4001568
64	30	0.5112613	0.4186474	-0.008811017
64	31	0.5112613	0.4186474	-0.008811017
64	32	0.5112613	0.4186474	-0.008811017
64	33	0.5112613	0.4186474	-0.008811017
64	34	0.5112613	0.4186474	-0.008811017
64	35	0.5112613	0.4186474	-0.008811017
64	36	0.5112613	0.4186474	-0.008811017
64	37	0.5112613	0.4186474	-0.008811017
64	38	0.5112613	0.4186474	-0.008811017
65	1	0.4484554	0.3168173	1.185358
65	2	0.4484554	0.3168173	1.185358
65	3	0.4484554	0.3168173	1.185358
65	4	0.4484554	0.3168173	1.185358
65	5	0.4484554	0.3168173	1.185358
65	6	0.4484554	0.3168173	1.185358
65	7	0.4484554	0.3168173	1.185358
65	8	0.4484554	0.3168173	1.185358
65	9	0.4484554	0.3168173	1.185358
65	10	0.4484554	0.3168173	1.185358
65	11	0.4484554	0.3168173	1.185358
65	12	0.4484554	0.3168173	1.185358
65	14	0.4484554	0.3168173	1.185358
65	15	0.4484554	0.3168173	1.185358
65	16	0.4484554	0.3168173	1.185358
65	17	0.4484554	0.3168173	1.185358
65	18	0.4484554	0.3168173	1.185358
65	19	0.4484554	0.3168173	1.185358
65	20	0.4484554	0.3168173	1.185358
65	21	0.4484554	0.3168173	1.185358
65	22	0.4484554	0.3168173	1.185358
65	23	0.4484554	0.3168173	1.185358
65	24	0.4484554	0.3168173	1.185358
65	25	0.4484554	0.3168173	1.185358
65	26	-0.2377977	0.6001294	0.4001568
65	27	-0.2377977	0.6001294	0.4001568
65	28	-0.2377977	0.6001294	0.4001568
65	29	-0.2377977	0.6001294	0.4001568
65	30	0.5112613	0.4186474	-0.008811017
65	31	0.5112613	0.4186474	-0.008811017
65	32	0.5112613	0.4186474	-0.008811017
65	33	0.5112613	0.4186474	-0.008811017
65	34	0.5112613	0.4186474	-0.008811017
65	35	0.5112613	0.4186474	-0.008811017
65	36	0.5112613	0.4186474	-0.008811017
65	37	0.5112613	0.4186474	-0.008811017
65	38	0.5112613	0.4186474	-0.008811017
66	1	0.4402452	0.3189745	1.188176
66	2	0.4402452	0.3189745	1.188176
66	3	0.4402452	0.3189745	1.188176
66	4	0.4402452	0.3189745	1.188176
66	5	0.4402452	0.3189745	1.188176
66	6	0.4402452	0.3189745	1.188176
66	7	0.4402452	0.3189745	1.188176
66	8	0.4402452	0.3189745	1.188176
66	9	0.4402452	0.3189745	1.188176
66	10	0.4402452	0.3189745	1.188176
66	11	0.4402452	0.3189745	1.188176
66	12	0.4402452	0.3189745	1.188176
66	13	0.4402452	0.3189745	1.188176
66	14	0.4402452	0.3189745	1.188176
66	15	0.4402452	0.3189745	1.188176
66	16	0.4402452	0.3189745	1.188176
66	17	0.4402452	0.3189745	1.188176
66	18	0.4402452	0.3189745	1.188176
66	19	0.4402452	0.3189745	1.188176
66	20	0.4402452	0.3189745	1.188176
66	21	0.4402452	0.3189745	1.188176
66	22	0.4402452	0.3189745	1.188176
66	23	0.4402452	0.3189745	1.188176
66	24	0.4402452	0.3189745	1.188176
66	25	0.4402452	0.3189745	1.188176
66	26	-0.2266863	0.599177	0.3768506
66	27	-0.2266863	0.599177	0.3768506
66	28	-0.2266863	0.599177	0.3768506
66	29	-0.2266863	0.599177	0.3768506
66	30	0.5095271	0.4191912	-0.009089129
66	31	0.5095271	0.4191912	-0.009089129
66	32	0.5095271	0.4191912	-0.009089129
66	33	0.5095271	0.4191912	-0.009089129
66	34	0.5095271	0.4191912	-0.009089129
66	35	0.5095271	0.4191912	-0.009089129
66	36	0.5095271	0.4191912	-0.009089129
66	37	0.5095271	0.4191912	-0.009089129
66	38	0.5095271	0.4191912	-0.009089129
67	1	0.4402452	0.3189745	1.188176
67	2	0.4402452	0.3189745	1.188176
67	3	0.4402452	0.3189745	1.188176
67	4	0.4402452	0.3189745	1.188176
67	5	0.4402452	0.3189745	1.188176
67	6	0.4402452	0.3189745	1.188176
67	7	0.4402452	0.3189745	1.188176
67	8	0.4402452	0.3189745	1.188176
67	9	0.4402452	0.3189745	1.188176
67	10	0.4402452	0.3189745	1.188176
67	11	0.4402452	0.3189745	1.188176
67	12	0.4402452	0.3189745	1.188176
67	13	0.4402452	0.3189745	1.188176
67	14	0.4402452	0.3189745	1.188176
67	15	0.4402452	0.3189745	1.188176
67	16	0.4402452	0.3189745	1.188176
67	17	0.4402452	0.3189745	1.188176
67	18	0.4402452	0.3189745	1.188176
67	19	0.4402452	0.3189745	1.188176
67	20	0.4402452	0.3189745	1.188176
67	21	0.4402452	0.3189745	1.188176
67	22	0.4402452	0.3189745	1.188176
67	23	0.4402452	0.3189745	1.188176
67	24	0.4402452	0.3189745	1.188176
67	25	0.4402452	0.3189745	1.188176
67	26	-0.2266863	0.599177	0.3768506
67	27	-0.2266863	0.599177	0.3768506
67	28	-0.2266863	0.599177	0.3768506
67	29	-0.2266863	0.599177	0.3768506
67	30	0.5095271	0.4191912	-0.009089129
67	31	0.5095271	0.4191912	-0.009089129
67	32	0.5095271	0.4191912	-0.009089129
67	33	0.5095271	0.4191912	-0.009089129
67	34	0.5095271	0.4191912	-0.009089129
67	35	0.5095271	0.4191912	-0.009089129
67	36	0.5095271	0.4191912	-0.009089129
67	37	0.5095271	0.4191912	-0.009089129
67	38	0.5095271	0.4191912	-0.009089129
68	1	0.4402452	0.3189745	1.188176
68	2	0.4402452	0.3189745	1.188176
68	3	0.4402452	0.3189745	1.188176
68	4	0.4402452	0.3189745	1.188176
68	5	0.4402452	0.3189745	1.188176
68	6	0.4402452	0.3189745	1.188176
68	7	0.4402452	0.3189745	1.188176
68	8	0.4402452	0.3189745	1.188176
68	9	0.4402452	0.3189745	1.188176
68	10	0.4402452	0.3189745	1.188176
68	11	0.4402452	0.3189745	1.188176
68	12	0.4402452	0.3189745	1.188176
68	13	0.4402452	0.3189745	1.188176
68	14	0.4402452	0.3189745	1.188176
68	15	0.4402452	0.3189745	1.188176
68	16	0.4402452	0.3189745	1.188176
68	17	0.4402452	0.3189745	1.188176
68	18	0.4402452	0.3189745	1.188176
68	19	0.4402452	0.3189745	1.188176
68	20	0.4402452	0.3189745	1.188176
68	21	0.4402452	0.3189745	1.188176
68	22	0.4402452	0.3189745	1.188176
68	23	0.4402452	0.3189745	1.188176
68	24	0.4402452	0.3189745	1.188176
68	25	0.4402452	0.3189745	1.188176
68	26	-0.2266863	0.599177	0.3768506
68	27	-0.2266863	0.599177	0.3768506
68	28	-0.2266863	0.599177	0.3768506
68	29	-0.2266863	0.599177	0.3768506
68	30	0.5095271	0.4191912	-0.009089129
68	31	0.5095271	0.4191912	-0.009089129
68	32	0.5095271	0.4191912	-0.009089129
68	33	0.5095271	0.4191912	-0.009089129
68	34	0.5095271	0.4191912	-0.009089129
68	35	0.5095271	0.4191912	-0.009089129
68	36	0.5095271	0.4191912	-0.009089129
68	37	0.5095271	0.4191912	-0.009089129
68	38	0.5095271	0.4191912	-0.009089129
69	1	0.4402452	0.3189745	1.188176
69	2	0.4402452	0.3189745	1.188176
69	3	0.4402452	0.3189745	1.188176
69	4	0.4402452	0.3189745	1.188176
69	5	0.4402452	0.3189745	1.188176
69	6	0.4402452	0.3189745	1.188176
69	7	0.4402452	0.3189745	1.188176
69	8	0.4402452	0.3189745	1.188176
69	9	0.4402452	0.3189745	1.188176
69	10	0.4402452	0.3189745	1.188176
69	11	0.4402452	0.3189745	1.188176
69	12	0.4402452	0.3189745	1.188176
69	13	0.4402452	0.3189745	1.188176
69	14	0.4402452	0.3189745	1.188176
69	15	0.4402452	0.3189745	1.188176
69	16	0.4402452	0.3189745	1.188176
69	17	0.4402452	0.3189745	1.188176
69	18	0.4402452	0.3189745	1.188176
69	19	0.4402452	0.3189745	1.188176
69	20	0.4402452	0.3189745	1.188176
69	21	0.4402452	0.3189745	1.188176
69	22	0.4402452	0.3189745	1.188176
69	23	0.4402452	0.3189745	1.188176
69	24	0.4402452	0.3189745	1.188176
69	25	0.4402452	0.3189745	1.188176
69	26	-0.2266863	0.599177	0.3768506
69	27	-0.2266863	0.599177	0.3768506
69	28	-0.2266863	0.599177	0.3768506
69	29	-0.2266863	0.599177	0.3768506
69	30	0.5095271	0.4191912	-0.009089129
69	31	0.5095271	0.4191912	-0.009089129
69	32	0.5095271	0.4191912	-0.009089129
69	33	0.5095271	0.4191912	-0.009089129
69	34	0.5095271	0.4191912	-0.009089129
69	35	0.5095271	0.4191912	-0.009089129
69	36	0.5095271	0.4191912	-0.009089129
69	37	0.5095271	0.4191912	-0.009089129
69	38	0.5095271	0.4191912	-0.009089129
70	1	0.4402452	0.3189745	1.188176
70	2	0.4402452	0.3189745	1.188176
70	3	0.4402452	0.3189745	1.188176
70	4	0.4402452	0.3189745	1.188176
70	5	0.4402452	0.3189745	1.188176
70	6	0.4402452	0.3189745	1.188176
70	7	0.4402452	0.3189745	1.188176
70	8	0.4402452	0.3189745	1.188176
70	9	0.4402452	0.3189745	1.188176
70	10	0.4402452	0.3189745	1.188176
70	11	0.4402452	0.3189745	1.188176
70	12	0.4402452	0.3189745	1.188176
70	13	0.4402452	0.3189745	1.188176
70	14	0.4402452	0.3189745	1.188176
70	15	0.4402452	0.3189745	1.188176
70	16	0.4402452	0.3189745	1.188176
70	17	0.4402452	0.3189745	1.188176
70	18	0.4402452	0.3189745	1.188176
70	19	0.4402452	0.3189745	1.188176
70	20	0.4402452	0.3189745	1.188176
70	21	0.4402452	0.3189745	1.188176
70	22	0.4402452	0.3189745	1.188176
70	23	0.4402452	0.3189745	1.188176
70	24	0.4402452	0.3189745	1.188176
70	25	0.4402452	0.3189745	1.188176
70	26	-0.2266863	0.599177	0.3768506
70	27	-0.2266863	0.599177	0.3768506
70	28	-0.2266863	0.599177	0.3768506
70	29	-0.2266863	0.599177	0.3768506
70	30	0.5095271	0.4191912	-0.009089129
70	31	0.5095271	0.4191912	-0.009089129
70	32	0.5095271	0.4191912	-0.009089129
70	33	0.5095271	0.4191912	-0.009089129
70	34	0.5095271	0.4191912	-0.009089129
70	35	0.5095271	0.4191912	-0.009089129
70	36	0.5095271	0.4191912	-0.009089129
70	37	0.5095271	0.4191912	-0.009089129
70	38	0.5095271	0.4191912	-0.009089129
71	1	0.4402452	0.3189745	1.188176
71	2	0.4402452	0.3189745	1.188176
71	3	0.4402452	0.3189745	1.188176
71	4	0.4402452	0.3189745	1.188176
71	5	0.4402452	0.3189745	1.188176
71	6	0.4402452	0.3189745	1.188176
71	7	0.4402452	0.3189745	1.188176
71	8	0.4402452	0.3189745	1.188176
71	9	0.4402452	0.3189745	1.188176
71	10	0.4402452	0.3189745	1.188176
71	11	0.4402452	0.3189745	1.188176
71	12	0.4402452	0.3189745	1.188176
71	13	0.4402452	0.3189745	1.188176
71	14	0.4402452	0.3189745	1.188176
71	15	0.4402452	0.3189745	1.188176
71	16	0.4402452	0.3189745	1.188176
71	17	0.4402452	0.3189745	1.188176
71	18	0.4402452	0.3189745	1.188176
71	19	0.4402452	0.3189745	1.188176
71	20	0.4402452	0.3189745	1.188176
71	21	0.4402452	0.3189745	1.188176
71	22	0.4402452	0.3189745	1.188176
71	23	0.4402452	0.3189745	1.188176
71	24	0.4402452	0.3189745	1.188176
71	25	0.4402452	0.3189745	1.188176
71	26	-0.2266863	0.599177	0.3768506
71	27	-0.2266863	0.599177	0.3768506
71	28	-0.2266863	0.599177	0.3768506
71	29	-0.2266863	0.599177	0.3768506
71	30	0.5095271	0.4191912	-0.009089129
71	31	0.5095271	0.4191912	-0.009089129
71	32	0.5095271	0.4191912	-0.009089129
71	33	0.5095271	0.4191912	-0.009089129
71	34	0.5095271	0.4191912	-0.009089129
71	35	0.5095271	0.4191912	-0.009089129
71	36	0.5095271	0.4191912	-0.009089129
71	37	0.5095271	0.4191912	-0.009089129
71	38	0.5095271	0.4191912	-0.009089129
72	1	0.4402452	0.3189745	1.188176
72	2	0.4402452	0.3189745	1.188176
72	3	0.4402452	0.3189745	1.188176
72	4	0.4402452	0.3189745	1.188176
72	5	0.4402452	0.3189745	1.188176
72	6	0.4402452	0.3189745	1.188176
72	7	0.4402452	0.3189745	1.188176
72	8	0.4402452	0.3189745	1.188176
72	9	0.4402452	0.3189745	1.188176
72	10	0.4402452	0.3189745	1.188176
72	11	0.4402452	0.3189745	1.188176
72	12	0.4402452	0.3189745	1.188176
72	13	0.4402452	0.3189745	1.188176
72	14	0.4402452	0.3189745	1.188176
72	15	0.4402452	0.3189745	1.188176
72	16	0.4402452	0.3189745	1.188176
72	17	0.4402452	0.3189745	1.188176
72	18	0.4402452	0.3189745	1.188176
72	19	0.4402452	0.3189745	1.188176
72	20	0.4402452	0.3189745	1.188176
72	21	0.4402452	0.3189745	1.188176
72	22	0.4402452	0.3189745	1.188176
72	23	0.4402452	0.3189745	1.188176
72	24	0.4402452	0.3189745	1.188176
72	25	0.4402452	0.3189745	1.188176
72	26	-0.2266863	0.599177	0.3768506
72	27	-0.2266863	0.599177	0.3768506
72	28	-0.2266863	0.599177	0.3768506
72	29	-0.2266863	0.599177	0.3768506
72	30	0.5095271	0.4191912	-0.009089129
72	31	0.5095271	0.4191912	-0.009089129
72	32	0.5095271	0.4191912	-0.009089129
72	33	0.5095271	0.4191912	-0.009089129
72	34	0.5095271	0.4191912	-0.009089129
72	35	0.5095271	0.4191912	-0.009089129
72	36	0.5095271	0.4191912	-0.009089129
72	37	0.5095271	0.4191912	-0.009089129
72	38	0.5095271	0.4191912	-0.009089129
73	1	0.4402452	0.3189745	1.188176
73	2	0.4402452	0.3189745	1.188176
73	3	0.4402452	0.3189745	1.188176
73	4	0.4402452	0.3189745	1.188176
73	5	0.4402452	0.3189745	1.188176
73	6	0.4402452	0.3189745	1.188176
73	7	0.4402452	0.3189745	1.188176
73	8	0.4402452	0.3189745	1.188176
73	9	0.4402452	0.3189745	1.188176
73	10	0.4402452	0.3189745	1.188176
73	11	0.4402452	0.3189745	1.188176
73	12	0.4402452	0.3189745	1.188176
73	13	0.4402452	0.3189745	1.188176
73	14	0.4402452	0.3189745	1.188176
73	15	0.4402452	0.3189745	1.188176
73	16	0.4402452	0.3189745	1.188176
73	17	0.4402452	0.3189745	1.188176
73	18	0.4402452	0.3189745	1.188176
73	19	0.4402452	0.3189745	1.188176
73	20	0.4402452	0.3189745	1.188176
73	21	0.4402452	0.3189745	1.188176
73	22	0.4402452	0.3189745	1.188176
73	23	0.4402452	0.3189745	1.188176
73	24	0.4402452	0.3189745	1.188176
73	25	0.4402452	0.3189745	1.188176
73	26	-0.2266863	0.599177	0.3768506
73	27	-0.2266863	0.599177	0.3768506
73	28	-0.2266863	0.599177	0.3768506
73	29	-0.2266863	0.599177	0.3768506
73	30	0.5095271	0.4191912	-0.009089129
73	31	0.5095271	0.4191912	-0.009089129
73	32	0.5095271	0.4191912	-0.009089129
73	33	0.5095271	0.4191912	-0.009089129
73	34	0.5095271	0.4191912	-0.009089129
73	35	0.5095271	0.4191912	-0.009089129
73	36	0.5095271	0.4191912	-0.009089129
73	37	0.5095271	0.4191912	-0.009089129
73	38	0.5095271	0.4191912	-0.009089129
74	26	-0.07627046	0.4349072	1.561434
74	27	-0.07627043	0.4349072	1.561434
74	28	-0.07627045	0.4349072	1.561434
74	29	-0.07627045	0.4349072	1.561434
74	30	0.5409993	0.4074186	0.01482700
74	31	0.5409993	0.4074186	0.01482700
74	32	0.5409993	0.4074186	0.01482700
74	33	0.5409993	0.4074186	0.01482700
74	34	0.5409993	0.4074186	0.01482700
74	35	0.5409993	0.4074186	0.01482700
74	36	0.5409993	0.4074186	0.01482700
74	37	0.5409993	0.4074186	0.01482700
74	38	0.5409993	0.4074186	0.01482700
75	26	-0.07627046	0.4349072	1.561434
75	27	-0.07627043	0.4349072	1.561434
75	28	-0.07627045	0.4349072	1.561434
75	29	-0.07627045	0.4349072	1.561434
75	30	0.5409993	0.4074186	0.01482700
75	31	0.5409993	0.4074186	0.01482700
75	32	0.5409993	0.4074186	0.01482700
75	33	0.5409993	0.4074186	0.01482700
75	34	0.5409993	0.4074186	0.01482700
75	35	0.5409993	0.4074186	0.01482700
75	36	0.5409993	0.4074186	0.01482700
75	37	0.5409993	0.4074186	0.01482700
75	38	0.5409993	0.4074186	0.01482700
76	26	-0.07627046	0.4349072	1.561434
76	27	-0.07627043	0.4349072	1.561434
76	28	-0.07627045	0.4349072	1.561434
76	29	-0.07627045	0.4349072	1.561434
76	30	0.5409993	0.4074186	0.01482700
76	31	0.5409993	0.4074186	0.01482700
76	32	0.5409993	0.4074186	0.01482700
76	33	0.5409993	0.4074186	0.01482700
76	34	0.5409993	0.4074186	0.01482700
76	35	0.5409993	0.4074186	0.01482700
76	36	0.5409993	0.4074186	0.01482700
76	37	0.5409993	0.4074186	0.01482700
76	38	0.5409993	0.4074186	0.01482700
77	26	-0.07627046	0.4349072	1.561434
77	27	-0.07627043	0.4349072	1.561434
77	28	-0.07627045	0.4349072	1.561434
77	29	-0.07627045	0.4349072	1.561434
77	30	0.5409993	0.4074186	0.01482700
77	31	0.5409993	0.4074186	0.01482700
77	32	0.5409993	0.4074186	0.01482700
77	33	0.5409993	0.4074186	0.01482700
77	34	0.5409993	0.4074186	0.01482700
77	35	0.5409993	0.4074186	0.01482700
77	36	0.5409993	0.4074186	0.01482700
77	37	0.5409993	0.4074186	0.01482700
77	38	0.5409993	0.4074186	0.01482700
78	1	0.4402452	0.3189745	1.188176
78	2	0.4402452	0.3189745	1.188176
78	3	0.4402452	0.3189745	1.188176
78	4	0.4402452	0.3189745	1.188176
78	5	0.4402452	0.3189745	1.188176
78	6	0.4402452	0.3189745	1.188176
78	7	0.4402452	0.3189745	1.188176
78	8	0.4402452	0.3189745	1.188176
78	9	0.4402452	0.3189745	1.188176
78	10	0.4402452	0.3189745	1.188176
78	11	0.4402452	0.3189745	1.188176
78	12	0.4402452	0.3189745	1.188176
78	13	0.4402452	0.3189745	1.188176
78	14	0.4402452	0.3189745	1.188176
78	15	0.4402452	0.3189745	1.188176
78	16	0.4402452	0.3189745	1.188176
78	17	0.4402452	0.3189745	1.188176
78	18	0.4402452	0.3189745	1.188176
78	19	0.4402452	0.3189745	1.188176
78	20	0.4402452	0.3189745	1.188176
78	21	0.4402452	0.3189745	1.188176
78	22	0.4402452	0.3189745	1.188176
78	23	0.4402452	0.3189745	1.188176
78	24	0.4402452	0.3189745	1.188176
78	25	0.4402452	0.3189745	1.188176
78	26	-0.2266863	0.599177	0.3768506
78	27	-0.2266863	0.599177	0.3768506
78	28	-0.2266863	0.599177	0.3768506
78	29	-0.2266863	0.599177	0.3768506
78	30	0.5095271	0.4191912	-0.009089129
78	31	0.5095271	0.4191912	-0.009089129
78	32	0.5095271	0.4191912	-0.009089129
78	33	0.5095271	0.4191912	-0.009089129
78	34	0.5095271	0.4191912	-0.009089129
78	35	0.5095271	0.4191912	-0.009089129
78	36	0.5095271	0.4191912	-0.009089129
78	37	0.5095271	0.4191912	-0.009089129
78	38	0.5095271	0.4191912	-0.009089129
79	1	0.4402452	0.3189745	1.188176
79	2	0.4402452	0.3189745	1.188176
79	3	0.4402452	0.3189745	1.188176
79	4	0.4402452	0.3189745	1.188176
79	5	0.4402452	0.3189745	1.188176
79	6	0.4402452	0.3189745	1.188176
79	7	0.4402452	0.3189745	1.188176
79	8	0.4402452	0.3189745	1.188176
79	9	0.4402452	0.3189745	1.188176
79	10	0.4402452	0.3189745	1.188176
79	11	0.4402452	0.3189745	1.188176
79	12	0.4402452	0.3189745	1.188176
79	13	0.4402452	0.3189745	1.188176
79	14	0.4402452	0.3189745	1.188176
79	15	0.4402452	0.3189745	1.188176
79	16	0.4402452	0.3189745	1.188176
79	17	0.4402452	0.3189745	1.188176
79	18	0.4402452	0.3189745	1.188176
79	19	0.4402452	0.3189745	1.188176
79	20	0.4402452	0.3189745	1.188176
79	21	0.4402452	0.3189745	1.188176
79	22	0.4402452	0.3189745	1.188176
79	23	0.4402452	0.3189745	1.188176
79	24	0.4402452	0.3189745	1.188176
79	25	0.4402452	0.3189745	1.188176
79	26	-0.2266863	0.599177	0.3768506
79	27	-0.2266863	0.599177	0.3768506
79	28	-0.2266863	0.599177	0.3768506
79	29	-0.2266863	0.599177	0.3768506
79	30	0.5095271	0.4191912	-0.009089129
79	31	0.5095271	0.4191912	-0.009089129
79	32	0.5095271	0.4191912	-0.009089129
79	33	0.5095271	0.4191912	-0.009089129
79	34	0.5095271	0.4191912	-0.009089129
79	35	0.5095271	0.4191912	-0.009089129
79	36	0.5095271	0.4191912	-0.009089129
79	37	0.5095271	0.4191912	-0.009089129
79	38	0.5095271	0.4191912	-0.009089129
80	30	1.120904	0.1941041	0.4197782
80	31	1.120904	0.1941041	0.4197782
80	32	1.120904	0.1941041	0.4197782
80	33	1.120904	0.1941041	0.4197782
80	34	1.120904	0.1941041	0.4197782
80	35	1.120904	0.1941041	0.4197782
80	36	1.120904	0.1941041	0.4197782
80	37	1.120904	0.1941041	0.4197782
80	38	1.120904	0.1941041	0.4197782
81	30	-0.1091989	0.5620388	0.3986544
81	31	-0.1091989	0.5620388	0.3986544
81	32	-0.1091989	0.5620388	0.3986544
81	33	-0.1091989	0.5620388	0.3986544
81	34	-0.1091989	0.5620388	0.3986544
81	35	1.124796	0.1929401	0.4198446
81	36	1.124796	0.1929401	0.4198446
81	37	-0.1091989	0.5620388	0.3986544
81	38	-0.1091989	0.5620388	0.3986544
82	30	-0.1091989	0.5620388	0.3986544
82	31	-0.1091989	0.5620388	0.3986544
82	32	-0.1091989	0.5620388	0.3986544
82	33	-0.1091989	0.5620388	0.3986544
82	34	-0.1091989	0.5620388	0.3986544
82	35	1.124796	0.1929401	0.4198446
82	36	1.124796	0.1929401	0.4198446
82	37	-0.1091989	0.5620388	0.3986544
82	38	-0.1091989	0.5620388	0.3986544
83	30	-0.1091989	0.5620388	0.3986544
83	31	-0.1091989	0.5620388	0.3986544
83	32	-0.1091989	0.5620388	0.3986544
83	33	-0.1091989	0.5620388	0.3986544
83	34	-0.1091989	0.5620388	0.3986544
83	35	1.124796	0.1929401	0.4198446
83	36	1.124796	0.1929401	0.4198446
83	37	-0.1091989	0.5620388	0.3986544
83	38	-0.1091989	0.5620388	0.3986544
84	30	-0.1091989	0.5620388	0.3986544
84	31	-0.1091989	0.5620388	0.3986544
84	32	-0.1091989	0.5620388	0.3986544
84	33	-0.1091989	0.5620388	0.3986544
84	34	-0.1091989	0.5620388	0.3986544
84	35	1.124796	0.1929401	0.4198446
84	36	1.124796	0.1929401	0.4198446
84	37	-0.1091989	0.5620388	0.3986544
84	38	-0.1091989	0.5620388	0.3986544
85	30	1.069775	0.237606	0.1393654
85	31	1.069775	0.237606	0.1393654
85	32	-0.2268624	0.552418	0.8407293
85	33	-0.2268624	0.552418	0.8407293
85	34	-0.2268624	0.552418	0.8407293
85	35	1.090417	0.2303979	0.1499641
85	36	1.090417	0.2303979	0.1499641
85	37	1.069775	0.237606	0.1393654
85	38	1.069775	0.237606	0.1393654
86	30	-0.2063733	0.5622195	0.6832226
86	31	-0.2063733	0.5622195	0.6832226
86	32	0.8112657	0.2467889	0.8101567
86	33	0.8112657	0.2467889	0.8101567
86	34	0.8112657	0.2467889	0.8101567
86	35	-0.2063733	0.5622195	0.6832226
86	36	-0.2063733	0.5622195	0.6832226
86	37	0.69626	0.3587962	0.03912160
86	38	0.69626	0.3587962	0.03912160
87	30	-0.2063733	0.5622195	0.6832226
87	31	-0.2063733	0.5622195	0.6832226
87	32	0.8112657	0.2467889	0.8101567
87	33	0.8112657	0.2467889	0.8101567
87	34	0.8112657	0.2467889	0.8101567
87	35	-0.2063733	0.5622195	0.6832226
87	36	-0.2063733	0.5622195	0.6832226
87	37	0.69626	0.3587962	0.03912160
87	38	0.69626	0.3587962	0.03912160
88	30	-0.2063733	0.5622195	0.6832226
88	31	-0.2063733	0.5622195	0.6832226
88	32	0.8112657	0.2467889	0.8101567
88	33	0.8112657	0.2467889	0.8101567
88	34	0.8112657	0.2467889	0.8101567
88	35	-0.2063733	0.5622195	0.6832226
88	36	-0.2063733	0.5622195	0.6832226
88	37	0.69626	0.3587962	0.03912160
88	38	0.69626	0.3587962	0.03912160
89	30	-0.2063733	0.5622195	0.6832226
89	31	-0.2063733	0.5622195	0.6832226
89	32	0.8112657	0.2467889	0.8101567
89	33	0.8112657	0.2467889	0.8101567
89	34	0.8112657	0.2467889	0.8101567
89	35	-0.2063733	0.5622195	0.6832226
89	36	-0.2063733	0.5622195	0.6832226
89	37	0.69626	0.3587962	0.03912160
89	38	0.69626	0.3587962	0.03912160
90	30	-0.1808206	0.5652475	0.5779161
90	31	-0.1808206	0.5652475	0.5779161
90	32	1.160898	0.1965886	0.2773008
90	33	1.160898	0.1965886	0.2773008
90	34	1.160898	0.1965886	0.2773008
90	35	-0.1808206	0.5652475	0.5779161
90	36	-0.1808206	0.5652475	0.5779161
90	37	1.166018	0.1951342	0.2766266
90	38	1.166018	0.1951342	0.2766266
91	26	0.03387584	0.4277781	1.307495
91	27	0.03387584	0.4277781	1.307495
91	28	0.03387584	0.4277781	1.307495
91	29	0.03387584	0.4277781	1.307495
91	30	0.310939	0.4722636	0.05019886
91	31	0.310939	0.4722636	0.05019886
91	32	0.6848622	0.3625101	0.03590602
91	33	0.6848622	0.3625101	0.03590602
91	34	0.6848622	0.3625101	0.03590602
91	35	0.310939	0.4722636	0.05019886
91	36	0.310939	0.4722636	0.05019886
91	37	0.8123594	0.3233041	0.04870378
91	38	0.8123594	0.3233041	0.04870378
92	26	0.03387584	0.4277781	1.307495
92	27	0.03387584	0.4277781	1.307495
92	28	0.03387584	0.4277781	1.307495
92	29	0.03387584	0.4277781	1.307495
92	30	0.310939	0.4722636	0.05019886
92	31	0.310939	0.4722636	0.05019886
92	32	0.6848622	0.3625101	0.03590602
92	33	0.6848622	0.3625101	0.03590602
92	34	0.6848622	0.3625101	0.03590602
92	35	0.310939	0.4722636	0.05019886
92	36	0.310939	0.4722636	0.05019886
92	37	0.8123594	0.3233041	0.04870378
92	38	0.8123594	0.3233041	0.04870378
93	26	0.03387584	0.4277781	1.307495
93	27	0.03387584	0.4277781	1.307495
93	28	0.03387584	0.4277781	1.307495
93	29	0.03387584	0.4277781	1.307495
93	30	0.310939	0.4722636	0.05019886
93	31	0.310939	0.4722636	0.05019886
93	32	0.6848622	0.3625101	0.03590602
93	33	0.6848622	0.3625101	0.03590602
93	34	0.6848622	0.3625101	0.03590602
93	35	0.310939	0.4722636	0.05019886
93	36	0.310939	0.4722636	0.05019886
93	37	0.8123594	0.3233041	0.04870378
93	38	0.8123594	0.3233041	0.04870378
94	26	0.04503547	0.4265297	1.286980
94	27	0.04503547	0.4265297	1.286980
94	28	0.04503547	0.4265297	1.286980
94	29	0.04503547	0.4265297	1.286980
94	30	0.3780126	0.4536674	0.03682158
94	31	0.3780126	0.4536674	0.03682158
94	37	0.7041658	0.356999	0.03363414
94	38	0.7041658	0.356999	0.03363414
95	26	0.0772496	0.4164101	1.29233
95	27	0.0772496	0.4164101	1.29233
95	28	0.0772496	0.4164101	1.29233
95	29	0.0772496	0.4164101	1.29233
95	30	0.992032	0.2660477	0.08661879
95	31	0.992032	0.2660477	0.08661879
95	32	0.5236802	0.4108633	0.03172919
95	33	0.5236802	0.4108633	0.03172919
95	34	0.5236802	0.4108633	0.03172919
95	35	-0.06723245	0.5613204	0.2821041
95	36	-0.06723245	0.5613204	0.2821041
95	37	1.004390	0.2619181	0.09112376
95	38	1.004390	0.2619181	0.09112376
96	26	0.1630654	0.3948368	1.253225
96	27	0.1630654	0.3948368	1.253225
96	28	0.1630654	0.3948368	1.253225
96	29	0.1630654	0.3948368	1.253225
96	30	1.125666	0.2175511	0.1733976
96	31	1.125666	0.2175511	0.1733976
96	32	0.2514457	0.4885278	0.06434595
96	33	0.2514457	0.4885278	0.06434595
96	34	0.2514457	0.4885278	0.06434595
96	36	-0.04406245	0.5580952	0.2457861
96	37	0.971766	0.2725727	0.08167977
96	38	0.971766	0.2725727	0.08167977
97	26	0.04488091	0.4275278	1.277544
97	27	0.04488091	0.4275278	1.277544
97	28	0.04488091	0.4275278	1.277544
97	29	0.04488091	0.4275278	1.277544
97	30	1.010289	0.2590252	0.1024067
97	31	1.010289	0.2590252	0.1024067
97	32	0.2418158	0.4912963	0.06528918
97	33	0.2418158	0.4912963	0.06528918
97	34	0.2418158	0.4912963	0.06528918
97	36	-0.1555013	0.5675512	0.4804761
97	37	1.079665	0.2362815	0.1233462
97	38	1.079665	0.2362815	0.1233462
98	26	0.5015579	0.3111787	1.084749
98	27	0.5015579	0.3111787	1.084749
98	28	0.5015579	0.3111787	1.084749
98	29	0.5015579	0.3111787	1.084749
98	30	1.177930	0.1926019	0.2666161
98	31	1.177930	0.1926019	0.2666161
98	32	0.8043506	0.3256363	0.04919281
98	33	0.8043506	0.3256363	0.04919281
98	34	0.8043506	0.3256363	0.04919281
98	35	-0.1527221	0.5845015	0.3043162
98	36	-0.2337218	0.5566168	0.8193353
98	37	1.076962	0.2371949	0.1222588
98	38	1.076962	0.2371949	0.1222588
99	26	-0.2311017	0.539506	0.9811736
99	27	-0.2311017	0.539506	0.9811736
99	28	-0.2311017	0.539506	0.9811736
99	29	-0.2311017	0.539506	0.9811736
99	30	0.009943516	0.5454949	0.2115006
99	31	0.009943516	0.5454949	0.2115006
99	32	0.705407	0.3560278	0.0396
99	33	0.705407	0.3560278	0.0396
99	34	0.705407	0.3560278	0.0396
99	35	-0.1983433	0.5176901	1.100825
99	36	-0.1983433	0.5176901	1.100825
99	37	1.025452	0.2047927	0.5951443
99	38	1.025452	0.2047927	0.5951443
100	26	-0.1542544	0.5651568	0.5005284
100	27	-0.1542544	0.5651568	0.5005284
100	28	-0.1542544	0.5651568	0.5005284
100	29	-0.1542544	0.5651568	0.5005284
100	30	-0.1513715	0.564361	0.4999185
100	31	-0.1513715	0.564361	0.4999185
100	32	1.164633	0.1901342	0.3302553
100	33	1.164633	0.1901342	0.3302553
100	34	1.164633	0.1901342	0.3302553
100	35	-0.1513715	0.564361	0.4999185
100	36	-0.1513715	0.564361	0.4999185
100	37	-0.1513715	0.564361	0.4999185
100	38	-0.1513715	0.564361	0.4999185
