1	2	-0.1644854	0.5785754	0.3977056
1	3	-0.1200287	0.565278	0.3984690
1	6	1.279216	0.1467517	0.4224957
1	7	-0.1200287	0.565278	0.3984690
2	2	-0.1644854	0.5785754	0.3977056
2	3	-0.1200287	0.565278	0.3984690
2	6	1.279216	0.1467517	0.4224957
2	7	-0.1200287	0.565278	0.3984690
3	3	1.180252	0.1763527	0.4207973
3	6	-0.1681057	0.5796584	0.3976424
3	7	1.180252	0.1763527	0.4207973
4	3	1.180252	0.1763527	0.4207973
4	6	-0.1681057	0.5796584	0.3976424
4	7	1.180252	0.1763527	0.4207973
5	1	1.180252	0.1763527	0.4207973
5	3	-0.1681057	0.5796584	0.3976425
5	4	1.180252	0.1763527	0.4207972
5	5	1.180252	0.1763527	0.4207973
5	6	1.180252	0.1763527	0.4207973
5	7	-0.1681057	0.5796584	0.3976425
6	1	1.156372	0.1834955	0.4203871
6	3	-0.1796060	0.5830982	0.3974451
6	4	1.156372	0.1834955	0.4203871
6	5	1.156372	0.1834955	0.4203870
6	6	1.156372	0.1834955	0.4203870
7	1	1.156372	0.1834955	0.4203871
7	3	-0.1796060	0.5830982	0.3974451
7	4	1.156372	0.1834955	0.4203871
7	5	1.156372	0.1834955	0.4203870
7	6	1.156372	0.1834955	0.4203870
8	1	1.156372	0.1834955	0.4203871
8	3	-0.1796060	0.5830982	0.3974451
8	4	1.156372	0.1834955	0.4203871
8	5	1.156372	0.1834955	0.4203870
8	6	1.156372	0.1834955	0.4203870
9	1	1.180252	0.1763527	0.4207973
9	3	-0.1681057	0.5796584	0.3976425
9	4	1.180252	0.1763527	0.4207972
9	5	1.180252	0.1763527	0.4207973
9	6	1.180252	0.1763527	0.4207973
9	7	-0.1681057	0.5796584	0.3976425
10	3	1.180252	0.1763527	0.4207973
10	5	-0.1681057	0.5796584	0.3976424
10	7	1.180252	0.1763527	0.4207973
11	3	1.180252	0.1763527	0.4207973
11	5	-0.1681057	0.5796584	0.3976424
11	7	1.180252	0.1763527	0.4207973
12	2	-0.1644854	0.5785754	0.3977057
12	3	-0.1200287	0.565278	0.398469
12	5	1.279216	0.1467517	0.4224957
12	7	-0.1200287	0.565278	0.398469
13	2	-0.1644854	0.5785754	0.3977057
13	3	-0.1200287	0.565278	0.398469
13	5	1.279216	0.1467517	0.4224957
13	7	-0.1200287	0.565278	0.398469
14	2	-0.1644854	0.5785754	0.3977057
14	3	-0.1200287	0.565278	0.398469
14	5	1.279216	0.1467517	0.4224957
14	7	-0.1200287	0.565278	0.398469
15	1	1.279483	0.1532362	0.3574504
15	2	0.1010084	0.5308396	0.08837244
15	3	-0.1514541	0.5798693	0.3464824
15	4	1.279483	0.1532362	0.3574504
15	5	-0.2166226	0.4926427	1.402900
15	6	1.279483	0.1532362	0.3574504
15	7	-0.1514541	0.5798693	0.3464824
16	1	1.238006	0.1737050	0.2768415
16	2	-0.1537210	0.5764008	0.3875337
16	3	-0.1537210	0.5764008	0.3875337
16	4	1.238006	0.1737050	0.2768415
16	5	0.6470424	0.2727806	1.036534
16	6	1.238006	0.1737050	0.2768415
16	7	-0.1537210	0.5764008	0.3875337
17	1	1.238006	0.1737050	0.2768415
17	2	-0.1537210	0.5764008	0.3875337
17	3	-0.1537210	0.5764008	0.3875337
17	4	1.238006	0.1737050	0.2768415
17	5	0.6470424	0.2727806	1.036534
17	6	1.238006	0.1737050	0.2768415
17	7	-0.1537210	0.5764008	0.3875337
18	1	1.238006	0.1737050	0.2768415
18	2	-0.1537210	0.5764008	0.3875337
18	3	-0.1537210	0.5764008	0.3875337
18	4	1.238006	0.1737050	0.2768415
18	5	0.6470424	0.2727806	1.036534
18	6	1.238006	0.1737050	0.2768415
18	7	-0.1537210	0.5764008	0.3875337
19	1	1.238006	0.1737050	0.2768415
19	2	-0.1537210	0.5764008	0.3875337
19	3	-0.1537210	0.5764008	0.3875337
19	4	1.238006	0.1737050	0.2768415
19	5	0.6470424	0.2727806	1.036534
19	6	1.238006	0.1737050	0.2768415
19	7	-0.1537210	0.5764008	0.3875337
20	1	1.238006	0.1737050	0.2768415
20	2	-0.1537210	0.5764008	0.3875337
20	3	-0.1537210	0.5764008	0.3875337
20	4	1.238006	0.1737050	0.2768415
20	5	0.6470424	0.2727806	1.036534
20	6	1.238006	0.1737050	0.2768415
20	7	-0.1537210	0.5764008	0.3875337
21	1	1.210368	0.1673448	0.4213145
21	2	-0.1535456	0.5753033	0.3978924
21	3	-0.1535456	0.5753033	0.3978924
21	4	1.210368	0.1673448	0.4213145
21	6	1.210368	0.1673448	0.4213145
21	7	-0.1535456	0.5753033	0.3978924
22	1	1.228580	0.1618974	0.4216260
22	2	-0.1447111	0.5726607	0.3980453
22	3	-0.1447111	0.5726607	0.3980453
22	6	1.228580	0.1618974	0.4216261
22	7	-0.1447111	0.5726607	0.3980453
23	1	0.695016	0.2657576	0.964757
23	2	-0.1454173	0.5774929	0.3522417
23	3	-0.1454173	0.5774929	0.3522417
23	4	1.194942	0.2048253	0.09535656
23	5	1.058994	0.1824991	0.7172181
23	6	0.695016	0.2657576	0.964757
23	7	-0.1454173	0.5774929	0.3522417
24	1	0.90997	0.2203096	0.7816863
24	2	-0.1327452	0.5754651	0.3349932
24	3	-0.1327452	0.5754651	0.3349932
24	4	0.90997	0.2203096	0.7816863
24	5	1.306914	0.1613040	0.1966668
24	6	0.90997	0.2203096	0.7816863
24	7	-0.1327452	0.5754651	0.3349932
25	1	1.197425	0.1712162	0.4210923
25	2	-0.1598108	0.5771773	0.3977848
25	3	-0.1598108	0.5771773	0.3977848
25	4	1.197425	0.1712162	0.4210923
25	5	1.197425	0.1712162	0.4210923
25	6	1.197425	0.1712162	0.4210923
25	7	-0.1598108	0.5771773	0.3977848
26	1	1.197425	0.1712162	0.4210923
26	2	-0.1598108	0.5771773	0.3977848
26	3	-0.1598108	0.5771773	0.3977848
26	4	1.197425	0.1712162	0.4210923
26	5	1.197425	0.1712162	0.4210923
26	6	1.197425	0.1712162	0.4210923
26	7	-0.1598108	0.5771773	0.3977848
27	1	1.21037	0.1673446	0.4213097
27	2	-0.1535479	0.5753035	0.3978973
27	3	-0.1753111	0.581813	0.3975238
27	4	1.21037	0.1673446	0.4213097
27	5	1.21037	0.1673446	0.4213096
27	6	1.21037	0.1673446	0.4213097
27	7	-0.1753111	0.581813	0.3975238
30	3	1.120904	0.1941041	0.4197782
30	7	1.120904	0.1941041	0.4197782
31	3	1.120904	0.1941041	0.4197782
31	7	1.120904	0.1941041	0.4197782
32	3	1.120904	0.1941041	0.4197782
32	7	1.120904	0.1941041	0.4197782
33	3	1.120904	0.1941041	0.4197782
33	7	1.120904	0.1941041	0.4197782
34	3	1.120904	0.1941041	0.4197782
34	7	1.120904	0.1941041	0.4197782
35	3	1.120904	0.1941041	0.4197782
35	7	1.120904	0.1941041	0.4197782
36	3	1.120904	0.1941041	0.4197782
36	7	1.120904	0.1941041	0.4197782
37	3	1.120904	0.1941041	0.4197782
37	7	1.120904	0.1941041	0.4197782
77	2	1.165305	0.1808235	0.4205407
77	3	-0.1313179	0.5686548	0.3982741
78	2	1.165305	0.1808235	0.4205407
78	3	-0.1313179	0.5686548	0.3982741
79	2	1.165305	0.1808235	0.4205407
79	3	-0.1313179	0.5686548	0.3982741
80	2	1.180252	0.1763527	0.4207973
80	3	-0.1238045	0.5664075	0.3984031
80	7	-0.1238045	0.5664075	0.3984031
81	2	1.180252	0.1763527	0.4207973
81	3	-0.1238045	0.5664075	0.3984031
81	7	-0.1238045	0.5664075	0.3984031
82	2	1.180252	0.1763527	0.4207973
82	3	-0.1238045	0.5664075	0.3984031
82	7	-0.1238045	0.5664075	0.3984031
83	2	1.165305	0.1808235	0.4205407
83	3	-0.1313179	0.5686548	0.3982741
84	2	1.165305	0.1808235	0.4205407
84	3	-0.1313179	0.5686548	0.3982741
85	2	1.180252	0.1763527	0.4207973
85	3	-0.1238045	0.5664075	0.3984031
85	7	-0.1238045	0.5664075	0.3984031
86	3	1.120904	0.1941041	0.4197782
86	7	1.120904	0.1941041	0.4197782
87	3	1.120904	0.1941041	0.4197782
87	7	1.120904	0.1941041	0.4197782
88	3	1.120904	0.1941041	0.4197782
88	7	1.120904	0.1941041	0.4197782
89	3	1.120904	0.1941041	0.4197782
89	7	1.120904	0.1941041	0.4197782
96	3	1.120904	0.1941041	0.4197782
96	7	1.120904	0.1941041	0.4197782
97	3	1.120904	0.1941041	0.4197782
97	7	1.120904	0.1941041	0.4197782
98	3	1.120904	0.1941041	0.4197782
98	7	1.120904	0.1941041	0.4197782
99	3	1.120904	0.1941041	0.4197782
99	7	1.120904	0.1941041	0.4197782
100	3	1.120904	0.1941041	0.4197782
100	7	1.120904	0.1941041	0.4197782
101	3	1.120904	0.1941041	0.4197782
101	7	1.120904	0.1941041	0.4197782
102	3	1.120904	0.1941041	0.4197782
102	7	1.120904	0.1941041	0.4197782
103	3	1.120904	0.1941041	0.4197782
103	7	1.120904	0.1941041	0.4197782
104	3	1.120904	0.1941041	0.4197782
104	7	1.120904	0.1941041	0.4197782
105	3	1.120904	0.1941041	0.4197782
105	7	1.120904	0.1941041	0.4197782
106	3	1.120904	0.1941041	0.4197782
106	7	1.120904	0.1941041	0.4197782
121	3	1.120904	0.1941041	0.4197782
121	7	1.120904	0.1941041	0.4197782
122	3	1.120904	0.1941041	0.4197782
122	7	1.120904	0.1941041	0.4197782
123	3	1.120904	0.1941041	0.4197782
123	7	1.120904	0.1941041	0.4197782
132	3	1.120904	0.1941041	0.4197782
132	7	1.120904	0.1941041	0.4197782
133	3	1.120904	0.1941041	0.4197782
133	7	1.120904	0.1941041	0.4197782
134	3	1.120904	0.1941041	0.4197782
134	7	1.120904	0.1941041	0.4197782
135	3	1.120904	0.1941041	0.4197782
135	7	1.120904	0.1941041	0.4197782
136	3	1.120904	0.1941041	0.4197782
136	7	1.120904	0.1941041	0.4197782
137	3	1.120904	0.1941041	0.4197782
137	7	1.120904	0.1941041	0.4197782
138	3	1.120904	0.1941041	0.4197782
138	7	1.120904	0.1941041	0.4197782
151	3	1.120904	0.1941041	0.4197782
151	7	1.120904	0.1941041	0.4197782
152	3	1.120904	0.1941041	0.4197782
152	7	1.120904	0.1941041	0.4197782
153	3	1.120904	0.1941041	0.4197782
153	7	1.120904	0.1941041	0.4197782
159	3	1.120904	0.1941041	0.4197782
159	7	1.120904	0.1941041	0.4197782
160	3	1.120904	0.1941041	0.4197782
160	7	1.120904	0.1941041	0.4197782
161	3	1.120904	0.1941041	0.4197782
161	7	1.120904	0.1941041	0.4197782
162	3	1.120904	0.1941041	0.4197782
162	7	1.120904	0.1941041	0.4197782
163	3	1.120904	0.1941041	0.4197782
163	7	1.120904	0.1941041	0.4197782
164	3	1.120904	0.1941041	0.4197782
164	7	1.120904	0.1941041	0.4197782
165	3	1.120904	0.1941041	0.4197782
165	7	1.120904	0.1941041	0.4197782
166	3	1.120904	0.1941041	0.4197782
166	7	1.120904	0.1941041	0.4197782
167	3	1.120904	0.1941041	0.4197782
167	7	1.120904	0.1941041	0.4197782
168	3	1.120904	0.1941041	0.4197782
168	7	1.120904	0.1941041	0.4197782
169	3	1.120904	0.1941041	0.4197782
169	7	1.120904	0.1941041	0.4197782
170	3	1.120904	0.1941041	0.4197782
170	7	1.120904	0.1941041	0.4197782
171	3	1.120904	0.1941041	0.4197782
171	7	1.120904	0.1941041	0.4197782
172	3	1.120904	0.1941041	0.4197782
172	7	1.120904	0.1941041	0.4197782
173	3	1.120904	0.1941041	0.4197782
173	7	1.120904	0.1941041	0.4197782
174	3	1.120904	0.1941041	0.4197782
174	7	1.120904	0.1941041	0.4197782
177	3	1.120904	0.1941041	0.4197782
177	7	1.120904	0.1941041	0.4197782
178	3	1.120904	0.1941041	0.4197782
178	7	1.120904	0.1941041	0.4197782
179	3	1.120904	0.1941041	0.4197782
179	7	1.120904	0.1941041	0.4197782
180	3	1.120904	0.1941041	0.4197782
180	7	1.120904	0.1941041	0.4197782
220	3	1.120904	0.1941041	0.4197782
220	7	1.120904	0.1941041	0.4197782
221	3	1.120904	0.1941041	0.4197782
221	7	1.120904	0.1941041	0.4197782
222	3	1.120904	0.1941041	0.4197782
222	7	1.120904	0.1941041	0.4197782
223	3	1.120904	0.1941041	0.4197782
223	7	1.120904	0.1941041	0.4197782
226	3	1.120904	0.1941041	0.4197782
226	7	1.120904	0.1941041	0.4197782
227	3	1.120904	0.1941041	0.4197782
227	7	1.120904	0.1941041	0.4197782
228	3	1.120904	0.1941041	0.4197782
228	7	1.120904	0.1941041	0.4197782
229	3	1.120904	0.1941041	0.4197782
229	7	1.120904	0.1941041	0.4197782
230	3	1.120904	0.1941041	0.4197782
230	7	1.120904	0.1941041	0.4197782
231	3	1.120904	0.1941041	0.4197782
231	7	1.120904	0.1941041	0.4197782
232	3	1.120904	0.1941041	0.4197782
232	7	1.120904	0.1941041	0.4197782
233	3	1.120904	0.1941041	0.4197782
233	7	1.120904	0.1941041	0.4197782
234	3	1.120904	0.1941041	0.4197782
234	7	1.120904	0.1941041	0.4197782
255	3	1.120904	0.1941041	0.4197782
255	7	1.120904	0.1941041	0.4197782
256	3	1.120904	0.1941041	0.4197782
256	7	1.120904	0.1941041	0.4197782
257	3	1.120904	0.1941041	0.4197782
257	7	1.120904	0.1941041	0.4197782
258	3	1.120904	0.1941041	0.4197782
258	7	1.120904	0.1941041	0.4197782
259	3	1.120904	0.1941041	0.4197782
259	7	1.120904	0.1941041	0.4197782
260	3	1.120904	0.1941041	0.4197782
260	7	1.120904	0.1941041	0.4197782
266	3	1.120904	0.1941041	0.4197782
266	7	1.120904	0.1941041	0.4197782
267	3	1.120904	0.1941041	0.4197782
267	7	1.120904	0.1941041	0.4197782
268	3	1.120904	0.1941041	0.4197782
268	7	1.120904	0.1941041	0.4197782
269	3	1.120904	0.1941041	0.4197782
269	7	1.120904	0.1941041	0.4197782
270	3	1.120904	0.1941041	0.4197782
270	7	1.120904	0.1941041	0.4197782
271	3	1.120904	0.1941041	0.4197782
271	7	1.120904	0.1941041	0.4197782
272	3	1.120904	0.1941041	0.4197782
272	7	1.120904	0.1941041	0.4197782
273	3	1.120904	0.1941041	0.4197782
273	7	1.120904	0.1941041	0.4197782
274	3	1.120904	0.1941041	0.4197782
274	7	1.120904	0.1941041	0.4197782
275	3	1.120904	0.1941041	0.4197782
275	7	1.120904	0.1941041	0.4197782
276	3	1.120904	0.1941041	0.4197782
276	7	1.120904	0.1941041	0.4197782
284	3	1.120904	0.1941041	0.4197782
284	7	1.120904	0.1941041	0.4197782
285	3	1.120904	0.1941041	0.4197782
285	7	1.120904	0.1941041	0.4197782
286	3	1.120904	0.1941041	0.4197782
286	7	1.120904	0.1941041	0.4197782
287	3	1.120904	0.1941041	0.4197782
287	7	1.120904	0.1941041	0.4197782
339	3	1.210368	0.1673448	0.4213145
339	7	-0.1535456	0.5753033	0.3978924
340	3	1.120904	0.1941041	0.4197782
340	7	1.120904	0.1941041	0.4197782
341	3	1.120904	0.1941041	0.4197782
341	7	1.120904	0.1941041	0.4197782
342	3	1.120904	0.1941041	0.4197782
342	7	1.120904	0.1941041	0.4197782
343	3	1.120904	0.1941041	0.4197782
343	7	1.120904	0.1941041	0.4197782
344	3	1.120904	0.1941041	0.4197782
344	7	1.120904	0.1941041	0.4197782
345	3	1.120904	0.1941041	0.4197782
345	7	1.120904	0.1941041	0.4197782
346	3	1.120904	0.1941041	0.4197782
346	7	1.120904	0.1941041	0.4197782
347	3	1.120904	0.1941041	0.4197782
347	7	1.120904	0.1941041	0.4197782
348	3	1.120904	0.1941041	0.4197782
348	7	1.120904	0.1941041	0.4197782
349	3	1.120904	0.1941041	0.4197782
349	7	1.120904	0.1941041	0.4197782
350	2	1.180252	0.1763527	0.4207973
350	3	-0.1238045	0.5664075	0.3984031
350	7	-0.1238045	0.5664075	0.3984031
351	2	1.180252	0.1763527	0.4207973
351	3	-0.1238045	0.5664075	0.3984031
351	7	-0.1238045	0.5664075	0.3984031
352	2	1.180252	0.1763527	0.4207973
352	3	-0.1238045	0.5664075	0.3984031
352	7	-0.1238045	0.5664075	0.3984031
353	2	1.180252	0.1763527	0.4207973
353	3	-0.1238045	0.5664075	0.3984031
353	7	-0.1238045	0.5664075	0.3984031
354	2	1.180252	0.1763527	0.4207973
354	3	-0.1238045	0.5664075	0.3984031
354	7	-0.1238045	0.5664075	0.3984031
355	2	1.180252	0.1763527	0.4207973
355	3	-0.1238045	0.5664075	0.3984031
355	7	-0.1238045	0.5664075	0.3984031
356	2	1.180252	0.1763527	0.4207973
356	3	-0.1238045	0.5664075	0.3984031
356	7	-0.1238045	0.5664075	0.3984031
357	2	1.180252	0.1763527	0.4207973
357	3	-0.1238045	0.5664075	0.3984031
357	7	-0.1238045	0.5664075	0.3984031
358	2	1.165305	0.1808235	0.4205407
358	7	-0.1313179	0.5686548	0.3982741
363	3	1.210368	0.1673448	0.4213145
363	7	-0.1535456	0.5753033	0.3978924
364	3	1.120904	0.1941041	0.4197782
364	7	1.120904	0.1941041	0.4197782
365	3	1.120904	0.1941041	0.4197782
365	7	1.120904	0.1941041	0.4197782
366	3	1.120904	0.1941041	0.4197782
366	7	1.120904	0.1941041	0.4197782
367	3	1.120904	0.1941041	0.4197782
367	7	1.120904	0.1941041	0.4197782
368	3	1.120904	0.1941041	0.4197782
368	7	1.120904	0.1941041	0.4197782
369	2	1.180252	0.1763527	0.4207973
369	3	-0.1238045	0.5664075	0.3984031
369	7	-0.1238045	0.5664075	0.3984031
370	2	1.180252	0.1763527	0.4207973
370	3	-0.1238045	0.5664075	0.3984031
370	7	-0.1238045	0.5664075	0.3984031
371	2	1.180252	0.1763527	0.4207973
371	3	-0.1238045	0.5664075	0.3984031
371	7	-0.1238045	0.5664075	0.3984031
379	3	1.120904	0.1941041	0.4197782
379	7	1.120904	0.1941041	0.4197782
380	3	1.120904	0.1941041	0.4197782
380	7	1.120904	0.1941041	0.4197782
381	3	1.120904	0.1941041	0.4197782
381	7	1.120904	0.1941041	0.4197782
382	3	1.120904	0.1941041	0.4197782
382	7	1.120904	0.1941041	0.4197782
383	3	1.120904	0.1941041	0.4197782
383	7	1.120904	0.1941041	0.4197782
384	3	1.120904	0.1941041	0.4197782
384	7	1.120904	0.1941041	0.4197782
385	3	1.120904	0.1941041	0.4197782
385	7	1.120904	0.1941041	0.4197782
392	3	1.120904	0.1941041	0.4197782
392	7	1.120904	0.1941041	0.4197782
393	3	1.120904	0.1941041	0.4197782
393	7	1.120904	0.1941041	0.4197782
394	3	1.120904	0.1941041	0.4197782
394	7	1.120904	0.1941041	0.4197782
395	3	1.120904	0.1941041	0.4197782
395	7	1.120904	0.1941041	0.4197782
396	3	1.120904	0.1941041	0.4197782
396	7	1.120904	0.1941041	0.4197782
397	3	1.120904	0.1941041	0.4197782
397	7	1.120904	0.1941041	0.4197782
398	3	1.120904	0.1941041	0.4197782
398	7	1.120904	0.1941041	0.4197782
405	3	1.120904	0.1941041	0.4197782
405	7	1.120904	0.1941041	0.4197782
406	3	1.120904	0.1941041	0.4197782
406	7	1.120904	0.1941041	0.4197782
407	3	1.120904	0.1941041	0.4197782
407	7	1.120904	0.1941041	0.4197782
408	3	1.120904	0.1941041	0.4197782
408	7	1.120904	0.1941041	0.4197782
439	3	1.120904	0.1941041	0.4197782
439	7	1.120904	0.1941041	0.4197782
440	3	1.120904	0.1941041	0.4197782
440	7	1.120904	0.1941041	0.4197782
441	3	1.120904	0.1941041	0.4197782
441	7	1.120904	0.1941041	0.4197782
472	3	1.120904	0.1941041	0.4197782
472	7	1.120904	0.1941041	0.4197782
473	3	1.120904	0.1941041	0.4197782
473	7	1.120904	0.1941041	0.4197782
474	3	1.120904	0.1941041	0.4197782
474	7	1.120904	0.1941041	0.4197782
475	3	1.120904	0.1941041	0.4197782
475	7	1.120904	0.1941041	0.4197782
476	3	1.120904	0.1941041	0.4197782
476	7	1.120904	0.1941041	0.4197782
477	3	1.120904	0.1941041	0.4197782
477	7	1.120904	0.1941041	0.4197782
478	3	1.120904	0.1941041	0.4197782
478	7	1.120904	0.1941041	0.4197782
479	3	1.120904	0.1941041	0.4197782
479	7	1.120904	0.1941041	0.4197782
480	3	1.120904	0.1941041	0.4197782
480	7	1.120904	0.1941041	0.4197782
481	3	1.120904	0.1941041	0.4197782
481	7	1.120904	0.1941041	0.4197782
482	3	1.120904	0.1941041	0.4197782
482	7	1.120904	0.1941041	0.4197782
483	3	1.120904	0.1941041	0.4197782
483	7	1.120904	0.1941041	0.4197782
514	3	1.120904	0.1941041	0.4197782
514	7	1.120904	0.1941041	0.4197782
515	3	1.120904	0.1941041	0.4197782
515	7	1.120904	0.1941041	0.4197782
516	3	1.120904	0.1941041	0.4197782
516	7	1.120904	0.1941041	0.4197782
517	3	1.120904	0.1941041	0.4197782
517	7	1.120904	0.1941041	0.4197782
518	3	1.120904	0.1941041	0.4197782
518	7	1.120904	0.1941041	0.4197782
519	3	1.120904	0.1941041	0.4197782
519	7	1.120904	0.1941041	0.4197782
539	3	1.120904	0.1941041	0.4197782
539	7	1.120904	0.1941041	0.4197782
540	2	1.271491	0.1490622	0.4223642
540	3	-0.1461882	0.5731027	0.3980187
540	7	-0.1461882	0.5731027	0.3980187
541	2	1.271491	0.1490622	0.4223642
541	3	-0.1461882	0.5731027	0.3980187
541	7	-0.1461882	0.5731027	0.3980187
542	2	1.271491	0.1490622	0.4223642
542	3	-0.1461882	0.5731027	0.3980187
542	7	-0.1461882	0.5731027	0.3980187
557	3	1.210368	0.1673448	0.4213145
557	7	-0.1535456	0.5753033	0.3978924
558	3	1.120904	0.1941041	0.4197782
558	7	1.120904	0.1941041	0.4197782
559	3	1.120904	0.1941041	0.4197782
559	7	1.120904	0.1941041	0.4197782
560	3	1.120904	0.1941041	0.4197782
560	7	1.120904	0.1941041	0.4197782
561	3	1.120904	0.1941041	0.4197782
561	7	1.120904	0.1941041	0.4197782
562	3	1.120904	0.1941041	0.4197782
562	7	1.120904	0.1941041	0.4197782
563	3	1.120904	0.1941041	0.4197782
563	7	1.120904	0.1941041	0.4197782
564	3	1.120904	0.1941041	0.4197782
564	7	1.120904	0.1941041	0.4197782
565	3	1.120904	0.1941041	0.4197782
565	7	1.120904	0.1941041	0.4197782
566	3	1.120904	0.1941041	0.4197782
566	7	1.120904	0.1941041	0.4197782
567	3	1.120904	0.1941041	0.4197782
567	7	1.120904	0.1941041	0.4197782
568	3	1.120904	0.1941041	0.4197782
568	7	1.120904	0.1941041	0.4197782
569	3	1.120904	0.1941041	0.4197782
569	7	1.120904	0.1941041	0.4197782
570	3	1.120904	0.1941041	0.4197782
570	7	1.120904	0.1941041	0.4197782
571	3	1.120904	0.1941041	0.4197782
571	7	1.120904	0.1941041	0.4197782
572	3	1.120904	0.1941041	0.4197782
572	7	1.120904	0.1941041	0.4197782
573	3	1.120904	0.1941041	0.4197782
573	7	1.120904	0.1941041	0.4197782
574	3	1.120904	0.1941041	0.4197782
574	7	1.120904	0.1941041	0.4197782
575	3	1.120904	0.1941041	0.4197782
575	7	1.120904	0.1941041	0.4197782
576	3	1.120904	0.1941041	0.4197782
576	7	1.120904	0.1941041	0.4197782
577	3	1.120904	0.1941041	0.4197782
577	7	1.120904	0.1941041	0.4197782
578	3	1.120904	0.1941041	0.4197782
578	7	1.120904	0.1941041	0.4197782
579	3	1.120904	0.1941041	0.4197782
579	7	1.120904	0.1941041	0.4197782
580	3	1.120904	0.1941041	0.4197782
580	7	1.120904	0.1941041	0.4197782
581	3	1.120904	0.1941041	0.4197782
581	7	1.120904	0.1941041	0.4197782
582	3	1.120904	0.1941041	0.4197782
582	7	1.120904	0.1941041	0.4197782
583	3	1.120904	0.1941041	0.4197782
583	7	1.120904	0.1941041	0.4197782
584	3	1.120904	0.1941041	0.4197782
584	7	1.120904	0.1941041	0.4197782
585	3	1.120904	0.1941041	0.4197782
585	7	1.120904	0.1941041	0.4197782
586	3	1.120904	0.1941041	0.4197782
586	7	1.120904	0.1941041	0.4197782
587	3	1.120904	0.1941041	0.4197782
587	7	1.120904	0.1941041	0.4197782
588	3	1.120904	0.1941041	0.4197782
588	7	1.120904	0.1941041	0.4197782
589	3	1.120904	0.1941041	0.4197782
589	7	1.120904	0.1941041	0.4197782
590	3	1.120904	0.1941041	0.4197782
590	7	1.120904	0.1941041	0.4197782
591	3	1.120904	0.1941041	0.4197782
591	7	1.120904	0.1941041	0.4197782
592	3	1.120904	0.1941041	0.4197782
592	7	1.120904	0.1941041	0.4197782
593	3	1.120904	0.1941041	0.4197782
593	7	1.120904	0.1941041	0.4197782
594	3	1.120904	0.1941041	0.4197782
594	7	1.120904	0.1941041	0.4197782
595	2	1.271491	0.1490622	0.4223642
595	3	-0.1461882	0.5731027	0.3980187
595	7	-0.1461882	0.5731027	0.3980187
596	2	1.271491	0.1490622	0.4223642
596	3	-0.1461882	0.5731027	0.3980187
596	7	-0.1461882	0.5731027	0.3980187
597	2	1.271491	0.1490622	0.4223642
597	3	-0.1461882	0.5731027	0.3980187
597	7	-0.1461882	0.5731027	0.3980187
598	2	1.271491	0.1490622	0.4223642
598	3	-0.1461882	0.5731027	0.3980187
598	7	-0.1461882	0.5731027	0.3980187
618	3	1.120904	0.1941041	0.4197782
618	7	1.120904	0.1941041	0.4197782
619	3	1.120904	0.1941041	0.4197782
619	7	1.120904	0.1941041	0.4197782
620	3	1.120904	0.1941041	0.4197782
620	7	1.120904	0.1941041	0.4197782
636	3	1.120904	0.1941041	0.4197782
636	7	1.120904	0.1941041	0.4197782
637	3	1.120904	0.1941041	0.4197782
637	7	1.120904	0.1941041	0.4197782
638	3	1.120904	0.1941041	0.4197782
638	7	1.120904	0.1941041	0.4197782
639	3	1.120904	0.1941041	0.4197782
639	7	1.120904	0.1941041	0.4197782
640	3	1.120904	0.1941041	0.4197782
640	7	1.120904	0.1941041	0.4197782
641	3	1.120904	0.1941041	0.4197782
641	7	1.120904	0.1941041	0.4197782
642	3	1.120904	0.1941041	0.4197782
642	7	1.120904	0.1941041	0.4197782
644	1	1.195273	0.1718598	0.4210551
644	3	-0.1824607	0.583952	0.3973961
644	4	1.195273	0.1718598	0.4210551
644	5	1.195273	0.1718598	0.4210551
644	6	1.195273	0.1718598	0.4210551
644	7	-0.1824607	0.583952	0.3973961
645	1	1.195273	0.1718598	0.4210551
645	3	-0.1824607	0.583952	0.3973961
645	4	1.195273	0.1718598	0.4210551
645	5	1.195273	0.1718598	0.4210551
645	6	1.195273	0.1718598	0.4210551
645	7	-0.1824607	0.583952	0.3973961
646	1	1.180252	0.1763527	0.4207973
646	3	-0.1681057	0.5796584	0.3976425
646	4	1.180252	0.1763527	0.4207972
646	5	1.180252	0.1763527	0.4207973
646	6	1.180252	0.1763527	0.4207973
646	7	-0.1681057	0.5796584	0.3976425
647	1	1.180252	0.1763527	0.4207973
647	3	-0.1681057	0.5796584	0.3976425
647	4	1.180252	0.1763527	0.4207972
647	5	1.180252	0.1763527	0.4207973
647	6	1.180252	0.1763527	0.4207973
647	7	-0.1681057	0.5796584	0.3976425
648	1	1.180252	0.1763527	0.4207973
648	3	-0.1681057	0.5796584	0.3976425
648	4	1.180252	0.1763527	0.4207972
648	5	1.180252	0.1763527	0.4207973
648	6	1.180252	0.1763527	0.4207973
648	7	-0.1681057	0.5796584	0.3976425
649	3	1.228580	0.1618974	0.4216273
649	4	-0.1447106	0.5726607	0.3980441
649	5	-0.1447106	0.5726607	0.3980441
649	6	-0.1447106	0.5726607	0.3980441
649	7	1.228580	0.1618974	0.4216273
650	3	1.228580	0.1618974	0.4216273
650	4	-0.1447106	0.5726607	0.3980441
650	5	-0.1447106	0.5726607	0.3980441
650	6	-0.1447106	0.5726607	0.3980441
650	7	1.228580	0.1618974	0.4216273
651	3	1.228580	0.1618974	0.4216273
651	4	-0.1447106	0.5726607	0.3980441
651	5	-0.1447106	0.5726607	0.3980441
651	6	-0.1447106	0.5726607	0.3980441
651	7	1.228580	0.1618974	0.4216273
652	3	1.228580	0.1618974	0.4216273
652	4	-0.1447106	0.5726607	0.3980441
652	5	-0.1447106	0.5726607	0.3980441
652	6	-0.1447106	0.5726607	0.3980441
652	7	1.228580	0.1618974	0.4216273
653	3	1.228580	0.1618974	0.4216273
653	4	-0.1447106	0.5726607	0.3980441
653	5	-0.1447106	0.5726607	0.3980441
653	6	-0.1447106	0.5726607	0.3980441
653	7	1.228580	0.1618974	0.4216273
654	3	1.228580	0.1618974	0.4216273
654	4	-0.1447106	0.5726607	0.3980441
654	5	-0.1447106	0.5726607	0.3980441
654	6	-0.1447106	0.5726607	0.3980441
654	7	1.228580	0.1618974	0.4216273
655	3	1.228580	0.1618974	0.4216273
655	4	-0.1447106	0.5726607	0.3980441
655	5	-0.1447106	0.5726607	0.3980441
655	6	-0.1447106	0.5726607	0.3980441
655	7	1.228580	0.1618974	0.4216273
656	3	1.228580	0.1618974	0.4216273
656	4	-0.1447106	0.5726607	0.3980441
656	5	-0.1447106	0.5726607	0.3980441
656	6	-0.1447106	0.5726607	0.3980441
656	7	1.228580	0.1618974	0.4216273
657	3	1.228580	0.1618974	0.4216273
657	4	-0.1447106	0.5726607	0.3980441
657	5	-0.1447106	0.5726607	0.3980441
657	6	-0.1447106	0.5726607	0.3980441
657	7	1.228580	0.1618974	0.4216273
658	3	1.228580	0.1618974	0.4216273
658	4	-0.1447106	0.5726607	0.3980441
658	5	-0.1447106	0.5726607	0.3980441
658	6	-0.1447106	0.5726607	0.3980441
658	7	1.228580	0.1618974	0.4216273
659	3	1.228580	0.1618974	0.4216273
659	4	-0.1447106	0.5726607	0.3980441
659	5	-0.1447106	0.5726607	0.3980441
659	6	-0.1447106	0.5726607	0.3980441
659	7	1.228580	0.1618974	0.4216273
660	3	1.228580	0.1618974	0.4216273
660	4	-0.1447106	0.5726607	0.3980441
660	5	-0.1447106	0.5726607	0.3980441
660	6	-0.1447106	0.5726607	0.3980441
660	7	1.228580	0.1618974	0.4216273
661	3	1.228572	0.1620634	0.4200038
661	4	-0.0826498	0.5656751	0.2843838
661	5	-0.246577	0.573577	0.6891499
661	6	-0.0826498	0.5656751	0.2843838
661	7	1.228572	0.1620634	0.4200038
662	3	1.228572	0.1620634	0.4200038
662	4	-0.0826498	0.5656751	0.2843838
662	5	-0.246577	0.573577	0.6891499
662	6	-0.0826498	0.5656751	0.2843838
662	7	1.228572	0.1620634	0.4200038
663	3	1.228572	0.1620634	0.4200038
663	4	-0.0826498	0.5656751	0.2843838
663	5	-0.246577	0.573577	0.6891499
663	6	-0.0826498	0.5656751	0.2843838
663	7	1.228572	0.1620634	0.4200038
664	3	1.230073	0.1624641	0.4116106
664	4	-0.02494063	0.556488	0.2053631
664	5	-0.2939233	0.5581642	0.9814057
664	6	-0.02494063	0.556488	0.2053631
664	7	1.230073	0.1624641	0.4116106
704	3	1.243987	0.1555832	0.4387936
704	4	-0.2542989	0.5655076	0.7918692
704	5	0.2607239	0.4874441	0.04774356
704	6	-0.2542989	0.5655076	0.7918692
705	3	1.230073	0.1624641	0.4116106
705	4	-0.02494063	0.556488	0.2053631
705	5	-0.2939233	0.5581642	0.9814057
705	6	-0.02494063	0.556488	0.2053631
705	7	1.230073	0.1624641	0.4116106
706	3	1.180252	0.1763527	0.4207973
706	5	-0.1681057	0.5796584	0.3976424
706	7	1.180252	0.1763527	0.4207973
707	3	1.228580	0.1618974	0.4216273
707	4	-0.1447106	0.5726607	0.3980441
707	5	-0.1447106	0.5726607	0.3980441
707	6	-0.1447106	0.5726607	0.3980441
707	7	1.228580	0.1618974	0.4216273
708	3	1.228580	0.1618974	0.4216273
708	4	-0.1447106	0.5726607	0.3980441
708	5	-0.1447106	0.5726607	0.3980441
708	6	-0.1447106	0.5726607	0.3980441
708	7	1.228580	0.1618974	0.4216273
709	1	0.764257	0.3407685	0.01739025
709	3	1.040766	0.1908977	0.6877088
709	4	-0.2062559	0.5763567	0.5427833
709	5	-0.2062559	0.5763567	0.5427833
709	6	-0.2062559	0.5763567	0.5427833
709	7	1.040766	0.1908977	0.6877088
710	1	0.764257	0.3407685	0.01739025
710	3	1.040766	0.1908977	0.6877088
710	4	-0.2062559	0.5763567	0.5427833
710	5	-0.2062559	0.5763567	0.5427833
710	6	-0.2062559	0.5763567	0.5427833
710	7	1.040766	0.1908977	0.6877088
711	1	0.764257	0.3407685	0.01739025
711	3	1.040766	0.1908977	0.6877088
711	4	-0.2062559	0.5763567	0.5427833
711	5	-0.2062559	0.5763567	0.5427833
711	6	-0.2062559	0.5763567	0.5427833
711	7	1.040766	0.1908977	0.6877088
712	1	0.764257	0.3407685	0.01739025
712	3	1.040766	0.1908977	0.6877088
712	4	-0.2062559	0.5763567	0.5427833
712	5	-0.2062559	0.5763567	0.5427833
712	6	-0.2062559	0.5763567	0.5427833
712	7	1.040766	0.1908977	0.6877088
713	1	0.764257	0.3407685	0.01739025
713	3	1.040766	0.1908977	0.6877088
713	4	-0.2062559	0.5763567	0.5427833
713	5	-0.2062559	0.5763567	0.5427833
713	6	-0.2062559	0.5763567	0.5427833
713	7	1.040766	0.1908977	0.6877088
714	1	0.764257	0.3407685	0.01739025
714	3	1.040766	0.1908977	0.6877088
714	4	-0.2062559	0.5763567	0.5427833
714	5	-0.2062559	0.5763567	0.5427833
714	6	-0.2062559	0.5763567	0.5427833
714	7	1.040766	0.1908977	0.6877088
715	1	0.764257	0.3407685	0.01739025
715	3	1.040766	0.1908977	0.6877088
715	4	-0.2062559	0.5763567	0.5427833
715	5	-0.2062559	0.5763567	0.5427833
715	6	-0.2062559	0.5763567	0.5427833
715	7	1.040766	0.1908977	0.6877088
716	1	0.764257	0.3407685	0.01739025
716	3	1.040766	0.1908977	0.6877088
716	4	-0.2062559	0.5763567	0.5427833
716	5	-0.2062559	0.5763567	0.5427833
716	6	-0.2062559	0.5763567	0.5427833
716	7	1.040766	0.1908977	0.6877088
717	1	0.764257	0.3407685	0.01739025
717	3	1.040766	0.1908977	0.6877088
717	4	-0.2062559	0.5763567	0.5427833
717	5	-0.2062559	0.5763567	0.5427833
717	6	-0.2062559	0.5763567	0.5427833
717	7	1.040766	0.1908977	0.6877088
718	1	0.764257	0.3407685	0.01739025
718	3	1.040766	0.1908977	0.6877088
718	4	-0.2062559	0.5763567	0.5427833
718	5	-0.2062559	0.5763567	0.5427833
718	6	-0.2062559	0.5763567	0.5427833
718	7	1.040766	0.1908977	0.6877088
719	1	0.5620943	0.4016135	0.01018941
719	3	1.165034	0.1627741	0.6001997
719	4	-0.2734903	0.5706476	0.7974887
719	6	-0.2734903	0.5706476	0.7974887
720	1	0.5620943	0.4016135	0.01018941
720	3	1.165034	0.1627741	0.6001997
720	4	-0.2734903	0.5706476	0.7974887
720	6	-0.2734903	0.5706476	0.7974887
721	1	0.5620943	0.4016135	0.01018941
721	3	1.165034	0.1627741	0.6001997
721	4	-0.2734903	0.5706476	0.7974887
721	6	-0.2734903	0.5706476	0.7974887
722	1	0.5620943	0.4016135	0.01018941
722	3	1.165034	0.1627741	0.6001997
722	4	-0.2734903	0.5706476	0.7974887
722	6	-0.2734903	0.5706476	0.7974887
723	1	0.5620943	0.4016135	0.01018941
723	3	1.165034	0.1627741	0.6001997
723	4	-0.2734903	0.5706476	0.7974887
723	6	-0.2734903	0.5706476	0.7974887
724	1	0.917621	0.2935016	0.03384202
724	3	-0.2338582	0.5959292	0.4301695
724	4	0.855526	0.2278604	0.8673007
724	6	0.855526	0.2278604	0.8673007
725	1	0.917621	0.2935016	0.03384202
725	3	-0.2338582	0.5959292	0.4301695
725	4	0.855526	0.2278604	0.8673007
725	6	0.855526	0.2278604	0.8673007
726	1	0.917621	0.2935016	0.03384202
726	3	-0.2338582	0.5959292	0.4301695
726	4	0.855526	0.2278604	0.8673007
726	6	0.855526	0.2278604	0.8673007
727	1	0.4122078	0.4460211	0.0118247
727	3	1.346943	0.1222381	0.4658316
727	4	-0.2731795	0.5696255	0.8067013
727	5	-0.2559139	0.5714071	0.7381669
727	6	-0.2731795	0.5696255	0.8067013
728	1	0.9456708	0.2846465	0.03893263
728	3	-0.2292357	0.5954839	0.4209599
728	5	0.8465532	0.2299728	0.8728096
728	6	0.8465532	0.2299728	0.8728096
729	1	0.9456708	0.2846465	0.03893263
729	3	-0.2292357	0.5954839	0.4209599
729	5	0.8465532	0.2299728	0.8728096
729	6	0.8465532	0.2299728	0.8728096
730	1	0.4122078	0.4460211	0.0118247
730	3	1.346943	0.1222381	0.4658316
730	4	-0.2731795	0.5696255	0.8067013
730	5	-0.2559139	0.5714071	0.7381669
730	6	-0.2731795	0.5696255	0.8067013
731	1	0.4122078	0.4460211	0.0118247
731	3	1.346943	0.1222381	0.4658316
731	4	-0.2731795	0.5696255	0.8067013
731	5	-0.2559139	0.5714071	0.7381669
731	6	-0.2731795	0.5696255	0.8067013
732	1	0.4122078	0.4460211	0.0118247
732	3	1.346943	0.1222381	0.4658316
732	4	-0.2731795	0.5696255	0.8067013
732	5	-0.2559139	0.5714071	0.7381669
732	6	-0.2731795	0.5696255	0.8067013
733	1	0.8646346	0.31015	0.02500712
733	3	-0.2544977	0.6028125	0.4227808
733	4	0.9070296	0.2188151	0.8051617
733	5	0.9675353	0.2078172	0.7358436
733	6	0.9070296	0.2188151	0.8051617
734	1	0.8646346	0.31015	0.02500712
734	3	-0.2544977	0.6028125	0.4227808
734	4	0.9070296	0.2188151	0.8051617
734	5	0.9675353	0.2078172	0.7358436
734	6	0.9070296	0.2188151	0.8051617
735	1	0.8646346	0.31015	0.02500712
735	3	-0.2544977	0.6028125	0.4227808
735	4	0.9070296	0.2188151	0.8051617
735	5	0.9675353	0.2078172	0.7358436
735	6	0.9070296	0.2188151	0.8051617
736	1	0.8646346	0.31015	0.02500712
736	3	-0.2544977	0.6028125	0.4227808
736	4	0.9070296	0.2188151	0.8051617
736	5	0.9675353	0.2078172	0.7358436
736	6	0.9070296	0.2188151	0.8051617
737	1	0.8646346	0.31015	0.02500712
737	3	-0.2544977	0.6028125	0.4227808
737	4	0.9070296	0.2188151	0.8051617
737	5	0.9675353	0.2078172	0.7358436
737	6	0.9070296	0.2188151	0.8051617
738	1	0.8646346	0.31015	0.02500712
738	3	-0.2544977	0.6028125	0.4227808
738	4	0.9070296	0.2188151	0.8051617
738	5	0.9675353	0.2078172	0.7358436
738	6	0.9070296	0.2188151	0.8051617
739	1	0.8646346	0.31015	0.02500712
739	3	-0.2544977	0.6028125	0.4227808
739	4	0.9070296	0.2188151	0.8051617
739	5	0.9675353	0.2078172	0.7358436
739	6	0.9070296	0.2188151	0.8051617
740	1	0.8646346	0.31015	0.02500712
740	3	-0.2544977	0.6028125	0.4227808
740	4	0.9070296	0.2188151	0.8051617
740	5	0.9675353	0.2078172	0.7358436
740	6	0.9070296	0.2188151	0.8051617
741	3	1.302502	0.1397867	0.4228967
741	5	-0.1966119	0.5881848	0.3971528
742	3	1.302502	0.1397867	0.4228967
742	5	-0.1966119	0.5881848	0.3971528
743	3	1.302502	0.1397867	0.4228967
743	5	-0.1966119	0.5881848	0.3971528
744	3	1.302502	0.1397867	0.4228967
744	5	-0.1966119	0.5881848	0.3971528
745	3	1.302502	0.1397867	0.4228967
745	5	-0.1966119	0.5881848	0.3971528
746	2	0.8750306	0.3074768	0.02086128
746	3	0.849202	0.2270902	0.8935688
746	5	-0.2554918	0.6005937	0.4476972
746	7	0.849202	0.2270902	0.8935688
747	2	0.8750306	0.3074768	0.02086128
747	3	0.849202	0.2270902	0.8935688
747	5	-0.2554918	0.6005937	0.4476972
747	7	0.849202	0.2270902	0.8935688
748	2	0.8750306	0.3074768	0.02086128
748	3	0.849202	0.2270902	0.8935688
748	5	-0.2554918	0.6005937	0.4476972
748	7	0.849202	0.2270902	0.8935688
749	2	0.8750306	0.3074768	0.02086128
749	3	0.849202	0.2270902	0.8935688
749	5	-0.2554918	0.6005937	0.4476972
749	7	0.849202	0.2270902	0.8935688
750	2	0.8750306	0.3074768	0.02086128
750	3	0.849202	0.2270902	0.8935688
750	5	-0.2554918	0.6005937	0.4476972
750	7	0.849202	0.2270902	0.8935688
751	2	0.6372182	0.379571	0.007240812
751	3	1.021053	0.1922079	0.7328162
751	5	-0.2878865	0.6006847	0.5422581
751	7	1.021053	0.1922079	0.7328162
752	2	0.6372182	0.379571	0.007240812
752	3	1.021053	0.1922079	0.7328162
752	5	-0.2878865	0.6006847	0.5422581
752	7	1.021053	0.1922079	0.7328162
753	2	-0.1644849	0.5785754	0.3977045
753	7	1.233149	0.1605306	0.4217058
754	2	-0.1644849	0.5785754	0.3977045
754	7	1.233149	0.1605306	0.4217058
755	2	1.271491	0.1490622	0.4223642
755	3	-0.1461882	0.5731027	0.3980187
755	7	-0.1461882	0.5731027	0.3980187
756	2	1.271491	0.1490622	0.4223642
756	3	-0.1461882	0.5731027	0.3980187
756	7	-0.1461882	0.5731027	0.3980187
757	2	1.271491	0.1490622	0.4223642
757	3	-0.1461882	0.5731027	0.3980187
757	7	-0.1461882	0.5731027	0.3980187
758	2	1.271491	0.1490622	0.4223642
758	3	-0.1461882	0.5731027	0.3980187
758	7	-0.1461882	0.5731027	0.3980187
759	2	1.271491	0.1490622	0.4223642
759	3	-0.1461882	0.5731027	0.3980187
759	7	-0.1461882	0.5731027	0.3980187
760	3	1.120904	0.1941041	0.4197782
760	7	1.120904	0.1941041	0.4197782
761	3	1.120904	0.1941041	0.4197782
761	7	1.120904	0.1941041	0.4197782
800	3	1.120904	0.1941041	0.4197782
800	7	1.120904	0.1941041	0.4197782
801	3	1.120904	0.1941041	0.4197782
801	7	1.120904	0.1941041	0.4197782
802	1	1.221994	0.1932210	0.1306326
802	3	-0.09997848	0.5744833	0.2481637
802	4	1.194465	0.1652821	0.4886176
802	5	-0.2198389	0.4942713	1.396239
802	6	1.194465	0.1652821	0.4886176
802	7	-0.09997848	0.5744833	0.2481637
803	1	0.298937	0.4801694	0.007223454
803	3	1.284407	0.1508124	0.3669606
803	4	-0.301412	0.5523987	1.060608
803	5	-0.295415	0.5517074	1.049786
803	6	-0.301412	0.5523987	1.060608
803	7	1.284407	0.1508124	0.3669606
804	1	0.298937	0.4801694	0.007223454
804	3	1.284407	0.1508124	0.3669606
804	4	-0.301412	0.5523987	1.060608
804	5	-0.295415	0.5517074	1.049786
804	6	-0.301412	0.5523987	1.060608
804	7	1.284407	0.1508124	0.3669606
805	1	0.298937	0.4801694	0.007223454
805	3	1.284407	0.1508124	0.3669606
805	4	-0.301412	0.5523987	1.060608
805	5	-0.295415	0.5517074	1.049786
805	6	-0.301412	0.5523987	1.060608
805	7	1.284407	0.1508124	0.3669606
806	1	0.298937	0.4801694	0.007223454
806	3	1.284407	0.1508124	0.3669606
806	4	-0.301412	0.5523987	1.060608
806	5	-0.295415	0.5517074	1.049786
806	6	-0.301412	0.5523987	1.060608
806	7	1.284407	0.1508124	0.3669606
807	1	0.298937	0.4801694	0.007223454
807	3	1.284407	0.1508124	0.3669606
807	4	-0.301412	0.5523987	1.060608
807	5	-0.295415	0.5517074	1.049786
807	6	-0.301412	0.5523987	1.060608
807	7	1.284407	0.1508124	0.3669606
826	1	0.756235	0.3447825	0.00125339
826	2	-0.2630369	0.5884891	0.5898826
826	3	-0.198202	0.5826422	0.4567632
826	4	1.053294	0.1853852	0.7054173
826	5	1.060613	0.1848033	0.6896155
826	6	1.053294	0.1853852	0.7054173
826	7	-0.198202	0.5826422	0.4567632
827	1	0.756235	0.3447825	0.00125339
827	2	-0.2630369	0.5884891	0.5898826
827	3	-0.198202	0.5826422	0.4567632
827	4	1.053294	0.1853852	0.7054173
827	5	1.060613	0.1848033	0.6896155
827	6	1.053294	0.1853852	0.7054173
827	7	-0.198202	0.5826422	0.4567632
828	1	1.285624	0.1751419	0.1222789
828	2	-0.1287302	0.5759578	0.3182795
828	3	-0.1264181	0.5720069	0.3506172
828	5	0.5626486	0.2814384	1.199436
828	7	-0.1264181	0.5720069	0.3506172
829	1	0.756235	0.3447825	0.00125339
829	2	-0.2630369	0.5884891	0.5898826
829	3	-0.198202	0.5826422	0.4567632
829	4	1.053294	0.1853852	0.7054173
829	5	1.060613	0.1848033	0.6896155
829	6	1.053294	0.1853852	0.7054173
829	7	-0.198202	0.5826422	0.4567632
830	1	0.756235	0.3447825	0.00125339
830	2	-0.2630369	0.5884891	0.5898826
830	3	-0.198202	0.5826422	0.4567632
830	4	1.053294	0.1853852	0.7054173
830	5	1.060613	0.1848033	0.6896155
830	6	1.053294	0.1853852	0.7054173
830	7	-0.198202	0.5826422	0.4567632
831	1	0.756235	0.3447825	0.00125339
831	2	-0.2630369	0.5884891	0.5898826
831	3	-0.198202	0.5826422	0.4567632
831	4	1.053294	0.1853852	0.7054173
831	5	1.060613	0.1848033	0.6896155
831	6	1.053294	0.1853852	0.7054173
831	7	-0.198202	0.5826422	0.4567632
832	1	0.756235	0.3447825	0.00125339
832	2	-0.2630369	0.5884891	0.5898826
832	3	-0.198202	0.5826422	0.4567632
832	4	1.053294	0.1853852	0.7054173
832	5	1.060613	0.1848033	0.6896155
832	6	1.053294	0.1853852	0.7054173
832	7	-0.198202	0.5826422	0.4567632
833	1	0.756235	0.3447825	0.00125339
833	2	-0.2630369	0.5884891	0.5898826
833	3	-0.198202	0.5826422	0.4567632
833	4	1.053294	0.1853852	0.7054173
833	5	1.060613	0.1848033	0.6896155
833	6	1.053294	0.1853852	0.7054173
833	7	-0.198202	0.5826422	0.4567632
834	1	0.3410769	0.4677907	0.005710435
834	2	1.256487	0.1439179	0.5175568
834	3	1.226926	0.1621576	0.4239212
834	5	-0.3210811	0.5743286	0.901255
834	6	-0.3210811	0.5743286	0.901255
835	1	0.3410769	0.4677907	0.005710435
835	2	1.256487	0.1439179	0.5175568
835	3	1.226926	0.1621576	0.4239212
835	5	-0.3210811	0.5743286	0.901255
835	6	-0.3210811	0.5743286	0.901255
836	1	0.3410769	0.4677907	0.005710435
836	2	1.256487	0.1439179	0.5175568
836	3	1.226926	0.1621576	0.4239212
836	5	-0.3210811	0.5743286	0.901255
836	6	-0.3210811	0.5743286	0.901255
837	1	0.5613702	0.4032971	-0.004360899
837	2	1.187279	0.1524819	0.6366387
837	3	1.215374	0.1594503	0.4847929
837	4	-0.2745870	0.579355	0.7144336
837	5	-0.2675334	0.5787567	0.6995767
837	6	-0.2745870	0.579355	0.7144336
838	1	0.5613702	0.4032971	-0.004360899
838	2	1.187279	0.1524819	0.6366387
838	3	1.215374	0.1594503	0.4847929
838	4	-0.2745870	0.579355	0.7144336
838	5	-0.2675334	0.5787567	0.6995767
838	6	-0.2745870	0.579355	0.7144336
839	1	0.830161	0.3223415	0.005783657
839	2	-0.2445214	0.5911649	0.5088041
839	3	-0.1983595	0.5832969	0.4507399
839	4	1.041695	0.1867813	0.7257613
839	5	1.051653	0.1856415	0.7077104
839	6	1.041695	0.1867813	0.7257613
839	7	-0.1983595	0.5832969	0.4507399
840	2	-0.06649148	0.5684565	0.2092054
840	3	-0.2373355	0.5792807	0.6053956
840	4	1.297096	0.1431237	0.4057586
840	5	1.297096	0.1431237	0.4057586
840	7	-0.2373355	0.5792807	0.6053956
915	3	1.284407	0.1452615	0.4219651
915	4	0.0188899	0.5485933	0.1544331
915	5	-0.274747	0.5729786	0.778093
916	3	1.284407	0.1452615	0.4219651
916	4	0.0188899	0.5485933	0.1544331
916	5	-0.274747	0.5729786	0.778093
917	3	1.284407	0.1452615	0.4219651
917	4	0.0188899	0.5485933	0.1544331
917	5	-0.274747	0.5729786	0.778093
918	3	1.284407	0.1452615	0.4219651
918	4	0.0188899	0.5485933	0.1544331
918	5	-0.274747	0.5729786	0.778093
919	1	-0.2851292	0.517424	1.359207
919	2	0.02569799	0.5515197	0.1053720
919	3	-0.1805700	0.5759835	0.4707895
919	4	1.303587	0.1501227	0.3172724
919	5	1.303587	0.1501227	0.3172724
