1	1	1.120904	0.1941041	0.4197782
1	2	1.120904	0.1941041	0.4197782
1	3	1.120904	0.1941041	0.4197782
2	1	1.120904	0.1941041	0.4197782
2	2	1.120904	0.1941041	0.4197782
2	3	1.120904	0.1941041	0.4197782
2	4	1.120904	0.1941041	0.4197782
3	1	1.120904	0.1941041	0.4197782
3	2	1.120904	0.1941041	0.4197782
3	3	1.120904	0.1941041	0.4197782
3	4	1.120904	0.1941041	0.4197782
4	1	1.120904	0.1941041	0.4197782
4	2	1.120904	0.1941041	0.4197782
4	3	1.120904	0.1941041	0.4197782
4	4	1.120904	0.1941041	0.4197782
5	1	1.120904	0.1941041	0.4197782
5	3	1.120904	0.1941041	0.4197782
6	1	1.120904	0.1941041	0.4197782
6	2	1.120904	0.1941041	0.4197782
6	3	1.120904	0.1941041	0.4197782
6	4	1.120904	0.1941041	0.4197782
7	1	1.120904	0.1941041	0.4197782
7	2	1.120904	0.1941041	0.4197782
7	3	1.120904	0.1941041	0.4197782
7	4	1.120904	0.1941041	0.4197782
8	1	1.120904	0.1941041	0.4197782
8	2	1.120904	0.1941041	0.4197782
8	3	1.120904	0.1941041	0.4197782
8	4	1.120904	0.1941041	0.4197782
9	1	1.120904	0.1941041	0.4197782
9	3	1.120904	0.1941041	0.4197782
9	4	1.120904	0.1941041	0.4197782
10	1	1.120904	0.1941041	0.4197782
10	2	1.120904	0.1941041	0.4197782
10	3	1.120904	0.1941041	0.4197782
10	4	1.120904	0.1941041	0.4197782
11	1	1.120904	0.1941041	0.4197782
11	2	1.120904	0.1941041	0.4197782
11	3	1.120904	0.1941041	0.4197782
11	4	1.120904	0.1941041	0.4197782
12	1	1.120904	0.1941041	0.4197782
12	2	1.120904	0.1941041	0.4197782
12	3	1.120904	0.1941041	0.4197782
12	4	1.120904	0.1941041	0.4197782
13	1	1.120904	0.1941041	0.4197782
13	2	1.120904	0.1941041	0.4197782
13	3	1.120904	0.1941041	0.4197782
13	4	1.120904	0.1941041	0.4197782
14	1	1.120904	0.1941041	0.4197782
14	2	1.120904	0.1941041	0.4197782
14	3	1.120904	0.1941041	0.4197782
14	4	1.120904	0.1941041	0.4197782
15	1	1.120904	0.1941041	0.4197782
15	2	1.120904	0.1941041	0.4197782
15	3	1.120904	0.1941041	0.4197782
15	4	1.120904	0.1941041	0.4197782
16	1	1.120904	0.1941041	0.4197782
16	2	1.120904	0.1941041	0.4197782
16	3	1.120904	0.1941041	0.4197782
16	4	1.120904	0.1941041	0.4197782
17	1	1.120904	0.1941041	0.4197782
17	2	1.120904	0.1941041	0.4197782
17	3	1.120904	0.1941041	0.4197782
17	4	1.120904	0.1941041	0.4197782
18	1	1.120904	0.1941041	0.4197782
18	2	1.120904	0.1941041	0.4197782
18	3	1.120904	0.1941041	0.4197782
18	4	1.120904	0.1941041	0.4197782
19	1	1.120904	0.1941041	0.4197782
19	2	1.120904	0.1941041	0.4197782
19	3	1.120904	0.1941041	0.4197782
19	4	1.120904	0.1941041	0.4197782
20	1	1.120904	0.1941041	0.4197782
20	2	1.120904	0.1941041	0.4197782
20	4	1.120904	0.1941041	0.4197782
21	1	1.120904	0.1941041	0.4197782
21	2	1.120904	0.1941041	0.4197782
21	4	1.120904	0.1941041	0.4197782
22	1	1.120904	0.1941041	0.4197782
22	2	1.120904	0.1941041	0.4197782
22	4	1.120904	0.1941041	0.4197782
23	1	1.120904	0.1941041	0.4197782
23	2	1.120904	0.1941041	0.4197782
23	4	1.120904	0.1941041	0.4197782
24	1	1.120904	0.1941041	0.4197782
24	2	1.120904	0.1941041	0.4197782
25	1	1.120904	0.1941041	0.4197782
25	2	1.120904	0.1941041	0.4197782
25	4	1.120904	0.1941041	0.4197782
26	1	1.120904	0.1941041	0.4197782
26	2	1.120904	0.1941041	0.4197782
26	4	1.120904	0.1941041	0.4197782
27	1	1.120904	0.1941041	0.4197782
27	2	1.120904	0.1941041	0.4197782
27	3	1.120904	0.1941041	0.4197782
27	4	1.120904	0.1941041	0.4197782
28	1	1.120904	0.1941041	0.4197782
28	2	1.120904	0.1941041	0.4197782
28	3	1.120904	0.1941041	0.4197782
28	4	1.120904	0.1941041	0.4197782
29	1	1.120904	0.1941041	0.4197782
29	2	1.120904	0.1941041	0.4197782
29	3	1.120904	0.1941041	0.4197782
29	4	1.120904	0.1941041	0.4197782
30	1	1.120904	0.1941041	0.4197782
30	2	1.120904	0.1941041	0.4197782
30	3	1.120904	0.1941041	0.4197782
30	4	1.120904	0.1941041	0.4197782
31	1	1.120904	0.1941041	0.4197782
31	2	1.120904	0.1941041	0.4197782
31	3	1.120904	0.1941041	0.4197782
31	4	1.120904	0.1941041	0.4197782
32	1	1.120904	0.1941041	0.4197782
32	2	1.120904	0.1941041	0.4197782
32	3	1.120904	0.1941041	0.4197782
32	4	1.120904	0.1941041	0.4197782
33	1	1.120904	0.1941041	0.4197782
33	2	1.120904	0.1941041	0.4197782
33	3	1.120904	0.1941041	0.4197782
33	4	1.120904	0.1941041	0.4197782
34	1	1.120904	0.1941041	0.4197782
34	2	1.120904	0.1941041	0.4197782
34	3	1.120904	0.1941041	0.4197782
34	4	1.120904	0.1941041	0.4197782
39	1	1.333824	0.1304178	0.4234346
39	2	-0.2105659	0.5923586	0.3969132
39	3	1.333824	0.1304178	0.4234346
39	4	-0.2105659	0.5923586	0.3969132
40	1	1.333824	0.1304178	0.4234346
40	2	-0.2105659	0.5923586	0.3969132
40	3	1.333824	0.1304178	0.4234346
40	4	-0.2105659	0.5923586	0.3969132
41	1	1.333824	0.1304178	0.4234346
41	2	-0.2105659	0.5923586	0.3969132
41	3	1.333824	0.1304178	0.4234346
41	4	-0.2105659	0.5923586	0.3969132
42	1	1.333824	0.1304178	0.4234346
42	2	-0.2105659	0.5923586	0.3969132
42	3	1.333824	0.1304178	0.4234346
42	4	-0.2105659	0.5923586	0.3969132
43	1	1.333824	0.1304178	0.4234346
43	2	-0.2105659	0.5923586	0.3969132
43	3	1.333824	0.1304178	0.4234346
43	4	-0.2105659	0.5923586	0.3969132
47	2	1.120904	0.1941041	0.4197782
47	4	1.120904	0.1941041	0.4197782
48	2	1.120904	0.1941041	0.4197782
48	4	1.120904	0.1941041	0.4197782
49	2	1.120904	0.1941041	0.4197782
49	4	1.120904	0.1941041	0.4197782
50	2	1.120904	0.1941041	0.4197782
50	4	1.120904	0.1941041	0.4197782
51	2	1.120904	0.1941041	0.4197782
51	4	1.120904	0.1941041	0.4197782
52	2	1.120904	0.1941041	0.4197782
52	4	1.120904	0.1941041	0.4197782
53	2	1.120904	0.1941041	0.4197782
53	4	1.120904	0.1941041	0.4197782
54	2	1.120904	0.1941041	0.4197782
54	4	1.120904	0.1941041	0.4197782
57	1	0.949849	0.2835152	0.03783037
57	3	0.949849	0.2835152	0.03783037
57	4	-0.4275021	0.5514782	1.441300
58	1	0.949849	0.2835152	0.03783037
58	3	0.949849	0.2835152	0.03783037
58	4	-0.4275021	0.5514782	1.441300
59	1	0.949849	0.2835152	0.03783037
59	3	0.949849	0.2835152	0.03783037
59	4	-0.4275021	0.5514782	1.441300
60	1	0.949849	0.2835152	0.03783037
60	3	0.949849	0.2835152	0.03783037
60	4	-0.4275021	0.5514782	1.441300
61	1	0.949849	0.2835152	0.03783037
61	3	0.949849	0.2835152	0.03783037
61	4	-0.4275021	0.5514782	1.441300
62	1	0.949849	0.2835152	0.03783037
62	3	0.949849	0.2835152	0.03783037
62	4	-0.4275021	0.5514782	1.441300
63	1	0.949849	0.2835152	0.03783037
63	3	0.949849	0.2835152	0.03783037
63	4	-0.4275021	0.5514782	1.441300
64	3	1.333824	0.1304178	0.4234346
64	4	-0.2105659	0.5923586	0.3969132
65	1	0.949849	0.2835152	0.03783037
65	3	0.949849	0.2835152	0.03783037
65	4	-0.4275021	0.5514782	1.441300
66	1	0.949849	0.2835152	0.03783037
66	3	0.949849	0.2835152	0.03783037
66	4	-0.4275021	0.5514782	1.441300
67	1	1.333824	0.1304178	0.4234346
67	2	-0.2105659	0.5923586	0.3969132
67	3	1.333824	0.1304178	0.4234346
67	4	-0.2105659	0.5923586	0.3969132
68	2	1.120904	0.1941041	0.4197782
68	4	1.120904	0.1941041	0.4197782
69	2	1.120904	0.1941041	0.4197782
69	4	1.120904	0.1941041	0.4197782
70	2	1.120904	0.1941041	0.4197782
70	4	1.120904	0.1941041	0.4197782
71	2	1.120904	0.1941041	0.4197782
71	4	1.120904	0.1941041	0.4197782
72	2	1.120904	0.1941041	0.4197782
72	4	1.120904	0.1941041	0.4197782
73	1	1.120904	0.1941041	0.4197782
73	2	1.120904	0.1941041	0.4197782
73	3	1.120904	0.1941041	0.4197782
74	1	1.120904	0.1941041	0.4197782
74	2	1.120904	0.1941041	0.4197782
74	3	1.120904	0.1941041	0.4197782
75	1	1.120904	0.1941041	0.4197782
75	2	1.120904	0.1941041	0.4197782
75	3	1.120904	0.1941041	0.4197782
76	1	1.120904	0.1941041	0.4197782
76	2	1.120904	0.1941041	0.4197782
76	3	1.120904	0.1941041	0.4197782
77	1	1.120904	0.1941041	0.4197782
77	2	1.120904	0.1941041	0.4197782
77	3	1.120904	0.1941041	0.4197782
78	1	1.120904	0.1941041	0.4197782
78	2	1.120904	0.1941041	0.4197782
78	3	1.120904	0.1941041	0.4197782
79	1	1.120904	0.1941041	0.4197782
79	2	1.120904	0.1941041	0.4197782
79	3	1.120904	0.1941041	0.4197782
80	1	1.120904	0.1941041	0.4197782
80	2	1.120904	0.1941041	0.4197782
80	3	1.120904	0.1941041	0.4197782
81	1	1.120904	0.1941041	0.4197782
81	2	1.120904	0.1941041	0.4197782
81	3	1.120904	0.1941041	0.4197782
81	4	1.120904	0.1941041	0.4197782
