1	1	-0.01225187	0.5568244	0.1646377
1	9	0.9581742	0.2084275	0.7573821
1	22	0.9542924	0.2098395	0.7548284
1	34	-0.01641374	0.5582895	0.1623830
1	47	0.9542924	0.2098395	0.7548284
2	1	-0.1178532	0.570467	0.3406382
2	9	1.249574	0.1486193	0.4913395
2	34	-0.1231563	0.5721232	0.3398527
3	1	-0.1178532	0.570467	0.3406382
3	9	1.249574	0.1486193	0.4913395
3	34	-0.1231563	0.5721232	0.3398527
4	1	-0.01859473	0.5589786	0.1619820
4	9	0.9324754	0.2126585	0.7911852
4	22	0.9789893	0.2036143	0.7437394
4	34	-0.02261533	0.5604109	0.1596367
4	47	0.9789893	0.2036143	0.7437394
5	1	-0.01859473	0.5589786	0.1619820
5	9	0.9324754	0.2126585	0.7911852
5	22	0.9789893	0.2036143	0.7437394
5	34	-0.02261533	0.5604109	0.1596367
5	47	0.9789893	0.2036143	0.7437394
6	1	-0.01859473	0.5589786	0.1619820
6	9	0.9324754	0.2126585	0.7911852
6	22	0.9789893	0.2036143	0.7437394
6	34	-0.02261533	0.5604109	0.1596367
6	47	0.9789893	0.2036143	0.7437394
7	1	-0.01859473	0.5589786	0.1619820
7	9	0.9324754	0.2126585	0.7911852
7	22	0.9789893	0.2036143	0.7437394
7	34	-0.02261533	0.5604109	0.1596367
7	47	0.9789893	0.2036143	0.7437394
8	1	-0.01859473	0.5589786	0.1619820
8	9	0.9324754	0.2126585	0.7911852
8	22	0.9789893	0.2036143	0.7437394
8	34	-0.02261533	0.5604109	0.1596367
8	47	0.9789893	0.2036143	0.7437394
9	1	-0.01859473	0.5589786	0.1619820
9	9	0.9324754	0.2126585	0.7911852
9	22	0.9789893	0.2036143	0.7437394
9	34	-0.02261533	0.5604109	0.1596367
9	47	0.9789893	0.2036143	0.7437394
10	1	-0.01859473	0.5589786	0.1619820
10	9	0.9324754	0.2126585	0.7911852
10	22	0.9789893	0.2036143	0.7437394
10	34	-0.02261533	0.5604109	0.1596367
10	47	0.9789893	0.2036143	0.7437394
11	1	-0.01859473	0.5589786	0.1619820
11	9	0.9324754	0.2126585	0.7911852
11	22	0.9789893	0.2036143	0.7437394
11	34	-0.02261533	0.5604109	0.1596367
11	47	0.9789893	0.2036143	0.7437394
12	1	-0.01859473	0.5589786	0.1619820
12	9	0.9324754	0.2126585	0.7911852
12	22	0.9789893	0.2036143	0.7437394
12	34	-0.02261533	0.5604109	0.1596367
12	47	0.9789893	0.2036143	0.7437394
13	1	-0.01859473	0.5589786	0.1619820
13	9	0.9324754	0.2126585	0.7911852
13	22	0.9789893	0.2036143	0.7437394
13	34	-0.02261533	0.5604109	0.1596367
13	47	0.9789893	0.2036143	0.7437394
14	1	-0.01859473	0.5589786	0.1619820
14	9	0.9324754	0.2126585	0.7911852
14	22	0.9789893	0.2036143	0.7437394
14	34	-0.02261533	0.5604109	0.1596367
14	47	0.9789893	0.2036143	0.7437394
15	1	-0.01859473	0.5589786	0.1619820
15	9	0.9324754	0.2126585	0.7911852
15	22	0.9789893	0.2036143	0.7437394
15	34	-0.02261533	0.5604109	0.1596367
15	47	0.9789893	0.2036143	0.7437394
16	1	-0.01859473	0.5589786	0.1619820
16	9	0.9324754	0.2126585	0.7911852
16	22	0.9789893	0.2036143	0.7437394
16	34	-0.02261533	0.5604109	0.1596367
16	47	0.9789893	0.2036143	0.7437394
17	1	-0.01859473	0.5589786	0.1619820
17	9	0.9324754	0.2126585	0.7911852
17	22	0.9789893	0.2036143	0.7437394
17	34	-0.02261533	0.5604109	0.1596367
17	47	0.9789893	0.2036143	0.7437394
18	1	-0.01859473	0.5589786	0.1619820
18	9	0.9324754	0.2126585	0.7911852
18	22	0.9789893	0.2036143	0.7437394
18	34	-0.02261533	0.5604109	0.1596367
18	47	0.9789893	0.2036143	0.7437394
19	1	-0.01859473	0.5589786	0.1619820
19	9	0.9324754	0.2126585	0.7911852
19	22	0.9789893	0.2036143	0.7437394
19	34	-0.02261533	0.5604109	0.1596367
19	47	0.9789893	0.2036143	0.7437394
20	1	-0.01859473	0.5589786	0.1619820
20	9	0.9324754	0.2126585	0.7911852
20	22	0.9789893	0.2036143	0.7437394
20	34	-0.02261533	0.5604109	0.1596367
20	47	0.9789893	0.2036143	0.7437394
21	1	-0.01859473	0.5589786	0.1619820
21	9	0.9324754	0.2126585	0.7911852
21	22	0.9789893	0.2036143	0.7437394
21	34	-0.02261533	0.5604109	0.1596367
21	47	0.9789893	0.2036143	0.7437394
22	1	-0.01859473	0.5589786	0.1619820
22	9	0.9324754	0.2126585	0.7911852
22	22	0.9789893	0.2036143	0.7437394
22	34	-0.02261533	0.5604109	0.1596367
22	47	0.9789893	0.2036143	0.7437394
23	1	-0.01859473	0.5589786	0.1619820
23	9	0.9324754	0.2126585	0.7911852
23	22	0.9789893	0.2036143	0.7437394
23	34	-0.02261533	0.5604109	0.1596367
23	47	0.9789893	0.2036143	0.7437394
24	1	-0.01859473	0.5589786	0.1619820
24	9	0.9324754	0.2126585	0.7911852
24	22	0.9789893	0.2036143	0.7437394
24	34	-0.02261533	0.5604109	0.1596367
24	47	0.9789893	0.2036143	0.7437394
25	1	0.01309638	0.5511074	0.1465927
25	22	0.9319642	0.2099704	0.81933
25	34	0.009064216	0.5525457	0.1442222
25	47	0.9319642	0.2099704	0.8193299
26	1	0.1203822	0.5275083	0.06429299
26	22	0.6579503	0.271865	1.013463
26	47	0.6579502	0.271865	1.013463
27	1	0.1203822	0.5275083	0.06429299
27	22	0.6579503	0.271865	1.013463
27	47	0.6579502	0.271865	1.013463
28	1	1.241588	0.1580065	0.4218507
28	22	-0.1684875	0.5797726	0.3976358
29	1	1.241588	0.1580065	0.4218507
29	22	-0.1684875	0.5797726	0.3976358
30	1	0.1203822	0.5275083	0.06429299
30	22	0.6579503	0.271865	1.013463
30	47	0.6579502	0.271865	1.013463
31	1	0.1203822	0.5275083	0.06429299
31	22	0.6579503	0.271865	1.013463
31	47	0.6579502	0.271865	1.013463
32	1	0.1203822	0.5275083	0.06429299
32	22	0.6579503	0.271865	1.013463
32	47	0.6579502	0.271865	1.013463
33	1	0.1203822	0.5275083	0.06429299
33	22	0.6579503	0.271865	1.013463
33	47	0.6579502	0.271865	1.013463
34	1	0.1203822	0.5275083	0.06429299
34	22	0.6579503	0.271865	1.013463
34	47	0.6579502	0.271865	1.013463
35	1	0.1203822	0.5275083	0.06429299
35	22	0.6579503	0.271865	1.013463
35	47	0.6579502	0.271865	1.013463
36	1	0.1203822	0.5275083	0.06429299
36	22	0.6579503	0.271865	1.013463
36	47	0.6579502	0.271865	1.013463
37	1	0.1203822	0.5275083	0.06429299
37	22	0.6579503	0.271865	1.013463
37	47	0.6579502	0.271865	1.013463
38	1	0.1203822	0.5275083	0.06429299
38	22	0.6579503	0.271865	1.013463
38	47	0.6579502	0.271865	1.013463
39	1	0.1203822	0.5275083	0.06429299
39	22	0.6579503	0.271865	1.013463
39	47	0.6579502	0.271865	1.013463
40	1	0.1203822	0.5275083	0.06429299
40	22	0.6579503	0.271865	1.013463
40	47	0.6579502	0.271865	1.013463
41	1	0.07605182	0.5393165	0.07791421
41	9	-0.131963	0.4676076	1.401506
41	22	1.204135	0.1712142	0.4013365
41	47	1.204135	0.1712142	0.4013365
42	1	0.05043642	0.5455205	0.09192046
42	9	0.7210045	0.2603392	0.9418661
42	22	0.8052068	0.2426216	0.8693073
42	47	0.8052068	0.2426216	0.8693073
43	1	0.05043642	0.5455205	0.09192046
43	9	0.7210045	0.2603392	0.9418661
43	22	0.8052068	0.2426216	0.8693073
43	47	0.8052068	0.2426216	0.8693073
44	1	0.05043642	0.5455205	0.09192046
44	9	0.7210045	0.2603392	0.9418661
44	22	0.8052068	0.2426216	0.8693073
44	47	0.8052068	0.2426216	0.8693073
45	1	0.05043642	0.5455205	0.09192046
45	9	0.7210045	0.2603392	0.9418661
45	22	0.8052068	0.2426216	0.8693073
45	47	0.8052068	0.2426216	0.8693073
46	1	0.05043642	0.5455205	0.09192046
46	9	0.7210045	0.2603392	0.9418661
46	22	0.8052068	0.2426216	0.8693073
46	47	0.8052068	0.2426216	0.8693073
47	1	0.05043642	0.5455205	0.09192046
47	9	0.7210045	0.2603392	0.9418661
47	22	0.8052068	0.2426216	0.8693073
47	47	0.8052068	0.2426216	0.8693073
48	1	0.05043642	0.5455205	0.09192046
48	9	0.7210045	0.2603392	0.9418661
48	22	0.8052068	0.2426216	0.8693073
48	47	0.8052068	0.2426216	0.8693073
49	1	0.05043642	0.5455205	0.09192046
49	9	0.7210045	0.2603392	0.9418661
49	22	0.8052068	0.2426216	0.8693073
49	47	0.8052068	0.2426216	0.8693073
50	1	0.05043642	0.5455205	0.09192046
50	9	0.7210045	0.2603392	0.9418661
50	22	0.8052068	0.2426216	0.8693073
50	47	0.8052068	0.2426216	0.8693073
51	1	0.05043642	0.5455205	0.09192046
51	9	0.7210045	0.2603392	0.9418661
51	22	0.8052068	0.2426216	0.8693073
51	47	0.8052068	0.2426216	0.8693073
52	1	0.05043642	0.5455205	0.09192046
52	9	0.7210045	0.2603392	0.9418661
52	22	0.8052068	0.2426216	0.8693073
52	47	0.8052068	0.2426216	0.8693073
53	1	0.05043642	0.5455205	0.09192046
53	9	0.7210045	0.2603392	0.9418661
53	22	0.8052068	0.2426216	0.8693073
53	47	0.8052068	0.2426216	0.8693073
54	1	0.05043642	0.5455205	0.09192046
54	9	0.7210045	0.2603392	0.9418661
54	22	0.8052068	0.2426216	0.8693073
54	47	0.8052068	0.2426216	0.8693073
55	1	0.05043642	0.5455205	0.09192046
55	9	0.7210045	0.2603392	0.9418661
55	22	0.8052068	0.2426216	0.8693073
55	47	0.8052068	0.2426216	0.8693073
56	1	-0.3485993	0.5353268	1.368837
56	9	0.9432459	0.2823764	0.06857436
56	22	0.8571335	0.3097344	0.05122958
56	25	0.8571335	0.3097344	0.05122958
56	47	0.8571335	0.3097344	0.05122958
56	50	0.8571335	0.3097344	0.05122958
57	9	1.125414	0.1927551	0.4198557
57	22	-0.1092067	0.5620412	0.3986538
57	25	-0.1092067	0.5620412	0.3986538
57	47	-0.1092067	0.5620412	0.3986538
57	50	-0.1092067	0.5620412	0.3986538
58	9	1.125414	0.1927551	0.4198557
58	22	-0.1092067	0.5620412	0.3986538
58	25	-0.1092067	0.5620412	0.3986538
58	47	-0.1092067	0.5620412	0.3986538
58	50	-0.1092067	0.5620412	0.3986538
59	9	1.125414	0.1927551	0.4198557
59	22	-0.1092067	0.5620412	0.3986538
59	25	-0.1092067	0.5620412	0.3986538
59	47	-0.1092067	0.5620412	0.3986538
59	50	-0.1092067	0.5620412	0.3986538
60	9	1.125414	0.1927551	0.4198557
60	22	-0.1092067	0.5620412	0.3986538
60	25	-0.1092067	0.5620412	0.3986538
60	47	-0.1092067	0.5620412	0.3986538
60	50	-0.1092067	0.5620412	0.3986538
61	9	1.125414	0.1927551	0.4198557
61	22	-0.1092067	0.5620412	0.3986538
61	25	-0.1092067	0.5620412	0.3986538
61	47	-0.1092067	0.5620412	0.3986538
61	50	-0.1092067	0.5620412	0.3986538
62	9	1.125414	0.1927551	0.4198557
62	22	-0.1092067	0.5620412	0.3986538
62	25	-0.1092067	0.5620412	0.3986538
62	47	-0.1092067	0.5620412	0.3986538
62	50	-0.1092067	0.5620412	0.3986538
63	9	1.125414	0.1927551	0.4198557
63	22	-0.1092067	0.5620412	0.3986538
63	25	-0.1092067	0.5620412	0.3986538
63	47	-0.1092067	0.5620412	0.3986538
63	50	-0.1092067	0.5620412	0.3986538
64	9	1.125414	0.1927551	0.4198557
64	22	-0.1092067	0.5620412	0.3986538
64	25	-0.1092067	0.5620412	0.3986538
64	47	-0.1092067	0.5620412	0.3986538
64	50	-0.1092067	0.5620412	0.3986538
65	9	1.125414	0.1927551	0.4198557
65	22	-0.1092067	0.5620412	0.3986538
65	25	-0.1092067	0.5620412	0.3986538
65	47	-0.1092067	0.5620412	0.3986538
65	50	-0.1092067	0.5620412	0.3986538
66	9	1.125414	0.1927551	0.4198557
66	22	-0.1092067	0.5620412	0.3986538
66	25	-0.1092067	0.5620412	0.3986538
66	47	-0.1092067	0.5620412	0.3986538
66	50	-0.1092067	0.5620412	0.3986538
67	9	1.125414	0.1927551	0.4198557
67	22	-0.1092067	0.5620412	0.3986538
67	25	-0.1092067	0.5620412	0.3986538
67	47	-0.1092067	0.5620412	0.3986538
67	50	-0.1092067	0.5620412	0.3986538
68	9	-0.07135182	0.4663854	1.235005
68	22	0.5226851	0.3096651	1.037489
68	25	0.3616786	0.4575768	0.04621492
68	47	0.5226851	0.3096651	1.037489
68	50	0.3616786	0.4575768	0.04621492
69	9	1.124662	0.1929801	0.4198427
69	22	-0.1095973	0.562158	0.3986471
69	47	-0.1095973	0.562158	0.3986471
70	9	1.124662	0.1929801	0.4198427
70	22	-0.1095973	0.562158	0.3986471
70	47	-0.1095973	0.562158	0.3986471
71	9	1.124662	0.1929801	0.4198427
71	22	-0.1095973	0.562158	0.3986471
71	47	-0.1095973	0.562158	0.3986471
72	9	1.124662	0.1929801	0.4198427
72	22	-0.1095973	0.562158	0.3986471
72	47	-0.1095973	0.562158	0.3986471
73	9	-0.03858144	0.4523948	1.277076
73	22	0.08662805	0.4158231	1.270510
73	31	0.5452111	0.405961	0.01686004
73	47	0.08662805	0.4158231	1.270510
74	9	-0.03858144	0.4523948	1.277076
74	22	0.08662805	0.4158231	1.270510
74	31	0.5452111	0.405961	0.01686004
74	47	0.08662805	0.4158231	1.270510
75	9	-0.03858144	0.4523948	1.277076
75	22	0.08662805	0.4158231	1.270510
75	31	0.5452111	0.405961	0.01686004
75	47	0.08662805	0.4158231	1.270510
76	1	-0.3073266	0.5791604	0.8128416
76	2	0.1864246	0.5088372	0.05469675
76	3	1.007538	0.2605270	0.09563264
76	4	1.017835	0.2047211	0.6182976
76	5	0.5609465	0.4001384	0.02818865
76	6	0.7649451	0.3380689	0.04211435
76	7	0.7649451	0.3380689	0.04211435
76	8	0.7649451	0.3380689	0.04211435
76	9	0.7051169	0.2649962	0.9425359
76	10	0.2794592	0.482652	0.04002015
76	11	0.5609465	0.4001384	0.02818865
76	12	1.017835	0.2047211	0.6182976
76	13	0.5609465	0.4001384	0.02818865
76	14	0.5609465	0.4001384	0.02818865
76	15	0.5609465	0.4001384	0.02818865
76	16	1.017835	0.2047211	0.6182976
76	17	0.5609465	0.4001384	0.02818865
76	18	0.7649451	0.3380689	0.04211435
76	19	0.3517772	0.46179	0.03364233
76	20	1.119031	0.2209480	0.1592881
76	21	-0.3666277	0.5907391	0.8728537
76	22	0.7051016	0.2649987	0.9425563
76	23	0.7649451	0.3380689	0.04211435
76	24	0.6160506	0.3835655	0.03003505
76	26	0.5601844	0.2947462	1.074823
76	27	0.5601844	0.2947462	1.074823
76	28	1.173816	0.1876492	0.3278181
76	29	1.173816	0.1876492	0.3278181
76	30	0.7649451	0.3380689	0.04211435
76	31	0.3517772	0.46179	0.03364233
76	32	1.119031	0.2209480	0.1592881
76	33	-0.3666277	0.5907391	0.8728537
76	34	-0.3416806	0.5859642	0.8466554
76	35	0.2794592	0.482652	0.04002015
76	36	1.007538	0.2605270	0.09563264
76	37	1.017835	0.2047211	0.6182976
76	38	0.5601844	0.2947462	1.074823
76	39	0.5601844	0.2947462	1.074823
76	40	0.5609465	0.4001384	0.02818865
76	41	0.5601844	0.2947462	1.074823
76	42	0.7649451	0.3380689	0.04211435
76	43	0.5601844	0.2947462	1.074823
76	44	1.017835	0.2047211	0.6182976
76	45	0.5601844	0.2947462	1.074823
76	47	0.7051016	0.2649987	0.9425563
76	48	0.7649451	0.3380689	0.04211435
76	49	0.6160506	0.3835655	0.03003505
76	51	0.5601844	0.2947462	1.074823
76	52	0.5601844	0.2947462	1.074823
76	53	1.173816	0.1876492	0.3278181
76	54	1.173816	0.1876492	0.3278181
76	55	0.7649451	0.3380689	0.04211435
77	1	-0.3073266	0.5791604	0.8128416
77	2	0.1864246	0.5088372	0.05469675
77	3	1.007538	0.2605270	0.09563264
77	4	1.017835	0.2047211	0.6182976
77	5	0.5609465	0.4001384	0.02818865
77	6	0.7649451	0.3380689	0.04211435
77	7	0.7649451	0.3380689	0.04211435
77	8	0.7649451	0.3380689	0.04211435
77	9	0.7051169	0.2649962	0.9425359
77	10	0.2794592	0.482652	0.04002015
77	11	0.5609465	0.4001384	0.02818865
77	12	1.017835	0.2047211	0.6182976
77	13	0.5609465	0.4001384	0.02818865
77	14	0.5609465	0.4001384	0.02818865
77	15	0.5609465	0.4001384	0.02818865
77	16	1.017835	0.2047211	0.6182976
77	17	0.5609465	0.4001384	0.02818865
77	18	0.7649451	0.3380689	0.04211435
77	19	0.3517772	0.46179	0.03364233
77	20	1.119031	0.2209480	0.1592881
77	21	-0.3666277	0.5907391	0.8728537
77	22	0.7051016	0.2649987	0.9425563
77	23	0.7649451	0.3380689	0.04211435
77	24	0.6160506	0.3835655	0.03003505
77	26	0.5601844	0.2947462	1.074823
77	27	0.5601844	0.2947462	1.074823
77	28	1.173816	0.1876492	0.3278181
77	29	1.173816	0.1876492	0.3278181
77	30	0.7649451	0.3380689	0.04211435
77	31	0.3517772	0.46179	0.03364233
77	32	1.119031	0.2209480	0.1592881
77	33	-0.3666277	0.5907391	0.8728537
77	34	-0.3416806	0.5859642	0.8466554
77	35	0.2794592	0.482652	0.04002015
77	36	1.007538	0.2605270	0.09563264
77	37	1.017835	0.2047211	0.6182976
77	38	0.5601844	0.2947462	1.074823
77	39	0.5601844	0.2947462	1.074823
77	40	0.5609465	0.4001384	0.02818865
77	41	0.5601844	0.2947462	1.074823
77	42	0.7649451	0.3380689	0.04211435
77	43	0.5601844	0.2947462	1.074823
77	44	1.017835	0.2047211	0.6182976
77	45	0.5601844	0.2947462	1.074823
77	47	0.7051016	0.2649987	0.9425563
77	48	0.7649451	0.3380689	0.04211435
77	49	0.6160506	0.3835655	0.03003505
77	51	0.5601844	0.2947462	1.074823
77	52	0.5601844	0.2947462	1.074823
77	53	1.173816	0.1876492	0.3278181
77	54	1.173816	0.1876492	0.3278181
77	55	0.7649451	0.3380689	0.04211435
78	1	-0.3073266	0.5791604	0.8128416
78	2	0.1864246	0.5088372	0.05469675
78	3	1.007538	0.2605270	0.09563264
78	4	1.017835	0.2047211	0.6182976
78	5	0.5609465	0.4001384	0.02818865
78	6	0.7649451	0.3380689	0.04211435
78	7	0.7649451	0.3380689	0.04211435
78	8	0.7649451	0.3380689	0.04211435
78	9	0.7051169	0.2649962	0.9425359
78	10	0.2794592	0.482652	0.04002015
78	11	0.5609465	0.4001384	0.02818865
78	12	1.017835	0.2047211	0.6182976
78	13	0.5609465	0.4001384	0.02818865
78	14	0.5609465	0.4001384	0.02818865
78	15	0.5609465	0.4001384	0.02818865
78	16	1.017835	0.2047211	0.6182976
78	17	0.5609465	0.4001384	0.02818865
78	18	0.7649451	0.3380689	0.04211435
78	19	0.3517772	0.46179	0.03364233
78	20	1.119031	0.2209480	0.1592881
78	21	-0.3666277	0.5907391	0.8728537
78	22	0.7051016	0.2649987	0.9425563
78	23	0.7649451	0.3380689	0.04211435
78	24	0.6160506	0.3835655	0.03003505
78	26	0.5601844	0.2947462	1.074823
78	27	0.5601844	0.2947462	1.074823
78	28	1.173816	0.1876492	0.3278181
78	29	1.173816	0.1876492	0.3278181
78	30	0.7649451	0.3380689	0.04211435
78	31	0.3517772	0.46179	0.03364233
78	32	1.119031	0.2209480	0.1592881
78	33	-0.3666277	0.5907391	0.8728537
78	34	-0.3416806	0.5859642	0.8466554
78	35	0.2794592	0.482652	0.04002015
78	36	1.007538	0.2605270	0.09563264
78	37	1.017835	0.2047211	0.6182976
78	38	0.5601844	0.2947462	1.074823
78	39	0.5601844	0.2947462	1.074823
78	40	0.5609465	0.4001384	0.02818865
78	41	0.5601844	0.2947462	1.074823
78	42	0.7649451	0.3380689	0.04211435
78	43	0.5601844	0.2947462	1.074823
78	44	1.017835	0.2047211	0.6182976
78	45	0.5601844	0.2947462	1.074823
78	47	0.7051016	0.2649987	0.9425563
78	48	0.7649451	0.3380689	0.04211435
78	49	0.6160506	0.3835655	0.03003505
78	51	0.5601844	0.2947462	1.074823
78	52	0.5601844	0.2947462	1.074823
78	53	1.173816	0.1876492	0.3278181
78	54	1.173816	0.1876492	0.3278181
78	55	0.7649451	0.3380689	0.04211435
79	1	-0.2730468	0.5860515	0.6435358
79	2	-0.1510411	0.5653733	0.4889137
79	3	1.127472	0.2172137	0.1714174
79	4	1.127472	0.2172137	0.1714174
79	5	1.127472	0.2172137	0.1714174
79	6	1.127472	0.2172137	0.1714174
79	7	1.127472	0.2172137	0.1714174
79	8	1.127472	0.2172137	0.1714174
79	9	1.128534	0.2165748	0.1746193
79	10	1.041908	0.2480196	0.1182904
79	11	1.127472	0.2172137	0.1714174
79	12	1.127472	0.2172137	0.1714174
79	13	1.127472	0.2172137	0.1714174
79	14	1.127472	0.2172137	0.1714174
79	15	1.127472	0.2172137	0.1714174
79	16	1.127472	0.2172137	0.1714174
79	17	1.127472	0.2172137	0.1714174
79	18	1.127472	0.2172137	0.1714174
79	19	1.127472	0.2172137	0.1714174
79	20	1.127472	0.2172137	0.1714174
79	21	-0.4036406	0.5535433	1.350518
79	22	1.128539	0.2165728	0.1746233
79	23	1.127472	0.2172137	0.1714174
79	24	1.127472	0.2172137	0.1714174
79	26	1.127472	0.2172137	0.1714174
79	27	1.127472	0.2172137	0.1714174
79	28	1.128136	0.2169307	0.1722646
79	30	1.127472	0.2172137	0.1714174
79	31	1.127472	0.2172137	0.1714174
79	32	1.127472	0.2172137	0.1714174
79	33	-0.4036406	0.5535433	1.350518
79	34	-0.1780055	0.5937546	0.2871284
79	35	1.041908	0.2480196	0.1182904
79	36	1.127472	0.2172137	0.1714174
79	37	1.127472	0.2172137	0.1714174
79	38	1.127472	0.2172137	0.1714174
79	39	1.127472	0.2172137	0.1714174
79	40	1.127472	0.2172137	0.1714174
79	41	1.127472	0.2172137	0.1714174
79	42	1.127472	0.2172137	0.1714174
79	43	1.127472	0.2172137	0.1714174
79	44	1.127472	0.2172137	0.1714174
79	45	1.127472	0.2172137	0.1714174
79	46	1.127472	0.2172137	0.1714174
79	47	1.128539	0.2165728	0.1746233
79	48	1.127472	0.2172137	0.1714174
79	49	1.127472	0.2172137	0.1714174
79	51	1.127472	0.2172137	0.1714174
79	52	1.127472	0.2172137	0.1714174
79	53	1.128136	0.2169307	0.1722646
79	55	1.127472	0.2172137	0.1714174
80	1	-0.2730468	0.5860515	0.6435358
80	2	-0.1510411	0.5653733	0.4889137
80	3	1.127472	0.2172137	0.1714174
80	4	1.127472	0.2172137	0.1714174
80	5	1.127472	0.2172137	0.1714174
80	6	1.127472	0.2172137	0.1714174
80	7	1.127472	0.2172137	0.1714174
80	8	1.127472	0.2172137	0.1714174
80	9	1.128534	0.2165748	0.1746193
80	10	1.041908	0.2480196	0.1182904
80	11	1.127472	0.2172137	0.1714174
80	12	1.127472	0.2172137	0.1714174
80	13	1.127472	0.2172137	0.1714174
80	14	1.127472	0.2172137	0.1714174
80	15	1.127472	0.2172137	0.1714174
80	16	1.127472	0.2172137	0.1714174
80	17	1.127472	0.2172137	0.1714174
80	18	1.127472	0.2172137	0.1714174
80	19	1.127472	0.2172137	0.1714174
80	20	1.127472	0.2172137	0.1714174
80	21	-0.4036406	0.5535433	1.350518
80	22	1.128539	0.2165728	0.1746233
80	23	1.127472	0.2172137	0.1714174
80	24	1.127472	0.2172137	0.1714174
80	26	1.127472	0.2172137	0.1714174
80	27	1.127472	0.2172137	0.1714174
80	28	1.128136	0.2169307	0.1722646
80	30	1.127472	0.2172137	0.1714174
80	31	1.127472	0.2172137	0.1714174
80	32	1.127472	0.2172137	0.1714174
80	33	-0.4036406	0.5535433	1.350518
80	34	-0.1780055	0.5937546	0.2871284
80	35	1.041908	0.2480196	0.1182904
80	36	1.127472	0.2172137	0.1714174
80	37	1.127472	0.2172137	0.1714174
80	38	1.127472	0.2172137	0.1714174
80	39	1.127472	0.2172137	0.1714174
80	40	1.127472	0.2172137	0.1714174
80	41	1.127472	0.2172137	0.1714174
80	42	1.127472	0.2172137	0.1714174
80	43	1.127472	0.2172137	0.1714174
80	44	1.127472	0.2172137	0.1714174
80	45	1.127472	0.2172137	0.1714174
80	46	1.127472	0.2172137	0.1714174
80	47	1.128539	0.2165728	0.1746233
80	48	1.127472	0.2172137	0.1714174
80	49	1.127472	0.2172137	0.1714174
80	51	1.127472	0.2172137	0.1714174
80	52	1.127472	0.2172137	0.1714174
80	53	1.128136	0.2169307	0.1722646
80	55	1.127472	0.2172137	0.1714174
81	2	1.119272	0.1822647	0.5419109
81	10	1.207174	0.1852142	0.2536484
81	23	0.6311253	0.3797587	0.02333598
81	34	-0.4053372	0.5842711	1.051019
81	35	1.207174	0.1852142	0.2536484
81	48	0.6311253	0.3797587	0.02333598
82	2	1.119272	0.1822647	0.5419109
82	10	1.207174	0.1852142	0.2536484
82	23	0.6311253	0.3797587	0.02333598
82	34	-0.4053372	0.5842711	1.051019
82	35	1.207174	0.1852142	0.2536484
82	48	0.6311253	0.3797587	0.02333598
83	2	1.119272	0.1822647	0.5419109
83	10	1.207174	0.1852142	0.2536484
83	23	0.6311253	0.3797587	0.02333598
83	34	-0.4053372	0.5842711	1.051019
83	35	1.207174	0.1852142	0.2536484
83	48	0.6311253	0.3797587	0.02333598
84	2	1.119272	0.1822647	0.5419109
84	10	1.207174	0.1852142	0.2536484
84	23	0.6311253	0.3797587	0.02333598
84	34	-0.4053372	0.5842711	1.051019
84	35	1.207174	0.1852142	0.2536484
84	48	0.6311253	0.3797587	0.02333598
85	2	1.119272	0.1822647	0.5419109
85	10	1.207174	0.1852142	0.2536484
85	23	0.6311253	0.3797587	0.02333598
85	34	-0.4053372	0.5842711	1.051019
85	35	1.207174	0.1852142	0.2536484
85	48	0.6311253	0.3797587	0.02333598
86	2	1.119272	0.1822647	0.5419109
86	10	1.207174	0.1852142	0.2536484
86	23	0.6311253	0.3797587	0.02333598
86	34	-0.4053372	0.5842711	1.051019
86	35	1.207174	0.1852142	0.2536484
86	48	0.6311253	0.3797587	0.02333598
87	2	1.119272	0.1822647	0.5419109
87	10	1.207174	0.1852142	0.2536484
87	23	0.6311253	0.3797587	0.02333598
87	34	-0.4053372	0.5842711	1.051019
87	35	1.207174	0.1852142	0.2536484
87	48	0.6311253	0.3797587	0.02333598
88	2	1.119272	0.1822647	0.5419109
88	10	1.207174	0.1852142	0.2536484
88	23	0.6311253	0.3797587	0.02333598
88	34	-0.4053372	0.5842711	1.051019
88	35	1.207174	0.1852142	0.2536484
88	48	0.6311253	0.3797587	0.02333598
89	2	1.119272	0.1822647	0.5419109
89	10	1.207174	0.1852142	0.2536484
89	23	0.6311253	0.3797587	0.02333598
89	34	-0.4053372	0.5842711	1.051019
89	35	1.207174	0.1852142	0.2536484
89	48	0.6311253	0.3797587	0.02333598
90	2	1.119272	0.1822647	0.5419109
90	10	1.207174	0.1852142	0.2536484
90	23	0.6311253	0.3797587	0.02333598
90	34	-0.4053372	0.5842711	1.051019
90	35	1.207174	0.1852142	0.2536484
90	48	0.6311253	0.3797587	0.02333598
91	2	1.119272	0.1822647	0.5419109
91	10	1.207174	0.1852142	0.2536484
91	23	0.6311253	0.3797587	0.02333598
91	34	-0.4053372	0.5842711	1.051019
91	35	1.207174	0.1852142	0.2536484
91	48	0.6311253	0.3797587	0.02333598
92	1	-0.2849168	0.5853353	0.6856126
92	2	1.111053	0.2236261	0.1562604
92	3	1.111053	0.2236261	0.1562604
92	4	1.111053	0.2236261	0.1562604
92	5	1.111053	0.2236261	0.1562604
92	6	1.111053	0.2236261	0.1562604
92	7	1.111053	0.2236261	0.1562604
92	8	1.111053	0.2236261	0.1562604
92	9	1.109088	0.2242644	0.1557245
92	10	1.111053	0.2236261	0.1562604
92	11	1.111053	0.2236261	0.1562604
92	12	1.111053	0.2236261	0.1562604
92	13	1.111053	0.2236261	0.1562604
92	14	1.111053	0.2236261	0.1562604
92	15	1.111053	0.2236261	0.1562604
92	16	1.111053	0.2236261	0.1562604
92	17	1.111053	0.2236261	0.1562604
92	18	1.111053	0.2236261	0.1562604
92	19	1.111053	0.2236261	0.1562604
92	20	1.111053	0.2236261	0.1562604
92	21	-0.3953964	0.5474088	1.387014
92	22	1.107351	0.2248639	0.1549035
92	23	1.004906	0.2605866	0.1027978
92	24	1.111053	0.2236261	0.1562604
92	26	1.111053	0.2236261	0.1562604
92	27	1.111053	0.2236261	0.1562604
92	28	1.111040	0.2236174	0.1563839
92	30	1.111053	0.2236261	0.1562604
92	31	1.111053	0.2236261	0.1562604
92	32	1.111053	0.2236261	0.1562604
92	33	-0.3953964	0.5474088	1.387014
92	34	-0.1960332	0.5960074	0.3179293
92	35	1.111053	0.2236261	0.1562604
92	36	1.111053	0.2236261	0.1562604
92	37	1.111053	0.2236261	0.1562604
92	38	1.111053	0.2236261	0.1562604
92	39	1.111053	0.2236261	0.1562604
92	40	1.111053	0.2236261	0.1562604
92	41	1.111053	0.2236261	0.1562604
92	42	1.111053	0.2236261	0.1562604
92	43	1.111053	0.2236261	0.1562604
92	44	1.111053	0.2236261	0.1562604
92	45	1.111053	0.2236261	0.1562604
92	46	1.111053	0.2236261	0.1562604
92	47	1.107351	0.2248639	0.1549035
92	48	1.004906	0.2605866	0.1027978
92	49	1.111053	0.2236261	0.1562604
92	51	1.111053	0.2236261	0.1562604
92	52	1.111053	0.2236261	0.1562604
92	53	1.111040	0.2236174	0.1563839
92	55	1.111053	0.2236261	0.1562604
93	1	-0.2849168	0.5853353	0.6856126
93	2	1.111053	0.2236261	0.1562604
93	3	1.111053	0.2236261	0.1562604
93	4	1.111053	0.2236261	0.1562604
93	5	1.111053	0.2236261	0.1562604
93	6	1.111053	0.2236261	0.1562604
93	7	1.111053	0.2236261	0.1562604
93	8	1.111053	0.2236261	0.1562604
93	9	1.109088	0.2242644	0.1557245
93	10	1.111053	0.2236261	0.1562604
93	11	1.111053	0.2236261	0.1562604
93	12	1.111053	0.2236261	0.1562604
93	13	1.111053	0.2236261	0.1562604
93	14	1.111053	0.2236261	0.1562604
93	15	1.111053	0.2236261	0.1562604
93	16	1.111053	0.2236261	0.1562604
93	17	1.111053	0.2236261	0.1562604
93	18	1.111053	0.2236261	0.1562604
93	19	1.111053	0.2236261	0.1562604
93	20	1.111053	0.2236261	0.1562604
93	21	-0.3953964	0.5474088	1.387014
93	22	1.107351	0.2248639	0.1549035
93	23	1.004906	0.2605866	0.1027978
93	24	1.111053	0.2236261	0.1562604
93	26	1.111053	0.2236261	0.1562604
93	27	1.111053	0.2236261	0.1562604
93	28	1.111040	0.2236174	0.1563839
93	30	1.111053	0.2236261	0.1562604
93	31	1.111053	0.2236261	0.1562604
93	32	1.111053	0.2236261	0.1562604
93	33	-0.3953964	0.5474088	1.387014
93	34	-0.1960332	0.5960074	0.3179293
93	35	1.111053	0.2236261	0.1562604
93	36	1.111053	0.2236261	0.1562604
93	37	1.111053	0.2236261	0.1562604
93	38	1.111053	0.2236261	0.1562604
93	39	1.111053	0.2236261	0.1562604
93	40	1.111053	0.2236261	0.1562604
93	41	1.111053	0.2236261	0.1562604
93	42	1.111053	0.2236261	0.1562604
93	43	1.111053	0.2236261	0.1562604
93	44	1.111053	0.2236261	0.1562604
93	45	1.111053	0.2236261	0.1562604
93	46	1.111053	0.2236261	0.1562604
93	47	1.107351	0.2248639	0.1549035
93	48	1.004906	0.2605866	0.1027978
93	49	1.111053	0.2236261	0.1562604
93	51	1.111053	0.2236261	0.1562604
93	52	1.111053	0.2236261	0.1562604
93	53	1.111040	0.2236174	0.1563839
93	55	1.111053	0.2236261	0.1562604
94	1	-0.2854032	0.585355	0.6868506
94	2	1.110568	0.2237845	0.156118
94	3	1.110568	0.2237845	0.156118
94	4	1.110568	0.2237845	0.156118
94	5	1.110568	0.2237845	0.156118
94	6	1.110568	0.2237845	0.156118
94	7	1.110568	0.2237845	0.156118
94	8	1.110568	0.2237845	0.156118
94	9	1.108393	0.2244965	0.1554717
94	10	1.110568	0.2237845	0.156118
94	11	1.110568	0.2237845	0.156118
94	12	1.110568	0.2237845	0.156118
94	13	1.110568	0.2237845	0.156118
94	14	1.110568	0.2237845	0.156118
94	15	1.110568	0.2237845	0.156118
94	16	1.110568	0.2237845	0.156118
94	17	1.110568	0.2237845	0.156118
94	18	1.110568	0.2237845	0.156118
94	19	1.110568	0.2237845	0.156118
94	20	1.110568	0.2237845	0.156118
94	21	-0.3955538	0.5473967	1.387598
94	22	1.106569	0.2251269	0.1545983
94	23	0.9903958	0.2654376	0.0974852
94	24	1.110568	0.2237845	0.156118
94	26	1.110568	0.2237845	0.156118
94	28	1.110636	0.2237471	0.1562887
94	29	1.109419	0.2241469	0.1559146
94	30	1.110568	0.2237845	0.156118
94	31	1.110568	0.2237845	0.156118
94	32	1.110568	0.2237845	0.156118
94	33	-0.3955538	0.5473967	1.387598
94	34	-0.1966962	0.5961014	0.3189511
94	35	1.110568	0.2237845	0.156118
94	36	1.110568	0.2237845	0.156118
94	37	1.110568	0.2237845	0.156118
94	38	1.110568	0.2237845	0.156118
94	39	1.110568	0.2237845	0.156118
94	40	1.110568	0.2237845	0.156118
94	41	1.110568	0.2237845	0.156118
94	42	1.110568	0.2237845	0.156118
94	43	1.110568	0.2237845	0.156118
94	44	1.110568	0.2237845	0.156118
94	45	1.110568	0.2237845	0.156118
94	46	1.110568	0.2237845	0.156118
94	47	1.106569	0.2251269	0.1545983
94	48	0.9903958	0.2654376	0.0974852
94	49	1.110568	0.2237845	0.156118
94	51	1.110568	0.2237845	0.156118
94	52	1.110568	0.2237845	0.156118
94	53	1.110636	0.2237471	0.1562887
94	54	1.109419	0.2241469	0.1559146
94	55	1.110568	0.2237845	0.156118
95	1	-0.2854032	0.585355	0.6868506
95	2	1.110568	0.2237845	0.156118
95	3	1.110568	0.2237845	0.156118
95	4	1.110568	0.2237845	0.156118
95	5	1.110568	0.2237845	0.156118
95	6	1.110568	0.2237845	0.156118
95	7	1.110568	0.2237845	0.156118
95	8	1.110568	0.2237845	0.156118
95	9	1.108393	0.2244965	0.1554717
95	10	1.110568	0.2237845	0.156118
95	11	1.110568	0.2237845	0.156118
95	12	1.110568	0.2237845	0.156118
95	13	1.110568	0.2237845	0.156118
95	14	1.110568	0.2237845	0.156118
95	15	1.110568	0.2237845	0.156118
95	16	1.110568	0.2237845	0.156118
95	17	1.110568	0.2237845	0.156118
95	18	1.110568	0.2237845	0.156118
95	19	1.110568	0.2237845	0.156118
95	20	1.110568	0.2237845	0.156118
95	21	-0.3955538	0.5473967	1.387598
95	22	1.106569	0.2251269	0.1545983
95	23	0.9903958	0.2654376	0.0974852
95	24	1.110568	0.2237845	0.156118
95	26	1.110568	0.2237845	0.156118
95	28	1.110636	0.2237471	0.1562887
95	29	1.109419	0.2241469	0.1559146
95	30	1.110568	0.2237845	0.156118
95	31	1.110568	0.2237845	0.156118
95	32	1.110568	0.2237845	0.156118
95	33	-0.3955538	0.5473967	1.387598
95	34	-0.1966962	0.5961014	0.3189511
95	35	1.110568	0.2237845	0.156118
95	36	1.110568	0.2237845	0.156118
95	37	1.110568	0.2237845	0.156118
95	38	1.110568	0.2237845	0.156118
95	39	1.110568	0.2237845	0.156118
95	40	1.110568	0.2237845	0.156118
95	41	1.110568	0.2237845	0.156118
95	42	1.110568	0.2237845	0.156118
95	43	1.110568	0.2237845	0.156118
95	44	1.110568	0.2237845	0.156118
95	45	1.110568	0.2237845	0.156118
95	46	1.110568	0.2237845	0.156118
95	47	1.106569	0.2251269	0.1545983
95	48	0.9903958	0.2654376	0.0974852
95	49	1.110568	0.2237845	0.156118
95	51	1.110568	0.2237845	0.156118
95	52	1.110568	0.2237845	0.156118
95	53	1.110636	0.2237471	0.1562887
95	54	1.109419	0.2241469	0.1559146
95	55	1.110568	0.2237845	0.156118
96	1	-0.2854032	0.585355	0.6868506
96	2	1.110568	0.2237845	0.156118
96	3	1.110568	0.2237845	0.156118
96	4	1.110568	0.2237845	0.156118
96	5	1.110568	0.2237845	0.156118
96	6	1.110568	0.2237845	0.156118
96	7	1.110568	0.2237845	0.156118
96	8	1.110568	0.2237845	0.156118
96	9	1.108393	0.2244965	0.1554717
96	10	1.110568	0.2237845	0.156118
96	11	1.110568	0.2237845	0.156118
96	12	1.110568	0.2237845	0.156118
96	13	1.110568	0.2237845	0.156118
96	14	1.110568	0.2237845	0.156118
96	15	1.110568	0.2237845	0.156118
96	16	1.110568	0.2237845	0.156118
96	17	1.110568	0.2237845	0.156118
96	18	1.110568	0.2237845	0.156118
96	19	1.110568	0.2237845	0.156118
96	20	1.110568	0.2237845	0.156118
96	21	-0.3955538	0.5473967	1.387598
96	22	1.106569	0.2251269	0.1545983
96	23	0.9903958	0.2654376	0.0974852
96	24	1.110568	0.2237845	0.156118
96	26	1.110568	0.2237845	0.156118
96	28	1.110636	0.2237471	0.1562887
96	29	1.109419	0.2241469	0.1559146
96	30	1.110568	0.2237845	0.156118
96	31	1.110568	0.2237845	0.156118
96	32	1.110568	0.2237845	0.156118
96	33	-0.3955538	0.5473967	1.387598
96	34	-0.1966962	0.5961014	0.3189511
96	35	1.110568	0.2237845	0.156118
96	36	1.110568	0.2237845	0.156118
96	37	1.110568	0.2237845	0.156118
96	38	1.110568	0.2237845	0.156118
96	39	1.110568	0.2237845	0.156118
96	40	1.110568	0.2237845	0.156118
96	41	1.110568	0.2237845	0.156118
96	42	1.110568	0.2237845	0.156118
96	43	1.110568	0.2237845	0.156118
96	44	1.110568	0.2237845	0.156118
96	45	1.110568	0.2237845	0.156118
96	46	1.110568	0.2237845	0.156118
96	47	1.106569	0.2251269	0.1545983
96	48	0.9903958	0.2654376	0.0974852
96	49	1.110568	0.2237845	0.156118
96	51	1.110568	0.2237845	0.156118
96	52	1.110568	0.2237845	0.156118
96	53	1.110636	0.2237471	0.1562887
96	54	1.109419	0.2241469	0.1559146
96	55	1.110568	0.2237845	0.156118
97	1	-0.2854032	0.585355	0.6868506
97	2	1.110568	0.2237845	0.156118
97	3	1.110568	0.2237845	0.156118
97	4	1.110568	0.2237845	0.156118
97	5	1.110568	0.2237845	0.156118
97	6	1.110568	0.2237845	0.156118
97	7	1.110568	0.2237845	0.156118
97	8	1.110568	0.2237845	0.156118
97	9	1.108393	0.2244965	0.1554717
97	10	1.110568	0.2237845	0.156118
97	11	1.110568	0.2237845	0.156118
97	12	1.110568	0.2237845	0.156118
97	13	1.110568	0.2237845	0.156118
97	14	1.110568	0.2237845	0.156118
97	15	1.110568	0.2237845	0.156118
97	16	1.110568	0.2237845	0.156118
97	17	1.110568	0.2237845	0.156118
97	18	1.110568	0.2237845	0.156118
97	19	1.110568	0.2237845	0.156118
97	20	1.110568	0.2237845	0.156118
97	21	-0.3955538	0.5473967	1.387598
97	22	1.106569	0.2251269	0.1545983
97	23	0.9903958	0.2654376	0.0974852
97	24	1.110568	0.2237845	0.156118
97	26	1.110568	0.2237845	0.156118
97	28	1.110636	0.2237471	0.1562887
97	29	1.109419	0.2241469	0.1559146
97	30	1.110568	0.2237845	0.156118
97	31	1.110568	0.2237845	0.156118
97	32	1.110568	0.2237845	0.156118
97	33	-0.3955538	0.5473967	1.387598
97	34	-0.1966962	0.5961014	0.3189511
97	35	1.110568	0.2237845	0.156118
97	36	1.110568	0.2237845	0.156118
97	37	1.110568	0.2237845	0.156118
97	38	1.110568	0.2237845	0.156118
97	39	1.110568	0.2237845	0.156118
97	40	1.110568	0.2237845	0.156118
97	41	1.110568	0.2237845	0.156118
97	42	1.110568	0.2237845	0.156118
97	43	1.110568	0.2237845	0.156118
97	44	1.110568	0.2237845	0.156118
97	45	1.110568	0.2237845	0.156118
97	46	1.110568	0.2237845	0.156118
97	47	1.106569	0.2251269	0.1545983
97	48	0.9903958	0.2654376	0.0974852
97	49	1.110568	0.2237845	0.156118
97	51	1.110568	0.2237845	0.156118
97	52	1.110568	0.2237845	0.156118
97	53	1.110636	0.2237471	0.1562887
97	54	1.109419	0.2241469	0.1559146
97	55	1.110568	0.2237845	0.156118
98	1	-0.1655771	0.5884088	0.303478
98	2	1.157526	0.2046890	0.2069687
98	3	1.157526	0.2046890	0.2069687
98	4	1.157526	0.2046890	0.2069687
98	5	1.157526	0.2046890	0.2069687
98	6	1.157526	0.2046890	0.2069687
98	7	1.157526	0.2046890	0.2069687
98	8	1.157526	0.2046890	0.2069687
98	9	1.156728	0.2048187	0.2080339
98	10	1.157526	0.2046890	0.2069687
98	11	1.157526	0.2046890	0.2069687
98	12	1.157526	0.2046890	0.2069687
98	13	1.157526	0.2046890	0.2069687
98	14	1.157526	0.2046890	0.2069687
98	15	1.157526	0.2046890	0.2069687
98	16	1.157526	0.2046890	0.2069687
98	17	1.157526	0.2046890	0.2069687
98	18	1.157526	0.2046890	0.2069687
98	19	1.157526	0.2046890	0.2069687
98	20	1.157526	0.2046890	0.2069687
98	21	-0.3912378	0.5471597	1.377228
98	22	1.156398	0.2048383	0.208812
98	23	1.158127	0.2015487	0.2363140
98	24	1.157526	0.2046890	0.2069687
98	26	1.157526	0.2046890	0.2069687
98	28	1.1574	0.2047241	0.2069910
98	29	1.156959	0.2047963	0.2075754
98	30	1.157526	0.2046890	0.2069687
98	31	1.157526	0.2046890	0.2069687
98	32	1.157526	0.2046890	0.2069687
98	33	-0.3912378	0.5471597	1.377228
98	34	-0.3292754	0.5867696	0.8021177
98	35	1.157526	0.2046890	0.2069687
98	36	1.157526	0.2046890	0.2069687
98	37	1.157526	0.2046890	0.2069687
98	38	-0.1842656	0.5956068	0.2872221
98	39	1.157526	0.2046890	0.2069687
98	40	1.157526	0.2046890	0.2069687
98	41	1.157526	0.2046890	0.2069687
98	42	1.157526	0.2046890	0.2069687
98	43	1.157526	0.2046890	0.2069687
98	44	1.157526	0.2046890	0.2069687
98	45	1.157526	0.2046890	0.2069687
98	46	1.157526	0.2046890	0.2069687
98	47	1.156398	0.2048383	0.208812
98	48	1.158127	0.2015487	0.2363140
98	49	1.157526	0.2046890	0.2069687
98	51	1.157526	0.2046890	0.2069687
98	52	1.157526	0.2046890	0.2069687
98	53	1.1574	0.2047241	0.2069910
98	54	1.156959	0.2047963	0.2075754
98	55	1.157526	0.2046890	0.2069687
99	7	1.188000	0.2074709	0.08959852
99	21	-0.2935382	0.5594941	0.9670924
99	33	-0.2935382	0.5594941	0.9670924
100	7	1.188000	0.2074709	0.08959852
100	21	-0.2935382	0.5594941	0.9670924
100	33	-0.2935382	0.5594941	0.9670924
101	7	1.188000	0.2074709	0.08959852
101	21	-0.2935382	0.5594941	0.9670924
101	33	-0.2935382	0.5594941	0.9670924
102	7	1.188000	0.2074709	0.08959852
102	21	-0.2935382	0.5594941	0.9670924
102	33	-0.2935382	0.5594941	0.9670924
103	7	1.188000	0.2074709	0.08959852
103	21	-0.2935382	0.5594941	0.9670924
103	33	-0.2935382	0.5594941	0.9670924
104	7	1.188000	0.2074709	0.08959852
104	21	-0.2935382	0.5594941	0.9670924
104	33	-0.2935382	0.5594941	0.9670924
105	7	1.188000	0.2074709	0.08959852
105	21	-0.2935382	0.5594941	0.9670924
105	33	-0.2935382	0.5594941	0.9670924
107	1	-0.3363566	0.5238161	1.446825
107	2	1.119987	0.2206074	0.1598445
107	3	1.119987	0.2206074	0.1598445
107	4	1.119987	0.2206074	0.1598445
107	5	1.119987	0.2206074	0.1598445
107	6	1.119987	0.2206074	0.1598445
107	7	1.044394	0.2469037	0.1220235
107	8	1.119987	0.2206074	0.1598445
107	9	1.118662	0.2209876	0.1599818
107	10	1.119987	0.2206074	0.1598445
107	11	1.119987	0.2206074	0.1598445
107	12	1.119987	0.2206074	0.1598445
107	13	1.119987	0.2206074	0.1598445
107	14	1.119987	0.2206074	0.1598445
107	15	1.119987	0.2206074	0.1598445
107	16	1.119987	0.2206074	0.1598445
107	17	1.119987	0.2206074	0.1598445
107	18	1.119987	0.2206074	0.1598445
107	19	1.119987	0.2206074	0.1598445
107	20	1.119987	0.2206074	0.1598445
107	21	-0.2218041	0.5964544	0.3894432
107	22	1.117798	0.2212517	0.1599128
107	23	1.096774	0.2284235	0.1507968
107	24	1.119987	0.2206074	0.1598445
107	26	1.119987	0.2206074	0.1598445
107	27	1.119987	0.2206074	0.1598445
107	28	1.11992	0.2206194	0.1599237
107	29	1.119172	0.2208358	0.1599826
107	30	1.119987	0.2206074	0.1598445
107	31	1.119987	0.2206074	0.1598445
107	32	1.119987	0.2206074	0.1598445
107	33	-0.2218041	0.5964544	0.3894432
107	34	-0.3417907	0.5841297	0.8651583
107	35	1.119987	0.2206074	0.1598445
107	36	1.119987	0.2206074	0.1598445
107	37	1.119987	0.2206074	0.1598445
107	38	-0.3915214	0.5320304	1.527988
107	39	1.119987	0.2206074	0.1598445
107	40	1.119987	0.2206074	0.1598445
107	41	1.119987	0.2206074	0.1598445
107	42	1.119987	0.2206074	0.1598445
107	43	1.119987	0.2206074	0.1598445
107	44	1.119987	0.2206074	0.1598445
107	45	1.119987	0.2206074	0.1598445
107	46	1.119987	0.2206074	0.1598445
107	47	1.117798	0.2212517	0.1599128
107	48	1.096774	0.2284235	0.1507968
107	49	1.119987	0.2206074	0.1598445
107	51	1.119987	0.2206074	0.1598445
107	52	1.119987	0.2206074	0.1598445
107	53	1.11992	0.2206194	0.1599237
107	54	1.119172	0.2208358	0.1599826
107	55	1.119987	0.2206074	0.1598445
108	1	-0.1820679	0.5904848	0.3315027
108	2	1.142876	0.2111546	0.1860670
108	3	1.142876	0.2111546	0.1860670
108	4	1.142876	0.2111546	0.1860670
108	5	1.142876	0.2111546	0.1860670
108	6	1.142876	0.2111546	0.1860670
108	7	1.142876	0.2111546	0.1860670
108	8	1.142876	0.2111546	0.1860670
108	9	1.142584	0.2112274	0.1862059
108	10	1.142876	0.2111546	0.1860670
108	11	1.142876	0.2111546	0.1860670
108	12	1.142876	0.2111546	0.1860670
108	13	1.142876	0.2111546	0.1860670
108	14	1.142876	0.2111546	0.1860670
108	15	1.142876	0.2111546	0.1860670
108	16	1.142876	0.2111546	0.1860670
108	17	1.142876	0.2111546	0.1860670
108	18	1.142876	0.2111546	0.1860670
108	19	1.142876	0.2111546	0.1860670
108	20	1.142876	0.2111546	0.1860670
108	21	-0.3857416	0.541083	1.421248
108	22	1.142323	0.2112811	0.1864441
108	23	1.142397	0.2096143	0.2027417
108	24	1.142876	0.2111546	0.1860670
108	25	1.142876	0.2111546	0.1860670
108	26	1.142876	0.2111546	0.1860670
108	27	1.142876	0.2111546	0.1860670
108	28	1.142770	0.2111848	0.1860816
108	29	1.142323	0.2112812	0.1864433
108	30	1.142876	0.2111546	0.1860670
108	31	1.142876	0.2111546	0.1860670
108	32	1.142876	0.2111546	0.1860670
108	33	-0.3857416	0.541083	1.421248
108	34	-0.3427657	0.5842784	0.8665584
108	35	1.142876	0.2111546	0.1860670
108	36	1.142876	0.2111546	0.1860670
108	37	1.142876	0.2111546	0.1860670
108	38	-0.2093278	0.5986643	0.3307782
108	39	1.142876	0.2111546	0.1860670
108	40	1.142876	0.2111546	0.1860670
108	41	1.142876	0.2111546	0.1860670
108	42	1.142876	0.2111546	0.1860670
108	43	1.142876	0.2111546	0.1860670
108	44	1.142876	0.2111546	0.1860670
108	45	1.142876	0.2111546	0.1860670
108	46	1.142876	0.2111546	0.1860670
108	47	1.142323	0.2112811	0.1864441
108	48	1.142397	0.2096143	0.2027417
108	49	1.142876	0.2111546	0.1860670
108	50	1.142876	0.2111546	0.1860670
108	51	1.142876	0.2111546	0.1860670
108	52	1.142876	0.2111546	0.1860670
108	53	1.142770	0.2111848	0.1860816
108	54	1.142323	0.2112812	0.1864433
108	55	1.142876	0.2111546	0.1860670
109	1	-0.1820679	0.5904848	0.3315027
109	2	1.142876	0.2111546	0.1860670
109	3	1.142876	0.2111546	0.1860670
109	4	1.142876	0.2111546	0.1860670
109	5	1.142876	0.2111546	0.1860670
109	6	1.142876	0.2111546	0.1860670
109	7	1.142876	0.2111546	0.1860670
109	8	1.142876	0.2111546	0.1860670
109	9	1.142584	0.2112274	0.1862059
109	10	1.142876	0.2111546	0.1860670
109	11	1.142876	0.2111546	0.1860670
109	12	1.142876	0.2111546	0.1860670
109	13	1.142876	0.2111546	0.1860670
109	14	1.142876	0.2111546	0.1860670
109	15	1.142876	0.2111546	0.1860670
109	16	1.142876	0.2111546	0.1860670
109	17	1.142876	0.2111546	0.1860670
109	18	1.142876	0.2111546	0.1860670
109	19	1.142876	0.2111546	0.1860670
109	20	1.142876	0.2111546	0.1860670
109	21	-0.3857416	0.541083	1.421248
109	22	1.142323	0.2112811	0.1864441
109	23	1.142397	0.2096143	0.2027417
109	24	1.142876	0.2111546	0.1860670
109	25	1.142876	0.2111546	0.1860670
109	26	1.142876	0.2111546	0.1860670
109	27	1.142876	0.2111546	0.1860670
109	28	1.142770	0.2111848	0.1860816
109	29	1.142323	0.2112812	0.1864433
109	30	1.142876	0.2111546	0.1860670
109	31	1.142876	0.2111546	0.1860670
109	32	1.142876	0.2111546	0.1860670
109	33	-0.3857416	0.541083	1.421248
109	34	-0.3427657	0.5842784	0.8665584
109	35	1.142876	0.2111546	0.1860670
109	36	1.142876	0.2111546	0.1860670
109	37	1.142876	0.2111546	0.1860670
109	38	-0.2093278	0.5986643	0.3307782
109	39	1.142876	0.2111546	0.1860670
109	40	1.142876	0.2111546	0.1860670
109	41	1.142876	0.2111546	0.1860670
109	42	1.142876	0.2111546	0.1860670
109	43	1.142876	0.2111546	0.1860670
109	44	1.142876	0.2111546	0.1860670
109	45	1.142876	0.2111546	0.1860670
109	46	1.142876	0.2111546	0.1860670
109	47	1.142323	0.2112811	0.1864441
109	48	1.142397	0.2096143	0.2027417
109	49	1.142876	0.2111546	0.1860670
109	50	1.142876	0.2111546	0.1860670
109	51	1.142876	0.2111546	0.1860670
109	52	1.142876	0.2111546	0.1860670
109	53	1.142770	0.2111848	0.1860816
109	54	1.142323	0.2112812	0.1864433
109	55	1.142876	0.2111546	0.1860670
110	1	-0.1820679	0.5904848	0.3315027
110	2	1.142876	0.2111546	0.1860670
110	3	1.142876	0.2111546	0.1860670
110	4	1.142876	0.2111546	0.1860670
110	5	1.142876	0.2111546	0.1860670
110	6	1.142876	0.2111546	0.1860670
110	7	1.142876	0.2111546	0.1860670
110	8	1.142876	0.2111546	0.1860670
110	9	1.142584	0.2112274	0.1862059
110	10	1.142876	0.2111546	0.1860670
110	11	1.142876	0.2111546	0.1860670
110	12	1.142876	0.2111546	0.1860670
110	13	1.142876	0.2111546	0.1860670
110	14	1.142876	0.2111546	0.1860670
110	15	1.142876	0.2111546	0.1860670
110	16	1.142876	0.2111546	0.1860670
110	17	1.142876	0.2111546	0.1860670
110	18	1.142876	0.2111546	0.1860670
110	19	1.142876	0.2111546	0.1860670
110	20	1.142876	0.2111546	0.1860670
110	21	-0.3857416	0.541083	1.421248
110	22	1.142323	0.2112811	0.1864441
110	23	1.142397	0.2096143	0.2027417
110	24	1.142876	0.2111546	0.1860670
110	25	1.142876	0.2111546	0.1860670
110	26	1.142876	0.2111546	0.1860670
110	27	1.142876	0.2111546	0.1860670
110	28	1.142770	0.2111848	0.1860816
110	29	1.142323	0.2112812	0.1864433
110	30	1.142876	0.2111546	0.1860670
110	31	1.142876	0.2111546	0.1860670
110	32	1.142876	0.2111546	0.1860670
110	33	-0.3857416	0.541083	1.421248
110	34	-0.3427657	0.5842784	0.8665584
110	35	1.142876	0.2111546	0.1860670
110	36	1.142876	0.2111546	0.1860670
110	37	1.142876	0.2111546	0.1860670
110	38	-0.2093278	0.5986643	0.3307782
110	39	1.142876	0.2111546	0.1860670
110	40	1.142876	0.2111546	0.1860670
110	41	1.142876	0.2111546	0.1860670
110	42	1.142876	0.2111546	0.1860670
110	43	1.142876	0.2111546	0.1860670
110	44	1.142876	0.2111546	0.1860670
110	45	1.142876	0.2111546	0.1860670
110	46	1.142876	0.2111546	0.1860670
110	47	1.142323	0.2112811	0.1864441
110	48	1.142397	0.2096143	0.2027417
110	49	1.142876	0.2111546	0.1860670
110	50	1.142876	0.2111546	0.1860670
110	51	1.142876	0.2111546	0.1860670
110	52	1.142876	0.2111546	0.1860670
110	53	1.142770	0.2111848	0.1860816
110	54	1.142323	0.2112812	0.1864433
110	55	1.142876	0.2111546	0.1860670
111	1	-0.1820679	0.5904848	0.3315027
111	2	1.142876	0.2111546	0.1860670
111	3	1.142876	0.2111546	0.1860670
111	4	1.142876	0.2111546	0.1860670
111	5	1.142876	0.2111546	0.1860670
111	6	1.142876	0.2111546	0.1860670
111	7	1.142876	0.2111546	0.1860670
111	8	1.142876	0.2111546	0.1860670
111	9	1.142584	0.2112274	0.1862059
111	10	1.142876	0.2111546	0.1860670
111	11	1.142876	0.2111546	0.1860670
111	12	1.142876	0.2111546	0.1860670
111	13	1.142876	0.2111546	0.1860670
111	14	1.142876	0.2111546	0.1860670
111	15	1.142876	0.2111546	0.1860670
111	16	1.142876	0.2111546	0.1860670
111	17	1.142876	0.2111546	0.1860670
111	18	1.142876	0.2111546	0.1860670
111	19	1.142876	0.2111546	0.1860670
111	20	1.142876	0.2111546	0.1860670
111	21	-0.3857416	0.541083	1.421248
111	22	1.142323	0.2112811	0.1864441
111	23	1.142397	0.2096143	0.2027417
111	24	1.142876	0.2111546	0.1860670
111	25	1.142876	0.2111546	0.1860670
111	26	1.142876	0.2111546	0.1860670
111	27	1.142876	0.2111546	0.1860670
111	28	1.142770	0.2111848	0.1860816
111	29	1.142323	0.2112812	0.1864433
111	30	1.142876	0.2111546	0.1860670
111	31	1.142876	0.2111546	0.1860670
111	32	1.142876	0.2111546	0.1860670
111	33	-0.3857416	0.541083	1.421248
111	34	-0.3427657	0.5842784	0.8665584
111	35	1.142876	0.2111546	0.1860670
111	36	1.142876	0.2111546	0.1860670
111	37	1.142876	0.2111546	0.1860670
111	38	-0.2093278	0.5986643	0.3307782
111	39	1.142876	0.2111546	0.1860670
111	40	1.142876	0.2111546	0.1860670
111	41	1.142876	0.2111546	0.1860670
111	42	1.142876	0.2111546	0.1860670
111	43	1.142876	0.2111546	0.1860670
111	44	1.142876	0.2111546	0.1860670
111	45	1.142876	0.2111546	0.1860670
111	46	1.142876	0.2111546	0.1860670
111	47	1.142323	0.2112811	0.1864441
111	48	1.142397	0.2096143	0.2027417
111	49	1.142876	0.2111546	0.1860670
111	50	1.142876	0.2111546	0.1860670
111	51	1.142876	0.2111546	0.1860670
111	52	1.142876	0.2111546	0.1860670
111	53	1.142770	0.2111848	0.1860816
111	54	1.142323	0.2112812	0.1864433
111	55	1.142876	0.2111546	0.1860670
112	1	-0.1820679	0.5904848	0.3315027
112	2	1.142876	0.2111546	0.1860670
112	3	1.142876	0.2111546	0.1860670
112	4	1.142876	0.2111546	0.1860670
112	5	1.142876	0.2111546	0.1860670
112	6	1.142876	0.2111546	0.1860670
112	7	1.142876	0.2111546	0.1860670
112	8	1.142876	0.2111546	0.1860670
112	9	1.142584	0.2112274	0.1862059
112	10	1.142876	0.2111546	0.1860670
112	11	1.142876	0.2111546	0.1860670
112	12	1.142876	0.2111546	0.1860670
112	13	1.142876	0.2111546	0.1860670
112	14	1.142876	0.2111546	0.1860670
112	15	1.142876	0.2111546	0.1860670
112	16	1.142876	0.2111546	0.1860670
112	17	1.142876	0.2111546	0.1860670
112	18	1.142876	0.2111546	0.1860670
112	19	1.142876	0.2111546	0.1860670
112	20	1.142876	0.2111546	0.1860670
112	21	-0.3857416	0.541083	1.421248
112	22	1.142323	0.2112811	0.1864441
112	23	1.142397	0.2096143	0.2027417
112	24	1.142876	0.2111546	0.1860670
112	25	1.142876	0.2111546	0.1860670
112	26	1.142876	0.2111546	0.1860670
112	27	1.142876	0.2111546	0.1860670
112	28	1.142770	0.2111848	0.1860816
112	29	1.142323	0.2112812	0.1864433
112	30	1.142876	0.2111546	0.1860670
112	31	1.142876	0.2111546	0.1860670
112	32	1.142876	0.2111546	0.1860670
112	33	-0.3857416	0.541083	1.421248
112	34	-0.3427657	0.5842784	0.8665584
112	35	1.142876	0.2111546	0.1860670
112	36	1.142876	0.2111546	0.1860670
112	37	1.142876	0.2111546	0.1860670
112	38	-0.2093278	0.5986643	0.3307782
112	39	1.142876	0.2111546	0.1860670
112	40	1.142876	0.2111546	0.1860670
112	41	1.142876	0.2111546	0.1860670
112	42	1.142876	0.2111546	0.1860670
112	43	1.142876	0.2111546	0.1860670
112	44	1.142876	0.2111546	0.1860670
112	45	1.142876	0.2111546	0.1860670
112	46	1.142876	0.2111546	0.1860670
112	47	1.142323	0.2112811	0.1864441
112	48	1.142397	0.2096143	0.2027417
112	49	1.142876	0.2111546	0.1860670
112	50	1.142876	0.2111546	0.1860670
112	51	1.142876	0.2111546	0.1860670
112	52	1.142876	0.2111546	0.1860670
112	53	1.142770	0.2111848	0.1860816
112	54	1.142323	0.2112812	0.1864433
112	55	1.142876	0.2111546	0.1860670
113	1	-0.3459634	0.5417576	1.297343
113	2	1.090948	0.2307799	0.1446143
113	3	1.090948	0.2307799	0.1446143
113	4	1.090948	0.2307799	0.1446143
113	5	1.090948	0.2307799	0.1446143
113	6	1.090948	0.2307799	0.1446143
113	7	1.090948	0.2307799	0.1446143
113	8	1.090948	0.2307799	0.1446143
113	9	1.089779	0.2311863	0.1440304
113	10	1.090948	0.2307799	0.1446143
113	11	1.090948	0.2307799	0.1446143
113	12	1.090948	0.2307799	0.1446143
113	13	1.090948	0.2307799	0.1446143
113	14	1.090948	0.2307799	0.1446143
113	15	1.090948	0.2307799	0.1446143
113	16	1.090948	0.2307799	0.1446143
113	17	1.090948	0.2307799	0.1446143
113	18	1.090948	0.2307799	0.1446143
113	19	1.090948	0.2307799	0.1446143
113	20	1.090948	0.2307799	0.1446143
113	22	1.089818	0.2311392	0.1443840
113	23	0.779199	0.2541958	0.8312536
113	24	1.090948	0.2307799	0.1446143
113	25	1.090948	0.2307799	0.1446143
113	26	1.090948	0.2307799	0.1446143
113	27	1.090948	0.2307799	0.1446143
113	28	1.090165	0.2310635	0.1441124
113	29	1.089817	0.2311396	0.1443827
113	30	1.090948	0.2307799	0.1446143
113	31	1.090948	0.2307799	0.1446143
113	32	1.090948	0.2307799	0.1446143
113	33	-0.3777993	0.5423249	1.385537
113	34	-0.2424984	0.6016465	0.3989745
113	35	1.090948	0.2307799	0.1446143
113	36	1.090948	0.2307799	0.1446143
113	37	1.090948	0.2307799	0.1446143
113	39	1.090948	0.2307799	0.1446143
113	40	1.090948	0.2307799	0.1446143
113	41	1.090948	0.2307799	0.1446143
113	42	1.090948	0.2307799	0.1446143
113	43	1.090948	0.2307799	0.1446143
113	44	1.090948	0.2307799	0.1446143
113	45	1.090948	0.2307799	0.1446143
113	46	1.090948	0.2307799	0.1446143
113	47	1.089818	0.2311392	0.1443840
113	48	0.779199	0.2541958	0.8312536
113	49	1.090948	0.2307799	0.1446143
113	50	1.090948	0.2307799	0.1446143
113	51	1.090948	0.2307799	0.1446143
113	52	1.090948	0.2307799	0.1446143
113	53	1.090165	0.2310635	0.1441124
113	54	1.089817	0.2311396	0.1443827
113	55	1.090948	0.2307799	0.1446143
114	1	-0.3449753	0.5413127	1.298839
114	2	1.090630	0.2309380	0.1439852
114	3	1.090630	0.2309380	0.1439852
114	4	1.090630	0.2309380	0.1439852
114	5	1.090630	0.2309380	0.1439852
114	6	1.090630	0.2309380	0.1439852
114	7	1.090630	0.2309380	0.1439852
114	8	1.090630	0.2309380	0.1439852
114	9	1.089489	0.2313343	0.1434209
114	10	1.090630	0.2309380	0.1439852
114	11	1.090630	0.2309380	0.1439852
114	12	1.090630	0.2309380	0.1439852
114	13	1.090630	0.2309380	0.1439852
114	14	1.090630	0.2309380	0.1439852
114	15	1.090630	0.2309380	0.1439852
114	16	1.090630	0.2309380	0.1439852
114	17	1.090630	0.2309380	0.1439852
114	18	1.090630	0.2309380	0.1439852
114	19	1.090630	0.2309380	0.1439852
114	20	1.090630	0.2309380	0.1439852
114	22	1.089514	0.2312927	0.1437598
114	23	0.968207	0.2170303	0.6425674
114	24	1.090630	0.2309380	0.1439852
114	25	1.090630	0.2309380	0.1439852
114	26	1.090630	0.2309380	0.1439852
114	27	1.090630	0.2309380	0.1439852
114	29	1.089656	0.2312366	0.1438957
114	30	1.090630	0.2309380	0.1439852
114	31	1.090630	0.2309380	0.1439852
114	32	1.090630	0.2309380	0.1439852
114	33	-0.3767641	0.541864	1.387053
114	34	-0.2426498	0.6016222	0.3996624
114	35	1.090630	0.2309380	0.1439852
114	36	1.090630	0.2309380	0.1439852
114	37	1.090630	0.2309380	0.1439852
114	39	1.090630	0.2309380	0.1439852
114	40	1.090630	0.2309380	0.1439852
114	41	1.090630	0.2309380	0.1439852
114	42	1.090630	0.2309380	0.1439852
114	43	1.090630	0.2309380	0.1439852
114	44	1.090630	0.2309380	0.1439852
114	45	1.090630	0.2309380	0.1439852
114	46	1.090630	0.2309380	0.1439852
114	47	1.089514	0.2312927	0.1437598
114	48	0.968207	0.2170303	0.6425674
114	49	1.090630	0.2309380	0.1439852
114	50	1.090630	0.2309380	0.1439852
114	51	1.090630	0.2309380	0.1439852
114	52	1.090630	0.2309380	0.1439852
114	54	1.089656	0.2312366	0.1438957
114	55	1.090630	0.2309380	0.1439852
115	1	-0.3449753	0.5413127	1.298839
115	2	1.090630	0.2309380	0.1439852
115	3	1.090630	0.2309380	0.1439852
115	4	1.090630	0.2309380	0.1439852
115	5	1.090630	0.2309380	0.1439852
115	6	1.090630	0.2309380	0.1439852
115	7	1.090630	0.2309380	0.1439852
115	8	1.090630	0.2309380	0.1439852
115	9	1.089489	0.2313343	0.1434209
115	10	1.090630	0.2309380	0.1439852
115	11	1.090630	0.2309380	0.1439852
115	12	1.090630	0.2309380	0.1439852
115	13	1.090630	0.2309380	0.1439852
115	14	1.090630	0.2309380	0.1439852
115	15	1.090630	0.2309380	0.1439852
115	16	1.090630	0.2309380	0.1439852
115	17	1.090630	0.2309380	0.1439852
115	18	1.090630	0.2309380	0.1439852
115	19	1.090630	0.2309380	0.1439852
115	20	1.090630	0.2309380	0.1439852
115	22	1.089514	0.2312927	0.1437598
115	23	0.968207	0.2170303	0.6425674
115	24	1.090630	0.2309380	0.1439852
115	25	1.090630	0.2309380	0.1439852
115	26	1.090630	0.2309380	0.1439852
115	27	1.090630	0.2309380	0.1439852
115	29	1.089656	0.2312366	0.1438957
115	30	1.090630	0.2309380	0.1439852
115	31	1.090630	0.2309380	0.1439852
115	32	1.090630	0.2309380	0.1439852
115	33	-0.3767641	0.541864	1.387053
115	34	-0.2426498	0.6016222	0.3996624
115	35	1.090630	0.2309380	0.1439852
115	36	1.090630	0.2309380	0.1439852
115	37	1.090630	0.2309380	0.1439852
115	39	1.090630	0.2309380	0.1439852
115	40	1.090630	0.2309380	0.1439852
115	41	1.090630	0.2309380	0.1439852
115	42	1.090630	0.2309380	0.1439852
115	43	1.090630	0.2309380	0.1439852
115	44	1.090630	0.2309380	0.1439852
115	45	1.090630	0.2309380	0.1439852
115	46	1.090630	0.2309380	0.1439852
115	47	1.089514	0.2312927	0.1437598
115	48	0.968207	0.2170303	0.6425674
115	49	1.090630	0.2309380	0.1439852
115	50	1.090630	0.2309380	0.1439852
115	51	1.090630	0.2309380	0.1439852
115	52	1.090630	0.2309380	0.1439852
115	54	1.089656	0.2312366	0.1438957
115	55	1.090630	0.2309380	0.1439852
116	1	-0.3449753	0.5413127	1.298839
116	2	1.090630	0.2309380	0.1439852
116	3	1.090630	0.2309380	0.1439852
116	4	1.090630	0.2309380	0.1439852
116	5	1.090630	0.2309380	0.1439852
116	6	1.090630	0.2309380	0.1439852
116	7	1.090630	0.2309380	0.1439852
116	8	1.090630	0.2309380	0.1439852
116	9	1.089489	0.2313343	0.1434209
116	10	1.090630	0.2309380	0.1439852
116	11	1.090630	0.2309380	0.1439852
116	12	1.090630	0.2309380	0.1439852
116	13	1.090630	0.2309380	0.1439852
116	14	1.090630	0.2309380	0.1439852
116	15	1.090630	0.2309380	0.1439852
116	16	1.090630	0.2309380	0.1439852
116	17	1.090630	0.2309380	0.1439852
116	18	1.090630	0.2309380	0.1439852
116	19	1.090630	0.2309380	0.1439852
116	20	1.090630	0.2309380	0.1439852
116	22	1.089514	0.2312927	0.1437598
116	23	0.968207	0.2170303	0.6425674
116	24	1.090630	0.2309380	0.1439852
116	25	1.090630	0.2309380	0.1439852
116	26	1.090630	0.2309380	0.1439852
116	27	1.090630	0.2309380	0.1439852
116	29	1.089656	0.2312366	0.1438957
116	30	1.090630	0.2309380	0.1439852
116	31	1.090630	0.2309380	0.1439852
116	32	1.090630	0.2309380	0.1439852
116	33	-0.3767641	0.541864	1.387053
116	34	-0.2426498	0.6016222	0.3996624
116	35	1.090630	0.2309380	0.1439852
116	36	1.090630	0.2309380	0.1439852
116	37	1.090630	0.2309380	0.1439852
116	39	1.090630	0.2309380	0.1439852
116	40	1.090630	0.2309380	0.1439852
116	41	1.090630	0.2309380	0.1439852
116	42	1.090630	0.2309380	0.1439852
116	43	1.090630	0.2309380	0.1439852
116	44	1.090630	0.2309380	0.1439852
116	45	1.090630	0.2309380	0.1439852
116	46	1.090630	0.2309380	0.1439852
116	47	1.089514	0.2312927	0.1437598
116	48	0.968207	0.2170303	0.6425674
116	49	1.090630	0.2309380	0.1439852
116	50	1.090630	0.2309380	0.1439852
116	51	1.090630	0.2309380	0.1439852
116	52	1.090630	0.2309380	0.1439852
116	54	1.089656	0.2312366	0.1438957
116	55	1.090630	0.2309380	0.1439852
117	1	-0.09477537	0.5697482	0.2797533
117	17	1.216263	0.1895149	0.1842450
117	29	1.216491	0.1894418	0.1842990
117	33	-0.1342179	0.5803313	0.2911112
117	34	-0.2816625	0.5010539	1.511212
117	46	1.216263	0.1895149	0.1842450
117	54	1.216491	0.1894418	0.1842990
118	1	-0.01333094	0.5537131	0.1986491
118	17	1.223095	0.1889881	0.169334
118	33	-0.1185301	0.5777005	0.2709521
118	34	-0.2046519	0.4767823	1.524793
118	46	1.164969	0.2084325	0.1479361
118	54	1.223095	0.1889881	0.169334
119	1	-0.01333094	0.5537131	0.1986491
119	17	1.223095	0.1889881	0.169334
119	33	-0.1185301	0.5777005	0.2709521
119	34	-0.2046519	0.4767823	1.524793
119	46	1.164969	0.2084325	0.1479361
119	54	1.223095	0.1889881	0.169334
120	1	-0.01333094	0.5537131	0.1986491
120	17	1.223095	0.1889881	0.169334
120	33	-0.1185301	0.5777005	0.2709521
120	34	-0.2046519	0.4767823	1.524793
120	46	1.164969	0.2084325	0.1479361
120	54	1.223095	0.1889881	0.169334
121	1	-0.01333094	0.5537131	0.1986491
121	17	1.223095	0.1889881	0.169334
121	33	-0.1185301	0.5777005	0.2709521
121	34	-0.2046519	0.4767823	1.524793
121	46	1.164969	0.2084325	0.1479361
121	54	1.223095	0.1889881	0.169334
122	1	-0.2425986	0.5089064	1.318282
122	8	1.132295	0.2201539	0.1280684
122	17	1.145126	0.2145274	0.1460139
122	30	1.132293	0.2201557	0.1280568
122	33	-0.2965641	0.5164888	1.402172
122	34	-0.1610858	0.5889985	0.2843991
122	42	1.135407	0.2193049	0.1273124
122	46	1.164527	0.1871673	0.3599667
122	54	1.149588	0.2121341	0.1565817
122	55	1.132293	0.2201557	0.1280568
123	1	-0.2425986	0.5089064	1.318282
123	8	1.132295	0.2201539	0.1280684
123	17	1.145126	0.2145274	0.1460139
123	30	1.132293	0.2201557	0.1280568
123	33	-0.2965641	0.5164888	1.402172
123	34	-0.1610858	0.5889985	0.2843991
123	42	1.135407	0.2193049	0.1273124
123	46	1.164527	0.1871673	0.3599667
123	54	1.149588	0.2121341	0.1565817
123	55	1.132293	0.2201557	0.1280568
124	17	1.161141	0.2097466	0.1461945
124	33	-0.2507400	0.4935512	1.494436
124	34	-0.1799710	0.5905988	0.3241935
124	42	1.16167	0.2096298	0.1457943
124	46	1.173645	0.1997065	0.2088421
124	54	1.159820	0.2098808	0.1487583
124	55	1.159627	0.2097814	0.1503120
125	17	1.167908	0.2070115	0.1533577
125	29	1.140327	0.2130155	0.1751389
125	33	-0.2728897	0.5012383	1.483532
125	34	-0.1740908	0.5901217	0.3115933
125	42	1.166720	0.2071692	0.1552958
125	46	1.178358	0.1955723	0.2359213
125	54	1.166769	0.2071403	0.1554387
125	55	1.164346	0.2072931	0.1610649
126	17	1.158888	0.2101201	0.1491343
126	29	1.157367	0.2104256	0.1505902
126	33	-0.2788085	0.5026422	1.487063
126	34	-0.1852948	0.5917675	0.3283
126	42	1.160023	0.2091393	0.1555088
126	46	1.178354	0.1921685	0.2696615
126	54	1.157367	0.2104256	0.1505902
126	55	1.159420	0.2084215	0.1643974
127	17	1.121387	0.2247368	0.1147991
127	21	-0.2587641	0.5924551	0.5379897
127	29	1.120651	0.2247061	0.1172725
127	30	1.121023	0.2244809	0.1184079
127	33	-0.2587641	0.5924551	0.5379897
127	34	-0.04521936	0.4255295	1.562859
127	42	1.121982	0.2246183	0.1142211
127	54	1.120651	0.2247061	0.1172725
127	55	1.121023	0.2244809	0.1184079
128	17	1.121387	0.2247368	0.1147991
128	21	-0.2587641	0.5924551	0.5379897
128	29	1.120651	0.2247061	0.1172725
128	30	1.121023	0.2244809	0.1184079
128	33	-0.2587641	0.5924551	0.5379897
128	34	-0.04521936	0.4255295	1.562859
128	42	1.121982	0.2246183	0.1142211
128	54	1.120651	0.2247061	0.1172725
128	55	1.121023	0.2244809	0.1184079
129	17	1.121387	0.2247368	0.1147991
129	21	-0.2587641	0.5924551	0.5379897
129	29	1.120651	0.2247061	0.1172725
129	30	1.121023	0.2244809	0.1184079
129	33	-0.2587641	0.5924551	0.5379897
129	34	-0.04521936	0.4255295	1.562859
129	42	1.121982	0.2246183	0.1142211
129	54	1.120651	0.2247061	0.1172725
129	55	1.121023	0.2244809	0.1184079
130	17	1.141681	0.2167194	0.1344452
130	21	-0.2514288	0.5938246	0.5028033
130	28	1.139479	0.2173056	0.1351235
130	29	1.139479	0.2173056	0.1351235
130	30	1.150019	0.2119756	0.1568817
130	33	-0.2514288	0.5938246	0.5028033
130	34	-0.1581320	0.4569129	1.584602
130	42	1.147472	0.2139084	0.1452349
130	53	1.139479	0.2173056	0.1351235
130	54	1.139479	0.2173056	0.1351235
130	55	1.150019	0.2119756	0.1568817
131	17	1.218867	0.1749916	0.3204912
131	21	-0.3812347	0.5798636	1.023669
131	28	1.178887	0.1737441	0.450669
131	29	1.178887	0.1737441	0.450669
131	30	0.4357441	0.4383377	0.01860524
131	33	-0.3812347	0.5798636	1.023669
131	42	0.6029583	0.3884803	0.01991223
131	53	1.178887	0.1737441	0.450669
131	54	1.178887	0.1737441	0.450669
131	55	0.4357441	0.4383377	0.01860524
132	17	0.8844775	0.2294805	0.76593
132	28	0.802477	0.2442365	0.861349
132	29	0.9785776	0.2093560	0.6880553
132	30	0.01983931	0.5481286	0.1562402
132	42	0.03017161	0.544444	0.1623058
132	53	0.802477	0.2442365	0.861349
132	54	0.9785776	0.2093560	0.6880553
132	55	0.01983931	0.5481286	0.1562402
133	17	0.4424267	0.3238049	1.133880
133	29	0.4395111	0.3226553	1.153863
133	30	0.2555637	0.4888539	0.04897879
133	42	0.2631175	0.4859592	0.05540407
133	54	0.4395111	0.3226553	1.153863
133	55	0.2555637	0.4888539	0.04897879
134	17	0.4424267	0.3238049	1.133880
134	29	0.4395111	0.3226553	1.153863
134	30	0.2555637	0.4888539	0.04897879
134	42	0.2631175	0.4859592	0.05540407
134	54	0.4395111	0.3226553	1.153863
134	55	0.2555637	0.4888539	0.04897879
135	29	1.120904	0.1941041	0.4197782
135	54	1.120904	0.1941041	0.4197782
136	29	1.120904	0.1941041	0.4197782
136	54	1.120904	0.1941041	0.4197782
137	29	1.120904	0.1941041	0.4197782
137	54	1.120904	0.1941041	0.4197782
138	29	1.120904	0.1941041	0.4197782
138	54	1.120904	0.1941041	0.4197782
