8	1	1.047207	0.2558703	0.02487968
8	3	-0.3036512	0.5377196	1.212669
8	4	-0.3036512	0.5377196	1.212669
9	1	1.047207	0.2558703	0.02487968
9	3	-0.3036512	0.5377196	1.212669
9	4	-0.3036512	0.5377196	1.212669
10	1	1.047207	0.2558703	0.02487968
10	3	-0.3036512	0.5377196	1.212669
10	4	-0.3036512	0.5377196	1.212669
11	1	1.047207	0.2558703	0.02487968
11	3	-0.3036512	0.5377196	1.212669
11	4	-0.3036512	0.5377196	1.212669
12	1	1.047207	0.2558703	0.02487968
12	3	-0.3036512	0.5377196	1.212669
12	4	-0.3036512	0.5377196	1.212669
13	1	1.370285	0.1463730	0.1578803
13	2	0.1812022	0.5138574	0.02033929
13	3	-0.2347592	0.495962	1.423453
13	4	-0.2347592	0.495962	1.423453
14	1	1.370285	0.1463730	0.1578803
14	2	0.1812022	0.5138574	0.02033929
14	3	-0.2347592	0.495962	1.423453
14	4	-0.2347592	0.495962	1.423453
15	1	1.370285	0.1463730	0.1578803
15	2	0.1812022	0.5138574	0.02033929
15	3	-0.2347592	0.495962	1.423453
15	4	-0.2347592	0.495962	1.423453
16	1	1.370285	0.1463730	0.1578803
16	2	0.1812022	0.5138574	0.02033929
16	3	-0.2347592	0.495962	1.423453
16	4	-0.2347592	0.495962	1.423453
17	1	1.370285	0.1463730	0.1578803
17	2	0.1812022	0.5138574	0.02033929
17	3	-0.2347592	0.495962	1.423453
17	4	-0.2347592	0.495962	1.423453
18	1	1.273315	0.1839223	0.07154275
18	2	-0.2973819	0.5605345	0.96811
18	3	-0.2973819	0.5605345	0.96811
18	4	-0.2973819	0.5605345	0.96811
19	2	1.120904	0.1941041	0.4197782
19	3	1.120904	0.1941041	0.4197782
19	4	1.120904	0.1941041	0.4197782
20	2	1.120904	0.1941041	0.4197782
20	3	1.120904	0.1941041	0.4197782
20	4	1.120904	0.1941041	0.4197782
21	2	1.120904	0.1941041	0.4197782
21	3	1.120904	0.1941041	0.4197782
21	4	1.120904	0.1941041	0.4197782
22	2	1.120904	0.1941041	0.4197782
22	3	1.120904	0.1941041	0.4197782
22	4	1.120904	0.1941041	0.4197782
23	2	1.120904	0.1941041	0.4197782
23	3	1.120904	0.1941041	0.4197782
23	4	1.120904	0.1941041	0.4197782
24	2	1.120904	0.1941041	0.4197782
24	3	1.120904	0.1941041	0.4197782
24	4	1.120904	0.1941041	0.4197782
25	2	1.120904	0.1941041	0.4197782
25	3	1.120904	0.1941041	0.4197782
25	4	1.120904	0.1941041	0.4197782
26	2	1.120904	0.1941041	0.4197782
26	3	1.120904	0.1941041	0.4197782
26	4	1.120904	0.1941041	0.4197782
27	2	1.120904	0.1941041	0.4197782
27	4	1.120904	0.1941041	0.4197782
28	2	1.120904	0.1941041	0.4197782
28	4	1.120904	0.1941041	0.4197782
29	2	1.120904	0.1941041	0.4197782
29	4	1.120904	0.1941041	0.4197782
30	2	1.120904	0.1941041	0.4197782
30	3	1.120904	0.1941041	0.4197782
30	4	1.120904	0.1941041	0.4197782
31	2	1.120904	0.1941041	0.4197782
31	3	1.120904	0.1941041	0.4197782
31	4	1.120904	0.1941041	0.4197782
32	2	1.120904	0.1941041	0.4197782
32	3	1.120904	0.1941041	0.4197782
32	4	1.120904	0.1941041	0.4197782
33	2	1.120904	0.1941041	0.4197782
33	3	1.120904	0.1941041	0.4197782
33	4	1.120904	0.1941041	0.4197782
34	2	1.120904	0.1941041	0.4197782
34	3	1.120904	0.1941041	0.4197782
34	4	1.120904	0.1941041	0.4197782
35	2	1.120904	0.1941041	0.4197782
35	3	1.120904	0.1941041	0.4197782
35	4	1.120904	0.1941041	0.4197782
36	2	1.120904	0.1941041	0.4197782
36	3	1.120904	0.1941041	0.4197782
36	4	1.120904	0.1941041	0.4197782
37	2	1.120904	0.1941041	0.4197782
37	3	1.120904	0.1941041	0.4197782
37	4	1.120904	0.1941041	0.4197782
38	2	1.120904	0.1941041	0.4197782
38	3	1.120904	0.1941041	0.4197782
38	4	1.120904	0.1941041	0.4197782
39	2	1.120904	0.1941041	0.4197782
39	3	1.120904	0.1941041	0.4197782
39	4	1.120904	0.1941041	0.4197782
40	2	1.120904	0.1941041	0.4197782
40	3	1.120904	0.1941041	0.4197782
40	4	1.120904	0.1941041	0.4197782
41	2	1.120904	0.1941041	0.4197782
41	3	1.120904	0.1941041	0.4197782
41	4	1.120904	0.1941041	0.4197782
42	2	1.120904	0.1941041	0.4197782
42	3	1.120904	0.1941041	0.4197782
42	4	1.120904	0.1941041	0.4197782
43	2	1.120904	0.1941041	0.4197782
43	3	1.120904	0.1941041	0.4197782
43	4	1.120904	0.1941041	0.4197782
44	1	1.273315	0.1839223	0.07154275
44	2	-0.2973819	0.5605345	0.96811
44	3	-0.2973819	0.5605345	0.96811
44	4	-0.2973819	0.5605345	0.96811
45	1	1.374866	0.1181419	0.4241394
45	2	-0.1702482	0.5802992	0.3976055
45	3	-0.1702482	0.5802992	0.3976055
46	1	1.374866	0.1181419	0.4241394
46	2	-0.1702482	0.5802992	0.3976055
46	3	-0.1702482	0.5802992	0.3976055
47	1	1.374866	0.1181419	0.4241394
47	2	-0.1702482	0.5802992	0.3976055
47	3	-0.1702482	0.5802992	0.3976055
48	1	1.374866	0.1181419	0.4241394
48	2	-0.1702482	0.5802992	0.3976055
48	3	-0.1702482	0.5802992	0.3976055
49	1	1.374866	0.1181419	0.4241394
49	2	-0.1702482	0.5802992	0.3976055
49	3	-0.1702482	0.5802992	0.3976055
50	1	1.374866	0.1181419	0.4241394
50	2	-0.1702482	0.5802992	0.3976055
50	3	-0.1702482	0.5802992	0.3976055
51	1	1.374866	0.1181419	0.4241394
51	2	-0.1702482	0.5802992	0.3976055
51	3	-0.1702482	0.5802992	0.3976055
52	1	1.309443	0.1377103	0.4230159
52	3	-0.1997335	0.5891185	0.3970992
53	1	1.309443	0.1377103	0.4230159
53	3	-0.1997335	0.5891185	0.3970992
54	1	1.370285	0.1463730	0.1578803
54	2	0.1812022	0.5138574	0.02033929
54	3	-0.2347592	0.495962	1.423453
54	4	-0.2347592	0.495962	1.423453
55	1	1.370285	0.1463730	0.1578803
55	2	0.1812022	0.5138574	0.02033929
55	3	-0.2347592	0.495962	1.423453
55	4	-0.2347592	0.495962	1.423453
56	1	1.370285	0.1463730	0.1578803
56	2	0.1812022	0.5138574	0.02033929
56	3	-0.2347592	0.495962	1.423453
56	4	-0.2347592	0.495962	1.423453
57	1	1.370285	0.1463730	0.1578803
57	2	0.1812022	0.5138574	0.02033929
57	3	-0.2347592	0.495962	1.423453
57	4	-0.2347592	0.495962	1.423453
58	1	1.370285	0.1463730	0.1578803
58	2	0.1812022	0.5138574	0.02033929
58	3	-0.2347592	0.495962	1.423453
58	4	-0.2347592	0.495962	1.423453
59	1	1.370285	0.1463730	0.1578803
59	2	0.1812022	0.5138574	0.02033929
59	3	-0.2347592	0.495962	1.423453
59	4	-0.2347592	0.495962	1.423453
60	1	0.5133982	0.4177468	-0.006183697
60	2	-0.3812025	0.5851647	0.9710435
60	3	1.089783	0.1685975	0.764245
65	1	0.1035156	0.3994459	1.383035
65	2	0.1035156	0.3994459	1.383035
65	3	0.4424867	0.4392211	-0.01001813
66	1	0.1035156	0.3994459	1.383035
66	2	0.1035156	0.3994459	1.383035
66	3	0.4424867	0.4392211	-0.01001813
67	1	0.1035156	0.3994459	1.383035
67	2	0.1035156	0.3994459	1.383035
67	3	0.4424867	0.4392211	-0.01001813
68	1	0.1035156	0.3994459	1.383035
68	2	0.1035156	0.3994459	1.383035
68	3	0.4424867	0.4392211	-0.01001813
69	1	1.120904	0.1941041	0.4197782
69	2	1.120904	0.1941041	0.4197782
69	3	1.120904	0.1941041	0.4197782
70	1	1.120904	0.1941041	0.4197782
70	2	1.120904	0.1941041	0.4197782
70	3	1.120904	0.1941041	0.4197782
71	1	1.120904	0.1941041	0.4197782
71	2	1.120904	0.1941041	0.4197782
71	3	1.120904	0.1941041	0.4197782
72	1	1.120904	0.1941041	0.4197782
72	2	1.120904	0.1941041	0.4197782
72	3	1.120904	0.1941041	0.4197782
73	1	1.120904	0.1941041	0.4197782
73	2	1.120904	0.1941041	0.4197782
73	3	1.120904	0.1941041	0.4197782
74	1	1.374866	0.1181419	0.4241394
74	2	-0.1702482	0.5802992	0.3976055
74	3	-0.1702482	0.5802992	0.3976055
75	1	1.374866	0.1181419	0.4241394
75	2	-0.1702482	0.5802992	0.3976055
75	3	-0.1702482	0.5802992	0.3976055
76	1	1.273315	0.1839223	0.07154275
76	2	-0.2973819	0.5605345	0.96811
76	3	-0.2973819	0.5605345	0.96811
76	4	-0.2973819	0.5605345	0.96811
77	1	1.273315	0.1839223	0.07154275
77	2	-0.2973819	0.5605345	0.96811
77	3	-0.2973819	0.5605345	0.96811
77	4	-0.2973819	0.5605345	0.96811
78	1	1.273315	0.1839223	0.07154275
78	2	-0.2973819	0.5605345	0.96811
78	3	-0.2973819	0.5605345	0.96811
78	4	-0.2973819	0.5605345	0.96811
79	1	1.273315	0.1839223	0.07154275
79	2	-0.2973819	0.5605345	0.96811
79	3	-0.2973819	0.5605345	0.96811
79	4	-0.2973819	0.5605345	0.96811
80	1	1.273315	0.1839223	0.07154275
80	2	-0.2973819	0.5605345	0.96811
80	3	-0.2973819	0.5605345	0.96811
80	4	-0.2973819	0.5605345	0.96811
81	1	1.273315	0.1839223	0.07154275
81	2	-0.2973819	0.5605345	0.96811
81	3	-0.2973819	0.5605345	0.96811
81	4	-0.2973819	0.5605345	0.96811
82	1	1.273315	0.1839223	0.07154275
82	2	-0.2973819	0.5605345	0.96811
82	3	-0.2973819	0.5605345	0.96811
82	4	-0.2973819	0.5605345	0.96811
83	1	1.273315	0.1839223	0.07154275
83	2	-0.2973819	0.5605345	0.96811
83	3	-0.2973819	0.5605345	0.96811
83	4	-0.2973819	0.5605345	0.96811
84	1	1.273315	0.1839223	0.07154275
84	2	-0.2973819	0.5605345	0.96811
84	3	-0.2973819	0.5605345	0.96811
84	4	-0.2973819	0.5605345	0.96811
85	1	1.273315	0.1839223	0.07154275
85	2	-0.2973819	0.5605345	0.96811
85	3	-0.2973819	0.5605345	0.96811
85	4	-0.2973819	0.5605345	0.96811
86	1	1.273315	0.1839223	0.07154275
86	2	-0.2973819	0.5605345	0.96811
86	3	-0.2973819	0.5605345	0.96811
86	4	-0.2973819	0.5605345	0.96811
88	2	1.120904	0.1941041	0.4197782
88	3	1.120904	0.1941041	0.4197782
88	4	1.120904	0.1941041	0.4197782
89	2	1.120904	0.1941041	0.4197782
89	3	1.120904	0.1941041	0.4197782
89	4	1.120904	0.1941041	0.4197782
90	1	1.273315	0.1839223	0.07154275
90	2	-0.2973819	0.5605345	0.96811
90	3	-0.2973819	0.5605345	0.96811
90	4	-0.2973819	0.5605345	0.96811
91	1	1.273315	0.1839223	0.07154275
91	2	-0.2973819	0.5605345	0.96811
91	3	-0.2973819	0.5605345	0.96811
91	4	-0.2973819	0.5605345	0.96811
92	1	1.374866	0.1181419	0.4241394
92	2	-0.1702482	0.5802992	0.3976055
92	3	-0.1702482	0.5802992	0.3976055
93	1	1.374866	0.1181419	0.4241394
93	2	-0.1702482	0.5802992	0.3976055
93	3	-0.1702482	0.5802992	0.3976055
94	2	1.120904	0.1941041	0.4197782
94	3	1.120904	0.1941041	0.4197782
94	4	1.120904	0.1941041	0.4197782
95	2	1.120904	0.1941041	0.4197782
95	3	1.120904	0.1941041	0.4197782
95	4	1.120904	0.1941041	0.4197782
96	2	1.120904	0.1941041	0.4197782
96	3	1.120904	0.1941041	0.4197782
96	4	1.120904	0.1941041	0.4197782
97	2	1.309443	0.1377103	0.4230159
97	3	-0.1997335	0.5891185	0.3970992
98	2	1.309443	0.1377103	0.4230159
98	3	-0.1997335	0.5891185	0.3970992
99	2	1.309443	0.1377103	0.4230159
99	3	-0.1997335	0.5891185	0.3970992
100	2	0.6462165	0.3786589	-0.01023729
100	3	-0.1012626	0.4576500	1.409712
100	4	-0.1012626	0.45765	1.409712
101	2	0.6462165	0.3786589	-0.01023729
101	3	-0.1012626	0.4576500	1.409712
101	4	-0.1012626	0.45765	1.409712
102	2	0.6462165	0.3786589	-0.01023729
102	3	-0.1012626	0.4576500	1.409712
102	4	-0.1012626	0.45765	1.409712
103	2	0.6462165	0.3786589	-0.01023729
103	3	-0.1012626	0.4576500	1.409712
103	4	-0.1012626	0.45765	1.409712
104	2	0.6462165	0.3786589	-0.01023729
104	3	-0.1012626	0.4576500	1.409712
104	4	-0.1012626	0.45765	1.409712
105	2	0.6462165	0.3786589	-0.01023729
105	3	-0.1012626	0.4576500	1.409712
105	4	-0.1012626	0.45765	1.409712
106	2	0.6462165	0.3786589	-0.01023729
106	3	-0.1012626	0.4576500	1.409712
106	4	-0.1012626	0.45765	1.409712
107	2	0.6462165	0.3786589	-0.01023729
107	3	-0.1012626	0.4576500	1.409712
107	4	-0.1012626	0.45765	1.409712
108	2	0.6462165	0.3786589	-0.01023729
108	3	-0.1012626	0.4576500	1.409712
108	4	-0.1012626	0.45765	1.409712
109	2	0.6462165	0.3786589	-0.01023729
109	3	-0.1012626	0.4576500	1.409712
109	4	-0.1012626	0.45765	1.409712
110	2	0.6462165	0.3786589	-0.01023729
110	3	-0.1012626	0.4576500	1.409712
110	4	-0.1012626	0.45765	1.409712
111	2	0.6462165	0.3786589	-0.01023729
111	3	-0.1012626	0.4576500	1.409712
111	4	-0.1012626	0.45765	1.409712
112	2	0.6462165	0.3786589	-0.01023729
112	3	-0.1012626	0.4576500	1.409712
112	4	-0.1012626	0.45765	1.409712
113	1	1.370285	0.1463730	0.1578803
113	2	0.1812022	0.5138574	0.02033929
113	3	-0.2347592	0.495962	1.423453
113	4	-0.2347592	0.495962	1.423453
114	1	1.370285	0.1463730	0.1578803
114	2	0.1812022	0.5138574	0.02033929
114	3	-0.2347592	0.495962	1.423453
114	4	-0.2347592	0.495962	1.423453
123	3	1.120904	0.1941041	0.4197782
123	4	1.120904	0.1941041	0.4197782
124	3	1.120904	0.1941041	0.4197782
124	4	1.120904	0.1941041	0.4197782
125	3	1.120904	0.1941041	0.4197782
125	4	1.120904	0.1941041	0.4197782
126	3	1.120904	0.1941041	0.4197782
126	4	1.120904	0.1941041	0.4197782
127	3	1.120904	0.1941041	0.4197782
127	4	1.120904	0.1941041	0.4197782
128	3	1.120904	0.1941041	0.4197782
128	4	1.120904	0.1941041	0.4197782
129	3	1.120904	0.1941041	0.4197782
129	4	1.120904	0.1941041	0.4197782
130	3	1.120904	0.1941041	0.4197782
130	4	1.120904	0.1941041	0.4197782
131	1	1.213737	0.166337	0.4213724
131	4	-0.1551758	0.575791	0.3978644
132	1	1.213737	0.166337	0.4213724
132	4	-0.1551758	0.575791	0.3978644
133	1	1.213737	0.166337	0.4213724
133	4	-0.1551758	0.575791	0.3978644
134	1	0.690577	0.2618901	1.016163
134	3	-0.2398915	0.5803562	0.6022695
134	4	0.7608014	0.3413148	0.02215988
135	1	1.182476	0.1756876	0.4208355
135	3	-0.1702482	0.5802992	0.3976055
135	4	1.182476	0.1756876	0.4208356
136	1	1.120904	0.1941041	0.4197782
136	3	1.120904	0.1941041	0.4197782
136	4	1.120904	0.1941041	0.4197782
137	1	1.120904	0.1941041	0.4197782
137	3	1.120904	0.1941041	0.4197782
137	4	1.120904	0.1941041	0.4197782
138	1	1.120904	0.1941041	0.4197782
138	3	1.120904	0.1941041	0.4197782
138	4	1.120904	0.1941041	0.4197782
139	1	1.120904	0.1941041	0.4197782
139	3	1.120904	0.1941041	0.4197782
139	4	1.120904	0.1941041	0.4197782
140	1	1.120904	0.1941041	0.4197782
140	3	1.120904	0.1941041	0.4197782
140	4	1.120904	0.1941041	0.4197782
141	1	1.120904	0.1941041	0.4197782
141	3	1.120904	0.1941041	0.4197782
141	4	1.120904	0.1941041	0.4197782
142	1	1.120904	0.1941041	0.4197782
142	3	1.120904	0.1941041	0.4197782
142	4	1.120904	0.1941041	0.4197782
143	1	1.120904	0.1941041	0.4197782
143	3	1.120904	0.1941041	0.4197782
143	4	1.120904	0.1941041	0.4197782
144	1	1.120904	0.1941041	0.4197782
144	3	1.120904	0.1941041	0.4197782
144	4	1.120904	0.1941041	0.4197782
145	1	1.214038	0.1663120	0.4207320
145	2	-0.2426998	0.6018919	0.3971367
145	3	1.214038	0.1663120	0.4207321
145	4	1.214038	0.1663120	0.4207321
146	1	1.214038	0.1663120	0.4207320
146	2	-0.2426998	0.6018919	0.3971367
146	3	1.214038	0.1663120	0.4207321
146	4	1.214038	0.1663120	0.4207321
147	1	1.214038	0.1663120	0.4207320
147	2	-0.2426998	0.6018919	0.3971367
147	3	1.214038	0.1663120	0.4207321
147	4	1.214038	0.1663120	0.4207321
148	1	1.214038	0.1663120	0.4207320
148	2	-0.2426998	0.6018919	0.3971367
148	3	1.214038	0.1663120	0.4207321
148	4	1.214038	0.1663120	0.4207321
149	1	1.370285	0.1463730	0.1578803
149	2	0.1812022	0.5138574	0.02033929
149	3	-0.2347592	0.495962	1.423453
149	4	-0.2347592	0.495962	1.423453
150	1	0.2924	0.4826056	0.002345722
150	2	0.984212	0.1963924	0.7999143
150	3	-0.220552	0.4925965	1.414937
151	1	0.1289629	0.5286187	0.0280033
151	2	1.094113	0.1805375	0.6331652
151	3	-0.2487427	0.5043244	1.381793
151	4	1.094113	0.1805375	0.6331652
152	1	0.1289629	0.5286187	0.0280033
152	2	1.094113	0.1805375	0.6331652
152	3	-0.2487427	0.5043244	1.381793
152	4	1.094113	0.1805375	0.6331652
153	1	0.1289629	0.5286187	0.0280033
153	2	1.094113	0.1805375	0.6331652
153	3	-0.2487427	0.5043244	1.381793
153	4	1.094113	0.1805375	0.6331652
154	1	0.1289629	0.5286187	0.0280033
154	2	1.094113	0.1805375	0.6331652
154	3	-0.2487427	0.5043244	1.381793
154	4	1.094113	0.1805375	0.6331652
155	1	0.1289629	0.5286187	0.0280033
155	2	1.094113	0.1805375	0.6331652
155	3	-0.2487427	0.5043244	1.381793
155	4	1.094113	0.1805375	0.6331652
156	1	0.1289629	0.5286187	0.0280033
156	2	1.094113	0.1805375	0.6331652
156	3	-0.2487427	0.5043244	1.381793
156	4	1.094113	0.1805375	0.6331652
157	1	0.1289629	0.5286187	0.0280033
157	2	1.094113	0.1805375	0.6331652
157	3	-0.2487427	0.5043244	1.381793
157	4	1.094113	0.1805375	0.6331652
158	1	1.273315	0.1839223	0.07154275
158	2	-0.2973819	0.5605345	0.96811
158	3	-0.2973819	0.5605345	0.96811
158	4	-0.2973819	0.5605345	0.96811
159	1	1.273315	0.1839223	0.07154275
159	2	-0.2973819	0.5605345	0.96811
159	3	-0.2973819	0.5605345	0.96811
159	4	-0.2973819	0.5605345	0.96811
160	1	1.273315	0.1839223	0.07154275
160	2	-0.2973819	0.5605345	0.96811
160	3	-0.2973819	0.5605345	0.96811
160	4	-0.2973819	0.5605345	0.96811
161	1	1.273315	0.1839223	0.07154275
161	2	-0.2973819	0.5605345	0.96811
161	3	-0.2973819	0.5605345	0.96811
161	4	-0.2973819	0.5605345	0.96811
162	1	1.273315	0.1839223	0.07154275
162	2	-0.2973819	0.5605345	0.96811
162	3	-0.2973819	0.5605345	0.96811
162	4	-0.2973819	0.5605345	0.96811
163	1	1.273315	0.1839223	0.07154275
163	2	-0.2973819	0.5605345	0.96811
163	3	-0.2973819	0.5605345	0.96811
163	4	-0.2973819	0.5605345	0.96811
164	1	1.273315	0.1839223	0.07154275
164	2	-0.2973819	0.5605345	0.96811
164	3	-0.2973819	0.5605345	0.96811
164	4	-0.2973819	0.5605345	0.96811
165	1	1.273315	0.1839223	0.07154275
165	2	-0.2973819	0.5605345	0.96811
165	3	-0.2973819	0.5605345	0.96811
165	4	-0.2973819	0.5605345	0.96811
166	1	1.273315	0.1839223	0.07154275
166	2	-0.2973819	0.5605345	0.96811
166	3	-0.2973819	0.5605345	0.96811
166	4	-0.2973819	0.5605345	0.96811
167	1	1.273315	0.1839223	0.07154275
167	2	-0.2973819	0.5605345	0.96811
167	3	-0.2973819	0.5605345	0.96811
167	4	-0.2973819	0.5605345	0.96811
168	1	1.273315	0.1839223	0.07154275
168	2	-0.2973819	0.5605345	0.96811
168	3	-0.2973819	0.5605345	0.96811
168	4	-0.2973819	0.5605345	0.96811
169	1	1.273315	0.1839223	0.07154275
169	2	-0.2973819	0.5605345	0.96811
169	3	-0.2973819	0.5605345	0.96811
169	4	-0.2973819	0.5605345	0.96811
170	1	1.273315	0.1839223	0.07154275
170	2	-0.2973819	0.5605345	0.96811
170	3	-0.2973819	0.5605345	0.96811
170	4	-0.2973819	0.5605345	0.96811
171	1	1.273315	0.1839223	0.07154275
171	2	-0.2973819	0.5605345	0.96811
171	3	-0.2973819	0.5605345	0.96811
171	4	-0.2973819	0.5605345	0.96811
172	1	1.273315	0.1839223	0.07154275
172	2	-0.2973819	0.5605345	0.96811
172	3	-0.2973819	0.5605345	0.96811
172	4	-0.2973819	0.5605345	0.96811
173	2	1.120904	0.1941041	0.4197782
173	3	1.120904	0.1941041	0.4197782
173	4	1.120904	0.1941041	0.4197782
174	2	1.120904	0.1941041	0.4197782
174	3	1.120904	0.1941041	0.4197782
174	4	1.120904	0.1941041	0.4197782
175	2	1.120904	0.1941041	0.4197782
175	3	1.120904	0.1941041	0.4197782
175	4	1.120904	0.1941041	0.4197782
176	2	0.6312521	0.3809369	0.01128607
176	3	-0.05725788	0.4534863	1.321296
176	4	-0.05725789	0.4534863	1.321296
177	2	0.6462165	0.3786589	-0.01023729
177	3	-0.1012626	0.4576500	1.409712
177	4	-0.1012626	0.45765	1.409712
179	2	1.120904	0.1941041	0.4197782
179	3	1.120904	0.1941041	0.4197782
179	4	1.120904	0.1941041	0.4197782
180	2	1.120904	0.1941041	0.4197782
180	3	1.120904	0.1941041	0.4197782
180	4	1.120904	0.1941041	0.4197782
181	2	1.120904	0.1941041	0.4197782
181	3	1.120904	0.1941041	0.4197782
181	4	1.120904	0.1941041	0.4197782
182	2	1.120904	0.1941041	0.4197782
182	3	1.120904	0.1941041	0.4197782
182	4	1.120904	0.1941041	0.4197782
183	2	1.120904	0.1941041	0.4197782
183	3	1.120904	0.1941041	0.4197782
183	4	1.120904	0.1941041	0.4197782
184	1	1.273315	0.1839223	0.07154275
184	2	-0.2973819	0.5605345	0.96811
184	3	-0.2973819	0.5605345	0.96811
184	4	-0.2973819	0.5605345	0.96811
185	1	1.273315	0.1839223	0.07154275
185	2	-0.2973819	0.5605345	0.96811
185	3	-0.2973819	0.5605345	0.96811
185	4	-0.2973819	0.5605345	0.96811
186	1	1.273315	0.1839223	0.07154275
186	2	-0.2973819	0.5605345	0.96811
186	3	-0.2973819	0.5605345	0.96811
186	4	-0.2973819	0.5605345	0.96811
187	1	1.273315	0.1839223	0.07154275
187	2	-0.2973819	0.5605345	0.96811
187	3	-0.2973819	0.5605345	0.96811
187	4	-0.2973819	0.5605345	0.96811
188	1	1.273315	0.1839223	0.07154275
188	2	-0.2973819	0.5605345	0.96811
188	3	-0.2973819	0.5605345	0.96811
188	4	-0.2973819	0.5605345	0.96811
189	1	1.273315	0.1839223	0.07154275
189	2	-0.2973819	0.5605345	0.96811
189	3	-0.2973819	0.5605345	0.96811
189	4	-0.2973819	0.5605345	0.96811
190	1	1.273315	0.1839223	0.07154275
190	2	-0.2973819	0.5605345	0.96811
190	3	-0.2973819	0.5605345	0.96811
190	4	-0.2973819	0.5605345	0.96811
191	1	1.273315	0.1839223	0.07154275
191	2	-0.2973819	0.5605345	0.96811
191	3	-0.2973819	0.5605345	0.96811
191	4	-0.2973819	0.5605345	0.96811
192	1	1.273315	0.1839223	0.07154275
192	2	-0.2973819	0.5605345	0.96811
192	3	-0.2973819	0.5605345	0.96811
192	4	-0.2973819	0.5605345	0.96811
193	1	1.273315	0.1839223	0.07154275
193	2	-0.2973819	0.5605345	0.96811
193	3	-0.2973819	0.5605345	0.96811
193	4	-0.2973819	0.5605345	0.96811
194	1	1.295564	0.1759563	0.08491657
194	2	0.008730675	0.4221377	1.437488
194	3	-0.2000124	0.5810345	0.4780306
194	4	-0.2000124	0.5810345	0.4780306
195	1	1.295564	0.1759563	0.08491657
195	2	0.008730675	0.4221377	1.437488
195	3	-0.2000124	0.5810345	0.4780306
195	4	-0.2000124	0.5810345	0.4780306
196	1	1.295564	0.1759563	0.08491657
196	2	0.008730675	0.4221377	1.437488
196	3	-0.2000124	0.5810345	0.4780306
196	4	-0.2000124	0.5810345	0.4780306
197	3	1.120904	0.1941041	0.4197782
197	4	1.120904	0.1941041	0.4197782
198	3	1.120904	0.1941041	0.4197782
198	4	1.120904	0.1941041	0.4197782
199	1	1.273315	0.1839223	0.07154275
199	2	-0.2973819	0.5605345	0.96811
199	3	-0.2973819	0.5605345	0.96811
199	4	-0.2973819	0.5605345	0.96811
200	1	1.273315	0.1839223	0.07154275
200	2	-0.2973819	0.5605345	0.96811
200	3	-0.2973819	0.5605345	0.96811
200	4	-0.2973819	0.5605345	0.96811
201	1	1.273315	0.1839223	0.07154275
201	2	-0.2973819	0.5605345	0.96811
201	3	-0.2973819	0.5605345	0.96811
201	4	-0.2973819	0.5605345	0.96811
202	1	1.273315	0.1839223	0.07154275
202	2	-0.2973819	0.5605345	0.96811
202	3	-0.2973819	0.5605345	0.96811
202	4	-0.2973819	0.5605345	0.96811
203	1	1.273315	0.1839223	0.07154275
203	2	-0.2973819	0.5605345	0.96811
203	3	-0.2973819	0.5605345	0.96811
203	4	-0.2973819	0.5605345	0.96811
204	1	1.273315	0.1839223	0.07154275
204	2	-0.2973819	0.5605345	0.96811
204	3	-0.2973819	0.5605345	0.96811
204	4	-0.2973819	0.5605345	0.96811
205	1	1.273315	0.1839223	0.07154275
205	2	-0.2973819	0.5605345	0.96811
205	3	-0.2973819	0.5605345	0.96811
205	4	-0.2973819	0.5605345	0.96811
206	1	1.273315	0.1839223	0.07154275
206	2	-0.2973819	0.5605345	0.96811
206	3	-0.2973819	0.5605345	0.96811
206	4	-0.2973819	0.5605345	0.96811
209	2	1.120904	0.1941041	0.4197782
209	3	1.120904	0.1941041	0.4197782
209	4	1.120904	0.1941041	0.4197782
210	2	1.120904	0.1941041	0.4197782
210	3	1.120904	0.1941041	0.4197782
210	4	1.120904	0.1941041	0.4197782
211	1	1.273315	0.1839223	0.07154275
211	2	-0.2973819	0.5605345	0.96811
211	3	-0.2973819	0.5605345	0.96811
211	4	-0.2973819	0.5605345	0.96811
212	1	1.273315	0.1839223	0.07154275
212	2	-0.2973819	0.5605345	0.96811
212	3	-0.2973819	0.5605345	0.96811
212	4	-0.2973819	0.5605345	0.96811
213	1	1.160962	0.2146997	0.09763935
213	2	-0.261569	0.5534581	0.9326983
213	3	-0.261569	0.5534581	0.9326984
213	4	-0.261569	0.5534581	0.9326984
214	1	1.279418	0.1646264	0.2447710
214	2	-0.2202876	0.5730264	0.6171348
214	4	-0.2202876	0.5730264	0.6171348
215	1	1.120904	0.1941041	0.4197782
215	2	1.120904	0.1941041	0.4197782
215	4	1.120904	0.1941041	0.4197782
216	1	1.120904	0.1941041	0.4197782
216	2	1.120904	0.1941041	0.4197782
216	4	1.120904	0.1941041	0.4197782
217	1	1.120904	0.1941041	0.4197782
217	2	1.120904	0.1941041	0.4197782
217	4	1.120904	0.1941041	0.4197782
218	1	1.120904	0.1941041	0.4197782
218	2	1.120904	0.1941041	0.4197782
218	3	1.120904	0.1941041	0.4197782
218	4	1.120904	0.1941041	0.4197782
219	1	1.120904	0.1941041	0.4197782
219	2	1.120904	0.1941041	0.4197782
219	3	1.120904	0.1941041	0.4197782
219	4	1.120904	0.1941041	0.4197782
220	1	1.120904	0.1941041	0.4197782
220	2	1.120904	0.1941041	0.4197782
220	3	1.120904	0.1941041	0.4197782
220	4	1.120904	0.1941041	0.4197782
221	1	1.120904	0.1941041	0.4197782
221	2	1.120904	0.1941041	0.4197782
221	3	1.120904	0.1941041	0.4197782
221	4	1.120904	0.1941041	0.4197782
222	1	1.120904	0.1941041	0.4197782
222	2	1.120904	0.1941041	0.4197782
222	3	1.120904	0.1941041	0.4197782
222	4	1.120904	0.1941041	0.4197782
223	1	1.120904	0.1941041	0.4197782
223	2	1.120904	0.1941041	0.4197782
223	3	1.120904	0.1941041	0.4197782
223	4	1.120904	0.1941041	0.4197782
224	1	1.120904	0.1941041	0.4197782
224	2	1.120904	0.1941041	0.4197782
224	3	1.120904	0.1941041	0.4197782
224	4	1.120904	0.1941041	0.4197782
225	1	0.4607804	0.3115258	1.201475
225	2	0.2042279	0.5075706	0.01478498
225	3	0.4607804	0.3115258	1.201475
226	1	0.4607804	0.3115258	1.201475
226	2	0.2042279	0.5075706	0.01478498
226	3	0.4607804	0.3115258	1.201475
227	1	0.4607804	0.3115258	1.201475
227	2	0.2042279	0.5075706	0.01478498
227	3	0.4607804	0.3115258	1.201475
228	1	1.213737	0.166337	0.4213724
228	3	-0.1551758	0.575791	0.3978644
229	1	1.213737	0.166337	0.4213724
229	3	-0.1551758	0.575791	0.3978644
230	1	1.213737	0.166337	0.4213724
230	3	-0.1551758	0.575791	0.3978644
231	1	1.309443	0.1377103	0.4230159
231	2	-0.1997335	0.5891185	0.3970992
231	3	1.120904	0.1941041	0.4197782
231	4	1.120904	0.1941041	0.4197782
232	1	1.309443	0.1377103	0.4230159
232	2	-0.1997335	0.5891185	0.3970992
232	3	1.120904	0.1941041	0.4197782
232	4	1.120904	0.1941041	0.4197782
233	1	1.309443	0.1377103	0.4230159
233	2	-0.1997335	0.5891185	0.3970992
233	3	1.120904	0.1941041	0.4197782
233	4	1.120904	0.1941041	0.4197782
234	1	1.309447	0.13771	0.4230077
234	2	-0.1997374	0.5891189	0.3971075
234	4	0.01566948	0.4401501	1.238546
235	1	1.309447	0.13771	0.4230077
235	2	-0.1997374	0.5891189	0.3971075
235	4	0.01566948	0.4401501	1.238546
236	1	1.309443	0.1377103	0.4230159
236	2	-0.1997335	0.5891185	0.3970992
236	3	1.120904	0.1941041	0.4197782
236	4	1.120904	0.1941041	0.4197782
237	2	0.6312521	0.3809369	0.01128607
237	3	-0.05725788	0.4534863	1.321296
237	4	-0.05725789	0.4534863	1.321296
238	2	0.6312521	0.3809369	0.01128607
238	3	-0.05725788	0.4534863	1.321296
238	4	-0.05725789	0.4534863	1.321296
239	2	0.6312521	0.3809369	0.01128607
239	3	-0.05725788	0.4534863	1.321296
239	4	-0.05725789	0.4534863	1.321296
240	2	0.6312521	0.3809369	0.01128607
240	3	-0.05725788	0.4534863	1.321296
240	4	-0.05725789	0.4534863	1.321296
241	2	1.309443	0.1377103	0.4230159
241	4	-0.1997335	0.5891185	0.3970992
242	1	0.5056731	0.4200341	-0.006085619
242	2	-0.3826297	0.5845459	0.981381
242	4	1.098919	0.1668800	0.754345
243	1	0.5056731	0.4200341	-0.006085619
243	2	-0.3826297	0.5845459	0.981381
243	4	1.098919	0.1668800	0.754345
244	1	0.5056731	0.4200341	-0.006085619
244	2	-0.3826297	0.5845459	0.981381
244	4	1.098919	0.1668800	0.754345
245	1	1.370285	0.1463730	0.1578803
245	2	0.1812022	0.5138574	0.02033929
245	3	-0.2347592	0.495962	1.423453
245	4	-0.2347592	0.495962	1.423453
246	1	1.370285	0.1463730	0.1578803
246	2	0.1812022	0.5138574	0.02033929
246	3	-0.2347592	0.495962	1.423453
246	4	-0.2347592	0.495962	1.423453
247	1	1.370285	0.1463730	0.1578803
247	2	0.1812022	0.5138574	0.02033929
247	3	-0.2347592	0.495962	1.423453
247	4	-0.2347592	0.495962	1.423453
248	1	1.370285	0.1463730	0.1578803
248	2	0.1812022	0.5138574	0.02033929
248	3	-0.2347592	0.495962	1.423453
248	4	-0.2347592	0.495962	1.423453
249	1	1.370285	0.1463730	0.1578803
249	2	0.1812022	0.5138574	0.02033929
249	3	-0.2347592	0.495962	1.423453
249	4	-0.2347592	0.495962	1.423453
250	1	1.370285	0.1463730	0.1578803
250	2	0.1812022	0.5138574	0.02033929
250	3	-0.2347592	0.495962	1.423453
250	4	-0.2347592	0.495962	1.423453
251	1	1.370285	0.1463730	0.1578803
251	2	0.1812022	0.5138574	0.02033929
251	3	-0.2347592	0.495962	1.423453
251	4	-0.2347592	0.495962	1.423453
252	1	1.370285	0.1463730	0.1578803
252	2	0.1812022	0.5138574	0.02033929
252	3	-0.2347592	0.495962	1.423453
252	4	-0.2347592	0.495962	1.423453
281	1	1.271395	0.1496135	0.4171842
281	2	0.1987008	0.5096337	0.01062800
281	3	-0.05394013	0.4448021	1.397576
281	4	-0.05394013	0.4448021	1.397576
282	1	1.271395	0.1496135	0.4171842
282	2	0.1987008	0.5096337	0.01062800
282	3	-0.05394013	0.4448021	1.397576
282	4	-0.05394013	0.4448021	1.397576
283	1	1.271395	0.1496135	0.4171842
283	2	0.1987008	0.5096337	0.01062800
283	3	-0.05394013	0.4448021	1.397576
283	4	-0.05394013	0.4448021	1.397576
284	1	1.271395	0.1496135	0.4171842
284	2	0.1987008	0.5096337	0.01062800
284	3	-0.05394013	0.4448021	1.397576
284	4	-0.05394013	0.4448021	1.397576
285	1	1.213737	0.166337	0.4213724
285	3	-0.1551758	0.575791	0.3978644
286	1	1.213737	0.166337	0.4213724
286	3	-0.1551758	0.575791	0.3978644
287	1	1.213737	0.166337	0.4213724
287	3	-0.1551758	0.575791	0.3978644
288	1	0.9789877	0.2738296	0.04794354
288	3	-0.2518044	0.529247	1.143844
288	4	-0.2518044	0.529247	1.143844
289	1	0.9789877	0.2738296	0.04794354
289	3	-0.2518044	0.529247	1.143844
289	4	-0.2518044	0.529247	1.143844
290	1	0.9789877	0.2738296	0.04794354
290	3	-0.2518044	0.529247	1.143844
290	4	-0.2518044	0.529247	1.143844
291	1	0.9789877	0.2738296	0.04794354
291	3	-0.2518044	0.529247	1.143844
291	4	-0.2518044	0.529247	1.143844
292	1	1.213737	0.166337	0.4213724
292	4	-0.1551758	0.575791	0.3978644
293	1	1.271395	0.1496135	0.4171842
293	2	0.1987008	0.5096337	0.01062800
293	3	-0.05394013	0.4448021	1.397576
293	4	-0.05394013	0.4448021	1.397576
294	1	1.271395	0.1496135	0.4171842
294	2	0.1987008	0.5096337	0.01062800
294	3	-0.05394013	0.4448021	1.397576
294	4	-0.05394013	0.4448021	1.397576
295	1	1.271395	0.1496135	0.4171842
295	2	0.1987008	0.5096337	0.01062800
295	3	-0.05394013	0.4448021	1.397576
295	4	-0.05394013	0.4448021	1.397576
296	1	1.271395	0.1496135	0.4171842
296	2	0.1987008	0.5096337	0.01062800
296	3	-0.05394013	0.4448021	1.397576
296	4	-0.05394013	0.4448021	1.397576
297	1	1.271395	0.1496135	0.4171842
297	2	0.1987008	0.5096337	0.01062800
297	3	-0.05394013	0.4448021	1.397576
297	4	-0.05394013	0.4448021	1.397576
298	1	1.210061	0.1982776	0.1156880
298	2	-0.2247635	0.5966052	0.3966698
298	3	0.8104196	0.2315901	0.9632632
299	1	1.210061	0.1982776	0.1156880
299	2	-0.2247635	0.5966052	0.3966698
299	3	0.8104196	0.2315901	0.9632632
300	1	1.210061	0.1982776	0.1156880
300	2	-0.2247635	0.5966052	0.3966698
300	3	0.8104196	0.2315901	0.9632632
301	1	1.210061	0.1982776	0.1156880
301	2	-0.2247635	0.5966052	0.3966698
301	3	0.8104196	0.2315901	0.9632632
302	1	1.210061	0.1982776	0.1156880
302	2	-0.2247635	0.5966052	0.3966698
302	3	0.8104196	0.2315901	0.9632632
303	1	0.8989216	0.2147568	0.8692709
303	2	-0.3418683	0.6035693	0.6727494
303	3	1.068533	0.2440704	0.07896494
303	4	1.068533	0.2440704	0.07896494
304	1	0.8989216	0.2147568	0.8692709
304	2	-0.3418683	0.6035693	0.6727494
304	3	1.068533	0.2440704	0.07896494
304	4	1.068533	0.2440704	0.07896494
305	1	0.8989216	0.2147568	0.8692709
305	2	-0.3418683	0.6035693	0.6727494
305	3	1.068533	0.2440704	0.07896494
305	4	1.068533	0.2440704	0.07896494
306	1	1.214038	0.1663120	0.4207320
306	2	-0.2426998	0.6018919	0.3971367
306	3	1.214038	0.1663120	0.4207321
306	4	1.214038	0.1663120	0.4207321
307	1	1.214038	0.1663120	0.4207320
307	2	-0.2426998	0.6018919	0.3971367
307	3	1.214038	0.1663120	0.4207321
307	4	1.214038	0.1663120	0.4207321
308	1	1.214038	0.1663120	0.4207320
308	2	-0.2426998	0.6018919	0.3971367
308	3	1.214038	0.1663120	0.4207321
308	4	1.214038	0.1663120	0.4207321
309	1	0.4607804	0.3115258	1.201475
309	2	0.2042279	0.5075706	0.01478498
309	3	0.4607804	0.3115258	1.201475
310	1	0.4607804	0.3115258	1.201475
310	2	0.2042279	0.5075706	0.01478498
310	3	0.4607804	0.3115258	1.201475
311	1	0.4607804	0.3115258	1.201475
311	2	0.2042279	0.5075706	0.01478498
311	3	0.4607804	0.3115258	1.201475
312	1	0.4607804	0.3115258	1.201475
312	2	0.2042279	0.5075706	0.01478498
312	3	0.4607804	0.3115258	1.201475
313	1	0.4607804	0.3115258	1.201475
313	2	0.2042279	0.5075706	0.01478498
313	3	0.4607804	0.3115258	1.201475
314	1	0.4607804	0.3115258	1.201475
314	2	0.2042279	0.5075706	0.01478498
314	3	0.4607804	0.3115258	1.201475
315	1	0.4607804	0.3115258	1.201475
315	2	0.2042279	0.5075706	0.01478498
315	3	0.4607804	0.3115258	1.201475
316	1	0.4607804	0.3115258	1.201475
316	2	0.2042279	0.5075706	0.01478498
316	3	0.4607804	0.3115258	1.201475
317	1	0.4607804	0.3115258	1.201475
317	2	0.2042279	0.5075706	0.01478498
317	3	0.4607804	0.3115258	1.201475
318	1	0.4607804	0.3115258	1.201475
318	2	0.2042279	0.5075706	0.01478498
318	3	0.4607804	0.3115258	1.201475
319	1	0.4607804	0.3115258	1.201475
319	2	0.2042279	0.5075706	0.01478498
319	3	0.4607804	0.3115258	1.201475
320	1	0.4607804	0.3115258	1.201475
320	2	0.2042279	0.5075706	0.01478498
320	3	0.4607804	0.3115258	1.201475
321	1	0.4607804	0.3115258	1.201475
321	2	0.2042279	0.5075706	0.01478498
321	3	0.4607804	0.3115258	1.201475
322	1	0.4607804	0.3115258	1.201475
322	2	0.2042279	0.5075706	0.01478498
322	3	0.4607804	0.3115258	1.201475
323	1	0.4607804	0.3115258	1.201475
323	2	0.2042279	0.5075706	0.01478498
323	3	0.4607804	0.3115258	1.201475
324	1	0.4607804	0.3115258	1.201475
324	2	0.2042279	0.5075706	0.01478498
324	3	0.4607804	0.3115258	1.201475
325	1	1.214038	0.1663120	0.4207320
325	2	-0.2426998	0.6018919	0.3971367
325	3	1.214038	0.1663120	0.4207321
325	4	1.214038	0.1663120	0.4207321
326	1	1.214038	0.1663120	0.4207320
326	2	-0.2426998	0.6018919	0.3971367
326	3	1.214038	0.1663120	0.4207321
326	4	1.214038	0.1663120	0.4207321
327	1	1.214038	0.1663120	0.4207320
327	2	-0.2426998	0.6018919	0.3971367
327	3	1.214038	0.1663120	0.4207321
327	4	1.214038	0.1663120	0.4207321
328	1	1.214038	0.1663120	0.4207320
328	2	-0.2426998	0.6018919	0.3971367
328	3	1.214038	0.1663120	0.4207321
328	4	1.214038	0.1663120	0.4207321
332	2	0.6462165	0.3786589	-0.01023729
332	3	-0.1012626	0.4576500	1.409712
332	4	-0.1012626	0.45765	1.409712
333	2	0.6462165	0.3786589	-0.01023729
333	3	-0.1012626	0.4576500	1.409712
333	4	-0.1012626	0.45765	1.409712
334	1	1.370285	0.1463730	0.1578803
334	2	0.1812022	0.5138574	0.02033929
334	3	-0.2347592	0.495962	1.423453
334	4	-0.2347592	0.495962	1.423453
335	1	1.370285	0.1463730	0.1578803
335	2	0.1812022	0.5138574	0.02033929
335	3	-0.2347592	0.495962	1.423453
335	4	-0.2347592	0.495962	1.423453
336	1	1.370285	0.1463730	0.1578803
336	2	0.1812022	0.5138574	0.02033929
336	3	-0.2347592	0.495962	1.423453
336	4	-0.2347592	0.495962	1.423453
337	1	1.370285	0.1463730	0.1578803
337	2	0.1812022	0.5138574	0.02033929
337	3	-0.2347592	0.495962	1.423453
337	4	-0.2347592	0.495962	1.423453
338	1	1.370285	0.1463730	0.1578803
338	2	0.1812022	0.5138574	0.02033929
338	3	-0.2347592	0.495962	1.423453
338	4	-0.2347592	0.495962	1.423453
339	1	1.370285	0.1463730	0.1578803
339	2	0.1812022	0.5138574	0.02033929
339	3	-0.2347592	0.495962	1.423453
339	4	-0.2347592	0.495962	1.423453
340	1	1.370285	0.1463730	0.1578803
340	2	0.1812022	0.5138574	0.02033929
340	3	-0.2347592	0.495962	1.423453
340	4	-0.2347592	0.495962	1.423453
341	1	1.370285	0.1463730	0.1578803
341	2	0.1812022	0.5138574	0.02033929
341	3	-0.2347592	0.495962	1.423453
341	4	-0.2347592	0.495962	1.423453
342	1	1.370285	0.1463730	0.1578803
342	2	0.1812022	0.5138574	0.02033929
342	3	-0.2347592	0.495962	1.423453
342	4	-0.2347592	0.495962	1.423453
343	1	1.047207	0.2558703	0.02487968
343	3	-0.3036512	0.5377196	1.212669
343	4	-0.3036512	0.5377196	1.212669
344	1	1.047207	0.2558703	0.02487968
344	3	-0.3036512	0.5377196	1.212669
344	4	-0.3036512	0.5377196	1.212669
345	1	1.370285	0.1463730	0.1578803
345	2	0.1812022	0.5138574	0.02033929
345	3	-0.2347592	0.495962	1.423453
345	4	-0.2347592	0.495962	1.423453
346	1	0.5133982	0.4177468	-0.006183697
346	2	-0.3812025	0.5851647	0.9710435
346	3	1.089783	0.1685975	0.764245
347	1	0.5133982	0.4177468	-0.006183697
347	2	-0.3812025	0.5851647	0.9710435
347	3	1.089783	0.1685975	0.764245
348	1	0.5133982	0.4177468	-0.006183697
348	2	-0.3812025	0.5851647	0.9710435
348	3	1.089783	0.1685975	0.764245
349	1	1.370285	0.1463730	0.1578803
349	2	0.1812022	0.5138574	0.02033929
349	3	-0.2347592	0.495962	1.423453
349	4	-0.2347592	0.495962	1.423453
350	1	1.370285	0.1463730	0.1578803
350	2	0.1812022	0.5138574	0.02033929
350	3	-0.2347592	0.495962	1.423453
350	4	-0.2347592	0.495962	1.423453
359	1	1.370285	0.1463730	0.1578803
359	2	0.1812022	0.5138574	0.02033929
359	3	-0.2347592	0.495962	1.423453
359	4	-0.2347592	0.495962	1.423453
360	1	1.370285	0.1463730	0.1578803
360	2	0.1812022	0.5138574	0.02033929
360	3	-0.2347592	0.495962	1.423453
360	4	-0.2347592	0.495962	1.423453
361	1	1.370285	0.1463730	0.1578803
361	2	0.1812022	0.5138574	0.02033929
361	3	-0.2347592	0.495962	1.423453
361	4	-0.2347592	0.495962	1.423453
362	1	1.370285	0.1463730	0.1578803
362	2	0.1812022	0.5138574	0.02033929
362	3	-0.2347592	0.495962	1.423453
362	4	-0.2347592	0.495962	1.423453
363	1	1.370285	0.1463730	0.1578803
363	2	0.1812022	0.5138574	0.02033929
363	3	-0.2347592	0.495962	1.423453
363	4	-0.2347592	0.495962	1.423453
364	1	1.047207	0.2558703	0.02487968
364	3	-0.3036512	0.5377196	1.212669
364	4	-0.3036512	0.5377196	1.212669
365	1	1.047207	0.2558703	0.02487968
365	3	-0.3036512	0.5377196	1.212669
365	4	-0.3036512	0.5377196	1.212669
366	1	1.047207	0.2558703	0.02487968
366	3	-0.3036512	0.5377196	1.212669
366	4	-0.3036512	0.5377196	1.212669
367	1	1.309443	0.1377103	0.4230159
367	4	-0.1997335	0.5891185	0.3970992
368	1	1.370285	0.1463730	0.1578803
368	2	0.1812022	0.5138574	0.02033929
368	3	-0.2347592	0.495962	1.423453
368	4	-0.2347592	0.495962	1.423453
369	1	1.370285	0.1463730	0.1578803
369	2	0.1812022	0.5138574	0.02033929
369	3	-0.2347592	0.495962	1.423453
369	4	-0.2347592	0.495962	1.423453
370	1	1.370285	0.1463730	0.1578803
370	2	0.1812022	0.5138574	0.02033929
370	3	-0.2347592	0.495962	1.423453
370	4	-0.2347592	0.495962	1.423453
371	1	1.370285	0.1463730	0.1578803
371	2	0.1812022	0.5138574	0.02033929
371	3	-0.2347592	0.495962	1.423453
371	4	-0.2347592	0.495962	1.423453
372	1	1.370285	0.1463730	0.1578803
372	2	0.1812022	0.5138574	0.02033929
372	3	-0.2347592	0.495962	1.423453
372	4	-0.2347592	0.495962	1.423453
373	1	1.370285	0.1463730	0.1578803
373	2	0.1812022	0.5138574	0.02033929
373	3	-0.2347592	0.495962	1.423453
373	4	-0.2347592	0.495962	1.423453
374	1	1.370285	0.1463730	0.1578803
374	2	0.1812022	0.5138574	0.02033929
374	3	-0.2347592	0.495962	1.423453
374	4	-0.2347592	0.495962	1.423453
375	1	1.370285	0.1463730	0.1578803
375	2	0.1812022	0.5138574	0.02033929
375	3	-0.2347592	0.495962	1.423453
375	4	-0.2347592	0.495962	1.423453
376	1	1.370285	0.1463730	0.1578803
376	2	0.1812022	0.5138574	0.02033929
376	3	-0.2347592	0.495962	1.423453
376	4	-0.2347592	0.495962	1.423453
377	2	1.309443	0.1377103	0.4230159
377	3	-0.1997335	0.5891185	0.3970992
378	2	1.309443	0.1377103	0.4230159
378	3	-0.1997335	0.5891185	0.3970992
379	2	1.309443	0.1377103	0.4230159
379	3	-0.1997335	0.5891185	0.3970992
385	2	0.6462165	0.3786589	-0.01023729
385	3	-0.1012626	0.4576500	1.409712
385	4	-0.1012626	0.45765	1.409712
386	2	0.6462165	0.3786589	-0.01023729
386	3	-0.1012626	0.4576500	1.409712
386	4	-0.1012626	0.45765	1.409712
387	2	0.6462165	0.3786589	-0.01023729
387	3	-0.1012626	0.4576500	1.409712
387	4	-0.1012626	0.45765	1.409712
388	1	1.370285	0.1463730	0.1578803
388	2	0.1812022	0.5138574	0.02033929
388	3	-0.2347592	0.495962	1.423453
388	4	-0.2347592	0.495962	1.423453
389	1	1.370285	0.1463730	0.1578803
389	2	0.1812022	0.5138574	0.02033929
389	3	-0.2347592	0.495962	1.423453
389	4	-0.2347592	0.495962	1.423453
390	1	1.370285	0.1463730	0.1578803
390	2	0.1812022	0.5138574	0.02033929
390	3	-0.2347592	0.495962	1.423453
390	4	-0.2347592	0.495962	1.423453
391	1	0.5133982	0.4177468	-0.006183697
391	2	-0.3812025	0.5851647	0.9710435
391	3	1.089783	0.1685975	0.764245
392	1	1.370285	0.1463730	0.1578803
392	2	0.1812022	0.5138574	0.02033929
392	3	-0.2347592	0.495962	1.423453
392	4	-0.2347592	0.495962	1.423453
393	1	1.370285	0.1463730	0.1578803
393	2	0.1812022	0.5138574	0.02033929
393	3	-0.2347592	0.495962	1.423453
393	4	-0.2347592	0.495962	1.423453
394	1	1.370285	0.1463730	0.1578803
394	2	0.1812022	0.5138574	0.02033929
394	3	-0.2347592	0.495962	1.423453
394	4	-0.2347592	0.495962	1.423453
395	1	1.370285	0.1463730	0.1578803
395	2	0.1812022	0.5138574	0.02033929
395	3	-0.2347592	0.495962	1.423453
395	4	-0.2347592	0.495962	1.423453
396	1	1.309443	0.1377103	0.4230159
396	2	-0.1997335	0.5891185	0.3970992
397	1	1.309443	0.1377103	0.4230159
397	2	-0.1997335	0.5891185	0.3970992
398	1	1.309443	0.1377103	0.4230159
398	2	-0.1997335	0.5891185	0.3970992
399	1	1.309443	0.1377103	0.4230159
399	2	-0.1997335	0.5891185	0.3970992
404	2	1.120904	0.1941041	0.4197782
404	3	1.120904	0.1941041	0.4197782
404	4	1.120904	0.1941041	0.4197782
405	2	1.120904	0.1941041	0.4197782
405	3	1.120904	0.1941041	0.4197782
405	4	1.120904	0.1941041	0.4197782
406	2	1.120904	0.1941041	0.4197782
406	3	1.120904	0.1941041	0.4197782
406	4	1.120904	0.1941041	0.4197782
407	2	1.120904	0.1941041	0.4197782
407	3	1.120904	0.1941041	0.4197782
407	4	1.120904	0.1941041	0.4197782
408	2	1.120904	0.1941041	0.4197782
408	3	1.120904	0.1941041	0.4197782
408	4	1.120904	0.1941041	0.4197782
409	2	1.120904	0.1941041	0.4197782
409	3	1.120904	0.1941041	0.4197782
409	4	1.120904	0.1941041	0.4197782
410	1	1.273315	0.1839223	0.07154275
410	2	-0.2973819	0.5605345	0.96811
410	3	-0.2973819	0.5605345	0.96811
410	4	-0.2973819	0.5605345	0.96811
411	1	1.273315	0.1839223	0.07154275
411	2	-0.2973819	0.5605345	0.96811
411	3	-0.2973819	0.5605345	0.96811
411	4	-0.2973819	0.5605345	0.96811
412	1	1.273315	0.1839223	0.07154275
412	2	-0.2973819	0.5605345	0.96811
412	3	-0.2973819	0.5605345	0.96811
412	4	-0.2973819	0.5605345	0.96811
413	1	1.273315	0.1839223	0.07154275
413	2	-0.2973819	0.5605345	0.96811
413	3	-0.2973819	0.5605345	0.96811
413	4	-0.2973819	0.5605345	0.96811
414	1	1.273315	0.1839223	0.07154275
414	2	-0.2973819	0.5605345	0.96811
414	3	-0.2973819	0.5605345	0.96811
414	4	-0.2973819	0.5605345	0.96811
418	1	1.273315	0.1839223	0.07154275
418	2	-0.2973819	0.5605345	0.96811
418	3	-0.2973819	0.5605345	0.96811
418	4	-0.2973819	0.5605345	0.96811
419	1	1.273315	0.1839223	0.07154275
419	2	-0.2973819	0.5605345	0.96811
419	3	-0.2973819	0.5605345	0.96811
419	4	-0.2973819	0.5605345	0.96811
420	1	1.273315	0.1839223	0.07154275
420	2	-0.2973819	0.5605345	0.96811
420	3	-0.2973819	0.5605345	0.96811
420	4	-0.2973819	0.5605345	0.96811
421	1	1.273315	0.1839223	0.07154275
421	2	-0.2973819	0.5605345	0.96811
421	3	-0.2973819	0.5605345	0.96811
421	4	-0.2973819	0.5605345	0.96811
422	1	1.309443	0.1377103	0.4230159
422	4	-0.1997335	0.5891185	0.3970992
423	1	1.047207	0.2558703	0.02487968
423	3	-0.3036512	0.5377196	1.212669
423	4	-0.3036512	0.5377196	1.212669
424	1	1.047207	0.2558703	0.02487968
424	3	-0.3036512	0.5377196	1.212669
424	4	-0.3036512	0.5377196	1.212669
425	1	1.047207	0.2558703	0.02487968
425	3	-0.3036512	0.5377196	1.212669
425	4	-0.3036512	0.5377196	1.212669
426	1	1.047207	0.2558703	0.02487968
426	3	-0.3036512	0.5377196	1.212669
426	4	-0.3036512	0.5377196	1.212669
427	1	1.120904	0.1941041	0.4197782
427	2	1.120904	0.1941041	0.4197782
427	3	1.120904	0.1941041	0.4197782
427	4	1.120904	0.1941041	0.4197782
428	1	1.120904	0.1941041	0.4197782
428	2	1.120904	0.1941041	0.4197782
428	3	1.120904	0.1941041	0.4197782
428	4	1.120904	0.1941041	0.4197782
429	1	1.120904	0.1941041	0.4197782
429	2	1.120904	0.1941041	0.4197782
429	3	1.120904	0.1941041	0.4197782
429	4	1.120904	0.1941041	0.4197782
430	1	1.120904	0.1941041	0.4197782
430	2	1.120904	0.1941041	0.4197782
430	4	1.120904	0.1941041	0.4197782
431	1	1.120904	0.1941041	0.4197782
431	2	1.120904	0.1941041	0.4197782
431	3	1.120904	0.1941041	0.4197782
431	4	1.120904	0.1941041	0.4197782
432	1	1.120904	0.1941041	0.4197782
432	2	1.120904	0.1941041	0.4197782
432	3	1.120904	0.1941041	0.4197782
432	4	1.120904	0.1941041	0.4197782
433	1	1.120904	0.1941041	0.4197782
433	2	1.120904	0.1941041	0.4197782
433	3	1.120904	0.1941041	0.4197782
433	4	1.120904	0.1941041	0.4197782
434	1	1.120904	0.1941041	0.4197782
434	2	1.120904	0.1941041	0.4197782
434	3	1.120904	0.1941041	0.4197782
434	4	1.120904	0.1941041	0.4197782
435	1	1.120904	0.1941041	0.4197782
435	2	1.120904	0.1941041	0.4197782
435	3	1.120904	0.1941041	0.4197782
435	4	1.120904	0.1941041	0.4197782
436	1	1.120904	0.1941041	0.4197782
436	2	1.120904	0.1941041	0.4197782
436	3	1.120904	0.1941041	0.4197782
436	4	1.120904	0.1941041	0.4197782
437	1	1.120904	0.1941041	0.4197782
437	2	1.120904	0.1941041	0.4197782
437	3	1.120904	0.1941041	0.4197782
437	4	1.120904	0.1941041	0.4197782
438	1	1.120904	0.1941041	0.4197782
438	2	1.120904	0.1941041	0.4197782
438	3	1.120904	0.1941041	0.4197782
438	4	1.120904	0.1941041	0.4197782
439	1	1.120904	0.1941041	0.4197782
439	2	1.120904	0.1941041	0.4197782
439	3	1.120904	0.1941041	0.4197782
439	4	1.120904	0.1941041	0.4197782
440	1	1.120904	0.1941041	0.4197782
440	2	1.120904	0.1941041	0.4197782
440	3	1.120904	0.1941041	0.4197782
440	4	1.120904	0.1941041	0.4197782
441	1	1.120904	0.1941041	0.4197782
441	2	1.120904	0.1941041	0.4197782
441	3	1.120904	0.1941041	0.4197782
442	1	1.120904	0.1941041	0.4197782
442	2	1.120904	0.1941041	0.4197782
442	3	1.120904	0.1941041	0.4197782
443	1	1.131022	0.2187871	0.1453655
443	2	1.131022	0.2187871	0.1453654
443	3	1.131022	0.2187871	0.1453654
443	4	-0.3244206	0.5745327	0.9090728
444	1	1.120904	0.1941041	0.4197782
444	2	1.120904	0.1941041	0.4197782
444	3	1.120904	0.1941041	0.4197782
444	4	1.120904	0.1941041	0.4197782
445	1	1.120904	0.1941041	0.4197782
445	2	1.120904	0.1941041	0.4197782
445	3	1.120904	0.1941041	0.4197782
445	4	1.120904	0.1941041	0.4197782
446	3	1.120904	0.1941041	0.4197782
446	4	1.120904	0.1941041	0.4197782
447	1	1.120904	0.1941041	0.4197782
447	2	1.120904	0.1941041	0.4197782
447	3	1.120904	0.1941041	0.4197782
447	4	1.120904	0.1941041	0.4197782
448	1	1.120904	0.1941041	0.4197782
448	2	1.120904	0.1941041	0.4197782
448	3	1.120904	0.1941041	0.4197782
448	4	1.120904	0.1941041	0.4197782
449	1	1.120904	0.1941041	0.4197782
449	2	1.120904	0.1941041	0.4197782
449	3	1.120904	0.1941041	0.4197782
449	4	1.120904	0.1941041	0.4197782
450	1	1.120904	0.1941041	0.4197782
450	2	1.120904	0.1941041	0.4197782
450	3	1.120904	0.1941041	0.4197782
450	4	1.120904	0.1941041	0.4197782
451	1	1.120904	0.1941041	0.4197782
451	2	1.120904	0.1941041	0.4197782
451	3	1.120904	0.1941041	0.4197782
451	4	1.120904	0.1941041	0.4197782
452	1	1.120904	0.1941041	0.4197782
452	2	1.120904	0.1941041	0.4197782
452	3	1.120904	0.1941041	0.4197782
452	4	1.120904	0.1941041	0.4197782
453	1	1.120904	0.1941041	0.4197782
453	2	1.120904	0.1941041	0.4197782
453	3	1.120904	0.1941041	0.4197782
453	4	1.120904	0.1941041	0.4197782
454	1	1.120904	0.1941041	0.4197782
454	2	1.120904	0.1941041	0.4197782
454	3	1.120904	0.1941041	0.4197782
454	4	1.120904	0.1941041	0.4197782
455	1	1.120904	0.1941041	0.4197782
455	2	1.120904	0.1941041	0.4197782
455	4	1.120904	0.1941041	0.4197782
456	1	1.120904	0.1941041	0.4197782
456	2	1.120904	0.1941041	0.4197782
456	3	1.120904	0.1941041	0.4197782
456	4	1.120904	0.1941041	0.4197782
457	1	1.120904	0.1941041	0.4197782
457	2	1.120904	0.1941041	0.4197782
457	3	1.120904	0.1941041	0.4197782
457	4	1.120904	0.1941041	0.4197782
458	1	1.120904	0.1941041	0.4197782
458	2	1.120904	0.1941041	0.4197782
458	3	1.120904	0.1941041	0.4197782
458	4	1.120904	0.1941041	0.4197782
459	1	1.120904	0.1941041	0.4197782
459	2	1.120904	0.1941041	0.4197782
459	3	1.120904	0.1941041	0.4197782
459	4	1.120904	0.1941041	0.4197782
460	1	1.120904	0.1941041	0.4197782
460	2	1.120904	0.1941041	0.4197782
460	3	1.120904	0.1941041	0.4197782
460	4	1.120904	0.1941041	0.4197782
461	1	1.120904	0.1941041	0.4197782
461	2	1.120904	0.1941041	0.4197782
461	3	1.120904	0.1941041	0.4197782
461	4	1.120904	0.1941041	0.4197782
462	1	1.120904	0.1941041	0.4197782
462	2	1.120904	0.1941041	0.4197782
462	3	1.120904	0.1941041	0.4197782
462	4	1.120904	0.1941041	0.4197782
463	1	1.120904	0.1941041	0.4197782
463	2	1.120904	0.1941041	0.4197782
463	3	1.120904	0.1941041	0.4197782
463	4	1.120904	0.1941041	0.4197782
464	1	1.120904	0.1941041	0.4197782
464	2	1.120904	0.1941041	0.4197782
464	3	1.120904	0.1941041	0.4197782
464	4	1.120904	0.1941041	0.4197782
465	1	1.120904	0.1941041	0.4197782
465	2	1.120904	0.1941041	0.4197782
465	3	1.120904	0.1941041	0.4197782
465	4	1.120904	0.1941041	0.4197782
466	1	1.120904	0.1941041	0.4197782
466	2	1.120904	0.1941041	0.4197782
466	3	1.120904	0.1941041	0.4197782
466	4	1.120904	0.1941041	0.4197782
467	1	1.120904	0.1941041	0.4197782
467	2	1.120904	0.1941041	0.4197782
467	3	1.120904	0.1941041	0.4197782
467	4	1.120904	0.1941041	0.4197782
468	1	1.120904	0.1941041	0.4197782
468	2	1.120904	0.1941041	0.4197782
468	3	1.120904	0.1941041	0.4197782
468	4	1.120904	0.1941041	0.4197782
469	1	1.120904	0.1941041	0.4197782
469	2	1.120904	0.1941041	0.4197782
469	3	1.120904	0.1941041	0.4197782
469	4	1.120904	0.1941041	0.4197782
470	1	1.120904	0.1941041	0.4197782
470	2	1.120904	0.1941041	0.4197782
470	3	1.120904	0.1941041	0.4197782
470	4	1.120904	0.1941041	0.4197782
471	1	1.120904	0.1941041	0.4197782
471	2	1.120904	0.1941041	0.4197782
471	3	1.120904	0.1941041	0.4197782
471	4	1.120904	0.1941041	0.4197782
472	1	1.120904	0.1941041	0.4197782
472	2	1.120904	0.1941041	0.4197782
472	3	1.120904	0.1941041	0.4197782
472	4	1.120904	0.1941041	0.4197782
473	1	1.120904	0.1941041	0.4197782
473	2	1.120904	0.1941041	0.4197782
473	3	1.120904	0.1941041	0.4197782
473	4	1.120904	0.1941041	0.4197782
474	1	1.120904	0.1941041	0.4197782
474	2	1.120904	0.1941041	0.4197782
474	3	1.120904	0.1941041	0.4197782
474	4	1.120904	0.1941041	0.4197782
475	1	1.120904	0.1941041	0.4197782
475	2	1.120904	0.1941041	0.4197782
475	3	1.120904	0.1941041	0.4197782
475	4	1.120904	0.1941041	0.4197782
476	1	1.120904	0.1941041	0.4197782
476	2	1.120904	0.1941041	0.4197782
476	3	1.120904	0.1941041	0.4197782
476	4	1.120904	0.1941041	0.4197782
477	1	1.120904	0.1941041	0.4197782
477	2	1.120904	0.1941041	0.4197782
477	3	1.120904	0.1941041	0.4197782
477	4	1.120904	0.1941041	0.4197782
478	1	1.120904	0.1941041	0.4197782
478	2	1.120904	0.1941041	0.4197782
478	3	1.120904	0.1941041	0.4197782
478	4	1.120904	0.1941041	0.4197782
479	1	1.120904	0.1941041	0.4197782
479	2	1.120904	0.1941041	0.4197782
479	3	1.120904	0.1941041	0.4197782
479	4	1.120904	0.1941041	0.4197782
480	1	1.120904	0.1941041	0.4197782
480	2	1.120904	0.1941041	0.4197782
480	3	1.120904	0.1941041	0.4197782
480	4	1.120904	0.1941041	0.4197782
481	1	1.120904	0.1941041	0.4197782
481	2	1.120904	0.1941041	0.4197782
481	3	1.120904	0.1941041	0.4197782
481	4	1.120904	0.1941041	0.4197782
482	1	1.120904	0.1941041	0.4197782
482	2	1.120904	0.1941041	0.4197782
482	3	1.120904	0.1941041	0.4197782
482	4	1.120904	0.1941041	0.4197782
483	1	1.120904	0.1941041	0.4197782
483	2	1.120904	0.1941041	0.4197782
483	3	1.120904	0.1941041	0.4197782
483	4	1.120904	0.1941041	0.4197782
484	1	1.120904	0.1941041	0.4197782
484	2	1.120904	0.1941041	0.4197782
484	3	1.120904	0.1941041	0.4197782
484	4	1.120904	0.1941041	0.4197782
494	1	1.120904	0.1941041	0.4197782
494	2	1.120904	0.1941041	0.4197782
494	3	1.120904	0.1941041	0.4197782
494	4	1.120904	0.1941041	0.4197782
495	1	1.120904	0.1941041	0.4197782
495	2	1.120904	0.1941041	0.4197782
495	3	1.120904	0.1941041	0.4197782
495	4	1.120904	0.1941041	0.4197782
496	1	1.120904	0.1941041	0.4197782
496	2	1.120904	0.1941041	0.4197782
496	3	1.120904	0.1941041	0.4197782
496	4	1.120904	0.1941041	0.4197782
497	1	1.120904	0.1941041	0.4197782
497	2	1.120904	0.1941041	0.4197782
497	3	1.120904	0.1941041	0.4197782
497	4	1.120904	0.1941041	0.4197782
498	1	1.120904	0.1941041	0.4197782
498	2	1.120904	0.1941041	0.4197782
498	3	1.120904	0.1941041	0.4197782
498	4	1.120904	0.1941041	0.4197782
499	1	1.120904	0.1941041	0.4197782
499	2	1.120904	0.1941041	0.4197782
499	3	1.120904	0.1941041	0.4197782
499	4	1.120904	0.1941041	0.4197782
511	1	1.214038	0.1663120	0.4207320
511	2	-0.2426998	0.6018919	0.3971367
511	3	1.214038	0.1663120	0.4207321
511	4	1.214038	0.1663120	0.4207321
512	1	1.214038	0.1663120	0.4207320
512	2	-0.2426998	0.6018919	0.3971367
512	3	1.214038	0.1663120	0.4207321
512	4	1.214038	0.1663120	0.4207321
513	1	1.214038	0.1663120	0.4207320
513	2	-0.2426998	0.6018919	0.3971367
513	3	1.214038	0.1663120	0.4207321
513	4	1.214038	0.1663120	0.4207321
514	1	1.214038	0.1663120	0.4207320
514	2	-0.2426998	0.6018919	0.3971367
514	3	1.214038	0.1663120	0.4207321
514	4	1.214038	0.1663120	0.4207321
515	1	1.214038	0.1663120	0.4207320
515	2	-0.2426998	0.6018919	0.3971367
515	3	1.214038	0.1663120	0.4207321
515	4	1.214038	0.1663120	0.4207321
516	2	0.6462165	0.3786589	-0.01023729
516	3	-0.1012626	0.4576500	1.409712
516	4	-0.1012626	0.45765	1.409712
517	2	0.6462165	0.3786589	-0.01023729
517	3	-0.1012626	0.4576500	1.409712
517	4	-0.1012626	0.45765	1.409712
554	1	0.5056731	0.4200341	-0.006085619
554	2	-0.3826297	0.5845459	0.981381
554	4	1.098919	0.1668800	0.754345
555	1	0.5056731	0.4200341	-0.006085619
555	2	-0.3826297	0.5845459	0.981381
555	4	1.098919	0.1668800	0.754345
556	1	1.214038	0.1663120	0.4207320
556	2	-0.2426998	0.6018919	0.3971367
556	3	1.214038	0.1663120	0.4207321
556	4	1.214038	0.1663120	0.4207321
557	1	1.214038	0.1663120	0.4207320
557	2	-0.2426998	0.6018919	0.3971367
557	3	1.214038	0.1663120	0.4207321
557	4	1.214038	0.1663120	0.4207321
558	1	1.214038	0.1663120	0.4207320
558	2	-0.2426998	0.6018919	0.3971367
558	3	1.214038	0.1663120	0.4207321
558	4	1.214038	0.1663120	0.4207321
559	1	1.214038	0.1663120	0.4207320
559	2	-0.2426998	0.6018919	0.3971367
559	3	1.214038	0.1663120	0.4207321
559	4	1.214038	0.1663120	0.4207321
560	1	1.214038	0.1663120	0.4207320
560	2	-0.2426998	0.6018919	0.3971367
560	3	1.214038	0.1663120	0.4207321
560	4	1.214038	0.1663120	0.4207321
561	1	1.214038	0.1663120	0.4207320
561	2	-0.2426998	0.6018919	0.3971367
561	3	1.214038	0.1663120	0.4207321
561	4	1.214038	0.1663120	0.4207321
562	1	1.214038	0.1663120	0.4207320
562	2	-0.2426998	0.6018919	0.3971367
562	3	1.214038	0.1663120	0.4207321
562	4	1.214038	0.1663120	0.4207321
563	1	1.214038	0.1663120	0.4207320
563	2	-0.2426998	0.6018919	0.3971367
563	3	1.214038	0.1663120	0.4207321
563	4	1.214038	0.1663120	0.4207321
564	1	1.214038	0.1663120	0.4207320
564	2	-0.2426998	0.6018919	0.3971367
564	3	1.214038	0.1663120	0.4207321
564	4	1.214038	0.1663120	0.4207321
565	1	1.120904	0.1941041	0.4197782
565	3	1.120904	0.1941041	0.4197782
565	4	1.120904	0.1941041	0.4197782
566	3	1.120904	0.1941041	0.4197782
566	4	1.120904	0.1941041	0.4197782
567	3	1.120904	0.1941041	0.4197782
567	4	1.120904	0.1941041	0.4197782
568	3	1.120904	0.1941041	0.4197782
568	4	1.120904	0.1941041	0.4197782
569	3	1.120904	0.1941041	0.4197782
569	4	1.120904	0.1941041	0.4197782
610	1	1.273315	0.1839223	0.07154275
610	2	-0.2973819	0.5605345	0.96811
610	3	-0.2973819	0.5605345	0.96811
610	4	-0.2973819	0.5605345	0.96811
611	1	1.273315	0.1839223	0.07154275
611	2	-0.2973819	0.5605345	0.96811
611	3	-0.2973819	0.5605345	0.96811
611	4	-0.2973819	0.5605345	0.96811
