1	1	-0.1230505	0.5657723	0.4024756
1	2	-0.1121954	0.5629016	0.3989342
1	3	-0.1121954	0.5629016	0.3989342
1	4	-0.1121954	0.5629016	0.3989342
1	5	-0.1121954	0.5629016	0.3989342
1	6	-0.1121954	0.5629016	0.3989342
1	7	-0.1121954	0.5629016	0.3989342
1	8	-0.1121954	0.5629016	0.3989342
1	9	-0.1121954	0.5629016	0.3989342
1	10	-0.1121954	0.5629016	0.3989342
1	11	-0.1121954	0.5629016	0.3989342
1	12	1.228035	0.1622498	0.4197414
1	13	-0.1204583	0.5649956	0.4025339
1	14	-0.1230505	0.5657723	0.4024756
1	15	-0.1121954	0.5629016	0.3989342
1	16	-0.1121954	0.5629016	0.3989342
1	17	-0.1121954	0.5629016	0.3989342
1	18	-0.1121954	0.5629016	0.3989342
1	19	-0.1121954	0.5629016	0.3989342
1	20	-0.1121954	0.5629016	0.3989342
1	21	-0.1121954	0.5629016	0.3989342
1	22	-0.1121954	0.5629016	0.3989342
1	23	-0.1121954	0.5629016	0.3989342
1	24	-0.1121954	0.5629016	0.3989342
1	25	1.228035	0.1622498	0.4197414
1	26	-0.1204583	0.5649956	0.4025339
1	28	-0.1121954	0.5629016	0.3989342
1	29	-0.1121954	0.5629016	0.3989342
1	30	-0.1121954	0.5629016	0.3989342
1	31	-0.1121954	0.5629016	0.3989342
1	32	-0.1121954	0.5629016	0.3989342
1	33	-0.1121954	0.5629016	0.3989342
1	34	-0.1121954	0.5629016	0.3989342
1	35	-0.1121954	0.5629016	0.3989342
1	36	-0.1121954	0.5629016	0.3989342
1	37	-0.1121954	0.5629016	0.3989342
1	38	1.228035	0.1622498	0.4197414
1	39	-0.1204583	0.5649956	0.4025339
1	40	-0.1230505	0.5657723	0.4024756
1	41	-0.1121954	0.5629016	0.3989342
1	42	-0.1121954	0.5629016	0.3989342
1	43	-0.1121954	0.5629016	0.3989342
1	44	-0.1121954	0.5629016	0.3989342
1	45	-0.1121954	0.5629016	0.3989342
1	46	-0.1121954	0.5629016	0.3989342
1	47	-0.1121954	0.5629016	0.3989342
1	48	-0.1121954	0.5629016	0.3989342
1	49	-0.1121954	0.5629016	0.3989342
1	50	-0.1121954	0.5629016	0.3989342
1	51	1.228035	0.1622498	0.4197414
1	52	-0.1204583	0.5649956	0.4025339
1	53	-0.1230505	0.5657723	0.4024756
1	54	-0.1121954	0.5629016	0.3989342
1	55	-0.1121954	0.5629016	0.3989342
1	56	-0.1121954	0.5629016	0.3989342
1	57	-0.1121954	0.5629016	0.3989342
1	58	-0.1121954	0.5629016	0.3989342
1	59	-0.1121954	0.5629016	0.3989342
1	60	-0.1121954	0.5629016	0.3989342
1	61	-0.1121954	0.5629016	0.3989342
1	62	-0.1121954	0.5629016	0.3989342
1	63	-0.1121954	0.5629016	0.3989342
1	64	1.228035	0.1622498	0.4197414
1	65	-0.1204583	0.5649956	0.4025339
2	1	-0.1230505	0.5657723	0.4024756
2	2	-0.1121954	0.5629016	0.3989342
2	3	-0.1121954	0.5629016	0.3989342
2	4	-0.1121954	0.5629016	0.3989342
2	5	-0.1121954	0.5629016	0.3989342
2	6	-0.1121954	0.5629016	0.3989342
2	7	-0.1121954	0.5629016	0.3989342
2	8	-0.1121954	0.5629016	0.3989342
2	9	-0.1121954	0.5629016	0.3989342
2	10	-0.1121954	0.5629016	0.3989342
2	11	-0.1121954	0.5629016	0.3989342
2	12	1.228035	0.1622498	0.4197414
2	13	-0.1204583	0.5649956	0.4025339
2	14	-0.1230505	0.5657723	0.4024756
2	15	-0.1121954	0.5629016	0.3989342
2	16	-0.1121954	0.5629016	0.3989342
2	17	-0.1121954	0.5629016	0.3989342
2	18	-0.1121954	0.5629016	0.3989342
2	19	-0.1121954	0.5629016	0.3989342
2	20	-0.1121954	0.5629016	0.3989342
2	21	-0.1121954	0.5629016	0.3989342
2	22	-0.1121954	0.5629016	0.3989342
2	23	-0.1121954	0.5629016	0.3989342
2	24	-0.1121954	0.5629016	0.3989342
2	25	1.228035	0.1622498	0.4197414
2	26	-0.1204583	0.5649956	0.4025339
2	28	-0.1121954	0.5629016	0.3989342
2	29	-0.1121954	0.5629016	0.3989342
2	30	-0.1121954	0.5629016	0.3989342
2	31	-0.1121954	0.5629016	0.3989342
2	32	-0.1121954	0.5629016	0.3989342
2	33	-0.1121954	0.5629016	0.3989342
2	34	-0.1121954	0.5629016	0.3989342
2	35	-0.1121954	0.5629016	0.3989342
2	36	-0.1121954	0.5629016	0.3989342
2	37	-0.1121954	0.5629016	0.3989342
2	38	1.228035	0.1622498	0.4197414
2	39	-0.1204583	0.5649956	0.4025339
2	40	-0.1230505	0.5657723	0.4024756
2	41	-0.1121954	0.5629016	0.3989342
2	42	-0.1121954	0.5629016	0.3989342
2	43	-0.1121954	0.5629016	0.3989342
2	44	-0.1121954	0.5629016	0.3989342
2	45	-0.1121954	0.5629016	0.3989342
2	46	-0.1121954	0.5629016	0.3989342
2	47	-0.1121954	0.5629016	0.3989342
2	48	-0.1121954	0.5629016	0.3989342
2	49	-0.1121954	0.5629016	0.3989342
2	50	-0.1121954	0.5629016	0.3989342
2	51	1.228035	0.1622498	0.4197414
2	52	-0.1204583	0.5649956	0.4025339
2	53	-0.1230505	0.5657723	0.4024756
2	54	-0.1121954	0.5629016	0.3989342
2	55	-0.1121954	0.5629016	0.3989342
2	56	-0.1121954	0.5629016	0.3989342
2	57	-0.1121954	0.5629016	0.3989342
2	58	-0.1121954	0.5629016	0.3989342
2	59	-0.1121954	0.5629016	0.3989342
2	60	-0.1121954	0.5629016	0.3989342
2	61	-0.1121954	0.5629016	0.3989342
2	62	-0.1121954	0.5629016	0.3989342
2	63	-0.1121954	0.5629016	0.3989342
2	64	1.228035	0.1622498	0.4197414
2	65	-0.1204583	0.5649956	0.4025339
3	1	1.120904	0.1941041	0.4197782
3	14	1.120904	0.1941041	0.4197782
3	40	1.120904	0.1941041	0.4197782
3	53	1.120904	0.1941041	0.4197782
4	1	1.120904	0.1941041	0.4197782
4	14	1.120904	0.1941041	0.4197782
4	40	1.120904	0.1941041	0.4197782
4	53	1.120904	0.1941041	0.4197782
5	1	1.120904	0.1941041	0.4197782
5	14	1.120904	0.1941041	0.4197782
5	40	1.120904	0.1941041	0.4197782
5	53	1.120904	0.1941041	0.4197782
6	1	1.120904	0.1941041	0.4197782
6	14	1.120904	0.1941041	0.4197782
6	40	1.120904	0.1941041	0.4197782
6	53	1.120904	0.1941041	0.4197782
7	1	1.120904	0.1941041	0.4197782
7	14	1.120904	0.1941041	0.4197782
7	40	1.120904	0.1941041	0.4197782
7	53	1.120904	0.1941041	0.4197782
8	1	1.120904	0.1941041	0.4197782
8	14	1.120904	0.1941041	0.4197782
8	40	1.120904	0.1941041	0.4197782
8	53	1.120904	0.1941041	0.4197782
9	1	1.120904	0.1941041	0.4197782
9	14	1.120904	0.1941041	0.4197782
9	40	1.120904	0.1941041	0.4197782
9	53	1.120904	0.1941041	0.4197782
10	1	1.120904	0.1941041	0.4197782
10	14	1.120904	0.1941041	0.4197782
10	40	1.120904	0.1941041	0.4197782
10	53	1.120904	0.1941041	0.4197782
11	1	1.120904	0.1941041	0.4197782
11	14	1.120904	0.1941041	0.4197782
11	40	1.120904	0.1941041	0.4197782
11	53	1.120904	0.1941041	0.4197782
12	1	1.120904	0.1941041	0.4197782
12	14	1.120904	0.1941041	0.4197782
12	40	1.120904	0.1941041	0.4197782
12	53	1.120904	0.1941041	0.4197782
13	1	1.120904	0.1941041	0.4197782
13	14	1.120904	0.1941041	0.4197782
13	40	1.120904	0.1941041	0.4197782
13	53	1.120904	0.1941041	0.4197782
14	1	1.120904	0.1941041	0.4197782
14	14	1.120904	0.1941041	0.4197782
14	40	1.120904	0.1941041	0.4197782
14	53	1.120904	0.1941041	0.4197782
15	1	1.120904	0.1941041	0.4197782
15	14	1.120904	0.1941041	0.4197782
15	40	1.120904	0.1941041	0.4197782
15	53	1.120904	0.1941041	0.4197782
16	1	1.120904	0.1941041	0.4197782
16	14	1.120904	0.1941041	0.4197782
16	40	1.120904	0.1941041	0.4197782
16	53	1.120904	0.1941041	0.4197782
17	1	1.120904	0.1941041	0.4197782
17	14	1.120904	0.1941041	0.4197782
17	27	1.120904	0.1941041	0.4197782
17	40	1.120904	0.1941041	0.4197782
17	53	1.120904	0.1941041	0.4197782
18	1	1.120904	0.1941041	0.4197782
18	14	1.120904	0.1941041	0.4197782
18	27	1.120904	0.1941041	0.4197782
18	40	1.120904	0.1941041	0.4197782
18	53	1.120904	0.1941041	0.4197782
19	1	1.120904	0.1941041	0.4197782
19	14	1.120904	0.1941041	0.4197782
19	27	1.120904	0.1941041	0.4197782
19	40	1.120904	0.1941041	0.4197782
19	53	1.120904	0.1941041	0.4197782
20	1	1.120904	0.1941041	0.4197782
20	14	1.120904	0.1941041	0.4197782
20	27	1.120904	0.1941041	0.4197782
20	40	1.120904	0.1941041	0.4197782
20	53	1.120904	0.1941041	0.4197782
21	1	1.120904	0.1941041	0.4197782
21	14	1.120904	0.1941041	0.4197782
21	27	1.120904	0.1941041	0.4197782
21	40	1.120904	0.1941041	0.4197782
21	53	1.120904	0.1941041	0.4197782
22	1	1.120904	0.1941041	0.4197782
22	14	1.120904	0.1941041	0.4197782
22	27	1.120904	0.1941041	0.4197782
22	40	1.120904	0.1941041	0.4197782
22	53	1.120904	0.1941041	0.4197782
23	1	1.120904	0.1941041	0.4197782
23	14	1.120904	0.1941041	0.4197782
23	27	1.120904	0.1941041	0.4197782
23	40	1.120904	0.1941041	0.4197782
23	53	1.120904	0.1941041	0.4197782
24	1	1.391443	0.1109272	0.4467822
24	2	-0.1903516	0.5676693	0.5820037
24	3	-0.1903516	0.5676693	0.5820037
24	4	-0.1903516	0.5676693	0.5820037
24	5	-0.1903516	0.5676693	0.5820037
24	6	-0.1903516	0.5676693	0.5820037
24	7	-0.1903516	0.5676693	0.5820037
24	8	-0.1903516	0.5676693	0.5820037
24	9	-0.1903516	0.5676693	0.5820037
24	10	-0.1903516	0.5676693	0.5820037
24	11	-0.1903516	0.5676693	0.5820037
24	12	0.5777207	0.3965622	0.01419613
24	13	-0.2563940	0.5549654	0.9025114
24	14	1.391443	0.1109272	0.4467822
24	15	-0.1903516	0.5676693	0.5820037
24	16	-0.1903516	0.5676693	0.5820037
24	17	-0.1903516	0.5676693	0.5820037
24	18	-0.1903516	0.5676693	0.5820037
24	19	-0.1903516	0.5676693	0.5820037
24	20	-0.1903516	0.5676693	0.5820037
24	21	-0.1903516	0.5676693	0.5820037
24	22	-0.1903516	0.5676693	0.5820037
24	23	-0.1903516	0.5676693	0.5820037
24	24	-0.1903516	0.5676693	0.5820037
24	25	0.5777207	0.3965622	0.01419613
24	26	-0.2588732	0.5554312	0.9052016
24	27	1.391443	0.1109272	0.4467822
24	28	-0.1903516	0.5676693	0.5820037
24	29	-0.1903516	0.5676693	0.5820037
24	30	-0.1903516	0.5676693	0.5820037
24	31	-0.1903516	0.5676693	0.5820037
24	32	-0.1903516	0.5676693	0.5820037
24	33	-0.1903516	0.5676693	0.5820037
24	34	-0.1903516	0.5676693	0.5820037
24	35	-0.1903516	0.5676693	0.5820037
24	36	-0.1903516	0.5676693	0.5820037
24	37	-0.1903516	0.5676693	0.5820037
24	38	0.5777207	0.3965622	0.01419613
24	39	-0.2563940	0.5549654	0.9025114
24	40	1.391443	0.1109272	0.4467822
24	41	-0.1903516	0.5676693	0.5820037
24	42	-0.1903516	0.5676693	0.5820037
24	43	-0.1903516	0.5676693	0.5820037
24	44	-0.1903516	0.5676693	0.5820037
24	45	-0.1903516	0.5676693	0.5820037
24	46	-0.1903516	0.5676693	0.5820037
24	47	-0.1903516	0.5676693	0.5820037
24	48	-0.1903516	0.5676693	0.5820037
24	49	-0.1903516	0.5676693	0.5820037
24	50	-0.1903516	0.5676693	0.5820037
24	51	0.5777207	0.3965622	0.01419613
24	52	-0.2489402	0.5536094	0.8939835
24	53	1.391443	0.1109272	0.4467822
24	54	-0.1903516	0.5676693	0.5820037
24	55	-0.1903516	0.5676693	0.5820037
24	56	-0.1903516	0.5676693	0.5820037
24	57	-0.1903516	0.5676693	0.5820037
24	58	-0.1903516	0.5676693	0.5820037
24	59	-0.1903516	0.5676693	0.5820037
24	60	-0.1903516	0.5676693	0.5820037
24	61	-0.1903516	0.5676693	0.5820037
24	62	-0.1903516	0.5676693	0.5820037
24	63	-0.1903516	0.5676693	0.5820037
24	64	0.5777207	0.3965622	0.01419613
24	65	-0.2588732	0.5554312	0.9052016
25	1	1.270852	0.1492532	0.4223532
25	2	-0.1821655	0.5838638	0.3974009
25	14	1.270852	0.1492532	0.4223532
25	15	-0.1821655	0.5838638	0.3974009
25	27	1.270852	0.1492532	0.4223532
25	28	-0.1821655	0.5838638	0.3974009
25	40	1.270852	0.1492532	0.4223532
25	41	-0.1821655	0.5838638	0.3974009
25	53	1.270852	0.1492532	0.4223532
25	54	-0.1821655	0.5838638	0.3974009
26	1	1.270852	0.1492532	0.4223532
26	2	-0.1821655	0.5838638	0.3974009
26	14	1.270852	0.1492532	0.4223532
26	15	-0.1821655	0.5838638	0.3974009
26	27	1.270852	0.1492532	0.4223532
26	28	-0.1821655	0.5838638	0.3974009
26	40	1.270852	0.1492532	0.4223532
26	41	-0.1821655	0.5838638	0.3974009
26	53	1.270852	0.1492532	0.4223532
26	54	-0.1821655	0.5838638	0.3974009
27	1	1.270852	0.1492532	0.4223532
27	2	-0.1821655	0.5838638	0.3974009
27	14	1.270852	0.1492532	0.4223532
27	15	-0.1821655	0.5838638	0.3974009
27	27	1.270852	0.1492532	0.4223532
27	28	-0.1821655	0.5838638	0.3974009
27	40	1.270852	0.1492532	0.4223532
27	41	-0.1821655	0.5838638	0.3974009
27	53	1.270852	0.1492532	0.4223532
27	54	-0.1821655	0.5838638	0.3974009
28	1	1.270860	0.1492529	0.4223351
28	2	-0.1843527	0.584044	0.4020606
28	14	1.270860	0.1492529	0.4223351
28	15	-0.1788957	0.5835864	0.3905142
28	27	1.270860	0.1492529	0.4223351
28	28	-0.1843527	0.584044	0.4020606
28	40	1.270860	0.1492529	0.4223351
28	41	-0.1843527	0.584044	0.4020606
28	53	1.270860	0.1492529	0.4223351
28	54	-0.1788957	0.5835864	0.3905142
29	1	1.270860	0.1492529	0.4223351
29	2	-0.1843527	0.584044	0.4020606
29	14	1.270860	0.1492529	0.4223351
29	15	-0.1788957	0.5835864	0.3905142
29	27	1.270860	0.1492529	0.4223351
29	28	-0.1843527	0.584044	0.4020606
29	40	1.270860	0.1492529	0.4223351
29	41	-0.1843527	0.584044	0.4020606
29	53	1.270860	0.1492529	0.4223351
29	54	-0.1788957	0.5835864	0.3905142
30	1	1.270860	0.1492529	0.4223351
30	2	-0.1843527	0.584044	0.4020606
30	14	1.270860	0.1492529	0.4223351
30	15	-0.1788957	0.5835864	0.3905142
30	27	1.270860	0.1492529	0.4223351
30	28	-0.1843527	0.584044	0.4020606
30	40	1.270860	0.1492529	0.4223351
30	41	-0.1843527	0.584044	0.4020606
30	53	1.270860	0.1492529	0.4223351
30	54	-0.1788957	0.5835864	0.3905142
31	1	1.270860	0.1492529	0.4223351
31	2	-0.1843527	0.584044	0.4020606
31	14	1.270860	0.1492529	0.4223351
31	15	-0.1788957	0.5835864	0.3905142
31	27	1.270860	0.1492529	0.4223351
31	28	-0.1843527	0.584044	0.4020606
31	40	1.270860	0.1492529	0.4223351
31	41	-0.1843527	0.584044	0.4020606
31	53	1.270860	0.1492529	0.4223351
31	54	-0.1788957	0.5835864	0.3905142
32	1	1.270860	0.1492529	0.4223351
32	2	-0.1843527	0.584044	0.4020606
32	14	1.270860	0.1492529	0.4223351
32	15	-0.1788957	0.5835864	0.3905142
32	27	1.270860	0.1492529	0.4223351
32	28	-0.1843527	0.584044	0.4020606
32	40	1.270860	0.1492529	0.4223351
32	41	-0.1843527	0.584044	0.4020606
32	53	1.270860	0.1492529	0.4223351
32	54	-0.1788957	0.5835864	0.3905142
33	1	1.270860	0.1492529	0.4223351
33	2	-0.1843527	0.584044	0.4020606
33	14	1.270860	0.1492529	0.4223351
33	15	-0.1788957	0.5835864	0.3905142
33	27	1.270860	0.1492529	0.4223351
33	28	-0.1843527	0.584044	0.4020606
33	40	1.270860	0.1492529	0.4223351
33	41	-0.1843527	0.584044	0.4020606
33	53	1.270860	0.1492529	0.4223351
33	54	-0.1788957	0.5835864	0.3905142
34	1	1.270860	0.1492529	0.4223351
34	2	-0.1843527	0.584044	0.4020606
34	14	1.270860	0.1492529	0.4223351
34	15	-0.1788957	0.5835864	0.3905142
34	27	1.270860	0.1492529	0.4223351
34	28	-0.1843527	0.584044	0.4020606
34	40	1.270860	0.1492529	0.4223351
34	41	-0.1843527	0.584044	0.4020606
34	53	1.270860	0.1492529	0.4223351
34	54	-0.1788957	0.5835864	0.3905142
35	1	1.270860	0.1492529	0.4223351
35	2	-0.1843527	0.584044	0.4020606
35	14	1.270860	0.1492529	0.4223351
35	15	-0.1788957	0.5835864	0.3905142
35	27	1.270860	0.1492529	0.4223351
35	28	-0.1843527	0.584044	0.4020606
35	40	1.270860	0.1492529	0.4223351
35	41	-0.1843527	0.584044	0.4020606
35	53	1.270860	0.1492529	0.4223351
35	54	-0.1788957	0.5835864	0.3905142
36	1	1.399056	0.1114649	0.4190212
36	2	0.5754729	0.3975607	0.01092604
36	3	-0.01875919	0.5521489	0.2301459
36	4	-0.01875919	0.5521489	0.2301459
36	5	-0.01875919	0.5521489	0.2301459
36	6	-0.01875919	0.5521489	0.2301459
36	7	-0.01875919	0.5521489	0.2301459
36	8	-0.01875919	0.5521489	0.2301459
36	9	-0.1534185	0.4822868	1.319269
36	10	-0.01875919	0.5521489	0.2301459
36	11	-0.01875919	0.5521489	0.2301459
36	12	-0.01875919	0.5521489	0.2301459
36	13	-0.1120442	0.4601839	1.416374
36	14	1.399056	0.1114649	0.4190212
36	15	0.5754726	0.3975607	0.01092645
36	16	-0.01875919	0.5521489	0.2301459
36	17	-0.01875919	0.5521489	0.2301459
36	18	-0.01875919	0.5521489	0.2301459
36	19	-0.01875919	0.5521489	0.2301459
36	20	-0.01875919	0.5521489	0.2301459
36	21	-0.01875919	0.5521489	0.2301459
36	22	-0.1534185	0.4822868	1.319269
36	23	-0.01875919	0.5521489	0.2301459
36	24	-0.01875919	0.5521489	0.2301459
36	25	-0.01875919	0.5521489	0.2301459
36	26	-0.1206095	0.4624479	1.419180
36	27	1.399056	0.1114649	0.4190212
36	28	0.5754729	0.3975607	0.01092604
36	29	-0.01875919	0.5521489	0.2301459
36	30	-0.01875919	0.5521489	0.2301459
36	31	-0.01875919	0.5521489	0.2301459
36	32	-0.01875919	0.5521489	0.2301459
36	33	-0.01875919	0.5521489	0.2301459
36	34	-0.01875919	0.5521489	0.2301459
36	35	-0.1534185	0.4822868	1.319269
36	36	-0.01875919	0.5521489	0.2301459
36	37	-0.01875919	0.5521489	0.2301459
36	38	-0.01875919	0.5521489	0.2301459
36	39	-0.1120442	0.4601839	1.416374
36	40	1.399056	0.1114649	0.4190212
36	41	0.5754729	0.3975607	0.01092604
36	42	-0.01875919	0.5521489	0.2301459
36	43	-0.01875919	0.5521489	0.2301459
36	44	-0.01875919	0.5521489	0.2301459
36	45	-0.01875919	0.5521489	0.2301459
36	46	-0.01875919	0.5521489	0.2301459
36	47	-0.01875919	0.5521489	0.2301459
36	48	-0.1534185	0.4822868	1.319269
36	49	-0.01875919	0.5521489	0.2301459
36	50	-0.01875919	0.5521489	0.2301459
36	51	-0.01875919	0.5521489	0.2301459
36	52	-0.084219	0.4528211	1.407339
36	53	1.399056	0.1114649	0.4190212
36	54	0.5754726	0.3975607	0.01092645
36	55	-0.01875919	0.5521489	0.2301459
36	56	-0.01875919	0.5521489	0.2301459
36	57	-0.01875919	0.5521489	0.2301459
36	58	-0.01875919	0.5521489	0.2301459
36	59	-0.01875919	0.5521489	0.2301459
36	60	-0.01875919	0.5521489	0.2301459
36	61	-0.1534185	0.4822868	1.319269
36	62	-0.01875919	0.5521489	0.2301459
36	63	-0.01875919	0.5521489	0.2301459
36	64	-0.01875919	0.5521489	0.2301459
36	65	-0.1206095	0.4624479	1.419180
37	1	1.399056	0.1114649	0.4190212
37	2	0.5754729	0.3975607	0.01092604
37	3	-0.01875919	0.5521489	0.2301459
37	4	-0.01875919	0.5521489	0.2301459
37	5	-0.01875919	0.5521489	0.2301459
37	6	-0.01875919	0.5521489	0.2301459
37	7	-0.01875919	0.5521489	0.2301459
37	8	-0.01875919	0.5521489	0.2301459
37	9	-0.1534185	0.4822868	1.319269
37	10	-0.01875919	0.5521489	0.2301459
37	11	-0.01875919	0.5521489	0.2301459
37	12	-0.01875919	0.5521489	0.2301459
37	13	-0.1120442	0.4601839	1.416374
37	14	1.399056	0.1114649	0.4190212
37	15	0.5754726	0.3975607	0.01092645
37	16	-0.01875919	0.5521489	0.2301459
37	17	-0.01875919	0.5521489	0.2301459
37	18	-0.01875919	0.5521489	0.2301459
37	19	-0.01875919	0.5521489	0.2301459
37	20	-0.01875919	0.5521489	0.2301459
37	21	-0.01875919	0.5521489	0.2301459
37	22	-0.1534185	0.4822868	1.319269
37	23	-0.01875919	0.5521489	0.2301459
37	24	-0.01875919	0.5521489	0.2301459
37	25	-0.01875919	0.5521489	0.2301459
37	26	-0.1206095	0.4624479	1.419180
37	27	1.399056	0.1114649	0.4190212
37	28	0.5754729	0.3975607	0.01092604
37	29	-0.01875919	0.5521489	0.2301459
37	30	-0.01875919	0.5521489	0.2301459
37	31	-0.01875919	0.5521489	0.2301459
37	32	-0.01875919	0.5521489	0.2301459
37	33	-0.01875919	0.5521489	0.2301459
37	34	-0.01875919	0.5521489	0.2301459
37	35	-0.1534185	0.4822868	1.319269
37	36	-0.01875919	0.5521489	0.2301459
37	37	-0.01875919	0.5521489	0.2301459
37	38	-0.01875919	0.5521489	0.2301459
37	39	-0.1120442	0.4601839	1.416374
37	40	1.399056	0.1114649	0.4190212
37	41	0.5754729	0.3975607	0.01092604
37	42	-0.01875919	0.5521489	0.2301459
37	43	-0.01875919	0.5521489	0.2301459
37	44	-0.01875919	0.5521489	0.2301459
37	45	-0.01875919	0.5521489	0.2301459
37	46	-0.01875919	0.5521489	0.2301459
37	47	-0.01875919	0.5521489	0.2301459
37	48	-0.1534185	0.4822868	1.319269
37	49	-0.01875919	0.5521489	0.2301459
37	50	-0.01875919	0.5521489	0.2301459
37	51	-0.01875919	0.5521489	0.2301459
37	52	-0.084219	0.4528211	1.407339
37	53	1.399056	0.1114649	0.4190212
37	54	0.5754726	0.3975607	0.01092645
37	55	-0.01875919	0.5521489	0.2301459
37	56	-0.01875919	0.5521489	0.2301459
37	57	-0.01875919	0.5521489	0.2301459
37	58	-0.01875919	0.5521489	0.2301459
37	59	-0.01875919	0.5521489	0.2301459
37	60	-0.01875919	0.5521489	0.2301459
37	61	-0.1534185	0.4822868	1.319269
37	62	-0.01875919	0.5521489	0.2301459
37	63	-0.01875919	0.5521489	0.2301459
37	64	-0.01875919	0.5521489	0.2301459
37	65	-0.1206095	0.4624479	1.419180
38	1	1.399056	0.1114649	0.4190212
38	2	0.5754729	0.3975607	0.01092604
38	3	-0.01875919	0.5521489	0.2301459
38	4	-0.01875919	0.5521489	0.2301459
38	5	-0.01875919	0.5521489	0.2301459
38	6	-0.01875919	0.5521489	0.2301459
38	7	-0.01875919	0.5521489	0.2301459
38	8	-0.01875919	0.5521489	0.2301459
38	9	-0.1534185	0.4822868	1.319269
38	10	-0.01875919	0.5521489	0.2301459
38	11	-0.01875919	0.5521489	0.2301459
38	12	-0.01875919	0.5521489	0.2301459
38	13	-0.1120442	0.4601839	1.416374
38	14	1.399056	0.1114649	0.4190212
38	15	0.5754726	0.3975607	0.01092645
38	16	-0.01875919	0.5521489	0.2301459
38	17	-0.01875919	0.5521489	0.2301459
38	18	-0.01875919	0.5521489	0.2301459
38	19	-0.01875919	0.5521489	0.2301459
38	20	-0.01875919	0.5521489	0.2301459
38	21	-0.01875919	0.5521489	0.2301459
38	22	-0.1534185	0.4822868	1.319269
38	23	-0.01875919	0.5521489	0.2301459
38	24	-0.01875919	0.5521489	0.2301459
38	25	-0.01875919	0.5521489	0.2301459
38	26	-0.1206095	0.4624479	1.419180
38	27	1.399056	0.1114649	0.4190212
38	28	0.5754729	0.3975607	0.01092604
38	29	-0.01875919	0.5521489	0.2301459
38	30	-0.01875919	0.5521489	0.2301459
38	31	-0.01875919	0.5521489	0.2301459
38	32	-0.01875919	0.5521489	0.2301459
38	33	-0.01875919	0.5521489	0.2301459
38	34	-0.01875919	0.5521489	0.2301459
38	35	-0.1534185	0.4822868	1.319269
38	36	-0.01875919	0.5521489	0.2301459
38	37	-0.01875919	0.5521489	0.2301459
38	38	-0.01875919	0.5521489	0.2301459
38	39	-0.1120442	0.4601839	1.416374
38	40	1.399056	0.1114649	0.4190212
38	41	0.5754729	0.3975607	0.01092604
38	42	-0.01875919	0.5521489	0.2301459
38	43	-0.01875919	0.5521489	0.2301459
38	44	-0.01875919	0.5521489	0.2301459
38	45	-0.01875919	0.5521489	0.2301459
38	46	-0.01875919	0.5521489	0.2301459
38	47	-0.01875919	0.5521489	0.2301459
38	48	-0.1534185	0.4822868	1.319269
38	49	-0.01875919	0.5521489	0.2301459
38	50	-0.01875919	0.5521489	0.2301459
38	51	-0.01875919	0.5521489	0.2301459
38	52	-0.084219	0.4528211	1.407339
38	53	1.399056	0.1114649	0.4190212
38	54	0.5754726	0.3975607	0.01092645
38	55	-0.01875919	0.5521489	0.2301459
38	56	-0.01875919	0.5521489	0.2301459
38	57	-0.01875919	0.5521489	0.2301459
38	58	-0.01875919	0.5521489	0.2301459
38	59	-0.01875919	0.5521489	0.2301459
38	60	-0.01875919	0.5521489	0.2301459
38	61	-0.1534185	0.4822868	1.319269
38	62	-0.01875919	0.5521489	0.2301459
38	63	-0.01875919	0.5521489	0.2301459
38	64	-0.01875919	0.5521489	0.2301459
38	65	-0.1206095	0.4624479	1.419180
39	1	1.400772	0.1113080	0.4155187
39	2	0.5671124	0.400011	0.01128145
39	3	-0.01674364	0.551791	0.2277529
39	4	-0.01674364	0.551791	0.2277529
39	5	-0.01674364	0.551791	0.2277529
39	6	-0.01674364	0.551791	0.2277529
39	7	-0.01674364	0.551791	0.2277529
39	8	-0.01674364	0.551791	0.2277529
39	9	-0.1510598	0.4815145	1.319971
39	10	-0.01674364	0.551791	0.2277529
39	11	-0.01674364	0.551791	0.2277529
39	12	-0.01674364	0.551791	0.2277529
39	13	-0.1089023	0.4592616	1.416254
39	14	1.400772	0.1113080	0.4155187
39	15	0.5604874	0.4019335	0.01175324
39	16	-0.01674364	0.551791	0.2277529
39	17	-0.01674364	0.551791	0.2277529
39	18	-0.01674364	0.551791	0.2277529
39	19	-0.01674364	0.551791	0.2277529
39	20	-0.01674364	0.551791	0.2277529
39	21	-0.01674364	0.551791	0.2277529
39	22	-0.1510598	0.4815145	1.319971
39	23	-0.01674364	0.551791	0.2277529
39	24	-0.01674364	0.551791	0.2277529
39	25	-0.01674364	0.551791	0.2277529
39	26	-0.1175354	0.4615383	1.419134
39	27	1.400772	0.1113080	0.4155187
39	28	0.5671124	0.400011	0.01128145
39	29	-0.01674364	0.551791	0.2277529
39	30	-0.01674364	0.551791	0.2277529
39	31	-0.01674364	0.551791	0.2277529
39	32	-0.01674364	0.551791	0.2277529
39	33	-0.01674364	0.551791	0.2277529
39	34	-0.01674364	0.551791	0.2277529
39	35	-0.1510598	0.4815145	1.319971
39	36	-0.01674364	0.551791	0.2277529
39	37	-0.01674364	0.551791	0.2277529
39	38	-0.01674364	0.551791	0.2277529
39	39	-0.1089023	0.4592616	1.416254
39	40	1.400772	0.1113080	0.4155187
39	41	0.5671124	0.400011	0.01128145
39	42	-0.01674364	0.551791	0.2277529
39	43	-0.01674364	0.551791	0.2277529
39	44	-0.01674364	0.551791	0.2277529
39	45	-0.01674364	0.551791	0.2277529
39	46	-0.01674364	0.551791	0.2277529
39	47	-0.01674364	0.551791	0.2277529
39	48	-0.1510598	0.4815145	1.319971
39	49	-0.01674364	0.551791	0.2277529
39	50	-0.01674364	0.551791	0.2277529
39	51	-0.01674364	0.551791	0.2277529
39	52	-0.08085555	0.4518555	1.406996
39	53	1.400772	0.1113080	0.4155187
39	54	0.5604874	0.4019335	0.01175324
39	55	-0.01674364	0.551791	0.2277529
39	56	-0.01674364	0.551791	0.2277529
39	57	-0.01674364	0.551791	0.2277529
39	58	-0.01674364	0.551791	0.2277529
39	59	-0.01674364	0.551791	0.2277529
39	60	-0.01674364	0.551791	0.2277529
39	61	-0.1510598	0.4815145	1.319971
39	62	-0.01674364	0.551791	0.2277529
39	63	-0.01674364	0.551791	0.2277529
39	64	-0.01674364	0.551791	0.2277529
39	65	-0.1175354	0.4615383	1.419134
40	1	1.400772	0.1113080	0.4155187
40	2	0.5671124	0.400011	0.01128145
40	3	-0.01674364	0.551791	0.2277529
40	4	-0.01674364	0.551791	0.2277529
40	5	-0.01674364	0.551791	0.2277529
40	6	-0.01674364	0.551791	0.2277529
40	7	-0.01674364	0.551791	0.2277529
40	8	-0.01674364	0.551791	0.2277529
40	9	-0.1510598	0.4815145	1.319971
40	10	-0.01674364	0.551791	0.2277529
40	11	-0.01674364	0.551791	0.2277529
40	12	-0.01674364	0.551791	0.2277529
40	13	-0.1089023	0.4592616	1.416254
40	14	1.400772	0.1113080	0.4155187
40	15	0.5604874	0.4019335	0.01175324
40	16	-0.01674364	0.551791	0.2277529
40	17	-0.01674364	0.551791	0.2277529
40	18	-0.01674364	0.551791	0.2277529
40	19	-0.01674364	0.551791	0.2277529
40	20	-0.01674364	0.551791	0.2277529
40	21	-0.01674364	0.551791	0.2277529
40	22	-0.1510598	0.4815145	1.319971
40	23	-0.01674364	0.551791	0.2277529
40	24	-0.01674364	0.551791	0.2277529
40	25	-0.01674364	0.551791	0.2277529
40	26	-0.1175354	0.4615383	1.419134
40	27	1.400772	0.1113080	0.4155187
40	28	0.5671124	0.400011	0.01128145
40	29	-0.01674364	0.551791	0.2277529
40	30	-0.01674364	0.551791	0.2277529
40	31	-0.01674364	0.551791	0.2277529
40	32	-0.01674364	0.551791	0.2277529
40	33	-0.01674364	0.551791	0.2277529
40	34	-0.01674364	0.551791	0.2277529
40	35	-0.1510598	0.4815145	1.319971
40	36	-0.01674364	0.551791	0.2277529
40	37	-0.01674364	0.551791	0.2277529
40	38	-0.01674364	0.551791	0.2277529
40	39	-0.1089023	0.4592616	1.416254
40	40	1.400772	0.1113080	0.4155187
40	41	0.5671124	0.400011	0.01128145
40	42	-0.01674364	0.551791	0.2277529
40	43	-0.01674364	0.551791	0.2277529
40	44	-0.01674364	0.551791	0.2277529
40	45	-0.01674364	0.551791	0.2277529
40	46	-0.01674364	0.551791	0.2277529
40	47	-0.01674364	0.551791	0.2277529
40	48	-0.1510598	0.4815145	1.319971
40	49	-0.01674364	0.551791	0.2277529
40	50	-0.01674364	0.551791	0.2277529
40	51	-0.01674364	0.551791	0.2277529
40	52	-0.08085555	0.4518555	1.406996
40	53	1.400772	0.1113080	0.4155187
40	54	0.5604874	0.4019335	0.01175324
40	55	-0.01674364	0.551791	0.2277529
40	56	-0.01674364	0.551791	0.2277529
40	57	-0.01674364	0.551791	0.2277529
40	58	-0.01674364	0.551791	0.2277529
40	59	-0.01674364	0.551791	0.2277529
40	60	-0.01674364	0.551791	0.2277529
40	61	-0.1510598	0.4815145	1.319971
40	62	-0.01674364	0.551791	0.2277529
40	63	-0.01674364	0.551791	0.2277529
40	64	-0.01674364	0.551791	0.2277529
40	65	-0.1175354	0.4615383	1.419134
41	1	1.400772	0.1113080	0.4155187
41	2	0.5671124	0.400011	0.01128145
41	3	-0.01674364	0.551791	0.2277529
41	4	-0.01674364	0.551791	0.2277529
41	5	-0.01674364	0.551791	0.2277529
41	6	-0.01674364	0.551791	0.2277529
41	7	-0.01674364	0.551791	0.2277529
41	8	-0.01674364	0.551791	0.2277529
41	9	-0.1510598	0.4815145	1.319971
41	10	-0.01674364	0.551791	0.2277529
41	11	-0.01674364	0.551791	0.2277529
41	12	-0.01674364	0.551791	0.2277529
41	13	-0.1089023	0.4592616	1.416254
41	14	1.400772	0.1113080	0.4155187
41	15	0.5604874	0.4019335	0.01175324
41	16	-0.01674364	0.551791	0.2277529
41	17	-0.01674364	0.551791	0.2277529
41	18	-0.01674364	0.551791	0.2277529
41	19	-0.01674364	0.551791	0.2277529
41	20	-0.01674364	0.551791	0.2277529
41	21	-0.01674364	0.551791	0.2277529
41	22	-0.1510598	0.4815145	1.319971
41	23	-0.01674364	0.551791	0.2277529
41	24	-0.01674364	0.551791	0.2277529
41	25	-0.01674364	0.551791	0.2277529
41	26	-0.1175354	0.4615383	1.419134
41	27	1.400772	0.1113080	0.4155187
41	28	0.5671124	0.400011	0.01128145
41	29	-0.01674364	0.551791	0.2277529
41	30	-0.01674364	0.551791	0.2277529
41	31	-0.01674364	0.551791	0.2277529
41	32	-0.01674364	0.551791	0.2277529
41	33	-0.01674364	0.551791	0.2277529
41	34	-0.01674364	0.551791	0.2277529
41	35	-0.1510598	0.4815145	1.319971
41	36	-0.01674364	0.551791	0.2277529
41	37	-0.01674364	0.551791	0.2277529
41	38	-0.01674364	0.551791	0.2277529
41	39	-0.1089023	0.4592616	1.416254
41	40	1.400772	0.1113080	0.4155187
41	41	0.5671124	0.400011	0.01128145
41	42	-0.01674364	0.551791	0.2277529
41	43	-0.01674364	0.551791	0.2277529
41	44	-0.01674364	0.551791	0.2277529
41	45	-0.01674364	0.551791	0.2277529
41	46	-0.01674364	0.551791	0.2277529
41	47	-0.01674364	0.551791	0.2277529
41	48	-0.1510598	0.4815145	1.319971
41	49	-0.01674364	0.551791	0.2277529
41	50	-0.01674364	0.551791	0.2277529
41	51	-0.01674364	0.551791	0.2277529
41	52	-0.08085555	0.4518555	1.406996
41	53	1.400772	0.1113080	0.4155187
41	54	0.5604874	0.4019335	0.01175324
41	55	-0.01674364	0.551791	0.2277529
41	56	-0.01674364	0.551791	0.2277529
41	57	-0.01674364	0.551791	0.2277529
41	58	-0.01674364	0.551791	0.2277529
41	59	-0.01674364	0.551791	0.2277529
41	60	-0.01674364	0.551791	0.2277529
41	61	-0.1510598	0.4815145	1.319971
41	62	-0.01674364	0.551791	0.2277529
41	63	-0.01674364	0.551791	0.2277529
41	64	-0.01674364	0.551791	0.2277529
41	65	-0.1175354	0.4615383	1.419134
42	1	1.400772	0.1113080	0.4155187
42	2	0.5671124	0.400011	0.01128145
42	3	-0.01674364	0.551791	0.2277529
42	4	-0.01674364	0.551791	0.2277529
42	5	-0.01674364	0.551791	0.2277529
42	6	-0.01674364	0.551791	0.2277529
42	7	-0.01674364	0.551791	0.2277529
42	8	-0.01674364	0.551791	0.2277529
42	9	-0.1510598	0.4815145	1.319971
42	10	-0.01674364	0.551791	0.2277529
42	11	-0.01674364	0.551791	0.2277529
42	12	-0.01674364	0.551791	0.2277529
42	13	-0.1089023	0.4592616	1.416254
42	14	1.400772	0.1113080	0.4155187
42	15	0.5604874	0.4019335	0.01175324
42	16	-0.01674364	0.551791	0.2277529
42	17	-0.01674364	0.551791	0.2277529
42	18	-0.01674364	0.551791	0.2277529
42	19	-0.01674364	0.551791	0.2277529
42	20	-0.01674364	0.551791	0.2277529
42	21	-0.01674364	0.551791	0.2277529
42	22	-0.1510598	0.4815145	1.319971
42	23	-0.01674364	0.551791	0.2277529
42	24	-0.01674364	0.551791	0.2277529
42	25	-0.01674364	0.551791	0.2277529
42	26	-0.1175354	0.4615383	1.419134
42	27	1.400772	0.1113080	0.4155187
42	28	0.5671124	0.400011	0.01128145
42	29	-0.01674364	0.551791	0.2277529
42	30	-0.01674364	0.551791	0.2277529
42	31	-0.01674364	0.551791	0.2277529
42	32	-0.01674364	0.551791	0.2277529
42	33	-0.01674364	0.551791	0.2277529
42	34	-0.01674364	0.551791	0.2277529
42	35	-0.1510598	0.4815145	1.319971
42	36	-0.01674364	0.551791	0.2277529
42	37	-0.01674364	0.551791	0.2277529
42	38	-0.01674364	0.551791	0.2277529
42	39	-0.1089023	0.4592616	1.416254
42	40	1.400772	0.1113080	0.4155187
42	41	0.5671124	0.400011	0.01128145
42	42	-0.01674364	0.551791	0.2277529
42	43	-0.01674364	0.551791	0.2277529
42	44	-0.01674364	0.551791	0.2277529
42	45	-0.01674364	0.551791	0.2277529
42	46	-0.01674364	0.551791	0.2277529
42	47	-0.01674364	0.551791	0.2277529
42	48	-0.1510598	0.4815145	1.319971
42	49	-0.01674364	0.551791	0.2277529
42	50	-0.01674364	0.551791	0.2277529
42	51	-0.01674364	0.551791	0.2277529
42	52	-0.08085555	0.4518555	1.406996
42	53	1.400772	0.1113080	0.4155187
42	54	0.5604874	0.4019335	0.01175324
42	55	-0.01674364	0.551791	0.2277529
42	56	-0.01674364	0.551791	0.2277529
42	57	-0.01674364	0.551791	0.2277529
42	58	-0.01674364	0.551791	0.2277529
42	59	-0.01674364	0.551791	0.2277529
42	60	-0.01674364	0.551791	0.2277529
42	61	-0.1510598	0.4815145	1.319971
42	62	-0.01674364	0.551791	0.2277529
42	63	-0.01674364	0.551791	0.2277529
42	64	-0.01674364	0.551791	0.2277529
42	65	-0.1175354	0.4615383	1.419134
43	1	1.400772	0.1113080	0.4155187
43	2	0.5671124	0.400011	0.01128145
43	3	-0.01674364	0.551791	0.2277529
43	4	-0.01674364	0.551791	0.2277529
43	5	-0.01674364	0.551791	0.2277529
43	6	-0.01674364	0.551791	0.2277529
43	7	-0.01674364	0.551791	0.2277529
43	8	-0.01674364	0.551791	0.2277529
43	9	-0.1510598	0.4815145	1.319971
43	10	-0.01674364	0.551791	0.2277529
43	11	-0.01674364	0.551791	0.2277529
43	12	-0.01674364	0.551791	0.2277529
43	13	-0.1089023	0.4592616	1.416254
43	14	1.400772	0.1113080	0.4155187
43	15	0.5604874	0.4019335	0.01175324
43	16	-0.01674364	0.551791	0.2277529
43	17	-0.01674364	0.551791	0.2277529
43	18	-0.01674364	0.551791	0.2277529
43	19	-0.01674364	0.551791	0.2277529
43	20	-0.01674364	0.551791	0.2277529
43	21	-0.01674364	0.551791	0.2277529
43	22	-0.1510598	0.4815145	1.319971
43	23	-0.01674364	0.551791	0.2277529
43	24	-0.01674364	0.551791	0.2277529
43	25	-0.01674364	0.551791	0.2277529
43	26	-0.1175354	0.4615383	1.419134
43	27	1.400772	0.1113080	0.4155187
43	28	0.5671124	0.400011	0.01128145
43	29	-0.01674364	0.551791	0.2277529
43	30	-0.01674364	0.551791	0.2277529
43	31	-0.01674364	0.551791	0.2277529
43	32	-0.01674364	0.551791	0.2277529
43	33	-0.01674364	0.551791	0.2277529
43	34	-0.01674364	0.551791	0.2277529
43	35	-0.1510598	0.4815145	1.319971
43	36	-0.01674364	0.551791	0.2277529
43	37	-0.01674364	0.551791	0.2277529
43	38	-0.01674364	0.551791	0.2277529
43	39	-0.1089023	0.4592616	1.416254
43	40	1.400772	0.1113080	0.4155187
43	41	0.5671124	0.400011	0.01128145
43	42	-0.01674364	0.551791	0.2277529
43	43	-0.01674364	0.551791	0.2277529
43	44	-0.01674364	0.551791	0.2277529
43	45	-0.01674364	0.551791	0.2277529
43	46	-0.01674364	0.551791	0.2277529
43	47	-0.01674364	0.551791	0.2277529
43	48	-0.1510598	0.4815145	1.319971
43	49	-0.01674364	0.551791	0.2277529
43	50	-0.01674364	0.551791	0.2277529
43	51	-0.01674364	0.551791	0.2277529
43	52	-0.08085555	0.4518555	1.406996
43	53	1.400772	0.1113080	0.4155187
43	54	0.5604874	0.4019335	0.01175324
43	55	-0.01674364	0.551791	0.2277529
43	56	-0.01674364	0.551791	0.2277529
43	57	-0.01674364	0.551791	0.2277529
43	58	-0.01674364	0.551791	0.2277529
43	59	-0.01674364	0.551791	0.2277529
43	60	-0.01674364	0.551791	0.2277529
43	61	-0.1510598	0.4815145	1.319971
43	62	-0.01674364	0.551791	0.2277529
43	63	-0.01674364	0.551791	0.2277529
43	64	-0.01674364	0.551791	0.2277529
43	65	-0.1175354	0.4615383	1.419134
44	1	1.400772	0.1113080	0.4155187
44	2	0.5671124	0.400011	0.01128145
44	3	-0.01674364	0.551791	0.2277529
44	4	-0.01674364	0.551791	0.2277529
44	5	-0.01674364	0.551791	0.2277529
44	6	-0.01674364	0.551791	0.2277529
44	7	-0.01674364	0.551791	0.2277529
44	8	-0.01674364	0.551791	0.2277529
44	9	-0.1510598	0.4815145	1.319971
44	10	-0.01674364	0.551791	0.2277529
44	11	-0.01674364	0.551791	0.2277529
44	12	-0.01674364	0.551791	0.2277529
44	13	-0.1089023	0.4592616	1.416254
44	14	1.400772	0.1113080	0.4155187
44	15	0.5604874	0.4019335	0.01175324
44	16	-0.01674364	0.551791	0.2277529
44	17	-0.01674364	0.551791	0.2277529
44	18	-0.01674364	0.551791	0.2277529
44	19	-0.01674364	0.551791	0.2277529
44	20	-0.01674364	0.551791	0.2277529
44	21	-0.01674364	0.551791	0.2277529
44	22	-0.1510598	0.4815145	1.319971
44	23	-0.01674364	0.551791	0.2277529
44	24	-0.01674364	0.551791	0.2277529
44	25	-0.01674364	0.551791	0.2277529
44	26	-0.1175354	0.4615383	1.419134
44	27	1.400772	0.1113080	0.4155187
44	28	0.5671124	0.400011	0.01128145
44	29	-0.01674364	0.551791	0.2277529
44	30	-0.01674364	0.551791	0.2277529
44	31	-0.01674364	0.551791	0.2277529
44	32	-0.01674364	0.551791	0.2277529
44	33	-0.01674364	0.551791	0.2277529
44	34	-0.01674364	0.551791	0.2277529
44	35	-0.1510598	0.4815145	1.319971
44	36	-0.01674364	0.551791	0.2277529
44	37	-0.01674364	0.551791	0.2277529
44	38	-0.01674364	0.551791	0.2277529
44	39	-0.1089023	0.4592616	1.416254
44	40	1.400772	0.1113080	0.4155187
44	41	0.5671124	0.400011	0.01128145
44	42	-0.01674364	0.551791	0.2277529
44	43	-0.01674364	0.551791	0.2277529
44	44	-0.01674364	0.551791	0.2277529
44	45	-0.01674364	0.551791	0.2277529
44	46	-0.01674364	0.551791	0.2277529
44	47	-0.01674364	0.551791	0.2277529
44	48	-0.1510598	0.4815145	1.319971
44	49	-0.01674364	0.551791	0.2277529
44	50	-0.01674364	0.551791	0.2277529
44	51	-0.01674364	0.551791	0.2277529
44	52	-0.08085555	0.4518555	1.406996
44	53	1.400772	0.1113080	0.4155187
44	54	0.5604874	0.4019335	0.01175324
44	55	-0.01674364	0.551791	0.2277529
44	56	-0.01674364	0.551791	0.2277529
44	57	-0.01674364	0.551791	0.2277529
44	58	-0.01674364	0.551791	0.2277529
44	59	-0.01674364	0.551791	0.2277529
44	60	-0.01674364	0.551791	0.2277529
44	61	-0.1510598	0.4815145	1.319971
44	62	-0.01674364	0.551791	0.2277529
44	63	-0.01674364	0.551791	0.2277529
44	64	-0.01674364	0.551791	0.2277529
44	65	-0.1175354	0.4615383	1.419134
45	1	1.404792	0.1110923	0.4058114
45	2	0.559323	0.402357	0.01098773
45	3	-0.01095871	0.5507892	0.2206325
45	4	-0.01095871	0.5507892	0.2206325
45	5	-0.01095871	0.5507892	0.2206325
45	6	-0.01095871	0.5507892	0.2206325
45	7	-0.01095871	0.5507892	0.2206325
45	8	-0.01095871	0.5507892	0.2206325
45	9	-0.1484715	0.4807808	1.319614
45	10	-0.01095871	0.5507892	0.2206325
45	11	-0.01095871	0.5507892	0.2206325
45	12	-0.01095871	0.5507892	0.2206325
45	13	-0.09261545	0.4524727	1.435535
45	14	1.404792	0.1110923	0.4058114
45	15	0.5527732	0.4042549	0.01148229
45	16	-0.01095871	0.5507892	0.2206325
45	17	-0.01095871	0.5507892	0.2206325
45	18	-0.01095871	0.5507892	0.2206325
45	19	-0.01095871	0.5507892	0.2206325
45	20	-0.01095871	0.5507892	0.2206325
45	21	-0.01095871	0.5507892	0.2206325
45	22	-0.1484715	0.4807808	1.319614
45	23	-0.01095871	0.5507892	0.2206325
45	24	-0.01095871	0.5507892	0.2206325
45	25	-0.01095871	0.5507892	0.2206325
45	26	-0.1009702	0.4546071	1.439004
45	27	1.404792	0.1110923	0.4058114
45	28	0.559323	0.402357	0.01098773
45	29	-0.01095871	0.5507892	0.2206325
45	30	-0.01095871	0.5507892	0.2206325
45	31	-0.01095871	0.5507892	0.2206325
45	32	-0.01095871	0.5507892	0.2206325
45	33	-0.01095871	0.5507892	0.2206325
45	34	-0.01095871	0.5507892	0.2206325
45	35	-0.1484715	0.4807808	1.319614
45	36	-0.01095871	0.5507892	0.2206325
45	37	-0.01095871	0.5507892	0.2206325
45	38	-0.01095871	0.5507892	0.2206325
45	39	-0.09261545	0.4524727	1.435535
45	40	1.404792	0.1110923	0.4058114
45	41	0.559323	0.402357	0.01098773
45	42	-0.01095871	0.5507892	0.2206325
45	43	-0.01095871	0.5507892	0.2206325
45	44	-0.01095871	0.5507892	0.2206325
45	45	-0.01095871	0.5507892	0.2206325
45	46	-0.01095871	0.5507892	0.2206325
45	47	-0.01095871	0.5507892	0.2206325
45	48	-0.1484715	0.4807808	1.319614
45	49	-0.01095871	0.5507892	0.2206325
45	50	-0.01095871	0.5507892	0.2206325
45	51	-0.01095871	0.5507892	0.2206325
45	52	-0.06573133	0.4455875	1.424540
45	53	1.404792	0.1110923	0.4058114
45	54	0.5527732	0.4042549	0.01148229
45	55	-0.01095871	0.5507892	0.2206325
45	56	-0.01095871	0.5507892	0.2206325
45	57	-0.01095871	0.5507892	0.2206325
45	58	-0.01095871	0.5507892	0.2206325
45	59	-0.01095871	0.5507892	0.2206325
45	60	-0.01095871	0.5507892	0.2206325
45	61	-0.1484715	0.4807808	1.319614
45	62	-0.01095871	0.5507892	0.2206325
45	63	-0.01095871	0.5507892	0.2206325
45	64	-0.01095871	0.5507892	0.2206325
45	65	-0.1009702	0.4546071	1.439004
46	13	0.03899234	0.4329581	1.241086
46	26	0.01157556	0.5450059	0.2115368
46	39	0.03899234	0.4329581	1.241086
46	52	1.162004	0.1937753	0.3019221
46	65	0.01157556	0.5450059	0.2115368
47	13	0.971851	0.2715067	0.09199214
47	26	0.5331793	0.3076716	1.026319
47	39	0.971851	0.2715067	0.09199214
47	52	-0.1131107	0.5631158	0.3995089
47	65	0.5331793	0.3076716	1.026319
48	13	0.971851	0.2715067	0.09199214
48	26	0.5331793	0.3076716	1.026319
48	39	0.971851	0.2715067	0.09199214
48	52	-0.1131107	0.5631158	0.3995089
48	65	0.5331793	0.3076716	1.026319
49	13	0.971851	0.2715067	0.09199214
49	26	0.5331793	0.3076716	1.026319
49	39	0.971851	0.2715067	0.09199214
49	52	-0.1131107	0.5631158	0.3995089
49	65	0.5331793	0.3076716	1.026319
50	13	0.971851	0.2715067	0.09199214
50	26	0.5331793	0.3076716	1.026319
50	39	0.971851	0.2715067	0.09199214
50	52	-0.1131107	0.5631158	0.3995089
50	65	0.5331793	0.3076716	1.026319
51	13	0.971851	0.2715067	0.09199214
51	26	0.5331793	0.3076716	1.026319
51	39	0.971851	0.2715067	0.09199214
51	52	-0.1131107	0.5631158	0.3995089
51	65	0.5331793	0.3076716	1.026319
52	13	-0.1029721	0.564666	0.3542708
52	26	-0.1470622	0.5683103	0.4480841
52	39	-0.1029721	0.564666	0.3542708
52	52	1.251404	0.1552080	0.4206566
52	65	-0.1470622	0.5683103	0.4480841
53	13	1.123427	0.1933493	0.4198215
53	26	-0.1099324	0.5622582	0.3986413
53	39	1.123427	0.1933493	0.4198215
53	65	-0.1099324	0.5622582	0.3986413
54	13	-0.1094955	0.5621275	0.3986492
54	39	-0.1094955	0.5621275	0.3986492
54	65	1.124269	0.1930976	0.4198356
55	13	-0.1094955	0.5621275	0.3986492
55	39	-0.1094955	0.5621275	0.3986492
55	65	1.124269	0.1930976	0.4198356
56	13	-0.1094955	0.5621275	0.3986492
56	39	-0.1094955	0.5621275	0.3986492
56	65	1.124269	0.1930976	0.4198356
57	13	-0.1094955	0.5621275	0.3986492
57	39	-0.1094955	0.5621275	0.3986492
57	65	1.124269	0.1930976	0.4198356
58	13	1.171299	0.1812614	0.3985373
58	26	-0.1690151	0.579842	0.3985025
58	39	1.171299	0.1812614	0.3985373
58	65	1.134788	0.1852438	0.4666646
59	13	1.171299	0.1812614	0.3985373
59	26	-0.1690151	0.579842	0.3985025
59	39	1.171299	0.1812614	0.3985373
59	65	1.134788	0.1852438	0.4666646
60	13	1.171299	0.1812614	0.3985373
60	26	-0.1690151	0.579842	0.3985025
60	39	1.171299	0.1812614	0.3985373
60	65	1.134788	0.1852438	0.4666646
61	26	1.229119	0.1619148	0.4198651
61	39	-0.1200545	0.5687291	0.3643462
61	65	-0.1534936	0.5710442	0.4399446
62	26	1.229119	0.1619148	0.4198651
62	39	-0.1200545	0.5687291	0.3643462
62	65	-0.1534936	0.5710442	0.4399446
63	26	1.229119	0.1619148	0.4198651
63	39	-0.1200545	0.5687291	0.3643462
63	65	-0.1534936	0.5710442	0.4399446
64	26	0.4253486	0.3231705	1.190493
64	39	-0.1571084	0.5762463	0.3990468
64	65	0.958675	0.2792818	0.05377285
82	1	1.356916	0.1530633	0.1309811
82	2	-0.1262151	0.5654231	0.4152618
82	3	-0.1219163	0.567567	0.3813487
82	4	-0.1219163	0.567567	0.3813487
82	5	-0.1219163	0.567567	0.3813487
82	6	-0.1219163	0.567567	0.3813487
82	7	-0.1219163	0.567567	0.3813487
82	8	-0.1219163	0.567567	0.3813487
82	9	-0.1187195	0.5657397	0.3900359
82	10	-0.1219163	0.567567	0.3813487
82	11	-0.1219163	0.567567	0.3813487
82	12	-0.1219163	0.567567	0.3813487
82	13	0.7971451	0.2222634	1.094804
82	14	1.356916	0.1530633	0.1309811
82	15	-0.1253407	0.5654803	0.4121181
82	16	-0.1219163	0.567567	0.3813487
82	17	-0.1219163	0.567567	0.3813487
82	18	-0.1219163	0.567567	0.3813487
82	19	-0.1219163	0.567567	0.3813487
82	20	-0.1219163	0.567567	0.3813487
82	21	-0.1219163	0.567567	0.3813487
82	22	-0.1187195	0.5657397	0.3900359
82	23	-0.1219163	0.567567	0.3813487
82	24	-0.1219163	0.567567	0.3813487
82	25	-0.1219163	0.567567	0.3813487
82	26	0.7928354	0.2228408	1.101783
82	27	1.356916	0.1530633	0.1309811
82	28	-0.1262151	0.5654231	0.4152618
82	29	-0.1219163	0.567567	0.3813487
82	30	-0.1219163	0.567567	0.3813487
82	31	-0.1219163	0.567567	0.3813487
82	32	-0.1219163	0.567567	0.3813487
82	33	-0.1219163	0.567567	0.3813487
82	34	-0.1219163	0.567567	0.3813487
82	35	-0.1187195	0.5657397	0.3900359
82	36	-0.1219163	0.567567	0.3813487
82	37	-0.1219163	0.567567	0.3813487
82	38	-0.1219163	0.567567	0.3813487
82	39	0.7923526	0.2229265	1.102356
82	40	1.356916	0.1530633	0.1309811
82	41	-0.1262151	0.5654231	0.4152618
82	42	-0.1219163	0.567567	0.3813487
82	43	-0.1219163	0.567567	0.3813487
82	44	-0.1219163	0.567567	0.3813487
82	45	-0.1219163	0.567567	0.3813487
82	46	-0.1219163	0.567567	0.3813487
82	47	-0.1219163	0.567567	0.3813487
82	48	-0.1187195	0.5657397	0.3900359
82	49	-0.1219163	0.567567	0.3813487
82	50	-0.1219163	0.567567	0.3813487
82	51	-0.1219163	0.567567	0.3813487
82	52	1.305211	0.1265667	0.5459161
82	53	1.356916	0.1530633	0.1309811
82	54	-0.1253407	0.5654803	0.4121181
82	55	-0.1219163	0.567567	0.3813487
82	56	-0.1219163	0.567567	0.3813487
82	57	-0.1219163	0.567567	0.3813487
82	58	-0.1219163	0.567567	0.3813487
82	59	-0.1219163	0.567567	0.3813487
82	60	-0.1219163	0.567567	0.3813487
82	61	-0.1187195	0.5657397	0.3900359
82	62	-0.1219163	0.567567	0.3813487
82	63	-0.1219163	0.567567	0.3813487
82	64	-0.1219163	0.567567	0.3813487
82	65	0.7923315	0.2229302	1.102381
83	1	1.321565	0.1651455	0.1154256
83	2	-0.1207619	0.5655522	0.3979122
83	3	-0.1298191	0.568551	0.3948857
83	4	-0.1298191	0.568551	0.3948857
83	5	-0.1298191	0.568551	0.3948857
83	6	-0.1298191	0.568551	0.3948857
83	7	-0.1298191	0.568551	0.3948857
83	8	-0.1298191	0.568551	0.3948857
83	9	1.128498	0.1891752	0.446242
83	10	-0.1298191	0.568551	0.3948857
83	11	-0.1298191	0.568551	0.3948857
83	12	-0.1298191	0.568551	0.3948857
83	13	0.8119684	0.2193781	1.079714
83	14	1.321565	0.1651455	0.1154256
83	15	-0.1212181	0.5656963	0.3978289
83	16	-0.1298191	0.568551	0.3948857
83	17	-0.1298191	0.568551	0.3948857
83	18	-0.1298191	0.568551	0.3948857
83	19	-0.1298191	0.568551	0.3948857
83	20	-0.1298191	0.568551	0.3948857
83	21	-0.1298191	0.568551	0.3948857
83	22	1.128498	0.1891752	0.446242
83	23	-0.1298191	0.568551	0.3948857
83	24	-0.1298191	0.568551	0.3948857
83	25	-0.1298191	0.568551	0.3948857
83	26	0.8080848	0.2198642	1.086342
83	27	1.321565	0.1651455	0.1154256
83	28	-0.1207619	0.5655522	0.3979122
83	29	-0.1298191	0.568551	0.3948857
83	30	-0.1298191	0.568551	0.3948857
83	31	-0.1298191	0.568551	0.3948857
83	32	-0.1298191	0.568551	0.3948857
83	33	-0.1298191	0.568551	0.3948857
83	34	-0.1298191	0.568551	0.3948857
83	35	1.128498	0.1891752	0.446242
83	36	-0.1298191	0.568551	0.3948857
83	37	-0.1298191	0.568551	0.3948857
83	38	-0.1298191	0.568551	0.3948857
83	39	0.8076302	0.2199439	1.086892
83	40	1.321565	0.1651455	0.1154256
83	41	-0.1207619	0.5655522	0.3979122
83	42	-0.1298191	0.568551	0.3948857
83	43	-0.1298191	0.568551	0.3948857
83	44	-0.1298191	0.568551	0.3948857
83	45	-0.1298191	0.568551	0.3948857
83	46	-0.1298191	0.568551	0.3948857
83	47	-0.1298191	0.568551	0.3948857
83	48	1.128498	0.1891752	0.446242
83	49	-0.1298191	0.568551	0.3948857
83	50	-0.1298191	0.568551	0.3948857
83	51	-0.1298191	0.568551	0.3948857
83	52	1.302019	0.1293528	0.5277152
83	53	1.321565	0.1651455	0.1154256
83	54	-0.1212181	0.5656963	0.3978289
83	55	-0.1298191	0.568551	0.3948857
83	56	-0.1298191	0.568551	0.3948857
83	57	-0.1298191	0.568551	0.3948857
83	58	-0.1298191	0.568551	0.3948857
83	59	-0.1298191	0.568551	0.3948857
83	60	-0.1298191	0.568551	0.3948857
83	61	1.128498	0.1891752	0.446242
83	62	-0.1298191	0.568551	0.3948857
83	63	-0.1298191	0.568551	0.3948857
83	64	-0.1298191	0.568551	0.3948857
83	65	0.8076104	0.2199473	1.086916
84	1	1.321565	0.1651455	0.1154256
84	2	-0.1207619	0.5655522	0.3979122
84	3	-0.1298191	0.568551	0.3948857
84	4	-0.1298191	0.568551	0.3948857
84	5	-0.1298191	0.568551	0.3948857
84	6	-0.1298191	0.568551	0.3948857
84	7	-0.1298191	0.568551	0.3948857
84	8	-0.1298191	0.568551	0.3948857
84	9	1.128498	0.1891752	0.446242
84	10	-0.1298191	0.568551	0.3948857
84	11	-0.1298191	0.568551	0.3948857
84	12	-0.1298191	0.568551	0.3948857
84	13	0.8119684	0.2193781	1.079714
84	14	1.321565	0.1651455	0.1154256
84	15	-0.1212181	0.5656963	0.3978289
84	16	-0.1298191	0.568551	0.3948857
84	17	-0.1298191	0.568551	0.3948857
84	18	-0.1298191	0.568551	0.3948857
84	19	-0.1298191	0.568551	0.3948857
84	20	-0.1298191	0.568551	0.3948857
84	21	-0.1298191	0.568551	0.3948857
84	22	1.128498	0.1891752	0.446242
84	23	-0.1298191	0.568551	0.3948857
84	24	-0.1298191	0.568551	0.3948857
84	25	-0.1298191	0.568551	0.3948857
84	26	0.8080848	0.2198642	1.086342
84	27	1.321565	0.1651455	0.1154256
84	28	-0.1207619	0.5655522	0.3979122
84	29	-0.1298191	0.568551	0.3948857
84	30	-0.1298191	0.568551	0.3948857
84	31	-0.1298191	0.568551	0.3948857
84	32	-0.1298191	0.568551	0.3948857
84	33	-0.1298191	0.568551	0.3948857
84	34	-0.1298191	0.568551	0.3948857
84	35	1.128498	0.1891752	0.446242
84	36	-0.1298191	0.568551	0.3948857
84	37	-0.1298191	0.568551	0.3948857
84	38	-0.1298191	0.568551	0.3948857
84	39	0.8076302	0.2199439	1.086892
84	40	1.321565	0.1651455	0.1154256
84	41	-0.1207619	0.5655522	0.3979122
84	42	-0.1298191	0.568551	0.3948857
84	43	-0.1298191	0.568551	0.3948857
84	44	-0.1298191	0.568551	0.3948857
84	45	-0.1298191	0.568551	0.3948857
84	46	-0.1298191	0.568551	0.3948857
84	47	-0.1298191	0.568551	0.3948857
84	48	1.128498	0.1891752	0.446242
84	49	-0.1298191	0.568551	0.3948857
84	50	-0.1298191	0.568551	0.3948857
84	51	-0.1298191	0.568551	0.3948857
84	52	1.302019	0.1293528	0.5277152
84	53	1.321565	0.1651455	0.1154256
84	54	-0.1212181	0.5656963	0.3978289
84	55	-0.1298191	0.568551	0.3948857
84	56	-0.1298191	0.568551	0.3948857
84	57	-0.1298191	0.568551	0.3948857
84	58	-0.1298191	0.568551	0.3948857
84	59	-0.1298191	0.568551	0.3948857
84	60	-0.1298191	0.568551	0.3948857
84	61	1.128498	0.1891752	0.446242
84	62	-0.1298191	0.568551	0.3948857
84	63	-0.1298191	0.568551	0.3948857
84	64	-0.1298191	0.568551	0.3948857
84	65	0.8076104	0.2199473	1.086916
85	1	1.315635	0.167291	0.1116381
85	2	-0.1213409	0.565616	0.3989863
85	3	-0.1328312	0.568811	0.4011862
85	4	-0.1328312	0.568811	0.4011862
85	5	-0.1328312	0.568811	0.4011862
85	6	-0.1328312	0.568811	0.4011862
85	7	-0.1328312	0.568811	0.4011862
85	8	-0.1328312	0.568811	0.4011862
85	9	1.150543	0.1873586	0.3992821
85	10	-0.1328312	0.568811	0.4011862
85	11	-0.1328312	0.568811	0.4011862
85	12	-0.1328312	0.568811	0.4011862
85	13	0.8089991	0.2187236	1.094950
85	14	1.315635	0.167291	0.1116381
85	15	-0.121864	0.5657655	0.3990466
85	16	-0.1328312	0.568811	0.4011862
85	17	-0.1328312	0.568811	0.4011862
85	18	-0.1328312	0.568811	0.4011862
85	19	-0.1328312	0.568811	0.4011862
85	20	-0.1328312	0.568811	0.4011862
85	21	-0.1328312	0.568811	0.4011862
85	22	1.150543	0.1873586	0.3992821
85	23	-0.1328312	0.568811	0.4011862
85	24	-0.1328312	0.568811	0.4011862
85	25	-0.1328312	0.568811	0.4011862
85	26	0.8479063	0.2130917	1.036106
85	27	1.315635	0.167291	0.1116381
85	28	-0.1213409	0.565616	0.3989863
85	29	-0.1328312	0.568811	0.4011862
85	30	-0.1328312	0.568811	0.4011862
85	31	-0.1328312	0.568811	0.4011862
85	32	-0.1328312	0.568811	0.4011862
85	33	-0.1328312	0.568811	0.4011862
85	34	-0.1328312	0.568811	0.4011862
85	35	1.150543	0.1873586	0.3992821
85	36	-0.1328312	0.568811	0.4011862
85	37	-0.1328312	0.568811	0.4011862
85	38	-0.1328312	0.568811	0.4011862
85	39	0.8089991	0.2187236	1.094950
85	40	1.315635	0.167291	0.1116381
85	41	-0.1213409	0.565616	0.3989863
85	42	-0.1328312	0.568811	0.4011862
85	43	-0.1328312	0.568811	0.4011862
85	44	-0.1328312	0.568811	0.4011862
85	45	-0.1328312	0.568811	0.4011862
85	46	-0.1328312	0.568811	0.4011862
85	47	-0.1328312	0.568811	0.4011862
85	48	1.150543	0.1873586	0.3992821
85	49	-0.1328312	0.568811	0.4011862
85	50	-0.1328312	0.568811	0.4011862
85	51	-0.1328312	0.568811	0.4011862
85	52	1.310799	0.1282577	0.512692
85	53	1.315635	0.167291	0.1116381
85	54	-0.121864	0.5657655	0.3990466
85	55	-0.1328312	0.568811	0.4011862
85	56	-0.1328312	0.568811	0.4011862
85	57	-0.1328312	0.568811	0.4011862
85	58	-0.1328312	0.568811	0.4011862
85	59	-0.1328312	0.568811	0.4011862
85	60	-0.1328312	0.568811	0.4011862
85	61	1.150543	0.1873586	0.3992821
85	62	-0.1328312	0.568811	0.4011862
85	63	-0.1328312	0.568811	0.4011862
85	64	-0.1328312	0.568811	0.4011862
85	65	0.8086264	0.2187709	1.095580
86	1	1.315635	0.167291	0.1116381
86	2	-0.1213409	0.565616	0.3989863
86	3	-0.1328312	0.568811	0.4011862
86	4	-0.1328312	0.568811	0.4011862
86	5	-0.1328312	0.568811	0.4011862
86	6	-0.1328312	0.568811	0.4011862
86	7	-0.1328312	0.568811	0.4011862
86	8	-0.1328312	0.568811	0.4011862
86	9	1.150543	0.1873586	0.3992821
86	10	-0.1328312	0.568811	0.4011862
86	11	-0.1328312	0.568811	0.4011862
86	12	-0.1328312	0.568811	0.4011862
86	13	0.8089991	0.2187236	1.094950
86	14	1.315635	0.167291	0.1116381
86	15	-0.121864	0.5657655	0.3990466
86	16	-0.1328312	0.568811	0.4011862
86	17	-0.1328312	0.568811	0.4011862
86	18	-0.1328312	0.568811	0.4011862
86	19	-0.1328312	0.568811	0.4011862
86	20	-0.1328312	0.568811	0.4011862
86	21	-0.1328312	0.568811	0.4011862
86	22	1.150543	0.1873586	0.3992821
86	23	-0.1328312	0.568811	0.4011862
86	24	-0.1328312	0.568811	0.4011862
86	25	-0.1328312	0.568811	0.4011862
86	26	0.8479063	0.2130917	1.036106
86	27	1.315635	0.167291	0.1116381
86	28	-0.1213409	0.565616	0.3989863
86	29	-0.1328312	0.568811	0.4011862
86	30	-0.1328312	0.568811	0.4011862
86	31	-0.1328312	0.568811	0.4011862
86	32	-0.1328312	0.568811	0.4011862
86	33	-0.1328312	0.568811	0.4011862
86	34	-0.1328312	0.568811	0.4011862
86	35	1.150543	0.1873586	0.3992821
86	36	-0.1328312	0.568811	0.4011862
86	37	-0.1328312	0.568811	0.4011862
86	38	-0.1328312	0.568811	0.4011862
86	39	0.8089991	0.2187236	1.094950
86	40	1.315635	0.167291	0.1116381
86	41	-0.1213409	0.565616	0.3989863
86	42	-0.1328312	0.568811	0.4011862
86	43	-0.1328312	0.568811	0.4011862
86	44	-0.1328312	0.568811	0.4011862
86	45	-0.1328312	0.568811	0.4011862
86	46	-0.1328312	0.568811	0.4011862
86	47	-0.1328312	0.568811	0.4011862
86	48	1.150543	0.1873586	0.3992821
86	49	-0.1328312	0.568811	0.4011862
86	50	-0.1328312	0.568811	0.4011862
86	51	-0.1328312	0.568811	0.4011862
86	52	1.310799	0.1282577	0.512692
86	53	1.315635	0.167291	0.1116381
86	54	-0.121864	0.5657655	0.3990466
86	55	-0.1328312	0.568811	0.4011862
86	56	-0.1328312	0.568811	0.4011862
86	57	-0.1328312	0.568811	0.4011862
86	58	-0.1328312	0.568811	0.4011862
86	59	-0.1328312	0.568811	0.4011862
86	60	-0.1328312	0.568811	0.4011862
86	61	1.150543	0.1873586	0.3992821
86	62	-0.1328312	0.568811	0.4011862
86	63	-0.1328312	0.568811	0.4011862
86	64	-0.1328312	0.568811	0.4011862
86	65	0.8086264	0.2187709	1.095580
87	1	1.333433	0.1609918	0.1216140
87	2	-0.1184867	0.5649576	0.3971001
87	3	-0.1261867	0.5678884	0.3907481
87	4	-0.1261867	0.5678884	0.3907481
87	5	-0.1261867	0.5678884	0.3907481
87	6	-0.1261867	0.5678884	0.3907481
87	7	-0.1261867	0.5678884	0.3907481
87	8	-0.1261867	0.5678884	0.3907481
87	9	1.126535	0.1882300	0.4613934
87	10	-0.1261867	0.5678884	0.3907481
87	11	-0.1261867	0.5678884	0.3907481
87	12	-0.1261867	0.5678884	0.3907481
87	13	0.7894459	0.2225080	1.115069
87	14	1.333433	0.1609918	0.1216140
87	15	-0.1188848	0.5650956	0.3969055
87	16	-0.1261867	0.5678884	0.3907481
87	17	-0.1261867	0.5678884	0.3907481
87	18	-0.1261867	0.5678884	0.3907481
87	19	-0.1261867	0.5678884	0.3907481
87	20	-0.1261867	0.5678884	0.3907481
87	21	-0.1261867	0.5678884	0.3907481
87	22	1.126535	0.1882300	0.4613934
87	23	-0.1261867	0.5678884	0.3907481
87	24	-0.1261867	0.5678884	0.3907481
87	25	-0.1261867	0.5678884	0.3907481
87	26	0.8258281	0.2175482	1.057005
87	27	1.333433	0.1609918	0.1216140
87	28	-0.1184867	0.5649576	0.3971001
87	29	-0.1261867	0.5678884	0.3907481
87	30	-0.1261867	0.5678884	0.3907481
87	31	-0.1261867	0.5678884	0.3907481
87	32	-0.1261867	0.5678884	0.3907481
87	33	-0.1261867	0.5678884	0.3907481
87	34	-0.1261867	0.5678884	0.3907481
87	35	1.126535	0.1882300	0.4613934
87	36	-0.1261867	0.5678884	0.3907481
87	37	-0.1261867	0.5678884	0.3907481
87	38	-0.1261867	0.5678884	0.3907481
87	39	0.7894459	0.2225080	1.115069
87	40	1.333433	0.1609918	0.1216140
87	41	-0.1184867	0.5649576	0.3971001
87	42	-0.1261867	0.5678884	0.3907481
87	43	-0.1261867	0.5678884	0.3907481
87	44	-0.1261867	0.5678884	0.3907481
87	45	-0.1261867	0.5678884	0.3907481
87	46	-0.1261867	0.5678884	0.3907481
87	47	-0.1261867	0.5678884	0.3907481
87	48	1.126535	0.1882300	0.4613934
87	49	-0.1261867	0.5678884	0.3907481
87	50	-0.1261867	0.5678884	0.3907481
87	51	-0.1261867	0.5678884	0.3907481
87	53	1.333433	0.1609918	0.1216140
87	54	-0.1188848	0.5650956	0.3969055
87	55	-0.1261867	0.5678884	0.3907481
87	56	-0.1261867	0.5678884	0.3907481
87	57	-0.1261867	0.5678884	0.3907481
87	58	-0.1261867	0.5678884	0.3907481
87	59	-0.1261867	0.5678884	0.3907481
87	60	-0.1261867	0.5678884	0.3907481
87	61	1.126535	0.1882300	0.4613934
87	62	-0.1261867	0.5678884	0.3907481
87	63	-0.1261867	0.5678884	0.3907481
87	64	-0.1261867	0.5678884	0.3907481
87	65	0.7891062	0.2225466	1.115688
88	1	1.120904	0.1941041	0.4197782
88	14	1.120904	0.1941041	0.4197782
88	27	1.120904	0.1941041	0.4197782
88	40	1.120904	0.1941041	0.4197782
88	53	1.120904	0.1941041	0.4197782
89	1	1.120904	0.1941041	0.4197782
89	14	1.120904	0.1941041	0.4197782
89	27	1.120904	0.1941041	0.4197782
89	40	1.120904	0.1941041	0.4197782
89	53	1.120904	0.1941041	0.4197782
90	1	1.120904	0.1941041	0.4197782
90	14	1.120904	0.1941041	0.4197782
90	27	1.120904	0.1941041	0.4197782
90	40	1.120904	0.1941041	0.4197782
90	53	1.120904	0.1941041	0.4197782
91	1	1.120904	0.1941041	0.4197782
91	14	1.120904	0.1941041	0.4197782
91	27	1.120904	0.1941041	0.4197782
91	40	1.120904	0.1941041	0.4197782
91	53	1.120904	0.1941041	0.4197782
92	1	1.120904	0.1941041	0.4197782
92	14	1.120904	0.1941041	0.4197782
92	27	1.120904	0.1941041	0.4197782
92	40	1.120904	0.1941041	0.4197782
92	53	1.120904	0.1941041	0.4197782
93	1	1.120904	0.1941041	0.4197782
93	14	1.120904	0.1941041	0.4197782
93	27	1.120904	0.1941041	0.4197782
93	40	1.120904	0.1941041	0.4197782
93	53	1.120904	0.1941041	0.4197782
94	1	1.120904	0.1941041	0.4197782
94	14	1.120904	0.1941041	0.4197782
94	27	1.120904	0.1941041	0.4197782
94	40	1.120904	0.1941041	0.4197782
94	53	1.120904	0.1941041	0.4197782
95	1	1.120904	0.1941041	0.4197782
95	14	1.120904	0.1941041	0.4197782
95	27	1.120904	0.1941041	0.4197782
95	40	1.120904	0.1941041	0.4197782
95	53	1.120904	0.1941041	0.4197782
96	1	1.120904	0.1941041	0.4197782
96	14	1.120904	0.1941041	0.4197782
96	27	1.120904	0.1941041	0.4197782
96	40	1.120904	0.1941041	0.4197782
96	53	1.120904	0.1941041	0.4197782
97	1	1.120904	0.1941041	0.4197782
97	14	1.120904	0.1941041	0.4197782
97	27	1.120904	0.1941041	0.4197782
97	40	1.120904	0.1941041	0.4197782
97	53	1.120904	0.1941041	0.4197782
98	1	1.120904	0.1941041	0.4197782
98	14	1.120904	0.1941041	0.4197782
98	27	1.120904	0.1941041	0.4197782
98	40	1.120904	0.1941041	0.4197782
98	53	1.120904	0.1941041	0.4197782
99	1	1.120904	0.1941041	0.4197782
99	14	1.120904	0.1941041	0.4197782
99	27	1.120904	0.1941041	0.4197782
99	40	1.120904	0.1941041	0.4197782
99	53	1.120904	0.1941041	0.4197782
100	1	1.120904	0.1941041	0.4197782
100	14	1.120904	0.1941041	0.4197782
100	27	1.120904	0.1941041	0.4197782
100	40	1.120904	0.1941041	0.4197782
100	53	1.120904	0.1941041	0.4197782
101	1	1.120904	0.1941041	0.4197782
101	14	1.120904	0.1941041	0.4197782
101	27	1.120904	0.1941041	0.4197782
101	40	1.120904	0.1941041	0.4197782
101	53	1.120904	0.1941041	0.4197782
102	1	1.120904	0.1941041	0.4197782
102	14	1.120904	0.1941041	0.4197782
102	27	1.120904	0.1941041	0.4197782
102	40	1.120904	0.1941041	0.4197782
102	53	1.120904	0.1941041	0.4197782
103	1	1.120904	0.1941041	0.4197782
103	14	1.120904	0.1941041	0.4197782
103	27	1.120904	0.1941041	0.4197782
103	40	1.120904	0.1941041	0.4197782
103	53	1.120904	0.1941041	0.4197782
104	1	1.120904	0.1941041	0.4197782
104	14	1.120904	0.1941041	0.4197782
104	27	1.120904	0.1941041	0.4197782
104	40	1.120904	0.1941041	0.4197782
104	53	1.120904	0.1941041	0.4197782
105	1	1.120904	0.1941041	0.4197782
105	14	1.120904	0.1941041	0.4197782
105	27	1.120904	0.1941041	0.4197782
105	40	1.120904	0.1941041	0.4197782
105	53	1.120904	0.1941041	0.4197782
106	1	1.120904	0.1941041	0.4197782
106	14	1.120904	0.1941041	0.4197782
106	27	1.120904	0.1941041	0.4197782
106	40	1.120904	0.1941041	0.4197782
106	53	1.120904	0.1941041	0.4197782
107	1	1.120904	0.1941041	0.4197782
107	14	1.120904	0.1941041	0.4197782
107	27	1.120904	0.1941041	0.4197782
107	40	1.120904	0.1941041	0.4197782
107	53	1.120904	0.1941041	0.4197782
108	1	1.120904	0.1941041	0.4197782
108	14	1.120904	0.1941041	0.4197782
108	27	1.120904	0.1941041	0.4197782
108	40	1.120904	0.1941041	0.4197782
108	53	1.120904	0.1941041	0.4197782
109	1	1.120904	0.1941041	0.4197782
109	14	1.120904	0.1941041	0.4197782
109	27	1.120904	0.1941041	0.4197782
109	40	1.120904	0.1941041	0.4197782
109	53	1.120904	0.1941041	0.4197782
110	1	1.120904	0.1941041	0.4197782
110	14	1.120904	0.1941041	0.4197782
110	27	1.120904	0.1941041	0.4197782
110	40	1.120904	0.1941041	0.4197782
110	53	1.120904	0.1941041	0.4197782
111	1	1.120904	0.1941041	0.4197782
111	14	1.120904	0.1941041	0.4197782
111	27	1.120904	0.1941041	0.4197782
111	40	1.120904	0.1941041	0.4197782
111	53	1.120904	0.1941041	0.4197782
112	1	1.120904	0.1941041	0.4197782
112	14	1.120904	0.1941041	0.4197782
112	27	1.120904	0.1941041	0.4197782
112	40	1.120904	0.1941041	0.4197782
112	53	1.120904	0.1941041	0.4197782
113	1	1.120904	0.1941041	0.4197782
113	14	1.120904	0.1941041	0.4197782
113	27	1.120904	0.1941041	0.4197782
113	40	1.120904	0.1941041	0.4197782
113	53	1.120904	0.1941041	0.4197782
114	1	1.120904	0.1941041	0.4197782
114	14	1.120904	0.1941041	0.4197782
114	27	1.120904	0.1941041	0.4197782
114	40	1.120904	0.1941041	0.4197782
114	53	1.120904	0.1941041	0.4197782
115	1	0.633817	0.3793916	0.01904126
115	2	0.3218754	0.4691789	0.04853798
115	3	-0.1076070	0.5648016	0.3665851
115	4	-0.1076070	0.5648016	0.3665851
115	5	-0.1076070	0.5648016	0.3665851
115	6	-0.1076070	0.5648016	0.3665851
115	7	-0.1076070	0.5648016	0.3665851
115	8	-0.1076070	0.5648016	0.3665851
115	9	0.1874736	0.3735041	1.392694
115	10	-0.1076070	0.5648016	0.3665851
115	11	-0.1076070	0.5648016	0.3665851
115	12	-0.1076070	0.5648016	0.3665851
115	13	1.439146	0.1086045	0.3292255
115	14	0.633817	0.3793916	0.01904126
115	15	0.2842530	0.4795833	0.05630367
115	16	-0.1076070	0.5648016	0.3665851
115	17	-0.1076070	0.5648016	0.3665851
115	18	-0.1076070	0.5648016	0.3665851
115	19	-0.1076070	0.5648016	0.3665851
115	20	-0.1076070	0.5648016	0.3665851
115	21	-0.1076070	0.5648016	0.3665851
115	22	0.1874736	0.3735041	1.392694
115	23	-0.1076070	0.5648016	0.3665851
115	24	-0.1076070	0.5648016	0.3665851
115	25	-0.1076070	0.5648016	0.3665851
115	26	1.412097	0.1155592	0.3400183
115	27	0.633817	0.3793916	0.01904126
115	28	0.3218754	0.4691789	0.04853798
115	29	-0.1076070	0.5648016	0.3665851
115	30	-0.1076070	0.5648016	0.3665851
115	31	-0.1076070	0.5648016	0.3665851
115	32	-0.1076070	0.5648016	0.3665851
115	33	-0.1076070	0.5648016	0.3665851
115	34	-0.1076070	0.5648016	0.3665851
115	35	0.1874736	0.3735041	1.392694
115	36	-0.1076070	0.5648016	0.3665851
115	37	-0.1076070	0.5648016	0.3665851
115	38	-0.1076070	0.5648016	0.3665851
115	39	1.439146	0.1086045	0.3292255
115	40	0.633817	0.3793916	0.01904126
115	41	0.3218754	0.4691789	0.04853798
115	42	-0.1076070	0.5648016	0.3665851
115	43	-0.1076070	0.5648016	0.3665851
115	44	-0.1076070	0.5648016	0.3665851
115	45	-0.1076070	0.5648016	0.3665851
115	46	-0.1076070	0.5648016	0.3665851
115	47	-0.1076070	0.5648016	0.3665851
115	48	0.1874736	0.3735041	1.392694
115	49	-0.1076070	0.5648016	0.3665851
115	50	-0.1076070	0.5648016	0.3665851
115	51	-0.1076070	0.5648016	0.3665851
115	53	0.633817	0.3793916	0.01904126
115	54	0.2842530	0.4795833	0.05630367
115	55	-0.1076070	0.5648016	0.3665851
115	56	-0.1076070	0.5648016	0.3665851
115	57	-0.1076070	0.5648016	0.3665851
115	58	-0.1076070	0.5648016	0.3665851
115	59	-0.1076070	0.5648016	0.3665851
115	60	-0.1076070	0.5648016	0.3665851
115	61	0.1874736	0.3735041	1.392694
115	62	-0.1076070	0.5648016	0.3665851
115	63	-0.1076070	0.5648016	0.3665851
115	64	-0.1076070	0.5648016	0.3665851
115	65	1.439841	0.1084184	0.3290238
116	1	0.6273471	0.3813102	0.01909448
116	2	0.3050342	0.4738827	0.05155449
116	3	-0.1022867	0.5642622	0.356252
116	4	-0.1022867	0.5642622	0.356252
116	5	-0.1022867	0.5642622	0.356252
116	6	-0.1022867	0.5642622	0.356252
116	7	-0.1022867	0.5642622	0.356252
116	8	-0.1022867	0.5642622	0.356252
116	9	0.1603678	0.3803619	1.404614
116	10	-0.1022867	0.5642622	0.356252
116	11	-0.1022867	0.5642622	0.356252
116	12	-0.1022867	0.5642622	0.356252
116	13	1.439579	0.1074432	0.3394565
116	14	0.6273471	0.3813102	0.01909448
116	15	0.2671727	0.4842724	0.06016996
116	16	-0.1022867	0.5642622	0.356252
116	17	-0.1022867	0.5642622	0.356252
116	18	-0.1022867	0.5642622	0.356252
116	19	-0.1022867	0.5642622	0.356252
116	20	-0.1022867	0.5642622	0.356252
116	21	-0.1022867	0.5642622	0.356252
116	22	0.1603678	0.3803619	1.404614
116	23	-0.1022867	0.5642622	0.356252
116	24	-0.1022867	0.5642622	0.356252
116	25	-0.1022867	0.5642622	0.356252
116	26	1.439579	0.1074432	0.3394565
116	27	0.6273471	0.3813102	0.01909448
116	28	0.3050342	0.4738827	0.05155449
116	29	-0.1022867	0.5642622	0.356252
116	30	-0.1022867	0.5642622	0.356252
116	31	-0.1022867	0.5642622	0.356252
116	32	-0.1022867	0.5642622	0.356252
116	33	-0.1022867	0.5642622	0.356252
116	34	-0.1022867	0.5642622	0.356252
116	35	0.1603678	0.3803619	1.404614
116	36	-0.1022867	0.5642622	0.356252
116	37	-0.1022867	0.5642622	0.356252
116	38	-0.1022867	0.5642622	0.356252
116	39	1.439579	0.1074432	0.3394565
116	40	0.6273471	0.3813102	0.01909448
116	41	0.3050342	0.4738827	0.05155449
116	42	-0.1022867	0.5642622	0.356252
116	43	-0.1022867	0.5642622	0.356252
116	44	-0.1022867	0.5642622	0.356252
116	45	-0.1022867	0.5642622	0.356252
116	46	-0.1022867	0.5642622	0.356252
116	47	-0.1022867	0.5642622	0.356252
116	48	0.1603678	0.3803619	1.404614
116	49	-0.1022867	0.5642622	0.356252
116	50	-0.1022867	0.5642622	0.356252
116	51	-0.1022867	0.5642622	0.356252
116	53	0.6273471	0.3813102	0.01909448
116	54	0.2671727	0.4842724	0.06016996
116	55	-0.1022867	0.5642622	0.356252
116	56	-0.1022867	0.5642622	0.356252
116	57	-0.1022867	0.5642622	0.356252
116	58	-0.1022867	0.5642622	0.356252
116	59	-0.1022867	0.5642622	0.356252
116	60	-0.1022867	0.5642622	0.356252
116	61	0.1603678	0.3803619	1.404614
116	62	-0.1022867	0.5642622	0.356252
116	63	-0.1022867	0.5642622	0.356252
116	64	-0.1022867	0.5642622	0.356252
116	65	1.439579	0.1074432	0.3394565
117	1	0.6273471	0.3813102	0.01909448
117	2	0.3050342	0.4738827	0.05155449
117	3	-0.1022867	0.5642622	0.356252
117	4	-0.1022867	0.5642622	0.356252
117	5	-0.1022867	0.5642622	0.356252
117	6	-0.1022867	0.5642622	0.356252
117	7	-0.1022867	0.5642622	0.356252
117	8	-0.1022867	0.5642622	0.356252
117	9	0.1603678	0.3803619	1.404614
117	10	-0.1022867	0.5642622	0.356252
117	11	-0.1022867	0.5642622	0.356252
117	12	-0.1022867	0.5642622	0.356252
117	13	1.439579	0.1074432	0.3394565
117	14	0.6273471	0.3813102	0.01909448
117	15	0.2671727	0.4842724	0.06016996
117	16	-0.1022867	0.5642622	0.356252
117	17	-0.1022867	0.5642622	0.356252
117	18	-0.1022867	0.5642622	0.356252
117	19	-0.1022867	0.5642622	0.356252
117	20	-0.1022867	0.5642622	0.356252
117	21	-0.1022867	0.5642622	0.356252
117	22	0.1603678	0.3803619	1.404614
117	23	-0.1022867	0.5642622	0.356252
117	24	-0.1022867	0.5642622	0.356252
117	25	-0.1022867	0.5642622	0.356252
117	26	1.439579	0.1074432	0.3394565
117	27	0.6273471	0.3813102	0.01909448
117	28	0.3050342	0.4738827	0.05155449
117	29	-0.1022867	0.5642622	0.356252
117	30	-0.1022867	0.5642622	0.356252
117	31	-0.1022867	0.5642622	0.356252
117	32	-0.1022867	0.5642622	0.356252
117	33	-0.1022867	0.5642622	0.356252
117	34	-0.1022867	0.5642622	0.356252
117	35	0.1603678	0.3803619	1.404614
117	36	-0.1022867	0.5642622	0.356252
117	37	-0.1022867	0.5642622	0.356252
117	38	-0.1022867	0.5642622	0.356252
117	39	1.439579	0.1074432	0.3394565
117	40	0.6273471	0.3813102	0.01909448
117	41	0.3050342	0.4738827	0.05155449
117	42	-0.1022867	0.5642622	0.356252
117	43	-0.1022867	0.5642622	0.356252
117	44	-0.1022867	0.5642622	0.356252
117	45	-0.1022867	0.5642622	0.356252
117	46	-0.1022867	0.5642622	0.356252
117	47	-0.1022867	0.5642622	0.356252
117	48	0.1603678	0.3803619	1.404614
117	49	-0.1022867	0.5642622	0.356252
117	50	-0.1022867	0.5642622	0.356252
117	51	-0.1022867	0.5642622	0.356252
117	53	0.6273471	0.3813102	0.01909448
117	54	0.2671727	0.4842724	0.06016996
117	55	-0.1022867	0.5642622	0.356252
117	56	-0.1022867	0.5642622	0.356252
117	57	-0.1022867	0.5642622	0.356252
117	58	-0.1022867	0.5642622	0.356252
117	59	-0.1022867	0.5642622	0.356252
117	60	-0.1022867	0.5642622	0.356252
117	61	0.1603678	0.3803619	1.404614
117	62	-0.1022867	0.5642622	0.356252
117	63	-0.1022867	0.5642622	0.356252
117	64	-0.1022867	0.5642622	0.356252
117	65	1.439579	0.1074432	0.3394565
118	9	1.208656	0.1678567	0.4212848
118	13	-0.2155141	0.5938386	0.3968286
118	22	1.208656	0.1678567	0.4212848
118	35	1.208656	0.1678567	0.4212848
118	39	-0.2155141	0.5938386	0.3968286
118	48	1.208656	0.1678567	0.4212848
118	61	1.208656	0.1678567	0.4212848
119	9	1.254256	0.1543285	0.4209661
119	13	-0.03689019	0.5648915	0.1573018
119	22	1.254256	0.1543285	0.4209661
119	26	-0.3248832	0.5887415	0.7696332
119	35	1.254256	0.1543285	0.4209661
119	39	-0.03689019	0.5648915	0.1573018
119	48	1.254256	0.1543285	0.4209661
119	61	1.254256	0.1543285	0.4209661
119	65	-0.3248832	0.5887415	0.7696332
120	9	1.276709	0.1476239	0.4212393
120	13	-0.1881677	0.5848856	0.4049627
120	22	1.276709	0.1476239	0.4212393
120	26	-0.1881677	0.5848856	0.4049627
120	35	1.276709	0.1476239	0.4212393
120	39	-0.1881677	0.5848856	0.4049627
120	48	1.276709	0.1476239	0.4212393
120	52	-0.173116	0.5835781	0.3735644
120	61	1.276709	0.1476239	0.4212393
120	65	-0.1881677	0.5848856	0.4049627
121	9	1.276709	0.1476239	0.4212393
121	13	-0.1881677	0.5848856	0.4049627
121	22	1.276709	0.1476239	0.4212393
121	26	-0.1881677	0.5848856	0.4049627
121	35	1.276709	0.1476239	0.4212393
121	39	-0.1881677	0.5848856	0.4049627
121	48	1.276709	0.1476239	0.4212393
121	52	-0.173116	0.5835781	0.3735644
121	61	1.276709	0.1476239	0.4212393
121	65	-0.1881677	0.5848856	0.4049627
122	9	1.276714	0.1476225	0.4212397
122	13	-0.17987	0.5841904	0.3873994
122	22	1.276714	0.1476225	0.4212397
122	26	-0.1851819	0.5846432	0.3985659
122	35	1.276714	0.1476225	0.4212397
122	39	-0.17987	0.5841904	0.3873994
122	48	1.276714	0.1476225	0.4212397
122	52	-0.1956943	0.5854613	0.4214376
122	61	1.276714	0.1476225	0.4212397
122	65	-0.1851819	0.5846432	0.3985659
123	9	1.276714	0.1476225	0.4212397
123	13	-0.17987	0.5841904	0.3873994
123	22	1.276714	0.1476225	0.4212397
123	26	-0.1851819	0.5846432	0.3985659
123	35	1.276714	0.1476225	0.4212397
123	39	-0.17987	0.5841904	0.3873994
123	48	1.276714	0.1476225	0.4212397
123	52	-0.1956943	0.5854613	0.4214376
123	61	1.276714	0.1476225	0.4212397
123	65	-0.1851819	0.5846432	0.3985659
124	9	1.276714	0.1476225	0.4212397
124	13	-0.17987	0.5841904	0.3873994
124	22	1.276714	0.1476225	0.4212397
124	26	-0.1851819	0.5846432	0.3985659
124	35	1.276714	0.1476225	0.4212397
124	39	-0.17987	0.5841904	0.3873994
124	48	1.276714	0.1476225	0.4212397
124	52	-0.1956943	0.5854613	0.4214376
124	61	1.276714	0.1476225	0.4212397
124	65	-0.1851819	0.5846432	0.3985659
125	9	-0.1345638	0.5696254	0.3982212
125	22	-0.1345638	0.5696254	0.3982213
125	35	-0.1345638	0.5696254	0.3982212
125	48	-0.1345638	0.5696254	0.3982212
125	61	-0.1345638	0.5696254	0.3982212
125	65	1.384064	0.1153910	0.4242938
126	9	-0.1345638	0.5696254	0.3982212
126	22	-0.1345638	0.5696254	0.3982213
126	35	-0.1345638	0.5696254	0.3982212
126	48	-0.1345638	0.5696254	0.3982212
126	61	-0.1345638	0.5696254	0.3982212
126	65	1.384064	0.1153910	0.4242938
127	9	-0.1345638	0.5696254	0.3982212
127	22	-0.1345638	0.5696254	0.3982213
127	35	-0.1345638	0.5696254	0.3982212
127	48	-0.1345638	0.5696254	0.3982212
127	61	-0.1345638	0.5696254	0.3982212
127	65	1.384064	0.1153910	0.4242938
128	9	-0.1345638	0.5696254	0.3982212
128	22	-0.1345638	0.5696254	0.3982213
128	35	-0.1345638	0.5696254	0.3982212
128	48	-0.1345638	0.5696254	0.3982212
128	61	-0.1345638	0.5696254	0.3982212
128	65	1.384064	0.1153910	0.4242938
129	9	-0.1345638	0.5696254	0.3982212
129	22	-0.1345638	0.5696254	0.3982213
129	35	-0.1345638	0.5696254	0.3982212
129	48	-0.1345638	0.5696254	0.3982212
129	61	-0.1345638	0.5696254	0.3982212
129	65	1.384064	0.1153910	0.4242938
130	9	-0.1345638	0.5696254	0.3982212
130	22	-0.1345638	0.5696254	0.3982213
130	35	-0.1345638	0.5696254	0.3982212
130	48	-0.1345638	0.5696254	0.3982212
130	61	-0.1345638	0.5696254	0.3982212
130	65	1.384064	0.1153910	0.4242938
131	9	-0.1345638	0.5696254	0.3982212
131	22	-0.1345638	0.5696254	0.3982213
131	35	-0.1345638	0.5696254	0.3982212
131	48	-0.1345638	0.5696254	0.3982212
131	61	-0.1345638	0.5696254	0.3982212
131	65	1.384064	0.1153910	0.4242938
132	9	-0.1345638	0.5696254	0.3982212
132	22	-0.1345638	0.5696254	0.3982213
132	35	-0.1345638	0.5696254	0.3982212
132	48	-0.1345638	0.5696254	0.3982212
132	61	-0.1345638	0.5696254	0.3982212
132	65	1.384064	0.1153910	0.4242938
133	9	-0.1345638	0.5696254	0.3982212
133	22	-0.1345638	0.5696254	0.3982213
133	35	-0.1345638	0.5696254	0.3982212
133	48	-0.1345638	0.5696254	0.3982212
133	61	-0.1345638	0.5696254	0.3982212
133	65	1.384064	0.1153910	0.4242938
134	9	-0.1345638	0.5696254	0.3982212
134	22	-0.1345638	0.5696254	0.3982213
134	35	-0.1345638	0.5696254	0.3982212
134	48	-0.1345638	0.5696254	0.3982212
134	61	-0.1345638	0.5696254	0.3982212
134	65	1.384064	0.1153910	0.4242938
135	9	-0.1345638	0.5696254	0.3982212
135	22	-0.1345638	0.5696254	0.3982213
135	35	-0.1345638	0.5696254	0.3982212
135	48	-0.1345638	0.5696254	0.3982212
135	61	-0.1345638	0.5696254	0.3982212
135	65	1.384064	0.1153910	0.4242938
