1	3	1.207851	0.1680975	0.4212713
1	4	-0.1523251	0.5749383	0.3979133
2	3	1.207851	0.1680975	0.4212713
2	4	-0.1523251	0.5749383	0.3979133
3	3	1.207851	0.1680975	0.4212713
3	4	-0.1523251	0.5749383	0.3979133
4	1	1.197183	0.1715329	0.4186663
4	2	0.1640775	0.5147266	0.06218994
4	3	1.197183	0.1715329	0.4186663
4	4	-0.3144146	0.5539338	1.083713
5	1	1.197183	0.1715329	0.4186663
5	2	0.1640775	0.5147266	0.06218994
5	3	1.197183	0.1715329	0.4186663
5	4	-0.3144146	0.5539338	1.083713
6	1	1.197183	0.1715329	0.4186663
6	2	0.1640775	0.5147266	0.06218994
6	3	1.197183	0.1715329	0.4186663
6	4	-0.3144146	0.5539338	1.083713
18	1	1.053021	0.1905951	0.6545917
18	2	0.5901895	0.393181	0.01095899
18	3	1.053021	0.1905951	0.6545917
18	4	-0.2433977	0.5773875	0.642021
18	5	-0.2433977	0.5773875	0.642021
19	1	1.053021	0.1905951	0.6545917
19	2	0.5901895	0.393181	0.01095899
19	3	1.053021	0.1905951	0.6545917
19	4	-0.2433977	0.5773875	0.642021
19	5	-0.2433977	0.5773875	0.642021
20	1	1.053021	0.1905951	0.6545917
20	2	0.5901895	0.393181	0.01095899
20	3	1.053021	0.1905951	0.6545917
20	4	-0.2433977	0.5773875	0.642021
20	5	-0.2433977	0.5773875	0.642021
21	1	-0.3223000	0.5573372	1.073224
21	2	-0.1152495	0.5708599	0.3290712
21	4	1.379014	0.1172404	0.4208484
21	5	0.1240012	0.5250715	0.07777561
22	1	-0.3223000	0.5573372	1.073224
22	2	-0.1152495	0.5708599	0.3290712
22	4	1.379014	0.1172404	0.4208484
22	5	0.1240012	0.5250715	0.07777561
23	1	-0.3223000	0.5573372	1.073224
23	2	-0.1152495	0.5708599	0.3290712
23	4	1.379014	0.1172404	0.4208484
23	5	0.1240012	0.5250715	0.07777561
24	1	-0.3223000	0.5573372	1.073224
24	2	-0.1152495	0.5708599	0.3290712
24	4	1.379014	0.1172404	0.4208484
24	5	0.1240012	0.5250715	0.07777561
25	1	0.6863792	0.2630937	1.016606
25	2	1.026700	0.2575225	0.06893826
25	3	0.6863792	0.2630937	1.016606
25	4	-0.2503200	0.6013771	0.4246936
25	5	1.026700	0.2575225	0.06893826
26	4	1.297322	0.1413361	0.4228078
26	5	-0.1942715	0.5874848	0.397193
27	4	1.297322	0.1413361	0.4228078
27	5	-0.1942715	0.5874848	0.397193
28	4	1.297322	0.1413361	0.4228078
28	5	-0.1942715	0.5874848	0.397193
58	1	0.6863792	0.2630937	1.016606
58	2	1.026700	0.2575225	0.06893826
58	3	0.6863792	0.2630937	1.016606
58	4	-0.2503200	0.6013771	0.4246936
58	5	1.026700	0.2575225	0.06893826
59	1	0.6863792	0.2630937	1.016606
59	2	1.026700	0.2575225	0.06893826
59	3	0.6863792	0.2630937	1.016606
59	4	-0.2503200	0.6013771	0.4246936
59	5	1.026700	0.2575225	0.06893826
60	1	0.937325	0.2132060	0.771469
60	2	0.8318662	0.3202319	0.02166338
60	3	0.937325	0.2132060	0.771469
60	4	-0.2579426	0.6023731	0.4372862
60	5	0.937325	0.2132060	0.771469
61	1	0.937325	0.2132060	0.771469
61	2	0.8318662	0.3202319	0.02166338
61	3	0.937325	0.2132060	0.771469
61	4	-0.2579426	0.6023731	0.4372862
61	5	0.937325	0.2132060	0.771469
62	1	0.937325	0.2132060	0.771469
62	2	0.8318662	0.3202319	0.02166338
62	3	0.937325	0.2132060	0.771469
62	4	-0.2579426	0.6023731	0.4372862
62	5	0.937325	0.2132060	0.771469
63	1	0.937325	0.2132060	0.771469
63	2	0.8318662	0.3202319	0.02166338
63	3	0.937325	0.2132060	0.771469
63	4	-0.2579426	0.6023731	0.4372862
63	5	0.937325	0.2132060	0.771469
64	1	0.937325	0.2132060	0.771469
64	2	0.8318662	0.3202319	0.02166338
64	3	0.937325	0.2132060	0.771469
64	4	-0.2579426	0.6023731	0.4372862
64	5	0.937325	0.2132060	0.771469
65	1	0.937325	0.2132060	0.771469
65	2	0.8318662	0.3202319	0.02166338
65	3	0.937325	0.2132060	0.771469
65	4	-0.2579426	0.6023731	0.4372862
65	5	0.937325	0.2132060	0.771469
66	1	0.937325	0.2132060	0.771469
66	2	0.8318662	0.3202319	0.02166338
66	3	0.937325	0.2132060	0.771469
66	4	-0.2579426	0.6023731	0.4372862
66	5	0.937325	0.2132060	0.771469
67	1	0.937325	0.2132060	0.771469
67	2	0.8318662	0.3202319	0.02166338
67	3	0.937325	0.2132060	0.771469
67	4	-0.2579426	0.6023731	0.4372862
67	5	0.937325	0.2132060	0.771469
68	1	0.937325	0.2132060	0.771469
68	2	0.8318662	0.3202319	0.02166338
68	3	0.937325	0.2132060	0.771469
68	4	-0.2579426	0.6023731	0.4372862
68	5	0.937325	0.2132060	0.771469
69	1	0.937325	0.2132060	0.771469
69	2	0.8318662	0.3202319	0.02166338
69	3	0.937325	0.2132060	0.771469
69	4	-0.2579426	0.6023731	0.4372862
69	5	0.937325	0.2132060	0.771469
70	1	0.937325	0.2132060	0.771469
70	2	0.8318662	0.3202319	0.02166338
70	3	0.937325	0.2132060	0.771469
70	4	-0.2579426	0.6023731	0.4372862
70	5	0.937325	0.2132060	0.771469
71	1	0.937325	0.2132060	0.771469
71	2	0.8318662	0.3202319	0.02166338
71	3	0.937325	0.2132060	0.771469
71	4	-0.2579426	0.6023731	0.4372862
71	5	0.937325	0.2132060	0.771469
72	1	0.937325	0.2132060	0.771469
72	2	0.8318662	0.3202319	0.02166338
72	3	0.937325	0.2132060	0.771469
72	4	-0.2579426	0.6023731	0.4372862
72	5	0.937325	0.2132060	0.771469
73	1	0.6863792	0.2630937	1.016606
73	2	1.026700	0.2575225	0.06893826
73	3	0.6863792	0.2630937	1.016606
73	4	-0.2503200	0.6013771	0.4246936
73	5	1.026700	0.2575225	0.06893826
74	1	0.6863792	0.2630937	1.016606
74	2	1.026700	0.2575225	0.06893826
74	3	0.6863792	0.2630937	1.016606
74	4	-0.2503200	0.6013771	0.4246936
74	5	1.026700	0.2575225	0.06893826
75	2	-0.322303	0.5573475	1.073130
75	3	-0.1152124	0.5708555	0.3290057
75	4	1.378974	0.1172436	0.4209347
75	5	0.1240557	0.5250577	0.07775117
76	2	-0.322303	0.5573475	1.073130
76	3	-0.1152124	0.5708555	0.3290057
76	4	1.378974	0.1172436	0.4209347
76	5	0.1240557	0.5250577	0.07775117
77	2	-0.322303	0.5573475	1.073130
77	3	-0.1152124	0.5708555	0.3290057
77	4	1.378974	0.1172436	0.4209347
77	5	0.1240557	0.5250577	0.07775117
78	2	-0.322303	0.5573475	1.073130
78	3	-0.1152124	0.5708555	0.3290057
78	4	1.378974	0.1172436	0.4209347
78	5	0.1240557	0.5250577	0.07775117
79	2	0.02848327	0.5472562	0.1394134
79	3	-0.3149216	0.5393089	1.230133
79	4	1.391552	0.1154455	0.4016889
79	5	0.02848327	0.5472562	0.1394134
80	2	0.02848327	0.5472562	0.1394134
80	3	-0.3149216	0.5393089	1.230133
80	4	1.391552	0.1154455	0.4016889
80	5	0.02848327	0.5472562	0.1394134
84	2	0.02848327	0.5472562	0.1394134
84	3	-0.3149216	0.5393089	1.230133
84	4	1.391552	0.1154455	0.4016889
84	5	0.02848327	0.5472562	0.1394134
85	2	0.02848327	0.5472562	0.1394134
85	3	-0.3149216	0.5393089	1.230133
85	4	1.391552	0.1154455	0.4016889
85	5	0.02848327	0.5472562	0.1394134
86	2	0.02848327	0.5472562	0.1394134
86	3	-0.3149216	0.5393089	1.230133
86	4	1.391552	0.1154455	0.4016889
86	5	0.02848327	0.5472562	0.1394134
87	1	0.5533326	0.291886	1.123358
87	2	1.035689	0.2551167	0.06628935
87	3	0.5533326	0.291886	1.123358
87	4	-0.2425495	0.6010142	0.4053915
87	5	1.035689	0.2551167	0.06628935
88	1	-0.2915487	0.5732621	0.8247957
88	3	-0.2915487	0.5732621	0.8247957
88	4	1.374655	0.1167781	0.4382761
88	5	0.2432179	0.4940782	0.0335897
89	1	-0.2915487	0.5732621	0.8247957
89	3	-0.2915487	0.5732621	0.8247957
89	4	1.374655	0.1167781	0.4382761
89	5	0.2432179	0.4940782	0.0335897
90	1	-0.2915487	0.5732621	0.8247957
90	3	-0.2915487	0.5732621	0.8247957
90	4	1.374655	0.1167781	0.4382761
90	5	0.2432179	0.4940782	0.0335897
91	1	0.6863792	0.2630937	1.016606
91	2	1.026700	0.2575225	0.06893826
91	3	0.6863792	0.2630937	1.016606
91	4	-0.2503200	0.6013771	0.4246936
91	5	1.026700	0.2575225	0.06893826
92	1	0.6863792	0.2630937	1.016606
92	2	1.026700	0.2575225	0.06893826
92	3	0.6863792	0.2630937	1.016606
92	4	-0.2503200	0.6013771	0.4246936
92	5	1.026700	0.2575225	0.06893826
93	1	0.937325	0.2132060	0.771469
93	2	0.8318662	0.3202319	0.02166338
93	3	0.937325	0.2132060	0.771469
93	4	-0.2579426	0.6023731	0.4372862
93	5	0.937325	0.2132060	0.771469
94	1	0.937325	0.2132060	0.771469
94	2	0.8318662	0.3202319	0.02166338
94	3	0.937325	0.2132060	0.771469
94	4	-0.2579426	0.6023731	0.4372862
94	5	0.937325	0.2132060	0.771469
95	1	0.937325	0.2132060	0.771469
95	2	0.8318662	0.3202319	0.02166338
95	3	0.937325	0.2132060	0.771469
95	4	-0.2579426	0.6023731	0.4372862
95	5	0.937325	0.2132060	0.771469
96	1	0.937325	0.2132060	0.771469
96	2	0.8318662	0.3202319	0.02166338
96	3	0.937325	0.2132060	0.771469
96	4	-0.2579426	0.6023731	0.4372862
96	5	0.937325	0.2132060	0.771469
97	2	0.06230104	0.5411552	0.1002148
97	3	-0.3304403	0.5727642	0.9443377
97	4	1.353340	0.1251868	0.4177607
98	2	0.06230104	0.5411552	0.1002148
98	3	-0.3304403	0.5727642	0.9443377
98	4	1.353340	0.1251868	0.4177607
99	1	-0.2918923	0.5731508	0.8269111
99	2	0.2418439	0.4944572	0.03388395
99	3	-0.2918923	0.5731508	0.8269111
99	4	1.375599	0.1166883	0.4363824
100	1	-0.2918923	0.5731508	0.8269111
100	2	0.2418439	0.4944572	0.03388395
100	3	-0.2918923	0.5731508	0.8269111
100	4	1.375599	0.1166883	0.4363824
101	1	-0.2918923	0.5731508	0.8269111
101	2	0.2418439	0.4944572	0.03388395
101	3	-0.2918923	0.5731508	0.8269111
101	4	1.375599	0.1166883	0.4363824
102	1	-0.2918923	0.5731508	0.8269111
102	2	0.2418439	0.4944572	0.03388395
102	3	-0.2918923	0.5731508	0.8269111
102	4	1.375599	0.1166883	0.4363824
103	1	1.297322	0.1413361	0.4228078
103	4	-0.1942715	0.5874848	0.397193
104	1	1.297322	0.1413361	0.4228078
104	4	-0.1942715	0.5874848	0.397193
105	1	1.297322	0.1413361	0.4228078
105	4	-0.1942715	0.5874848	0.397193
106	1	1.297322	0.1413361	0.4228078
106	4	-0.1942715	0.5874848	0.397193
107	1	1.297322	0.1413361	0.4228078
107	4	-0.1942715	0.5874848	0.397193
108	1	1.297322	0.1413361	0.4228078
108	4	-0.1942715	0.5874848	0.397193
109	1	-0.3110644	0.5745609	0.8694353
109	3	-0.3110644	0.5745609	0.8694353
109	4	1.299838	0.1281132	0.5464251
109	5	0.4767052	0.4280196	0.0001464333
110	1	-0.3110644	0.5745609	0.8694353
110	3	-0.3110644	0.5745609	0.8694353
110	4	1.299838	0.1281132	0.5464251
110	5	0.4767052	0.4280196	0.0001464333
111	1	-0.1870720	0.5844889	0.4056654
111	3	-0.1870720	0.5844889	0.4056654
111	4	0.6297899	0.2616542	1.197632
111	5	1.151050	0.2222060	0.05246694
112	1	-0.1870720	0.5844889	0.4056654
112	3	-0.1870720	0.5844889	0.4056654
112	4	0.6297899	0.2616542	1.197632
112	5	1.151050	0.2222060	0.05246694
113	1	-0.1870720	0.5844889	0.4056654
113	3	-0.1870720	0.5844889	0.4056654
113	4	0.6297899	0.2616542	1.197632
113	5	1.151050	0.2222060	0.05246694
114	1	-0.1870720	0.5844889	0.4056654
114	3	-0.1870720	0.5844889	0.4056654
114	4	0.6297899	0.2616542	1.197632
114	5	1.151050	0.2222060	0.05246694
115	1	-0.1870720	0.5844889	0.4056654
115	3	-0.1870720	0.5844889	0.4056654
115	4	0.6297899	0.2616542	1.197632
115	5	1.151050	0.2222060	0.05246694
119	1	-0.1870720	0.5844889	0.4056654
119	3	-0.1870720	0.5844889	0.4056654
119	4	0.6297899	0.2616542	1.197632
119	5	1.151050	0.2222060	0.05246694
120	1	-0.1870720	0.5844889	0.4056654
120	3	-0.1870720	0.5844889	0.4056654
120	4	0.6297899	0.2616542	1.197632
120	5	1.151050	0.2222060	0.05246694
121	1	-0.1870720	0.5844889	0.4056654
121	3	-0.1870720	0.5844889	0.4056654
121	4	0.6297899	0.2616542	1.197632
121	5	1.151050	0.2222060	0.05246694
122	1	-0.1870720	0.5844889	0.4056654
122	3	-0.1870720	0.5844889	0.4056654
122	4	0.6297899	0.2616542	1.197632
122	5	1.151050	0.2222060	0.05246694
123	1	-0.1732013	0.5804832	0.4044851
123	2	-0.1625868	0.5773242	0.4045099
123	3	-0.1732013	0.5804832	0.4044851
123	4	0.7163575	0.2410337	1.146869
123	5	1.211306	0.2030993	0.06423965
124	1	-0.1732013	0.5804832	0.4044851
124	2	-0.1625868	0.5773242	0.4045099
124	3	-0.1732013	0.5804832	0.4044851
124	4	0.7163575	0.2410337	1.146869
124	5	1.211306	0.2030993	0.06423965
125	1	-0.1732013	0.5804832	0.4044851
125	2	-0.1625868	0.5773242	0.4045099
125	3	-0.1732013	0.5804832	0.4044851
125	4	0.7163575	0.2410337	1.146869
125	5	1.211306	0.2030993	0.06423965
126	1	-0.1732013	0.5804832	0.4044851
126	2	-0.1625868	0.5773242	0.4045099
126	3	-0.1732013	0.5804832	0.4044851
126	4	0.7163575	0.2410337	1.146869
126	5	1.211306	0.2030993	0.06423965
127	1	-0.1732013	0.5804832	0.4044851
127	2	-0.1625868	0.5773242	0.4045099
127	3	-0.1732013	0.5804832	0.4044851
127	4	0.7163575	0.2410337	1.146869
127	5	1.211306	0.2030993	0.06423965
128	1	-0.1732013	0.5804832	0.4044851
128	2	-0.1625868	0.5773242	0.4045099
128	3	-0.1732013	0.5804832	0.4044851
128	4	0.7163575	0.2410337	1.146869
128	5	1.211306	0.2030993	0.06423965
129	1	-0.172095	0.5801525	0.4045016
129	2	-0.1699303	0.5795083	0.4045065
129	3	-0.172095	0.5801525	0.4045016
129	4	0.7349844	0.2366134	1.135782
129	5	1.223582	0.1991924	0.06677783
130	1	-0.172095	0.5801525	0.4045016
130	2	-0.1699303	0.5795083	0.4045065
130	3	-0.172095	0.5801525	0.4045016
130	4	0.7349844	0.2366134	1.135782
130	5	1.223582	0.1991924	0.06677783
131	1	-0.172095	0.5801525	0.4045016
131	2	-0.1699303	0.5795083	0.4045065
131	3	-0.172095	0.5801525	0.4045016
131	4	0.7349844	0.2366134	1.135782
131	5	1.223582	0.1991924	0.06677783
132	1	-0.1852727	0.5841798	0.4034255
132	2	-0.1852727	0.5841798	0.4034255
132	4	0.619515	0.2640316	1.204351
132	5	1.149038	0.2228208	0.0523017
133	1	-0.1852727	0.5841798	0.4034255
133	2	-0.1852727	0.5841798	0.4034255
133	4	0.619515	0.2640316	1.204351
133	5	1.149038	0.2228208	0.0523017
134	1	-0.1095212	0.4481659	1.528032
134	4	-0.01793764	0.5618888	0.1312071
134	5	1.305532	0.1670609	0.1436921
135	1	-0.1095212	0.4481659	1.528032
135	4	-0.01793764	0.5618888	0.1312071
135	5	1.305532	0.1670609	0.1436921
136	1	-0.3141489	0.5686066	0.9375286
136	3	-0.3141489	0.5686066	0.9375286
136	4	1.335463	0.1238483	0.4837061
136	5	0.3829627	0.4553202	0.005855969
137	1	1.212038	0.1670628	0.4191859
137	2	0.04927012	0.4070195	1.467838
137	3	1.212038	0.1670628	0.4191859
137	4	-0.2279816	0.597313	0.3991386
137	5	0.7333524	0.3511384	0.005700962
138	1	1.212038	0.1670628	0.4191859
138	2	0.04927012	0.4070195	1.467838
138	3	1.212038	0.1670628	0.4191859
138	4	-0.2279816	0.597313	0.3991386
138	5	0.7333524	0.3511384	0.005700962
143	1	-0.1171966	0.5636327	0.4064278
143	2	0.06699461	0.5399378	0.0984479
143	3	-0.3302183	0.5711647	0.9595339
143	5	1.358437	0.1240480	0.4140266
144	1	-0.1171966	0.5636327	0.4064278
144	2	0.06699461	0.5399378	0.0984479
144	3	-0.3302183	0.5711647	0.9595339
144	5	1.358437	0.1240480	0.4140266
145	1	1.155603	0.1841532	0.4161336
145	2	0.04047686	0.5466243	0.1103317
145	3	-0.3320485	0.5767685	0.909396
145	5	1.341318	0.128693	0.418444
146	1	-0.1504277	0.5728987	0.4125328
146	2	-0.1504277	0.5728987	0.4125329
146	3	-0.1504277	0.5728987	0.4125329
146	4	1.415952	0.1076236	0.407295
146	5	-0.1504277	0.5728987	0.4125328
147	1	-0.1504277	0.5728987	0.4125328
147	2	-0.1504277	0.5728987	0.4125329
147	3	-0.1504277	0.5728987	0.4125329
147	4	1.415952	0.1076236	0.407295
147	5	-0.1504277	0.5728987	0.4125328
148	1	-0.1504277	0.5728987	0.4125328
148	2	-0.1504277	0.5728987	0.4125329
148	3	-0.1504277	0.5728987	0.4125329
148	4	1.415952	0.1076236	0.407295
148	5	-0.1504277	0.5728987	0.4125328
149	1	-0.1504277	0.5728987	0.4125328
149	2	-0.1504277	0.5728987	0.4125329
149	3	-0.1504277	0.5728987	0.4125329
149	4	1.415952	0.1076236	0.407295
149	5	-0.1504277	0.5728987	0.4125328
192	1	-0.1504277	0.5728987	0.4125328
192	2	-0.1504277	0.5728987	0.4125329
192	3	-0.1504277	0.5728987	0.4125329
192	4	1.415952	0.1076236	0.407295
192	5	-0.1504277	0.5728987	0.4125328
193	1	-0.1504277	0.5728987	0.4125328
193	2	-0.1504277	0.5728987	0.4125329
193	3	-0.1504277	0.5728987	0.4125329
193	4	1.415952	0.1076236	0.407295
193	5	-0.1504277	0.5728987	0.4125328
194	1	-0.1504277	0.5728987	0.4125328
194	2	-0.1504277	0.5728987	0.4125329
194	3	-0.1504277	0.5728987	0.4125329
194	4	1.415952	0.1076236	0.407295
194	5	-0.1504277	0.5728987	0.4125328
195	1	-0.1504277	0.5728987	0.4125328
195	2	-0.1504277	0.5728987	0.4125329
195	3	-0.1504277	0.5728987	0.4125329
195	4	1.415952	0.1076236	0.407295
195	5	-0.1504277	0.5728987	0.4125328
196	1	-0.2238634	0.5750851	0.6072714
196	2	0.1370827	0.5208858	0.08070489
196	3	-0.2238634	0.5750851	0.6072714
196	4	1.407251	0.1086606	0.4226603
196	5	-0.2238634	0.5750851	0.6072714
197	1	-0.05313095	0.5624289	0.2295645
197	2	-0.2952855	0.5698208	0.8699084
197	4	1.38988	0.1141924	0.4190323
197	5	-0.05313095	0.5624289	0.2295645
198	1	-0.05313095	0.5624289	0.2295645
198	2	-0.2952855	0.5698208	0.8699084
198	4	1.38988	0.1141924	0.4190323
198	5	-0.05313095	0.5624289	0.2295645
199	1	0.937325	0.2132060	0.771469
199	2	0.8318662	0.3202319	0.02166338
199	3	0.937325	0.2132060	0.771469
199	4	-0.2579426	0.6023731	0.4372862
199	5	0.937325	0.2132060	0.771469
200	1	0.937325	0.2132060	0.771469
200	2	0.8318662	0.3202319	0.02166338
200	3	0.937325	0.2132060	0.771469
200	4	-0.2579426	0.6023731	0.4372862
200	5	0.937325	0.2132060	0.771469
201	1	1.120904	0.1941041	0.4197782
201	3	1.120904	0.1941041	0.4197782
202	1	-0.1672692	0.5792421	0.3993026
202	3	-0.1672692	0.5792421	0.3993026
202	4	1.359246	0.1229998	0.4220291
203	1	-0.1672692	0.5792421	0.3993026
203	3	-0.1672692	0.5792421	0.3993026
203	4	1.359246	0.1229998	0.4220291
204	1	-0.1672692	0.5792421	0.3993026
204	3	-0.1672692	0.5792421	0.3993026
204	4	1.359246	0.1229998	0.4220291
205	1	-0.1870720	0.5844889	0.4056654
205	3	-0.1870720	0.5844889	0.4056654
205	4	0.6297899	0.2616542	1.197632
205	5	1.151050	0.2222060	0.05246694
206	1	-0.1870720	0.5844889	0.4056654
206	3	-0.1870720	0.5844889	0.4056654
206	4	0.6297899	0.2616542	1.197632
206	5	1.151050	0.2222060	0.05246694
207	1	-0.1870720	0.5844889	0.4056654
207	3	-0.1870720	0.5844889	0.4056654
207	4	0.6297899	0.2616542	1.197632
207	5	1.151050	0.2222060	0.05246694
208	1	-0.1870720	0.5844889	0.4056654
208	3	-0.1870720	0.5844889	0.4056654
208	4	0.6297899	0.2616542	1.197632
208	5	1.151050	0.2222060	0.05246694
209	1	-0.1870720	0.5844889	0.4056654
209	3	-0.1870720	0.5844889	0.4056654
209	4	0.6297899	0.2616542	1.197632
209	5	1.151050	0.2222060	0.05246694
210	4	1.297322	0.1413361	0.4228078
210	5	-0.1942715	0.5874848	0.397193
211	4	1.297322	0.1413361	0.4228078
211	5	-0.1942715	0.5874848	0.397193
212	4	1.297322	0.1413361	0.4228078
212	5	-0.1942715	0.5874848	0.397193
213	4	1.297322	0.1413361	0.4228078
213	5	-0.1942715	0.5874848	0.397193
214	4	1.297322	0.1413361	0.4228078
214	5	-0.1942715	0.5874848	0.397193
215	4	1.297322	0.1413361	0.4228078
215	5	-0.1942715	0.5874848	0.397193
216	4	1.297322	0.1413361	0.4228078
216	5	-0.1942715	0.5874848	0.397193
217	1	-0.1095212	0.4481659	1.528032
217	4	-0.01793764	0.5618888	0.1312071
217	5	1.305532	0.1670609	0.1436921
218	1	-0.1870720	0.5844889	0.4056654
218	3	-0.1870720	0.5844889	0.4056654
218	4	0.6297899	0.2616542	1.197632
218	5	1.151050	0.2222060	0.05246694
219	1	-0.1870720	0.5844889	0.4056654
219	3	-0.1870720	0.5844889	0.4056654
219	4	0.6297899	0.2616542	1.197632
219	5	1.151050	0.2222060	0.05246694
220	1	1.297322	0.1413361	0.4228078
220	4	-0.1942715	0.5874848	0.397193
221	1	-0.1672692	0.5792421	0.3993026
221	3	-0.1672692	0.5792421	0.3993026
221	4	1.359246	0.1229998	0.4220291
222	1	-0.1672692	0.5792421	0.3993026
222	3	-0.1672692	0.5792421	0.3993026
222	4	1.359246	0.1229998	0.4220291
223	1	-0.1672692	0.5792421	0.3993026
223	3	-0.1672692	0.5792421	0.3993026
223	4	1.359246	0.1229998	0.4220291
224	1	-0.1672692	0.5792421	0.3993026
224	3	-0.1672692	0.5792421	0.3993026
224	4	1.359246	0.1229998	0.4220291
225	1	-0.1672692	0.5792421	0.3993026
225	3	-0.1672692	0.5792421	0.3993026
225	4	1.359246	0.1229998	0.4220291
226	1	-0.1672692	0.5792421	0.3993026
226	3	-0.1672692	0.5792421	0.3993026
226	4	1.359246	0.1229998	0.4220291
227	1	-0.1870720	0.5844889	0.4056654
227	3	-0.1870720	0.5844889	0.4056654
227	4	0.6297899	0.2616542	1.197632
227	5	1.151050	0.2222060	0.05246694
228	1	-0.172095	0.5801525	0.4045016
228	2	-0.1699303	0.5795083	0.4045065
228	3	-0.172095	0.5801525	0.4045016
228	4	0.7349844	0.2366134	1.135782
228	5	1.223582	0.1991924	0.06677783
229	1	-0.172095	0.5801525	0.4045016
229	2	-0.1699303	0.5795083	0.4045065
229	3	-0.172095	0.5801525	0.4045016
229	4	0.7349844	0.2366134	1.135782
229	5	1.223582	0.1991924	0.06677783
230	1	-0.172095	0.5801525	0.4045016
230	2	-0.1699303	0.5795083	0.4045065
230	3	-0.172095	0.5801525	0.4045016
230	4	0.7349844	0.2366134	1.135782
230	5	1.223582	0.1991924	0.06677783
231	1	-0.172095	0.5801525	0.4045016
231	2	-0.1699303	0.5795083	0.4045065
231	3	-0.172095	0.5801525	0.4045016
231	4	0.7349844	0.2366134	1.135782
231	5	1.223582	0.1991924	0.06677783
232	1	-0.172095	0.5801525	0.4045016
232	2	-0.1699303	0.5795083	0.4045065
232	3	-0.172095	0.5801525	0.4045016
232	4	0.7349844	0.2366134	1.135782
232	5	1.223582	0.1991924	0.06677783
233	1	-0.1852727	0.5841798	0.4034255
233	2	-0.1852727	0.5841798	0.4034255
233	4	0.619515	0.2640316	1.204351
233	5	1.149038	0.2228208	0.0523017
234	1	-0.1852727	0.5841798	0.4034255
234	2	-0.1852727	0.5841798	0.4034255
234	4	0.619515	0.2640316	1.204351
234	5	1.149038	0.2228208	0.0523017
235	1	-0.1852727	0.5841798	0.4034255
235	2	-0.1852727	0.5841798	0.4034255
235	4	0.619515	0.2640316	1.204351
235	5	1.149038	0.2228208	0.0523017
236	1	-0.1852727	0.5841798	0.4034255
236	2	-0.1852727	0.5841798	0.4034255
236	4	0.619515	0.2640316	1.204351
236	5	1.149038	0.2228208	0.0523017
237	1	-0.1852727	0.5841798	0.4034255
237	2	-0.1852727	0.5841798	0.4034255
237	4	0.619515	0.2640316	1.204351
237	5	1.149038	0.2228208	0.0523017
238	1	-0.1852727	0.5841798	0.4034255
238	2	-0.1852727	0.5841798	0.4034255
238	4	0.619515	0.2640316	1.204351
238	5	1.149038	0.2228208	0.0523017
239	1	-0.1852727	0.5841798	0.4034255
239	2	-0.1852727	0.5841798	0.4034255
239	4	0.619515	0.2640316	1.204351
239	5	1.149038	0.2228208	0.0523017
240	1	-0.172095	0.5801525	0.4045016
240	2	-0.1699303	0.5795083	0.4045065
240	3	-0.172095	0.5801525	0.4045016
240	4	0.7349844	0.2366134	1.135782
240	5	1.223582	0.1991924	0.06677783
241	1	-0.1870720	0.5844889	0.4056654
241	3	-0.1870720	0.5844889	0.4056654
241	4	0.6297899	0.2616542	1.197632
241	5	1.151050	0.2222060	0.05246694
242	1	-0.2701920	0.5757435	0.737271
242	3	-0.2701920	0.5757435	0.737271
242	4	1.384216	0.1151885	0.4258539
242	5	0.1508627	0.5182629	0.0660887
243	1	1.077318	0.1877885	0.6108037
243	2	0.844268	0.3164636	0.02245962
243	3	1.077318	0.1877885	0.6108037
243	4	-0.2523199	0.6015879	0.4284982
243	5	0.5739037	0.2881132	1.100124
244	1	1.077318	0.1877885	0.6108037
244	2	0.844268	0.3164636	0.02245962
244	3	1.077318	0.1877885	0.6108037
244	4	-0.2523199	0.6015879	0.4284982
244	5	0.5739037	0.2881132	1.100124
245	1	-0.1829285	0.5756766	0.4807804
245	2	-0.3029014	0.5405599	1.182314
245	3	-0.1829285	0.5756766	0.4807804
245	4	1.396892	0.1107871	0.4321134
245	5	0.3168775	0.4733094	0.02233505
368	1	-0.2407548	0.577606	0.6320667
368	2	0.05228709	0.5417369	0.1239607
368	3	-0.2407548	0.577606	0.6320667
368	4	1.389996	0.1141834	0.4187813
369	1	-0.2407548	0.577606	0.6320667
369	2	0.05228709	0.5417369	0.1239607
369	3	-0.2407548	0.577606	0.6320667
369	4	1.389996	0.1141834	0.4187813
370	1	-0.2407548	0.577606	0.6320667
370	2	0.05228709	0.5417369	0.1239607
370	3	-0.2407548	0.577606	0.6320667
370	4	1.389996	0.1141834	0.4187813
371	1	-0.2407548	0.577606	0.6320667
371	2	0.05228709	0.5417369	0.1239607
371	3	-0.2407548	0.577606	0.6320667
371	4	1.389996	0.1141834	0.4187813
372	1	-0.2407548	0.577606	0.6320667
372	2	0.05228709	0.5417369	0.1239607
372	3	-0.2407548	0.577606	0.6320667
372	4	1.389996	0.1141834	0.4187813
373	1	-0.2407548	0.577606	0.6320667
373	2	0.05228709	0.5417369	0.1239607
373	3	-0.2407548	0.577606	0.6320667
373	4	1.389996	0.1141834	0.4187813
374	1	-0.2407548	0.577606	0.6320667
374	2	0.05228709	0.5417369	0.1239607
374	3	-0.2407548	0.577606	0.6320667
374	4	1.389996	0.1141834	0.4187813
375	1	-0.2407548	0.577606	0.6320667
375	2	0.05228709	0.5417369	0.1239607
375	3	-0.2407548	0.577606	0.6320667
375	4	1.389996	0.1141834	0.4187813
376	1	-0.2691505	0.5816055	0.6761115
376	2	-0.0505986	0.5639985	0.2065476
376	4	1.359274	0.1234223	0.4177582
377	1	-0.2691505	0.5816055	0.6761115
377	2	-0.0505986	0.5639985	0.2065476
377	4	1.359274	0.1234223	0.4177582
378	1	-0.2691505	0.5816055	0.6761115
378	2	-0.0505986	0.5639985	0.2065476
378	4	1.359274	0.1234223	0.4177582
379	1	-0.2691505	0.5816055	0.6761115
379	2	-0.0505986	0.5639985	0.2065476
379	4	1.359274	0.1234223	0.4177582
380	1	-0.2691505	0.5816055	0.6761115
380	2	-0.0505986	0.5639985	0.2065476
380	4	1.359274	0.1234223	0.4177582
561	1	-0.1379541	0.5706398	0.3981601
561	2	-0.1804825	0.5833604	0.3974298
561	4	1.327712	0.1322461	0.4233297
562	1	-0.1379541	0.5706398	0.3981601
562	2	-0.1804825	0.5833604	0.3974298
562	4	1.327712	0.1322461	0.4233297
563	1	-0.1629751	0.5781238	0.3977304
563	4	1.229981	0.1614783	0.4216514
564	1	-0.1553380	0.573584	0.420212
564	3	-0.1553380	0.573584	0.420212
564	4	1.277516	0.1496185	0.3990985
565	1	-0.1553380	0.573584	0.420212
565	3	-0.1553380	0.573584	0.420212
565	4	1.277516	0.1496185	0.3990985
566	1	-0.1240843	0.5663403	0.3998935
566	3	-0.1240843	0.5663403	0.3998935
566	4	1.179309	0.1767904	0.4192391
567	1	-0.1240843	0.5663403	0.3998935
567	3	-0.1240843	0.5663403	0.3998935
567	4	1.179309	0.1767904	0.4192391
568	1	-0.1240843	0.5663403	0.3998935
568	3	-0.1240843	0.5663403	0.3998935
568	4	1.179309	0.1767904	0.4192391
569	1	-0.1240843	0.5663403	0.3998935
569	3	-0.1240843	0.5663403	0.3998935
569	4	1.179309	0.1767904	0.4192391
570	1	-0.1240843	0.5663403	0.3998935
570	3	-0.1240843	0.5663403	0.3998935
570	4	1.179309	0.1767904	0.4192391
571	1	-0.1240843	0.5663403	0.3998935
571	3	-0.1240843	0.5663403	0.3998935
571	4	1.179309	0.1767904	0.4192391
572	2	1.272782	0.1545409	0.3642683
572	3	-0.05180214	0.5623157	0.2267703
572	4	-0.2686039	0.548642	1.001155
573	2	1.272782	0.1545409	0.3642683
573	3	-0.05180214	0.5623157	0.2267703
573	4	-0.2686039	0.548642	1.001155
574	2	1.272782	0.1545409	0.3642683
574	3	-0.05180214	0.5623157	0.2267703
574	4	-0.2686039	0.548642	1.001155
575	2	1.272782	0.1545409	0.3642683
575	3	-0.05180214	0.5623157	0.2267703
575	4	-0.2686039	0.548642	1.001155
576	2	1.272782	0.1545409	0.3642683
576	3	-0.05180214	0.5623157	0.2267703
576	4	-0.2686039	0.548642	1.001155
577	2	0.9505134	0.283522	0.03580515
577	3	0.6821174	0.2620752	1.039258
577	4	1.040985	0.1916897	0.6792145
577	5	-0.2422493	0.5990749	0.4237248
578	2	0.9505134	0.283522	0.03580515
578	3	0.6821174	0.2620752	1.039258
578	4	1.040985	0.1916897	0.6792145
578	5	-0.2422493	0.5990749	0.4237248
579	2	0.9505134	0.283522	0.03580515
579	3	0.6821174	0.2620752	1.039258
579	4	1.040985	0.1916897	0.6792145
579	5	-0.2422493	0.5990749	0.4237248
580	1	1.064775	0.2470934	0.06008391
580	2	-0.2363547	0.5716951	0.6776747
580	3	1.030875	0.1919461	0.7064649
580	4	0.9298365	0.2113502	0.8119268
580	5	-0.2150201	0.5955695	0.3782206
581	1	1.064775	0.2470934	0.06008391
581	2	-0.2363547	0.5716951	0.6776747
581	3	1.030875	0.1919461	0.7064649
581	4	0.9298365	0.2113502	0.8119268
581	5	-0.2150201	0.5955695	0.3782206
582	1	1.064775	0.2470934	0.06008391
582	2	-0.2363547	0.5716951	0.6776747
582	3	1.030875	0.1919461	0.7064649
582	4	0.9298365	0.2113502	0.8119268
582	5	-0.2150201	0.5955695	0.3782206
583	1	1.041881	0.1898263	0.6950408
583	2	0.1883112	0.5082017	0.05543503
583	3	1.041881	0.1898263	0.6950408
583	4	1.248146	0.177349	0.2108492
583	5	-0.2890944	0.6006823	0.5458418
584	1	1.035267	0.1942247	0.6709436
584	2	0.705289	0.3595244	0.005297855
584	3	1.035267	0.1942247	0.6709436
584	4	0.6022094	0.2811232	1.085979
584	5	-0.2707753	0.6022696	0.4761288
585	1	1.035267	0.1942247	0.6709436
585	2	0.705289	0.3595244	0.005297855
585	3	1.035267	0.1942247	0.6709436
585	4	0.6022094	0.2811232	1.085979
585	5	-0.2707753	0.6022696	0.4761288
586	1	1.035267	0.1942247	0.6709436
586	2	0.705289	0.3595244	0.005297855
586	3	1.035267	0.1942247	0.6709436
586	4	0.6022094	0.2811232	1.085979
586	5	-0.2707753	0.6022696	0.4761288
587	1	1.035267	0.1942247	0.6709436
587	2	0.705289	0.3595244	0.005297855
587	3	1.035267	0.1942247	0.6709436
587	4	0.6022094	0.2811232	1.085979
587	5	-0.2707753	0.6022696	0.4761288
588	1	1.035267	0.1942247	0.6709436
588	2	0.705289	0.3595244	0.005297855
588	3	1.035267	0.1942247	0.6709436
588	4	0.6022094	0.2811232	1.085979
588	5	-0.2707753	0.6022696	0.4761288
589	2	0.3492587	0.4648484	0.01075676
589	3	-0.2676197	0.5779888	0.7074404
589	4	-0.329795	0.557222	1.096451
589	5	1.352160	0.1210157	0.4625711
590	2	0.3492587	0.4648484	0.01075676
590	3	-0.2676197	0.5779888	0.7074404
590	4	-0.329795	0.557222	1.096451
590	5	1.352160	0.1210157	0.4625711
591	2	0.3492587	0.4648484	0.01075676
591	3	-0.2676197	0.5779888	0.7074404
591	4	-0.329795	0.557222	1.096451
591	5	1.352160	0.1210157	0.4625711
592	2	0.3492587	0.4648484	0.01075676
592	3	-0.2676197	0.5779888	0.7074404
592	4	-0.329795	0.557222	1.096451
592	5	1.352160	0.1210157	0.4625711
593	2	0.3492587	0.4648484	0.01075676
593	3	-0.2676197	0.5779888	0.7074404
593	4	-0.329795	0.557222	1.096451
593	5	1.352160	0.1210157	0.4625711
594	2	0.3492587	0.4648484	0.01075676
594	3	-0.2676197	0.5779888	0.7074404
594	4	-0.329795	0.557222	1.096451
594	5	1.352160	0.1210157	0.4625711
595	2	0.3492587	0.4648484	0.01075676
595	3	-0.2676197	0.5779888	0.7074404
595	4	-0.329795	0.557222	1.096451
595	5	1.352160	0.1210157	0.4625711
596	2	0.3492587	0.4648484	0.01075676
596	3	-0.2676197	0.5779888	0.7074404
596	4	-0.329795	0.557222	1.096451
596	5	1.352160	0.1210157	0.4625711
598	2	0.3492587	0.4648484	0.01075676
598	3	-0.2676197	0.5779888	0.7074404
598	4	-0.329795	0.557222	1.096451
598	5	1.352160	0.1210157	0.4625711
599	2	0.3492587	0.4648484	0.01075676
599	3	-0.2676197	0.5779888	0.7074404
599	4	-0.329795	0.557222	1.096451
599	5	1.352160	0.1210157	0.4625711
600	2	0.07086892	0.5376383	0.1098180
600	3	-0.3044175	0.5668534	0.9262252
600	4	-0.1578280	0.5755816	0.4077544
600	5	1.390460	0.1146448	0.4128394
601	2	0.07086892	0.5376383	0.1098180
601	3	-0.3044175	0.5668534	0.9262252
601	4	-0.1578280	0.5755816	0.4077544
601	5	1.390460	0.1146448	0.4128394
602	2	0.07086892	0.5376383	0.1098180
602	3	-0.3044175	0.5668534	0.9262252
602	4	-0.1578280	0.5755816	0.4077544
602	5	1.390460	0.1146448	0.4128394
603	2	0.07086892	0.5376383	0.1098180
603	3	-0.3044175	0.5668534	0.9262252
603	4	-0.1578280	0.5755816	0.4077544
603	5	1.390460	0.1146448	0.4128394
604	2	0.07086892	0.5376383	0.1098180
604	3	-0.3044175	0.5668534	0.9262252
604	4	-0.1578280	0.5755816	0.4077544
604	5	1.390460	0.1146448	0.4128394
605	2	0.07086892	0.5376383	0.1098180
605	3	-0.3044175	0.5668534	0.9262252
605	4	-0.1578280	0.5755816	0.4077544
605	5	1.390460	0.1146448	0.4128394
606	2	0.07086892	0.5376383	0.1098180
606	3	-0.3044175	0.5668534	0.9262252
606	4	-0.1578280	0.5755816	0.4077544
606	5	1.390460	0.1146448	0.4128394
607	2	0.07086892	0.5376383	0.1098180
607	3	-0.3044175	0.5668534	0.9262252
607	4	-0.1578280	0.5755816	0.4077544
607	5	1.390460	0.1146448	0.4128394
608	1	-0.2857284	0.5662102	0.8775253
608	2	0.1831385	0.5092976	0.0598187
608	3	-0.2857284	0.5662102	0.8775253
608	4	-0.05883319	0.562077	0.2498553
608	5	1.407375	0.1092392	0.4165624
609	1	-0.2857284	0.5662102	0.8775253
609	2	0.1831385	0.5092976	0.0598187
609	3	-0.2857284	0.5662102	0.8775253
609	4	-0.05883319	0.562077	0.2498553
609	5	1.407375	0.1092392	0.4165624
610	1	1.205005	0.1794977	0.3166882
610	2	-0.06283149	0.5633788	0.2487376
610	3	1.205005	0.1794977	0.3166882
610	4	-0.2203762	0.5168863	1.173718
611	1	1.205005	0.1794977	0.3166882
611	2	-0.06283149	0.5633788	0.2487376
611	3	1.205005	0.1794977	0.3166882
611	4	-0.2203762	0.5168863	1.173718
612	1	1.205005	0.1794977	0.3166882
612	2	-0.06283149	0.5633788	0.2487376
612	3	1.205005	0.1794977	0.3166882
612	4	-0.2203762	0.5168863	1.173718
613	2	1.223322	0.1798219	0.2594971
613	3	-0.05813333	0.5615543	0.2529720
613	4	0.00189508	0.4389674	1.290856
614	2	1.054133	0.2467676	0.09467354
614	3	-0.1539512	0.5745354	0.4066972
614	4	0.6415374	0.2775939	1.005059
615	2	1.091847	0.2391380	0.05913948
615	3	0.5947781	0.2761924	1.15674
615	4	-0.2182566	0.5936162	0.4071146
616	2	1.091847	0.2391380	0.05913948
616	3	0.5947781	0.2761924	1.15674
616	4	-0.2182566	0.5936162	0.4071146
617	1	0.7950556	0.2383548	0.9415038
617	2	0.8208913	0.3244362	0.01234297
617	3	0.7950556	0.2383548	0.9415038
617	4	-0.2576189	0.5989165	0.4705863
618	1	0.8785154	0.2202791	0.8746812
618	2	0.7155864	0.3566204	0.003730534
618	3	0.8785154	0.2202791	0.8746812
618	4	-0.2843678	0.6004485	0.5342298
619	1	0.8785154	0.2202791	0.8746812
619	2	0.7155864	0.3566204	0.003730534
619	3	0.8785154	0.2202791	0.8746812
619	4	-0.2843678	0.6004485	0.5342298
620	1	1.120904	0.1941041	0.4197782
620	3	1.120904	0.1941041	0.4197782
621	1	1.120904	0.1941041	0.4197782
621	3	1.120904	0.1941041	0.4197782
622	1	1.120904	0.1941041	0.4197782
622	3	1.120904	0.1941041	0.4197782
623	1	1.120904	0.1941041	0.4197782
623	3	1.120904	0.1941041	0.4197782
624	1	1.120904	0.1941041	0.4197782
624	3	1.120904	0.1941041	0.4197782
625	1	1.120904	0.1941041	0.4197782
625	3	1.120904	0.1941041	0.4197782
626	1	1.120904	0.1941041	0.4197782
626	3	1.120904	0.1941041	0.4197782
627	1	1.154394	0.1888628	0.3730271
627	2	-0.1459820	0.5678333	0.4496285
627	3	1.154394	0.1888628	0.3730270
628	1	1.142406	0.1876726	0.4201475
628	2	-0.1197135	0.5651838	0.3984734
629	1	1.142406	0.1876726	0.4201475
629	2	-0.1197135	0.5651838	0.3984734
630	1	-0.1781555	0.5819925	0.4041276
630	2	-0.08955297	0.5729876	0.2322626
630	4	0.3638948	0.3234699	1.368622
630	5	1.266272	0.1839061	0.09245674
631	1	-0.1654983	0.5781289	0.4051152
631	2	-0.05889714	0.566098	0.2101976
631	3	-0.1654983	0.5781289	0.4051152
631	4	0.4840238	0.2940754	1.305904
631	5	1.318751	0.1668561	0.1067662
632	1	-0.1654983	0.5781289	0.4051152
632	2	-0.05889714	0.566098	0.2101976
632	3	-0.1654983	0.5781289	0.4051152
632	4	0.4840238	0.2940754	1.305904
632	5	1.318751	0.1668561	0.1067662
633	1	-0.1654983	0.5781289	0.4051152
633	2	-0.05889714	0.566098	0.2101976
633	3	-0.1654983	0.5781289	0.4051152
633	4	0.4840238	0.2940754	1.305904
633	5	1.318751	0.1668561	0.1067662
634	1	-0.1654983	0.5781289	0.4051152
634	2	-0.05889714	0.566098	0.2101976
634	3	-0.1654983	0.5781289	0.4051152
634	4	0.4840238	0.2940754	1.305904
634	5	1.318751	0.1668561	0.1067662
635	1	-0.1654983	0.5781289	0.4051152
635	2	-0.05889714	0.566098	0.2101976
635	3	-0.1654983	0.5781289	0.4051152
635	4	0.4840238	0.2940754	1.305904
635	5	1.318751	0.1668561	0.1067662
636	1	-0.1654983	0.5781289	0.4051152
636	2	-0.05889714	0.566098	0.2101976
636	3	-0.1654983	0.5781289	0.4051152
636	4	0.4840238	0.2940754	1.305904
636	5	1.318751	0.1668561	0.1067662
644	1	-0.2449600	0.5779579	0.6409718
644	2	-0.1657796	0.5799036	0.3883578
644	3	-0.2449600	0.5779579	0.6409718
644	4	0.8984026	0.203527	0.9820823
644	5	1.000801	0.2698911	0.02269181
645	1	-0.2449600	0.5779579	0.6409718
645	2	-0.1657796	0.5799036	0.3883578
645	3	-0.2449600	0.5779579	0.6409718
645	4	0.8984026	0.203527	0.9820823
645	5	1.000801	0.2698911	0.02269181
646	1	-0.02791341	0.4422373	1.346295
646	2	-0.02680540	0.4421478	1.343917
646	3	-0.02791341	0.4422373	1.346295
646	4	0.008520334	0.5564595	0.1070409
646	5	1.288381	0.1743115	0.1223825
647	1	-0.02791341	0.4422373	1.346295
647	2	-0.02680540	0.4421478	1.343917
647	3	-0.02791341	0.4422373	1.346295
647	4	0.008520334	0.5564595	0.1070409
647	5	1.288381	0.1743115	0.1223825
648	1	-0.02791341	0.4422373	1.346295
648	2	-0.02680540	0.4421478	1.343917
648	3	-0.02791341	0.4422373	1.346295
648	4	0.008520334	0.5564595	0.1070409
648	5	1.288381	0.1743115	0.1223825
649	1	-0.1340759	0.5677683	0.4151867
649	2	-0.1340759	0.5677683	0.4151867
649	3	-0.1340759	0.5677683	0.4151867
649	4	1.361215	0.124259	0.4037497
649	5	-0.1778667	0.5806931	0.4161526
650	1	-0.1340759	0.5677683	0.4151867
650	2	-0.1340759	0.5677683	0.4151867
650	3	-0.1340759	0.5677683	0.4151867
650	4	1.361215	0.124259	0.4037497
650	5	-0.1778667	0.5806931	0.4161526
651	1	-0.1340759	0.5677683	0.4151867
651	2	-0.1340759	0.5677683	0.4151867
651	3	-0.1340759	0.5677683	0.4151867
651	4	1.361215	0.124259	0.4037497
651	5	-0.1778667	0.5806931	0.4161526
652	1	-0.1340759	0.5677683	0.4151867
652	2	-0.1340759	0.5677683	0.4151867
652	3	-0.1340759	0.5677683	0.4151867
652	4	1.361215	0.124259	0.4037497
652	5	-0.1778667	0.5806931	0.4161526
653	1	-0.1340759	0.5677683	0.4151867
653	2	-0.1340759	0.5677683	0.4151867
653	3	-0.1340759	0.5677683	0.4151867
653	4	1.361215	0.124259	0.4037497
653	5	-0.1778667	0.5806931	0.4161526
654	1	1.120904	0.1941041	0.4197782
654	2	1.120904	0.1941041	0.4197782
654	3	1.120904	0.1941041	0.4197782
654	4	1.120904	0.1941041	0.4197782
654	5	1.120904	0.1941041	0.4197782
655	1	1.120904	0.1941041	0.4197782
655	2	1.120904	0.1941041	0.4197782
655	3	1.120904	0.1941041	0.4197782
655	4	1.120904	0.1941041	0.4197782
655	5	1.120904	0.1941041	0.4197782
656	1	1.120904	0.1941041	0.4197782
656	2	1.120904	0.1941041	0.4197782
656	3	1.120904	0.1941041	0.4197782
656	4	1.120904	0.1941041	0.4197782
656	5	1.120904	0.1941041	0.4197782
657	1	1.120904	0.1941041	0.4197782
657	2	1.120904	0.1941041	0.4197782
657	3	1.120904	0.1941041	0.4197782
657	4	1.120904	0.1941041	0.4197782
657	5	1.120904	0.1941041	0.4197782
658	1	1.120904	0.1941041	0.4197782
658	2	1.120904	0.1941041	0.4197782
658	3	1.120904	0.1941041	0.4197782
658	4	1.120904	0.1941041	0.4197782
658	5	1.120904	0.1941041	0.4197782
659	1	1.120904	0.1941041	0.4197782
659	2	1.120904	0.1941041	0.4197782
659	3	1.120904	0.1941041	0.4197782
659	4	1.120904	0.1941041	0.4197782
659	5	1.120904	0.1941041	0.4197782
660	1	1.120904	0.1941041	0.4197782
660	2	1.120904	0.1941041	0.4197782
660	3	1.120904	0.1941041	0.4197782
660	4	1.120904	0.1941041	0.4197782
660	5	1.120904	0.1941041	0.4197782
661	1	1.120904	0.1941041	0.4197782
661	2	1.120904	0.1941041	0.4197782
661	3	1.120904	0.1941041	0.4197782
661	4	1.120904	0.1941041	0.4197782
661	5	1.120904	0.1941041	0.4197782
662	1	1.120904	0.1941041	0.4197782
662	2	1.120904	0.1941041	0.4197782
662	3	1.120904	0.1941041	0.4197782
662	4	1.120904	0.1941041	0.4197782
662	5	1.120904	0.1941041	0.4197782
663	1	1.120904	0.1941041	0.4197782
663	2	1.120904	0.1941041	0.4197782
663	3	1.120904	0.1941041	0.4197782
663	4	1.120904	0.1941041	0.4197782
663	5	1.120904	0.1941041	0.4197782
664	1	1.120904	0.1941041	0.4197782
664	2	1.120904	0.1941041	0.4197782
664	3	1.120904	0.1941041	0.4197782
664	4	1.120904	0.1941041	0.4197782
664	5	1.120904	0.1941041	0.4197782
665	1	1.120904	0.1941041	0.4197782
665	2	1.120904	0.1941041	0.4197782
665	3	1.120904	0.1941041	0.4197782
665	4	1.120904	0.1941041	0.4197782
665	5	1.120904	0.1941041	0.4197782
666	1	1.120904	0.1941041	0.4197782
666	2	1.120904	0.1941041	0.4197782
666	3	1.120904	0.1941041	0.4197782
666	4	1.120904	0.1941041	0.4197782
666	5	1.120904	0.1941041	0.4197782
667	1	1.120904	0.1941041	0.4197782
667	2	1.120904	0.1941041	0.4197782
667	3	1.120904	0.1941041	0.4197782
667	4	1.120904	0.1941041	0.4197782
667	5	1.120904	0.1941041	0.4197782
668	1	1.120904	0.1941041	0.4197782
668	2	1.120904	0.1941041	0.4197782
668	3	1.120904	0.1941041	0.4197782
668	4	1.120904	0.1941041	0.4197782
668	5	1.120904	0.1941041	0.4197782
669	1	1.120904	0.1941041	0.4197782
669	2	1.120904	0.1941041	0.4197782
669	3	1.120904	0.1941041	0.4197782
669	4	1.120904	0.1941041	0.4197782
669	5	1.120904	0.1941041	0.4197782
670	1	1.120904	0.1941041	0.4197782
670	2	1.120904	0.1941041	0.4197782
670	3	1.120904	0.1941041	0.4197782
670	4	1.120904	0.1941041	0.4197782
670	5	1.120904	0.1941041	0.4197782
671	1	1.120904	0.1941041	0.4197782
671	2	1.120904	0.1941041	0.4197782
671	3	1.120904	0.1941041	0.4197782
671	4	1.120904	0.1941041	0.4197782
671	5	1.120904	0.1941041	0.4197782
672	1	1.120904	0.1941041	0.4197782
672	2	1.120904	0.1941041	0.4197782
672	3	1.120904	0.1941041	0.4197782
672	4	1.120904	0.1941041	0.4197782
672	5	1.120904	0.1941041	0.4197782
673	1	1.120904	0.1941041	0.4197782
673	2	1.120904	0.1941041	0.4197782
673	3	1.120904	0.1941041	0.4197782
673	4	1.120904	0.1941041	0.4197782
673	5	1.120904	0.1941041	0.4197782
674	1	1.120904	0.1941041	0.4197782
674	2	1.120904	0.1941041	0.4197782
674	3	1.120904	0.1941041	0.4197782
674	4	1.120904	0.1941041	0.4197782
674	5	1.120904	0.1941041	0.4197782
675	1	1.120904	0.1941041	0.4197782
675	2	1.120904	0.1941041	0.4197782
675	3	1.120904	0.1941041	0.4197782
675	4	1.120904	0.1941041	0.4197782
675	5	1.120904	0.1941041	0.4197782
676	1	1.120904	0.1941041	0.4197782
676	2	1.120904	0.1941041	0.4197782
676	3	1.120904	0.1941041	0.4197782
676	4	1.120904	0.1941041	0.4197782
676	5	1.120904	0.1941041	0.4197782
677	1	-0.2572094	0.5699624	0.7563012
677	2	-0.2572094	0.5699624	0.7563012
677	3	-0.2572094	0.5699624	0.7563012
677	4	-0.2572094	0.5699624	0.7563012
677	5	1.397636	0.1393748	0.1466307
678	1	-0.2572094	0.5699624	0.7563012
678	2	-0.2572094	0.5699624	0.7563012
678	3	-0.2572094	0.5699624	0.7563012
678	4	-0.2572094	0.5699624	0.7563012
678	5	1.397636	0.1393748	0.1466307
679	1	0.01663605	0.5491027	0.1560269
679	2	0.01663605	0.5491027	0.1560269
679	3	0.01663605	0.5491027	0.1560269
679	4	-0.1828856	0.4768108	1.460369
679	5	1.427380	0.1107150	0.3429857
680	1	0.01663605	0.5491027	0.1560269
680	2	0.01663605	0.5491027	0.1560269
680	3	0.01663605	0.5491027	0.1560269
680	4	-0.1828856	0.4768108	1.460369
680	5	1.427380	0.1107150	0.3429857
681	1	0.01663605	0.5491027	0.1560269
681	2	0.01663605	0.5491027	0.1560269
681	3	0.01663605	0.5491027	0.1560269
681	4	-0.1828856	0.4768108	1.460369
681	5	1.427380	0.1107150	0.3429857
682	2	0.06384896	0.53933	0.1137401
682	3	0.06384896	0.53933	0.1137401
682	4	-0.3163946	0.5340231	1.286853
682	5	1.384354	0.1179430	0.3981495
683	1	0.08342047	0.534502	0.1039089
683	2	-0.1322385	0.5706403	0.3813115
683	3	0.08342047	0.534502	0.1039089
683	4	-0.2393885	0.4989476	1.407509
683	5	1.414794	0.1118958	0.3683736
685	1	-0.3009081	0.541337	1.168739
685	2	0.2493830	0.4937062	0.01910894
685	3	-0.3009081	0.541337	1.168739
685	4	1.371941	0.1254055	0.3607793
686	1	-0.2918923	0.5731508	0.8269111
686	2	0.2418439	0.4944572	0.03388395
686	3	-0.2918923	0.5731508	0.8269111
686	4	1.375599	0.1166883	0.4363824
687	2	-0.1828933	0.5834824	0.4033255
687	3	-0.1828933	0.5834824	0.4033255
687	4	0.5995908	0.2687843	1.215968
687	5	1.135876	0.2269724	0.04994793
688	2	-0.1828933	0.5834824	0.4033255
688	3	-0.1828933	0.5834824	0.4033255
688	4	0.5995908	0.2687843	1.215968
688	5	1.135876	0.2269724	0.04994793
689	2	-0.1828933	0.5834824	0.4033255
689	3	-0.1828933	0.5834824	0.4033255
689	4	0.5995908	0.2687843	1.215968
689	5	1.135876	0.2269724	0.04994793
690	1	-0.1732013	0.5804832	0.4044851
690	2	-0.1625868	0.5773242	0.4045099
690	3	-0.1732013	0.5804832	0.4044851
690	4	0.7163575	0.2410337	1.146869
690	5	1.211306	0.2030993	0.06423965
691	1	-0.1732013	0.5804832	0.4044851
691	2	-0.1625868	0.5773242	0.4045099
691	3	-0.1732013	0.5804832	0.4044851
691	4	0.7163575	0.2410337	1.146869
691	5	1.211306	0.2030993	0.06423965
692	1	-0.1732013	0.5804832	0.4044851
692	2	-0.1625868	0.5773242	0.4045099
692	3	-0.1732013	0.5804832	0.4044851
692	4	0.7163575	0.2410337	1.146869
692	5	1.211306	0.2030993	0.06423965
693	1	-0.1732013	0.5804832	0.4044851
693	2	-0.1625868	0.5773242	0.4045099
693	3	-0.1732013	0.5804832	0.4044851
693	4	0.7163575	0.2410337	1.146869
693	5	1.211306	0.2030993	0.06423965
694	1	-0.1732013	0.5804832	0.4044851
694	2	-0.1625868	0.5773242	0.4045099
694	3	-0.1732013	0.5804832	0.4044851
694	4	0.7163575	0.2410337	1.146869
694	5	1.211306	0.2030993	0.06423965
695	1	-0.1732013	0.5804832	0.4044851
695	2	-0.1625868	0.5773242	0.4045099
695	3	-0.1732013	0.5804832	0.4044851
695	4	0.7163575	0.2410337	1.146869
695	5	1.211306	0.2030993	0.06423965
696	1	-0.1732013	0.5804832	0.4044851
696	2	-0.1625868	0.5773242	0.4045099
696	3	-0.1732013	0.5804832	0.4044851
696	4	0.7163575	0.2410337	1.146869
696	5	1.211306	0.2030993	0.06423965
697	1	-0.1870720	0.5844889	0.4056654
697	3	-0.1870720	0.5844889	0.4056654
697	4	0.6297899	0.2616542	1.197632
697	5	1.151050	0.2222060	0.05246694
698	1	-0.1870720	0.5844889	0.4056654
698	3	-0.1870720	0.5844889	0.4056654
698	4	0.6297899	0.2616542	1.197632
698	5	1.151050	0.2222060	0.05246694
699	1	-0.1870720	0.5844889	0.4056654
699	3	-0.1870720	0.5844889	0.4056654
699	4	0.6297899	0.2616542	1.197632
699	5	1.151050	0.2222060	0.05246694
700	1	-0.1870720	0.5844889	0.4056654
700	3	-0.1870720	0.5844889	0.4056654
700	4	0.6297899	0.2616542	1.197632
700	5	1.151050	0.2222060	0.05246694
701	1	-0.1870720	0.5844889	0.4056654
701	3	-0.1870720	0.5844889	0.4056654
701	4	0.6297899	0.2616542	1.197632
701	5	1.151050	0.2222060	0.05246694
702	1	-0.1870720	0.5844889	0.4056654
702	3	-0.1870720	0.5844889	0.4056654
702	4	0.6297899	0.2616542	1.197632
702	5	1.151050	0.2222060	0.05246694
703	1	-0.1870720	0.5844889	0.4056654
703	3	-0.1870720	0.5844889	0.4056654
703	4	0.6297899	0.2616542	1.197632
703	5	1.151050	0.2222060	0.05246694
704	1	-0.1870720	0.5844889	0.4056654
704	3	-0.1870720	0.5844889	0.4056654
704	4	0.6297899	0.2616542	1.197632
704	5	1.151050	0.2222060	0.05246694
705	1	-0.1870720	0.5844889	0.4056654
705	3	-0.1870720	0.5844889	0.4056654
705	4	0.6297899	0.2616542	1.197632
705	5	1.151050	0.2222060	0.05246694
706	1	-0.3110644	0.5745609	0.8694353
706	3	-0.3110644	0.5745609	0.8694353
706	4	1.299838	0.1281132	0.5464251
706	5	0.4767052	0.4280196	0.0001464333
707	1	-0.3110644	0.5745609	0.8694353
707	3	-0.3110644	0.5745609	0.8694353
707	4	1.299838	0.1281132	0.5464251
707	5	0.4767052	0.4280196	0.0001464333
708	1	-0.3110644	0.5745609	0.8694353
708	3	-0.3110644	0.5745609	0.8694353
708	4	1.299838	0.1281132	0.5464251
708	5	0.4767052	0.4280196	0.0001464333
709	1	-0.3110644	0.5745609	0.8694353
709	3	-0.3110644	0.5745609	0.8694353
709	4	1.299838	0.1281132	0.5464251
709	5	0.4767052	0.4280196	0.0001464333
710	1	-0.3110644	0.5745609	0.8694353
710	3	-0.3110644	0.5745609	0.8694353
710	4	1.299838	0.1281132	0.5464251
710	5	0.4767052	0.4280196	0.0001464333
711	1	-0.3110644	0.5745609	0.8694353
711	3	-0.3110644	0.5745609	0.8694353
711	4	1.299838	0.1281132	0.5464251
711	5	0.4767052	0.4280196	0.0001464333
712	1	-0.3110644	0.5745609	0.8694353
712	3	-0.3110644	0.5745609	0.8694353
712	4	1.299838	0.1281132	0.5464251
712	5	0.4767052	0.4280196	0.0001464333
713	3	0.5916245	0.2768933	1.159087
713	4	-0.2172949	0.5935399	0.4050369
713	5	1.093684	0.2385406	0.0596476
714	3	1.297322	0.1413361	0.4228078
714	4	-0.1942715	0.5874848	0.397193
715	3	1.297322	0.1413361	0.4228078
715	4	-0.1942715	0.5874848	0.397193
716	3	1.297322	0.1413361	0.4228078
716	4	-0.1942715	0.5874848	0.397193
717	3	1.297322	0.1413361	0.4228078
717	4	-0.1942715	0.5874848	0.397193
718	2	0.06230104	0.5411552	0.1002148
718	3	-0.3304403	0.5727642	0.9443377
718	4	1.353340	0.1251868	0.4177607
719	2	0.06230104	0.5411552	0.1002148
719	3	-0.3304403	0.5727642	0.9443377
719	4	1.353340	0.1251868	0.4177607
720	1	-0.2017678	0.5777068	0.516179
720	2	-0.05181367	0.5621166	0.2287773
720	3	-0.2017678	0.5777068	0.516179
720	4	1.392251	0.1136846	0.417076
736	1	-0.2783470	0.5722886	0.7955383
736	2	-0.2762064	0.5723935	0.788191
736	3	-0.2783470	0.5722886	0.7955383
736	4	1.358141	0.1158965	0.4956769
736	5	0.484084	0.4255417	0.002957353
737	1	-0.2783470	0.5722886	0.7955383
737	2	-0.2762064	0.5723935	0.788191
737	3	-0.2783470	0.5722886	0.7955383
737	4	1.358141	0.1158965	0.4956769
737	5	0.484084	0.4255417	0.002957353
738	1	-0.2783470	0.5722886	0.7955383
738	2	-0.2762064	0.5723935	0.788191
738	3	-0.2783470	0.5722886	0.7955383
738	4	1.358141	0.1158965	0.4956769
738	5	0.484084	0.4255417	0.002957353
739	1	-0.2783470	0.5722886	0.7955383
739	2	-0.2762064	0.5723935	0.788191
739	3	-0.2783470	0.5722886	0.7955383
739	4	1.358141	0.1158965	0.4956769
739	5	0.484084	0.4255417	0.002957353
740	1	-0.2020826	0.5777046	0.5171286
740	2	-0.05132146	0.5619936	0.2285457
740	3	-0.2020826	0.5777046	0.5171286
740	4	1.255038	0.1547231	0.4147519
740	5	1.255038	0.1547231	0.4147519
741	1	-0.2020826	0.5777046	0.5171286
741	2	-0.05132146	0.5619936	0.2285457
741	3	-0.2020826	0.5777046	0.5171286
741	4	1.255038	0.1547231	0.4147519
741	5	1.255038	0.1547231	0.4147519
742	1	-0.2020826	0.5777046	0.5171286
742	2	-0.05132146	0.5619936	0.2285457
742	3	-0.2020826	0.5777046	0.5171286
742	4	1.255038	0.1547231	0.4147519
742	5	1.255038	0.1547231	0.4147519
743	1	-0.2020826	0.5777046	0.5171286
743	2	-0.05132146	0.5619936	0.2285457
743	3	-0.2020826	0.5777046	0.5171286
743	4	1.255038	0.1547231	0.4147519
743	5	1.255038	0.1547231	0.4147519
744	1	0.01876919	0.5486583	0.154145
744	2	0.01611939	0.5491434	0.1571462
744	3	0.01876919	0.5486583	0.154145
744	4	-0.1868742	0.4782232	1.458126
744	5	1.426564	0.1107647	0.3448964
745	1	0.01876919	0.5486583	0.154145
745	2	0.01611939	0.5491434	0.1571462
745	3	0.01876919	0.5486583	0.154145
745	4	-0.1868742	0.4782232	1.458126
745	5	1.426564	0.1107647	0.3448964
746	1	0.01876919	0.5486583	0.154145
746	2	0.01611939	0.5491434	0.1571462
746	3	0.01876919	0.5486583	0.154145
746	4	-0.1868742	0.4782232	1.458126
746	5	1.426564	0.1107647	0.3448964
747	1	0.01876919	0.5486583	0.154145
747	2	0.01611939	0.5491434	0.1571462
747	3	0.01876919	0.5486583	0.154145
747	4	-0.1868742	0.4782232	1.458126
747	5	1.426564	0.1107647	0.3448964
748	1	0.01876919	0.5486583	0.154145
748	2	0.01611939	0.5491434	0.1571462
748	3	0.01876919	0.5486583	0.154145
748	4	-0.1868742	0.4782232	1.458126
748	5	1.426564	0.1107647	0.3448964
749	1	0.01876919	0.5486583	0.154145
749	2	0.01611939	0.5491434	0.1571462
749	3	0.01876919	0.5486583	0.154145
749	4	-0.1868742	0.4782232	1.458126
749	5	1.426564	0.1107647	0.3448964
750	1	0.01876919	0.5486583	0.154145
750	2	0.01611939	0.5491434	0.1571462
750	3	0.01876919	0.5486583	0.154145
750	4	-0.1868742	0.4782232	1.458126
750	5	1.426564	0.1107647	0.3448964
751	4	1.297322	0.1413361	0.4228078
751	5	-0.1942715	0.5874848	0.397193
752	1	-0.1719591	0.5801117	0.4045053
752	2	-0.1714413	0.5799576	0.4045065
752	3	-0.1719591	0.5801117	0.4045053
752	4	0.7394494	0.2355540	1.133122
752	5	1.226521	0.1982562	0.06739341
753	1	-0.1719591	0.5801117	0.4045053
753	2	-0.1714413	0.5799576	0.4045065
753	3	-0.1719591	0.5801117	0.4045053
753	4	0.7394494	0.2355540	1.133122
753	5	1.226521	0.1982562	0.06739341
754	1	-0.1719591	0.5801117	0.4045053
754	2	-0.1714413	0.5799576	0.4045065
754	3	-0.1719591	0.5801117	0.4045053
754	4	0.7394494	0.2355540	1.133122
754	5	1.226521	0.1982562	0.06739341
755	1	-0.1719591	0.5801117	0.4045053
755	2	-0.1714413	0.5799576	0.4045065
755	3	-0.1719591	0.5801117	0.4045053
755	4	0.7394494	0.2355540	1.133122
755	5	1.226521	0.1982562	0.06739341
756	1	-0.1719591	0.5801117	0.4045053
756	2	-0.1714413	0.5799576	0.4045065
756	3	-0.1719591	0.5801117	0.4045053
756	4	0.7394494	0.2355540	1.133122
756	5	1.226521	0.1982562	0.06739341
757	1	-0.1719591	0.5801117	0.4045053
757	2	-0.1714413	0.5799576	0.4045065
757	3	-0.1719591	0.5801117	0.4045053
757	4	0.7394494	0.2355540	1.133122
757	5	1.226521	0.1982562	0.06739341
758	1	-0.1719591	0.5801117	0.4045053
758	2	-0.1714413	0.5799576	0.4045065
758	3	-0.1719591	0.5801117	0.4045053
758	4	0.7394494	0.2355540	1.133122
758	5	1.226521	0.1982562	0.06739341
759	1	-0.1719591	0.5801117	0.4045053
759	2	-0.1714413	0.5799576	0.4045065
759	3	-0.1719591	0.5801117	0.4045053
759	4	0.7394494	0.2355540	1.133122
759	5	1.226521	0.1982562	0.06739341
760	4	1.297322	0.1413361	0.4228078
760	5	-0.1942715	0.5874848	0.397193
761	4	1.297322	0.1413361	0.4228078
761	5	-0.1942715	0.5874848	0.397193
762	1	0.01876919	0.5486583	0.154145
762	2	0.01611939	0.5491434	0.1571462
762	3	0.01876919	0.5486583	0.154145
762	4	-0.1868742	0.4782232	1.458126
762	5	1.426564	0.1107647	0.3448964
763	1	0.01876919	0.5486583	0.154145
763	2	0.01611939	0.5491434	0.1571462
763	3	0.01876919	0.5486583	0.154145
763	4	-0.1868742	0.4782232	1.458126
763	5	1.426564	0.1107647	0.3448964
764	1	0.01876919	0.5486583	0.154145
764	2	0.01611939	0.5491434	0.1571462
764	3	0.01876919	0.5486583	0.154145
764	4	-0.1868742	0.4782232	1.458126
764	5	1.426564	0.1107647	0.3448964
765	1	0.01876919	0.5486583	0.154145
765	2	0.01611939	0.5491434	0.1571462
765	3	0.01876919	0.5486583	0.154145
765	4	-0.1868742	0.4782232	1.458126
765	5	1.426564	0.1107647	0.3448964
766	1	-0.05819089	0.563283	0.2360117
766	3	-0.05819089	0.563283	0.2360117
766	4	-0.2967782	0.5690536	0.8819109
766	5	1.394614	0.1138499	0.4084763
767	1	-0.05819089	0.563283	0.2360117
767	3	-0.05819089	0.563283	0.2360117
767	4	-0.2967782	0.5690536	0.8819109
767	5	1.394614	0.1138499	0.4084763
768	1	-0.05819089	0.563283	0.2360117
768	3	-0.05819089	0.563283	0.2360117
768	4	-0.2967782	0.5690536	0.8819109
768	5	1.394614	0.1138499	0.4084763
769	1	-0.00793503	0.5531906	0.1879255
769	2	-0.1916449	0.5751736	0.5114505
769	3	-0.00793503	0.5531906	0.1879255
769	4	-0.2906762	0.5621108	0.9327285
769	5	1.412698	0.1082167	0.4110066
770	1	-0.00793503	0.5531906	0.1879255
770	2	-0.1916449	0.5751736	0.5114505
770	3	-0.00793503	0.5531906	0.1879255
770	4	-0.2906762	0.5621108	0.9327285
770	5	1.412698	0.1082167	0.4110066
773	2	-0.1575089	0.5755041	0.4075818
773	3	-0.002178155	0.5531494	0.1713696
773	4	-0.2738370	0.5743664	0.761658
773	5	1.393083	0.113843	0.4130567
774	2	-0.1575089	0.5755041	0.4075818
774	3	-0.002178155	0.5531494	0.1713696
774	4	-0.2738370	0.5743664	0.761658
774	5	1.393083	0.113843	0.4130567
775	1	-0.00793503	0.5531906	0.1879255
775	2	-0.1916449	0.5751736	0.5114505
775	3	-0.00793503	0.5531906	0.1879255
775	4	-0.2906762	0.5621108	0.9327285
775	5	1.412698	0.1082167	0.4110066
776	1	-0.00793503	0.5531906	0.1879255
776	2	-0.1916449	0.5751736	0.5114505
776	3	-0.00793503	0.5531906	0.1879255
776	4	-0.2906762	0.5621108	0.9327285
776	5	1.412698	0.1082167	0.4110066
777	1	-0.00793503	0.5531906	0.1879255
777	2	-0.1916449	0.5751736	0.5114505
777	3	-0.00793503	0.5531906	0.1879255
777	4	-0.2906762	0.5621108	0.9327285
777	5	1.412698	0.1082167	0.4110066
778	1	0.04654852	0.5405278	0.1528531
778	2	-0.1503945	0.5749316	0.3922899
778	3	0.04654852	0.5405278	0.1528531
778	4	-0.283869	0.5727255	0.8074816
778	5	1.385589	0.1143634	0.4299826
779	1	0.04654852	0.5405278	0.1528531
779	2	-0.1503945	0.5749316	0.3922899
779	3	0.04654852	0.5405278	0.1528531
779	4	-0.283869	0.5727255	0.8074816
779	5	1.385589	0.1143634	0.4299826
780	1	0.04654852	0.5405278	0.1528531
780	2	-0.1503945	0.5749316	0.3922899
780	3	0.04654852	0.5405278	0.1528531
780	4	-0.283869	0.5727255	0.8074816
780	5	1.385589	0.1143634	0.4299826
781	1	0.04654852	0.5405278	0.1528531
781	2	-0.1503945	0.5749316	0.3922899
781	3	0.04654852	0.5405278	0.1528531
781	4	-0.283869	0.5727255	0.8074816
781	5	1.385589	0.1143634	0.4299826
782	1	0.04654852	0.5405278	0.1528531
782	2	-0.1503945	0.5749316	0.3922899
782	3	0.04654852	0.5405278	0.1528531
782	4	-0.283869	0.5727255	0.8074816
782	5	1.385589	0.1143634	0.4299826
783	1	0.04654852	0.5405278	0.1528531
783	2	-0.1503945	0.5749316	0.3922899
783	3	0.04654852	0.5405278	0.1528531
783	4	-0.283869	0.5727255	0.8074816
783	5	1.385589	0.1143634	0.4299826
784	1	0.04654852	0.5405278	0.1528531
784	2	-0.1503945	0.5749316	0.3922899
784	3	0.04654852	0.5405278	0.1528531
784	4	-0.283869	0.5727255	0.8074816
784	5	1.385589	0.1143634	0.4299826
785	1	0.04654852	0.5405278	0.1528531
785	2	-0.1503945	0.5749316	0.3922899
785	3	0.04654852	0.5405278	0.1528531
785	4	-0.283869	0.5727255	0.8074816
785	5	1.385589	0.1143634	0.4299826
786	1	1.156452	0.1841828	0.4133403
786	2	-0.1173965	0.5637905	0.4054529
786	3	1.156452	0.1841828	0.4133403
786	4	-0.1395262	0.5703735	0.4054315
787	1	1.156452	0.1841828	0.4133403
787	2	-0.1173965	0.5637905	0.4054529
787	3	1.156452	0.1841828	0.4133403
787	4	-0.1395262	0.5703735	0.4054315
788	1	-0.1240843	0.5663403	0.3998935
788	3	-0.1240843	0.5663403	0.3998935
788	4	1.179309	0.1767904	0.4192391
789	1	-0.1240843	0.5663403	0.3998935
789	3	-0.1240843	0.5663403	0.3998935
789	4	1.179309	0.1767904	0.4192391
831	1	-0.1672692	0.5792421	0.3993026
831	3	-0.1672692	0.5792421	0.3993026
831	4	1.359246	0.1229998	0.4220291
832	1	-0.1672692	0.5792421	0.3993026
832	3	-0.1672692	0.5792421	0.3993026
832	4	1.359246	0.1229998	0.4220291
833	3	1.297322	0.1413361	0.4228078
833	4	-0.1942715	0.5874848	0.397193
834	3	1.297322	0.1413361	0.4228078
834	4	-0.1942715	0.5874848	0.397193
835	3	1.297322	0.1413361	0.4228078
835	4	-0.1942715	0.5874848	0.397193
836	3	1.297322	0.1413361	0.4228078
836	4	-0.1942715	0.5874848	0.397193
837	3	1.297322	0.1413361	0.4228078
837	4	-0.1942715	0.5874848	0.397193
838	3	1.297322	0.1413361	0.4228078
838	4	-0.1942715	0.5874848	0.397193
839	3	1.297322	0.1413361	0.4228078
839	4	-0.1942715	0.5874848	0.397193
840	3	1.297322	0.1413361	0.4228078
840	4	-0.1942715	0.5874848	0.397193
841	3	1.297322	0.1413361	0.4228078
841	4	-0.1942715	0.5874848	0.397193
842	3	1.297322	0.1413361	0.4228078
842	4	-0.1942715	0.5874848	0.397193
843	3	1.297322	0.1413361	0.4228078
843	4	-0.1942715	0.5874848	0.397193
844	3	1.297322	0.1413361	0.4228078
844	4	-0.1942715	0.5874848	0.397193
845	3	1.297322	0.1413361	0.4228078
845	4	-0.1942715	0.5874848	0.397193
846	3	1.297322	0.1413361	0.4228078
846	4	-0.1942715	0.5874848	0.397193
847	1	-0.2918923	0.5731508	0.8269111
847	2	0.2418439	0.4944572	0.03388395
847	3	-0.2918923	0.5731508	0.8269111
847	4	1.375599	0.1166883	0.4363824
848	1	-0.2918923	0.5731508	0.8269111
848	2	0.2418439	0.4944572	0.03388395
848	3	-0.2918923	0.5731508	0.8269111
848	4	1.375599	0.1166883	0.4363824
849	1	-0.2918923	0.5731508	0.8269111
849	2	0.2418439	0.4944572	0.03388395
849	3	-0.2918923	0.5731508	0.8269111
849	4	1.375599	0.1166883	0.4363824
850	1	-0.2918923	0.5731508	0.8269111
850	2	0.2418439	0.4944572	0.03388395
850	3	-0.2918923	0.5731508	0.8269111
850	4	1.375599	0.1166883	0.4363824
851	1	-0.2918923	0.5731508	0.8269111
851	2	0.2418439	0.4944572	0.03388395
851	3	-0.2918923	0.5731508	0.8269111
851	4	1.375599	0.1166883	0.4363824
852	1	-0.2918923	0.5731508	0.8269111
852	2	0.2418439	0.4944572	0.03388395
852	3	-0.2918923	0.5731508	0.8269111
852	4	1.375599	0.1166883	0.4363824
853	1	-0.2918923	0.5731508	0.8269111
853	2	0.2418439	0.4944572	0.03388395
853	3	-0.2918923	0.5731508	0.8269111
853	4	1.375599	0.1166883	0.4363824
854	1	-0.2918923	0.5731508	0.8269111
854	2	0.2418439	0.4944572	0.03388395
854	3	-0.2918923	0.5731508	0.8269111
854	4	1.375599	0.1166883	0.4363824
855	1	-0.2918923	0.5731508	0.8269111
855	2	0.2418439	0.4944572	0.03388395
855	3	-0.2918923	0.5731508	0.8269111
855	4	1.375599	0.1166883	0.4363824
856	1	-0.2918923	0.5731508	0.8269111
856	2	0.2418439	0.4944572	0.03388395
856	3	-0.2918923	0.5731508	0.8269111
856	4	1.375599	0.1166883	0.4363824
857	1	-0.2918923	0.5731508	0.8269111
857	2	0.2418439	0.4944572	0.03388395
857	3	-0.2918923	0.5731508	0.8269111
857	4	1.375599	0.1166883	0.4363824
858	1	-0.1561988	0.5756144	0.4026283
858	2	-0.3081366	0.524871	1.353211
858	3	-0.1561988	0.5756144	0.4026283
858	4	1.326747	0.1219727	0.5279786
858	5	0.5675434	0.4012255	-0.002023286
859	1	-0.1561988	0.5756144	0.4026283
859	2	-0.3081366	0.524871	1.353211
859	3	-0.1561988	0.5756144	0.4026283
859	4	1.326747	0.1219727	0.5279786
859	5	0.5675434	0.4012255	-0.002023286
860	1	-0.1561988	0.5756144	0.4026283
860	2	-0.3081366	0.524871	1.353211
860	3	-0.1561988	0.5756144	0.4026283
860	4	1.326747	0.1219727	0.5279786
860	5	0.5675434	0.4012255	-0.002023286
880	1	-0.1561988	0.5756144	0.4026283
880	2	-0.3081366	0.524871	1.353211
880	3	-0.1561988	0.5756144	0.4026283
880	4	1.326747	0.1219727	0.5279786
880	5	0.5675434	0.4012255	-0.002023286
881	1	-0.1561988	0.5756144	0.4026283
881	2	-0.3081366	0.524871	1.353211
881	3	-0.1561988	0.5756144	0.4026283
881	4	1.326747	0.1219727	0.5279786
881	5	0.5675434	0.4012255	-0.002023286
882	1	-0.1561988	0.5756144	0.4026283
882	2	-0.3081366	0.524871	1.353211
882	3	-0.1561988	0.5756144	0.4026283
882	4	1.326747	0.1219727	0.5279786
882	5	0.5675434	0.4012255	-0.002023286
883	1	-0.1561988	0.5756144	0.4026283
883	2	-0.3081366	0.524871	1.353211
883	3	-0.1561988	0.5756144	0.4026283
883	4	1.326747	0.1219727	0.5279786
883	5	0.5675434	0.4012255	-0.002023286
884	1	-0.1561988	0.5756144	0.4026283
884	2	-0.3081366	0.524871	1.353211
884	3	-0.1561988	0.5756144	0.4026283
884	4	1.326747	0.1219727	0.5279786
884	5	0.5675434	0.4012255	-0.002023286
885	1	-0.3056108	0.5719452	0.8792848
885	3	-0.3056108	0.5719452	0.8792848
885	4	1.354373	0.1198144	0.4679534
885	5	0.3413309	0.4669541	0.01325202
886	1	-0.3056108	0.5719452	0.8792848
886	3	-0.3056108	0.5719452	0.8792848
886	4	1.354373	0.1198144	0.4679534
886	5	0.3413309	0.4669541	0.01325202
887	1	1.297322	0.1413361	0.4228078
887	4	-0.1942715	0.5874848	0.397193
888	1	-0.3304416	0.5727633	0.9443498
888	2	0.06229502	0.5411567	0.1002185
888	4	1.353345	0.1251865	0.4177508
889	1	-0.3304416	0.5727633	0.9443498
889	2	0.06229502	0.5411567	0.1002185
889	4	1.353345	0.1251865	0.4177508
890	1	-0.3304416	0.5727633	0.9443498
890	2	0.06229502	0.5411567	0.1002185
890	4	1.353345	0.1251865	0.4177508
891	1	-0.3304416	0.5727633	0.9443498
891	2	0.06229502	0.5411567	0.1002185
891	4	1.353345	0.1251865	0.4177508
892	1	-0.3304416	0.5727633	0.9443498
892	2	0.06229502	0.5411567	0.1002185
892	4	1.353345	0.1251865	0.4177508
944	1	-0.3304416	0.5727633	0.9443498
944	2	0.06229502	0.5411567	0.1002185
944	4	1.353345	0.1251865	0.4177508
945	1	-0.1829390	0.583486	0.4034238
945	2	-0.1829390	0.583486	0.4034238
945	4	0.5997638	0.268746	1.215838
945	5	1.135776	0.2270049	0.04992192
946	1	-0.1732013	0.5804832	0.4044851
946	2	-0.1625868	0.5773242	0.4045099
946	3	-0.1732013	0.5804832	0.4044851
946	4	0.7163575	0.2410337	1.146869
946	5	1.211306	0.2030993	0.06423965
947	1	-0.1732013	0.5804832	0.4044851
947	2	-0.1625868	0.5773242	0.4045099
947	3	-0.1732013	0.5804832	0.4044851
947	4	0.7163575	0.2410337	1.146869
947	5	1.211306	0.2030993	0.06423965
948	1	-0.1732013	0.5804832	0.4044851
948	2	-0.1625868	0.5773242	0.4045099
948	3	-0.1732013	0.5804832	0.4044851
948	4	0.7163575	0.2410337	1.146869
948	5	1.211306	0.2030993	0.06423965
949	1	-0.1732013	0.5804832	0.4044851
949	2	-0.1625868	0.5773242	0.4045099
949	3	-0.1732013	0.5804832	0.4044851
949	4	0.7163575	0.2410337	1.146869
949	5	1.211306	0.2030993	0.06423965
950	2	0.588654	0.3951316	-0.003845678
950	4	-0.3550604	0.5882239	0.8636908
950	5	0.9871282	0.1900489	0.854182
951	2	1.297322	0.1413361	0.4228078
951	5	-0.1942715	0.5874848	0.397193
952	2	1.297322	0.1413361	0.4228078
952	5	-0.1942715	0.5874848	0.397193
953	2	1.297322	0.1413361	0.4228078
953	5	-0.1942715	0.5874848	0.397193
954	1	-0.1732013	0.5804832	0.4044851
954	2	-0.1625868	0.5773242	0.4045099
954	3	-0.1732013	0.5804832	0.4044851
954	4	0.7163575	0.2410337	1.146869
954	5	1.211306	0.2030993	0.06423965
955	2	-0.1828933	0.5834824	0.4033255
955	3	-0.1828933	0.5834824	0.4033255
955	4	0.5995908	0.2687843	1.215968
955	5	1.135876	0.2269724	0.04994793
956	2	-0.1828933	0.5834824	0.4033255
956	3	-0.1828933	0.5834824	0.4033255
956	4	0.5995908	0.2687843	1.215968
956	5	1.135876	0.2269724	0.04994793
957	2	-0.1828933	0.5834824	0.4033255
957	3	-0.1828933	0.5834824	0.4033255
957	4	0.5995908	0.2687843	1.215968
957	5	1.135876	0.2269724	0.04994793
958	1	1.218386	0.1654555	0.4164062
958	2	1.233072	0.1610709	0.4165806
958	3	1.254654	0.154627	0.4168377
958	4	-0.4175003	0.5769174	1.159734
958	5	0.1010530	0.5351077	0.04594618
959	1	1.218386	0.1654555	0.4164062
959	2	1.233072	0.1610709	0.4165806
959	3	1.254654	0.154627	0.4168377
959	4	-0.4175003	0.5769174	1.159734
959	5	0.1010530	0.5351077	0.04594618
960	1	-0.1724318	0.5802533	0.4044951
960	2	-0.1671598	0.5786843	0.4045072
960	3	-0.1724318	0.5802533	0.4044951
960	4	0.7273952	0.2384142	1.140301
960	5	1.218583	0.2007839	0.06573784
961	1	-0.1724318	0.5802533	0.4044951
961	2	-0.1671598	0.5786843	0.4045072
961	3	-0.1724318	0.5802533	0.4044951
961	4	0.7273952	0.2384142	1.140301
961	5	1.218583	0.2007839	0.06573784
1041	1	-0.2706570	0.5756631	0.7394376
1041	2	0.1495975	0.5185901	0.06657498
1041	3	-0.2706570	0.5756631	0.7394376
1041	4	1.385140	0.1151109	0.4238981
1042	1	-0.2706570	0.5756631	0.7394376
1042	2	0.1495975	0.5185901	0.06657498
1042	3	-0.2706570	0.5756631	0.7394376
1042	4	1.385140	0.1151109	0.4238981
1043	1	-0.2706570	0.5756631	0.7394376
1043	2	0.1495975	0.5185901	0.06657498
1043	3	-0.2706570	0.5756631	0.7394376
1043	4	1.385140	0.1151109	0.4238981
1044	1	-0.2706570	0.5756631	0.7394376
1044	2	0.1495975	0.5185901	0.06657498
1044	3	-0.2706570	0.5756631	0.7394376
1044	4	1.385140	0.1151109	0.4238981
1045	1	-0.3256569	0.5667729	0.989612
1045	2	0.03170828	0.5458042	0.1442978
1045	3	-0.3256569	0.5667729	0.989612
1045	4	1.242828	0.1349845	0.6463356
1045	5	0.6837638	0.3664825	-0.0002212793
1046	1	-0.3256569	0.5667729	0.989612
1046	2	0.03170828	0.5458042	0.1442978
1046	3	-0.3256569	0.5667729	0.989612
1046	4	1.242828	0.1349845	0.6463356
1046	5	0.6837638	0.3664825	-0.0002212793
1047	1	-0.3256569	0.5667729	0.989612
1047	2	0.03170828	0.5458042	0.1442978
1047	3	-0.3256569	0.5667729	0.989612
1047	4	1.242828	0.1349845	0.6463356
1047	5	0.6837638	0.3664825	-0.0002212793
1048	1	-0.3256569	0.5667729	0.989612
1048	2	0.03170828	0.5458042	0.1442978
1048	3	-0.3256569	0.5667729	0.989612
1048	4	1.242828	0.1349845	0.6463356
1048	5	0.6837638	0.3664825	-0.0002212793
1049	1	-0.3256569	0.5667729	0.989612
1049	2	0.03170828	0.5458042	0.1442978
1049	3	-0.3256569	0.5667729	0.989612
1049	4	1.242828	0.1349845	0.6463356
1049	5	0.6837638	0.3664825	-0.0002212793
1050	1	-0.3256569	0.5667729	0.989612
1050	2	0.03170828	0.5458042	0.1442978
1050	3	-0.3256569	0.5667729	0.989612
1050	4	1.242828	0.1349845	0.6463356
1050	5	0.6837638	0.3664825	-0.0002212793
1051	1	-0.3256569	0.5667729	0.989612
1051	2	0.03170828	0.5458042	0.1442978
1051	3	-0.3256569	0.5667729	0.989612
1051	4	1.242828	0.1349845	0.6463356
1051	5	0.6837638	0.3664825	-0.0002212793
1052	4	1.297322	0.1413361	0.4228078
1052	5	-0.1942715	0.5874848	0.397193
1053	4	1.297322	0.1413361	0.4228078
1053	5	-0.1942715	0.5874848	0.397193
1054	4	1.297322	0.1413361	0.4228078
1054	5	-0.1942715	0.5874848	0.397193
1055	4	1.297322	0.1413361	0.4228078
1055	5	-0.1942715	0.5874848	0.397193
1056	4	1.297322	0.1413361	0.4228078
1056	5	-0.1942715	0.5874848	0.397193
1057	4	1.297322	0.1413361	0.4228078
1057	5	-0.1942715	0.5874848	0.397193
1058	4	1.297322	0.1413361	0.4228078
1058	5	-0.1942715	0.5874848	0.397193
1059	4	1.297322	0.1413361	0.4228078
1059	5	-0.1942715	0.5874848	0.397193
1060	4	1.297322	0.1413361	0.4228078
1060	5	-0.1942715	0.5874848	0.397193
1061	4	1.297322	0.1413361	0.4228078
1061	5	-0.1942715	0.5874848	0.397193
1062	4	1.297322	0.1413361	0.4228078
1062	5	-0.1942715	0.5874848	0.397193
1063	4	1.297322	0.1413361	0.4228078
1063	5	-0.1942715	0.5874848	0.397193
1093	1	-0.2706570	0.5756631	0.7394376
1093	2	0.1495975	0.5185901	0.06657498
1093	3	-0.2706570	0.5756631	0.7394376
1093	4	1.385140	0.1151109	0.4238981
1094	2	0.007506057	0.5530103	0.1442094
1094	3	-0.3049027	0.5781727	0.8154862
1094	4	1.356799	0.1241541	0.4177999
1095	2	0.007506057	0.5530103	0.1442094
1095	3	-0.3049027	0.5781727	0.8154862
1095	4	1.356799	0.1241541	0.4177999
1096	2	-0.1103198	0.5731134	0.2922134
1096	3	-0.2231573	0.5822098	0.5345884
1096	4	1.360713	0.1229893	0.417812
1097	2	-0.1103198	0.5731134	0.2922134
1097	3	-0.2231573	0.5822098	0.5345884
1097	4	1.360713	0.1229893	0.417812
1098	2	-0.1103198	0.5731134	0.2922134
1098	3	-0.2231573	0.5822098	0.5345884
1098	4	1.360713	0.1229893	0.417812
1099	2	-0.1103198	0.5731134	0.2922134
1099	3	-0.2231573	0.5822098	0.5345884
1099	4	1.360713	0.1229893	0.417812
1100	2	-0.1103198	0.5731134	0.2922134
1100	3	-0.2231573	0.5822098	0.5345884
1100	4	1.360713	0.1229893	0.417812
1101	2	-0.1103198	0.5731134	0.2922134
1101	3	-0.2231573	0.5822098	0.5345884
1101	4	1.360713	0.1229893	0.417812
1102	2	-0.1103198	0.5731134	0.2922134
1102	3	-0.2231573	0.5822098	0.5345884
1102	4	1.360713	0.1229893	0.417812
1103	2	-0.1103198	0.5731134	0.2922134
1103	3	-0.2231573	0.5822098	0.5345884
1103	4	1.360713	0.1229893	0.417812
1104	2	-0.1103198	0.5731134	0.2922134
1104	3	-0.2231573	0.5822098	0.5345884
1104	4	1.360713	0.1229893	0.417812
1105	1	-0.315206	0.5396985	1.227110
1105	2	0.02688648	0.5475765	0.1409445
1105	3	0.02688648	0.5475765	0.1409445
1105	4	1.392198	0.1154698	0.3995446
1106	1	-0.315206	0.5396985	1.227110
1106	2	0.02688648	0.5475765	0.1409445
1106	3	0.02688648	0.5475765	0.1409445
1106	4	1.392198	0.1154698	0.3995446
1107	1	-0.315206	0.5396985	1.227110
1107	2	0.02688648	0.5475765	0.1409445
1107	3	0.02688648	0.5475765	0.1409445
1107	4	1.392198	0.1154698	0.3995446
