1	1	1.178039	0.2035561	0.1577455
1	2	-0.135442	0.4800265	1.288693
1	3	1.178039	0.2035561	0.1577455
1	4	-0.135442	0.4800265	1.288693
1	5	-0.1345630	0.4798275	1.288075
1	7	0.1078653	0.52945	0.08193673
2	1	1.257075	0.1778215	0.1798557
2	2	-0.1365209	0.4730126	1.361376
2	3	1.257075	0.1778215	0.1798557
2	4	-0.1365209	0.4730126	1.361376
2	5	-0.1357975	0.4728308	1.361047
2	7	0.07457146	0.542399	0.05173047
3	1	1.275874	0.1593744	0.3072602
3	3	1.275874	0.1593744	0.3072602
3	4	-0.2218245	0.4998676	1.346634
3	5	-0.2218245	0.4998676	1.346634
3	7	0.1167295	0.5311841	0.03863121
4	1	1.275874	0.1593744	0.3072602
4	3	1.275874	0.1593744	0.3072602
4	4	-0.2218245	0.4998676	1.346634
4	5	-0.2218245	0.4998676	1.346634
4	7	0.1167295	0.5311841	0.03863121
5	1	1.275874	0.1593744	0.3072602
5	3	1.275874	0.1593744	0.3072602
5	4	-0.2218245	0.4998676	1.346634
5	5	-0.2218245	0.4998676	1.346634
5	7	0.1167295	0.5311841	0.03863121
6	1	0.3346606	0.3487417	1.204339
6	2	0.3284197	0.3468803	1.241175
6	3	0.3346606	0.3487417	1.204339
6	4	0.3284197	0.3468803	1.241175
6	5	0.3284576	0.3468913	1.240954
6	6	-0.0736532	0.5756683	0.1588443
6	7	0.8254002	0.3244510	-0.001091612
7	1	1.270919	0.1745653	0.1713256
7	2	-0.2653022	0.5111718	1.362737
7	3	1.270919	0.1745653	0.1713256
7	4	-0.2653022	0.5111718	1.362737
7	5	-0.2651368	0.5111665	1.362302
7	6	0.05146853	0.547479	0.06947062
7	7	0.9517748	0.2829812	0.03744733
8	1	1.270919	0.1745653	0.1713256
8	2	-0.2653022	0.5111718	1.362737
8	3	1.270919	0.1745653	0.1713256
8	4	-0.2653022	0.5111718	1.362737
8	5	-0.2651368	0.5111665	1.362302
8	6	0.05146853	0.547479	0.06947062
8	7	0.9517748	0.2829812	0.03744733
9	1	1.270919	0.1745653	0.1713256
9	2	-0.2653022	0.5111718	1.362737
9	3	1.270919	0.1745653	0.1713256
9	4	-0.2653022	0.5111718	1.362737
9	5	-0.2651368	0.5111665	1.362302
9	6	0.05146853	0.547479	0.06947062
9	7	0.9517748	0.2829812	0.03744733
10	1	-0.3001567	0.5424151	1.155841
10	3	-0.3001567	0.5424151	1.155841
10	4	1.187953	0.1528677	0.6308293
10	6	0.7610962	0.3435456	-0.000814679
10	7	-0.1265306	0.5748132	0.3231402
11	1	-0.3001567	0.5424151	1.155841
11	3	-0.3001567	0.5424151	1.155841
11	4	1.187953	0.1528677	0.6308293
11	6	0.7610962	0.3435456	-0.000814679
11	7	-0.1265306	0.5748132	0.3231402
12	1	-0.3036321	0.5607042	0.9848464
12	3	-0.3036321	0.5607042	0.9848464
12	4	1.16993	0.1543874	0.6688802
12	6	0.8030994	0.3309869	-0.0001417046
12	7	-0.2313280	0.5818185	0.5625432
13	1	-0.3008134	0.5643614	0.9402986
13	3	-0.3008134	0.5643614	0.9402986
13	4	1.180851	0.1518486	0.6618555
13	6	0.819105	0.3261765	0.0003612622
13	7	-0.2574182	0.582253	0.6351222
14	1	1.226054	0.1917082	0.1336581
14	2	-0.2736946	0.5129714	1.369635
14	3	1.226054	0.1917082	0.1336581
14	4	-0.2736946	0.5129714	1.369635
14	5	-0.2722565	0.5134062	1.361088
14	6	0.01294697	0.5570084	0.08855647
14	7	1.146567	0.2213861	0.07380038
15	1	1.226054	0.1917082	0.1336581
15	2	-0.2736946	0.5129714	1.369635
15	3	1.226054	0.1917082	0.1336581
15	4	-0.2736946	0.5129714	1.369635
15	5	-0.2722565	0.5134062	1.361088
15	6	0.01294697	0.5570084	0.08855647
15	7	1.146567	0.2213861	0.07380038
16	1	1.226054	0.1917082	0.1336581
16	2	-0.2736946	0.5129714	1.369635
16	3	1.226054	0.1917082	0.1336581
16	4	-0.2736946	0.5129714	1.369635
16	5	-0.2722565	0.5134062	1.361088
16	6	0.01294697	0.5570084	0.08855647
16	7	1.146567	0.2213861	0.07380038
17	1	0.2264577	0.4994022	0.03022125
17	2	-0.1721290	0.4786736	1.410211
17	4	-0.1721290	0.4786736	1.410211
17	5	-0.1665436	0.4775367	1.405018
17	6	1.400740	0.1300035	0.2303499
17	7	0.3264366	0.4720634	0.006513581
18	1	0.2264577	0.4994022	0.03022125
18	2	-0.1721290	0.4786736	1.410211
18	4	-0.1721290	0.4786736	1.410211
18	5	-0.1665436	0.4775367	1.405018
18	6	1.400740	0.1300035	0.2303499
18	7	0.3264366	0.4720634	0.006513581
19	2	0.396005	0.3307991	1.201368
19	4	0.396005	0.3307991	1.201368
19	5	-0.2476037	0.5164167	1.258607
19	6	0.4575838	0.4346891	-0.00959715
20	2	0.3243759	0.3482164	1.239852
20	4	0.3243759	0.3482164	1.239852
20	5	-0.1948616	0.4955729	1.309736
20	6	0.4570682	0.4348531	-0.009703189
21	2	0.3243759	0.3482164	1.239852
21	4	0.3243759	0.3482164	1.239852
21	5	-0.1948616	0.4955729	1.309736
21	6	0.4570682	0.4348531	-0.009703189
22	2	0.2006458	0.3757069	1.332049
22	5	-0.1945239	0.4908925	1.355122
22	6	0.5715829	0.4004744	-0.006484309
23	2	0.2006458	0.3757069	1.332049
23	5	-0.1945239	0.4908925	1.355122
23	6	0.5715829	0.4004744	-0.006484309
24	2	0.2006458	0.3757069	1.332049
24	5	-0.1945239	0.4908925	1.355122
24	6	0.5715829	0.4004744	-0.006484309
25	2	0.2102612	0.3748636	1.312070
25	5	-0.1924315	0.4889291	1.368412
25	6	0.5827192	0.3970397	-0.00526496
26	2	1.253760	0.1543657	0.4220597
26	6	-0.1742147	0.5814856	0.3975374
27	1	1.072908	0.1880024	0.6216816
27	2	0.907161	0.2953759	0.04609245
27	3	1.072908	0.1880024	0.6216816
27	4	-0.1108465	0.5718607	0.3061788
27	5	0.2502705	0.3631556	1.310190
27	6	-0.08925	0.578056	0.1811447
27	7	1.072908	0.1880024	0.6216816
28	1	0.7239628	0.2593218	0.9432312
28	2	0.7020692	0.2703637	0.8983279
28	3	0.7239627	0.2593218	0.9432313
28	4	0.7020697	0.2703636	0.8983274
28	5	0.7239627	0.2593218	0.9432313
28	6	0.05417017	0.5476321	0.05999295
28	7	0.7239627	0.2593218	0.9432313
29	1	0.7239628	0.2593218	0.9432312
29	2	0.7020692	0.2703637	0.8983279
29	3	0.7239627	0.2593218	0.9432313
29	4	0.7020697	0.2703636	0.8983274
29	5	0.7239627	0.2593218	0.9432313
29	6	0.05417017	0.5476321	0.05999295
29	7	0.7239627	0.2593218	0.9432313
30	1	1.120904	0.1941041	0.4197782
30	2	1.120904	0.1941041	0.4197782
30	3	1.120904	0.1941041	0.4197782
30	4	1.120904	0.1941041	0.4197782
30	5	1.120904	0.1941041	0.4197782
30	6	1.120904	0.1941041	0.4197782
30	7	1.120904	0.1941041	0.4197782
31	1	1.120904	0.1941041	0.4197782
31	2	1.120904	0.1941041	0.4197782
31	3	1.120904	0.1941041	0.4197782
31	4	1.120904	0.1941041	0.4197782
31	5	1.120904	0.1941041	0.4197782
31	6	1.120904	0.1941041	0.4197782
31	7	1.120904	0.1941041	0.4197782
32	1	1.120904	0.1941041	0.4197782
32	2	1.120904	0.1941041	0.4197782
32	3	1.120904	0.1941041	0.4197782
32	4	1.120904	0.1941041	0.4197782
32	5	1.120904	0.1941041	0.4197782
32	6	1.120904	0.1941041	0.4197782
32	7	1.120904	0.1941041	0.4197782
33	1	1.120904	0.1941041	0.4197782
33	2	1.120904	0.1941041	0.4197782
33	3	1.120904	0.1941041	0.4197782
33	4	1.120904	0.1941041	0.4197782
33	5	1.120904	0.1941041	0.4197782
33	6	1.120904	0.1941041	0.4197782
33	7	1.120904	0.1941041	0.4197782
34	1	1.120904	0.1941041	0.4197782
34	2	1.120904	0.1941041	0.4197782
34	3	1.120904	0.1941041	0.4197782
34	4	1.120904	0.1941041	0.4197782
34	5	1.120904	0.1941041	0.4197782
34	6	1.120904	0.1941041	0.4197782
34	7	1.120904	0.1941041	0.4197782
35	1	1.120904	0.1941041	0.4197782
35	2	1.120904	0.1941041	0.4197782
35	3	1.120904	0.1941041	0.4197782
35	4	1.120904	0.1941041	0.4197782
35	5	1.120904	0.1941041	0.4197782
35	6	1.120904	0.1941041	0.4197782
35	7	1.120904	0.1941041	0.4197782
36	1	1.120904	0.1941041	0.4197782
36	2	1.120904	0.1941041	0.4197782
36	3	1.120904	0.1941041	0.4197782
36	4	1.120904	0.1941041	0.4197782
36	5	1.120904	0.1941041	0.4197782
36	6	1.120904	0.1941041	0.4197782
36	7	1.120904	0.1941041	0.4197782
37	1	1.120904	0.1941041	0.4197782
37	2	1.120904	0.1941041	0.4197782
37	3	1.120904	0.1941041	0.4197782
37	4	1.120904	0.1941041	0.4197782
37	5	1.120904	0.1941041	0.4197782
37	6	1.120904	0.1941041	0.4197782
37	7	1.120904	0.1941041	0.4197782
38	1	1.120904	0.1941041	0.4197782
38	2	1.120904	0.1941041	0.4197782
38	3	1.120904	0.1941041	0.4197782
38	4	1.120904	0.1941041	0.4197782
38	5	1.120904	0.1941041	0.4197782
38	6	1.120904	0.1941041	0.4197782
38	7	1.120904	0.1941041	0.4197782
40	4	1.120904	0.1941041	0.4197782
40	7	1.120904	0.1941041	0.4197782
41	4	1.120904	0.1941041	0.4197782
41	7	1.120904	0.1941041	0.4197782
42	4	1.120904	0.1941041	0.4197782
42	7	1.120904	0.1941041	0.4197782
43	4	1.120904	0.1941041	0.4197782
43	7	1.120904	0.1941041	0.4197782
44	1	1.120904	0.1941041	0.4197782
44	2	1.120904	0.1941041	0.4197782
44	3	1.120904	0.1941041	0.4197782
44	4	1.120904	0.1941041	0.4197782
44	5	1.120904	0.1941041	0.4197782
44	6	1.120904	0.1941041	0.4197782
44	7	1.120904	0.1941041	0.4197782
45	1	1.120904	0.1941041	0.4197782
45	2	1.120904	0.1941041	0.4197782
45	3	1.120904	0.1941041	0.4197782
45	4	1.120904	0.1941041	0.4197782
45	5	1.120904	0.1941041	0.4197782
45	6	1.120904	0.1941041	0.4197782
45	7	1.120904	0.1941041	0.4197782
46	1	1.120904	0.1941041	0.4197782
46	2	1.120904	0.1941041	0.4197782
46	3	1.120904	0.1941041	0.4197782
46	4	1.120904	0.1941041	0.4197782
46	5	1.120904	0.1941041	0.4197782
46	6	1.120904	0.1941041	0.4197782
46	7	1.120904	0.1941041	0.4197782
47	1	1.120904	0.1941041	0.4197782
47	2	1.120904	0.1941041	0.4197782
47	3	1.120904	0.1941041	0.4197782
47	4	1.120904	0.1941041	0.4197782
47	5	1.120904	0.1941041	0.4197782
47	6	1.120904	0.1941041	0.4197782
47	7	1.120904	0.1941041	0.4197782
48	1	1.120904	0.1941041	0.4197782
48	2	1.120904	0.1941041	0.4197782
48	3	1.120904	0.1941041	0.4197782
48	4	1.120904	0.1941041	0.4197782
48	5	1.120904	0.1941041	0.4197782
48	6	1.120904	0.1941041	0.4197782
48	7	1.120904	0.1941041	0.4197782
49	1	1.120904	0.1941041	0.4197782
49	2	1.120904	0.1941041	0.4197782
49	3	1.120904	0.1941041	0.4197782
49	4	1.120904	0.1941041	0.4197782
49	5	1.120904	0.1941041	0.4197782
49	6	1.120904	0.1941041	0.4197782
49	7	1.120904	0.1941041	0.4197782
50	1	1.120904	0.1941041	0.4197782
50	2	1.120904	0.1941041	0.4197782
50	3	1.120904	0.1941041	0.4197782
50	4	1.120904	0.1941041	0.4197782
50	5	1.120904	0.1941041	0.4197782
50	6	1.120904	0.1941041	0.4197782
50	7	1.120904	0.1941041	0.4197782
51	2	1.120904	0.1941041	0.4197782
51	3	1.120904	0.1941041	0.4197782
51	4	1.120904	0.1941041	0.4197782
51	5	1.120904	0.1941041	0.4197782
51	6	1.120904	0.1941041	0.4197782
51	7	1.120904	0.1941041	0.4197782
52	2	1.120904	0.1941041	0.4197782
52	3	1.120904	0.1941041	0.4197782
52	4	1.120904	0.1941041	0.4197782
52	5	1.120904	0.1941041	0.4197782
52	6	1.120904	0.1941041	0.4197782
52	7	1.120904	0.1941041	0.4197782
53	1	0.7572599	0.2540957	0.8968976
53	2	0.7572598	0.2540957	0.8968977
53	3	0.7572599	0.2540957	0.8968976
53	4	0.7572599	0.2540957	0.8968976
53	5	0.7572599	0.2540957	0.8968976
53	6	0.7572599	0.2540957	0.8968976
53	7	0.02741295	0.5548127	0.0676856
54	1	0.366916	0.3352728	1.242757
54	5	0.366916	0.3352728	1.242757
54	7	0.2660841	0.4895876	0.01070662
55	1	0.7572599	0.2540957	0.8968976
55	2	0.7572598	0.2540957	0.8968977
55	3	0.7572599	0.2540957	0.8968976
55	4	0.7572599	0.2540957	0.8968976
55	5	0.7572599	0.2540957	0.8968976
55	6	0.7572599	0.2540957	0.8968976
55	7	0.02741295	0.5548127	0.0676856
60	1	0.7572599	0.2540957	0.8968976
60	2	0.7572598	0.2540957	0.8968977
60	3	0.7572599	0.2540957	0.8968976
60	4	0.7572599	0.2540957	0.8968976
60	5	0.7572599	0.2540957	0.8968976
60	6	0.7572599	0.2540957	0.8968976
60	7	0.02741295	0.5548127	0.0676856
61	1	0.7572599	0.2540957	0.8968976
61	2	0.7572598	0.2540957	0.8968977
61	3	0.7572599	0.2540957	0.8968976
61	4	0.7572599	0.2540957	0.8968976
61	5	0.7572599	0.2540957	0.8968976
61	6	0.7572599	0.2540957	0.8968976
61	7	0.02741295	0.5548127	0.0676856
62	1	0.7572599	0.2540957	0.8968976
62	2	0.7572598	0.2540957	0.8968977
62	3	0.7572599	0.2540957	0.8968976
62	4	0.7572599	0.2540957	0.8968976
62	5	0.7572599	0.2540957	0.8968976
62	6	0.7572599	0.2540957	0.8968976
62	7	0.02741295	0.5548127	0.0676856
63	1	0.7572599	0.2540957	0.8968976
63	2	0.7572598	0.2540957	0.8968977
63	3	0.7572599	0.2540957	0.8968976
63	4	0.7572599	0.2540957	0.8968976
63	5	0.7572599	0.2540957	0.8968976
63	6	0.7572599	0.2540957	0.8968976
63	7	0.02741295	0.5548127	0.0676856
64	1	0.7572599	0.2540957	0.8968976
64	2	0.7572598	0.2540957	0.8968977
64	3	0.7572599	0.2540957	0.8968976
64	4	0.7572599	0.2540957	0.8968976
64	5	0.7572599	0.2540957	0.8968976
64	6	0.7572599	0.2540957	0.8968976
64	7	0.02741295	0.5548127	0.0676856
65	1	0.7572599	0.2540957	0.8968976
65	2	0.7572598	0.2540957	0.8968977
65	3	0.7572599	0.2540957	0.8968976
65	4	0.7572599	0.2540957	0.8968976
65	5	0.7572599	0.2540957	0.8968976
65	6	0.7572599	0.2540957	0.8968976
65	7	0.02741295	0.5548127	0.0676856
66	1	0.7572599	0.2540957	0.8968976
66	2	0.7572598	0.2540957	0.8968977
66	3	0.7572599	0.2540957	0.8968976
66	4	0.7572599	0.2540957	0.8968976
66	5	0.7572599	0.2540957	0.8968976
66	6	0.7572599	0.2540957	0.8968976
66	7	0.02741295	0.5548127	0.0676856
67	1	0.90163	0.2242873	0.7668461
67	2	0.90163	0.2242873	0.7668461
67	3	0.90163	0.2242873	0.7668461
67	4	0.90163	0.2242873	0.7668461
67	5	0.90163	0.2242873	0.7668461
67	6	-0.1657807	0.4868191	1.310785
67	7	0.07836754	0.5420539	0.04396421
68	1	0.90163	0.2242873	0.7668461
68	2	0.90163	0.2242873	0.7668461
68	3	0.90163	0.2242873	0.7668461
68	4	0.90163	0.2242873	0.7668461
68	5	0.90163	0.2242873	0.7668461
68	6	-0.1657807	0.4868191	1.310785
68	7	0.07836754	0.5420539	0.04396421
69	1	0.5961684	0.2896282	1.019500
69	2	0.5961684	0.2896282	1.019500
69	3	0.5961684	0.2896282	1.019500
69	4	0.5961684	0.2896282	1.019500
69	5	0.5961684	0.2896282	1.019500
69	7	0.1366551	0.524654	0.0446234
70	1	0.5961684	0.2896282	1.019500
70	2	0.5961684	0.2896282	1.019500
70	3	0.5961684	0.2896282	1.019500
70	4	0.5961684	0.2896282	1.019500
70	5	0.5961684	0.2896282	1.019500
70	7	0.1366551	0.524654	0.0446234
71	1	1.120904	0.1941041	0.4197782
71	2	1.120904	0.1941041	0.4197782
71	3	1.120904	0.1941041	0.4197782
71	4	1.120904	0.1941041	0.4197782
71	5	1.120904	0.1941041	0.4197782
71	6	1.120904	0.1941041	0.4197782
71	7	1.120904	0.1941041	0.4197782
72	1	1.120904	0.1941041	0.4197782
72	2	1.120904	0.1941041	0.4197782
72	3	1.120904	0.1941041	0.4197782
72	4	1.120904	0.1941041	0.4197782
72	5	1.120904	0.1941041	0.4197782
72	6	1.120904	0.1941041	0.4197782
72	7	1.120904	0.1941041	0.4197782
73	1	0.5912246	0.2935279	0.9954246
73	2	0.5912246	0.2935279	0.9954246
73	3	0.5912245	0.2935279	0.9954246
73	4	0.5912245	0.2935279	0.9954246
73	5	0.5912245	0.2935279	0.9954246
73	7	0.1731498	0.5107858	0.07450599
74	1	0.5912246	0.2935279	0.9954246
74	2	0.5912246	0.2935279	0.9954246
74	3	0.5912245	0.2935279	0.9954246
74	4	0.5912245	0.2935279	0.9954246
74	5	0.5912245	0.2935279	0.9954246
74	7	0.1731498	0.5107858	0.07450599
75	1	0.5961684	0.2896282	1.019500
75	2	0.5961684	0.2896282	1.019500
75	3	0.5961684	0.2896282	1.019500
75	4	0.5961684	0.2896282	1.019500
75	5	0.5961684	0.2896282	1.019500
75	7	0.1366551	0.524654	0.0446234
76	1	-0.1333139	0.5692518	0.3982398
76	2	-0.1333139	0.5692518	0.3982398
76	4	-0.1333139	0.5692518	0.3982398
76	5	-0.1333139	0.5692518	0.3982398
76	7	1.319174	0.1347999	0.4231830
78	4	1.161168	0.1820609	0.4204696
78	5	-0.1292371	0.5680324	0.3983098
79	4	1.161168	0.1820609	0.4204696
79	5	-0.1292371	0.5680324	0.3983098
80	2	-0.1207922	0.4801108	1.244687
80	4	-0.1207922	0.4801108	1.244687
80	5	0.732801	0.3486241	0.03224125
81	1	0.7250383	0.3530167	0.01158781
81	2	-0.2629858	0.5221698	1.246926
81	3	0.7250383	0.3530167	0.01158781
81	4	-0.2629858	0.5221698	1.246926
81	5	0.2331085	0.3680257	1.312503
82	1	0.4107543	0.4463326	0.01302095
82	2	-0.2594177	0.5141986	1.315402
82	3	0.4107543	0.4463326	0.01302095
82	4	-0.2594177	0.5141986	1.315402
82	5	-0.2587586	0.5151258	1.304271
82	6	1.367681	0.1440592	0.1884850
83	1	0.640447	0.3779477	0.01381200
83	2	-0.2903380	0.5257953	1.291602
83	3	0.640447	0.3779477	0.01381200
83	4	-0.2903380	0.5257953	1.291602
83	5	-0.2903380	0.5257953	1.291602
83	6	1.386114	0.1211526	0.3611589
83	7	0.2401496	0.4950554	0.03294811
84	1	0.640447	0.3779477	0.01381200
84	2	-0.2903380	0.5257953	1.291602
84	3	0.640447	0.3779477	0.01381200
84	4	-0.2903380	0.5257953	1.291602
84	5	-0.2903380	0.5257953	1.291602
84	6	1.386114	0.1211526	0.3611589
84	7	0.2401496	0.4950554	0.03294811
85	1	0.640447	0.3779477	0.01381200
85	2	-0.2903380	0.5257953	1.291602
85	3	0.640447	0.3779477	0.01381200
85	4	-0.2903380	0.5257953	1.291602
85	5	-0.2903380	0.5257953	1.291602
85	6	1.386114	0.1211526	0.3611589
85	7	0.2401496	0.4950554	0.03294811
86	1	0.6725864	0.367504	0.02259406
86	2	-0.2979354	0.554038	1.034118
86	3	0.6725864	0.367504	0.02259406
86	4	-0.2979354	0.554038	1.034118
86	5	-0.2979354	0.554038	1.034118
86	6	1.403644	0.1163358	0.3572322
86	7	-0.04557011	0.5604407	0.2269855
87	1	0.6725864	0.367504	0.02259406
87	2	-0.2979354	0.554038	1.034118
87	3	0.6725864	0.367504	0.02259406
87	4	-0.2979354	0.554038	1.034118
87	5	-0.2979354	0.554038	1.034118
87	6	1.403644	0.1163358	0.3572322
87	7	-0.04557011	0.5604407	0.2269855
88	1	0.6725864	0.367504	0.02259406
88	2	-0.2979354	0.554038	1.034118
88	3	0.6725864	0.367504	0.02259406
88	4	-0.2979354	0.554038	1.034118
88	5	-0.2979354	0.554038	1.034118
88	6	1.403644	0.1163358	0.3572322
88	7	-0.04557011	0.5604407	0.2269855
89	1	1.148533	0.2139373	0.1418212
89	3	1.148533	0.2139373	0.1418212
89	4	-0.1643301	0.4807666	1.366488
89	5	-0.1643301	0.4807666	1.366488
89	6	0.1998658	0.5085618	0.01781641
89	7	0.6946039	0.2628937	0.9943513
90	1	0.6661492	0.3675852	0.04075941
90	3	0.6661492	0.3675852	0.04075941
90	4	-0.1206400	0.4707308	1.337189
90	5	-0.1206400	0.4707308	1.337189
90	6	0.714422	0.3580588	-0.007092167
90	7	-0.1206400	0.4707308	1.337189
91	1	1.132353	0.1906798	0.4199748
91	2	-0.1437260	0.5723662	0.398061
91	3	1.132353	0.1906798	0.4199748
91	4	-0.1437260	0.5723662	0.398061
91	5	-0.1437260	0.5723662	0.398061
91	6	1.383136	0.1156684	0.4242814
91	7	-0.1437260	0.5723662	0.398061
92	1	1.132353	0.1906798	0.4199748
92	2	-0.1437260	0.5723662	0.398061
92	3	1.132353	0.1906798	0.4199748
92	4	-0.1437260	0.5723662	0.398061
92	5	-0.1437260	0.5723662	0.398061
92	6	1.383136	0.1156684	0.4242814
92	7	-0.1437260	0.5723662	0.398061
93	1	1.132353	0.1906798	0.4199748
93	2	-0.1437260	0.5723662	0.398061
93	3	1.132353	0.1906798	0.4199748
93	4	-0.1437260	0.5723662	0.398061
93	5	-0.1437260	0.5723662	0.398061
93	6	1.383136	0.1156684	0.4242814
93	7	-0.1437260	0.5723662	0.398061
94	1	1.132353	0.1906798	0.4199748
94	2	-0.1437260	0.5723662	0.398061
94	3	1.132353	0.1906798	0.4199748
94	4	-0.1437260	0.5723662	0.398061
94	5	-0.1437260	0.5723662	0.398061
94	6	1.383136	0.1156684	0.4242814
94	7	-0.1437260	0.5723662	0.398061
95	1	0.963921	0.2798689	0.03249552
95	2	0.127285	0.3975383	1.331893
95	4	0.127285	0.3975383	1.331893
95	5	0.1486254	0.3923682	1.32024
95	6	0.1196557	0.5302811	0.03895647
95	7	0.2297997	0.3726124	1.276802
96	1	1.221239	0.1908830	0.1560259
96	2	-0.01441370	0.4307581	1.420267
96	3	1.221239	0.1908830	0.1560259
96	6	0.1808213	0.5127269	0.03266375
96	7	-0.3433784	0.5434818	1.272639
97	1	0.7655212	0.3394887	0.02634745
97	2	0.7137317	0.2483087	1.082515
97	3	0.7655212	0.3394887	0.02634745
97	6	-0.2783857	0.5923035	0.5973149
98	1	1.265649	0.1675818	0.2560601
98	2	-0.3001817	0.529261	1.286266
98	3	1.265649	0.1675818	0.2560601
98	4	-0.3001817	0.529261	1.286266
98	6	0.3113517	0.4765034	0.006967794
99	1	0.05362383	0.4184216	1.342019
99	2	0.5080954	0.4183942	0.00302771
99	3	0.05362382	0.4184216	1.342019
99	4	0.5080954	0.4183942	0.00302771
99	6	0.006225998	0.4206877	1.459238
100	1	0.05362383	0.4184216	1.342019
100	2	0.5080954	0.4183942	0.00302771
100	3	0.05362382	0.4184216	1.342019
100	4	0.5080954	0.4183942	0.00302771
100	6	0.006225998	0.4206877	1.459238
101	1	0.05362383	0.4184216	1.342019
101	2	0.5080954	0.4183942	0.00302771
101	3	0.05362382	0.4184216	1.342019
101	4	0.5080954	0.4183942	0.00302771
101	6	0.006225998	0.4206877	1.459238
102	1	0.986707	0.2711699	0.05155163
102	2	-0.09983293	0.454997	1.431788
102	3	0.986707	0.2711699	0.05155163
102	4	-0.09983293	0.454997	1.431788
102	5	-0.3549538	0.5742374	1.001976
102	6	0.652264	0.3758322	-4.761462e-05
103	1	0.3814412	0.3406539	1.146629
103	3	0.3814412	0.3406539	1.146629
103	6	0.2948504	0.4775465	0.04525862
104	3	1.161168	0.1820609	0.4204696
104	6	-0.1292371	0.5680324	0.3983098
105	1	1.120904	0.1941041	0.4197782
105	2	1.120904	0.1941041	0.4197782
105	3	1.120904	0.1941041	0.4197782
105	4	1.120904	0.1941041	0.4197782
105	5	1.120904	0.1941041	0.4197782
105	6	1.120904	0.1941041	0.4197782
105	7	1.120904	0.1941041	0.4197782
106	1	1.120904	0.1941041	0.4197782
106	2	1.120904	0.1941041	0.4197782
106	3	1.120904	0.1941041	0.4197782
106	4	1.120904	0.1941041	0.4197782
106	5	1.120904	0.1941041	0.4197782
106	6	1.120904	0.1941041	0.4197782
106	7	1.120904	0.1941041	0.4197782
107	1	1.120904	0.1941041	0.4197782
107	2	1.120904	0.1941041	0.4197782
107	3	1.120904	0.1941041	0.4197782
107	4	1.120904	0.1941041	0.4197782
107	5	1.120904	0.1941041	0.4197782
107	6	1.120904	0.1941041	0.4197782
107	7	1.120904	0.1941041	0.4197782
108	1	1.120904	0.1941041	0.4197782
108	2	1.120904	0.1941041	0.4197782
108	3	1.120904	0.1941041	0.4197782
108	4	1.120904	0.1941041	0.4197782
108	5	1.120904	0.1941041	0.4197782
108	6	1.120904	0.1941041	0.4197782
108	7	1.120904	0.1941041	0.4197782
109	1	1.120904	0.1941041	0.4197782
109	2	1.120904	0.1941041	0.4197782
109	3	1.120904	0.1941041	0.4197782
109	4	1.120904	0.1941041	0.4197782
109	5	1.120904	0.1941041	0.4197782
109	6	1.120904	0.1941041	0.4197782
109	7	1.120904	0.1941041	0.4197782
110	1	1.120904	0.1941041	0.4197782
110	2	1.120904	0.1941041	0.4197782
110	3	1.120904	0.1941041	0.4197782
110	4	1.120904	0.1941041	0.4197782
110	5	1.120904	0.1941041	0.4197782
110	6	1.120904	0.1941041	0.4197782
111	1	1.120904	0.1941041	0.4197782
111	2	1.120904	0.1941041	0.4197782
111	3	1.120904	0.1941041	0.4197782
111	4	1.120904	0.1941041	0.4197782
111	5	1.120904	0.1941041	0.4197782
111	6	1.120904	0.1941041	0.4197782
112	1	1.120904	0.1941041	0.4197782
112	2	1.120904	0.1941041	0.4197782
112	3	1.120904	0.1941041	0.4197782
112	4	1.120904	0.1941041	0.4197782
112	5	1.120904	0.1941041	0.4197782
112	6	1.120904	0.1941041	0.4197782
113	1	1.120904	0.1941041	0.4197782
113	2	1.120904	0.1941041	0.4197782
113	3	1.120904	0.1941041	0.4197782
113	4	1.120904	0.1941041	0.4197782
113	5	1.120904	0.1941041	0.4197782
113	6	1.120904	0.1941041	0.4197782
114	1	1.120904	0.1941041	0.4197782
114	2	1.120904	0.1941041	0.4197782
114	3	1.120904	0.1941041	0.4197782
114	4	1.120904	0.1941041	0.4197782
114	5	1.120904	0.1941041	0.4197782
114	6	1.120904	0.1941041	0.4197782
115	1	0.7475635	0.2585810	0.8810241
115	2	0.7475634	0.258581	0.8810242
115	3	0.7475635	0.258581	0.8810241
115	4	0.7475635	0.258581	0.8810241
115	5	0.7475635	0.258581	0.8810241
115	6	0.7475635	0.2585810	0.8810241
115	7	0.07076413	0.5390249	0.09638585
116	1	1.120904	0.1941041	0.4197782
116	2	1.120904	0.1941041	0.4197782
116	3	1.120904	0.1941041	0.4197782
116	4	1.120904	0.1941041	0.4197782
116	5	1.120904	0.1941041	0.4197782
116	6	1.120904	0.1941041	0.4197782
116	7	1.120904	0.1941041	0.4197782
117	1	1.120904	0.1941041	0.4197782
117	2	1.120904	0.1941041	0.4197782
117	3	1.120904	0.1941041	0.4197782
117	4	1.120904	0.1941041	0.4197782
117	5	1.120904	0.1941041	0.4197782
117	6	1.120904	0.1941041	0.4197782
117	7	1.120904	0.1941041	0.4197782
118	1	1.120904	0.1941041	0.4197782
118	2	1.120904	0.1941041	0.4197782
118	3	1.120904	0.1941041	0.4197782
118	4	1.120904	0.1941041	0.4197782
118	5	1.120904	0.1941041	0.4197782
118	6	1.120904	0.1941041	0.4197782
118	7	1.120904	0.1941041	0.4197782
119	1	0.2824133	0.4840331	0.01762949
119	2	0.3597230	0.3412665	1.204559
119	3	0.2824133	0.4840331	0.01762949
119	4	0.359723	0.3412665	1.204559
119	5	0.359723	0.3412665	1.204559
119	6	0.3597231	0.3412665	1.204559
119	7	0.3597231	0.3412665	1.204559
120	1	0.2824133	0.4840331	0.01762949
120	2	0.3597230	0.3412665	1.204559
120	3	0.2824133	0.4840331	0.01762949
120	4	0.359723	0.3412665	1.204559
120	5	0.359723	0.3412665	1.204559
120	6	0.3597231	0.3412665	1.204559
120	7	0.3597231	0.3412665	1.204559
121	1	0.2824133	0.4840331	0.01762949
121	2	0.3597230	0.3412665	1.204559
121	3	0.2824133	0.4840331	0.01762949
121	4	0.359723	0.3412665	1.204559
121	5	0.359723	0.3412665	1.204559
121	6	0.3597231	0.3412665	1.204559
121	7	0.3597231	0.3412665	1.204559
122	1	1.120904	0.1941041	0.4197782
122	3	1.120904	0.1941041	0.4197782
123	1	1.120904	0.1941041	0.4197782
123	3	1.120904	0.1941041	0.4197782
124	1	1.120904	0.1941041	0.4197782
124	2	1.120904	0.1941041	0.4197782
124	3	1.120904	0.1941041	0.4197782
124	4	1.120904	0.1941041	0.4197782
124	5	1.120904	0.1941041	0.4197782
124	6	1.120904	0.1941041	0.4197782
124	7	1.120904	0.1941041	0.4197782
125	1	1.120904	0.1941041	0.4197782
125	2	1.120904	0.1941041	0.4197782
125	3	1.120904	0.1941041	0.4197782
125	4	1.120904	0.1941041	0.4197782
125	5	1.120904	0.1941041	0.4197782
125	6	1.120904	0.1941041	0.4197782
125	7	1.120904	0.1941041	0.4197782
126	1	1.120904	0.1941041	0.4197782
126	2	1.120904	0.1941041	0.4197782
126	3	1.120904	0.1941041	0.4197782
126	4	1.120904	0.1941041	0.4197782
126	5	1.120904	0.1941041	0.4197782
126	6	1.120904	0.1941041	0.4197782
126	7	1.120904	0.1941041	0.4197782
127	1	0.3698321	0.3345775	1.241054
127	3	0.3698322	0.3345775	1.241054
127	6	0.2643226	0.4900842	0.01097639
128	1	1.120904	0.1941041	0.4197782
128	3	1.120904	0.1941041	0.4197782
129	1	-0.1852894	0.4983979	1.253534
129	2	0.7852188	0.3316758	0.04572332
129	3	-0.1852894	0.4983979	1.253534
129	4	0.7852188	0.3316758	0.04572331
129	5	0.7852188	0.3316758	0.04572332
129	6	-0.2524509	0.5075429	1.360827
129	7	0.8424498	0.318009	0.01250346
130	1	-0.1852894	0.4983979	1.253534
130	2	0.7852188	0.3316758	0.04572332
130	3	-0.1852894	0.4983979	1.253534
130	4	0.7852188	0.3316758	0.04572331
130	5	0.7852188	0.3316758	0.04572332
130	6	-0.2524509	0.5075429	1.360827
130	7	0.8424498	0.318009	0.01250346
131	1	1.120904	0.1941041	0.4197782
131	2	1.120904	0.1941041	0.4197782
131	3	1.120904	0.1941041	0.4197782
131	4	1.120904	0.1941041	0.4197782
131	5	1.120904	0.1941041	0.4197782
131	6	1.120904	0.1941041	0.4197782
131	7	1.120904	0.1941041	0.4197782
132	1	1.120904	0.1941041	0.4197782
132	2	1.120904	0.1941041	0.4197782
132	3	1.120904	0.1941041	0.4197782
132	4	1.120904	0.1941041	0.4197782
132	5	1.120904	0.1941041	0.4197782
132	6	1.120904	0.1941041	0.4197782
132	7	1.120904	0.1941041	0.4197782
133	1	1.120904	0.1941041	0.4197782
133	2	1.120904	0.1941041	0.4197782
133	3	1.120904	0.1941041	0.4197782
133	4	1.120904	0.1941041	0.4197782
133	5	1.120904	0.1941041	0.4197782
133	6	1.120904	0.1941041	0.4197782
133	7	1.120904	0.1941041	0.4197782
