1	1	1.120904	0.1941041	0.4197782
1	2	1.120904	0.1941041	0.4197782
1	3	1.120904	0.1941041	0.4197782
1	4	1.120904	0.1941041	0.4197782
2	1	1.120904	0.1941041	0.4197782
2	2	1.120904	0.1941041	0.4197782
2	3	1.120904	0.1941041	0.4197782
2	4	1.120904	0.1941041	0.4197782
5	1	1.309443	0.1377103	0.4230159
5	4	-0.1997335	0.5891185	0.3970992
6	1	1.120904	0.1941041	0.4197782
6	4	1.120904	0.1941041	0.4197782
7	1	1.120904	0.1941041	0.4197782
7	4	1.120904	0.1941041	0.4197782
8	1	1.120904	0.1941041	0.4197782
8	4	1.120904	0.1941041	0.4197782
9	1	1.120904	0.1941041	0.4197782
9	4	1.120904	0.1941041	0.4197782
10	1	1.120904	0.1941041	0.4197782
10	4	1.120904	0.1941041	0.4197782
11	1	1.120904	0.1941041	0.4197782
11	3	1.120904	0.1941041	0.4197782
11	4	1.120904	0.1941041	0.4197782
12	1	1.213737	0.166337	0.4213724
12	2	-0.2423374	0.6018617	0.3963676
12	3	1.213737	0.166337	0.4213724
12	4	1.213737	0.166337	0.4213724
13	1	1.213737	0.166337	0.4213724
13	2	-0.2423374	0.6018617	0.3963676
13	3	1.213737	0.166337	0.4213724
13	4	1.213737	0.166337	0.4213724
19	1	1.213737	0.166337	0.4213724
19	2	-0.2423374	0.6018617	0.3963676
19	3	1.213737	0.166337	0.4213724
19	4	1.213737	0.166337	0.4213724
20	1	1.213737	0.166337	0.4213724
20	2	-0.2423374	0.6018617	0.3963676
20	3	1.213737	0.166337	0.4213724
20	4	1.213737	0.166337	0.4213724
21	1	1.213737	0.166337	0.4213724
21	2	-0.2423374	0.6018617	0.3963676
21	3	1.213737	0.166337	0.4213724
21	4	1.213737	0.166337	0.4213724
22	1	1.213737	0.166337	0.4213724
22	2	-0.2423374	0.6018617	0.3963676
22	3	1.213737	0.166337	0.4213724
22	4	1.213737	0.166337	0.4213724
23	1	1.309443	0.1377103	0.4230159
23	2	-0.1997335	0.5891185	0.3970992
24	1	1.309443	0.1377103	0.4230159
24	2	-0.1997335	0.5891185	0.3970992
25	1	1.309443	0.1377103	0.4230159
25	2	-0.1997335	0.5891185	0.3970992
26	1	1.309443	0.1377103	0.4230159
26	2	-0.1997335	0.5891185	0.3970992
31	1	1.170187	0.216561	0.05201119
31	2	0.617445	0.2626355	1.224286
31	3	-0.1879878	0.5856053	0.3973009
31	4	-0.1879878	0.5856053	0.3973009
32	1	1.170187	0.216561	0.05201119
32	2	0.617445	0.2626355	1.224286
32	3	-0.1879878	0.5856053	0.3973009
32	4	-0.1879878	0.5856053	0.3973009
33	1	1.170187	0.216561	0.05201119
33	2	0.617445	0.2626355	1.224286
33	3	-0.1879878	0.5856053	0.3973009
33	4	-0.1879878	0.5856053	0.3973009
34	1	1.170187	0.216561	0.05201119
34	2	0.617445	0.2626355	1.224286
34	3	-0.1879878	0.5856053	0.3973009
34	4	-0.1879878	0.5856053	0.3973009
35	1	1.170187	0.216561	0.05201119
35	2	0.617445	0.2626355	1.224286
35	3	-0.1879878	0.5856053	0.3973009
35	4	-0.1879878	0.5856053	0.3973009
36	1	1.170187	0.216561	0.05201119
36	2	0.617445	0.2626355	1.224286
36	3	-0.1879878	0.5856053	0.3973009
36	4	-0.1879878	0.5856053	0.3973009
37	1	1.170187	0.216561	0.05201119
37	2	0.617445	0.2626355	1.224286
37	3	-0.1879878	0.5856053	0.3973009
37	4	-0.1879878	0.5856053	0.3973009
38	1	1.170187	0.216561	0.05201119
38	2	0.617445	0.2626355	1.224286
38	3	-0.1879878	0.5856053	0.3973009
38	4	-0.1879878	0.5856053	0.3973009
39	1	1.170187	0.216561	0.05201119
39	2	0.617445	0.2626355	1.224286
39	3	-0.1879878	0.5856053	0.3973009
39	4	-0.1879878	0.5856053	0.3973009
40	1	1.170187	0.216561	0.05201119
40	2	0.617445	0.2626355	1.224286
40	3	-0.1879878	0.5856053	0.3973009
40	4	-0.1879878	0.5856053	0.3973009
53	1	1.170187	0.216561	0.05201119
53	2	0.617445	0.2626355	1.224286
53	3	-0.1879878	0.5856053	0.3973009
53	4	-0.1879878	0.5856053	0.3973009
54	1	1.170187	0.216561	0.05201119
54	2	0.617445	0.2626355	1.224286
54	3	-0.1879878	0.5856053	0.3973009
54	4	-0.1879878	0.5856053	0.3973009
55	1	1.170187	0.216561	0.05201119
55	2	0.617445	0.2626355	1.224286
55	3	-0.1879878	0.5856053	0.3973009
55	4	-0.1879878	0.5856053	0.3973009
56	1	1.170187	0.216561	0.05201119
56	2	0.617445	0.2626355	1.224286
56	3	-0.1879878	0.5856053	0.3973009
56	4	-0.1879878	0.5856053	0.3973009
57	1	1.170187	0.216561	0.05201119
57	2	0.617445	0.2626355	1.224286
57	3	-0.1879878	0.5856053	0.3973009
57	4	-0.1879878	0.5856053	0.3973009
58	1	1.170187	0.216561	0.05201119
58	2	0.617445	0.2626355	1.224286
58	3	-0.1879878	0.5856053	0.3973009
58	4	-0.1879878	0.5856053	0.3973009
59	1	1.170187	0.216561	0.05201119
59	2	0.617445	0.2626355	1.224286
59	3	-0.1879878	0.5856053	0.3973009
59	4	-0.1879878	0.5856053	0.3973009
60	1	1.170187	0.216561	0.05201119
60	2	0.617445	0.2626355	1.224286
60	3	-0.1879878	0.5856053	0.3973009
60	4	-0.1879878	0.5856053	0.3973009
61	1	0.6024278	0.3912417	-0.0058881
61	2	-0.3610018	0.5909165	0.854517
61	4	0.9791602	0.1900622	0.8775313
62	1	0.6024278	0.3912417	-0.0058881
62	2	-0.3610018	0.5909165	0.854517
62	4	0.9791602	0.1900622	0.8775313
65	1	0.6024278	0.3912417	-0.0058881
65	2	-0.3610018	0.5909165	0.854517
65	4	0.9791602	0.1900622	0.8775313
66	1	0.6024278	0.3912417	-0.0058881
66	2	-0.3610018	0.5909165	0.854517
66	4	0.9791602	0.1900622	0.8775313
67	1	0.6024278	0.3912417	-0.0058881
67	2	-0.3610018	0.5909165	0.854517
67	4	0.9791602	0.1900622	0.8775313
68	1	1.170187	0.216561	0.05201119
68	2	0.617445	0.2626355	1.224286
68	3	-0.1879878	0.5856053	0.3973009
68	4	-0.1879878	0.5856053	0.3973009
69	1	1.170187	0.216561	0.05201119
69	2	0.617445	0.2626355	1.224286
69	3	-0.1879878	0.5856053	0.3973009
69	4	-0.1879878	0.5856053	0.3973009
73	1	1.170187	0.216561	0.05201119
73	2	0.617445	0.2626355	1.224286
73	3	-0.1879878	0.5856053	0.3973009
73	4	-0.1879878	0.5856053	0.3973009
74	1	1.170187	0.216561	0.05201119
74	2	0.617445	0.2626355	1.224286
74	3	-0.1879878	0.5856053	0.3973009
74	4	-0.1879878	0.5856053	0.3973009
75	1	1.170187	0.216561	0.05201119
75	2	0.617445	0.2626355	1.224286
75	3	-0.1879878	0.5856053	0.3973009
75	4	-0.1879878	0.5856053	0.3973009
76	1	1.170187	0.216561	0.05201119
76	2	0.617445	0.2626355	1.224286
76	3	-0.1879878	0.5856053	0.3973009
76	4	-0.1879878	0.5856053	0.3973009
77	1	0.2453724	0.4937206	0.03078511
77	2	1.389786	0.1116457	0.4445452
77	3	-0.2954831	0.5746811	0.8223275
77	4	-0.2954831	0.5746811	0.8223275
78	1	1.213737	0.166337	0.4213724
78	2	-0.2423374	0.6018617	0.3963676
78	3	1.213737	0.166337	0.4213724
78	4	1.213737	0.166337	0.4213724
99	1	1.120904	0.1941041	0.4197782
99	2	1.120904	0.1941041	0.4197782
99	3	1.120904	0.1941041	0.4197782
99	4	1.120904	0.1941041	0.4197782
100	1	1.120904	0.1941041	0.4197782
100	2	1.120904	0.1941041	0.4197782
100	3	1.120904	0.1941041	0.4197782
100	4	1.120904	0.1941041	0.4197782
101	1	1.120904	0.1941041	0.4197782
101	2	1.120904	0.1941041	0.4197782
101	3	1.120904	0.1941041	0.4197782
101	4	1.120904	0.1941041	0.4197782
102	1	1.120904	0.1941041	0.4197782
102	2	1.120904	0.1941041	0.4197782
102	3	1.120904	0.1941041	0.4197782
102	4	1.120904	0.1941041	0.4197782
103	1	1.120904	0.1941041	0.4197782
103	2	1.120904	0.1941041	0.4197782
103	3	1.120904	0.1941041	0.4197782
103	4	1.120904	0.1941041	0.4197782
104	1	1.120904	0.1941041	0.4197782
104	2	1.120904	0.1941041	0.4197782
104	3	1.120904	0.1941041	0.4197782
104	4	1.120904	0.1941041	0.4197782
105	1	1.120904	0.1941041	0.4197782
105	2	1.120904	0.1941041	0.4197782
105	3	1.120904	0.1941041	0.4197782
105	4	1.120904	0.1941041	0.4197782
106	1	1.120904	0.1941041	0.4197782
106	2	1.120904	0.1941041	0.4197782
106	3	1.120904	0.1941041	0.4197782
106	4	1.120904	0.1941041	0.4197782
107	1	1.120904	0.1941041	0.4197782
107	2	1.120904	0.1941041	0.4197782
107	3	1.120904	0.1941041	0.4197782
107	4	1.120904	0.1941041	0.4197782
108	1	1.120904	0.1941041	0.4197782
108	2	1.120904	0.1941041	0.4197782
108	3	1.120904	0.1941041	0.4197782
108	4	1.120904	0.1941041	0.4197782
109	1	1.120904	0.1941041	0.4197782
109	2	1.120904	0.1941041	0.4197782
109	3	1.120904	0.1941041	0.4197782
109	4	1.120904	0.1941041	0.4197782
110	1	1.120904	0.1941041	0.4197782
110	2	1.120904	0.1941041	0.4197782
110	3	1.120904	0.1941041	0.4197782
110	4	1.120904	0.1941041	0.4197782
111	1	1.120904	0.1941041	0.4197782
111	2	1.120904	0.1941041	0.4197782
111	3	1.120904	0.1941041	0.4197782
111	4	1.120904	0.1941041	0.4197782
112	1	1.120904	0.1941041	0.4197782
112	2	1.120904	0.1941041	0.4197782
112	3	1.120904	0.1941041	0.4197782
112	4	1.120904	0.1941041	0.4197782
113	1	1.120904	0.1941041	0.4197782
113	2	1.120904	0.1941041	0.4197782
113	3	1.120904	0.1941041	0.4197782
113	4	1.120904	0.1941041	0.4197782
114	1	1.120904	0.1941041	0.4197782
114	2	1.120904	0.1941041	0.4197782
114	3	1.120904	0.1941041	0.4197782
114	4	1.120904	0.1941041	0.4197782
115	1	1.120904	0.1941041	0.4197782
115	2	1.120904	0.1941041	0.4197782
115	3	1.120904	0.1941041	0.4197782
115	4	1.120904	0.1941041	0.4197782
116	1	1.120904	0.1941041	0.4197782
116	2	1.120904	0.1941041	0.4197782
116	3	1.120904	0.1941041	0.4197782
116	4	1.120904	0.1941041	0.4197782
117	1	1.120904	0.1941041	0.4197782
117	2	1.120904	0.1941041	0.4197782
117	3	1.120904	0.1941041	0.4197782
117	4	1.120904	0.1941041	0.4197782
118	1	1.120904	0.1941041	0.4197782
118	2	1.120904	0.1941041	0.4197782
118	3	1.120904	0.1941041	0.4197782
118	4	1.120904	0.1941041	0.4197782
119	1	1.120904	0.1941041	0.4197782
119	2	1.120904	0.1941041	0.4197782
119	3	1.120904	0.1941041	0.4197782
119	4	1.120904	0.1941041	0.4197782
120	1	1.120904	0.1941041	0.4197782
120	2	1.120904	0.1941041	0.4197782
120	3	1.120904	0.1941041	0.4197782
120	4	1.120904	0.1941041	0.4197782
121	1	1.120904	0.1941041	0.4197782
121	2	1.120904	0.1941041	0.4197782
121	3	1.120904	0.1941041	0.4197782
121	4	1.120904	0.1941041	0.4197782
122	1	1.120904	0.1941041	0.4197782
122	2	1.120904	0.1941041	0.4197782
122	3	1.120904	0.1941041	0.4197782
122	4	1.120904	0.1941041	0.4197782
123	1	1.120904	0.1941041	0.4197782
123	2	1.120904	0.1941041	0.4197782
123	3	1.120904	0.1941041	0.4197782
123	4	1.120904	0.1941041	0.4197782
124	1	1.120904	0.1941041	0.4197782
124	2	1.120904	0.1941041	0.4197782
124	3	1.120904	0.1941041	0.4197782
124	4	1.120904	0.1941041	0.4197782
125	1	1.120904	0.1941041	0.4197782
125	2	1.120904	0.1941041	0.4197782
125	3	1.120904	0.1941041	0.4197782
125	4	1.120904	0.1941041	0.4197782
126	1	1.120904	0.1941041	0.4197782
126	2	1.120904	0.1941041	0.4197782
127	1	1.120904	0.1941041	0.4197782
127	2	1.120904	0.1941041	0.4197782
128	1	1.120904	0.1941041	0.4197782
128	2	1.120904	0.1941041	0.4197782
129	1	-0.1997335	0.5891185	0.3970992
129	2	-0.1997335	0.5891185	0.3970992
129	3	1.309443	0.1377103	0.4230159
129	4	1.309443	0.1377103	0.4230159
130	1	-0.1997335	0.5891185	0.3970992
130	2	-0.1997335	0.5891185	0.3970992
130	3	1.309443	0.1377103	0.4230159
130	4	1.309443	0.1377103	0.4230159
131	1	-0.1997335	0.5891185	0.3970992
131	2	-0.1997335	0.5891185	0.3970992
131	3	1.309443	0.1377103	0.4230159
131	4	1.309443	0.1377103	0.4230159
132	1	1.120904	0.1941041	0.4197782
132	2	1.120904	0.1941041	0.4197782
132	3	1.120904	0.1941041	0.4197782
132	4	1.120904	0.1941041	0.4197782
133	1	1.120904	0.1941041	0.4197782
133	2	1.120904	0.1941041	0.4197782
133	3	1.120904	0.1941041	0.4197782
133	4	1.120904	0.1941041	0.4197782
134	1	1.120904	0.1941041	0.4197782
134	2	1.120904	0.1941041	0.4197782
134	3	1.120904	0.1941041	0.4197782
134	4	1.120904	0.1941041	0.4197782
135	1	1.120904	0.1941041	0.4197782
135	2	1.120904	0.1941041	0.4197782
135	3	1.120904	0.1941041	0.4197782
135	4	1.120904	0.1941041	0.4197782
136	1	1.120904	0.1941041	0.4197782
136	2	1.120904	0.1941041	0.4197782
136	3	1.120904	0.1941041	0.4197782
136	4	1.120904	0.1941041	0.4197782
137	1	1.120904	0.1941041	0.4197782
137	2	1.120904	0.1941041	0.4197782
137	3	1.120904	0.1941041	0.4197782
137	4	1.120904	0.1941041	0.4197782
138	1	1.120904	0.1941041	0.4197782
138	2	1.120904	0.1941041	0.4197782
138	3	1.120904	0.1941041	0.4197782
138	4	1.120904	0.1941041	0.4197782
139	1	1.120904	0.1941041	0.4197782
139	2	1.120904	0.1941041	0.4197782
139	3	1.120904	0.1941041	0.4197782
139	4	1.120904	0.1941041	0.4197782
140	1	1.120904	0.1941041	0.4197782
140	2	1.120904	0.1941041	0.4197782
140	3	1.120904	0.1941041	0.4197782
140	4	1.120904	0.1941041	0.4197782
141	1	1.120904	0.1941041	0.4197782
141	2	1.120904	0.1941041	0.4197782
141	3	1.120904	0.1941041	0.4197782
141	4	1.120904	0.1941041	0.4197782
142	1	1.120904	0.1941041	0.4197782
142	2	1.120904	0.1941041	0.4197782
142	4	1.120904	0.1941041	0.4197782
143	1	1.120904	0.1941041	0.4197782
143	2	1.120904	0.1941041	0.4197782
143	4	1.120904	0.1941041	0.4197782
144	1	1.120904	0.1941041	0.4197782
144	2	1.120904	0.1941041	0.4197782
144	3	1.120904	0.1941041	0.4197782
144	4	1.120904	0.1941041	0.4197782
145	1	1.120904	0.1941041	0.4197782
145	2	1.120904	0.1941041	0.4197782
145	3	1.120904	0.1941041	0.4197782
145	4	1.120904	0.1941041	0.4197782
146	1	1.120904	0.1941041	0.4197782
146	2	1.120904	0.1941041	0.4197782
146	3	1.120904	0.1941041	0.4197782
146	4	1.120904	0.1941041	0.4197782
147	1	1.120904	0.1941041	0.4197782
147	2	1.120904	0.1941041	0.4197782
147	3	1.120904	0.1941041	0.4197782
147	4	1.120904	0.1941041	0.4197782
148	1	1.120904	0.1941041	0.4197782
148	2	1.120904	0.1941041	0.4197782
148	3	1.120904	0.1941041	0.4197782
148	4	1.120904	0.1941041	0.4197782
149	1	1.120904	0.1941041	0.4197782
149	2	1.120904	0.1941041	0.4197782
149	3	1.120904	0.1941041	0.4197782
149	4	1.120904	0.1941041	0.4197782
155	1	1.213737	0.166337	0.4213724
155	2	-0.2423374	0.6018617	0.3963676
155	3	1.213737	0.166337	0.4213724
155	4	1.213737	0.166337	0.4213724
156	1	1.166964	0.1803272	0.4205692
156	2	-0.1777016	0.5825286	0.3974775
156	3	1.166964	0.1803272	0.4205692
156	4	1.166964	0.1803272	0.4205692
157	1	1.120904	0.1941041	0.4197782
157	2	1.120904	0.1941041	0.4197782
157	3	1.120904	0.1941041	0.4197782
157	4	1.120904	0.1941041	0.4197782
158	1	1.120904	0.1941041	0.4197782
158	2	1.120904	0.1941041	0.4197782
158	3	1.120904	0.1941041	0.4197782
158	4	1.120904	0.1941041	0.4197782
159	1	1.120904	0.1941041	0.4197782
159	2	1.120904	0.1941041	0.4197782
159	3	1.120904	0.1941041	0.4197782
159	4	1.120904	0.1941041	0.4197782
160	1	1.120904	0.1941041	0.4197782
160	2	1.120904	0.1941041	0.4197782
160	3	1.120904	0.1941041	0.4197782
160	4	1.120904	0.1941041	0.4197782
161	1	1.120904	0.1941041	0.4197782
161	2	1.120904	0.1941041	0.4197782
161	3	1.120904	0.1941041	0.4197782
161	4	1.120904	0.1941041	0.4197782
162	1	1.120904	0.1941041	0.4197782
162	2	1.120904	0.1941041	0.4197782
162	3	1.120904	0.1941041	0.4197782
162	4	1.120904	0.1941041	0.4197782
163	1	1.120904	0.1941041	0.4197782
163	2	1.120904	0.1941041	0.4197782
163	3	1.120904	0.1941041	0.4197782
163	4	1.120904	0.1941041	0.4197782
164	1	1.120904	0.1941041	0.4197782
164	2	1.120904	0.1941041	0.4197782
164	3	1.120904	0.1941041	0.4197782
164	4	1.120904	0.1941041	0.4197782
165	1	1.120904	0.1941041	0.4197782
165	2	1.120904	0.1941041	0.4197782
165	3	1.120904	0.1941041	0.4197782
165	4	1.120904	0.1941041	0.4197782
166	1	1.408068	0.108211	0.4247096
166	2	-0.1551759	0.575791	0.3978644
166	3	-0.1551759	0.575791	0.3978644
166	4	-0.1551759	0.575791	0.3978644
167	1	1.408068	0.108211	0.4247096
167	2	-0.1551759	0.575791	0.3978644
167	3	-0.1551759	0.575791	0.3978644
167	4	-0.1551759	0.575791	0.3978644
168	1	1.408068	0.108211	0.4247096
168	2	-0.1551759	0.575791	0.3978644
168	3	-0.1551759	0.575791	0.3978644
168	4	-0.1551759	0.575791	0.3978644
169	1	1.408068	0.108211	0.4247096
169	2	-0.1551759	0.575791	0.3978644
169	3	-0.1551759	0.575791	0.3978644
169	4	-0.1551759	0.575791	0.3978644
173	1	1.120904	0.1941041	0.4197782
173	2	1.120904	0.1941041	0.4197782
173	3	1.120904	0.1941041	0.4197782
173	4	1.120904	0.1941041	0.4197782
174	1	1.120904	0.1941041	0.4197782
174	2	1.120904	0.1941041	0.4197782
174	3	1.120904	0.1941041	0.4197782
174	4	1.120904	0.1941041	0.4197782
175	1	1.120904	0.1941041	0.4197782
175	2	1.120904	0.1941041	0.4197782
175	3	1.120904	0.1941041	0.4197782
175	4	1.120904	0.1941041	0.4197782
176	1	1.120904	0.1941041	0.4197782
176	2	1.120904	0.1941041	0.4197782
176	3	1.120904	0.1941041	0.4197782
176	4	1.120904	0.1941041	0.4197782
177	1	1.120904	0.1941041	0.4197782
177	2	1.120904	0.1941041	0.4197782
177	3	1.120904	0.1941041	0.4197782
177	4	1.120904	0.1941041	0.4197782
178	1	1.120904	0.1941041	0.4197782
178	2	1.120904	0.1941041	0.4197782
178	3	1.120904	0.1941041	0.4197782
179	1	-0.1321506	0.5689039	0.3982598
179	2	-0.1321506	0.5689039	0.3982598
179	3	-0.1321506	0.5689039	0.3982598
179	4	1.261228	0.1521319	0.422188
180	1	-0.1321506	0.5689039	0.3982598
180	2	-0.1321506	0.5689039	0.3982598
180	3	-0.1321506	0.5689039	0.3982598
180	4	1.261228	0.1521319	0.422188
181	1	1.120904	0.1941041	0.4197782
181	2	1.120904	0.1941041	0.4197782
181	3	1.120904	0.1941041	0.4197782
181	4	1.120904	0.1941041	0.4197782
182	1	1.120904	0.1941041	0.4197782
182	2	1.120904	0.1941041	0.4197782
182	3	1.120904	0.1941041	0.4197782
182	4	1.120904	0.1941041	0.4197782
183	1	1.120904	0.1941041	0.4197782
183	2	1.120904	0.1941041	0.4197782
183	3	1.120904	0.1941041	0.4197782
183	4	1.120904	0.1941041	0.4197782
184	1	1.120904	0.1941041	0.4197782
184	2	1.120904	0.1941041	0.4197782
184	3	1.120904	0.1941041	0.4197782
184	4	1.120904	0.1941041	0.4197782
185	1	1.120904	0.1941041	0.4197782
185	2	1.120904	0.1941041	0.4197782
185	3	1.120904	0.1941041	0.4197782
185	4	1.120904	0.1941041	0.4197782
186	1	1.120904	0.1941041	0.4197782
186	2	1.120904	0.1941041	0.4197782
186	3	1.120904	0.1941041	0.4197782
186	4	1.120904	0.1941041	0.4197782
194	1	1.408068	0.108211	0.4247096
194	2	-0.1551759	0.575791	0.3978644
194	3	-0.1551759	0.575791	0.3978644
194	4	-0.1551759	0.575791	0.3978644
195	1	1.408068	0.108211	0.4247096
195	2	-0.1551759	0.575791	0.3978644
195	3	-0.1551759	0.575791	0.3978644
195	4	-0.1551759	0.575791	0.3978644
196	1	1.408068	0.108211	0.4247096
196	2	-0.1551759	0.575791	0.3978644
196	3	-0.1551759	0.575791	0.3978644
196	4	-0.1551759	0.575791	0.3978644
197	1	1.120904	0.1941041	0.4197782
197	2	1.120904	0.1941041	0.4197782
197	3	1.120904	0.1941041	0.4197782
197	4	1.120904	0.1941041	0.4197782
198	1	1.120904	0.1941041	0.4197782
198	2	1.120904	0.1941041	0.4197782
198	3	1.120904	0.1941041	0.4197782
198	4	1.120904	0.1941041	0.4197782
199	1	1.120904	0.1941041	0.4197782
199	2	1.120904	0.1941041	0.4197782
199	3	1.120904	0.1941041	0.4197782
199	4	1.120904	0.1941041	0.4197782
200	1	1.120904	0.1941041	0.4197782
200	2	1.120904	0.1941041	0.4197782
200	3	1.120904	0.1941041	0.4197782
200	4	1.120904	0.1941041	0.4197782
201	1	1.120904	0.1941041	0.4197782
201	2	1.120904	0.1941041	0.4197782
201	3	1.120904	0.1941041	0.4197782
201	4	1.120904	0.1941041	0.4197782
202	1	1.083671	0.2399095	0.07558721
202	2	0.5989277	0.2803159	1.103649
202	3	-0.1490555	0.5739603	0.3979695
202	4	-0.1490555	0.5739603	0.3979695
203	1	1.245318	0.1568909	0.4219147
203	3	-0.1398815	0.5712163	0.398127
203	4	-0.1398815	0.5712163	0.398127
204	1	1.374866	0.1181419	0.4241394
204	3	-0.1702482	0.5802992	0.3976055
204	4	-0.1702482	0.5802992	0.3976055
205	1	1.170187	0.216561	0.05201119
205	2	0.617445	0.2626355	1.224286
205	3	-0.1879878	0.5856053	0.3973009
205	4	-0.1879878	0.5856053	0.3973009
206	1	1.170187	0.216561	0.05201119
206	2	0.617445	0.2626355	1.224286
206	3	-0.1879878	0.5856053	0.3973009
206	4	-0.1879878	0.5856053	0.3973009
207	1	1.170187	0.216561	0.05201119
207	2	0.617445	0.2626355	1.224286
207	3	-0.1879878	0.5856053	0.3973009
207	4	-0.1879878	0.5856053	0.3973009
208	1	1.170187	0.216561	0.05201119
208	2	0.617445	0.2626355	1.224286
208	3	-0.1879878	0.5856053	0.3973009
208	4	-0.1879878	0.5856053	0.3973009
210	1	1.170187	0.216561	0.05201119
210	2	0.617445	0.2626355	1.224286
210	3	-0.1879878	0.5856053	0.3973009
210	4	-0.1879878	0.5856053	0.3973009
211	1	1.170187	0.216561	0.05201119
211	2	0.617445	0.2626355	1.224286
211	3	-0.1879878	0.5856053	0.3973009
211	4	-0.1879878	0.5856053	0.3973009
212	1	0.6024278	0.3912417	-0.0058881
212	2	-0.3610018	0.5909165	0.854517
212	3	0.9791602	0.1900622	0.8775313
213	1	-0.1702482	0.5802992	0.3976055
213	2	-0.1702482	0.5802992	0.3976055
213	3	1.374866	0.1181419	0.4241394
214	1	-0.1702482	0.5802992	0.3976055
214	2	-0.1702482	0.5802992	0.3976055
214	3	1.374866	0.1181419	0.4241394
215	1	-0.1702482	0.5802992	0.3976055
215	2	-0.1702482	0.5802992	0.3976055
215	3	1.374866	0.1181419	0.4241394
216	1	-0.1997335	0.5891185	0.3970992
216	2	-0.1997335	0.5891185	0.3970992
216	3	1.309443	0.1377103	0.4230159
216	4	1.309443	0.1377103	0.4230159
217	1	-0.1997335	0.5891185	0.3970992
217	2	-0.1997335	0.5891185	0.3970992
217	3	1.309443	0.1377103	0.4230159
217	4	1.309443	0.1377103	0.4230159
218	1	1.120904	0.1941041	0.4197782
218	2	1.120904	0.1941041	0.4197782
219	1	1.120904	0.1941041	0.4197782
219	2	1.120904	0.1941041	0.4197782
220	1	1.120904	0.1941041	0.4197782
220	2	1.120904	0.1941041	0.4197782
221	1	1.120904	0.1941041	0.4197782
221	2	1.120904	0.1941041	0.4197782
222	1	1.120904	0.1941041	0.4197782
222	2	1.120904	0.1941041	0.4197782
223	1	1.120904	0.1941041	0.4197782
223	2	1.120904	0.1941041	0.4197782
224	1	1.120904	0.1941041	0.4197782
224	2	1.120904	0.1941041	0.4197782
225	1	1.120904	0.1941041	0.4197782
225	2	1.120904	0.1941041	0.4197782
226	1	1.120904	0.1941041	0.4197782
226	2	1.120904	0.1941041	0.4197782
227	1	1.120904	0.1941041	0.4197782
227	2	1.120904	0.1941041	0.4197782
228	1	1.120904	0.1941041	0.4197782
228	2	1.120904	0.1941041	0.4197782
229	1	1.120904	0.1941041	0.4197782
229	2	1.120904	0.1941041	0.4197782
229	3	1.120904	0.1941041	0.4197782
229	4	1.120904	0.1941041	0.4197782
230	1	1.120904	0.1941041	0.4197782
230	2	1.120904	0.1941041	0.4197782
230	3	1.120904	0.1941041	0.4197782
230	4	1.120904	0.1941041	0.4197782
231	1	1.120904	0.1941041	0.4197782
231	2	1.120904	0.1941041	0.4197782
231	3	1.120904	0.1941041	0.4197782
231	4	1.120904	0.1941041	0.4197782
233	1	1.120904	0.1941041	0.4197782
233	2	1.120904	0.1941041	0.4197782
233	3	1.120904	0.1941041	0.4197782
233	4	1.120904	0.1941041	0.4197782
234	1	1.120904	0.1941041	0.4197782
234	2	1.120904	0.1941041	0.4197782
234	3	1.120904	0.1941041	0.4197782
234	4	1.120904	0.1941041	0.4197782
235	1	1.120904	0.1941041	0.4197782
235	2	1.120904	0.1941041	0.4197782
235	3	1.120904	0.1941041	0.4197782
235	4	1.120904	0.1941041	0.4197782
236	1	1.120904	0.1941041	0.4197782
236	2	1.120904	0.1941041	0.4197782
236	3	1.120904	0.1941041	0.4197782
236	4	1.120904	0.1941041	0.4197782
237	1	1.120904	0.1941041	0.4197782
237	2	1.120904	0.1941041	0.4197782
237	3	1.120904	0.1941041	0.4197782
237	4	1.120904	0.1941041	0.4197782
238	1	1.120904	0.1941041	0.4197782
238	2	1.120904	0.1941041	0.4197782
238	3	1.120904	0.1941041	0.4197782
238	4	1.120904	0.1941041	0.4197782
239	1	1.120904	0.1941041	0.4197782
239	2	1.120904	0.1941041	0.4197782
239	3	1.120904	0.1941041	0.4197782
239	4	1.120904	0.1941041	0.4197782
240	1	1.120904	0.1941041	0.4197782
240	2	1.120904	0.1941041	0.4197782
240	3	1.120904	0.1941041	0.4197782
240	4	1.120904	0.1941041	0.4197782
241	1	1.120904	0.1941041	0.4197782
241	2	1.120904	0.1941041	0.4197782
241	3	1.120904	0.1941041	0.4197782
241	4	1.120904	0.1941041	0.4197782
242	1	1.120904	0.1941041	0.4197782
242	2	1.120904	0.1941041	0.4197782
242	3	1.120904	0.1941041	0.4197782
242	4	1.120904	0.1941041	0.4197782
243	1	1.120904	0.1941041	0.4197782
243	2	1.120904	0.1941041	0.4197782
243	3	1.120904	0.1941041	0.4197782
243	4	1.120904	0.1941041	0.4197782
244	1	1.120904	0.1941041	0.4197782
244	2	1.120904	0.1941041	0.4197782
244	3	1.120904	0.1941041	0.4197782
244	4	1.120904	0.1941041	0.4197782
245	1	1.120904	0.1941041	0.4197782
245	2	1.120904	0.1941041	0.4197782
245	3	1.120904	0.1941041	0.4197782
245	4	1.120904	0.1941041	0.4197782
246	1	1.120904	0.1941041	0.4197782
246	2	1.120904	0.1941041	0.4197782
246	3	1.120904	0.1941041	0.4197782
246	4	1.120904	0.1941041	0.4197782
247	1	1.120904	0.1941041	0.4197782
247	2	1.120904	0.1941041	0.4197782
247	3	1.120904	0.1941041	0.4197782
247	4	1.120904	0.1941041	0.4197782
248	1	1.120904	0.1941041	0.4197782
248	2	1.120904	0.1941041	0.4197782
248	3	1.120904	0.1941041	0.4197782
248	4	1.120904	0.1941041	0.4197782
249	1	1.120904	0.1941041	0.4197782
249	2	1.120904	0.1941041	0.4197782
249	3	1.120904	0.1941041	0.4197782
249	4	1.120904	0.1941041	0.4197782
250	1	1.120904	0.1941041	0.4197782
250	2	1.120904	0.1941041	0.4197782
250	3	1.120904	0.1941041	0.4197782
250	4	1.120904	0.1941041	0.4197782
251	1	1.120904	0.1941041	0.4197782
251	2	1.120904	0.1941041	0.4197782
251	3	1.120904	0.1941041	0.4197782
251	4	1.120904	0.1941041	0.4197782
252	1	1.120904	0.1941041	0.4197782
252	2	1.120904	0.1941041	0.4197782
252	3	1.120904	0.1941041	0.4197782
252	4	1.120904	0.1941041	0.4197782
253	1	1.120904	0.1941041	0.4197782
253	2	1.120904	0.1941041	0.4197782
254	1	1.120904	0.1941041	0.4197782
254	2	1.120904	0.1941041	0.4197782
255	1	1.120904	0.1941041	0.4197782
255	2	1.120904	0.1941041	0.4197782
256	1	1.120904	0.1941041	0.4197782
256	2	1.120904	0.1941041	0.4197782
262	1	1.170187	0.216561	0.05201119
262	2	0.617445	0.2626355	1.224286
262	3	-0.1879878	0.5856053	0.3973009
262	4	-0.1879878	0.5856053	0.3973009
263	1	1.170187	0.216561	0.05201119
263	2	0.617445	0.2626355	1.224286
263	3	-0.1879878	0.5856053	0.3973009
263	4	-0.1879878	0.5856053	0.3973009
264	1	1.120904	0.1941041	0.4197782
264	2	1.120904	0.1941041	0.4197782
264	3	1.120904	0.1941041	0.4197782
264	4	1.120904	0.1941041	0.4197782
265	1	1.120904	0.1941041	0.4197782
265	2	1.120904	0.1941041	0.4197782
265	3	1.120904	0.1941041	0.4197782
265	4	1.120904	0.1941041	0.4197782
266	1	1.120904	0.1941041	0.4197782
266	2	1.120904	0.1941041	0.4197782
266	3	1.120904	0.1941041	0.4197782
266	4	1.120904	0.1941041	0.4197782
267	1	1.120904	0.1941041	0.4197782
267	2	1.120904	0.1941041	0.4197782
267	3	1.120904	0.1941041	0.4197782
267	4	1.120904	0.1941041	0.4197782
268	1	1.120904	0.1941041	0.4197782
268	2	1.120904	0.1941041	0.4197782
268	3	1.120904	0.1941041	0.4197782
268	4	1.120904	0.1941041	0.4197782
269	1	1.120904	0.1941041	0.4197782
269	2	1.120904	0.1941041	0.4197782
269	3	1.120904	0.1941041	0.4197782
269	4	1.120904	0.1941041	0.4197782
270	1	1.120904	0.1941041	0.4197782
270	2	1.120904	0.1941041	0.4197782
270	3	1.120904	0.1941041	0.4197782
270	4	1.120904	0.1941041	0.4197782
271	1	1.120904	0.1941041	0.4197782
271	2	1.120904	0.1941041	0.4197782
271	3	1.120904	0.1941041	0.4197782
271	4	1.120904	0.1941041	0.4197782
272	1	1.120904	0.1941041	0.4197782
272	2	1.120904	0.1941041	0.4197782
272	3	1.120904	0.1941041	0.4197782
272	4	1.120904	0.1941041	0.4197782
273	1	1.120904	0.1941041	0.4197782
273	2	1.120904	0.1941041	0.4197782
273	3	1.120904	0.1941041	0.4197782
273	4	1.120904	0.1941041	0.4197782
274	1	1.120904	0.1941041	0.4197782
274	2	1.120904	0.1941041	0.4197782
274	3	1.120904	0.1941041	0.4197782
274	4	1.120904	0.1941041	0.4197782
275	1	1.120904	0.1941041	0.4197782
275	2	1.120904	0.1941041	0.4197782
275	3	1.120904	0.1941041	0.4197782
275	4	1.120904	0.1941041	0.4197782
276	1	1.120904	0.1941041	0.4197782
276	2	1.120904	0.1941041	0.4197782
276	3	1.120904	0.1941041	0.4197782
276	4	1.120904	0.1941041	0.4197782
277	1	1.120904	0.1941041	0.4197782
277	2	1.120904	0.1941041	0.4197782
277	3	1.120904	0.1941041	0.4197782
277	4	1.120904	0.1941041	0.4197782
278	1	1.120904	0.1941041	0.4197782
278	2	1.120904	0.1941041	0.4197782
278	3	1.120904	0.1941041	0.4197782
278	4	1.120904	0.1941041	0.4197782
279	1	1.120904	0.1941041	0.4197782
279	2	1.120904	0.1941041	0.4197782
279	3	1.120904	0.1941041	0.4197782
279	4	1.120904	0.1941041	0.4197782
280	1	1.120904	0.1941041	0.4197782
280	2	1.120904	0.1941041	0.4197782
280	3	1.120904	0.1941041	0.4197782
280	4	1.120904	0.1941041	0.4197782
281	1	1.120904	0.1941041	0.4197782
281	2	1.120904	0.1941041	0.4197782
281	3	1.120904	0.1941041	0.4197782
281	4	1.120904	0.1941041	0.4197782
282	1	1.120904	0.1941041	0.4197782
282	2	1.120904	0.1941041	0.4197782
282	3	1.120904	0.1941041	0.4197782
282	4	1.120904	0.1941041	0.4197782
283	1	1.170187	0.216561	0.05201119
283	2	0.617445	0.2626355	1.224286
283	3	-0.1879878	0.5856053	0.3973009
283	4	-0.1879878	0.5856053	0.3973009
285	1	1.213737	0.166337	0.4213724
285	2	-0.2423374	0.6018617	0.3963676
285	3	1.213737	0.166337	0.4213724
285	4	1.213737	0.166337	0.4213724
286	1	1.213737	0.166337	0.4213724
286	2	-0.2423374	0.6018617	0.3963676
286	3	1.213737	0.166337	0.4213724
286	4	1.213737	0.166337	0.4213724
287	1	1.213737	0.166337	0.4213724
287	2	-0.2423374	0.6018617	0.3963676
287	3	1.213737	0.166337	0.4213724
287	4	1.213737	0.166337	0.4213724
288	1	1.213737	0.166337	0.4213724
288	2	-0.2423374	0.6018617	0.3963676
288	3	1.213737	0.166337	0.4213724
288	4	1.213737	0.166337	0.4213724
289	2	1.374866	0.1181419	0.4241394
289	3	-0.1702482	0.5802992	0.3976055
289	4	-0.1702482	0.5802992	0.3976055
290	2	1.374866	0.1181419	0.4241394
290	3	-0.1702482	0.5802992	0.3976055
290	4	-0.1702482	0.5802992	0.3976055
291	2	1.374866	0.1181419	0.4241394
291	3	-0.1702482	0.5802992	0.3976055
291	4	-0.1702482	0.5802992	0.3976055
292	1	1.170187	0.216561	0.05201119
292	2	0.617445	0.2626355	1.224286
292	3	-0.1879878	0.5856053	0.3973009
292	4	-0.1879878	0.5856053	0.3973009
293	1	1.170187	0.216561	0.05201119
293	2	0.617445	0.2626355	1.224286
293	3	-0.1879878	0.5856053	0.3973009
293	4	-0.1879878	0.5856053	0.3973009
294	1	1.170187	0.216561	0.05201119
294	2	0.617445	0.2626355	1.224286
294	3	-0.1879878	0.5856053	0.3973009
294	4	-0.1879878	0.5856053	0.3973009
295	1	1.170187	0.216561	0.05201119
295	2	0.617445	0.2626355	1.224286
295	3	-0.1879878	0.5856053	0.3973009
295	4	-0.1879878	0.5856053	0.3973009
296	1	1.170187	0.216561	0.05201119
296	2	0.617445	0.2626355	1.224286
296	3	-0.1879878	0.5856053	0.3973009
296	4	-0.1879878	0.5856053	0.3973009
297	1	1.170187	0.216561	0.05201119
297	2	0.617445	0.2626355	1.224286
297	3	-0.1879878	0.5856053	0.3973009
297	4	-0.1879878	0.5856053	0.3973009
298	1	1.170187	0.216561	0.05201119
298	2	0.617445	0.2626355	1.224286
298	3	-0.1879878	0.5856053	0.3973009
298	4	-0.1879878	0.5856053	0.3973009
299	1	1.170187	0.216561	0.05201119
299	2	0.617445	0.2626355	1.224286
299	3	-0.1879878	0.5856053	0.3973009
299	4	-0.1879878	0.5856053	0.3973009
304	1	1.213737	0.166337	0.4213724
304	2	-0.2423374	0.6018617	0.3963676
304	3	1.213737	0.166337	0.4213724
304	4	1.213737	0.166337	0.4213724
305	1	1.213737	0.166337	0.4213724
305	2	-0.2423374	0.6018617	0.3963676
305	3	1.213737	0.166337	0.4213724
305	4	1.213737	0.166337	0.4213724
306	1	1.213737	0.166337	0.4213724
306	2	-0.2423374	0.6018617	0.3963676
306	3	1.213737	0.166337	0.4213724
306	4	1.213737	0.166337	0.4213724
307	1	1.213737	0.166337	0.4213724
307	2	-0.2423374	0.6018617	0.3963676
307	3	1.213737	0.166337	0.4213724
307	4	1.213737	0.166337	0.4213724
308	1	1.213737	0.166337	0.4213724
308	2	-0.2423374	0.6018617	0.3963676
308	3	1.213737	0.166337	0.4213724
308	4	1.213737	0.166337	0.4213724
309	1	1.213737	0.166337	0.4213724
309	2	-0.2423374	0.6018617	0.3963676
309	3	1.213737	0.166337	0.4213724
309	4	1.213737	0.166337	0.4213724
310	1	1.213737	0.166337	0.4213724
310	2	-0.2423374	0.6018617	0.3963676
310	3	1.213737	0.166337	0.4213724
310	4	1.213737	0.166337	0.4213724
311	1	1.213737	0.166337	0.4213724
311	2	-0.2423374	0.6018617	0.3963676
311	3	1.213737	0.166337	0.4213724
311	4	1.213737	0.166337	0.4213724
312	1	1.213737	0.166337	0.4213724
312	2	-0.2423374	0.6018617	0.3963676
312	3	1.213737	0.166337	0.4213724
312	4	1.213737	0.166337	0.4213724
313	1	1.213737	0.166337	0.4213724
313	2	-0.2423374	0.6018617	0.3963676
313	3	1.213737	0.166337	0.4213724
313	4	1.213737	0.166337	0.4213724
314	1	1.170187	0.216561	0.05201119
314	2	0.617445	0.2626355	1.224286
314	3	-0.1879878	0.5856053	0.3973009
314	4	-0.1879878	0.5856053	0.3973009
315	1	1.170187	0.216561	0.05201119
315	2	0.617445	0.2626355	1.224286
315	3	-0.1879878	0.5856053	0.3973009
315	4	-0.1879878	0.5856053	0.3973009
316	1	0.6024278	0.3912417	-0.0058881
316	2	-0.3610018	0.5909165	0.854517
316	4	0.9791602	0.1900622	0.8775313
317	1	1.309443	0.1377103	0.4230159
317	2	-0.1997335	0.5891185	0.3970992
318	1	1.309443	0.1377103	0.4230159
318	2	-0.1997335	0.5891185	0.3970992
319	1	1.170187	0.216561	0.05201119
319	2	0.617445	0.2626355	1.224286
319	3	-0.1879878	0.5856053	0.3973009
319	4	-0.1879878	0.5856053	0.3973009
320	1	1.170187	0.216561	0.05201119
320	2	0.617445	0.2626355	1.224286
320	3	-0.1879878	0.5856053	0.3973009
320	4	-0.1879878	0.5856053	0.3973009
321	1	1.170187	0.216561	0.05201119
321	2	0.617445	0.2626355	1.224286
321	3	-0.1879878	0.5856053	0.3973009
321	4	-0.1879878	0.5856053	0.3973009
322	1	1.170187	0.216561	0.05201119
322	2	0.617445	0.2626355	1.224286
322	3	-0.1879878	0.5856053	0.3973009
322	4	-0.1879878	0.5856053	0.3973009
323	1	1.170187	0.216561	0.05201119
323	2	0.617445	0.2626355	1.224286
323	3	-0.1879878	0.5856053	0.3973009
323	4	-0.1879878	0.5856053	0.3973009
324	1	1.170187	0.216561	0.05201119
324	2	0.617445	0.2626355	1.224286
324	3	-0.1879878	0.5856053	0.3973009
324	4	-0.1879878	0.5856053	0.3973009
325	1	1.170187	0.216561	0.05201119
325	2	0.617445	0.2626355	1.224286
325	3	-0.1879878	0.5856053	0.3973009
325	4	-0.1879878	0.5856053	0.3973009
326	1	1.170187	0.216561	0.05201119
326	2	0.617445	0.2626355	1.224286
326	3	-0.1879878	0.5856053	0.3973009
326	4	-0.1879878	0.5856053	0.3973009
327	2	1.374866	0.1181419	0.4241394
327	3	-0.1702482	0.5802992	0.3976055
327	4	-0.1702482	0.5802992	0.3976055
328	2	1.374866	0.1181419	0.4241394
328	3	-0.1702482	0.5802992	0.3976055
328	4	-0.1702482	0.5802992	0.3976055
329	2	1.374866	0.1181419	0.4241394
329	3	-0.1702482	0.5802992	0.3976055
329	4	-0.1702482	0.5802992	0.3976055
330	2	1.374866	0.1181419	0.4241394
330	3	-0.1702482	0.5802992	0.3976055
330	4	-0.1702482	0.5802992	0.3976055
331	2	1.374866	0.1181419	0.4241394
331	3	-0.1702482	0.5802992	0.3976055
331	4	-0.1702482	0.5802992	0.3976055
332	2	1.374866	0.1181419	0.4241394
332	3	-0.1702482	0.5802992	0.3976055
332	4	-0.1702482	0.5802992	0.3976055
333	2	1.374866	0.1181419	0.4241394
333	3	-0.1702482	0.5802992	0.3976055
333	4	-0.1702482	0.5802992	0.3976055
334	1	1.213737	0.166337	0.4213724
334	2	-0.2423374	0.6018617	0.3963676
334	3	1.213737	0.166337	0.4213724
334	4	1.213737	0.166337	0.4213724
335	1	1.245318	0.1568909	0.4219147
335	2	-0.2283505	0.5976781	0.3966078
335	3	1.245318	0.1568909	0.4219147
336	1	1.120904	0.1941041	0.4197782
336	2	1.120904	0.1941041	0.4197782
336	3	1.120904	0.1941041	0.4197782
337	1	1.120904	0.1941041	0.4197782
337	2	1.120904	0.1941041	0.4197782
337	3	1.120904	0.1941041	0.4197782
338	1	1.120904	0.1941041	0.4197782
338	2	1.120904	0.1941041	0.4197782
338	3	1.120904	0.1941041	0.4197782
339	1	1.120904	0.1941041	0.4197782
339	2	1.120904	0.1941041	0.4197782
339	3	1.120904	0.1941041	0.4197782
339	4	1.120904	0.1941041	0.4197782
340	1	1.120904	0.1941041	0.4197782
340	2	1.120904	0.1941041	0.4197782
340	3	1.120904	0.1941041	0.4197782
340	4	1.120904	0.1941041	0.4197782
341	1	1.120904	0.1941041	0.4197782
341	2	1.120904	0.1941041	0.4197782
341	3	1.120904	0.1941041	0.4197782
341	4	1.120904	0.1941041	0.4197782
342	1	1.120904	0.1941041	0.4197782
342	2	1.120904	0.1941041	0.4197782
342	3	1.120904	0.1941041	0.4197782
342	4	1.120904	0.1941041	0.4197782
343	1	1.120904	0.1941041	0.4197782
343	2	1.120904	0.1941041	0.4197782
343	3	1.120904	0.1941041	0.4197782
343	4	1.120904	0.1941041	0.4197782
344	1	1.120904	0.1941041	0.4197782
344	2	1.120904	0.1941041	0.4197782
344	3	1.120904	0.1941041	0.4197782
344	4	1.120904	0.1941041	0.4197782
345	1	1.120904	0.1941041	0.4197782
345	2	1.120904	0.1941041	0.4197782
345	3	1.120904	0.1941041	0.4197782
345	4	1.120904	0.1941041	0.4197782
346	1	1.120904	0.1941041	0.4197782
346	2	1.120904	0.1941041	0.4197782
346	3	1.120904	0.1941041	0.4197782
346	4	1.120904	0.1941041	0.4197782
347	1	1.120904	0.1941041	0.4197782
347	2	1.120904	0.1941041	0.4197782
347	3	1.120904	0.1941041	0.4197782
347	4	1.120904	0.1941041	0.4197782
348	1	1.120904	0.1941041	0.4197782
348	2	1.120904	0.1941041	0.4197782
348	3	1.120904	0.1941041	0.4197782
348	4	1.120904	0.1941041	0.4197782
349	1	1.120904	0.1941041	0.4197782
349	2	1.120904	0.1941041	0.4197782
349	3	1.120904	0.1941041	0.4197782
349	4	1.120904	0.1941041	0.4197782
350	1	1.120904	0.1941041	0.4197782
350	2	1.120904	0.1941041	0.4197782
350	3	1.120904	0.1941041	0.4197782
350	4	1.120904	0.1941041	0.4197782
351	1	1.120904	0.1941041	0.4197782
351	2	1.120904	0.1941041	0.4197782
351	3	1.120904	0.1941041	0.4197782
351	4	1.120904	0.1941041	0.4197782
352	1	1.120904	0.1941041	0.4197782
352	2	1.120904	0.1941041	0.4197782
352	3	1.120904	0.1941041	0.4197782
352	4	1.120904	0.1941041	0.4197782
353	1	1.120904	0.1941041	0.4197782
353	2	1.120904	0.1941041	0.4197782
353	3	1.120904	0.1941041	0.4197782
353	4	1.120904	0.1941041	0.4197782
354	1	1.120904	0.1941041	0.4197782
354	2	1.120904	0.1941041	0.4197782
354	3	1.120904	0.1941041	0.4197782
354	4	1.120904	0.1941041	0.4197782
355	1	1.120904	0.1941041	0.4197782
355	2	1.120904	0.1941041	0.4197782
355	3	1.120904	0.1941041	0.4197782
355	4	1.120904	0.1941041	0.4197782
356	1	1.120904	0.1941041	0.4197782
356	2	1.120904	0.1941041	0.4197782
356	3	1.120904	0.1941041	0.4197782
356	4	1.120904	0.1941041	0.4197782
357	1	1.120904	0.1941041	0.4197782
357	2	1.120904	0.1941041	0.4197782
357	3	1.120904	0.1941041	0.4197782
357	4	1.120904	0.1941041	0.4197782
358	1	1.120904	0.1941041	0.4197782
358	3	1.120904	0.1941041	0.4197782
358	4	1.120904	0.1941041	0.4197782
359	1	1.166964	0.1803272	0.4205692
359	2	-0.1777016	0.5825286	0.3974775
359	3	1.166964	0.1803272	0.4205692
359	4	1.166964	0.1803272	0.4205692
360	1	1.120904	0.1941041	0.4197782
360	2	1.120904	0.1941041	0.4197782
360	3	1.120904	0.1941041	0.4197782
360	4	1.120904	0.1941041	0.4197782
361	1	1.120904	0.1941041	0.4197782
361	2	1.120904	0.1941041	0.4197782
361	3	1.120904	0.1941041	0.4197782
361	4	1.120904	0.1941041	0.4197782
362	1	1.120904	0.1941041	0.4197782
362	2	1.120904	0.1941041	0.4197782
362	3	1.120904	0.1941041	0.4197782
362	4	1.120904	0.1941041	0.4197782
363	1	1.120904	0.1941041	0.4197782
363	2	1.120904	0.1941041	0.4197782
363	3	1.120904	0.1941041	0.4197782
363	4	1.120904	0.1941041	0.4197782
364	1	1.120904	0.1941041	0.4197782
364	2	1.120904	0.1941041	0.4197782
364	3	1.120904	0.1941041	0.4197782
364	4	1.120904	0.1941041	0.4197782
365	1	1.120904	0.1941041	0.4197782
365	2	1.120904	0.1941041	0.4197782
365	3	1.120904	0.1941041	0.4197782
365	4	1.120904	0.1941041	0.4197782
366	1	1.120904	0.1941041	0.4197782
366	2	1.120904	0.1941041	0.4197782
366	3	1.120904	0.1941041	0.4197782
366	4	1.120904	0.1941041	0.4197782
367	1	1.120904	0.1941041	0.4197782
367	2	1.120904	0.1941041	0.4197782
367	3	1.120904	0.1941041	0.4197782
367	4	1.120904	0.1941041	0.4197782
368	1	1.120904	0.1941041	0.4197782
368	2	1.120904	0.1941041	0.4197782
368	3	1.120904	0.1941041	0.4197782
368	4	1.120904	0.1941041	0.4197782
369	1	1.408068	0.108211	0.4247096
369	2	-0.1551759	0.575791	0.3978644
369	3	-0.1551759	0.575791	0.3978644
369	4	-0.1551759	0.575791	0.3978644
370	1	1.408068	0.108211	0.4247096
370	2	-0.1551759	0.575791	0.3978644
370	3	-0.1551759	0.575791	0.3978644
370	4	-0.1551759	0.575791	0.3978644
371	1	1.408068	0.108211	0.4247096
371	2	-0.1551759	0.575791	0.3978644
371	3	-0.1551759	0.575791	0.3978644
371	4	-0.1551759	0.575791	0.3978644
372	1	1.408068	0.108211	0.4247096
372	2	-0.1551759	0.575791	0.3978644
372	3	-0.1551759	0.575791	0.3978644
372	4	-0.1551759	0.575791	0.3978644
373	1	1.408068	0.108211	0.4247096
373	2	-0.1551759	0.575791	0.3978644
373	3	-0.1551759	0.575791	0.3978644
373	4	-0.1551759	0.575791	0.3978644
379	1	1.120904	0.1941041	0.4197782
379	2	1.120904	0.1941041	0.4197782
379	3	1.120904	0.1941041	0.4197782
379	4	1.120904	0.1941041	0.4197782
380	1	1.120904	0.1941041	0.4197782
380	2	1.120904	0.1941041	0.4197782
380	3	1.120904	0.1941041	0.4197782
380	4	1.120904	0.1941041	0.4197782
381	1	1.120904	0.1941041	0.4197782
381	2	1.120904	0.1941041	0.4197782
381	3	1.120904	0.1941041	0.4197782
381	4	1.120904	0.1941041	0.4197782
382	1	1.120904	0.1941041	0.4197782
382	2	1.120904	0.1941041	0.4197782
382	3	1.120904	0.1941041	0.4197782
382	4	1.120904	0.1941041	0.4197782
383	1	1.120904	0.1941041	0.4197782
383	2	1.120904	0.1941041	0.4197782
383	3	1.120904	0.1941041	0.4197782
383	4	1.120904	0.1941041	0.4197782
384	1	1.120904	0.1941041	0.4197782
384	2	1.120904	0.1941041	0.4197782
385	1	1.120904	0.1941041	0.4197782
385	2	1.120904	0.1941041	0.4197782
386	1	-0.1997335	0.5891185	0.3970992
386	2	-0.1997335	0.5891185	0.3970992
386	3	1.309443	0.1377103	0.4230159
386	4	1.309443	0.1377103	0.4230159
387	2	1.374866	0.1181419	0.4241394
387	3	-0.1702482	0.5802992	0.3976055
387	4	-0.1702482	0.5802992	0.3976055
388	2	1.374866	0.1181419	0.4241394
388	3	-0.1702482	0.5802992	0.3976055
388	4	-0.1702482	0.5802992	0.3976055
389	2	1.374866	0.1181419	0.4241394
389	3	-0.1702482	0.5802992	0.3976055
389	4	-0.1702482	0.5802992	0.3976055
390	2	1.374866	0.1181419	0.4241394
390	3	-0.1702482	0.5802992	0.3976055
390	4	-0.1702482	0.5802992	0.3976055
391	1	-0.1997335	0.5891185	0.3970992
391	2	-0.1997335	0.5891185	0.3970992
391	3	1.309443	0.1377103	0.4230159
391	4	1.309443	0.1377103	0.4230159
392	1	1.120904	0.1941041	0.4197782
392	2	1.120904	0.1941041	0.4197782
393	1	1.120904	0.1941041	0.4197782
393	2	1.120904	0.1941041	0.4197782
394	1	1.120904	0.1941041	0.4197782
394	2	1.120904	0.1941041	0.4197782
394	3	1.120904	0.1941041	0.4197782
394	4	1.120904	0.1941041	0.4197782
395	1	1.120904	0.1941041	0.4197782
395	2	1.120904	0.1941041	0.4197782
395	3	1.120904	0.1941041	0.4197782
395	4	1.120904	0.1941041	0.4197782
396	1	1.120904	0.1941041	0.4197782
396	2	1.120904	0.1941041	0.4197782
396	3	1.120904	0.1941041	0.4197782
396	4	1.120904	0.1941041	0.4197782
397	1	1.120904	0.1941041	0.4197782
397	2	1.120904	0.1941041	0.4197782
397	3	1.120904	0.1941041	0.4197782
397	4	1.120904	0.1941041	0.4197782
398	1	1.120904	0.1941041	0.4197782
398	2	1.120904	0.1941041	0.4197782
398	3	1.120904	0.1941041	0.4197782
398	4	1.120904	0.1941041	0.4197782
399	1	1.120904	0.1941041	0.4197782
399	2	1.120904	0.1941041	0.4197782
399	3	1.120904	0.1941041	0.4197782
399	4	1.120904	0.1941041	0.4197782
400	1	1.120904	0.1941041	0.4197782
400	2	1.120904	0.1941041	0.4197782
400	3	1.120904	0.1941041	0.4197782
400	4	1.120904	0.1941041	0.4197782
401	1	1.120904	0.1941041	0.4197782
401	2	1.120904	0.1941041	0.4197782
401	3	1.120904	0.1941041	0.4197782
401	4	1.120904	0.1941041	0.4197782
402	1	1.120904	0.1941041	0.4197782
402	2	1.120904	0.1941041	0.4197782
402	3	1.120904	0.1941041	0.4197782
402	4	1.120904	0.1941041	0.4197782
403	1	1.120904	0.1941041	0.4197782
403	2	1.120904	0.1941041	0.4197782
403	3	1.120904	0.1941041	0.4197782
403	4	1.120904	0.1941041	0.4197782
404	1	1.120904	0.1941041	0.4197782
404	2	1.120904	0.1941041	0.4197782
404	3	1.120904	0.1941041	0.4197782
404	4	1.120904	0.1941041	0.4197782
405	1	1.120904	0.1941041	0.4197782
405	2	1.120904	0.1941041	0.4197782
405	3	1.120904	0.1941041	0.4197782
405	4	1.120904	0.1941041	0.4197782
406	1	1.120904	0.1941041	0.4197782
406	2	1.120904	0.1941041	0.4197782
406	3	1.120904	0.1941041	0.4197782
406	4	1.120904	0.1941041	0.4197782
407	1	1.120904	0.1941041	0.4197782
407	2	1.120904	0.1941041	0.4197782
407	3	1.120904	0.1941041	0.4197782
407	4	1.120904	0.1941041	0.4197782
408	1	1.120904	0.1941041	0.4197782
408	2	1.120904	0.1941041	0.4197782
408	3	1.120904	0.1941041	0.4197782
408	4	1.120904	0.1941041	0.4197782
409	1	1.120904	0.1941041	0.4197782
409	2	1.120904	0.1941041	0.4197782
409	3	1.120904	0.1941041	0.4197782
409	4	1.120904	0.1941041	0.4197782
410	1	1.120904	0.1941041	0.4197782
410	2	1.120904	0.1941041	0.4197782
410	3	1.120904	0.1941041	0.4197782
410	4	1.120904	0.1941041	0.4197782
411	1	1.120904	0.1941041	0.4197782
411	2	1.120904	0.1941041	0.4197782
411	3	1.120904	0.1941041	0.4197782
411	4	1.120904	0.1941041	0.4197782
412	1	1.120904	0.1941041	0.4197782
412	2	1.120904	0.1941041	0.4197782
412	3	1.120904	0.1941041	0.4197782
412	4	1.120904	0.1941041	0.4197782
413	1	1.120904	0.1941041	0.4197782
413	2	1.120904	0.1941041	0.4197782
413	3	1.120904	0.1941041	0.4197782
413	4	1.120904	0.1941041	0.4197782
414	1	1.120904	0.1941041	0.4197782
414	2	1.120904	0.1941041	0.4197782
414	3	1.120904	0.1941041	0.4197782
414	4	1.120904	0.1941041	0.4197782
415	1	1.120904	0.1941041	0.4197782
415	2	1.120904	0.1941041	0.4197782
415	3	1.120904	0.1941041	0.4197782
415	4	1.120904	0.1941041	0.4197782
416	1	1.120904	0.1941041	0.4197782
416	2	1.120904	0.1941041	0.4197782
416	3	1.120904	0.1941041	0.4197782
416	4	1.120904	0.1941041	0.4197782
417	1	1.120904	0.1941041	0.4197782
417	2	1.120904	0.1941041	0.4197782
417	3	1.120904	0.1941041	0.4197782
417	4	1.120904	0.1941041	0.4197782
418	1	1.120904	0.1941041	0.4197782
418	2	1.120904	0.1941041	0.4197782
418	3	1.120904	0.1941041	0.4197782
418	4	1.120904	0.1941041	0.4197782
419	1	1.120904	0.1941041	0.4197782
419	2	1.120904	0.1941041	0.4197782
419	3	1.120904	0.1941041	0.4197782
419	4	1.120904	0.1941041	0.4197782
420	1	1.120904	0.1941041	0.4197782
420	2	1.120904	0.1941041	0.4197782
420	3	1.120904	0.1941041	0.4197782
420	4	1.120904	0.1941041	0.4197782
421	1	1.120904	0.1941041	0.4197782
421	2	1.120904	0.1941041	0.4197782
421	3	1.120904	0.1941041	0.4197782
421	4	1.120904	0.1941041	0.4197782
422	1	1.120904	0.1941041	0.4197782
422	2	1.120904	0.1941041	0.4197782
422	3	1.120904	0.1941041	0.4197782
422	4	1.120904	0.1941041	0.4197782
423	1	1.261228	0.1521319	0.422188
423	2	-0.1321507	0.5689039	0.3982598
423	3	-0.1321507	0.5689039	0.3982598
423	4	-0.1321507	0.5689039	0.3982598
424	1	1.261228	0.1521319	0.422188
424	2	-0.1321507	0.5689039	0.3982598
424	3	-0.1321507	0.5689039	0.3982598
424	4	-0.1321507	0.5689039	0.3982598
425	1	1.408068	0.108211	0.4247096
425	2	-0.1551759	0.575791	0.3978644
425	3	-0.1551759	0.575791	0.3978644
425	4	-0.1551759	0.575791	0.3978644
426	1	1.408068	0.108211	0.4247096
426	2	-0.1551759	0.575791	0.3978644
426	3	-0.1551759	0.575791	0.3978644
426	4	-0.1551759	0.575791	0.3978644
427	1	1.408068	0.108211	0.4247096
427	2	-0.1551759	0.575791	0.3978644
427	3	-0.1551759	0.575791	0.3978644
427	4	-0.1551759	0.575791	0.3978644
428	1	1.408068	0.108211	0.4247096
428	2	-0.1551759	0.575791	0.3978644
428	3	-0.1551759	0.575791	0.3978644
428	4	-0.1551759	0.575791	0.3978644
429	1	1.408068	0.108211	0.4247096
429	2	-0.1551759	0.575791	0.3978644
429	3	-0.1551759	0.575791	0.3978644
429	4	-0.1551759	0.575791	0.3978644
430	1	1.408068	0.108211	0.4247096
430	2	-0.1551759	0.575791	0.3978644
430	3	-0.1551759	0.575791	0.3978644
430	4	-0.1551759	0.575791	0.3978644
431	1	1.120904	0.1941041	0.4197782
431	2	1.120904	0.1941041	0.4197782
431	3	1.120904	0.1941041	0.4197782
431	4	1.120904	0.1941041	0.4197782
432	1	1.120904	0.1941041	0.4197782
432	2	1.120904	0.1941041	0.4197782
432	3	1.120904	0.1941041	0.4197782
432	4	1.120904	0.1941041	0.4197782
433	1	1.120904	0.1941041	0.4197782
433	2	1.120904	0.1941041	0.4197782
433	3	1.120904	0.1941041	0.4197782
433	4	1.120904	0.1941041	0.4197782
434	1	1.120904	0.1941041	0.4197782
434	2	1.120904	0.1941041	0.4197782
434	3	1.120904	0.1941041	0.4197782
434	4	1.120904	0.1941041	0.4197782
435	1	1.120904	0.1941041	0.4197782
435	2	1.120904	0.1941041	0.4197782
435	3	1.120904	0.1941041	0.4197782
435	4	1.120904	0.1941041	0.4197782
436	1	1.120904	0.1941041	0.4197782
436	2	1.120904	0.1941041	0.4197782
436	3	1.120904	0.1941041	0.4197782
436	4	1.120904	0.1941041	0.4197782
437	1	1.120904	0.1941041	0.4197782
437	2	1.120904	0.1941041	0.4197782
437	3	1.120904	0.1941041	0.4197782
437	4	1.120904	0.1941041	0.4197782
438	1	1.120904	0.1941041	0.4197782
438	2	1.120904	0.1941041	0.4197782
438	3	1.120904	0.1941041	0.4197782
438	4	1.120904	0.1941041	0.4197782
439	1	1.120904	0.1941041	0.4197782
439	2	1.120904	0.1941041	0.4197782
439	3	1.120904	0.1941041	0.4197782
439	4	1.120904	0.1941041	0.4197782
440	1	1.120904	0.1941041	0.4197782
440	2	1.120904	0.1941041	0.4197782
440	4	1.120904	0.1941041	0.4197782
441	1	1.120904	0.1941041	0.4197782
441	2	1.120904	0.1941041	0.4197782
441	4	1.120904	0.1941041	0.4197782
442	2	1.120904	0.1941041	0.4197782
442	4	1.120904	0.1941041	0.4197782
443	2	1.120904	0.1941041	0.4197782
443	4	1.120904	0.1941041	0.4197782
444	2	1.120904	0.1941041	0.4197782
444	4	1.120904	0.1941041	0.4197782
446	2	1.120904	0.1941041	0.4197782
446	3	1.120904	0.1941041	0.4197782
446	4	1.120904	0.1941041	0.4197782
447	2	1.120904	0.1941041	0.4197782
447	3	1.120904	0.1941041	0.4197782
447	4	1.120904	0.1941041	0.4197782
448	2	1.120904	0.1941041	0.4197782
448	3	1.120904	0.1941041	0.4197782
448	4	1.120904	0.1941041	0.4197782
449	1	1.120904	0.1941041	0.4197782
449	2	1.120904	0.1941041	0.4197782
449	3	1.120904	0.1941041	0.4197782
449	4	1.120904	0.1941041	0.4197782
450	1	1.120904	0.1941041	0.4197782
450	2	1.120904	0.1941041	0.4197782
450	3	1.120904	0.1941041	0.4197782
450	4	1.120904	0.1941041	0.4197782
451	1	1.120904	0.1941041	0.4197782
451	2	1.120904	0.1941041	0.4197782
451	3	1.120904	0.1941041	0.4197782
451	4	1.120904	0.1941041	0.4197782
452	1	1.120904	0.1941041	0.4197782
452	2	1.120904	0.1941041	0.4197782
452	3	1.120904	0.1941041	0.4197782
453	1	1.120904	0.1941041	0.4197782
453	2	1.120904	0.1941041	0.4197782
453	3	1.120904	0.1941041	0.4197782
454	1	1.120904	0.1941041	0.4197782
454	2	1.120904	0.1941041	0.4197782
454	3	1.120904	0.1941041	0.4197782
455	1	1.120904	0.1941041	0.4197782
455	2	1.120904	0.1941041	0.4197782
455	3	1.120904	0.1941041	0.4197782
456	1	1.120904	0.1941041	0.4197782
456	2	1.120904	0.1941041	0.4197782
456	3	1.120904	0.1941041	0.4197782
457	1	1.120904	0.1941041	0.4197782
457	2	1.120904	0.1941041	0.4197782
457	3	1.120904	0.1941041	0.4197782
457	4	1.120904	0.1941041	0.4197782
458	1	1.120904	0.1941041	0.4197782
458	2	1.120904	0.1941041	0.4197782
458	3	1.120904	0.1941041	0.4197782
458	4	1.120904	0.1941041	0.4197782
459	1	1.120904	0.1941041	0.4197782
459	2	1.120904	0.1941041	0.4197782
459	3	1.120904	0.1941041	0.4197782
459	4	1.120904	0.1941041	0.4197782
460	1	1.120904	0.1941041	0.4197782
460	2	1.120904	0.1941041	0.4197782
460	3	1.120904	0.1941041	0.4197782
460	4	1.120904	0.1941041	0.4197782
461	1	1.120904	0.1941041	0.4197782
461	2	1.120904	0.1941041	0.4197782
461	3	1.120904	0.1941041	0.4197782
461	4	1.120904	0.1941041	0.4197782
462	1	1.120904	0.1941041	0.4197782
462	2	1.120904	0.1941041	0.4197782
462	3	1.120904	0.1941041	0.4197782
462	4	1.120904	0.1941041	0.4197782
463	1	1.120904	0.1941041	0.4197782
463	2	1.120904	0.1941041	0.4197782
463	3	1.120904	0.1941041	0.4197782
463	4	1.120904	0.1941041	0.4197782
464	1	1.120904	0.1941041	0.4197782
464	2	1.120904	0.1941041	0.4197782
464	3	1.120904	0.1941041	0.4197782
464	4	1.120904	0.1941041	0.4197782
465	1	1.120904	0.1941041	0.4197782
465	2	1.120904	0.1941041	0.4197782
465	3	1.120904	0.1941041	0.4197782
465	4	1.120904	0.1941041	0.4197782
466	1	1.120904	0.1941041	0.4197782
466	2	1.120904	0.1941041	0.4197782
466	3	1.120904	0.1941041	0.4197782
466	4	1.120904	0.1941041	0.4197782
467	1	1.120904	0.1941041	0.4197782
467	2	1.120904	0.1941041	0.4197782
467	3	1.120904	0.1941041	0.4197782
467	4	1.120904	0.1941041	0.4197782
468	1	1.120904	0.1941041	0.4197782
468	2	1.120904	0.1941041	0.4197782
468	3	1.120904	0.1941041	0.4197782
468	4	1.120904	0.1941041	0.4197782
469	1	1.120904	0.1941041	0.4197782
469	2	1.120904	0.1941041	0.4197782
469	3	1.120904	0.1941041	0.4197782
469	4	1.120904	0.1941041	0.4197782
470	1	1.120904	0.1941041	0.4197782
470	2	1.120904	0.1941041	0.4197782
470	3	1.120904	0.1941041	0.4197782
470	4	1.120904	0.1941041	0.4197782
471	1	1.120904	0.1941041	0.4197782
471	2	1.120904	0.1941041	0.4197782
471	3	1.120904	0.1941041	0.4197782
471	4	1.120904	0.1941041	0.4197782
472	1	1.120904	0.1941041	0.4197782
472	2	1.120904	0.1941041	0.4197782
472	3	1.120904	0.1941041	0.4197782
472	4	1.120904	0.1941041	0.4197782
473	1	1.120904	0.1941041	0.4197782
473	2	1.120904	0.1941041	0.4197782
473	3	1.120904	0.1941041	0.4197782
473	4	1.120904	0.1941041	0.4197782
474	1	1.120904	0.1941041	0.4197782
474	2	1.120904	0.1941041	0.4197782
474	3	1.120904	0.1941041	0.4197782
474	4	1.120904	0.1941041	0.4197782
475	1	1.120904	0.1941041	0.4197782
475	2	1.120904	0.1941041	0.4197782
475	3	1.120904	0.1941041	0.4197782
475	4	1.120904	0.1941041	0.4197782
476	1	1.120904	0.1941041	0.4197782
476	2	1.120904	0.1941041	0.4197782
476	3	1.120904	0.1941041	0.4197782
476	4	1.120904	0.1941041	0.4197782
477	1	1.120904	0.1941041	0.4197782
477	2	1.120904	0.1941041	0.4197782
477	3	1.120904	0.1941041	0.4197782
477	4	1.120904	0.1941041	0.4197782
478	1	1.120904	0.1941041	0.4197782
478	2	1.120904	0.1941041	0.4197782
478	3	1.120904	0.1941041	0.4197782
478	4	1.120904	0.1941041	0.4197782
479	1	1.120904	0.1941041	0.4197782
479	2	1.120904	0.1941041	0.4197782
479	3	1.120904	0.1941041	0.4197782
479	4	1.120904	0.1941041	0.4197782
480	1	1.120904	0.1941041	0.4197782
480	2	1.120904	0.1941041	0.4197782
480	3	1.120904	0.1941041	0.4197782
480	4	1.120904	0.1941041	0.4197782
481	1	1.120904	0.1941041	0.4197782
481	2	1.120904	0.1941041	0.4197782
481	3	1.120904	0.1941041	0.4197782
481	4	1.120904	0.1941041	0.4197782
482	1	1.120904	0.1941041	0.4197782
482	2	1.120904	0.1941041	0.4197782
482	3	1.120904	0.1941041	0.4197782
482	4	1.120904	0.1941041	0.4197782
483	1	1.120904	0.1941041	0.4197782
483	2	1.120904	0.1941041	0.4197782
483	3	1.120904	0.1941041	0.4197782
483	4	1.120904	0.1941041	0.4197782
484	1	1.120904	0.1941041	0.4197782
484	2	1.120904	0.1941041	0.4197782
485	1	1.120904	0.1941041	0.4197782
485	2	1.120904	0.1941041	0.4197782
486	1	1.120904	0.1941041	0.4197782
486	2	1.120904	0.1941041	0.4197782
487	1	1.120904	0.1941041	0.4197782
487	2	1.120904	0.1941041	0.4197782
488	1	1.120904	0.1941041	0.4197782
488	2	1.120904	0.1941041	0.4197782
489	1	1.120904	0.1941041	0.4197782
489	2	1.120904	0.1941041	0.4197782
490	1	1.120904	0.1941041	0.4197782
490	2	1.120904	0.1941041	0.4197782
490	3	1.120904	0.1941041	0.4197782
490	4	1.120904	0.1941041	0.4197782
491	1	1.120904	0.1941041	0.4197782
491	2	1.120904	0.1941041	0.4197782
491	3	1.120904	0.1941041	0.4197782
491	4	1.120904	0.1941041	0.4197782
492	1	1.120904	0.1941041	0.4197782
492	2	1.120904	0.1941041	0.4197782
492	3	1.120904	0.1941041	0.4197782
492	4	1.120904	0.1941041	0.4197782
493	1	1.120904	0.1941041	0.4197782
493	2	1.120904	0.1941041	0.4197782
493	3	1.120904	0.1941041	0.4197782
493	4	1.120904	0.1941041	0.4197782
494	1	1.120904	0.1941041	0.4197782
494	2	1.120904	0.1941041	0.4197782
494	3	1.120904	0.1941041	0.4197782
494	4	1.120904	0.1941041	0.4197782
495	1	1.120904	0.1941041	0.4197782
495	2	1.120904	0.1941041	0.4197782
495	3	1.120904	0.1941041	0.4197782
495	4	1.120904	0.1941041	0.4197782
496	1	1.120904	0.1941041	0.4197782
496	2	1.120904	0.1941041	0.4197782
496	3	1.120904	0.1941041	0.4197782
496	4	1.120904	0.1941041	0.4197782
497	1	1.120904	0.1941041	0.4197782
497	2	1.120904	0.1941041	0.4197782
497	3	1.120904	0.1941041	0.4197782
497	4	1.120904	0.1941041	0.4197782
498	1	1.120904	0.1941041	0.4197782
498	2	1.120904	0.1941041	0.4197782
498	4	1.120904	0.1941041	0.4197782
499	1	1.120904	0.1941041	0.4197782
499	2	1.120904	0.1941041	0.4197782
499	3	1.120904	0.1941041	0.4197782
499	4	1.120904	0.1941041	0.4197782
500	1	1.120904	0.1941041	0.4197782
500	2	1.120904	0.1941041	0.4197782
500	3	1.120904	0.1941041	0.4197782
500	4	1.120904	0.1941041	0.4197782
501	1	1.120904	0.1941041	0.4197782
501	2	1.120904	0.1941041	0.4197782
501	3	1.120904	0.1941041	0.4197782
501	4	1.120904	0.1941041	0.4197782
502	1	1.120904	0.1941041	0.4197782
502	2	1.120904	0.1941041	0.4197782
502	3	1.120904	0.1941041	0.4197782
502	4	1.120904	0.1941041	0.4197782
503	1	1.120904	0.1941041	0.4197782
503	2	1.120904	0.1941041	0.4197782
503	3	1.120904	0.1941041	0.4197782
503	4	1.120904	0.1941041	0.4197782
504	1	1.120904	0.1941041	0.4197782
504	2	1.120904	0.1941041	0.4197782
504	3	1.120904	0.1941041	0.4197782
504	4	1.120904	0.1941041	0.4197782
505	1	1.120904	0.1941041	0.4197782
505	2	1.120904	0.1941041	0.4197782
505	3	1.120904	0.1941041	0.4197782
505	4	1.120904	0.1941041	0.4197782
506	1	1.120904	0.1941041	0.4197782
506	2	1.120904	0.1941041	0.4197782
506	3	1.120904	0.1941041	0.4197782
506	4	1.120904	0.1941041	0.4197782
507	1	1.213737	0.166337	0.4213724
507	2	-0.2423374	0.6018617	0.3963676
507	3	1.213737	0.166337	0.4213724
507	4	1.213737	0.166337	0.4213724
509	1	1.213737	0.166337	0.4213724
509	2	-0.2423374	0.6018617	0.3963676
509	3	1.213737	0.166337	0.4213724
509	4	1.213737	0.166337	0.4213724
510	1	1.213737	0.166337	0.4213724
510	2	-0.2423374	0.6018617	0.3963676
510	3	1.213737	0.166337	0.4213724
510	4	1.213737	0.166337	0.4213724
511	1	1.213737	0.166337	0.4213724
511	2	-0.2423374	0.6018617	0.3963676
511	3	1.213737	0.166337	0.4213724
511	4	1.213737	0.166337	0.4213724
512	1	1.213737	0.166337	0.4213724
512	2	-0.2423374	0.6018617	0.3963676
512	3	1.213737	0.166337	0.4213724
512	4	1.213737	0.166337	0.4213724
513	1	1.213737	0.166337	0.4213724
513	2	-0.2423374	0.6018617	0.3963676
513	3	1.213737	0.166337	0.4213724
513	4	1.213737	0.166337	0.4213724
514	1	1.213737	0.166337	0.4213724
514	2	-0.2423374	0.6018617	0.3963676
514	3	1.213737	0.166337	0.4213724
514	4	1.213737	0.166337	0.4213724
515	1	1.213737	0.166337	0.4213724
515	2	-0.2423374	0.6018617	0.3963676
515	3	1.213737	0.166337	0.4213724
515	4	1.213737	0.166337	0.4213724
516	1	1.213737	0.166337	0.4213724
516	2	-0.2423374	0.6018617	0.3963676
516	3	1.213737	0.166337	0.4213724
516	4	1.213737	0.166337	0.4213724
517	1	1.213737	0.166337	0.4213724
517	2	-0.2423374	0.6018617	0.3963676
517	3	1.213737	0.166337	0.4213724
517	4	1.213737	0.166337	0.4213724
518	1	1.309443	0.1377103	0.4230159
518	2	-0.1997335	0.5891185	0.3970992
519	1	1.309443	0.1377103	0.4230159
519	2	-0.1997335	0.5891185	0.3970992
520	1	1.309443	0.1377103	0.4230159
520	2	-0.1997335	0.5891185	0.3970992
521	1	1.309443	0.1377103	0.4230159
521	2	-0.1997335	0.5891185	0.3970992
522	1	1.309443	0.1377103	0.4230159
522	2	-0.1997335	0.5891185	0.3970992
523	1	1.309443	0.1377103	0.4230159
523	2	-0.1997335	0.5891185	0.3970992
524	1	1.309443	0.1377103	0.4230159
524	2	-0.1997335	0.5891185	0.3970992
525	1	1.309443	0.1377103	0.4230159
525	2	-0.1997335	0.5891185	0.3970992
526	1	1.309443	0.1377103	0.4230159
526	2	-0.1997335	0.5891185	0.3970992
527	1	1.309443	0.1377103	0.4230159
527	2	-0.1997335	0.5891185	0.3970992
528	1	1.309443	0.1377103	0.4230159
528	2	-0.1997335	0.5891185	0.3970992
529	1	1.309443	0.1377103	0.4230159
529	2	-0.1997335	0.5891185	0.3970992
530	1	1.309443	0.1377103	0.4230159
530	2	-0.1997335	0.5891185	0.3970992
531	1	1.170187	0.216561	0.05201119
531	2	0.617445	0.2626355	1.224286
531	3	-0.1879878	0.5856053	0.3973009
531	4	-0.1879878	0.5856053	0.3973009
532	1	0.6024278	0.3912417	-0.0058881
532	2	-0.3610018	0.5909165	0.854517
532	4	0.9791602	0.1900622	0.8775313
545	1	0.6024278	0.3912417	-0.0058881
545	2	-0.3610018	0.5909165	0.854517
545	4	0.9791602	0.1900622	0.8775313
546	1	0.6024278	0.3912417	-0.0058881
546	2	-0.3610018	0.5909165	0.854517
546	4	0.9791602	0.1900622	0.8775313
547	1	1.170187	0.216561	0.05201119
547	2	0.617445	0.2626355	1.224286
547	3	-0.1879878	0.5856053	0.3973009
547	4	-0.1879878	0.5856053	0.3973009
548	1	0.4820341	0.4266674	-0.002157340
548	2	1.311221	0.1237911	0.555712
548	3	-0.3160579	0.5762543	0.8673692
548	4	-0.3160579	0.5762543	0.8673692
549	1	0.4820341	0.4266674	-0.002157340
549	2	1.311221	0.1237911	0.555712
549	3	-0.3160579	0.5762543	0.8673692
549	4	-0.3160579	0.5762543	0.8673692
550	1	1.309443	0.1377103	0.4230159
550	3	-0.1551758	0.575791	0.3978644
550	4	-0.1551758	0.575791	0.3978644
551	1	1.309443	0.1377103	0.4230159
551	3	-0.1551758	0.575791	0.3978644
551	4	-0.1551758	0.575791	0.3978644
556	1	1.120904	0.1941041	0.4197782
556	2	1.120904	0.1941041	0.4197782
556	3	1.213737	0.166337	0.4213724
556	4	-0.1551758	0.575791	0.3978644
557	1	1.120904	0.1941041	0.4197782
557	2	1.120904	0.1941041	0.4197782
557	3	1.213737	0.166337	0.4213724
557	4	-0.1551758	0.575791	0.3978644
558	1	1.120904	0.1941041	0.4197782
558	2	1.120904	0.1941041	0.4197782
558	3	1.213737	0.166337	0.4213724
558	4	-0.1551758	0.575791	0.3978644
559	1	1.120904	0.1941041	0.4197782
559	2	1.120904	0.1941041	0.4197782
559	3	1.120904	0.1941041	0.4197782
559	4	1.120904	0.1941041	0.4197782
560	1	1.120904	0.1941041	0.4197782
560	2	1.120904	0.1941041	0.4197782
560	3	1.120904	0.1941041	0.4197782
560	4	1.120904	0.1941041	0.4197782
561	1	1.120904	0.1941041	0.4197782
561	2	1.120904	0.1941041	0.4197782
561	3	1.120904	0.1941041	0.4197782
561	4	1.120904	0.1941041	0.4197782
562	1	1.120904	0.1941041	0.4197782
562	2	1.120904	0.1941041	0.4197782
562	3	1.120904	0.1941041	0.4197782
562	4	1.120904	0.1941041	0.4197782
563	1	1.408068	0.108211	0.4247096
563	2	-0.1551759	0.575791	0.3978644
563	3	-0.1551759	0.575791	0.3978644
563	4	-0.1551759	0.575791	0.3978644
564	1	1.408068	0.108211	0.4247096
564	2	-0.1551759	0.575791	0.3978644
564	3	-0.1551759	0.575791	0.3978644
564	4	-0.1551759	0.575791	0.3978644
565	1	1.408068	0.108211	0.4247096
565	2	-0.1551759	0.575791	0.3978644
565	3	-0.1551759	0.575791	0.3978644
565	4	-0.1551759	0.575791	0.3978644
566	1	1.408068	0.108211	0.4247096
566	2	-0.1551759	0.575791	0.3978644
566	3	-0.1551759	0.575791	0.3978644
566	4	-0.1551759	0.575791	0.3978644
567	1	1.408068	0.108211	0.4247096
567	2	-0.1551759	0.575791	0.3978644
567	3	-0.1551759	0.575791	0.3978644
567	4	-0.1551759	0.575791	0.3978644
568	1	1.408068	0.108211	0.4247096
568	2	-0.1551759	0.575791	0.3978644
568	3	-0.1551759	0.575791	0.3978644
568	4	-0.1551759	0.575791	0.3978644
569	1	1.408068	0.108211	0.4247096
569	2	-0.1551759	0.575791	0.3978644
569	3	-0.1551759	0.575791	0.3978644
569	4	-0.1551759	0.575791	0.3978644
570	1	1.408068	0.108211	0.4247096
570	2	-0.1551759	0.575791	0.3978644
570	3	-0.1551759	0.575791	0.3978644
570	4	-0.1551759	0.575791	0.3978644
571	1	1.408068	0.108211	0.4247096
571	2	-0.1551759	0.575791	0.3978644
571	3	-0.1551759	0.575791	0.3978644
571	4	-0.1551759	0.575791	0.3978644
572	1	1.408068	0.108211	0.4247096
572	2	-0.1551759	0.575791	0.3978644
572	3	-0.1551759	0.575791	0.3978644
572	4	-0.1551759	0.575791	0.3978644
574	1	1.120904	0.1941041	0.4197782
574	2	1.120904	0.1941041	0.4197782
574	3	1.120904	0.1941041	0.4197782
574	4	1.120904	0.1941041	0.4197782
575	1	1.120904	0.1941041	0.4197782
575	2	1.120904	0.1941041	0.4197782
575	3	1.120904	0.1941041	0.4197782
575	4	1.120904	0.1941041	0.4197782
576	1	1.120904	0.1941041	0.4197782
576	2	1.120904	0.1941041	0.4197782
576	3	1.120904	0.1941041	0.4197782
576	4	1.120904	0.1941041	0.4197782
577	1	1.120904	0.1941041	0.4197782
577	2	1.120904	0.1941041	0.4197782
577	3	1.120904	0.1941041	0.4197782
577	4	1.120904	0.1941041	0.4197782
578	1	1.120904	0.1941041	0.4197782
578	2	1.120904	0.1941041	0.4197782
578	3	1.120904	0.1941041	0.4197782
578	4	1.120904	0.1941041	0.4197782
579	1	1.120904	0.1941041	0.4197782
579	2	1.120904	0.1941041	0.4197782
579	3	1.120904	0.1941041	0.4197782
579	4	1.120904	0.1941041	0.4197782
580	1	1.120904	0.1941041	0.4197782
580	2	1.120904	0.1941041	0.4197782
580	3	1.120904	0.1941041	0.4197782
580	4	1.120904	0.1941041	0.4197782
581	1	1.120904	0.1941041	0.4197782
581	2	1.120904	0.1941041	0.4197782
581	3	1.120904	0.1941041	0.4197782
581	4	1.120904	0.1941041	0.4197782
585	1	1.120904	0.1941041	0.4197782
585	2	1.120904	0.1941041	0.4197782
585	3	1.120904	0.1941041	0.4197782
585	4	1.120904	0.1941041	0.4197782
586	1	1.120904	0.1941041	0.4197782
586	2	1.120904	0.1941041	0.4197782
586	3	1.120904	0.1941041	0.4197782
586	4	1.120904	0.1941041	0.4197782
587	1	1.120904	0.1941041	0.4197782
587	2	1.120904	0.1941041	0.4197782
587	3	1.120904	0.1941041	0.4197782
587	4	1.120904	0.1941041	0.4197782
588	1	1.120904	0.1941041	0.4197782
588	2	1.120904	0.1941041	0.4197782
588	3	1.120904	0.1941041	0.4197782
588	4	1.120904	0.1941041	0.4197782
589	1	1.120904	0.1941041	0.4197782
589	2	1.120904	0.1941041	0.4197782
589	3	1.120904	0.1941041	0.4197782
589	4	1.120904	0.1941041	0.4197782
590	1	1.120904	0.1941041	0.4197782
590	2	1.120904	0.1941041	0.4197782
590	3	1.120904	0.1941041	0.4197782
590	4	1.120904	0.1941041	0.4197782
591	1	1.120904	0.1941041	0.4197782
591	2	1.120904	0.1941041	0.4197782
591	3	1.120904	0.1941041	0.4197782
591	4	1.120904	0.1941041	0.4197782
592	1	1.120904	0.1941041	0.4197782
592	2	1.120904	0.1941041	0.4197782
592	3	1.120904	0.1941041	0.4197782
593	1	1.374866	0.1181419	0.4241394
593	2	-0.1702482	0.5802992	0.3976055
593	3	-0.1702482	0.5802992	0.3976055
594	1	1.374866	0.1181419	0.4241394
594	2	-0.1702482	0.5802992	0.3976055
594	3	-0.1702482	0.5802992	0.3976055
595	1	1.374866	0.1181419	0.4241394
595	2	-0.1702482	0.5802992	0.3976055
595	3	-0.1702482	0.5802992	0.3976055
596	1	1.408068	0.108211	0.4247096
596	2	-0.1551759	0.575791	0.3978644
596	3	-0.1551759	0.575791	0.3978644
596	4	-0.1551759	0.575791	0.3978644
597	1	1.408068	0.108211	0.4247096
597	2	-0.1551759	0.575791	0.3978644
597	3	-0.1551759	0.575791	0.3978644
597	4	-0.1551759	0.575791	0.3978644
598	1	1.408068	0.108211	0.4247096
598	2	-0.1551759	0.575791	0.3978644
598	3	-0.1551759	0.575791	0.3978644
598	4	-0.1551759	0.575791	0.3978644
608	1	1.408068	0.108211	0.4247096
608	2	-0.1551759	0.575791	0.3978644
608	3	-0.1551759	0.575791	0.3978644
608	4	-0.1551759	0.575791	0.3978644
609	1	1.408068	0.108211	0.4247096
609	2	-0.1551759	0.575791	0.3978644
609	3	-0.1551759	0.575791	0.3978644
609	4	-0.1551759	0.575791	0.3978644
610	1	1.408068	0.108211	0.4247096
610	2	-0.1551759	0.575791	0.3978644
610	3	-0.1551759	0.575791	0.3978644
610	4	-0.1551759	0.575791	0.3978644
611	1	1.408068	0.108211	0.4247096
611	2	-0.1551759	0.575791	0.3978644
611	3	-0.1551759	0.575791	0.3978644
611	4	-0.1551759	0.575791	0.3978644
612	1	1.408068	0.108211	0.4247096
612	2	-0.1551759	0.575791	0.3978644
612	3	-0.1551759	0.575791	0.3978644
612	4	-0.1551759	0.575791	0.3978644
613	1	1.309443	0.1377103	0.4230159
613	2	-0.1997335	0.5891185	0.3970992
614	1	1.170187	0.216561	0.05201119
614	2	0.617445	0.2626355	1.224286
614	3	-0.1879878	0.5856053	0.3973009
614	4	-0.1879878	0.5856053	0.3973009
615	1	1.408068	0.108211	0.4247096
615	2	-0.1551759	0.575791	0.3978644
615	3	-0.1551759	0.575791	0.3978644
615	4	-0.1551759	0.575791	0.3978644
616	1	1.408068	0.108211	0.4247096
616	2	-0.1551759	0.575791	0.3978644
616	3	-0.1551759	0.575791	0.3978644
616	4	-0.1551759	0.575791	0.3978644
617	1	1.408068	0.108211	0.4247096
617	2	-0.1551759	0.575791	0.3978644
617	3	-0.1551759	0.575791	0.3978644
617	4	-0.1551759	0.575791	0.3978644
618	1	1.408068	0.108211	0.4247096
618	2	-0.1551759	0.575791	0.3978644
618	3	-0.1551759	0.575791	0.3978644
618	4	-0.1551759	0.575791	0.3978644
619	1	1.408068	0.108211	0.4247096
619	2	-0.1551759	0.575791	0.3978644
619	3	-0.1551759	0.575791	0.3978644
619	4	-0.1551759	0.575791	0.3978644
620	1	1.408068	0.108211	0.4247096
620	2	-0.1551759	0.575791	0.3978644
620	3	-0.1551759	0.575791	0.3978644
620	4	-0.1551759	0.575791	0.3978644
621	1	1.408068	0.108211	0.4247096
621	2	-0.1551759	0.575791	0.3978644
621	3	-0.1551759	0.575791	0.3978644
621	4	-0.1551759	0.575791	0.3978644
622	1	1.408068	0.108211	0.4247096
622	2	-0.1551759	0.575791	0.3978644
622	3	-0.1551759	0.575791	0.3978644
622	4	-0.1551759	0.575791	0.3978644
623	1	1.408068	0.108211	0.4247096
623	2	-0.1551759	0.575791	0.3978644
623	3	-0.1551759	0.575791	0.3978644
623	4	-0.1551759	0.575791	0.3978644
624	1	1.408068	0.108211	0.4247096
624	2	-0.1551759	0.575791	0.3978644
624	3	-0.1551759	0.575791	0.3978644
624	4	-0.1551759	0.575791	0.3978644
625	1	1.309443	0.1377103	0.4230159
625	4	-0.1997335	0.5891185	0.3970992
626	1	1.120904	0.1941041	0.4197782
626	4	1.120904	0.1941041	0.4197782
627	1	1.120904	0.1941041	0.4197782
627	4	1.120904	0.1941041	0.4197782
628	1	1.120904	0.1941041	0.4197782
628	4	1.120904	0.1941041	0.4197782
629	1	1.120904	0.1941041	0.4197782
629	4	1.120904	0.1941041	0.4197782
630	1	1.120904	0.1941041	0.4197782
630	4	1.120904	0.1941041	0.4197782
631	1	1.120904	0.1941041	0.4197782
631	4	1.120904	0.1941041	0.4197782
632	1	1.120904	0.1941041	0.4197782
632	4	1.120904	0.1941041	0.4197782
633	1	1.261228	0.1521319	0.4221880
633	2	-0.2212769	0.5955624	0.3967292
633	3	-0.1321506	0.5689039	0.3982598
633	4	1.261228	0.1521319	0.422188
