1	1	1.120904	0.1941041	0.4197782
1	2	1.120904	0.1941041	0.4197782
1	3	1.120904	0.1941041	0.4197782
1	4	1.120904	0.1941041	0.4197782
1	5	1.120904	0.1941041	0.4197782
1	6	1.120904	0.1941041	0.4197782
1	8	1.120904	0.1941041	0.4197782
1	9	1.120904	0.1941041	0.4197782
1	10	1.120904	0.1941041	0.4197782
1	11	1.120904	0.1941041	0.4197782
1	12	1.120904	0.1941041	0.4197782
1	13	1.120904	0.1941041	0.4197782
1	14	1.120904	0.1941041	0.4197782
1	15	1.120904	0.1941041	0.4197782
1	16	1.120904	0.1941041	0.4197782
1	17	1.120904	0.1941041	0.4197782
1	18	1.120904	0.1941041	0.4197782
1	19	1.120904	0.1941041	0.4197782
1	20	1.120904	0.1941041	0.4197782
1	21	1.120904	0.1941041	0.4197782
1	22	1.120904	0.1941041	0.4197782
1	23	1.120904	0.1941041	0.4197782
1	24	1.120904	0.1941041	0.4197782
1	25	1.120904	0.1941041	0.4197782
1	26	1.120904	0.1941041	0.4197782
1	27	1.120904	0.1941041	0.4197782
2	1	1.097613	0.1947346	0.4821656
2	2	1.097613	0.1947346	0.4821655
2	3	1.097613	0.1947346	0.4821656
2	4	1.097613	0.1947346	0.4821656
2	5	1.097613	0.1947346	0.4821656
2	6	1.097613	0.1947346	0.4821656
2	7	1.097613	0.1947346	0.4821656
2	8	1.097613	0.1947346	0.4821656
2	9	1.097613	0.1947346	0.4821656
2	10	1.097613	0.1947346	0.4821656
2	11	1.097613	0.1947346	0.4821656
2	12	1.097613	0.1947346	0.4821656
2	13	1.097613	0.1947346	0.4821656
2	14	1.097613	0.1947346	0.4821656
2	15	1.097613	0.1947346	0.4821656
2	16	1.097613	0.1947346	0.4821656
2	17	1.097613	0.1947346	0.4821656
2	18	1.097613	0.1947346	0.4821656
2	19	1.097613	0.1947346	0.4821656
2	20	1.097613	0.1947346	0.4821656
2	21	1.097613	0.1947346	0.4821656
2	22	1.097613	0.1947346	0.4821656
2	23	1.097613	0.1947346	0.4821656
2	24	1.097613	0.1947346	0.4821656
2	25	1.097613	0.1947346	0.4821656
2	26	1.097613	0.1947346	0.4821656
2	27	-0.2046144	0.5981371	0.3221126
3	1	1.097613	0.1947346	0.4821656
3	2	1.097613	0.1947346	0.4821655
3	3	1.097613	0.1947346	0.4821656
3	4	1.097613	0.1947346	0.4821656
3	5	1.097613	0.1947346	0.4821656
3	6	1.097613	0.1947346	0.4821656
3	7	1.097613	0.1947346	0.4821656
3	8	1.097613	0.1947346	0.4821656
3	9	1.097613	0.1947346	0.4821656
3	10	1.097613	0.1947346	0.4821656
3	11	1.097613	0.1947346	0.4821656
3	12	1.097613	0.1947346	0.4821656
3	13	1.097613	0.1947346	0.4821656
3	14	1.097613	0.1947346	0.4821656
3	15	1.097613	0.1947346	0.4821656
3	16	1.097613	0.1947346	0.4821656
3	17	1.097613	0.1947346	0.4821656
3	18	1.097613	0.1947346	0.4821656
3	19	1.097613	0.1947346	0.4821656
3	20	1.097613	0.1947346	0.4821656
3	21	1.097613	0.1947346	0.4821656
3	22	1.097613	0.1947346	0.4821656
3	23	1.097613	0.1947346	0.4821656
3	24	1.097613	0.1947346	0.4821656
3	25	1.097613	0.1947346	0.4821656
3	26	1.097613	0.1947346	0.4821656
3	27	-0.2046144	0.5981371	0.3221126
4	1	1.097613	0.1947346	0.4821656
4	2	1.097613	0.1947346	0.4821655
4	3	1.097613	0.1947346	0.4821656
4	4	1.097613	0.1947346	0.4821656
4	5	1.097613	0.1947346	0.4821656
4	6	1.097613	0.1947346	0.4821656
4	7	1.097613	0.1947346	0.4821656
4	8	1.097613	0.1947346	0.4821656
4	9	1.097613	0.1947346	0.4821656
4	10	1.097613	0.1947346	0.4821656
4	11	1.097613	0.1947346	0.4821656
4	12	1.097613	0.1947346	0.4821656
4	13	1.097613	0.1947346	0.4821656
4	14	1.097613	0.1947346	0.4821656
4	15	1.097613	0.1947346	0.4821656
4	16	1.097613	0.1947346	0.4821656
4	17	1.097613	0.1947346	0.4821656
4	18	1.097613	0.1947346	0.4821656
4	19	1.097613	0.1947346	0.4821656
4	20	1.097613	0.1947346	0.4821656
4	21	1.097613	0.1947346	0.4821656
4	22	1.097613	0.1947346	0.4821656
4	23	1.097613	0.1947346	0.4821656
4	24	1.097613	0.1947346	0.4821656
4	25	1.097613	0.1947346	0.4821656
4	26	1.097613	0.1947346	0.4821656
4	27	-0.2046144	0.5981371	0.3221126
5	1	1.095787	0.1949103	0.4858048
5	2	1.095787	0.1949103	0.4858049
5	3	1.095787	0.1949103	0.4858048
5	4	1.095787	0.1949103	0.4858048
5	5	1.095787	0.1949103	0.4858048
5	6	1.095787	0.1949103	0.4858048
5	7	1.095787	0.1949103	0.4858048
5	8	1.095787	0.1949103	0.4858048
5	9	1.095787	0.1949103	0.4858048
5	10	1.095787	0.1949103	0.4858048
5	12	1.095787	0.1949103	0.4858048
5	13	1.095787	0.1949103	0.4858048
5	14	1.095787	0.1949103	0.4858048
5	15	1.095787	0.1949103	0.4858048
5	16	1.095787	0.1949103	0.4858048
5	17	1.095787	0.1949103	0.4858048
5	18	1.095787	0.1949103	0.4858048
5	19	1.095787	0.1949103	0.4858048
5	20	1.095787	0.1949103	0.4858048
5	21	1.095787	0.1949103	0.4858048
5	22	1.095787	0.1949103	0.4858048
5	23	1.095787	0.1949103	0.4858048
5	24	1.095787	0.1949103	0.4858048
5	25	1.095787	0.1949103	0.4858048
5	26	1.095787	0.1949103	0.4858048
5	27	-0.202308	0.5978386	0.3182738
6	1	1.138852	0.1891025	0.4164518
6	2	1.138852	0.1891025	0.4164518
6	3	1.138852	0.1891025	0.4164518
6	4	1.138852	0.1891025	0.4164518
6	5	1.138852	0.1891025	0.4164518
6	6	1.138852	0.1891025	0.4164518
6	7	1.138852	0.1891025	0.4164518
6	8	1.138852	0.1891025	0.4164518
6	9	1.138852	0.1891025	0.4164518
6	10	1.138852	0.1891025	0.4164518
6	11	-0.3950407	0.5843675	1.019722
6	12	1.138852	0.1891025	0.4164518
6	13	1.138852	0.1891025	0.4164518
6	14	1.138852	0.1891025	0.4164518
6	15	1.138852	0.1891025	0.4164518
6	16	1.138852	0.1891025	0.4164518
6	17	1.138852	0.1891025	0.4164518
6	18	1.138852	0.1891025	0.4164518
6	19	1.138852	0.1891025	0.4164518
6	20	1.138852	0.1891025	0.4164518
6	21	1.138852	0.1891025	0.4164518
6	22	1.138852	0.1891025	0.4164518
6	23	1.138852	0.1891025	0.4164518
6	24	1.138852	0.1891025	0.4164518
6	25	1.138852	0.1891025	0.4164518
6	26	1.138852	0.1891025	0.4164518
6	27	-0.03200833	0.5684027	0.1081217
7	1	1.138996	0.1890846	0.4162046
7	2	1.138996	0.1890846	0.4162046
7	3	1.138996	0.1890846	0.4162046
7	4	1.138996	0.1890846	0.4162046
7	5	1.138996	0.1890846	0.4162046
7	6	1.138996	0.1890846	0.4162046
7	7	1.138996	0.1890846	0.4162046
7	8	1.137770	0.1892416	0.418261
7	9	1.137770	0.1892416	0.418261
7	10	1.137770	0.1892416	0.418261
7	11	-0.3950303	0.5843554	1.019811
7	12	1.138996	0.1890846	0.4162046
7	13	1.138996	0.1890846	0.4162046
7	14	1.138996	0.1890846	0.4162046
7	15	1.138996	0.1890846	0.4162046
7	16	1.138996	0.1890846	0.4162046
7	17	1.138996	0.1890846	0.4162046
7	18	1.138996	0.1890846	0.4162046
7	19	1.138996	0.1890846	0.4162046
7	20	1.138996	0.1890846	0.4162046
7	21	1.138996	0.1890846	0.4162046
7	22	1.138996	0.1890846	0.4162046
7	23	1.138996	0.1890846	0.4162046
7	24	1.138996	0.1890846	0.4162046
7	25	1.138996	0.1890846	0.4162046
7	26	1.138996	0.1890846	0.4162046
7	27	-0.03198016	0.5683953	0.1081114
9	1	1.168272	0.1867779	0.3527916
9	2	1.168272	0.1867779	0.3527916
9	3	1.168272	0.1867779	0.3527916
9	4	1.168272	0.1867779	0.3527916
9	5	1.168272	0.1867779	0.3527916
9	6	1.168272	0.1867779	0.3527916
9	7	1.168272	0.1867779	0.3527916
9	11	-0.3911477	0.5796653	1.054847
9	12	1.168272	0.1867779	0.3527916
9	13	1.168272	0.1867779	0.3527916
9	14	1.168272	0.1867779	0.3527916
9	15	1.168272	0.1867779	0.3527916
9	16	1.168272	0.1867779	0.3527916
9	17	1.168272	0.1867779	0.3527916
9	18	1.168272	0.1867779	0.3527916
9	19	1.168272	0.1867779	0.3527916
9	20	1.168272	0.1867779	0.3527916
9	21	1.168272	0.1867779	0.3527916
9	22	1.168272	0.1867779	0.3527916
9	23	-0.2789753	0.5663269	0.8564676
9	24	1.168272	0.1867779	0.3527916
9	25	1.168272	0.1867779	0.3527916
9	26	1.168272	0.1867779	0.3527916
9	27	-0.0412146	0.5702128	0.1173139
10	1	1.170205	0.1877970	0.3369958
10	2	1.170205	0.1877970	0.3369958
10	3	1.170205	0.1877970	0.3369958
10	4	1.170205	0.1877970	0.3369958
10	5	1.170205	0.1877970	0.3369958
10	6	1.170205	0.1877970	0.3369958
10	7	1.170205	0.1877970	0.3369958
10	8	1.074941	0.1971490	0.5250522
10	9	1.074941	0.1971490	0.5250522
10	10	1.074941	0.1971490	0.5250522
10	11	-0.3914462	0.5806249	1.046217
10	12	1.170205	0.1877970	0.3369958
10	13	1.170205	0.1877970	0.3369958
10	14	1.170205	0.1877970	0.3369958
10	15	1.170205	0.1877970	0.3369958
10	16	1.170205	0.1877970	0.3369958
10	17	1.170205	0.1877970	0.3369958
10	18	1.170205	0.1877970	0.3369958
10	19	1.170205	0.1877970	0.3369958
10	20	1.170205	0.1877970	0.3369958
10	21	1.170205	0.1877970	0.3369958
10	22	1.170205	0.1877970	0.3369958
10	23	-0.2800087	0.5659845	0.862906
10	24	1.170205	0.1877970	0.3369958
10	25	1.170205	0.1877970	0.3369958
10	26	1.170205	0.1877970	0.3369958
10	27	-0.04322587	0.5707366	0.1180503
11	1	1.170205	0.1877970	0.3369958
11	2	1.170205	0.1877970	0.3369958
11	3	1.170205	0.1877970	0.3369958
11	4	1.170205	0.1877970	0.3369958
11	5	1.170205	0.1877970	0.3369958
11	6	1.170205	0.1877970	0.3369958
11	7	1.170205	0.1877970	0.3369958
11	8	1.074941	0.1971490	0.5250522
11	9	1.074941	0.1971490	0.5250522
11	10	1.074941	0.1971490	0.5250522
11	11	-0.3914462	0.5806249	1.046217
11	12	1.170205	0.1877970	0.3369958
11	13	1.170205	0.1877970	0.3369958
11	14	1.170205	0.1877970	0.3369958
11	15	1.170205	0.1877970	0.3369958
11	16	1.170205	0.1877970	0.3369958
11	17	1.170205	0.1877970	0.3369958
11	18	1.170205	0.1877970	0.3369958
11	19	1.170205	0.1877970	0.3369958
11	20	1.170205	0.1877970	0.3369958
11	21	1.170205	0.1877970	0.3369958
11	22	1.170205	0.1877970	0.3369958
11	23	-0.2800087	0.5659845	0.862906
11	24	1.170205	0.1877970	0.3369958
11	25	1.170205	0.1877970	0.3369958
11	26	1.170205	0.1877970	0.3369958
11	27	-0.04322587	0.5707366	0.1180503
12	1	1.170205	0.1877970	0.3369958
12	2	1.170205	0.1877970	0.3369958
12	3	1.170205	0.1877970	0.3369958
12	4	1.170205	0.1877970	0.3369958
12	5	1.170205	0.1877970	0.3369958
12	6	1.170205	0.1877970	0.3369958
12	7	1.170205	0.1877970	0.3369958
12	8	1.074941	0.1971490	0.5250522
12	9	1.074941	0.1971490	0.5250522
12	10	1.074941	0.1971490	0.5250522
12	11	-0.3914462	0.5806249	1.046217
12	12	1.170205	0.1877970	0.3369958
12	13	1.170205	0.1877970	0.3369958
12	14	1.170205	0.1877970	0.3369958
12	15	1.170205	0.1877970	0.3369958
12	16	1.170205	0.1877970	0.3369958
12	17	1.170205	0.1877970	0.3369958
12	18	1.170205	0.1877970	0.3369958
12	19	1.170205	0.1877970	0.3369958
12	20	1.170205	0.1877970	0.3369958
12	21	1.170205	0.1877970	0.3369958
12	22	1.170205	0.1877970	0.3369958
12	23	-0.2800087	0.5659845	0.862906
12	24	1.170205	0.1877970	0.3369958
12	25	1.170205	0.1877970	0.3369958
12	26	1.170205	0.1877970	0.3369958
12	27	-0.04322587	0.5707366	0.1180503
13	1	1.170205	0.1877970	0.3369958
13	2	1.170205	0.1877970	0.3369958
13	3	1.170205	0.1877970	0.3369958
13	4	1.170205	0.1877970	0.3369958
13	5	1.170205	0.1877970	0.3369958
13	6	1.170205	0.1877970	0.3369958
13	7	1.170205	0.1877970	0.3369958
13	8	1.074941	0.1971490	0.5250522
13	9	1.074941	0.1971490	0.5250522
13	10	1.074941	0.1971490	0.5250522
13	11	-0.3914462	0.5806249	1.046217
13	12	1.170205	0.1877970	0.3369958
13	13	1.170205	0.1877970	0.3369958
13	14	1.170205	0.1877970	0.3369958
13	15	1.170205	0.1877970	0.3369958
13	16	1.170205	0.1877970	0.3369958
13	17	1.170205	0.1877970	0.3369958
13	18	1.170205	0.1877970	0.3369958
13	19	1.170205	0.1877970	0.3369958
13	20	1.170205	0.1877970	0.3369958
13	21	1.170205	0.1877970	0.3369958
13	22	1.170205	0.1877970	0.3369958
13	23	-0.2800087	0.5659845	0.862906
13	24	1.170205	0.1877970	0.3369958
13	25	1.170205	0.1877970	0.3369958
13	26	1.170205	0.1877970	0.3369958
13	27	-0.04322587	0.5707366	0.1180503
14	1	1.171075	0.187587	0.3365141
14	2	1.171075	0.187587	0.3365141
14	3	1.171075	0.187587	0.3365141
14	4	1.171075	0.187587	0.3365141
14	5	1.171075	0.187587	0.3365141
14	6	1.171075	0.187587	0.3365141
14	7	1.171075	0.187587	0.3365141
14	8	1.083775	0.1957166	0.513212
14	9	1.083775	0.1957166	0.513212
14	10	1.083775	0.1957166	0.513212
14	11	-0.3913558	0.5803182	1.048990
14	12	1.171075	0.187587	0.3365141
14	13	1.171075	0.187587	0.3365141
14	15	1.171075	0.187587	0.3365141
14	16	1.171075	0.187587	0.3365141
14	17	1.171075	0.187587	0.3365141
14	18	1.171075	0.187587	0.3365141
14	19	1.171075	0.187587	0.3365141
14	20	1.171075	0.187587	0.3365141
14	21	1.171075	0.187587	0.3365141
14	22	1.171075	0.187587	0.3365141
14	23	-0.2797062	0.5655458	0.8663625
14	24	1.171075	0.187587	0.3365141
14	25	1.171075	0.187587	0.3365141
14	26	1.171075	0.187587	0.3365141
14	27	-0.04286804	0.5706315	0.1180370
15	1	1.044424	0.2510309	0.08103591
15	2	0.4185667	0.3300602	1.142205
15	3	1.013088	0.2614091	0.07053587
15	4	1.044424	0.2510309	0.08103591
15	5	1.044424	0.2510309	0.08103591
15	6	1.013088	0.2614091	0.07053587
15	7	1.044424	0.2510309	0.08103591
15	8	1.030505	0.2555821	0.07695197
15	9	1.030505	0.2555821	0.07695197
15	10	1.030505	0.2555821	0.07695197
15	11	-0.05046757	0.5640267	0.2058822
15	12	1.044424	0.2510309	0.08103591
15	13	1.044424	0.2510309	0.08103591
15	14	1.037072	0.2532056	0.08115107
15	15	1.013088	0.2614091	0.07053587
15	16	-0.2681907	0.5182365	1.301241
15	17	-0.3447160	0.5449334	1.262196
15	18	0.07365541	0.4157161	1.309799
15	19	0.07365541	0.4157161	1.309799
15	20	0.07365541	0.4157161	1.309799
15	21	-0.1032773	0.4654401	1.338453
15	22	0.4185667	0.3300602	1.142205
15	23	0.2762844	0.4822835	0.05302764
15	24	-0.2889342	0.5257388	1.288025
15	25	-0.3581064	0.5486307	1.265017
15	26	-0.3113096	0.5338371	1.273712
15	27	-0.07241384	0.5749625	0.1621855
16	1	1.131186	0.2207054	0.1258732
16	2	0.1291879	0.4014241	1.287779
16	3	1.022508	0.2581572	0.07500248
16	4	1.131186	0.2207054	0.1258732
16	5	1.131186	0.2207054	0.1258732
16	6	1.022508	0.2581572	0.07500248
16	7	1.131186	0.2207054	0.1258732
16	8	1.124309	0.2230435	0.1229689
16	9	1.124309	0.2230435	0.1229689
16	10	1.124309	0.2230435	0.1229689
16	11	-0.02702684	0.5596631	0.180047
16	12	1.131186	0.2207054	0.1258732
16	13	1.131186	0.2207054	0.1258732
16	14	1.115319	0.2258938	0.1212172
16	15	1.022508	0.2581572	0.07500248
16	17	-0.365454	0.5607121	1.166949
16	18	-0.08715608	0.4613632	1.331346
16	19	-0.08715608	0.4613632	1.331346
16	20	-0.08715608	0.4613632	1.331346
16	21	-0.2001771	0.4968256	1.312987
16	22	0.1291879	0.4014241	1.287779
16	23	0.1862929	0.5060349	0.08285466
16	24	-0.3268355	0.5443952	1.214839
16	25	-0.3765109	0.5641373	1.165589
16	27	-0.03868195	0.5681494	0.1302974
17	1	1.219220	0.1851473	0.2188113
17	2	0.0763977	0.415468	1.304177
17	3	1.244371	0.1721495	0.2734979
17	4	1.219220	0.1851473	0.2188113
17	5	1.219220	0.1851473	0.2188113
17	6	1.244371	0.1721495	0.2734979
17	7	1.219220	0.1851473	0.2188113
17	8	1.142841	0.2163335	0.1348511
17	9	1.142841	0.2163335	0.1348511
17	10	1.142841	0.2163335	0.1348511
17	11	-0.01026179	0.5549519	0.1773289
17	12	1.219220	0.1851473	0.2188113
17	13	1.219220	0.1851473	0.2188113
17	14	1.008462	0.2622	0.07632968
17	15	1.244371	0.1721495	0.2734979
17	16	0.1487832	0.5190377	0.06453871
17	17	-0.3671252	0.5605774	1.173209
17	18	-0.1514686	0.4832378	1.304099
17	19	-0.1514686	0.4832378	1.304099
17	20	-0.1514686	0.4832378	1.304099
17	21	-0.2581554	0.5233831	1.220668
17	22	0.0763977	0.415468	1.304177
17	23	0.1843710	0.5093021	0.05614224
17	24	-0.3372425	0.5556178	1.134295
17	25	-0.3779107	0.5623322	1.187602
17	26	0.1487832	0.5190377	0.06453871
17	27	-0.02719675	0.5614671	0.1626706
18	1	1.219220	0.1851473	0.2188113
18	2	0.0763977	0.415468	1.304177
18	3	1.244371	0.1721495	0.2734979
18	4	1.219220	0.1851473	0.2188113
18	5	1.219220	0.1851473	0.2188113
18	6	1.244371	0.1721495	0.2734979
18	7	1.219220	0.1851473	0.2188113
18	8	1.142841	0.2163335	0.1348511
18	9	1.142841	0.2163335	0.1348511
18	10	1.142841	0.2163335	0.1348511
18	11	-0.01026179	0.5549519	0.1773289
18	12	1.219220	0.1851473	0.2188113
18	13	1.219220	0.1851473	0.2188113
18	14	1.008462	0.2622	0.07632968
18	15	1.244371	0.1721495	0.2734979
18	16	0.1487832	0.5190377	0.06453871
18	17	-0.3671252	0.5605774	1.173209
18	18	-0.1514686	0.4832378	1.304099
18	19	-0.1514686	0.4832378	1.304099
18	20	-0.1514686	0.4832378	1.304099
18	21	-0.2581554	0.5233831	1.220668
18	22	0.0763977	0.415468	1.304177
18	23	0.1843710	0.5093021	0.05614224
18	24	-0.3372425	0.5556178	1.134295
18	25	-0.3779107	0.5623322	1.187602
18	26	0.1487832	0.5190377	0.06453871
18	27	-0.02719675	0.5614671	0.1626706
19	1	1.212880	0.1860439	0.2286120
19	2	-0.0969997	0.4673068	1.301455
19	3	1.243288	0.1666122	0.3315614
19	4	1.212880	0.1860439	0.2286120
19	5	1.212880	0.1860439	0.2286120
19	6	1.243288	0.1666122	0.3315614
19	7	1.212880	0.1860439	0.2286120
19	8	1.08295	0.2368417	0.1081134
19	9	1.08295	0.2368417	0.1081134
19	10	1.08295	0.2368417	0.1081134
19	11	-0.06508987	0.5633289	0.2558868
19	12	1.212880	0.1860439	0.2286120
19	13	1.212880	0.1860439	0.2286120
19	14	0.8432522	0.3145979	0.04394168
19	15	1.243288	0.1666122	0.3315614
19	16	0.09158883	0.5343797	0.08105043
19	18	-0.2343215	0.5158758	1.224827
19	19	-0.2343215	0.5158758	1.224827
19	20	-0.2343215	0.5158758	1.224827
19	21	-0.2927859	0.5431051	1.127283
19	22	-0.0969997	0.4673068	1.301455
19	23	0.1133214	0.528492	0.0753522
19	24	-0.3457644	0.5595024	1.120914
19	25	-0.3800597	0.5569379	1.247390
19	26	0.09158883	0.5343797	0.08105043
20	1	1.224348	0.1742351	0.3118378
20	2	-0.05933336	0.4541139	1.321194
20	3	1.222745	0.1638400	0.4195697
20	4	1.224348	0.1742351	0.3118378
20	5	1.224348	0.1742351	0.3118378
20	6	1.222745	0.1638400	0.4195697
20	7	1.224348	0.1742351	0.3118378
20	8	1.162320	0.2079102	0.1609179
20	9	1.162320	0.2079102	0.1609179
20	10	1.162320	0.2079102	0.1609179
20	11	0.09976526	0.5324737	0.07584282
20	12	1.224348	0.1742351	0.3118378
20	13	1.224348	0.1742351	0.3118378
20	14	0.9479655	0.2813656	0.06468251
20	15	1.222745	0.1638400	0.4195697
20	16	0.1104847	0.5293307	0.07540062
20	17	0.08944202	0.5355056	0.07621925
20	18	-0.2135532	0.5052299	1.269121
20	19	-0.2135532	0.5052299	1.269121
20	20	-0.2135532	0.5052299	1.269121
20	21	-0.2854315	0.5355868	1.180113
20	22	-0.05933336	0.4541139	1.321194
20	23	0.1322540	0.5233894	0.07012486
20	24	-0.3442731	0.5548923	1.162203
20	25	-0.3817509	0.558812	1.233802
20	26	0.1104847	0.5293307	0.07540062
21	1	1.083845	0.1875727	0.5937086
21	2	0.7075376	0.3566525	0.02713103
21	3	1.192556	0.1661006	0.4861316
21	4	1.083845	0.1875727	0.5937086
21	5	1.083845	0.1875727	0.5937086
21	6	1.192556	0.1661006	0.4861316
21	7	1.083845	0.1875727	0.5937086
21	8	0.831654	0.2371182	0.8459073
21	9	0.831654	0.2371182	0.8459073
21	10	0.831654	0.2371182	0.8459073
21	11	-0.3257391	0.5770048	0.8884615
21	12	1.083845	0.1875727	0.5937086
21	13	1.083845	0.1875727	0.5937086
21	14	0.4413541	0.3236687	1.13839
21	15	1.192556	0.1661006	0.4861316
21	16	-0.3183858	0.5742285	0.8943043
21	17	-0.3329428	0.5796866	0.8831143
21	18	0.5179614	0.4138942	0.01854643
21	19	0.5179614	0.4138942	0.01854643
21	20	0.5179614	0.4138942	0.01854643
21	21	0.3825114	0.4538816	0.02144151
21	22	0.7075376	0.3566525	0.02713103
21	23	-0.3136687	0.5700362	0.9219468
21	24	0.2969275	0.4795326	0.01945552
21	25	0.2721896	0.4875473	0.01293249
21	26	-0.3183858	0.5742285	0.8943043
21	27	-0.363189	0.5850912	0.9186886
22	1	0.7622868	0.2507889	0.9148523
22	2	0.3442956	0.3476394	1.186869
22	3	0.6969955	0.26092	1.006862
22	4	0.7622868	0.2507889	0.9148523
22	5	0.7622868	0.2507889	0.9148523
22	6	0.6969955	0.26092	1.006862
22	7	0.7622868	0.2507889	0.9148523
22	8	0.9694718	0.211605	0.6926019
22	9	0.9694718	0.211605	0.6926019
22	10	0.9694718	0.211605	0.6926019
22	11	0.1672410	0.514515	0.05496434
22	12	0.7622868	0.2507889	0.9148523
22	13	0.7622868	0.2507889	0.9148523
22	14	1.178187	0.1848946	0.3422339
22	16	0.1459472	0.519655	0.06677835
22	17	0.1850626	0.510174	0.04546388
22	22	0.3442956	0.3476394	1.186869
22	23	0.1750134	0.5116667	0.06028558
22	24	-0.3631884	0.5800274	0.9688661
22	26	0.1459472	0.519655	0.06677835
22	27	0.2237863	0.5007265	0.02497071
23	1	1.158832	0.1916358	0.332469
23	2	1.158832	0.1916358	0.3324690
23	3	1.158832	0.1916358	0.332469
23	4	1.158832	0.1916358	0.332469
23	5	1.158832	0.1916358	0.332469
23	6	1.158832	0.1916358	0.332469
23	7	1.158832	0.1916358	0.332469
23	8	1.158832	0.1916358	0.332469
23	9	1.158832	0.1916358	0.332469
23	10	1.158832	0.1916358	0.332469
23	11	1.158832	0.1916358	0.332469
23	12	1.158832	0.1916358	0.332469
23	13	1.158832	0.1916358	0.332469
23	14	1.158832	0.1916358	0.332469
23	15	1.158832	0.1916358	0.332469
23	16	1.158832	0.1916358	0.332469
23	17	1.158832	0.1916358	0.332469
23	18	1.158832	0.1916358	0.332469
23	19	1.158832	0.1916358	0.332469
23	20	1.158832	0.1916358	0.332469
23	21	1.158832	0.1916358	0.332469
23	22	1.158832	0.1916358	0.332469
23	23	1.158832	0.1916358	0.332469
23	24	-0.2616062	0.5949206	0.5219337
23	25	1.158832	0.1916358	0.332469
23	26	1.158832	0.1916358	0.332469
23	27	1.158832	0.1916358	0.332469
24	1	1.120904	0.1941041	0.4197782
24	2	1.120904	0.1941041	0.4197782
24	3	1.120904	0.1941041	0.4197782
24	4	1.120904	0.1941041	0.4197782
24	5	1.120904	0.1941041	0.4197782
24	6	1.120904	0.1941041	0.4197782
24	7	1.120904	0.1941041	0.4197782
24	8	1.120904	0.1941041	0.4197782
24	9	1.120904	0.1941041	0.4197782
24	10	1.120904	0.1941041	0.4197782
24	11	1.120904	0.1941041	0.4197782
24	12	1.120904	0.1941041	0.4197782
24	13	1.120904	0.1941041	0.4197782
24	14	1.120904	0.1941041	0.4197782
24	15	1.120904	0.1941041	0.4197782
24	16	1.120904	0.1941041	0.4197782
24	17	1.120904	0.1941041	0.4197782
24	18	1.120904	0.1941041	0.4197782
24	19	1.120904	0.1941041	0.4197782
24	20	1.120904	0.1941041	0.4197782
24	21	1.120904	0.1941041	0.4197782
24	22	1.120904	0.1941041	0.4197782
24	23	1.120904	0.1941041	0.4197782
24	25	1.120904	0.1941041	0.4197782
24	26	1.120904	0.1941041	0.4197782
24	27	1.120904	0.1941041	0.4197782
25	1	1.120904	0.1941041	0.4197782
25	2	1.120904	0.1941041	0.4197782
25	3	1.120904	0.1941041	0.4197782
25	4	1.120904	0.1941041	0.4197782
25	5	1.120904	0.1941041	0.4197782
25	6	1.120904	0.1941041	0.4197782
25	7	1.120904	0.1941041	0.4197782
25	8	1.120904	0.1941041	0.4197782
25	9	1.120904	0.1941041	0.4197782
25	10	1.120904	0.1941041	0.4197782
25	11	1.120904	0.1941041	0.4197782
25	12	1.120904	0.1941041	0.4197782
25	13	1.120904	0.1941041	0.4197782
25	14	1.120904	0.1941041	0.4197782
25	15	1.120904	0.1941041	0.4197782
25	16	1.120904	0.1941041	0.4197782
25	17	1.120904	0.1941041	0.4197782
25	18	1.120904	0.1941041	0.4197782
25	19	1.120904	0.1941041	0.4197782
25	20	1.120904	0.1941041	0.4197782
25	21	1.120904	0.1941041	0.4197782
25	22	1.120904	0.1941041	0.4197782
25	23	1.120904	0.1941041	0.4197782
25	24	1.120904	0.1941041	0.4197782
25	25	1.120904	0.1941041	0.4197782
25	26	1.120904	0.1941041	0.4197782
25	27	1.120904	0.1941041	0.4197782
26	1	1.120904	0.1941041	0.4197782
26	2	1.120904	0.1941041	0.4197782
26	3	1.120904	0.1941041	0.4197782
26	4	1.120904	0.1941041	0.4197782
26	5	1.120904	0.1941041	0.4197782
26	6	1.120904	0.1941041	0.4197782
26	7	1.120904	0.1941041	0.4197782
26	8	1.120904	0.1941041	0.4197782
26	9	1.120904	0.1941041	0.4197782
26	10	1.120904	0.1941041	0.4197782
26	11	1.120904	0.1941041	0.4197782
26	12	1.120904	0.1941041	0.4197782
26	13	1.120904	0.1941041	0.4197782
26	14	1.120904	0.1941041	0.4197782
26	15	1.120904	0.1941041	0.4197782
26	16	1.120904	0.1941041	0.4197782
26	17	1.120904	0.1941041	0.4197782
26	18	1.120904	0.1941041	0.4197782
26	19	1.120904	0.1941041	0.4197782
26	20	1.120904	0.1941041	0.4197782
26	21	1.120904	0.1941041	0.4197782
26	22	1.120904	0.1941041	0.4197782
26	23	1.120904	0.1941041	0.4197782
26	24	1.120904	0.1941041	0.4197782
26	25	1.120904	0.1941041	0.4197782
26	26	1.120904	0.1941041	0.4197782
26	27	1.120904	0.1941041	0.4197782
27	1	1.120904	0.1941041	0.4197782
27	2	1.120904	0.1941041	0.4197782
27	3	1.120904	0.1941041	0.4197782
27	4	1.120904	0.1941041	0.4197782
27	5	1.120904	0.1941041	0.4197782
27	6	1.120904	0.1941041	0.4197782
27	7	1.120904	0.1941041	0.4197782
27	8	1.120904	0.1941041	0.4197782
27	9	1.120904	0.1941041	0.4197782
27	10	1.120904	0.1941041	0.4197782
27	11	1.120904	0.1941041	0.4197782
27	12	1.120904	0.1941041	0.4197782
27	13	1.120904	0.1941041	0.4197782
27	14	1.120904	0.1941041	0.4197782
27	15	1.120904	0.1941041	0.4197782
27	16	1.120904	0.1941041	0.4197782
27	17	1.120904	0.1941041	0.4197782
27	18	1.120904	0.1941041	0.4197782
27	19	1.120904	0.1941041	0.4197782
27	20	1.120904	0.1941041	0.4197782
27	21	1.120904	0.1941041	0.4197782
27	22	1.120904	0.1941041	0.4197782
27	23	1.120904	0.1941041	0.4197782
27	24	1.120904	0.1941041	0.4197782
27	25	1.120904	0.1941041	0.4197782
27	26	1.120904	0.1941041	0.4197782
27	27	1.120904	0.1941041	0.4197782
28	1	1.120904	0.1941041	0.4197782
28	2	1.120904	0.1941041	0.4197782
28	3	1.120904	0.1941041	0.4197782
28	4	1.120904	0.1941041	0.4197782
28	5	1.120904	0.1941041	0.4197782
28	6	1.120904	0.1941041	0.4197782
28	7	1.120904	0.1941041	0.4197782
28	8	1.120904	0.1941041	0.4197782
28	9	1.120904	0.1941041	0.4197782
28	10	1.120904	0.1941041	0.4197782
28	11	1.120904	0.1941041	0.4197782
28	12	1.120904	0.1941041	0.4197782
28	13	1.120904	0.1941041	0.4197782
28	14	1.120904	0.1941041	0.4197782
28	15	1.120904	0.1941041	0.4197782
28	16	1.120904	0.1941041	0.4197782
28	17	1.120904	0.1941041	0.4197782
28	18	1.120904	0.1941041	0.4197782
28	19	1.120904	0.1941041	0.4197782
28	20	1.120904	0.1941041	0.4197782
28	21	1.120904	0.1941041	0.4197782
28	22	1.120904	0.1941041	0.4197782
28	23	1.120904	0.1941041	0.4197782
28	24	1.120904	0.1941041	0.4197782
28	25	1.120904	0.1941041	0.4197782
28	26	1.120904	0.1941041	0.4197782
28	27	1.120904	0.1941041	0.4197782
29	1	1.120904	0.1941041	0.4197782
29	2	1.120904	0.1941041	0.4197782
29	3	1.120904	0.1941041	0.4197782
29	4	1.120904	0.1941041	0.4197782
29	5	1.120904	0.1941041	0.4197782
29	6	1.120904	0.1941041	0.4197782
29	7	1.120904	0.1941041	0.4197782
29	8	1.120904	0.1941041	0.4197782
29	9	1.120904	0.1941041	0.4197782
29	10	1.120904	0.1941041	0.4197782
29	11	1.120904	0.1941041	0.4197782
29	12	1.120904	0.1941041	0.4197782
29	13	1.120904	0.1941041	0.4197782
29	14	1.120904	0.1941041	0.4197782
29	15	1.120904	0.1941041	0.4197782
29	16	1.120904	0.1941041	0.4197782
29	17	1.120904	0.1941041	0.4197782
29	18	1.120904	0.1941041	0.4197782
29	19	1.120904	0.1941041	0.4197782
29	20	1.120904	0.1941041	0.4197782
29	21	1.120904	0.1941041	0.4197782
29	22	1.120904	0.1941041	0.4197782
29	23	1.120904	0.1941041	0.4197782
29	24	1.120904	0.1941041	0.4197782
29	25	1.120904	0.1941041	0.4197782
29	26	1.120904	0.1941041	0.4197782
29	27	1.120904	0.1941041	0.4197782
30	1	1.120904	0.1941041	0.4197782
30	2	1.120904	0.1941041	0.4197782
30	3	1.120904	0.1941041	0.4197782
30	4	1.120904	0.1941041	0.4197782
30	5	1.120904	0.1941041	0.4197782
30	6	1.120904	0.1941041	0.4197782
30	7	1.120904	0.1941041	0.4197782
30	8	1.120904	0.1941041	0.4197782
30	9	1.120904	0.1941041	0.4197782
30	10	1.120904	0.1941041	0.4197782
30	11	1.120904	0.1941041	0.4197782
30	12	1.120904	0.1941041	0.4197782
30	13	1.120904	0.1941041	0.4197782
30	14	1.120904	0.1941041	0.4197782
30	15	1.120904	0.1941041	0.4197782
30	16	1.120904	0.1941041	0.4197782
30	17	1.120904	0.1941041	0.4197782
30	18	1.120904	0.1941041	0.4197782
30	19	1.120904	0.1941041	0.4197782
30	20	1.120904	0.1941041	0.4197782
30	21	1.120904	0.1941041	0.4197782
30	22	1.120904	0.1941041	0.4197782
30	23	1.120904	0.1941041	0.4197782
30	24	1.120904	0.1941041	0.4197782
30	25	1.120904	0.1941041	0.4197782
30	26	1.120904	0.1941041	0.4197782
30	27	1.120904	0.1941041	0.4197782
31	1	1.120904	0.1941041	0.4197782
31	2	1.120904	0.1941041	0.4197782
31	3	1.120904	0.1941041	0.4197782
31	4	1.120904	0.1941041	0.4197782
31	5	1.120904	0.1941041	0.4197782
31	6	1.120904	0.1941041	0.4197782
31	7	1.120904	0.1941041	0.4197782
31	8	1.120904	0.1941041	0.4197782
31	9	1.120904	0.1941041	0.4197782
31	10	1.120904	0.1941041	0.4197782
31	11	1.120904	0.1941041	0.4197782
31	12	1.120904	0.1941041	0.4197782
31	13	1.120904	0.1941041	0.4197782
31	14	1.120904	0.1941041	0.4197782
31	15	1.120904	0.1941041	0.4197782
31	16	1.120904	0.1941041	0.4197782
31	17	1.120904	0.1941041	0.4197782
31	18	1.120904	0.1941041	0.4197782
31	19	1.120904	0.1941041	0.4197782
31	20	1.120904	0.1941041	0.4197782
31	21	1.120904	0.1941041	0.4197782
31	22	1.120904	0.1941041	0.4197782
31	23	1.120904	0.1941041	0.4197782
31	24	1.120904	0.1941041	0.4197782
31	25	1.120904	0.1941041	0.4197782
31	26	1.120904	0.1941041	0.4197782
31	27	1.120904	0.1941041	0.4197782
32	1	1.120904	0.1941041	0.4197782
32	2	1.120904	0.1941041	0.4197782
32	3	1.120904	0.1941041	0.4197782
32	4	1.120904	0.1941041	0.4197782
32	5	1.120904	0.1941041	0.4197782
32	6	1.120904	0.1941041	0.4197782
32	7	1.120904	0.1941041	0.4197782
32	8	1.120904	0.1941041	0.4197782
32	9	1.120904	0.1941041	0.4197782
32	10	1.120904	0.1941041	0.4197782
32	11	1.120904	0.1941041	0.4197782
32	12	1.120904	0.1941041	0.4197782
32	13	1.120904	0.1941041	0.4197782
32	14	1.120904	0.1941041	0.4197782
32	15	1.120904	0.1941041	0.4197782
32	16	1.120904	0.1941041	0.4197782
32	17	1.120904	0.1941041	0.4197782
32	18	1.120904	0.1941041	0.4197782
32	19	1.120904	0.1941041	0.4197782
32	20	1.120904	0.1941041	0.4197782
32	21	1.120904	0.1941041	0.4197782
32	22	1.120904	0.1941041	0.4197782
32	23	1.120904	0.1941041	0.4197782
32	24	1.120904	0.1941041	0.4197782
32	25	1.120904	0.1941041	0.4197782
32	26	1.120904	0.1941041	0.4197782
32	27	1.120904	0.1941041	0.4197782
33	1	1.120904	0.1941041	0.4197782
33	2	1.120904	0.1941041	0.4197782
33	4	1.120904	0.1941041	0.4197782
33	5	1.120904	0.1941041	0.4197782
33	7	1.120904	0.1941041	0.4197782
33	8	1.120904	0.1941041	0.4197782
33	9	1.120904	0.1941041	0.4197782
33	10	1.120904	0.1941041	0.4197782
33	11	1.120904	0.1941041	0.4197782
33	12	1.120904	0.1941041	0.4197782
33	13	1.120904	0.1941041	0.4197782
33	14	1.120904	0.1941041	0.4197782
33	15	1.120904	0.1941041	0.4197782
33	16	1.120904	0.1941041	0.4197782
33	17	1.120904	0.1941041	0.4197782
33	18	1.120904	0.1941041	0.4197782
33	19	1.120904	0.1941041	0.4197782
33	20	1.120904	0.1941041	0.4197782
33	21	1.120904	0.1941041	0.4197782
33	22	1.120904	0.1941041	0.4197782
33	23	1.120904	0.1941041	0.4197782
33	24	1.120904	0.1941041	0.4197782
33	25	1.120904	0.1941041	0.4197782
33	26	1.120904	0.1941041	0.4197782
34	7	1.120904	0.1941041	0.4197782
34	11	1.120904	0.1941041	0.4197782
34	15	1.120904	0.1941041	0.4197782
35	1	1.120904	0.1941041	0.4197782
35	2	1.120904	0.1941041	0.4197782
35	3	1.120904	0.1941041	0.4197782
35	4	1.120904	0.1941041	0.4197782
35	5	1.120904	0.1941041	0.4197782
35	6	1.120904	0.1941041	0.4197782
35	7	1.120904	0.1941041	0.4197782
35	8	1.120904	0.1941041	0.4197782
35	9	1.120904	0.1941041	0.4197782
35	10	1.120904	0.1941041	0.4197782
35	11	1.120904	0.1941041	0.4197782
35	12	1.120904	0.1941041	0.4197782
35	13	1.120904	0.1941041	0.4197782
35	14	1.120904	0.1941041	0.4197782
35	15	1.120904	0.1941041	0.4197782
35	16	1.120904	0.1941041	0.4197782
35	17	1.120904	0.1941041	0.4197782
35	18	1.120904	0.1941041	0.4197782
35	19	1.120904	0.1941041	0.4197782
35	20	1.120904	0.1941041	0.4197782
35	21	1.120904	0.1941041	0.4197782
35	22	1.120904	0.1941041	0.4197782
35	23	1.120904	0.1941041	0.4197782
35	24	1.120904	0.1941041	0.4197782
35	25	1.120904	0.1941041	0.4197782
35	26	1.120904	0.1941041	0.4197782
35	27	1.120904	0.1941041	0.4197782
36	1	1.120904	0.1941041	0.4197782
36	2	1.120904	0.1941041	0.4197782
36	3	1.120904	0.1941041	0.4197782
36	4	1.120904	0.1941041	0.4197782
36	5	1.120904	0.1941041	0.4197782
36	6	1.120904	0.1941041	0.4197782
36	7	1.120904	0.1941041	0.4197782
36	8	1.120904	0.1941041	0.4197782
36	9	1.120904	0.1941041	0.4197782
36	10	1.120904	0.1941041	0.4197782
36	11	1.120904	0.1941041	0.4197782
36	12	1.120904	0.1941041	0.4197782
36	13	1.120904	0.1941041	0.4197782
36	14	1.120904	0.1941041	0.4197782
36	15	1.120904	0.1941041	0.4197782
36	16	1.120904	0.1941041	0.4197782
36	17	1.120904	0.1941041	0.4197782
36	18	1.120904	0.1941041	0.4197782
36	19	1.120904	0.1941041	0.4197782
36	20	1.120904	0.1941041	0.4197782
36	21	1.120904	0.1941041	0.4197782
36	22	1.120904	0.1941041	0.4197782
36	23	1.120904	0.1941041	0.4197782
36	24	1.120904	0.1941041	0.4197782
36	25	1.120904	0.1941041	0.4197782
36	26	1.120904	0.1941041	0.4197782
36	27	1.120904	0.1941041	0.4197782
37	1	1.120904	0.1941041	0.4197782
37	2	1.120904	0.1941041	0.4197782
37	3	1.120904	0.1941041	0.4197782
37	4	1.120904	0.1941041	0.4197782
37	5	1.120904	0.1941041	0.4197782
37	6	1.120904	0.1941041	0.4197782
37	7	1.120904	0.1941041	0.4197782
37	8	1.120904	0.1941041	0.4197782
37	9	1.120904	0.1941041	0.4197782
37	10	1.120904	0.1941041	0.4197782
37	11	1.120904	0.1941041	0.4197782
37	12	1.120904	0.1941041	0.4197782
37	13	1.120904	0.1941041	0.4197782
37	14	1.120904	0.1941041	0.4197782
37	15	1.120904	0.1941041	0.4197782
37	16	1.120904	0.1941041	0.4197782
37	17	1.120904	0.1941041	0.4197782
37	18	1.120904	0.1941041	0.4197782
37	19	1.120904	0.1941041	0.4197782
37	20	1.120904	0.1941041	0.4197782
37	21	1.120904	0.1941041	0.4197782
37	22	1.120904	0.1941041	0.4197782
37	23	1.120904	0.1941041	0.4197782
37	24	1.120904	0.1941041	0.4197782
37	25	1.120904	0.1941041	0.4197782
37	26	1.120904	0.1941041	0.4197782
37	27	1.120904	0.1941041	0.4197782
38	1	1.120904	0.1941041	0.4197782
38	2	1.120904	0.1941041	0.4197782
38	3	1.120904	0.1941041	0.4197782
38	4	1.120904	0.1941041	0.4197782
38	5	1.120904	0.1941041	0.4197782
38	6	1.120904	0.1941041	0.4197782
38	7	1.120904	0.1941041	0.4197782
38	8	1.120904	0.1941041	0.4197782
38	9	1.120904	0.1941041	0.4197782
38	10	1.120904	0.1941041	0.4197782
38	11	1.120904	0.1941041	0.4197782
38	12	1.120904	0.1941041	0.4197782
38	13	1.120904	0.1941041	0.4197782
38	14	1.120904	0.1941041	0.4197782
38	15	1.120904	0.1941041	0.4197782
38	16	1.120904	0.1941041	0.4197782
38	17	1.120904	0.1941041	0.4197782
38	18	1.120904	0.1941041	0.4197782
38	19	1.120904	0.1941041	0.4197782
38	20	1.120904	0.1941041	0.4197782
38	21	1.120904	0.1941041	0.4197782
38	22	1.120904	0.1941041	0.4197782
38	23	1.120904	0.1941041	0.4197782
38	24	1.120904	0.1941041	0.4197782
38	25	1.120904	0.1941041	0.4197782
38	26	1.120904	0.1941041	0.4197782
38	27	1.120904	0.1941041	0.4197782
39	1	1.120904	0.1941041	0.4197782
39	2	1.120904	0.1941041	0.4197782
39	3	1.120904	0.1941041	0.4197782
39	4	1.120904	0.1941041	0.4197782
39	5	1.120904	0.1941041	0.4197782
39	6	1.120904	0.1941041	0.4197782
39	7	1.120904	0.1941041	0.4197782
39	8	1.120904	0.1941041	0.4197782
39	9	1.120904	0.1941041	0.4197782
39	10	1.120904	0.1941041	0.4197782
39	11	1.120904	0.1941041	0.4197782
39	12	1.120904	0.1941041	0.4197782
39	13	1.120904	0.1941041	0.4197782
39	14	1.120904	0.1941041	0.4197782
39	15	1.120904	0.1941041	0.4197782
39	16	1.120904	0.1941041	0.4197782
39	17	1.120904	0.1941041	0.4197782
39	18	1.120904	0.1941041	0.4197782
39	19	1.120904	0.1941041	0.4197782
39	20	1.120904	0.1941041	0.4197782
39	21	1.120904	0.1941041	0.4197782
39	22	1.120904	0.1941041	0.4197782
39	23	1.120904	0.1941041	0.4197782
39	24	1.120904	0.1941041	0.4197782
39	25	1.120904	0.1941041	0.4197782
39	26	1.120904	0.1941041	0.4197782
39	27	1.120904	0.1941041	0.4197782
40	1	1.099246	0.1922705	0.5017728
40	2	1.099246	0.1922705	0.5017728
40	3	-0.07341906	0.5765706	0.1492131
40	4	-0.3582636	0.5537532	1.214719
40	5	1.099246	0.1922705	0.5017728
40	6	-0.07341906	0.5765706	0.1492131
40	7	1.099246	0.1922705	0.5017728
40	8	1.099246	0.1922705	0.5017728
40	9	1.099246	0.1922705	0.5017728
40	10	1.099246	0.1922705	0.5017728
40	11	1.099246	0.1922705	0.5017728
40	12	1.099246	0.1922705	0.5017728
40	13	1.099246	0.1922705	0.5017728
40	14	1.099246	0.1922705	0.5017728
40	15	1.099246	0.1922705	0.5017728
40	16	1.099246	0.1922705	0.5017728
40	17	1.099246	0.1922705	0.5017728
40	18	1.099246	0.1922705	0.5017728
40	19	1.099246	0.1922705	0.5017728
40	20	1.099246	0.1922705	0.5017728
40	21	1.099246	0.1922705	0.5017728
40	22	1.099246	0.1922705	0.5017728
40	23	1.099246	0.1922705	0.5017728
40	24	1.099246	0.1922705	0.5017728
40	25	1.099246	0.1922705	0.5017728
40	26	1.099246	0.1922705	0.5017728
40	27	1.099246	0.1922705	0.5017728
41	1	1.068994	0.1966859	0.5471644
41	2	1.068994	0.1966859	0.5471644
41	3	-0.04389749	0.5704858	0.1225142
41	4	-0.3626322	0.5603579	1.162143
41	5	1.068994	0.1966859	0.5471644
41	6	-0.04389749	0.5704858	0.1225142
41	7	1.068994	0.1966859	0.5471644
41	8	1.068994	0.1966859	0.5471644
41	9	1.068994	0.1966859	0.5471644
41	10	1.068994	0.1966859	0.5471644
41	11	1.068994	0.1966859	0.5471644
41	12	1.068994	0.1966859	0.5471644
41	13	1.068994	0.1966859	0.5471644
41	14	1.068994	0.1966859	0.5471644
41	15	1.068994	0.1966859	0.5471644
41	16	1.068994	0.1966859	0.5471644
41	17	1.068994	0.1966859	0.5471644
41	18	1.068994	0.1966859	0.5471644
41	19	1.068994	0.1966859	0.5471644
41	20	1.068994	0.1966859	0.5471644
41	21	1.068994	0.1966859	0.5471644
41	22	1.068994	0.1966859	0.5471644
41	23	1.068994	0.1966859	0.5471644
41	24	1.068994	0.1966859	0.5471644
41	25	1.068994	0.1966859	0.5471644
41	26	1.068994	0.1966859	0.5471644
42	1	1.049056	0.1996369	0.5766761
42	2	1.049056	0.1996369	0.5766761
42	3	-0.02376512	0.5660378	0.1072653
42	4	-0.3629396	0.5632731	1.134161
42	5	1.049056	0.1996369	0.5766761
42	6	-0.02376512	0.5660378	0.1072653
42	7	1.049056	0.1996369	0.5766761
42	8	1.049056	0.1996369	0.5766761
42	9	1.049056	0.1996369	0.5766761
42	10	1.049056	0.1996369	0.5766761
42	11	1.049056	0.1996369	0.5766761
42	12	1.049056	0.1996369	0.5766761
42	13	1.049056	0.1996369	0.5766761
42	14	1.049056	0.1996369	0.5766761
42	15	1.049056	0.1996369	0.5766761
42	16	1.049056	0.1996369	0.5766761
42	17	1.049056	0.1996369	0.5766761
42	18	1.049056	0.1996369	0.5766761
42	19	1.049056	0.1996369	0.5766761
42	20	1.049056	0.1996369	0.5766761
42	21	1.049056	0.1996369	0.5766761
42	22	1.049056	0.1996369	0.5766761
42	23	1.049056	0.1996369	0.5766761
42	24	1.049056	0.1996369	0.5766761
43	4	1.240889	0.1582156	0.4218387
43	11	-0.1681569	0.5796737	0.3976415
44	4	1.240889	0.1582156	0.4218387
44	11	-0.1681569	0.5796737	0.3976415
50	1	1.088022	0.1919464	0.5380575
50	2	1.088022	0.1919464	0.5380575
50	4	-0.3368108	0.575561	0.9353953
50	5	1.088022	0.1919464	0.5380575
50	7	1.088022	0.1919464	0.5380575
50	8	1.088022	0.1919464	0.5380575
50	9	1.088022	0.1919464	0.5380575
50	10	1.088022	0.1919464	0.5380575
50	11	-0.3474166	0.5900555	0.8230152
50	12	1.088022	0.1919464	0.5380575
50	13	1.088022	0.1919464	0.5380575
50	14	1.088022	0.1919464	0.5380575
50	15	1.088022	0.1919464	0.5380575
50	16	1.088022	0.1919464	0.5380575
50	17	1.088022	0.1919464	0.5380575
50	18	1.088022	0.1919464	0.5380575
50	19	1.088022	0.1919464	0.5380575
50	20	1.088022	0.1919464	0.5380575
50	21	1.088022	0.1919464	0.5380575
50	22	1.088022	0.1919464	0.5380575
50	23	1.088022	0.1919464	0.5380575
50	24	1.088022	0.1919464	0.5380575
50	25	0.1170933	0.5305745	0.04360014
50	26	0.1250068	0.5272142	0.05357886
50	27	-0.1392466	0.5803639	0.3056072
51	1	1.088022	0.1919464	0.5380575
51	2	1.088022	0.1919464	0.5380575
51	4	-0.3368108	0.575561	0.9353953
51	5	1.088022	0.1919464	0.5380575
51	7	1.088022	0.1919464	0.5380575
51	8	1.088022	0.1919464	0.5380575
51	9	1.088022	0.1919464	0.5380575
51	10	1.088022	0.1919464	0.5380575
51	11	-0.3474166	0.5900555	0.8230152
51	12	1.088022	0.1919464	0.5380575
51	13	1.088022	0.1919464	0.5380575
51	14	1.088022	0.1919464	0.5380575
51	15	1.088022	0.1919464	0.5380575
51	16	1.088022	0.1919464	0.5380575
51	17	1.088022	0.1919464	0.5380575
51	18	1.088022	0.1919464	0.5380575
51	19	1.088022	0.1919464	0.5380575
51	20	1.088022	0.1919464	0.5380575
51	21	1.088022	0.1919464	0.5380575
51	22	1.088022	0.1919464	0.5380575
51	23	1.088022	0.1919464	0.5380575
51	24	1.088022	0.1919464	0.5380575
51	25	0.1170933	0.5305745	0.04360014
51	26	0.1250068	0.5272142	0.05357886
51	27	-0.1392466	0.5803639	0.3056072
52	1	1.085328	0.1921386	0.544094
52	2	1.085328	0.1921386	0.544094
52	4	-0.3359262	0.5754456	0.9339324
52	5	1.085328	0.1921386	0.544094
52	7	1.085328	0.1921386	0.544094
52	8	1.085328	0.1921386	0.544094
52	9	1.085328	0.1921386	0.544094
52	10	1.085328	0.1921386	0.544094
52	11	-0.3458521	0.589996	0.8189948
52	12	1.085328	0.1921386	0.544094
52	13	1.085328	0.1921386	0.544094
52	14	1.085328	0.1921386	0.544094
52	15	1.085328	0.1921386	0.544094
52	16	1.085328	0.1921386	0.544094
52	17	1.085328	0.1921386	0.544094
52	18	1.085328	0.1921386	0.544094
52	19	1.085328	0.1921386	0.544094
52	20	1.085328	0.1921386	0.544094
52	21	1.085328	0.1921386	0.544094
52	22	1.085328	0.1921386	0.544094
52	24	1.085328	0.1921386	0.544094
52	25	0.1239331	0.5287472	0.04155217
52	26	0.1321511	0.5253182	0.05131472
52	27	-0.1359093	0.5798119	0.3012433
53	1	1.197803	0.1949312	0.1849717
53	2	-0.07410807	0.457066	1.335479
53	4	1.197803	0.1949312	0.1849717
53	5	1.197803	0.1949312	0.1849717
53	7	1.197803	0.1949312	0.1849717
53	8	1.197803	0.1949312	0.1849717
53	9	1.197803	0.1949312	0.1849717
53	10	1.197803	0.1949312	0.1849717
53	11	1.150506	0.2162149	0.1134365
53	12	1.197803	0.1949312	0.1849717
53	13	1.197803	0.1949312	0.1849717
53	14	1.197803	0.1949312	0.1849717
53	15	-0.3161616	0.5405867	1.221124
53	16	1.197803	0.1949312	0.1849717
53	17	-0.3161616	0.5405867	1.221124
53	18	-0.07410807	0.457066	1.335479
53	19	-0.07410807	0.457066	1.335479
53	20	-0.07410807	0.457066	1.335479
53	21	0.02416558	0.4289365	1.324631
53	22	-0.07410807	0.457066	1.335479
53	23	0.04787668	0.543642	0.1180791
53	24	-0.3161616	0.5405867	1.221124
53	25	0.00985719	0.5565487	0.1022167
53	26	0.01075680	0.5544264	0.1205972
53	27	-0.0005849965	0.5542964	0.1553083
54	1	1.085632	0.2360645	0.1079114
54	2	-0.0982336	0.4646274	1.331643
54	4	1.085632	0.2360645	0.1079114
54	5	1.085632	0.2360645	0.1079114
54	7	1.085632	0.2360645	0.1079114
54	8	1.085632	0.2360645	0.1079114
54	9	1.085632	0.2360645	0.1079114
54	10	1.085632	0.2360645	0.1079114
54	11	0.9434881	0.2842056	0.04973398
54	12	1.085632	0.2360645	0.1079114
54	13	1.085632	0.2360645	0.1079114
54	14	1.085632	0.2360645	0.1079114
54	15	-0.3112351	0.5346144	1.265790
54	16	1.085632	0.2360645	0.1079114
54	17	-0.3112351	0.5346144	1.265790
54	18	-0.0982336	0.4646274	1.331643
54	19	-0.0982336	0.4646274	1.331643
54	20	-0.0982336	0.4646274	1.331643
54	21	-0.02447136	0.4433091	1.325530
54	22	-0.0982336	0.4646274	1.331643
54	23	1.085632	0.2360645	0.1079114
54	24	-0.3112351	0.5346144	1.265790
54	25	-0.06735921	0.5710143	0.186416
54	26	0.9855775	0.2703308	0.06319536
54	27	-0.06850173	0.57279	0.1721863
55	1	1.054531	0.2457907	0.1031814
55	2	-0.1747070	0.4887071	1.318381
55	3	0.8816097	0.3042785	0.03316804
55	4	1.054531	0.2457907	0.1031814
55	5	1.054531	0.2457907	0.1031814
55	6	0.8816097	0.3042785	0.03316804
55	7	1.054531	0.2457907	0.1031814
55	8	1.054531	0.2457907	0.1031814
55	9	1.054531	0.2457907	0.1031814
55	10	1.054531	0.2457907	0.1031814
55	11	0.897796	0.2981441	0.04625738
55	12	1.054531	0.2457907	0.1031814
55	13	1.054531	0.2457907	0.1031814
55	14	1.054531	0.2457907	0.1031814
55	15	-0.3260725	0.5373179	1.282723
55	16	1.054531	0.2457907	0.1031814
55	17	-0.3260725	0.5373179	1.282723
55	18	-0.1747070	0.4887071	1.318381
55	19	-0.1747070	0.4887071	1.318381
55	20	-0.1747070	0.4887071	1.318381
55	21	-0.1335653	0.4762777	1.320311
55	22	-0.1747070	0.4887071	1.318381
55	23	1.054531	0.2457907	0.1031814
55	24	-0.3260725	0.5373179	1.282723
55	25	-0.1067247	0.5813963	0.1995391
55	26	0.939455	0.2845512	0.05819427
55	27	0.8816097	0.3042785	0.03316804
56	1	1.054531	0.2457907	0.1031814
56	2	-0.1747070	0.4887071	1.318381
56	3	0.8816097	0.3042785	0.03316804
56	4	1.054531	0.2457907	0.1031814
56	5	1.054531	0.2457907	0.1031814
56	6	0.8816097	0.3042785	0.03316804
56	7	1.054531	0.2457907	0.1031814
56	8	1.054531	0.2457907	0.1031814
56	9	1.054531	0.2457907	0.1031814
56	10	1.054531	0.2457907	0.1031814
56	11	0.897796	0.2981441	0.04625738
56	12	1.054531	0.2457907	0.1031814
56	13	1.054531	0.2457907	0.1031814
56	14	1.054531	0.2457907	0.1031814
56	15	-0.3260725	0.5373179	1.282723
56	16	1.054531	0.2457907	0.1031814
56	17	-0.3260725	0.5373179	1.282723
56	18	-0.1747070	0.4887071	1.318381
56	19	-0.1747070	0.4887071	1.318381
56	20	-0.1747070	0.4887071	1.318381
56	21	-0.1335653	0.4762777	1.320311
56	22	-0.1747070	0.4887071	1.318381
56	23	1.054531	0.2457907	0.1031814
56	24	-0.3260725	0.5373179	1.282723
56	25	-0.1067247	0.5813963	0.1995391
56	26	0.939455	0.2845512	0.05819427
56	27	0.8816097	0.3042785	0.03316804
57	1	1.054531	0.2457907	0.1031814
57	2	-0.1747070	0.4887071	1.318381
57	3	0.8816097	0.3042785	0.03316804
57	4	1.054531	0.2457907	0.1031814
57	5	1.054531	0.2457907	0.1031814
57	6	0.8816097	0.3042785	0.03316804
57	7	1.054531	0.2457907	0.1031814
57	8	1.054531	0.2457907	0.1031814
57	9	1.054531	0.2457907	0.1031814
57	10	1.054531	0.2457907	0.1031814
57	11	0.897796	0.2981441	0.04625738
57	12	1.054531	0.2457907	0.1031814
57	13	1.054531	0.2457907	0.1031814
57	14	1.054531	0.2457907	0.1031814
57	15	-0.3260725	0.5373179	1.282723
57	16	1.054531	0.2457907	0.1031814
57	17	-0.3260725	0.5373179	1.282723
57	18	-0.1747070	0.4887071	1.318381
57	19	-0.1747070	0.4887071	1.318381
57	20	-0.1747070	0.4887071	1.318381
57	21	-0.1335653	0.4762777	1.320311
57	22	-0.1747070	0.4887071	1.318381
57	23	1.054531	0.2457907	0.1031814
57	24	-0.3260725	0.5373179	1.282723
57	25	-0.1067247	0.5813963	0.1995391
57	26	0.939455	0.2845512	0.05819427
57	27	0.8816097	0.3042785	0.03316804
58	1	0.85628	0.3100194	0.05092105
58	2	-0.2416902	0.5163781	1.241564
58	3	0.8898748	0.3016671	0.03468894
58	4	0.85628	0.3100194	0.05092105
58	5	0.85628	0.3100194	0.05092105
58	6	0.8898748	0.3016671	0.03468894
58	7	0.85628	0.3100194	0.05092105
58	8	0.85628	0.3100194	0.05092105
58	9	0.85628	0.3100194	0.05092105
58	10	0.85628	0.3100194	0.05092105
58	11	0.8731518	0.3058448	0.04257086
58	12	0.85628	0.3100194	0.05092105
58	13	0.85628	0.3100194	0.05092105
58	14	0.85628	0.3100194	0.05092105
58	15	-0.3057432	0.525846	1.336497
58	16	0.85628	0.3100194	0.05092105
58	17	-0.3057432	0.525846	1.336497
58	18	-0.2416902	0.5163781	1.241564
58	19	-0.2416902	0.5163781	1.241564
58	20	-0.2416902	0.5163781	1.241564
58	21	-0.2311943	0.5148099	1.226174
58	22	-0.2416902	0.5163781	1.241564
58	23	0.85628	0.3100194	0.05092105
58	24	-0.3057432	0.525846	1.336497
58	26	0.8675447	0.3072366	0.04530161
58	27	0.8898748	0.3016671	0.03468894
59	1	0.85628	0.3100194	0.05092105
59	2	-0.2416902	0.5163781	1.241564
59	3	0.8898748	0.3016671	0.03468894
59	4	0.85628	0.3100194	0.05092105
59	5	0.85628	0.3100194	0.05092105
59	6	0.8898748	0.3016671	0.03468894
59	7	0.85628	0.3100194	0.05092105
59	8	0.85628	0.3100194	0.05092105
59	9	0.85628	0.3100194	0.05092105
59	10	0.85628	0.3100194	0.05092105
59	11	0.8731518	0.3058448	0.04257086
59	12	0.85628	0.3100194	0.05092105
59	13	0.85628	0.3100194	0.05092105
59	14	0.85628	0.3100194	0.05092105
59	15	-0.3057432	0.525846	1.336497
59	16	0.85628	0.3100194	0.05092105
59	17	-0.3057432	0.525846	1.336497
59	18	-0.2416902	0.5163781	1.241564
59	19	-0.2416902	0.5163781	1.241564
59	20	-0.2416902	0.5163781	1.241564
59	21	-0.2311943	0.5148099	1.226174
59	22	-0.2416902	0.5163781	1.241564
59	23	0.85628	0.3100194	0.05092105
59	24	-0.3057432	0.525846	1.336497
59	26	0.8675447	0.3072366	0.04530161
59	27	0.8898748	0.3016671	0.03468894
60	1	1.136846	0.2115974	0.1994492
60	3	1.208677	0.1916744	0.1852002
60	4	1.136846	0.2115974	0.1994492
60	5	1.136846	0.2115974	0.1994492
60	6	1.208677	0.1916744	0.1852002
60	7	1.136846	0.2115974	0.1994492
60	8	1.136846	0.2115974	0.1994492
60	9	1.136846	0.2115974	0.1994492
60	10	1.136846	0.2115974	0.1994492
60	11	1.172618	0.2016871	0.1922405
60	12	1.136846	0.2115974	0.1994492
60	13	1.136846	0.2115974	0.1994492
60	14	1.136846	0.2115974	0.1994492
60	15	-0.3396261	0.5895655	0.8049134
60	16	1.136846	0.2115974	0.1994492
60	17	-0.3396261	0.5895655	0.8049134
60	23	1.136846	0.2115974	0.1994493
60	26	1.160662	0.2050019	0.1946247
60	27	1.208677	0.1916744	0.1852002
61	1	1.136846	0.2115974	0.1994492
61	3	1.208677	0.1916744	0.1852002
61	4	1.136846	0.2115974	0.1994492
61	5	1.136846	0.2115974	0.1994492
61	6	1.208677	0.1916744	0.1852002
61	7	1.136846	0.2115974	0.1994492
61	8	1.136846	0.2115974	0.1994492
61	9	1.136846	0.2115974	0.1994492
61	10	1.136846	0.2115974	0.1994492
61	11	1.172618	0.2016871	0.1922405
61	12	1.136846	0.2115974	0.1994492
61	13	1.136846	0.2115974	0.1994492
61	14	1.136846	0.2115974	0.1994492
61	15	-0.3396261	0.5895655	0.8049134
61	16	1.136846	0.2115974	0.1994492
61	17	-0.3396261	0.5895655	0.8049134
61	23	1.136846	0.2115974	0.1994493
61	26	1.160662	0.2050019	0.1946247
61	27	1.208677	0.1916744	0.1852002
62	1	1.14413	0.1887103	0.4047857
62	2	0.69274	0.2707322	0.922168
62	3	0.8931181	0.2998245	0.04339052
62	4	1.14413	0.1887103	0.4047857
62	5	1.14413	0.1887103	0.4047857
62	6	0.8931181	0.2998245	0.04339052
62	7	1.14413	0.1887103	0.4047857
62	8	1.14413	0.1887103	0.4047857
62	9	1.14413	0.1887103	0.4047857
62	10	1.14413	0.1887103	0.4047857
62	11	0.9209306	0.2897932	0.06083707
62	12	1.14413	0.1887103	0.4047857
62	13	1.14413	0.1887103	0.4047857
62	14	1.14413	0.1887103	0.4047857
62	15	-0.3701406	0.5548169	1.239178
62	16	1.14413	0.1887103	0.4047857
62	17	-0.3701406	0.5548169	1.239178
62	18	0.69274	0.2707322	0.922168
62	19	0.69274	0.2707322	0.922168
62	20	0.69274	0.2707322	0.922168
62	21	0.4736153	0.3195529	1.084107
62	22	0.69274	0.2707322	0.922168
62	23	1.14413	0.1887103	0.4047857
62	24	1.115767	0.2224729	0.1537948
62	25	-0.1225892	0.5843727	0.2167946
62	26	1.000024	0.2636389	0.08693612
62	27	0.8931181	0.2998245	0.04339052
63	1	1.061310	0.1993273	0.5436355
63	2	1.061310	0.1993273	0.5436355
63	3	0.9609496	0.2782087	0.05770334
63	4	1.061310	0.1993273	0.5436355
63	5	1.061310	0.1993273	0.5436355
63	6	0.9609496	0.2782087	0.05770334
63	7	1.061310	0.1993273	0.5436355
63	8	1.061310	0.1993273	0.5436355
63	9	1.061310	0.1993273	0.5436355
63	10	1.061310	0.1993273	0.5436355
63	11	0.983233	0.2695689	0.0776541
63	12	1.061310	0.1993273	0.5436355
63	13	1.061310	0.1993273	0.5436355
63	14	1.061310	0.1993273	0.5436355
63	15	-0.3770608	0.5603554	1.204687
63	16	1.061310	0.1993273	0.5436355
63	17	-0.3770608	0.5603554	1.204687
63	18	1.061310	0.1993273	0.5436355
63	19	1.061310	0.1993273	0.5436355
63	20	1.061310	0.1993273	0.5436355
63	21	1.061310	0.1993273	0.5436355
63	22	1.061310	0.1993273	0.5436355
63	23	1.061310	0.1993273	0.5436355
63	24	1.156477	0.2052529	0.204472
63	25	-0.1007270	0.5807391	0.1883775
63	26	1.059157	0.2435236	0.1120133
63	27	0.9609496	0.2782087	0.05770334
64	3	1.120904	0.1941041	0.4197782
64	6	1.120904	0.1941041	0.4197782
65	3	1.120904	0.1941041	0.4197782
65	6	1.120904	0.1941041	0.4197782
66	3	1.120904	0.1941041	0.4197782
66	6	1.120904	0.1941041	0.4197782
67	1	0.9407456	0.2183635	0.7102809
67	2	0.9407456	0.2183635	0.7102809
67	3	-0.2219338	0.5978356	0.3761379
67	4	0.9407456	0.2183635	0.7102809
67	5	0.9407456	0.2183635	0.7102809
67	6	-0.2219338	0.5978356	0.3761379
67	7	0.9407456	0.2183635	0.7102809
67	8	0.9407456	0.2183635	0.7102809
67	9	0.9407456	0.2183635	0.7102809
67	10	0.9407456	0.2183635	0.7102809
67	11	0.3281789	0.3503872	1.207134
67	12	0.9407456	0.2183635	0.7102809
67	13	0.9407456	0.2183635	0.7102809
67	14	0.9407456	0.2183635	0.7102809
67	15	0.5168038	0.4160923	0.0001760917
67	16	0.9407456	0.2183635	0.7102809
67	17	0.5168038	0.4160923	0.0001760917
67	18	0.9407456	0.2183635	0.7102809
67	19	0.9407456	0.2183635	0.7102809
67	20	0.9407456	0.2183635	0.7102809
67	21	0.9407456	0.2183635	0.7102809
67	22	0.9407456	0.2183635	0.7102809
67	23	0.9407456	0.2183635	0.7102809
67	24	0.6981397	0.2674073	0.939204
67	25	0.1020034	0.5315683	0.0782197
67	26	0.4878459	0.3135155	1.101999
67	27	0.05330284	0.4171526	1.355540
68	1	1.007038	0.2053208	0.6441733
68	2	1.007038	0.2053208	0.6441733
68	3	0.1866923	0.5125282	0.01733149
68	4	1.007038	0.2053208	0.6441733
68	5	1.007038	0.2053208	0.6441733
68	6	0.1866923	0.5125282	0.01733149
68	7	1.007038	0.2053208	0.6441733
68	8	1.007038	0.2053208	0.6441733
68	9	1.007038	0.2053208	0.6441733
68	10	1.007038	0.2053208	0.6441733
68	11	1.224132	0.1763475	0.2915398
68	12	1.007038	0.2053208	0.6441733
68	13	1.007038	0.2053208	0.6441733
68	14	1.007038	0.2053208	0.6441733
68	15	-0.3262157	0.5852671	0.8079902
68	16	1.007038	0.2053208	0.6441733
68	17	-0.3262157	0.5852671	0.8079902
68	18	1.007038	0.2053208	0.6441733
68	19	1.007038	0.2053208	0.6441733
68	20	1.007038	0.2053208	0.6441733
68	21	1.007038	0.2053208	0.6441733
68	22	1.007038	0.2053208	0.6441733
68	23	1.007038	0.2053208	0.6441733
68	24	1.139143	0.1830842	0.4752332
68	25	-0.03239467	0.5609905	0.1827116
68	26	1.199831	0.1761865	0.3647485
68	27	-0.3262157	0.5852671	0.8079902
69	1	1.007038	0.2053208	0.6441733
69	2	1.007038	0.2053208	0.6441733
69	3	0.1866923	0.5125282	0.01733149
69	4	1.007038	0.2053208	0.6441733
69	5	1.007038	0.2053208	0.6441733
69	6	0.1866923	0.5125282	0.01733149
69	7	1.007038	0.2053208	0.6441733
69	8	1.007038	0.2053208	0.6441733
69	9	1.007038	0.2053208	0.6441733
69	10	1.007038	0.2053208	0.6441733
69	11	1.224132	0.1763475	0.2915398
69	12	1.007038	0.2053208	0.6441733
69	13	1.007038	0.2053208	0.6441733
69	14	1.007038	0.2053208	0.6441733
69	15	-0.3262157	0.5852671	0.8079902
69	16	1.007038	0.2053208	0.6441733
69	17	-0.3262157	0.5852671	0.8079902
69	18	1.007038	0.2053208	0.6441733
69	19	1.007038	0.2053208	0.6441733
69	20	1.007038	0.2053208	0.6441733
69	21	1.007038	0.2053208	0.6441733
69	22	1.007038	0.2053208	0.6441733
69	23	1.007038	0.2053208	0.6441733
69	24	1.139143	0.1830842	0.4752332
69	25	-0.03239467	0.5609905	0.1827116
69	26	1.199831	0.1761865	0.3647485
69	27	-0.3262157	0.5852671	0.8079902
70	1	1.120904	0.1941041	0.4197782
70	2	1.120904	0.1941041	0.4197782
70	3	1.120904	0.1941041	0.4197782
70	4	1.120904	0.1941041	0.4197782
70	5	1.120904	0.1941041	0.4197782
70	6	1.120904	0.1941041	0.4197782
70	7	1.120904	0.1941041	0.4197782
70	8	1.120904	0.1941041	0.4197782
70	9	1.120904	0.1941041	0.4197782
70	10	1.120904	0.1941041	0.4197782
70	11	1.120904	0.1941041	0.4197782
70	12	1.120904	0.1941041	0.4197782
70	13	1.120904	0.1941041	0.4197782
70	14	1.120904	0.1941041	0.4197782
70	15	1.120904	0.1941041	0.4197782
70	16	1.120904	0.1941041	0.4197782
70	17	1.120904	0.1941041	0.4197782
70	18	1.120904	0.1941041	0.4197782
70	19	1.120904	0.1941041	0.4197782
70	20	1.120904	0.1941041	0.4197782
70	21	1.120904	0.1941041	0.4197782
70	22	1.120904	0.1941041	0.4197782
70	23	1.120904	0.1941041	0.4197782
70	24	1.120904	0.1941041	0.4197782
70	25	1.120904	0.1941041	0.4197782
70	26	1.120904	0.1941041	0.4197782
70	27	1.120904	0.1941041	0.4197782
71	1	1.120904	0.1941041	0.4197782
71	2	1.120904	0.1941041	0.4197782
71	3	1.120904	0.1941041	0.4197782
71	4	1.120904	0.1941041	0.4197782
71	5	1.120904	0.1941041	0.4197782
71	6	1.120904	0.1941041	0.4197782
71	7	1.120904	0.1941041	0.4197782
71	8	1.120904	0.1941041	0.4197782
71	9	1.120904	0.1941041	0.4197782
71	10	1.120904	0.1941041	0.4197782
71	11	1.120904	0.1941041	0.4197782
71	12	1.120904	0.1941041	0.4197782
71	13	1.120904	0.1941041	0.4197782
71	14	1.120904	0.1941041	0.4197782
71	15	1.120904	0.1941041	0.4197782
71	16	1.120904	0.1941041	0.4197782
71	17	1.120904	0.1941041	0.4197782
71	18	1.120904	0.1941041	0.4197782
71	19	1.120904	0.1941041	0.4197782
71	20	1.120904	0.1941041	0.4197782
71	21	1.120904	0.1941041	0.4197782
71	22	1.120904	0.1941041	0.4197782
71	23	1.120904	0.1941041	0.4197782
71	24	1.120904	0.1941041	0.4197782
71	25	1.120904	0.1941041	0.4197782
71	26	1.120904	0.1941041	0.4197782
71	27	1.120904	0.1941041	0.4197782
72	1	1.120904	0.1941041	0.4197782
72	2	1.120904	0.1941041	0.4197782
72	3	1.120904	0.1941041	0.4197782
72	4	1.120904	0.1941041	0.4197782
72	5	1.120904	0.1941041	0.4197782
72	6	1.120904	0.1941041	0.4197782
72	7	1.120904	0.1941041	0.4197782
72	8	1.120904	0.1941041	0.4197782
72	9	1.120904	0.1941041	0.4197782
72	10	1.120904	0.1941041	0.4197782
72	11	1.120904	0.1941041	0.4197782
72	12	1.120904	0.1941041	0.4197782
72	13	1.120904	0.1941041	0.4197782
72	14	1.120904	0.1941041	0.4197782
72	15	1.120904	0.1941041	0.4197782
72	16	1.120904	0.1941041	0.4197782
72	17	1.120904	0.1941041	0.4197782
72	18	1.120904	0.1941041	0.4197782
72	19	1.120904	0.1941041	0.4197782
72	20	1.120904	0.1941041	0.4197782
72	21	1.120904	0.1941041	0.4197782
72	22	1.120904	0.1941041	0.4197782
72	23	1.120904	0.1941041	0.4197782
72	24	1.120904	0.1941041	0.4197782
72	25	1.120904	0.1941041	0.4197782
72	26	1.120904	0.1941041	0.4197782
72	27	1.120904	0.1941041	0.4197782
73	1	1.120904	0.1941041	0.4197782
73	2	1.120904	0.1941041	0.4197782
73	3	1.120904	0.1941041	0.4197782
73	4	1.120904	0.1941041	0.4197782
73	5	1.120904	0.1941041	0.4197782
73	6	1.120904	0.1941041	0.4197782
73	7	1.120904	0.1941041	0.4197782
73	8	1.120904	0.1941041	0.4197782
73	9	1.120904	0.1941041	0.4197782
73	10	1.120904	0.1941041	0.4197782
73	11	1.120904	0.1941041	0.4197782
73	12	1.120904	0.1941041	0.4197782
73	13	1.120904	0.1941041	0.4197782
73	14	1.120904	0.1941041	0.4197782
73	15	1.120904	0.1941041	0.4197782
73	16	1.120904	0.1941041	0.4197782
73	17	1.120904	0.1941041	0.4197782
73	18	1.120904	0.1941041	0.4197782
73	19	1.120904	0.1941041	0.4197782
73	20	1.120904	0.1941041	0.4197782
73	21	1.120904	0.1941041	0.4197782
73	22	1.120904	0.1941041	0.4197782
73	23	1.120904	0.1941041	0.4197782
73	24	1.120904	0.1941041	0.4197782
73	25	1.120904	0.1941041	0.4197782
73	26	1.120904	0.1941041	0.4197782
73	27	1.120904	0.1941041	0.4197782
74	1	1.120904	0.1941041	0.4197782
74	2	1.120904	0.1941041	0.4197782
74	3	1.120904	0.1941041	0.4197782
74	4	1.120904	0.1941041	0.4197782
74	5	1.120904	0.1941041	0.4197782
74	6	1.120904	0.1941041	0.4197782
74	7	1.120904	0.1941041	0.4197782
74	8	1.120904	0.1941041	0.4197782
74	9	1.120904	0.1941041	0.4197782
74	10	1.120904	0.1941041	0.4197782
74	11	1.120904	0.1941041	0.4197782
74	12	1.120904	0.1941041	0.4197782
74	13	1.120904	0.1941041	0.4197782
74	14	1.120904	0.1941041	0.4197782
74	15	1.120904	0.1941041	0.4197782
74	16	1.120904	0.1941041	0.4197782
74	17	1.120904	0.1941041	0.4197782
74	18	1.120904	0.1941041	0.4197782
74	19	1.120904	0.1941041	0.4197782
74	20	1.120904	0.1941041	0.4197782
74	21	1.120904	0.1941041	0.4197782
74	22	1.120904	0.1941041	0.4197782
74	23	1.120904	0.1941041	0.4197782
74	24	1.120904	0.1941041	0.4197782
74	25	1.120904	0.1941041	0.4197782
74	26	1.120904	0.1941041	0.4197782
74	27	1.120904	0.1941041	0.4197782
75	1	1.120904	0.1941041	0.4197782
75	2	1.120904	0.1941041	0.4197782
75	3	1.120904	0.1941041	0.4197782
75	4	1.120904	0.1941041	0.4197782
75	5	1.120904	0.1941041	0.4197782
75	6	1.120904	0.1941041	0.4197782
75	7	1.120904	0.1941041	0.4197782
75	8	1.120904	0.1941041	0.4197782
75	9	1.120904	0.1941041	0.4197782
75	10	1.120904	0.1941041	0.4197782
75	11	1.120904	0.1941041	0.4197782
75	12	1.120904	0.1941041	0.4197782
75	13	1.120904	0.1941041	0.4197782
75	14	1.120904	0.1941041	0.4197782
75	15	1.120904	0.1941041	0.4197782
75	16	1.120904	0.1941041	0.4197782
75	17	1.120904	0.1941041	0.4197782
75	18	1.120904	0.1941041	0.4197782
75	19	1.120904	0.1941041	0.4197782
75	20	1.120904	0.1941041	0.4197782
75	21	1.120904	0.1941041	0.4197782
75	22	1.120904	0.1941041	0.4197782
75	23	1.120904	0.1941041	0.4197782
75	24	1.120904	0.1941041	0.4197782
75	25	1.120904	0.1941041	0.4197782
75	26	1.120904	0.1941041	0.4197782
75	27	1.120904	0.1941041	0.4197782
76	1	1.095754	0.1962245	0.472881
76	2	1.095754	0.1962245	0.4728808
76	3	1.095754	0.1962245	0.472881
76	4	1.095754	0.1962245	0.472881
76	5	1.095754	0.1962245	0.472881
76	6	1.095754	0.1962245	0.472881
76	7	1.095754	0.1962245	0.472881
76	8	1.095754	0.1962245	0.472881
76	9	1.095754	0.1962245	0.472881
76	10	1.095754	0.1962245	0.472881
76	11	1.095754	0.1962245	0.472881
76	12	-0.1239308	0.5719367	0.3439829
76	13	1.095754	0.1962245	0.472881
76	14	1.095754	0.1962245	0.472881
76	15	1.095754	0.1962245	0.472881
76	16	1.095754	0.1962245	0.472881
76	17	1.095754	0.1962245	0.472881
76	18	1.095754	0.1962245	0.472881
76	19	1.095754	0.1962245	0.472881
76	20	1.095754	0.1962245	0.472881
76	21	1.095754	0.1962245	0.472881
76	22	1.095754	0.1962245	0.472881
76	23	1.095754	0.1962245	0.472881
76	24	1.095754	0.1962245	0.472881
76	25	1.095754	0.1962245	0.472881
76	26	1.095754	0.1962245	0.472881
76	27	1.095754	0.1962245	0.472881
77	1	1.095754	0.1962245	0.472881
77	2	1.095754	0.1962245	0.4728808
77	3	1.095754	0.1962245	0.472881
77	4	1.095754	0.1962245	0.472881
77	5	1.095754	0.1962245	0.472881
77	6	1.095754	0.1962245	0.472881
77	7	1.095754	0.1962245	0.472881
77	8	1.095754	0.1962245	0.472881
77	9	1.095754	0.1962245	0.472881
77	10	1.095754	0.1962245	0.472881
77	11	1.095754	0.1962245	0.472881
77	12	-0.1239308	0.5719367	0.3439829
77	13	1.095754	0.1962245	0.472881
77	14	1.095754	0.1962245	0.472881
77	15	1.095754	0.1962245	0.472881
77	16	1.095754	0.1962245	0.472881
77	17	1.095754	0.1962245	0.472881
77	18	1.095754	0.1962245	0.472881
77	19	1.095754	0.1962245	0.472881
77	20	1.095754	0.1962245	0.472881
77	21	1.095754	0.1962245	0.472881
77	22	1.095754	0.1962245	0.472881
77	23	1.095754	0.1962245	0.472881
77	24	1.095754	0.1962245	0.472881
77	25	1.095754	0.1962245	0.472881
77	26	1.095754	0.1962245	0.472881
77	27	1.095754	0.1962245	0.472881
83	12	1.120904	0.1941041	0.4197782
83	16	1.120904	0.1941041	0.4197782
84	12	1.120904	0.1941041	0.4197782
84	16	1.120904	0.1941041	0.4197782
85	12	1.120904	0.1941041	0.4197782
85	16	1.120904	0.1941041	0.4197782
86	12	1.120904	0.1941041	0.4197782
86	16	1.120904	0.1941041	0.4197782
87	12	1.120904	0.1941041	0.4197782
87	16	1.120904	0.1941041	0.4197782
88	12	1.120904	0.1941041	0.4197782
88	16	1.120904	0.1941041	0.4197782
89	1	1.120904	0.1941041	0.4197782
89	2	1.120904	0.1941041	0.4197782
89	3	1.120904	0.1941041	0.4197782
89	4	1.120904	0.1941041	0.4197782
89	5	1.120904	0.1941041	0.4197782
89	6	1.120904	0.1941041	0.4197782
89	7	1.120904	0.1941041	0.4197782
89	8	1.120904	0.1941041	0.4197782
89	9	1.120904	0.1941041	0.4197782
89	10	1.120904	0.1941041	0.4197782
89	11	1.120904	0.1941041	0.4197782
89	12	1.120904	0.1941041	0.4197782
89	13	1.120904	0.1941041	0.4197782
89	14	1.120904	0.1941041	0.4197782
89	15	1.120904	0.1941041	0.4197782
89	16	1.120904	0.1941041	0.4197782
89	17	1.120904	0.1941041	0.4197782
89	18	1.120904	0.1941041	0.4197782
89	19	1.120904	0.1941041	0.4197782
89	20	1.120904	0.1941041	0.4197782
89	21	1.120904	0.1941041	0.4197782
89	22	1.120904	0.1941041	0.4197782
89	23	1.120904	0.1941041	0.4197782
89	24	1.120904	0.1941041	0.4197782
89	25	1.120904	0.1941041	0.4197782
89	26	1.120904	0.1941041	0.4197782
89	27	1.120904	0.1941041	0.4197782
90	1	1.120904	0.1941041	0.4197782
90	2	1.120904	0.1941041	0.4197782
90	3	1.120904	0.1941041	0.4197782
90	4	1.120904	0.1941041	0.4197782
90	5	1.120904	0.1941041	0.4197782
90	6	1.120904	0.1941041	0.4197782
90	7	1.120904	0.1941041	0.4197782
90	8	1.120904	0.1941041	0.4197782
90	9	1.120904	0.1941041	0.4197782
90	10	1.120904	0.1941041	0.4197782
90	11	1.120904	0.1941041	0.4197782
90	12	1.120904	0.1941041	0.4197782
90	13	1.120904	0.1941041	0.4197782
90	14	1.120904	0.1941041	0.4197782
90	15	1.120904	0.1941041	0.4197782
90	16	1.120904	0.1941041	0.4197782
90	17	1.120904	0.1941041	0.4197782
90	18	1.120904	0.1941041	0.4197782
90	19	1.120904	0.1941041	0.4197782
90	20	1.120904	0.1941041	0.4197782
90	21	1.120904	0.1941041	0.4197782
90	22	1.120904	0.1941041	0.4197782
90	23	1.120904	0.1941041	0.4197782
90	24	1.120904	0.1941041	0.4197782
90	25	1.120904	0.1941041	0.4197782
90	26	1.120904	0.1941041	0.4197782
90	27	1.120904	0.1941041	0.4197782
91	1	1.120904	0.1941041	0.4197782
91	2	1.120904	0.1941041	0.4197782
91	3	1.120904	0.1941041	0.4197782
91	4	1.120904	0.1941041	0.4197782
91	5	1.120904	0.1941041	0.4197782
91	6	1.120904	0.1941041	0.4197782
91	7	1.120904	0.1941041	0.4197782
91	8	1.120904	0.1941041	0.4197782
91	9	1.120904	0.1941041	0.4197782
91	10	1.120904	0.1941041	0.4197782
91	11	1.120904	0.1941041	0.4197782
91	12	1.120904	0.1941041	0.4197782
91	13	1.120904	0.1941041	0.4197782
91	14	1.120904	0.1941041	0.4197782
91	15	1.120904	0.1941041	0.4197782
91	16	1.120904	0.1941041	0.4197782
91	17	1.120904	0.1941041	0.4197782
91	18	1.120904	0.1941041	0.4197782
91	19	1.120904	0.1941041	0.4197782
91	20	1.120904	0.1941041	0.4197782
91	21	1.120904	0.1941041	0.4197782
91	22	1.120904	0.1941041	0.4197782
91	23	1.120904	0.1941041	0.4197782
91	24	1.120904	0.1941041	0.4197782
91	25	1.120904	0.1941041	0.4197782
91	26	1.120904	0.1941041	0.4197782
91	27	1.120904	0.1941041	0.4197782
92	1	1.120904	0.1941041	0.4197782
92	2	1.120904	0.1941041	0.4197782
92	3	1.120904	0.1941041	0.4197782
92	4	1.120904	0.1941041	0.4197782
92	5	1.120904	0.1941041	0.4197782
92	6	1.120904	0.1941041	0.4197782
92	7	1.120904	0.1941041	0.4197782
92	8	1.120904	0.1941041	0.4197782
92	9	1.120904	0.1941041	0.4197782
92	10	1.120904	0.1941041	0.4197782
92	11	1.120904	0.1941041	0.4197782
92	12	1.120904	0.1941041	0.4197782
92	13	1.120904	0.1941041	0.4197782
92	14	1.120904	0.1941041	0.4197782
92	15	1.120904	0.1941041	0.4197782
92	16	1.120904	0.1941041	0.4197782
92	17	1.120904	0.1941041	0.4197782
92	18	1.120904	0.1941041	0.4197782
92	19	1.120904	0.1941041	0.4197782
92	20	1.120904	0.1941041	0.4197782
92	21	1.120904	0.1941041	0.4197782
92	22	1.120904	0.1941041	0.4197782
92	23	1.120904	0.1941041	0.4197782
92	24	1.120904	0.1941041	0.4197782
92	25	1.120904	0.1941041	0.4197782
92	26	1.120904	0.1941041	0.4197782
92	27	1.120904	0.1941041	0.4197782
93	1	1.120904	0.1941041	0.4197782
93	2	1.120904	0.1941041	0.4197782
93	3	1.120904	0.1941041	0.4197782
93	4	1.120904	0.1941041	0.4197782
93	5	1.120904	0.1941041	0.4197782
93	6	1.120904	0.1941041	0.4197782
93	7	1.120904	0.1941041	0.4197782
93	8	1.120904	0.1941041	0.4197782
93	9	1.120904	0.1941041	0.4197782
93	10	1.120904	0.1941041	0.4197782
93	11	1.120904	0.1941041	0.4197782
93	12	1.120904	0.1941041	0.4197782
93	13	1.120904	0.1941041	0.4197782
93	14	1.120904	0.1941041	0.4197782
93	15	1.120904	0.1941041	0.4197782
93	16	1.120904	0.1941041	0.4197782
93	17	1.120904	0.1941041	0.4197782
93	18	1.120904	0.1941041	0.4197782
93	19	1.120904	0.1941041	0.4197782
93	20	1.120904	0.1941041	0.4197782
93	21	1.120904	0.1941041	0.4197782
93	22	1.120904	0.1941041	0.4197782
93	23	1.120904	0.1941041	0.4197782
93	24	1.120904	0.1941041	0.4197782
93	25	1.120904	0.1941041	0.4197782
93	26	1.120904	0.1941041	0.4197782
93	27	1.120904	0.1941041	0.4197782
94	1	1.120904	0.1941041	0.4197782
94	2	1.120904	0.1941041	0.4197782
94	3	1.120904	0.1941041	0.4197782
94	4	1.120904	0.1941041	0.4197782
94	5	1.120904	0.1941041	0.4197782
94	6	1.120904	0.1941041	0.4197782
94	7	1.120904	0.1941041	0.4197782
94	8	1.120904	0.1941041	0.4197782
94	9	1.120904	0.1941041	0.4197782
94	10	1.120904	0.1941041	0.4197782
94	11	1.120904	0.1941041	0.4197782
94	12	1.120904	0.1941041	0.4197782
94	13	1.120904	0.1941041	0.4197782
94	14	1.120904	0.1941041	0.4197782
94	15	1.120904	0.1941041	0.4197782
94	16	1.120904	0.1941041	0.4197782
94	17	1.120904	0.1941041	0.4197782
94	18	1.120904	0.1941041	0.4197782
94	19	1.120904	0.1941041	0.4197782
94	20	1.120904	0.1941041	0.4197782
94	21	1.120904	0.1941041	0.4197782
94	22	1.120904	0.1941041	0.4197782
94	23	1.120904	0.1941041	0.4197782
94	24	1.120904	0.1941041	0.4197782
94	25	1.120904	0.1941041	0.4197782
94	26	1.120904	0.1941041	0.4197782
94	27	1.120904	0.1941041	0.4197782
95	1	1.097613	0.1947346	0.4821656
95	2	1.097613	0.1947346	0.4821655
95	3	1.097613	0.1947346	0.4821656
95	4	1.097613	0.1947346	0.4821656
95	5	1.097613	0.1947346	0.4821656
95	6	1.097613	0.1947346	0.4821656
95	7	1.097613	0.1947346	0.4821656
95	8	1.097613	0.1947346	0.4821656
95	9	1.097613	0.1947346	0.4821656
95	10	1.097613	0.1947346	0.4821656
95	11	1.097613	0.1947346	0.4821656
95	12	1.097613	0.1947346	0.4821656
95	13	1.097613	0.1947346	0.4821656
95	14	1.097613	0.1947346	0.4821656
95	15	1.097613	0.1947346	0.4821656
95	16	1.097613	0.1947346	0.4821656
95	17	1.097613	0.1947346	0.4821656
95	18	1.097613	0.1947346	0.4821656
95	19	1.097613	0.1947346	0.4821656
95	20	1.097613	0.1947346	0.4821656
95	21	1.097613	0.1947346	0.4821656
95	22	1.097613	0.1947346	0.4821656
95	23	1.097613	0.1947346	0.4821656
95	24	1.097613	0.1947346	0.4821656
95	25	1.097613	0.1947346	0.4821656
95	26	1.097613	0.1947346	0.4821656
95	27	-0.2046144	0.5981371	0.3221126
96	1	1.097613	0.1947346	0.4821656
96	2	1.097613	0.1947346	0.4821655
96	3	1.097613	0.1947346	0.4821656
96	4	1.097613	0.1947346	0.4821656
96	5	1.097613	0.1947346	0.4821656
96	6	1.097613	0.1947346	0.4821656
96	7	1.097613	0.1947346	0.4821656
96	8	1.097613	0.1947346	0.4821656
96	9	1.097613	0.1947346	0.4821656
96	10	1.097613	0.1947346	0.4821656
96	11	1.097613	0.1947346	0.4821656
96	12	1.097613	0.1947346	0.4821656
96	13	1.097613	0.1947346	0.4821656
96	14	1.097613	0.1947346	0.4821656
96	15	1.097613	0.1947346	0.4821656
96	16	1.097613	0.1947346	0.4821656
96	17	1.097613	0.1947346	0.4821656
96	18	1.097613	0.1947346	0.4821656
96	19	1.097613	0.1947346	0.4821656
96	20	1.097613	0.1947346	0.4821656
96	21	1.097613	0.1947346	0.4821656
96	22	1.097613	0.1947346	0.4821656
96	23	1.097613	0.1947346	0.4821656
96	24	1.097613	0.1947346	0.4821656
96	25	1.097613	0.1947346	0.4821656
96	26	1.097613	0.1947346	0.4821656
96	27	-0.2046144	0.5981371	0.3221126
97	1	1.097613	0.1947346	0.4821656
97	2	1.097613	0.1947346	0.4821655
97	3	1.097613	0.1947346	0.4821656
97	4	1.097613	0.1947346	0.4821656
97	5	1.097613	0.1947346	0.4821656
97	6	1.097613	0.1947346	0.4821656
97	7	1.097613	0.1947346	0.4821656
97	8	1.097613	0.1947346	0.4821656
97	9	1.097613	0.1947346	0.4821656
97	10	1.097613	0.1947346	0.4821656
97	11	1.097613	0.1947346	0.4821656
97	12	1.097613	0.1947346	0.4821656
97	13	1.097613	0.1947346	0.4821656
97	14	1.097613	0.1947346	0.4821656
97	15	1.097613	0.1947346	0.4821656
97	16	1.097613	0.1947346	0.4821656
97	17	1.097613	0.1947346	0.4821656
97	18	1.097613	0.1947346	0.4821656
97	19	1.097613	0.1947346	0.4821656
97	20	1.097613	0.1947346	0.4821656
97	21	1.097613	0.1947346	0.4821656
97	22	1.097613	0.1947346	0.4821656
97	23	1.097613	0.1947346	0.4821656
97	24	1.097613	0.1947346	0.4821656
97	25	1.097613	0.1947346	0.4821656
97	26	1.097613	0.1947346	0.4821656
97	27	-0.2046144	0.5981371	0.3221126
98	1	1.097613	0.1947346	0.4821656
98	2	1.097613	0.1947346	0.4821655
98	3	1.097613	0.1947346	0.4821656
98	4	1.097613	0.1947346	0.4821656
98	5	1.097613	0.1947346	0.4821656
98	6	1.097613	0.1947346	0.4821656
98	7	1.097613	0.1947346	0.4821656
98	8	1.097613	0.1947346	0.4821656
98	9	1.097613	0.1947346	0.4821656
98	10	1.097613	0.1947346	0.4821656
98	11	1.097613	0.1947346	0.4821656
98	12	1.097613	0.1947346	0.4821656
98	13	1.097613	0.1947346	0.4821656
98	14	1.097613	0.1947346	0.4821656
98	15	1.097613	0.1947346	0.4821656
98	16	1.097613	0.1947346	0.4821656
98	17	1.097613	0.1947346	0.4821656
98	18	1.097613	0.1947346	0.4821656
98	19	1.097613	0.1947346	0.4821656
98	20	1.097613	0.1947346	0.4821656
98	21	1.097613	0.1947346	0.4821656
98	22	1.097613	0.1947346	0.4821656
98	23	1.097613	0.1947346	0.4821656
98	24	1.097613	0.1947346	0.4821656
98	25	1.097613	0.1947346	0.4821656
98	26	1.097613	0.1947346	0.4821656
98	27	-0.2046144	0.5981371	0.3221126
99	1	1.097613	0.1947346	0.4821656
99	2	1.097613	0.1947346	0.4821655
99	3	1.097613	0.1947346	0.4821656
99	4	1.097613	0.1947346	0.4821656
99	5	1.097613	0.1947346	0.4821656
99	6	1.097613	0.1947346	0.4821656
99	7	1.097613	0.1947346	0.4821656
99	8	1.097613	0.1947346	0.4821656
99	9	1.097613	0.1947346	0.4821656
99	10	1.097613	0.1947346	0.4821656
99	11	1.097613	0.1947346	0.4821656
99	12	1.097613	0.1947346	0.4821656
99	13	1.097613	0.1947346	0.4821656
99	14	1.097613	0.1947346	0.4821656
99	15	1.097613	0.1947346	0.4821656
99	16	1.097613	0.1947346	0.4821656
99	17	1.097613	0.1947346	0.4821656
99	18	1.097613	0.1947346	0.4821656
99	19	1.097613	0.1947346	0.4821656
99	20	1.097613	0.1947346	0.4821656
99	21	1.097613	0.1947346	0.4821656
99	22	1.097613	0.1947346	0.4821656
99	23	1.097613	0.1947346	0.4821656
99	24	1.097613	0.1947346	0.4821656
99	25	1.097613	0.1947346	0.4821656
99	26	1.097613	0.1947346	0.4821656
99	27	-0.2046144	0.5981371	0.3221126
100	1	1.097613	0.1947346	0.4821656
100	2	1.097613	0.1947346	0.4821655
100	3	1.097613	0.1947346	0.4821656
100	4	1.097613	0.1947346	0.4821656
100	5	1.097613	0.1947346	0.4821656
100	6	1.097613	0.1947346	0.4821656
100	7	1.097613	0.1947346	0.4821656
100	8	1.097613	0.1947346	0.4821656
100	9	1.097613	0.1947346	0.4821656
100	10	1.097613	0.1947346	0.4821656
100	11	1.097613	0.1947346	0.4821656
100	12	1.097613	0.1947346	0.4821656
100	13	1.097613	0.1947346	0.4821656
100	14	1.097613	0.1947346	0.4821656
100	15	1.097613	0.1947346	0.4821656
100	16	1.097613	0.1947346	0.4821656
100	17	1.097613	0.1947346	0.4821656
100	18	1.097613	0.1947346	0.4821656
100	19	1.097613	0.1947346	0.4821656
100	20	1.097613	0.1947346	0.4821656
100	21	1.097613	0.1947346	0.4821656
100	22	1.097613	0.1947346	0.4821656
100	23	1.097613	0.1947346	0.4821656
100	24	1.097613	0.1947346	0.4821656
100	25	1.097613	0.1947346	0.4821656
100	26	1.097613	0.1947346	0.4821656
100	27	-0.2046144	0.5981371	0.3221126
101	1	1.097613	0.1947346	0.4821656
101	2	1.097613	0.1947346	0.4821655
101	3	1.097613	0.1947346	0.4821656
101	4	1.097613	0.1947346	0.4821656
101	5	1.097613	0.1947346	0.4821656
101	6	1.097613	0.1947346	0.4821656
101	7	1.097613	0.1947346	0.4821656
101	8	1.097613	0.1947346	0.4821656
101	9	1.097613	0.1947346	0.4821656
101	10	1.097613	0.1947346	0.4821656
101	11	1.097613	0.1947346	0.4821656
101	12	1.097613	0.1947346	0.4821656
101	13	1.097613	0.1947346	0.4821656
101	14	1.097613	0.1947346	0.4821656
101	15	1.097613	0.1947346	0.4821656
101	16	1.097613	0.1947346	0.4821656
101	17	1.097613	0.1947346	0.4821656
101	18	1.097613	0.1947346	0.4821656
101	19	1.097613	0.1947346	0.4821656
101	20	1.097613	0.1947346	0.4821656
101	21	1.097613	0.1947346	0.4821656
101	22	1.097613	0.1947346	0.4821656
101	23	1.097613	0.1947346	0.4821656
101	24	1.097613	0.1947346	0.4821656
101	25	1.097613	0.1947346	0.4821656
101	26	1.097613	0.1947346	0.4821656
101	27	-0.2046144	0.5981371	0.3221126
102	1	1.097613	0.1947346	0.4821656
102	2	1.097613	0.1947346	0.4821655
102	3	1.097613	0.1947346	0.4821656
102	4	1.097613	0.1947346	0.4821656
102	5	1.097613	0.1947346	0.4821656
102	6	1.097613	0.1947346	0.4821656
102	7	1.097613	0.1947346	0.4821656
102	8	1.097613	0.1947346	0.4821656
102	9	1.097613	0.1947346	0.4821656
102	10	1.097613	0.1947346	0.4821656
102	11	1.097613	0.1947346	0.4821656
102	12	1.097613	0.1947346	0.4821656
102	13	1.097613	0.1947346	0.4821656
102	14	1.097613	0.1947346	0.4821656
102	15	1.097613	0.1947346	0.4821656
102	16	1.097613	0.1947346	0.4821656
102	17	1.097613	0.1947346	0.4821656
102	18	1.097613	0.1947346	0.4821656
102	19	1.097613	0.1947346	0.4821656
102	20	1.097613	0.1947346	0.4821656
102	21	1.097613	0.1947346	0.4821656
102	22	1.097613	0.1947346	0.4821656
102	23	1.097613	0.1947346	0.4821656
102	24	1.097613	0.1947346	0.4821656
102	25	1.097613	0.1947346	0.4821656
102	26	1.097613	0.1947346	0.4821656
102	27	-0.2046144	0.5981371	0.3221126
103	1	1.097613	0.1947346	0.4821656
103	2	1.097613	0.1947346	0.4821655
103	3	1.097613	0.1947346	0.4821656
103	4	1.097613	0.1947346	0.4821656
103	5	1.097613	0.1947346	0.4821656
103	6	1.097613	0.1947346	0.4821656
103	7	1.097613	0.1947346	0.4821656
103	8	1.097613	0.1947346	0.4821656
103	9	1.097613	0.1947346	0.4821656
103	10	1.097613	0.1947346	0.4821656
103	11	1.097613	0.1947346	0.4821656
103	12	1.097613	0.1947346	0.4821656
103	13	1.097613	0.1947346	0.4821656
103	14	1.097613	0.1947346	0.4821656
103	15	1.097613	0.1947346	0.4821656
103	16	1.097613	0.1947346	0.4821656
103	17	1.097613	0.1947346	0.4821656
103	18	1.097613	0.1947346	0.4821656
103	19	1.097613	0.1947346	0.4821656
103	20	1.097613	0.1947346	0.4821656
103	21	1.097613	0.1947346	0.4821656
103	22	1.097613	0.1947346	0.4821656
103	23	1.097613	0.1947346	0.4821656
103	24	1.097613	0.1947346	0.4821656
103	25	1.097613	0.1947346	0.4821656
103	26	1.097613	0.1947346	0.4821656
103	27	-0.2046144	0.5981371	0.3221126
104	1	1.097613	0.1947346	0.4821656
104	2	1.097613	0.1947346	0.4821655
104	3	1.097613	0.1947346	0.4821656
104	4	1.097613	0.1947346	0.4821656
104	5	1.097613	0.1947346	0.4821656
104	6	1.097613	0.1947346	0.4821656
104	7	1.097613	0.1947346	0.4821656
104	8	1.097613	0.1947346	0.4821656
104	9	1.097613	0.1947346	0.4821656
104	10	1.097613	0.1947346	0.4821656
104	11	1.097613	0.1947346	0.4821656
104	12	1.097613	0.1947346	0.4821656
104	13	1.097613	0.1947346	0.4821656
104	14	1.097613	0.1947346	0.4821656
104	15	1.097613	0.1947346	0.4821656
104	16	1.097613	0.1947346	0.4821656
104	17	1.097613	0.1947346	0.4821656
104	18	1.097613	0.1947346	0.4821656
104	19	1.097613	0.1947346	0.4821656
104	20	1.097613	0.1947346	0.4821656
104	21	1.097613	0.1947346	0.4821656
104	22	1.097613	0.1947346	0.4821656
104	23	1.097613	0.1947346	0.4821656
104	24	1.097613	0.1947346	0.4821656
104	25	1.097613	0.1947346	0.4821656
104	26	1.097613	0.1947346	0.4821656
104	27	-0.2046144	0.5981371	0.3221126
105	1	1.097613	0.1947346	0.4821656
105	2	1.097613	0.1947346	0.4821655
105	3	1.097613	0.1947346	0.4821656
105	4	1.097613	0.1947346	0.4821656
105	5	1.097613	0.1947346	0.4821656
105	6	1.097613	0.1947346	0.4821656
105	7	1.097613	0.1947346	0.4821656
105	8	1.097613	0.1947346	0.4821656
105	9	1.097613	0.1947346	0.4821656
105	10	1.097613	0.1947346	0.4821656
105	11	1.097613	0.1947346	0.4821656
105	12	1.097613	0.1947346	0.4821656
105	13	1.097613	0.1947346	0.4821656
105	14	1.097613	0.1947346	0.4821656
105	15	1.097613	0.1947346	0.4821656
105	16	1.097613	0.1947346	0.4821656
105	17	1.097613	0.1947346	0.4821656
105	18	1.097613	0.1947346	0.4821656
105	19	1.097613	0.1947346	0.4821656
105	20	1.097613	0.1947346	0.4821656
105	21	1.097613	0.1947346	0.4821656
105	22	1.097613	0.1947346	0.4821656
105	23	1.097613	0.1947346	0.4821656
105	24	1.097613	0.1947346	0.4821656
105	25	1.097613	0.1947346	0.4821656
105	26	1.097613	0.1947346	0.4821656
105	27	-0.2046144	0.5981371	0.3221126
106	17	1.266754	0.1504790	0.4222829
106	27	-0.1802689	0.5832965	0.3974335
107	17	1.266754	0.1504790	0.4222829
107	27	-0.1802689	0.5832965	0.3974335
108	17	1.266754	0.1504790	0.4222829
108	27	-0.1802689	0.5832965	0.3974335
109	17	1.266754	0.1504790	0.4222829
109	27	-0.1802689	0.5832965	0.3974335
110	17	1.266754	0.1504790	0.4222829
110	27	-0.1802689	0.5832965	0.3974335
111	1	1.135789	0.1896631	0.4199218
111	2	1.135789	0.1896631	0.4199218
111	3	1.135789	0.1896631	0.4199218
111	4	1.135789	0.1896631	0.4199218
111	5	1.135789	0.1896631	0.4199218
111	6	1.135789	0.1896631	0.4199218
111	7	1.135789	0.1896631	0.4199218
111	8	1.135789	0.1896631	0.4199218
111	9	1.135789	0.1896631	0.4199218
111	10	1.135789	0.1896631	0.4199218
111	11	1.135789	0.1896631	0.4199218
111	12	1.135789	0.1896631	0.4199218
111	13	1.135789	0.1896631	0.4199218
111	14	1.135789	0.1896631	0.4199218
111	15	1.135789	0.1896631	0.4199218
111	16	-0.3753044	0.5716392	1.087694
111	17	1.135789	0.1896631	0.4199218
111	18	1.135789	0.1896631	0.4199218
111	19	1.135789	0.1896631	0.4199218
111	20	1.135789	0.1896631	0.4199218
111	21	1.135789	0.1896631	0.4199218
111	22	1.135789	0.1896631	0.4199218
111	23	1.135789	0.1896631	0.4199218
111	24	1.135789	0.1896631	0.4199218
111	25	1.135789	0.1896631	0.4199218
111	26	1.135789	0.1896631	0.4199218
111	27	-0.04343531	0.5709236	0.1168143
112	1	1.135789	0.1896631	0.4199218
112	2	1.135789	0.1896631	0.4199218
112	3	1.135789	0.1896631	0.4199218
112	4	1.135789	0.1896631	0.4199218
112	5	1.135789	0.1896631	0.4199218
112	6	1.135789	0.1896631	0.4199218
112	7	1.135789	0.1896631	0.4199218
112	8	1.135789	0.1896631	0.4199218
112	9	1.135789	0.1896631	0.4199218
112	10	1.135789	0.1896631	0.4199218
112	11	1.135789	0.1896631	0.4199218
112	12	1.135789	0.1896631	0.4199218
112	13	1.135789	0.1896631	0.4199218
112	14	1.135789	0.1896631	0.4199218
112	15	1.135789	0.1896631	0.4199218
112	16	-0.3753044	0.5716392	1.087694
112	17	1.135789	0.1896631	0.4199218
112	18	1.135789	0.1896631	0.4199218
112	19	1.135789	0.1896631	0.4199218
112	20	1.135789	0.1896631	0.4199218
112	21	1.135789	0.1896631	0.4199218
112	22	1.135789	0.1896631	0.4199218
112	23	1.135789	0.1896631	0.4199218
112	24	1.135789	0.1896631	0.4199218
112	25	1.135789	0.1896631	0.4199218
112	26	1.135789	0.1896631	0.4199218
112	27	-0.04343531	0.5709236	0.1168143
113	1	1.135789	0.1896631	0.4199218
113	2	1.135789	0.1896631	0.4199218
113	3	1.135789	0.1896631	0.4199218
113	4	1.135789	0.1896631	0.4199218
113	5	1.135789	0.1896631	0.4199218
113	6	1.135789	0.1896631	0.4199218
113	7	1.135789	0.1896631	0.4199218
113	8	1.135789	0.1896631	0.4199218
113	9	1.135789	0.1896631	0.4199218
113	10	1.135789	0.1896631	0.4199218
113	11	1.135789	0.1896631	0.4199218
113	12	1.135789	0.1896631	0.4199218
113	13	1.135789	0.1896631	0.4199218
113	14	1.135789	0.1896631	0.4199218
113	15	1.135789	0.1896631	0.4199218
113	16	-0.3753044	0.5716392	1.087694
113	17	1.135789	0.1896631	0.4199218
113	18	1.135789	0.1896631	0.4199218
113	19	1.135789	0.1896631	0.4199218
113	20	1.135789	0.1896631	0.4199218
113	21	1.135789	0.1896631	0.4199218
113	22	1.135789	0.1896631	0.4199218
113	23	1.135789	0.1896631	0.4199218
113	24	1.135789	0.1896631	0.4199218
113	25	1.135789	0.1896631	0.4199218
113	26	1.135789	0.1896631	0.4199218
113	27	-0.04343531	0.5709236	0.1168143
114	1	1.135789	0.1896631	0.4199218
114	2	1.135789	0.1896631	0.4199218
114	3	1.135789	0.1896631	0.4199218
114	4	1.135789	0.1896631	0.4199218
114	5	1.135789	0.1896631	0.4199218
114	6	1.135789	0.1896631	0.4199218
114	7	1.135789	0.1896631	0.4199218
114	8	1.135789	0.1896631	0.4199218
114	9	1.135789	0.1896631	0.4199218
114	10	1.135789	0.1896631	0.4199218
114	11	1.135789	0.1896631	0.4199218
114	12	1.135789	0.1896631	0.4199218
114	13	1.135789	0.1896631	0.4199218
114	14	1.135789	0.1896631	0.4199218
114	15	1.135789	0.1896631	0.4199218
114	16	-0.3753044	0.5716392	1.087694
114	17	1.135789	0.1896631	0.4199218
114	18	1.135789	0.1896631	0.4199218
114	19	1.135789	0.1896631	0.4199218
114	20	1.135789	0.1896631	0.4199218
114	21	1.135789	0.1896631	0.4199218
114	22	1.135789	0.1896631	0.4199218
114	23	1.135789	0.1896631	0.4199218
114	24	1.135789	0.1896631	0.4199218
114	25	1.135789	0.1896631	0.4199218
114	26	1.135789	0.1896631	0.4199218
114	27	-0.04343531	0.5709236	0.1168143
115	1	1.14073	0.1891532	0.4104156
115	2	1.14073	0.1891532	0.4104156
115	3	1.14073	0.1891532	0.4104156
115	4	1.14073	0.1891532	0.4104156
115	5	1.14073	0.1891532	0.4104156
115	6	1.14073	0.1891532	0.4104156
115	7	1.14073	0.1891532	0.4104156
115	8	1.14073	0.1891532	0.4104156
115	9	1.14073	0.1891532	0.4104156
115	10	1.14073	0.1891532	0.4104156
115	11	1.14073	0.1891532	0.4104156
115	12	1.14073	0.1891532	0.4104156
115	13	1.14073	0.1891532	0.4104156
115	14	1.14073	0.1891532	0.4104156
115	15	1.14073	0.1891532	0.4104156
115	16	-0.3755054	0.5700302	1.104231
115	17	1.14073	0.1891532	0.4104156
115	18	1.14073	0.1891532	0.4104156
115	19	1.14073	0.1891532	0.4104156
115	20	1.14073	0.1891532	0.4104156
115	21	1.14073	0.1891532	0.4104156
115	22	1.14073	0.1891532	0.4104156
115	23	1.14073	0.1891532	0.4104156
115	25	1.14073	0.1891532	0.4104156
115	26	1.14073	0.1891532	0.4104156
115	27	-0.04990305	0.5722731	0.1225007
116	1	1.14073	0.1891532	0.4104156
116	2	1.14073	0.1891532	0.4104156
116	3	1.14073	0.1891532	0.4104156
116	4	1.14073	0.1891532	0.4104156
116	5	1.14073	0.1891532	0.4104156
116	6	1.14073	0.1891532	0.4104156
116	7	1.14073	0.1891532	0.4104156
116	8	1.14073	0.1891532	0.4104156
116	9	1.14073	0.1891532	0.4104156
116	10	1.14073	0.1891532	0.4104156
116	11	1.14073	0.1891532	0.4104156
116	12	1.14073	0.1891532	0.4104156
116	13	1.14073	0.1891532	0.4104156
116	14	1.14073	0.1891532	0.4104156
116	15	1.14073	0.1891532	0.4104156
116	16	-0.3755054	0.5700302	1.104231
116	17	1.14073	0.1891532	0.4104156
116	18	1.14073	0.1891532	0.4104156
116	19	1.14073	0.1891532	0.4104156
116	20	1.14073	0.1891532	0.4104156
116	21	1.14073	0.1891532	0.4104156
116	22	1.14073	0.1891532	0.4104156
116	23	1.14073	0.1891532	0.4104156
116	25	1.14073	0.1891532	0.4104156
116	26	1.14073	0.1891532	0.4104156
116	27	-0.04990305	0.5722731	0.1225007
117	3	0.9433973	0.2171888	0.7141068
117	4	0.9433973	0.2171888	0.7141068
117	6	0.9433973	0.2171888	0.7141068
117	16	-0.03581520	0.5634631	0.1682890
117	25	0.9433973	0.2171888	0.7141068
118	1	0.9695102	0.213321	0.675484
118	2	0.9695102	0.213321	0.675484
118	3	0.06949189	0.5401064	0.08941756
118	4	0.06949189	0.5401064	0.08941756
118	5	0.9695102	0.213321	0.675484
118	6	0.06949189	0.5401064	0.08941756
118	7	0.9695102	0.213321	0.675484
118	8	0.9695102	0.213321	0.675484
118	9	0.9695102	0.213321	0.675484
118	10	0.9695102	0.213321	0.675484
118	12	0.9695102	0.213321	0.675484
118	13	0.9695102	0.213321	0.675484
118	14	0.9695102	0.213321	0.675484
118	15	1.095168	0.179039	0.6449071
118	16	-0.3482828	0.5836158	0.8893829
118	18	0.9695102	0.213321	0.675484
118	20	0.9695102	0.213321	0.675484
118	21	0.9695102	0.213321	0.675484
118	23	0.9695102	0.213321	0.675484
123	1	1.013014	0.2050111	0.6296313
123	2	1.013014	0.2050111	0.6296313
123	3	1.013014	0.2050111	0.6296313
123	4	1.013014	0.2050111	0.6296313
123	5	1.013014	0.2050111	0.6296313
123	6	1.013014	0.2050111	0.6296313
123	8	1.013014	0.2050111	0.6296313
123	9	1.013014	0.2050111	0.6296313
123	10	1.013014	0.2050111	0.6296313
123	11	0.003903015	0.5573326	0.1119951
123	12	1.013014	0.2050111	0.6296313
123	13	1.013014	0.2050111	0.6296313
123	14	1.013014	0.2050111	0.6296313
123	15	1.013014	0.2050111	0.6296313
123	16	1.013014	0.2050111	0.6296313
123	17	0.01120468	0.5562474	0.1012323
123	18	1.013014	0.2050111	0.6296313
123	19	1.013014	0.2050111	0.6296313
123	20	1.013014	0.2050111	0.6296313
123	21	1.013014	0.2050111	0.6296313
123	22	1.115253	0.2222908	0.1571149
123	23	1.013014	0.2050111	0.6296313
123	24	-0.3742341	0.5774178	1.027276
123	25	1.013014	0.2050111	0.6296313
123	26	-0.004613139	0.5586265	0.1242696
124	1	1.068851	0.1995747	0.5189588
124	2	1.068852	0.1995747	0.5189585
124	3	1.068851	0.1995747	0.5189588
124	4	1.068851	0.1995747	0.5189588
124	5	1.068851	0.1995747	0.5189588
124	6	1.068851	0.1995747	0.5189588
124	7	-0.1269984	0.5775616	0.2972830
124	8	1.068851	0.1995747	0.5189588
124	9	1.068851	0.1995747	0.5189588
124	10	1.068851	0.1995747	0.5189588
124	11	1.068851	0.1995747	0.5189588
124	12	1.068851	0.1995747	0.5189588
124	13	1.068851	0.1995747	0.5189588
124	14	1.068851	0.1995747	0.5189588
124	15	1.068851	0.1995747	0.5189588
124	16	1.068851	0.1995747	0.5189588
124	17	1.068851	0.1995747	0.5189588
124	18	1.068851	0.1995747	0.5189588
124	19	1.068851	0.1995747	0.5189588
124	20	1.068851	0.1995747	0.5189588
124	21	1.068851	0.1995747	0.5189588
124	22	1.068851	0.1995747	0.5189588
124	23	1.068851	0.1995747	0.5189588
124	24	1.068851	0.1995747	0.5189588
124	25	1.068851	0.1995747	0.5189588
124	26	1.068851	0.1995747	0.5189588
125	1	1.120904	0.1941041	0.4197782
125	2	1.120904	0.1941041	0.4197782
125	3	1.120904	0.1941041	0.4197782
125	4	1.120904	0.1941041	0.4197782
125	5	1.120904	0.1941041	0.4197782
125	6	1.120904	0.1941041	0.4197782
125	7	1.120904	0.1941041	0.4197782
125	8	1.120904	0.1941041	0.4197782
125	9	1.120904	0.1941041	0.4197782
125	10	1.120904	0.1941041	0.4197782
125	11	1.120904	0.1941041	0.4197782
125	12	1.120904	0.1941041	0.4197782
125	13	1.120904	0.1941041	0.4197782
125	14	1.120904	0.1941041	0.4197782
125	15	1.120904	0.1941041	0.4197782
125	16	1.120904	0.1941041	0.4197782
125	17	1.120904	0.1941041	0.4197782
125	18	1.120904	0.1941041	0.4197782
125	19	1.120904	0.1941041	0.4197782
125	20	1.120904	0.1941041	0.4197782
125	21	1.120904	0.1941041	0.4197782
125	22	1.120904	0.1941041	0.4197782
125	23	1.120904	0.1941041	0.4197782
125	24	1.120904	0.1941041	0.4197782
125	25	1.120904	0.1941041	0.4197782
125	26	1.120904	0.1941041	0.4197782
126	1	1.120904	0.1941041	0.4197782
126	2	1.120904	0.1941041	0.4197782
126	3	1.120904	0.1941041	0.4197782
126	4	1.120904	0.1941041	0.4197782
126	5	1.120904	0.1941041	0.4197782
126	6	1.120904	0.1941041	0.4197782
126	7	1.120904	0.1941041	0.4197782
126	8	1.120904	0.1941041	0.4197782
126	9	1.120904	0.1941041	0.4197782
126	10	1.120904	0.1941041	0.4197782
126	11	1.120904	0.1941041	0.4197782
126	12	1.120904	0.1941041	0.4197782
126	13	1.120904	0.1941041	0.4197782
126	14	1.120904	0.1941041	0.4197782
126	15	1.120904	0.1941041	0.4197782
126	16	1.120904	0.1941041	0.4197782
126	17	1.120904	0.1941041	0.4197782
126	18	1.120904	0.1941041	0.4197782
126	19	1.120904	0.1941041	0.4197782
126	20	1.120904	0.1941041	0.4197782
126	21	1.120904	0.1941041	0.4197782
126	22	1.120904	0.1941041	0.4197782
126	23	1.120904	0.1941041	0.4197782
126	24	1.120904	0.1941041	0.4197782
126	25	1.120904	0.1941041	0.4197782
126	26	1.120904	0.1941041	0.4197782
127	1	1.120904	0.1941041	0.4197782
127	2	1.120904	0.1941041	0.4197782
127	3	1.120904	0.1941041	0.4197782
127	4	1.120904	0.1941041	0.4197782
127	5	1.120904	0.1941041	0.4197782
127	6	1.120904	0.1941041	0.4197782
127	7	1.120904	0.1941041	0.4197782
127	8	1.120904	0.1941041	0.4197782
127	9	1.120904	0.1941041	0.4197782
127	10	1.120904	0.1941041	0.4197782
127	11	1.120904	0.1941041	0.4197782
127	12	1.120904	0.1941041	0.4197782
127	13	1.120904	0.1941041	0.4197782
127	14	1.120904	0.1941041	0.4197782
127	15	1.120904	0.1941041	0.4197782
127	16	1.120904	0.1941041	0.4197782
127	17	1.120904	0.1941041	0.4197782
127	18	1.120904	0.1941041	0.4197782
127	19	1.120904	0.1941041	0.4197782
127	20	1.120904	0.1941041	0.4197782
127	21	1.120904	0.1941041	0.4197782
127	22	1.120904	0.1941041	0.4197782
127	23	1.120904	0.1941041	0.4197782
127	24	1.120904	0.1941041	0.4197782
127	25	1.120904	0.1941041	0.4197782
127	26	1.120904	0.1941041	0.4197782
128	1	1.120904	0.1941041	0.4197782
128	2	1.120904	0.1941041	0.4197782
128	3	1.120904	0.1941041	0.4197782
128	4	1.120904	0.1941041	0.4197782
128	5	1.120904	0.1941041	0.4197782
128	6	1.120904	0.1941041	0.4197782
128	7	1.120904	0.1941041	0.4197782
128	8	1.120904	0.1941041	0.4197782
128	9	1.120904	0.1941041	0.4197782
128	10	1.120904	0.1941041	0.4197782
128	11	1.120904	0.1941041	0.4197782
128	12	1.120904	0.1941041	0.4197782
128	13	1.120904	0.1941041	0.4197782
128	14	1.120904	0.1941041	0.4197782
128	15	1.120904	0.1941041	0.4197782
128	16	1.120904	0.1941041	0.4197782
128	17	1.120904	0.1941041	0.4197782
128	18	1.120904	0.1941041	0.4197782
128	19	1.120904	0.1941041	0.4197782
128	20	1.120904	0.1941041	0.4197782
128	21	1.120904	0.1941041	0.4197782
128	22	1.120904	0.1941041	0.4197782
128	23	1.120904	0.1941041	0.4197782
128	24	1.120904	0.1941041	0.4197782
128	25	1.120904	0.1941041	0.4197782
128	26	1.120904	0.1941041	0.4197782
129	1	1.120904	0.1941041	0.4197782
129	2	1.120904	0.1941041	0.4197782
129	3	1.120904	0.1941041	0.4197782
129	4	1.120904	0.1941041	0.4197782
129	5	1.120904	0.1941041	0.4197782
129	6	1.120904	0.1941041	0.4197782
129	7	1.120904	0.1941041	0.4197782
129	8	1.120904	0.1941041	0.4197782
129	9	1.120904	0.1941041	0.4197782
129	10	1.120904	0.1941041	0.4197782
129	11	1.120904	0.1941041	0.4197782
129	12	1.120904	0.1941041	0.4197782
129	13	1.120904	0.1941041	0.4197782
129	14	1.120904	0.1941041	0.4197782
129	15	1.120904	0.1941041	0.4197782
129	16	1.120904	0.1941041	0.4197782
129	17	1.120904	0.1941041	0.4197782
129	18	1.120904	0.1941041	0.4197782
129	19	1.120904	0.1941041	0.4197782
129	20	1.120904	0.1941041	0.4197782
129	21	1.120904	0.1941041	0.4197782
129	22	1.120904	0.1941041	0.4197782
129	23	1.120904	0.1941041	0.4197782
129	24	1.120904	0.1941041	0.4197782
129	25	1.120904	0.1941041	0.4197782
129	26	1.120904	0.1941041	0.4197782
130	1	1.120904	0.1941041	0.4197782
130	2	1.120904	0.1941041	0.4197782
130	3	1.120904	0.1941041	0.4197782
130	4	1.120904	0.1941041	0.4197782
130	5	1.120904	0.1941041	0.4197782
130	6	1.120904	0.1941041	0.4197782
130	7	1.120904	0.1941041	0.4197782
130	8	1.120904	0.1941041	0.4197782
130	9	1.120904	0.1941041	0.4197782
130	10	1.120904	0.1941041	0.4197782
130	11	1.120904	0.1941041	0.4197782
130	12	1.120904	0.1941041	0.4197782
130	13	1.120904	0.1941041	0.4197782
130	14	1.120904	0.1941041	0.4197782
130	15	1.120904	0.1941041	0.4197782
130	16	1.120904	0.1941041	0.4197782
130	17	1.120904	0.1941041	0.4197782
130	18	1.120904	0.1941041	0.4197782
130	19	1.120904	0.1941041	0.4197782
130	20	1.120904	0.1941041	0.4197782
130	21	1.120904	0.1941041	0.4197782
130	22	1.120904	0.1941041	0.4197782
130	23	1.120904	0.1941041	0.4197782
130	24	1.120904	0.1941041	0.4197782
130	25	1.120904	0.1941041	0.4197782
130	26	1.120904	0.1941041	0.4197782
131	1	1.120904	0.1941041	0.4197782
131	2	1.120904	0.1941041	0.4197782
131	3	1.120904	0.1941041	0.4197782
131	4	1.120904	0.1941041	0.4197782
131	5	1.120904	0.1941041	0.4197782
131	6	1.120904	0.1941041	0.4197782
131	7	1.120904	0.1941041	0.4197782
131	8	1.120904	0.1941041	0.4197782
131	9	1.120904	0.1941041	0.4197782
131	10	1.120904	0.1941041	0.4197782
131	11	1.120904	0.1941041	0.4197782
131	12	1.120904	0.1941041	0.4197782
131	13	1.120904	0.1941041	0.4197782
131	14	1.120904	0.1941041	0.4197782
131	15	1.120904	0.1941041	0.4197782
131	16	1.120904	0.1941041	0.4197782
131	17	1.120904	0.1941041	0.4197782
131	18	1.120904	0.1941041	0.4197782
131	19	1.120904	0.1941041	0.4197782
131	20	1.120904	0.1941041	0.4197782
131	21	1.120904	0.1941041	0.4197782
131	22	1.120904	0.1941041	0.4197782
131	23	1.120904	0.1941041	0.4197782
131	24	1.120904	0.1941041	0.4197782
131	25	1.120904	0.1941041	0.4197782
131	26	1.120904	0.1941041	0.4197782
132	1	1.120904	0.1941041	0.4197782
132	2	1.120904	0.1941041	0.4197782
132	3	1.120904	0.1941041	0.4197782
132	4	1.120904	0.1941041	0.4197782
132	5	1.120904	0.1941041	0.4197782
132	6	1.120904	0.1941041	0.4197782
132	7	1.120904	0.1941041	0.4197782
132	8	1.120904	0.1941041	0.4197782
132	9	1.120904	0.1941041	0.4197782
132	10	1.120904	0.1941041	0.4197782
132	11	1.120904	0.1941041	0.4197782
132	12	1.120904	0.1941041	0.4197782
132	13	1.120904	0.1941041	0.4197782
132	14	1.120904	0.1941041	0.4197782
132	15	1.120904	0.1941041	0.4197782
132	16	1.120904	0.1941041	0.4197782
132	17	1.120904	0.1941041	0.4197782
132	18	1.120904	0.1941041	0.4197782
132	19	1.120904	0.1941041	0.4197782
132	20	1.120904	0.1941041	0.4197782
132	21	1.120904	0.1941041	0.4197782
132	22	1.120904	0.1941041	0.4197782
132	23	1.120904	0.1941041	0.4197782
132	24	1.120904	0.1941041	0.4197782
132	25	1.120904	0.1941041	0.4197782
132	26	1.120904	0.1941041	0.4197782
132	27	1.120904	0.1941041	0.4197782
133	1	1.120904	0.1941041	0.4197782
133	2	1.120904	0.1941041	0.4197782
133	3	1.120904	0.1941041	0.4197782
133	4	1.120904	0.1941041	0.4197782
133	5	1.120904	0.1941041	0.4197782
133	6	1.120904	0.1941041	0.4197782
133	7	1.120904	0.1941041	0.4197782
133	8	1.120904	0.1941041	0.4197782
133	9	1.120904	0.1941041	0.4197782
133	10	1.120904	0.1941041	0.4197782
133	11	1.120904	0.1941041	0.4197782
133	12	1.120904	0.1941041	0.4197782
133	13	1.120904	0.1941041	0.4197782
133	14	1.120904	0.1941041	0.4197782
133	15	1.120904	0.1941041	0.4197782
133	16	1.120904	0.1941041	0.4197782
133	17	1.120904	0.1941041	0.4197782
133	18	1.120904	0.1941041	0.4197782
133	19	1.120904	0.1941041	0.4197782
133	20	1.120904	0.1941041	0.4197782
133	21	1.120904	0.1941041	0.4197782
133	22	1.120904	0.1941041	0.4197782
133	23	1.120904	0.1941041	0.4197782
133	24	1.120904	0.1941041	0.4197782
133	25	1.120904	0.1941041	0.4197782
133	26	1.120904	0.1941041	0.4197782
133	27	1.120904	0.1941041	0.4197782
134	1	1.120904	0.1941041	0.4197782
134	2	1.120904	0.1941041	0.4197782
134	3	1.120904	0.1941041	0.4197782
134	4	1.120904	0.1941041	0.4197782
134	5	1.120904	0.1941041	0.4197782
134	6	1.120904	0.1941041	0.4197782
134	7	1.120904	0.1941041	0.4197782
134	8	1.120904	0.1941041	0.4197782
134	9	1.120904	0.1941041	0.4197782
134	10	1.120904	0.1941041	0.4197782
134	11	1.120904	0.1941041	0.4197782
134	12	1.120904	0.1941041	0.4197782
134	13	1.120904	0.1941041	0.4197782
134	14	1.120904	0.1941041	0.4197782
134	15	1.120904	0.1941041	0.4197782
134	16	1.120904	0.1941041	0.4197782
134	17	1.120904	0.1941041	0.4197782
134	18	1.120904	0.1941041	0.4197782
134	19	1.120904	0.1941041	0.4197782
134	20	1.120904	0.1941041	0.4197782
134	21	1.120904	0.1941041	0.4197782
134	22	1.120904	0.1941041	0.4197782
134	23	1.120904	0.1941041	0.4197782
134	24	1.120904	0.1941041	0.4197782
134	25	1.120904	0.1941041	0.4197782
134	26	1.120904	0.1941041	0.4197782
134	27	1.120904	0.1941041	0.4197782
135	1	1.120904	0.1941041	0.4197782
135	2	1.120904	0.1941041	0.4197782
135	3	1.120904	0.1941041	0.4197782
135	4	1.120904	0.1941041	0.4197782
135	5	1.120904	0.1941041	0.4197782
135	6	1.120904	0.1941041	0.4197782
135	7	1.120904	0.1941041	0.4197782
135	8	1.120904	0.1941041	0.4197782
135	9	1.120904	0.1941041	0.4197782
135	10	1.120904	0.1941041	0.4197782
135	11	1.120904	0.1941041	0.4197782
135	12	1.120904	0.1941041	0.4197782
135	13	1.120904	0.1941041	0.4197782
135	14	1.120904	0.1941041	0.4197782
135	15	1.120904	0.1941041	0.4197782
135	16	1.120904	0.1941041	0.4197782
135	17	1.120904	0.1941041	0.4197782
135	18	1.120904	0.1941041	0.4197782
135	19	1.120904	0.1941041	0.4197782
135	20	1.120904	0.1941041	0.4197782
135	21	1.120904	0.1941041	0.4197782
135	22	1.120904	0.1941041	0.4197782
135	23	1.120904	0.1941041	0.4197782
135	24	1.120904	0.1941041	0.4197782
135	25	1.120904	0.1941041	0.4197782
135	26	1.120904	0.1941041	0.4197782
135	27	1.120904	0.1941041	0.4197782
136	1	1.120904	0.1941041	0.4197782
136	2	1.120904	0.1941041	0.4197782
136	3	1.120904	0.1941041	0.4197782
136	4	1.120904	0.1941041	0.4197782
136	5	1.120904	0.1941041	0.4197782
136	6	1.120904	0.1941041	0.4197782
136	7	1.120904	0.1941041	0.4197782
136	8	1.120904	0.1941041	0.4197782
136	9	1.120904	0.1941041	0.4197782
136	10	1.120904	0.1941041	0.4197782
136	11	1.120904	0.1941041	0.4197782
136	12	1.120904	0.1941041	0.4197782
136	13	1.120904	0.1941041	0.4197782
136	14	1.120904	0.1941041	0.4197782
136	15	1.120904	0.1941041	0.4197782
136	16	1.120904	0.1941041	0.4197782
136	17	1.120904	0.1941041	0.4197782
136	18	1.120904	0.1941041	0.4197782
136	19	1.120904	0.1941041	0.4197782
136	20	1.120904	0.1941041	0.4197782
136	21	1.120904	0.1941041	0.4197782
136	22	1.120904	0.1941041	0.4197782
136	23	1.120904	0.1941041	0.4197782
136	24	1.120904	0.1941041	0.4197782
136	25	1.120904	0.1941041	0.4197782
136	26	1.120904	0.1941041	0.4197782
136	27	1.120904	0.1941041	0.4197782
137	1	1.120904	0.1941041	0.4197782
137	2	1.120904	0.1941041	0.4197782
137	3	1.120904	0.1941041	0.4197782
137	4	1.120904	0.1941041	0.4197782
137	5	1.120904	0.1941041	0.4197782
137	6	1.120904	0.1941041	0.4197782
137	7	1.120904	0.1941041	0.4197782
137	8	1.120904	0.1941041	0.4197782
137	9	1.120904	0.1941041	0.4197782
137	10	1.120904	0.1941041	0.4197782
137	11	1.120904	0.1941041	0.4197782
137	12	1.120904	0.1941041	0.4197782
137	13	1.120904	0.1941041	0.4197782
137	14	1.120904	0.1941041	0.4197782
137	15	1.120904	0.1941041	0.4197782
137	16	1.120904	0.1941041	0.4197782
137	17	1.120904	0.1941041	0.4197782
137	18	1.120904	0.1941041	0.4197782
137	19	1.120904	0.1941041	0.4197782
137	20	1.120904	0.1941041	0.4197782
137	21	1.120904	0.1941041	0.4197782
137	22	1.120904	0.1941041	0.4197782
137	23	1.120904	0.1941041	0.4197782
137	24	1.120904	0.1941041	0.4197782
137	25	1.120904	0.1941041	0.4197782
137	26	1.120904	0.1941041	0.4197782
137	27	1.120904	0.1941041	0.4197782
138	1	1.120904	0.1941041	0.4197782
138	2	1.120904	0.1941041	0.4197782
138	3	1.120904	0.1941041	0.4197782
138	4	1.120904	0.1941041	0.4197782
138	5	1.120904	0.1941041	0.4197782
138	6	1.120904	0.1941041	0.4197782
138	7	1.120904	0.1941041	0.4197782
138	8	1.120904	0.1941041	0.4197782
138	9	1.120904	0.1941041	0.4197782
138	10	1.120904	0.1941041	0.4197782
138	11	1.120904	0.1941041	0.4197782
138	12	1.120904	0.1941041	0.4197782
138	13	1.120904	0.1941041	0.4197782
138	14	1.120904	0.1941041	0.4197782
138	15	1.120904	0.1941041	0.4197782
138	16	1.120904	0.1941041	0.4197782
138	17	1.120904	0.1941041	0.4197782
138	18	1.120904	0.1941041	0.4197782
138	19	1.120904	0.1941041	0.4197782
138	20	1.120904	0.1941041	0.4197782
138	21	1.120904	0.1941041	0.4197782
138	22	1.120904	0.1941041	0.4197782
138	23	1.120904	0.1941041	0.4197782
138	24	1.120904	0.1941041	0.4197782
138	25	1.120904	0.1941041	0.4197782
138	26	1.120904	0.1941041	0.4197782
138	27	1.120904	0.1941041	0.4197782
139	1	1.120904	0.1941041	0.4197782
139	2	1.120904	0.1941041	0.4197782
139	3	1.120904	0.1941041	0.4197782
139	4	1.120904	0.1941041	0.4197782
139	5	1.120904	0.1941041	0.4197782
139	6	1.120904	0.1941041	0.4197782
139	7	1.120904	0.1941041	0.4197782
139	8	1.120904	0.1941041	0.4197782
139	9	1.120904	0.1941041	0.4197782
139	10	1.120904	0.1941041	0.4197782
139	11	1.120904	0.1941041	0.4197782
139	12	1.120904	0.1941041	0.4197782
139	13	1.120904	0.1941041	0.4197782
139	14	1.120904	0.1941041	0.4197782
139	15	1.120904	0.1941041	0.4197782
139	16	1.120904	0.1941041	0.4197782
139	17	1.120904	0.1941041	0.4197782
139	18	1.120904	0.1941041	0.4197782
139	19	1.120904	0.1941041	0.4197782
139	20	1.120904	0.1941041	0.4197782
139	21	1.120904	0.1941041	0.4197782
139	22	1.120904	0.1941041	0.4197782
139	23	1.120904	0.1941041	0.4197782
139	24	1.120904	0.1941041	0.4197782
139	25	1.120904	0.1941041	0.4197782
139	26	1.120904	0.1941041	0.4197782
139	27	1.120904	0.1941041	0.4197782
140	1	1.120904	0.1941041	0.4197782
140	2	1.120904	0.1941041	0.4197782
140	3	1.120904	0.1941041	0.4197782
140	4	1.120904	0.1941041	0.4197782
140	5	1.120904	0.1941041	0.4197782
140	6	1.120904	0.1941041	0.4197782
140	7	1.120904	0.1941041	0.4197782
140	8	1.120904	0.1941041	0.4197782
140	9	1.120904	0.1941041	0.4197782
140	10	1.120904	0.1941041	0.4197782
140	11	1.120904	0.1941041	0.4197782
140	12	1.120904	0.1941041	0.4197782
140	13	1.120904	0.1941041	0.4197782
140	14	1.120904	0.1941041	0.4197782
140	15	1.120904	0.1941041	0.4197782
140	16	1.120904	0.1941041	0.4197782
140	17	1.120904	0.1941041	0.4197782
140	18	1.120904	0.1941041	0.4197782
140	19	1.120904	0.1941041	0.4197782
140	20	1.120904	0.1941041	0.4197782
140	21	1.120904	0.1941041	0.4197782
140	22	1.120904	0.1941041	0.4197782
140	23	1.120904	0.1941041	0.4197782
140	24	1.120904	0.1941041	0.4197782
140	25	1.120904	0.1941041	0.4197782
140	26	1.120904	0.1941041	0.4197782
140	27	1.120904	0.1941041	0.4197782
