1	1	-0.1113036	0.5627315	0.3979925
1	2	-0.1113036	0.5627315	0.3979925
1	3	-0.1113036	0.5627315	0.3979925
1	4	-0.1113036	0.5627315	0.3979925
1	5	-0.1113036	0.5627315	0.3979925
1	6	-0.1113036	0.5627315	0.3979925
1	7	-0.1113036	0.5627315	0.3979925
1	8	-0.1113036	0.5627315	0.3979925
1	9	-0.1113036	0.5627315	0.3979925
1	11	-0.1113036	0.5627315	0.3979925
1	12	-0.1113036	0.5627315	0.3979925
1	13	-0.1113036	0.5627315	0.3979925
1	14	-0.1113036	0.5627315	0.3979925
1	16	-0.1113036	0.5627315	0.3979925
1	17	-0.1113036	0.5627315	0.3979925
1	18	-0.1113036	0.5627315	0.3979925
1	19	-0.1113036	0.5627315	0.3979925
1	20	-0.1113036	0.5627315	0.3979925
1	21	-0.1113036	0.5627315	0.3979925
1	22	-0.1113036	0.5627315	0.3979925
1	23	-0.1113036	0.5627315	0.3979925
1	24	-0.1113036	0.5627315	0.3979925
1	25	-0.1113036	0.5627315	0.3979925
1	26	-0.1113036	0.5627315	0.3979925
1	27	-0.1113036	0.5627315	0.3979925
1	28	-0.1113036	0.5627315	0.3979925
1	29	1.126538	0.1919900	0.4241272
1	30	1.126538	0.1919900	0.4241272
1	31	1.126538	0.1919900	0.4241272
1	32	1.126538	0.1919900	0.4241272
1	33	1.126538	0.1919900	0.4241272
1	34	1.126538	0.1919900	0.4241272
1	35	1.210976	0.1673713	0.4192597
1	36	1.126538	0.1919900	0.4241272
1	37	1.126538	0.1919900	0.4241272
2	1	-0.1171468	0.5643698	0.3989761
2	2	-0.1171468	0.5643698	0.3989761
2	3	-0.1171468	0.5643698	0.3989761
2	4	-0.1171468	0.5643698	0.3989761
2	5	-0.1171468	0.5643698	0.3989761
2	6	-0.1171468	0.5643698	0.3989761
2	7	-0.1171468	0.5643698	0.3989761
2	8	-0.1171468	0.5643698	0.3989761
2	9	-0.1171468	0.5643698	0.3989761
2	11	-0.1171468	0.5643698	0.3989761
2	12	-0.1171468	0.5643698	0.3989761
2	13	-0.1171468	0.5643698	0.3989761
2	14	-0.1171468	0.5643698	0.3989761
2	16	-0.1171468	0.5643698	0.3989761
2	17	-0.1171468	0.5643698	0.3989761
2	18	-0.1171468	0.5643698	0.3989761
2	19	-0.1171468	0.5643698	0.3989761
2	20	-0.1171468	0.5643698	0.3989761
2	21	-0.1171468	0.5643698	0.3989761
2	22	-0.1171468	0.5643698	0.3989761
2	23	-0.1171468	0.5643698	0.3989761
2	24	-0.1171468	0.5643698	0.3989761
2	25	-0.1171468	0.5643698	0.3989761
2	26	-0.1171468	0.5643698	0.3989761
2	27	-0.1171468	0.5643698	0.3989761
2	28	-0.1171468	0.5643698	0.3989761
2	29	1.158771	0.1828252	0.4199584
2	30	1.158771	0.1828252	0.4199584
2	31	1.158771	0.1828252	0.4199584
2	32	1.158771	0.1828252	0.4199584
2	33	1.158771	0.1828252	0.4199584
2	34	1.158771	0.1828252	0.4199584
2	35	1.241075	0.1582118	0.4213280
2	36	1.158771	0.1828252	0.4199584
2	37	1.158771	0.1828252	0.4199584
3	1	-0.1171468	0.5643698	0.3989761
3	2	-0.1171468	0.5643698	0.3989761
3	3	-0.1171468	0.5643698	0.3989761
3	4	-0.1171468	0.5643698	0.3989761
3	5	-0.1171468	0.5643698	0.3989761
3	6	-0.1171468	0.5643698	0.3989761
3	7	-0.1171468	0.5643698	0.3989761
3	8	-0.1171468	0.5643698	0.3989761
3	9	-0.1171468	0.5643698	0.3989761
3	11	-0.1171468	0.5643698	0.3989761
3	12	-0.1171468	0.5643698	0.3989761
3	13	-0.1171468	0.5643698	0.3989761
3	14	-0.1171468	0.5643698	0.3989761
3	16	-0.1171468	0.5643698	0.3989761
3	17	-0.1171468	0.5643698	0.3989761
3	18	-0.1171468	0.5643698	0.3989761
3	19	-0.1171468	0.5643698	0.3989761
3	20	-0.1171468	0.5643698	0.3989761
3	21	-0.1171468	0.5643698	0.3989761
3	22	-0.1171468	0.5643698	0.3989761
3	23	-0.1171468	0.5643698	0.3989761
3	24	-0.1171468	0.5643698	0.3989761
3	25	-0.1171468	0.5643698	0.3989761
3	26	-0.1171468	0.5643698	0.3989761
3	27	-0.1171468	0.5643698	0.3989761
3	28	-0.1171468	0.5643698	0.3989761
3	29	1.158771	0.1828252	0.4199584
3	30	1.158771	0.1828252	0.4199584
3	31	1.158771	0.1828252	0.4199584
3	32	1.158771	0.1828252	0.4199584
3	33	1.158771	0.1828252	0.4199584
3	34	1.158771	0.1828252	0.4199584
3	35	1.241075	0.1582118	0.4213280
3	36	1.158771	0.1828252	0.4199584
3	37	1.158771	0.1828252	0.4199584
4	1	-0.1171468	0.5643698	0.3989761
4	2	-0.1171468	0.5643698	0.3989761
4	3	-0.1171468	0.5643698	0.3989761
4	4	-0.1171468	0.5643698	0.3989761
4	5	-0.1171468	0.5643698	0.3989761
4	6	-0.1171468	0.5643698	0.3989761
4	7	-0.1171468	0.5643698	0.3989761
4	8	-0.1171468	0.5643698	0.3989761
4	9	-0.1171468	0.5643698	0.3989761
4	11	-0.1171468	0.5643698	0.3989761
4	12	-0.1171468	0.5643698	0.3989761
4	13	-0.1171468	0.5643698	0.3989761
4	14	-0.1171468	0.5643698	0.3989761
4	16	-0.1171468	0.5643698	0.3989761
4	17	-0.1171468	0.5643698	0.3989761
4	18	-0.1171468	0.5643698	0.3989761
4	19	-0.1171468	0.5643698	0.3989761
4	20	-0.1171468	0.5643698	0.3989761
4	21	-0.1171468	0.5643698	0.3989761
4	22	-0.1171468	0.5643698	0.3989761
4	23	-0.1171468	0.5643698	0.3989761
4	24	-0.1171468	0.5643698	0.3989761
4	25	-0.1171468	0.5643698	0.3989761
4	26	-0.1171468	0.5643698	0.3989761
4	27	-0.1171468	0.5643698	0.3989761
4	28	-0.1171468	0.5643698	0.3989761
4	29	1.158771	0.1828252	0.4199584
4	30	1.158771	0.1828252	0.4199584
4	31	1.158771	0.1828252	0.4199584
4	32	1.158771	0.1828252	0.4199584
4	33	1.158771	0.1828252	0.4199584
4	34	1.158771	0.1828252	0.4199584
4	35	1.241075	0.1582118	0.4213280
4	36	1.158771	0.1828252	0.4199584
4	37	1.158771	0.1828252	0.4199584
5	1	-0.1171468	0.5643698	0.3989761
5	2	-0.1171468	0.5643698	0.3989761
5	3	-0.1171468	0.5643698	0.3989761
5	4	-0.1171468	0.5643698	0.3989761
5	5	-0.1171468	0.5643698	0.3989761
5	6	-0.1171468	0.5643698	0.3989761
5	7	-0.1171468	0.5643698	0.3989761
5	8	-0.1171468	0.5643698	0.3989761
5	9	-0.1171468	0.5643698	0.3989761
5	11	-0.1171468	0.5643698	0.3989761
5	12	-0.1171468	0.5643698	0.3989761
5	13	-0.1171468	0.5643698	0.3989761
5	14	-0.1171468	0.5643698	0.3989761
5	16	-0.1171468	0.5643698	0.3989761
5	17	-0.1171468	0.5643698	0.3989761
5	18	-0.1171468	0.5643698	0.3989761
5	19	-0.1171468	0.5643698	0.3989761
5	20	-0.1171468	0.5643698	0.3989761
5	21	-0.1171468	0.5643698	0.3989761
5	22	-0.1171468	0.5643698	0.3989761
5	23	-0.1171468	0.5643698	0.3989761
5	24	-0.1171468	0.5643698	0.3989761
5	25	-0.1171468	0.5643698	0.3989761
5	26	-0.1171468	0.5643698	0.3989761
5	27	-0.1171468	0.5643698	0.3989761
5	28	-0.1171468	0.5643698	0.3989761
5	29	1.158771	0.1828252	0.4199584
5	30	1.158771	0.1828252	0.4199584
5	31	1.158771	0.1828252	0.4199584
5	32	1.158771	0.1828252	0.4199584
5	33	1.158771	0.1828252	0.4199584
5	34	1.158771	0.1828252	0.4199584
5	35	1.241075	0.1582118	0.4213280
5	36	1.158771	0.1828252	0.4199584
5	37	1.158771	0.1828252	0.4199584
6	1	-0.1171468	0.5643698	0.3989761
6	2	-0.1171468	0.5643698	0.3989761
6	3	-0.1171468	0.5643698	0.3989761
6	4	-0.1171468	0.5643698	0.3989761
6	5	-0.1171468	0.5643698	0.3989761
6	6	-0.1171468	0.5643698	0.3989761
6	7	-0.1171468	0.5643698	0.3989761
6	8	-0.1171468	0.5643698	0.3989761
6	9	-0.1171468	0.5643698	0.3989761
6	11	-0.1171468	0.5643698	0.3989761
6	12	-0.1171468	0.5643698	0.3989761
6	13	-0.1171468	0.5643698	0.3989761
6	14	-0.1171468	0.5643698	0.3989761
6	16	-0.1171468	0.5643698	0.3989761
6	17	-0.1171468	0.5643698	0.3989761
6	18	-0.1171468	0.5643698	0.3989761
6	19	-0.1171468	0.5643698	0.3989761
6	20	-0.1171468	0.5643698	0.3989761
6	21	-0.1171468	0.5643698	0.3989761
6	22	-0.1171468	0.5643698	0.3989761
6	23	-0.1171468	0.5643698	0.3989761
6	24	-0.1171468	0.5643698	0.3989761
6	25	-0.1171468	0.5643698	0.3989761
6	26	-0.1171468	0.5643698	0.3989761
6	27	-0.1171468	0.5643698	0.3989761
6	28	-0.1171468	0.5643698	0.3989761
6	29	1.158771	0.1828252	0.4199584
6	30	1.158771	0.1828252	0.4199584
6	31	1.158771	0.1828252	0.4199584
6	32	1.158771	0.1828252	0.4199584
6	33	1.158771	0.1828252	0.4199584
6	34	1.158771	0.1828252	0.4199584
6	35	1.241075	0.1582118	0.4213280
6	36	1.158771	0.1828252	0.4199584
6	37	1.158771	0.1828252	0.4199584
7	1	-0.1171468	0.5643698	0.3989761
7	2	-0.1171468	0.5643698	0.3989761
7	3	-0.1171468	0.5643698	0.3989761
7	4	-0.1171468	0.5643698	0.3989761
7	5	-0.1171468	0.5643698	0.3989761
7	6	-0.1171468	0.5643698	0.3989761
7	7	-0.1171468	0.5643698	0.3989761
7	8	-0.1171468	0.5643698	0.3989761
7	9	-0.1171468	0.5643698	0.3989761
7	11	-0.1171468	0.5643698	0.3989761
7	12	-0.1171468	0.5643698	0.3989761
7	13	-0.1171468	0.5643698	0.3989761
7	14	-0.1171468	0.5643698	0.3989761
7	16	-0.1171468	0.5643698	0.3989761
7	17	-0.1171468	0.5643698	0.3989761
7	18	-0.1171468	0.5643698	0.3989761
7	19	-0.1171468	0.5643698	0.3989761
7	20	-0.1171468	0.5643698	0.3989761
7	21	-0.1171468	0.5643698	0.3989761
7	22	-0.1171468	0.5643698	0.3989761
7	23	-0.1171468	0.5643698	0.3989761
7	24	-0.1171468	0.5643698	0.3989761
7	25	-0.1171468	0.5643698	0.3989761
7	26	-0.1171468	0.5643698	0.3989761
7	27	-0.1171468	0.5643698	0.3989761
7	28	-0.1171468	0.5643698	0.3989761
7	29	1.158771	0.1828252	0.4199584
7	30	1.158771	0.1828252	0.4199584
7	31	1.158771	0.1828252	0.4199584
7	32	1.158771	0.1828252	0.4199584
7	33	1.158771	0.1828252	0.4199584
7	34	1.158771	0.1828252	0.4199584
7	35	1.241075	0.1582118	0.4213280
7	36	1.158771	0.1828252	0.4199584
7	37	1.158771	0.1828252	0.4199584
8	1	-0.1256352	0.5668148	0.399762
8	2	-0.1256352	0.5668148	0.399762
8	3	-0.1256352	0.5668148	0.399762
8	4	-0.1256352	0.5668148	0.399762
8	5	-0.1256352	0.5668148	0.399762
8	6	-0.1256352	0.5668148	0.399762
8	7	-0.1256352	0.5668148	0.399762
8	8	-0.1256352	0.5668148	0.399762
8	9	-0.1256352	0.5668148	0.399762
8	11	-0.1256352	0.5668148	0.399762
8	12	-0.1256352	0.5668148	0.399762
8	13	-0.1256352	0.5668148	0.399762
8	14	-0.1256352	0.5668148	0.399762
8	16	-0.1256352	0.5668148	0.399762
8	17	-0.1256352	0.5668148	0.399762
8	18	-0.1256352	0.5668148	0.399762
8	19	-0.1256352	0.5668148	0.399762
8	20	-0.1256352	0.5668148	0.399762
8	21	-0.1256352	0.5668148	0.399762
8	22	-0.1256352	0.5668148	0.399762
8	23	-0.1256352	0.5668148	0.399762
8	24	-0.1256352	0.5668148	0.399762
8	25	-0.1256352	0.5668148	0.399762
8	26	-0.1256352	0.5668148	0.399762
8	27	-0.1256352	0.5668148	0.399762
8	28	-0.1256352	0.5668148	0.399762
8	29	1.211553	0.1671531	0.4197212
8	30	1.211553	0.1671531	0.4197212
8	31	1.211553	0.1671531	0.4197212
8	32	1.211553	0.1671531	0.4197212
8	33	1.211553	0.1671531	0.4197212
8	34	1.211553	0.1671531	0.4197212
8	35	1.238769	0.1589180	0.4211261
8	36	1.211553	0.1671531	0.4197212
8	37	1.211553	0.1671531	0.4197212
9	1	1.120904	0.1941041	0.4197782
9	2	1.120904	0.1941041	0.4197782
9	3	1.120904	0.1941041	0.4197782
9	4	1.120904	0.1941041	0.4197782
9	5	1.120904	0.1941041	0.4197782
9	6	1.120904	0.1941041	0.4197782
9	7	1.120904	0.1941041	0.4197782
9	8	1.120904	0.1941041	0.4197782
9	9	1.120904	0.1941041	0.4197782
9	11	1.120904	0.1941041	0.4197782
9	12	1.120904	0.1941041	0.4197782
9	13	1.120904	0.1941041	0.4197782
9	14	1.120904	0.1941041	0.4197782
9	16	1.120904	0.1941041	0.4197782
9	17	1.120904	0.1941041	0.4197782
9	18	1.120904	0.1941041	0.4197782
9	19	1.120904	0.1941041	0.4197782
9	20	1.120904	0.1941041	0.4197782
9	21	1.120904	0.1941041	0.4197782
9	22	1.120904	0.1941041	0.4197782
9	23	1.120904	0.1941041	0.4197782
9	24	1.120904	0.1941041	0.4197782
9	25	1.120904	0.1941041	0.4197782
9	26	1.120904	0.1941041	0.4197782
9	27	1.120904	0.1941041	0.4197782
9	28	1.120904	0.1941041	0.4197782
10	1	-0.1491918	0.573956	0.3984141
10	2	-0.1491919	0.573956	0.3984142
10	3	-0.1491918	0.573956	0.3984141
10	4	-0.1491918	0.573956	0.3984141
10	5	-0.1491918	0.573956	0.3984141
10	6	-0.1491918	0.573956	0.3984141
10	7	-0.1491918	0.573956	0.3984141
10	8	-0.1491918	0.573956	0.3984141
10	9	-0.1491918	0.573956	0.3984141
10	11	-0.1491918	0.573956	0.3984141
10	12	-0.1491918	0.573956	0.3984141
10	13	-0.1491918	0.573956	0.3984141
10	14	-0.1491918	0.573956	0.3984141
10	16	-0.1491918	0.573956	0.3984141
10	17	-0.1491918	0.573956	0.3984141
10	18	-0.1491918	0.573956	0.3984141
10	19	-0.1491918	0.573956	0.3984141
10	20	-0.1491918	0.573956	0.3984141
10	21	-0.1491918	0.573956	0.3984141
10	22	-0.1491918	0.573956	0.3984141
10	23	-0.1491918	0.573956	0.3984141
10	24	-0.1491918	0.573956	0.3984141
10	25	-0.1491918	0.573956	0.3984141
10	26	-0.1491918	0.573956	0.3984141
10	27	-0.1491918	0.573956	0.3984141
10	28	-0.1491918	0.573956	0.3984141
10	29	1.358362	0.1231307	0.4233354
10	30	1.358362	0.1231307	0.4233354
10	31	1.358362	0.1231307	0.4233354
10	32	1.358362	0.1231307	0.4233354
10	33	1.358362	0.1231307	0.4233354
10	34	1.358362	0.1231307	0.4233354
10	35	1.358362	0.1231307	0.4233354
10	36	1.358362	0.1231307	0.4233354
10	37	1.358362	0.1231307	0.4233354
11	1	-0.1491918	0.573956	0.3984141
11	2	-0.1491919	0.573956	0.3984142
11	3	-0.1491918	0.573956	0.3984141
11	4	-0.1491918	0.573956	0.3984141
11	5	-0.1491918	0.573956	0.3984141
11	6	-0.1491918	0.573956	0.3984141
11	7	-0.1491918	0.573956	0.3984141
11	8	-0.1491918	0.573956	0.3984141
11	9	-0.1491918	0.573956	0.3984141
11	11	-0.1491918	0.573956	0.3984141
11	12	-0.1491918	0.573956	0.3984141
11	13	-0.1491918	0.573956	0.3984141
11	14	-0.1491918	0.573956	0.3984141
11	16	-0.1491918	0.573956	0.3984141
11	17	-0.1491918	0.573956	0.3984141
11	18	-0.1491918	0.573956	0.3984141
11	19	-0.1491918	0.573956	0.3984141
11	20	-0.1491918	0.573956	0.3984141
11	21	-0.1491918	0.573956	0.3984141
11	22	-0.1491918	0.573956	0.3984141
11	23	-0.1491918	0.573956	0.3984141
11	24	-0.1491918	0.573956	0.3984141
11	25	-0.1491918	0.573956	0.3984141
11	26	-0.1491918	0.573956	0.3984141
11	27	-0.1491918	0.573956	0.3984141
11	28	-0.1491918	0.573956	0.3984141
11	29	1.358362	0.1231307	0.4233354
11	30	1.358362	0.1231307	0.4233354
11	31	1.358362	0.1231307	0.4233354
11	32	1.358362	0.1231307	0.4233354
11	33	1.358362	0.1231307	0.4233354
11	34	1.358362	0.1231307	0.4233354
11	35	1.358362	0.1231307	0.4233354
11	36	1.358362	0.1231307	0.4233354
11	37	1.358362	0.1231307	0.4233354
12	1	-0.1491918	0.573956	0.3984141
12	2	-0.1491919	0.573956	0.3984142
12	3	-0.1491918	0.573956	0.3984141
12	4	-0.1491918	0.573956	0.3984141
12	5	-0.1491918	0.573956	0.3984141
12	6	-0.1491918	0.573956	0.3984141
12	7	-0.1491918	0.573956	0.3984141
12	8	-0.1491918	0.573956	0.3984141
12	9	-0.1491918	0.573956	0.3984141
12	11	-0.1491918	0.573956	0.3984141
12	12	-0.1491918	0.573956	0.3984141
12	13	-0.1491918	0.573956	0.3984141
12	14	-0.1491918	0.573956	0.3984141
12	16	-0.1491918	0.573956	0.3984141
12	17	-0.1491918	0.573956	0.3984141
12	18	-0.1491918	0.573956	0.3984141
12	19	-0.1491918	0.573956	0.3984141
12	20	-0.1491918	0.573956	0.3984141
12	21	-0.1491918	0.573956	0.3984141
12	22	-0.1491918	0.573956	0.3984141
12	23	-0.1491918	0.573956	0.3984141
12	24	-0.1491918	0.573956	0.3984141
12	25	-0.1491918	0.573956	0.3984141
12	26	-0.1491918	0.573956	0.3984141
12	27	-0.1491918	0.573956	0.3984141
12	28	-0.1491918	0.573956	0.3984141
12	29	1.358362	0.1231307	0.4233354
12	30	1.358362	0.1231307	0.4233354
12	31	1.358362	0.1231307	0.4233354
12	32	1.358362	0.1231307	0.4233354
12	33	1.358362	0.1231307	0.4233354
12	34	1.358362	0.1231307	0.4233354
12	35	1.358362	0.1231307	0.4233354
12	36	1.358362	0.1231307	0.4233354
12	37	1.358362	0.1231307	0.4233354
13	1	-0.1491918	0.573956	0.3984141
13	2	-0.1491919	0.573956	0.3984142
13	3	-0.1491918	0.573956	0.3984141
13	4	-0.1491918	0.573956	0.3984141
13	5	-0.1491918	0.573956	0.3984141
13	6	-0.1491918	0.573956	0.3984141
13	7	-0.1491918	0.573956	0.3984141
13	8	-0.1491918	0.573956	0.3984141
13	9	-0.1491918	0.573956	0.3984141
13	11	-0.1491918	0.573956	0.3984141
13	12	-0.1491918	0.573956	0.3984141
13	13	-0.1491918	0.573956	0.3984141
13	14	-0.1491918	0.573956	0.3984141
13	16	-0.1491918	0.573956	0.3984141
13	17	-0.1491918	0.573956	0.3984141
13	18	-0.1491918	0.573956	0.3984141
13	19	-0.1491918	0.573956	0.3984141
13	20	-0.1491918	0.573956	0.3984141
13	21	-0.1491918	0.573956	0.3984141
13	22	-0.1491918	0.573956	0.3984141
13	23	-0.1491918	0.573956	0.3984141
13	24	-0.1491918	0.573956	0.3984141
13	25	-0.1491918	0.573956	0.3984141
13	26	-0.1491918	0.573956	0.3984141
13	27	-0.1491918	0.573956	0.3984141
13	28	-0.1491918	0.573956	0.3984141
13	29	1.358362	0.1231307	0.4233354
13	30	1.358362	0.1231307	0.4233354
13	31	1.358362	0.1231307	0.4233354
13	32	1.358362	0.1231307	0.4233354
13	33	1.358362	0.1231307	0.4233354
13	34	1.358362	0.1231307	0.4233354
13	35	1.358362	0.1231307	0.4233354
13	36	1.358362	0.1231307	0.4233354
13	37	1.358362	0.1231307	0.4233354
14	1	1.120904	0.1941041	0.4197782
14	2	1.120904	0.1941041	0.4197782
14	3	1.120904	0.1941041	0.4197782
14	4	1.120904	0.1941041	0.4197782
14	5	1.120904	0.1941041	0.4197782
14	6	1.120904	0.1941041	0.4197782
14	7	1.120904	0.1941041	0.4197782
14	8	1.120904	0.1941041	0.4197782
14	9	1.120904	0.1941041	0.4197782
14	11	1.120904	0.1941041	0.4197782
14	12	1.120904	0.1941041	0.4197782
14	13	1.120904	0.1941041	0.4197782
14	14	1.120904	0.1941041	0.4197782
14	16	1.120904	0.1941041	0.4197782
14	17	1.120904	0.1941041	0.4197782
14	18	1.120904	0.1941041	0.4197782
14	19	1.120904	0.1941041	0.4197782
14	20	1.120904	0.1941041	0.4197782
14	21	1.120904	0.1941041	0.4197782
14	22	1.120904	0.1941041	0.4197782
14	23	1.120904	0.1941041	0.4197782
14	24	1.120904	0.1941041	0.4197782
14	25	1.120904	0.1941041	0.4197782
14	26	1.120904	0.1941041	0.4197782
14	27	1.120904	0.1941041	0.4197782
14	28	1.120904	0.1941041	0.4197782
14	29	1.120904	0.1941041	0.4197782
14	30	1.120904	0.1941041	0.4197782
14	31	1.120904	0.1941041	0.4197782
14	32	1.120904	0.1941041	0.4197782
14	33	1.120904	0.1941041	0.4197782
14	34	1.120904	0.1941041	0.4197782
14	35	1.120904	0.1941041	0.4197782
14	36	1.120904	0.1941041	0.4197782
14	37	1.120904	0.1941041	0.4197782
15	1	-0.1121002	0.5629048	0.3986227
15	2	-0.1121002	0.5629048	0.3986228
15	3	-0.1121002	0.5629048	0.3986228
15	4	-0.1121002	0.5629048	0.3986228
15	5	-0.1121002	0.5629048	0.3986228
15	6	-0.1121002	0.5629048	0.3986228
15	7	-0.1121002	0.5629048	0.3986228
15	8	-0.1121002	0.5629048	0.3986227
15	9	-0.1121002	0.5629048	0.3986228
15	11	-0.1121002	0.5629048	0.3986228
15	12	-0.1121002	0.5629048	0.3986228
15	13	-0.1121002	0.5629048	0.3986228
15	14	-0.1121002	0.5629048	0.3986228
15	15	1.364107	0.1213623	0.4239309
15	16	-0.1121002	0.5629048	0.3986228
15	17	-0.1121002	0.5629048	0.3986228
15	18	-0.1121002	0.5629048	0.3986228
15	19	-0.1121002	0.5629048	0.3986228
15	20	-0.1121002	0.5629048	0.3986228
15	21	-0.1121002	0.5629048	0.3986228
15	22	-0.1121002	0.5629048	0.3986228
15	23	-0.1121002	0.5629048	0.3986228
15	24	-0.1121002	0.5629048	0.3986228
15	25	-0.1121002	0.5629048	0.3986228
15	26	-0.1121002	0.5629048	0.3986228
15	27	-0.1121002	0.5629048	0.3986228
15	28	-0.1121002	0.5629048	0.3986228
15	29	-0.1121002	0.5629048	0.3986228
15	30	-0.1121002	0.5629048	0.3986228
15	31	-0.1121002	0.5629048	0.3986228
15	32	-0.1121002	0.5629048	0.3986228
15	33	-0.1121002	0.5629048	0.3986228
15	34	-0.1121002	0.5629048	0.3986228
15	35	-0.1121002	0.5629048	0.3986228
15	36	-0.1121002	0.5629048	0.3986228
15	37	-0.1121002	0.5629048	0.3986228
16	1	-0.1121002	0.5629048	0.3986227
16	2	-0.1121002	0.5629048	0.3986228
16	3	-0.1121002	0.5629048	0.3986228
16	4	-0.1121002	0.5629048	0.3986228
16	5	-0.1121002	0.5629048	0.3986228
16	6	-0.1121002	0.5629048	0.3986228
16	7	-0.1121002	0.5629048	0.3986228
16	8	-0.1121002	0.5629048	0.3986227
16	9	-0.1121002	0.5629048	0.3986228
16	11	-0.1121002	0.5629048	0.3986228
16	12	-0.1121002	0.5629048	0.3986228
16	13	-0.1121002	0.5629048	0.3986228
16	14	-0.1121002	0.5629048	0.3986228
16	15	1.364107	0.1213623	0.4239309
16	16	-0.1121002	0.5629048	0.3986228
16	17	-0.1121002	0.5629048	0.3986228
16	18	-0.1121002	0.5629048	0.3986228
16	19	-0.1121002	0.5629048	0.3986228
16	20	-0.1121002	0.5629048	0.3986228
16	21	-0.1121002	0.5629048	0.3986228
16	22	-0.1121002	0.5629048	0.3986228
16	23	-0.1121002	0.5629048	0.3986228
16	24	-0.1121002	0.5629048	0.3986228
16	25	-0.1121002	0.5629048	0.3986228
16	26	-0.1121002	0.5629048	0.3986228
16	27	-0.1121002	0.5629048	0.3986228
16	28	-0.1121002	0.5629048	0.3986228
16	29	-0.1121002	0.5629048	0.3986228
16	30	-0.1121002	0.5629048	0.3986228
16	31	-0.1121002	0.5629048	0.3986228
16	32	-0.1121002	0.5629048	0.3986228
16	33	-0.1121002	0.5629048	0.3986228
16	34	-0.1121002	0.5629048	0.3986228
16	35	-0.1121002	0.5629048	0.3986228
16	36	-0.1121002	0.5629048	0.3986228
16	37	-0.1121002	0.5629048	0.3986228
17	1	0.7655506	0.3373477	0.04747652
17	2	0.7655506	0.3373477	0.04747652
17	3	0.7655506	0.3373477	0.04747652
17	4	0.7655506	0.3373477	0.04747652
17	5	0.7655506	0.3373477	0.04747652
17	6	0.7655506	0.3373477	0.04747652
17	7	0.7655506	0.3373477	0.04747652
17	8	0.7655506	0.3373477	0.04747652
17	9	0.7655506	0.3373477	0.04747652
17	10	0.5251534	0.2862449	1.262298
17	11	0.7655506	0.3373477	0.04747652
17	12	0.7655506	0.3373477	0.04747652
17	13	0.7655506	0.3373477	0.04747652
17	14	0.7655506	0.3373477	0.04747652
17	15	-0.3604369	0.5970193	0.792376
17	16	0.7655506	0.3373477	0.04747652
17	17	0.7655506	0.3373477	0.04747652
17	18	0.7655506	0.3373477	0.04747652
17	19	0.7655506	0.3373477	0.04747652
17	20	0.7655506	0.3373477	0.04747652
17	21	0.7655506	0.3373477	0.04747652
17	22	0.7655506	0.3373477	0.04747652
17	23	0.7655506	0.3373477	0.04747652
17	24	0.7655506	0.3373477	0.04747652
17	25	0.7655506	0.3373477	0.04747652
17	26	0.7655506	0.3373477	0.04747652
17	27	0.7655506	0.3373477	0.04747652
17	28	0.7655506	0.3373477	0.04747652
17	29	0.7655506	0.3373477	0.04747652
17	30	0.7655506	0.3373477	0.04747652
17	31	0.7655506	0.3373477	0.04747652
17	32	0.7655506	0.3373477	0.04747652
17	33	0.7655506	0.3373477	0.04747652
17	34	0.7655506	0.3373477	0.04747652
17	35	0.7655506	0.3373477	0.04747652
17	36	0.7655506	0.3373477	0.04747652
17	37	0.7655506	0.3373477	0.04747652
18	1	-0.1120162	0.5628775	0.3986448
18	2	-0.1120162	0.5628775	0.3986448
18	3	-0.1120161	0.5628775	0.3986448
18	4	-0.1120161	0.5628775	0.3986448
18	5	-0.1120161	0.5628775	0.3986448
18	6	-0.1120161	0.5628775	0.3986448
18	7	-0.1120162	0.5628775	0.3986448
18	8	-0.1120161	0.5628775	0.3986448
18	9	-0.1120161	0.5628775	0.3986448
18	10	-0.1120161	0.5628775	0.3986448
18	11	-0.1120162	0.5628775	0.3986448
18	12	-0.1120161	0.5628775	0.3986448
18	13	-0.1120161	0.5628775	0.3986448
18	14	-0.1120161	0.5628775	0.3986448
18	15	1.364315	0.1213030	0.4239082
18	16	-0.1120162	0.5628775	0.3986448
18	17	-0.1120162	0.5628775	0.3986448
18	18	-0.1120162	0.5628775	0.3986448
18	19	-0.1120162	0.5628775	0.3986448
18	20	-0.1120162	0.5628775	0.3986448
18	21	-0.1120162	0.5628775	0.3986448
18	22	-0.1120162	0.5628775	0.3986448
18	23	-0.1120162	0.5628775	0.3986448
18	24	-0.1120162	0.5628775	0.3986448
18	25	-0.1120162	0.5628775	0.3986448
18	26	-0.1120162	0.5628775	0.3986448
18	27	-0.1120162	0.5628775	0.3986448
18	28	-0.1120162	0.5628775	0.3986448
18	29	-0.1120162	0.5628775	0.3986448
18	30	-0.1120162	0.5628775	0.3986448
18	31	-0.1120162	0.5628775	0.3986448
18	32	-0.1120162	0.5628775	0.3986448
18	33	-0.1120162	0.5628775	0.3986448
18	34	-0.1120162	0.5628775	0.3986448
18	35	-0.1120162	0.5628775	0.3986448
18	36	-0.1120162	0.5628775	0.3986448
18	37	-0.1120162	0.5628775	0.3986448
19	1	-0.1120162	0.5628775	0.3986448
19	2	-0.1120162	0.5628775	0.3986448
19	3	-0.1120161	0.5628775	0.3986448
19	4	-0.1120161	0.5628775	0.3986448
19	5	-0.1120161	0.5628775	0.3986448
19	6	-0.1120161	0.5628775	0.3986448
19	7	-0.1120162	0.5628775	0.3986448
19	8	-0.1120161	0.5628775	0.3986448
19	9	-0.1120161	0.5628775	0.3986448
19	10	-0.1120161	0.5628775	0.3986448
19	11	-0.1120162	0.5628775	0.3986448
19	12	-0.1120161	0.5628775	0.3986448
19	13	-0.1120161	0.5628775	0.3986448
19	14	-0.1120161	0.5628775	0.3986448
19	15	1.364315	0.1213030	0.4239082
19	16	-0.1120162	0.5628775	0.3986448
19	17	-0.1120162	0.5628775	0.3986448
19	18	-0.1120162	0.5628775	0.3986448
19	19	-0.1120162	0.5628775	0.3986448
19	20	-0.1120162	0.5628775	0.3986448
19	21	-0.1120162	0.5628775	0.3986448
19	22	-0.1120162	0.5628775	0.3986448
19	23	-0.1120162	0.5628775	0.3986448
19	24	-0.1120162	0.5628775	0.3986448
19	25	-0.1120162	0.5628775	0.3986448
19	26	-0.1120162	0.5628775	0.3986448
19	27	-0.1120162	0.5628775	0.3986448
19	28	-0.1120162	0.5628775	0.3986448
19	29	-0.1120162	0.5628775	0.3986448
19	30	-0.1120162	0.5628775	0.3986448
19	31	-0.1120162	0.5628775	0.3986448
19	32	-0.1120162	0.5628775	0.3986448
19	33	-0.1120162	0.5628775	0.3986448
19	34	-0.1120162	0.5628775	0.3986448
19	35	-0.1120162	0.5628775	0.3986448
19	36	-0.1120162	0.5628775	0.3986448
19	37	-0.1120162	0.5628775	0.3986448
20	1	-0.1120162	0.5628775	0.3986448
20	2	-0.1120162	0.5628775	0.3986448
20	3	-0.1120161	0.5628775	0.3986448
20	4	-0.1120161	0.5628775	0.3986448
20	5	-0.1120161	0.5628775	0.3986448
20	6	-0.1120161	0.5628775	0.3986448
20	7	-0.1120162	0.5628775	0.3986448
20	8	-0.1120161	0.5628775	0.3986448
20	9	-0.1120161	0.5628775	0.3986448
20	10	-0.1120161	0.5628775	0.3986448
20	11	-0.1120162	0.5628775	0.3986448
20	12	-0.1120161	0.5628775	0.3986448
20	13	-0.1120161	0.5628775	0.3986448
20	14	-0.1120161	0.5628775	0.3986448
20	15	1.364315	0.1213030	0.4239082
20	16	-0.1120162	0.5628775	0.3986448
20	17	-0.1120162	0.5628775	0.3986448
20	18	-0.1120162	0.5628775	0.3986448
20	19	-0.1120162	0.5628775	0.3986448
20	20	-0.1120162	0.5628775	0.3986448
20	21	-0.1120162	0.5628775	0.3986448
20	22	-0.1120162	0.5628775	0.3986448
20	23	-0.1120162	0.5628775	0.3986448
20	24	-0.1120162	0.5628775	0.3986448
20	25	-0.1120162	0.5628775	0.3986448
20	26	-0.1120162	0.5628775	0.3986448
20	27	-0.1120162	0.5628775	0.3986448
20	28	-0.1120162	0.5628775	0.3986448
20	29	-0.1120162	0.5628775	0.3986448
20	30	-0.1120162	0.5628775	0.3986448
20	31	-0.1120162	0.5628775	0.3986448
20	32	-0.1120162	0.5628775	0.3986448
20	33	-0.1120162	0.5628775	0.3986448
20	34	-0.1120162	0.5628775	0.3986448
20	35	-0.1120162	0.5628775	0.3986448
20	36	-0.1120162	0.5628775	0.3986448
20	37	-0.1120162	0.5628775	0.3986448
21	1	-0.1120162	0.5628775	0.3986448
21	2	-0.1120162	0.5628775	0.3986448
21	3	-0.1120161	0.5628775	0.3986448
21	4	-0.1120161	0.5628775	0.3986448
21	5	-0.1120161	0.5628775	0.3986448
21	6	-0.1120161	0.5628775	0.3986448
21	7	-0.1120162	0.5628775	0.3986448
21	8	-0.1120161	0.5628775	0.3986448
21	9	-0.1120161	0.5628775	0.3986448
21	10	-0.1120161	0.5628775	0.3986448
21	11	-0.1120162	0.5628775	0.3986448
21	12	-0.1120161	0.5628775	0.3986448
21	13	-0.1120161	0.5628775	0.3986448
21	14	-0.1120161	0.5628775	0.3986448
21	15	1.364315	0.1213030	0.4239082
21	16	-0.1120162	0.5628775	0.3986448
21	17	-0.1120162	0.5628775	0.3986448
21	18	-0.1120162	0.5628775	0.3986448
21	19	-0.1120162	0.5628775	0.3986448
21	20	-0.1120162	0.5628775	0.3986448
21	21	-0.1120162	0.5628775	0.3986448
21	22	-0.1120162	0.5628775	0.3986448
21	23	-0.1120162	0.5628775	0.3986448
21	24	-0.1120162	0.5628775	0.3986448
21	25	-0.1120162	0.5628775	0.3986448
21	26	-0.1120162	0.5628775	0.3986448
21	27	-0.1120162	0.5628775	0.3986448
21	28	-0.1120162	0.5628775	0.3986448
21	29	-0.1120162	0.5628775	0.3986448
21	30	-0.1120162	0.5628775	0.3986448
21	31	-0.1120162	0.5628775	0.3986448
21	32	-0.1120162	0.5628775	0.3986448
21	33	-0.1120162	0.5628775	0.3986448
21	34	-0.1120162	0.5628775	0.3986448
21	35	-0.1120162	0.5628775	0.3986448
21	36	-0.1120162	0.5628775	0.3986448
21	37	-0.1120162	0.5628775	0.3986448
22	1	-0.1120162	0.5628775	0.3986448
22	2	-0.1120162	0.5628775	0.3986448
22	3	-0.1120161	0.5628775	0.3986448
22	4	-0.1120161	0.5628775	0.3986448
22	5	-0.1120161	0.5628775	0.3986448
22	6	-0.1120161	0.5628775	0.3986448
22	7	-0.1120162	0.5628775	0.3986448
22	8	-0.1120161	0.5628775	0.3986448
22	9	-0.1120161	0.5628775	0.3986448
22	10	-0.1120161	0.5628775	0.3986448
22	11	-0.1120162	0.5628775	0.3986448
22	12	-0.1120161	0.5628775	0.3986448
22	13	-0.1120161	0.5628775	0.3986448
22	14	-0.1120161	0.5628775	0.3986448
22	15	1.364315	0.1213030	0.4239082
22	16	-0.1120162	0.5628775	0.3986448
22	17	-0.1120162	0.5628775	0.3986448
22	18	-0.1120162	0.5628775	0.3986448
22	19	-0.1120162	0.5628775	0.3986448
22	20	-0.1120162	0.5628775	0.3986448
22	21	-0.1120162	0.5628775	0.3986448
22	22	-0.1120162	0.5628775	0.3986448
22	23	-0.1120162	0.5628775	0.3986448
22	24	-0.1120162	0.5628775	0.3986448
22	25	-0.1120162	0.5628775	0.3986448
22	26	-0.1120162	0.5628775	0.3986448
22	27	-0.1120162	0.5628775	0.3986448
22	28	-0.1120162	0.5628775	0.3986448
22	29	-0.1120162	0.5628775	0.3986448
22	30	-0.1120162	0.5628775	0.3986448
22	31	-0.1120162	0.5628775	0.3986448
22	32	-0.1120162	0.5628775	0.3986448
22	33	-0.1120162	0.5628775	0.3986448
22	34	-0.1120162	0.5628775	0.3986448
22	35	-0.1120162	0.5628775	0.3986448
22	36	-0.1120162	0.5628775	0.3986448
22	37	-0.1120162	0.5628775	0.3986448
23	1	-0.1120162	0.5628775	0.3986448
23	2	-0.1120162	0.5628775	0.3986448
23	3	-0.1120161	0.5628775	0.3986448
23	4	-0.1120161	0.5628775	0.3986448
23	5	-0.1120161	0.5628775	0.3986448
23	6	-0.1120161	0.5628775	0.3986448
23	7	-0.1120162	0.5628775	0.3986448
23	8	-0.1120161	0.5628775	0.3986448
23	9	-0.1120161	0.5628775	0.3986448
23	10	-0.1120161	0.5628775	0.3986448
23	11	-0.1120162	0.5628775	0.3986448
23	12	-0.1120161	0.5628775	0.3986448
23	13	-0.1120161	0.5628775	0.3986448
23	14	-0.1120161	0.5628775	0.3986448
23	15	1.364315	0.1213030	0.4239082
23	16	-0.1120162	0.5628775	0.3986448
23	17	-0.1120162	0.5628775	0.3986448
23	18	-0.1120162	0.5628775	0.3986448
23	19	-0.1120162	0.5628775	0.3986448
23	20	-0.1120162	0.5628775	0.3986448
23	21	-0.1120162	0.5628775	0.3986448
23	22	-0.1120162	0.5628775	0.3986448
23	23	-0.1120162	0.5628775	0.3986448
23	24	-0.1120162	0.5628775	0.3986448
23	25	-0.1120162	0.5628775	0.3986448
23	26	-0.1120162	0.5628775	0.3986448
23	27	-0.1120162	0.5628775	0.3986448
23	28	-0.1120162	0.5628775	0.3986448
23	29	-0.1120162	0.5628775	0.3986448
23	30	-0.1120162	0.5628775	0.3986448
23	31	-0.1120162	0.5628775	0.3986448
23	32	-0.1120162	0.5628775	0.3986448
23	33	-0.1120162	0.5628775	0.3986448
23	34	-0.1120162	0.5628775	0.3986448
23	35	-0.1120162	0.5628775	0.3986448
23	36	-0.1120162	0.5628775	0.3986448
23	37	-0.1120162	0.5628775	0.3986448
24	1	-0.1120162	0.5628775	0.3986448
24	2	-0.1120162	0.5628775	0.3986448
24	3	-0.1120161	0.5628775	0.3986448
24	4	-0.1120161	0.5628775	0.3986448
24	5	-0.1120161	0.5628775	0.3986448
24	6	-0.1120161	0.5628775	0.3986448
24	7	-0.1120162	0.5628775	0.3986448
24	8	-0.1120161	0.5628775	0.3986448
24	9	-0.1120161	0.5628775	0.3986448
24	10	-0.1120161	0.5628775	0.3986448
24	11	-0.1120162	0.5628775	0.3986448
24	12	-0.1120161	0.5628775	0.3986448
24	13	-0.1120161	0.5628775	0.3986448
24	14	-0.1120161	0.5628775	0.3986448
24	15	1.364315	0.1213030	0.4239082
24	16	-0.1120162	0.5628775	0.3986448
24	17	-0.1120162	0.5628775	0.3986448
24	18	-0.1120162	0.5628775	0.3986448
24	19	-0.1120162	0.5628775	0.3986448
24	20	-0.1120162	0.5628775	0.3986448
24	21	-0.1120162	0.5628775	0.3986448
24	22	-0.1120162	0.5628775	0.3986448
24	23	-0.1120162	0.5628775	0.3986448
24	24	-0.1120162	0.5628775	0.3986448
24	25	-0.1120162	0.5628775	0.3986448
24	26	-0.1120162	0.5628775	0.3986448
24	27	-0.1120162	0.5628775	0.3986448
24	28	-0.1120162	0.5628775	0.3986448
24	29	-0.1120162	0.5628775	0.3986448
24	30	-0.1120162	0.5628775	0.3986448
24	31	-0.1120162	0.5628775	0.3986448
24	32	-0.1120162	0.5628775	0.3986448
24	33	-0.1120162	0.5628775	0.3986448
24	34	-0.1120162	0.5628775	0.3986448
24	35	-0.1120162	0.5628775	0.3986448
24	36	-0.1120162	0.5628775	0.3986448
24	37	-0.1120162	0.5628775	0.3986448
25	1	-0.1120162	0.5628775	0.3986448
25	2	-0.1120162	0.5628775	0.3986448
25	3	-0.1120161	0.5628775	0.3986448
25	4	-0.1120161	0.5628775	0.3986448
25	5	-0.1120161	0.5628775	0.3986448
25	6	-0.1120161	0.5628775	0.3986448
25	7	-0.1120162	0.5628775	0.3986448
25	8	-0.1120161	0.5628775	0.3986448
25	9	-0.1120161	0.5628775	0.3986448
25	10	-0.1120161	0.5628775	0.3986448
25	11	-0.1120162	0.5628775	0.3986448
25	12	-0.1120161	0.5628775	0.3986448
25	13	-0.1120161	0.5628775	0.3986448
25	14	-0.1120161	0.5628775	0.3986448
25	15	1.364315	0.1213030	0.4239082
25	16	-0.1120162	0.5628775	0.3986448
25	17	-0.1120162	0.5628775	0.3986448
25	18	-0.1120162	0.5628775	0.3986448
25	19	-0.1120162	0.5628775	0.3986448
25	20	-0.1120162	0.5628775	0.3986448
25	21	-0.1120162	0.5628775	0.3986448
25	22	-0.1120162	0.5628775	0.3986448
25	23	-0.1120162	0.5628775	0.3986448
25	24	-0.1120162	0.5628775	0.3986448
25	25	-0.1120162	0.5628775	0.3986448
25	26	-0.1120162	0.5628775	0.3986448
25	27	-0.1120162	0.5628775	0.3986448
25	28	-0.1120162	0.5628775	0.3986448
25	29	-0.1120162	0.5628775	0.3986448
25	30	-0.1120162	0.5628775	0.3986448
25	31	-0.1120162	0.5628775	0.3986448
25	32	-0.1120162	0.5628775	0.3986448
25	33	-0.1120162	0.5628775	0.3986448
25	34	-0.1120162	0.5628775	0.3986448
25	35	-0.1120162	0.5628775	0.3986448
25	36	-0.1120162	0.5628775	0.3986448
25	37	-0.1120162	0.5628775	0.3986448
26	9	-0.1149624	0.5637407	0.3987733
26	10	-0.1149623	0.5637407	0.398773
26	11	-0.1149624	0.5637407	0.3987732
26	12	-0.1149624	0.5637407	0.3987732
26	13	-0.1149624	0.5637407	0.3987732
26	14	-0.1149624	0.5637407	0.3987732
26	15	1.358454	0.1230787	0.4235828
26	16	-0.1149624	0.5637407	0.3987732
26	17	-0.1149624	0.5637407	0.3987732
26	18	-0.1149624	0.5637407	0.3987732
26	19	-0.1149624	0.5637407	0.3987732
26	20	-0.1149624	0.5637407	0.3987732
26	21	-0.1149624	0.5637407	0.3987732
26	22	-0.1149624	0.5637407	0.3987732
26	23	-0.1149624	0.5637407	0.3987732
26	24	-0.1149624	0.5637407	0.3987732
26	25	-0.1149624	0.5637407	0.3987732
26	26	-0.1149624	0.5637407	0.3987732
26	27	-0.1149624	0.5637407	0.3987732
26	28	-0.1149624	0.5637407	0.3987732
27	9	-0.1149624	0.5637407	0.3987733
27	10	-0.1149623	0.5637407	0.398773
27	11	-0.1149624	0.5637407	0.3987732
27	12	-0.1149624	0.5637407	0.3987732
27	13	-0.1149624	0.5637407	0.3987732
27	14	-0.1149624	0.5637407	0.3987732
27	15	1.358454	0.1230787	0.4235828
27	16	-0.1149624	0.5637407	0.3987732
27	17	-0.1149624	0.5637407	0.3987732
27	18	-0.1149624	0.5637407	0.3987732
27	19	-0.1149624	0.5637407	0.3987732
27	20	-0.1149624	0.5637407	0.3987732
27	21	-0.1149624	0.5637407	0.3987732
27	22	-0.1149624	0.5637407	0.3987732
27	23	-0.1149624	0.5637407	0.3987732
27	24	-0.1149624	0.5637407	0.3987732
27	25	-0.1149624	0.5637407	0.3987732
27	26	-0.1149624	0.5637407	0.3987732
27	27	-0.1149624	0.5637407	0.3987732
27	28	-0.1149624	0.5637407	0.3987732
32	9	-0.1149624	0.5637407	0.3987733
32	10	-0.1149623	0.5637407	0.398773
32	11	-0.1149624	0.5637407	0.3987732
32	12	-0.1149624	0.5637407	0.3987732
32	13	-0.1149624	0.5637407	0.3987732
32	14	-0.1149624	0.5637407	0.3987732
32	15	1.358454	0.1230787	0.4235828
32	16	-0.1149624	0.5637407	0.3987732
32	17	-0.1149624	0.5637407	0.3987732
32	18	-0.1149624	0.5637407	0.3987732
32	19	-0.1149624	0.5637407	0.3987732
32	20	-0.1149624	0.5637407	0.3987732
32	21	-0.1149624	0.5637407	0.3987732
32	22	-0.1149624	0.5637407	0.3987732
32	23	-0.1149624	0.5637407	0.3987732
32	24	-0.1149624	0.5637407	0.3987732
32	25	-0.1149624	0.5637407	0.3987732
32	26	-0.1149624	0.5637407	0.3987732
32	27	-0.1149624	0.5637407	0.3987732
32	28	-0.1149624	0.5637407	0.3987732
33	9	-0.1149624	0.5637407	0.3987733
33	10	-0.1149623	0.5637407	0.398773
33	11	-0.1149624	0.5637407	0.3987732
33	12	-0.1149624	0.5637407	0.3987732
33	13	-0.1149624	0.5637407	0.3987732
33	14	-0.1149624	0.5637407	0.3987732
33	15	1.358454	0.1230787	0.4235828
33	16	-0.1149624	0.5637407	0.3987732
33	17	-0.1149624	0.5637407	0.3987732
33	18	-0.1149624	0.5637407	0.3987732
33	19	-0.1149624	0.5637407	0.3987732
33	20	-0.1149624	0.5637407	0.3987732
33	21	-0.1149624	0.5637407	0.3987732
33	22	-0.1149624	0.5637407	0.3987732
33	23	-0.1149624	0.5637407	0.3987732
33	24	-0.1149624	0.5637407	0.3987732
33	25	-0.1149624	0.5637407	0.3987732
33	26	-0.1149624	0.5637407	0.3987732
33	27	-0.1149624	0.5637407	0.3987732
33	28	-0.1149624	0.5637407	0.3987732
34	9	-0.1149624	0.5637407	0.3987733
34	10	-0.1149623	0.5637407	0.398773
34	11	-0.1149624	0.5637407	0.3987732
34	12	-0.1149624	0.5637407	0.3987732
34	13	-0.1149624	0.5637407	0.3987732
34	14	-0.1149624	0.5637407	0.3987732
34	15	1.358454	0.1230787	0.4235828
34	16	-0.1149624	0.5637407	0.3987732
34	17	-0.1149624	0.5637407	0.3987732
34	18	-0.1149624	0.5637407	0.3987732
34	19	-0.1149624	0.5637407	0.3987732
34	20	-0.1149624	0.5637407	0.3987732
34	21	-0.1149624	0.5637407	0.3987732
34	22	-0.1149624	0.5637407	0.3987732
34	23	-0.1149624	0.5637407	0.3987732
34	24	-0.1149624	0.5637407	0.3987732
34	25	-0.1149624	0.5637407	0.3987732
34	26	-0.1149624	0.5637407	0.3987732
34	27	-0.1149624	0.5637407	0.3987732
34	28	-0.1149624	0.5637407	0.3987732
35	9	1.120904	0.1941041	0.4197782
35	10	1.120904	0.1941041	0.4197782
35	11	1.120904	0.1941041	0.4197782
35	12	1.120904	0.1941041	0.4197782
35	13	1.120904	0.1941041	0.4197782
35	14	1.120904	0.1941041	0.4197782
35	16	1.120904	0.1941041	0.4197782
35	17	1.120904	0.1941041	0.4197782
35	18	1.120904	0.1941041	0.4197782
35	19	1.120904	0.1941041	0.4197782
35	20	1.120904	0.1941041	0.4197782
35	21	1.120904	0.1941041	0.4197782
35	22	1.120904	0.1941041	0.4197782
35	23	1.120904	0.1941041	0.4197782
35	24	1.120904	0.1941041	0.4197782
35	25	1.120904	0.1941041	0.4197782
35	26	1.120904	0.1941041	0.4197782
35	27	1.120904	0.1941041	0.4197782
35	28	1.120904	0.1941041	0.4197782
36	1	1.120904	0.1941041	0.4197782
36	2	1.120904	0.1941041	0.4197782
36	3	1.120904	0.1941041	0.4197782
36	4	1.120904	0.1941041	0.4197782
36	5	1.120904	0.1941041	0.4197782
36	6	1.120904	0.1941041	0.4197782
36	7	1.120904	0.1941041	0.4197782
36	8	1.120904	0.1941041	0.4197782
36	9	1.120904	0.1941041	0.4197782
36	10	1.120904	0.1941041	0.4197782
36	11	1.120904	0.1941041	0.4197782
36	12	1.120904	0.1941041	0.4197782
36	13	1.120904	0.1941041	0.4197782
36	14	1.120904	0.1941041	0.4197782
36	15	1.120904	0.1941041	0.4197782
36	16	1.120904	0.1941041	0.4197782
36	17	1.120904	0.1941041	0.4197782
36	18	1.120904	0.1941041	0.4197782
36	19	1.120904	0.1941041	0.4197782
36	20	1.120904	0.1941041	0.4197782
36	21	1.120904	0.1941041	0.4197782
36	22	1.120904	0.1941041	0.4197782
36	23	1.120904	0.1941041	0.4197782
36	24	1.120904	0.1941041	0.4197782
36	25	1.120904	0.1941041	0.4197782
36	26	1.120904	0.1941041	0.4197782
36	27	1.120904	0.1941041	0.4197782
36	28	1.120904	0.1941041	0.4197782
36	29	1.120904	0.1941041	0.4197782
36	30	1.120904	0.1941041	0.4197782
36	31	1.120904	0.1941041	0.4197782
36	32	1.120904	0.1941041	0.4197782
36	33	1.120904	0.1941041	0.4197782
36	34	1.120904	0.1941041	0.4197782
36	35	1.120904	0.1941041	0.4197782
36	36	1.120904	0.1941041	0.4197782
36	37	1.120904	0.1941041	0.4197782
37	1	1.120904	0.1941041	0.4197782
37	2	1.120904	0.1941041	0.4197782
37	3	1.120904	0.1941041	0.4197782
37	4	1.120904	0.1941041	0.4197782
37	5	1.120904	0.1941041	0.4197782
37	6	1.120904	0.1941041	0.4197782
37	7	1.120904	0.1941041	0.4197782
37	8	1.120904	0.1941041	0.4197782
37	9	1.120904	0.1941041	0.4197782
37	10	1.120904	0.1941041	0.4197782
37	11	1.120904	0.1941041	0.4197782
37	12	1.120904	0.1941041	0.4197782
37	13	1.120904	0.1941041	0.4197782
37	14	1.120904	0.1941041	0.4197782
37	15	1.120904	0.1941041	0.4197782
37	16	1.120904	0.1941041	0.4197782
37	17	1.120904	0.1941041	0.4197782
37	18	1.120904	0.1941041	0.4197782
37	19	1.120904	0.1941041	0.4197782
37	20	1.120904	0.1941041	0.4197782
37	21	1.120904	0.1941041	0.4197782
37	22	1.120904	0.1941041	0.4197782
37	23	1.120904	0.1941041	0.4197782
37	24	1.120904	0.1941041	0.4197782
37	25	1.120904	0.1941041	0.4197782
37	26	1.120904	0.1941041	0.4197782
37	27	1.120904	0.1941041	0.4197782
37	28	1.120904	0.1941041	0.4197782
37	29	1.120904	0.1941041	0.4197782
37	30	1.120904	0.1941041	0.4197782
37	31	1.120904	0.1941041	0.4197782
37	32	1.120904	0.1941041	0.4197782
37	33	1.120904	0.1941041	0.4197782
37	34	1.120904	0.1941041	0.4197782
37	35	1.120904	0.1941041	0.4197782
37	36	1.120904	0.1941041	0.4197782
37	37	1.120904	0.1941041	0.4197782
38	1	1.120904	0.1941041	0.4197782
38	2	1.120904	0.1941041	0.4197782
38	3	1.120904	0.1941041	0.4197782
38	4	1.120904	0.1941041	0.4197782
38	5	1.120904	0.1941041	0.4197782
38	6	1.120904	0.1941041	0.4197782
38	7	1.120904	0.1941041	0.4197782
38	8	1.120904	0.1941041	0.4197782
38	9	1.120904	0.1941041	0.4197782
38	10	1.120904	0.1941041	0.4197782
38	11	1.120904	0.1941041	0.4197782
38	12	1.120904	0.1941041	0.4197782
38	13	1.120904	0.1941041	0.4197782
38	14	1.120904	0.1941041	0.4197782
38	15	1.120904	0.1941041	0.4197782
38	16	1.120904	0.1941041	0.4197782
38	17	1.120904	0.1941041	0.4197782
38	18	1.120904	0.1941041	0.4197782
38	19	1.120904	0.1941041	0.4197782
38	20	1.120904	0.1941041	0.4197782
38	21	1.120904	0.1941041	0.4197782
38	22	1.120904	0.1941041	0.4197782
38	23	1.120904	0.1941041	0.4197782
38	24	1.120904	0.1941041	0.4197782
38	25	1.120904	0.1941041	0.4197782
38	26	1.120904	0.1941041	0.4197782
38	27	1.120904	0.1941041	0.4197782
38	28	1.120904	0.1941041	0.4197782
38	29	1.120904	0.1941041	0.4197782
38	30	1.120904	0.1941041	0.4197782
38	31	1.120904	0.1941041	0.4197782
38	32	1.120904	0.1941041	0.4197782
38	33	1.120904	0.1941041	0.4197782
38	34	1.120904	0.1941041	0.4197782
38	35	1.120904	0.1941041	0.4197782
38	36	1.120904	0.1941041	0.4197782
38	37	1.120904	0.1941041	0.4197782
39	1	1.120904	0.1941041	0.4197782
39	2	1.120904	0.1941041	0.4197782
39	3	1.120904	0.1941041	0.4197782
39	4	1.120904	0.1941041	0.4197782
39	5	1.120904	0.1941041	0.4197782
39	6	1.120904	0.1941041	0.4197782
39	7	1.120904	0.1941041	0.4197782
39	8	1.120904	0.1941041	0.4197782
39	9	1.120904	0.1941041	0.4197782
39	10	1.120904	0.1941041	0.4197782
39	11	1.120904	0.1941041	0.4197782
39	12	1.120904	0.1941041	0.4197782
39	13	1.120904	0.1941041	0.4197782
39	14	1.120904	0.1941041	0.4197782
39	15	1.120904	0.1941041	0.4197782
39	16	1.120904	0.1941041	0.4197782
39	17	1.120904	0.1941041	0.4197782
39	18	1.120904	0.1941041	0.4197782
39	19	1.120904	0.1941041	0.4197782
39	20	1.120904	0.1941041	0.4197782
39	21	1.120904	0.1941041	0.4197782
39	22	1.120904	0.1941041	0.4197782
39	23	1.120904	0.1941041	0.4197782
39	24	1.120904	0.1941041	0.4197782
39	25	1.120904	0.1941041	0.4197782
39	26	1.120904	0.1941041	0.4197782
39	27	1.120904	0.1941041	0.4197782
39	28	1.120904	0.1941041	0.4197782
39	29	1.120904	0.1941041	0.4197782
39	30	1.120904	0.1941041	0.4197782
39	31	1.120904	0.1941041	0.4197782
39	32	1.120904	0.1941041	0.4197782
39	33	1.120904	0.1941041	0.4197782
39	34	1.120904	0.1941041	0.4197782
39	35	1.120904	0.1941041	0.4197782
39	36	1.120904	0.1941041	0.4197782
39	37	1.120904	0.1941041	0.4197782
40	1	1.120904	0.1941041	0.4197782
40	2	1.120904	0.1941041	0.4197782
40	3	1.120904	0.1941041	0.4197782
40	4	1.120904	0.1941041	0.4197782
40	5	1.120904	0.1941041	0.4197782
40	6	1.120904	0.1941041	0.4197782
40	7	1.120904	0.1941041	0.4197782
40	8	1.120904	0.1941041	0.4197782
40	9	1.120904	0.1941041	0.4197782
40	10	1.120904	0.1941041	0.4197782
40	11	1.120904	0.1941041	0.4197782
40	12	1.120904	0.1941041	0.4197782
40	13	1.120904	0.1941041	0.4197782
40	14	1.120904	0.1941041	0.4197782
40	15	1.120904	0.1941041	0.4197782
40	16	1.120904	0.1941041	0.4197782
40	17	1.120904	0.1941041	0.4197782
40	18	1.120904	0.1941041	0.4197782
40	19	1.120904	0.1941041	0.4197782
40	20	1.120904	0.1941041	0.4197782
40	21	1.120904	0.1941041	0.4197782
40	22	1.120904	0.1941041	0.4197782
40	23	1.120904	0.1941041	0.4197782
40	24	1.120904	0.1941041	0.4197782
40	25	1.120904	0.1941041	0.4197782
40	26	1.120904	0.1941041	0.4197782
40	27	1.120904	0.1941041	0.4197782
40	28	1.120904	0.1941041	0.4197782
40	29	1.120904	0.1941041	0.4197782
40	30	1.120904	0.1941041	0.4197782
40	31	1.120904	0.1941041	0.4197782
40	32	1.120904	0.1941041	0.4197782
40	33	1.120904	0.1941041	0.4197782
40	34	1.120904	0.1941041	0.4197782
40	35	1.120904	0.1941041	0.4197782
40	36	1.120904	0.1941041	0.4197782
40	37	1.120904	0.1941041	0.4197782
41	1	1.120904	0.1941041	0.4197782
41	2	1.120904	0.1941041	0.4197782
41	3	1.120904	0.1941041	0.4197782
41	4	1.120904	0.1941041	0.4197782
41	5	1.120904	0.1941041	0.4197782
41	6	1.120904	0.1941041	0.4197782
41	7	1.120904	0.1941041	0.4197782
41	8	1.120904	0.1941041	0.4197782
41	9	1.120904	0.1941041	0.4197782
41	10	1.120904	0.1941041	0.4197782
41	11	1.120904	0.1941041	0.4197782
41	12	1.120904	0.1941041	0.4197782
41	13	1.120904	0.1941041	0.4197782
41	14	1.120904	0.1941041	0.4197782
41	15	1.120904	0.1941041	0.4197782
41	16	1.120904	0.1941041	0.4197782
41	17	1.120904	0.1941041	0.4197782
41	18	1.120904	0.1941041	0.4197782
41	19	1.120904	0.1941041	0.4197782
41	20	1.120904	0.1941041	0.4197782
41	21	1.120904	0.1941041	0.4197782
41	22	1.120904	0.1941041	0.4197782
41	23	1.120904	0.1941041	0.4197782
41	24	1.120904	0.1941041	0.4197782
41	25	1.120904	0.1941041	0.4197782
41	26	1.120904	0.1941041	0.4197782
41	27	1.120904	0.1941041	0.4197782
41	28	1.120904	0.1941041	0.4197782
41	29	1.120904	0.1941041	0.4197782
41	30	1.120904	0.1941041	0.4197782
41	31	1.120904	0.1941041	0.4197782
41	32	1.120904	0.1941041	0.4197782
41	33	1.120904	0.1941041	0.4197782
41	34	1.120904	0.1941041	0.4197782
41	35	1.120904	0.1941041	0.4197782
41	36	1.120904	0.1941041	0.4197782
41	37	1.120904	0.1941041	0.4197782
42	9	1.120904	0.1941041	0.4197782
42	10	1.120904	0.1941041	0.4197782
42	11	1.120904	0.1941041	0.4197782
42	12	1.120904	0.1941041	0.4197782
42	13	1.120904	0.1941041	0.4197782
42	14	1.120904	0.1941041	0.4197782
42	15	1.120904	0.1941041	0.4197782
42	16	1.120904	0.1941041	0.4197782
42	17	1.120904	0.1941041	0.4197782
42	18	1.120904	0.1941041	0.4197782
42	19	1.120904	0.1941041	0.4197782
42	20	1.120904	0.1941041	0.4197782
42	21	1.120904	0.1941041	0.4197782
42	22	1.120904	0.1941041	0.4197782
42	23	1.120904	0.1941041	0.4197782
42	24	1.120904	0.1941041	0.4197782
42	25	1.120904	0.1941041	0.4197782
42	26	1.120904	0.1941041	0.4197782
42	27	1.120904	0.1941041	0.4197782
42	28	1.120904	0.1941041	0.4197782
43	9	-0.1697733	0.5800676	0.3985016
43	10	-0.1697733	0.5800676	0.3985016
43	11	-0.1697733	0.5800676	0.3985016
43	12	-0.1697733	0.5800676	0.3985016
43	13	-0.1697733	0.5800676	0.3985016
43	14	-0.1697733	0.5800676	0.3985016
43	15	-0.1697733	0.5800676	0.3985016
43	16	-0.1697733	0.5800676	0.3985016
43	17	-0.1697733	0.5800676	0.3985016
43	18	-0.1697733	0.5800676	0.3985016
43	19	-0.1697733	0.5800676	0.3985016
43	20	-0.1697733	0.5800676	0.3985016
43	21	-0.1697733	0.5800676	0.3985016
43	22	-0.1697733	0.5800676	0.3985016
43	23	-0.1697733	0.5800676	0.3985016
43	24	-0.1697733	0.5800676	0.3985016
43	25	-0.1697733	0.5800676	0.3985016
43	26	-0.1697733	0.5800676	0.3985016
43	27	-0.1697733	0.5800676	0.3985016
43	28	-0.1697733	0.5800676	0.3985016
43	29	1.369101	0.1137637	0.4845137
43	30	1.369101	0.1137637	0.4845137
43	31	1.369101	0.1137637	0.4845137
43	32	1.408560	0.1098509	0.4070081
43	33	1.408560	0.1098509	0.4070081
43	34	1.408560	0.1098509	0.4070081
43	35	1.369101	0.1137637	0.4845137
43	36	1.433212	0.1095393	0.3374504
43	37	1.433212	0.1095393	0.3374504
44	9	-0.1697733	0.5800676	0.3985016
44	10	-0.1697733	0.5800676	0.3985016
44	11	-0.1697733	0.5800676	0.3985016
44	12	-0.1697733	0.5800676	0.3985016
44	13	-0.1697733	0.5800676	0.3985016
44	14	-0.1697733	0.5800676	0.3985016
44	15	-0.1697733	0.5800676	0.3985016
44	16	-0.1697733	0.5800676	0.3985016
44	17	-0.1697733	0.5800676	0.3985016
44	18	-0.1697733	0.5800676	0.3985016
44	19	-0.1697733	0.5800676	0.3985016
44	20	-0.1697733	0.5800676	0.3985016
44	21	-0.1697733	0.5800676	0.3985016
44	22	-0.1697733	0.5800676	0.3985016
44	23	-0.1697733	0.5800676	0.3985016
44	24	-0.1697733	0.5800676	0.3985016
44	25	-0.1697733	0.5800676	0.3985016
44	26	-0.1697733	0.5800676	0.3985016
44	27	-0.1697733	0.5800676	0.3985016
44	28	-0.1697733	0.5800676	0.3985016
44	29	1.369101	0.1137637	0.4845137
44	30	1.369101	0.1137637	0.4845137
44	31	1.369101	0.1137637	0.4845137
44	32	1.408560	0.1098509	0.4070081
44	33	1.408560	0.1098509	0.4070081
44	34	1.408560	0.1098509	0.4070081
44	35	1.369101	0.1137637	0.4845137
44	36	1.433212	0.1095393	0.3374504
44	37	1.433212	0.1095393	0.3374504
45	1	-0.1078958	0.4412836	1.591443
45	2	-0.1078958	0.4412836	1.591443
45	3	-0.1078958	0.4412836	1.591443
45	4	-0.1078958	0.4412836	1.591443
45	9	1.283055	0.1623586	0.2565277
45	10	1.283055	0.1623586	0.2565277
45	11	1.283055	0.1623586	0.2565277
45	12	1.283055	0.1623586	0.2565277
45	13	1.283055	0.1623586	0.2565277
45	14	1.283055	0.1623586	0.2565277
45	15	1.283055	0.1623586	0.2565277
45	16	1.283055	0.1623586	0.2565277
45	17	1.283055	0.1623586	0.2565277
45	18	1.283055	0.1623586	0.2565277
45	19	1.283055	0.1623586	0.2565277
45	20	1.283055	0.1623586	0.2565277
45	21	1.283055	0.1623586	0.2565277
45	22	1.283055	0.1623586	0.2565277
45	23	1.283055	0.1623586	0.2565277
45	24	1.283055	0.1623586	0.2565277
45	25	1.283055	0.1623586	0.2565277
45	26	1.283055	0.1623586	0.2565277
45	27	1.283055	0.1623586	0.2565277
45	28	1.283055	0.1623586	0.2565277
45	29	-0.2041555	0.5977127	0.3249662
45	30	-0.2041555	0.5977127	0.3249662
45	31	-0.2041555	0.5977127	0.3249662
45	32	-0.204186	0.5977618	0.324569
45	33	-0.204186	0.5977618	0.324569
45	34	-0.204186	0.5977618	0.324569
45	35	-0.2041555	0.5977127	0.3249662
45	36	-0.2041140	0.5976343	0.3256203
45	37	-0.2041140	0.5976343	0.3256203
46	1	-0.1078958	0.4412836	1.591443
46	2	-0.1078958	0.4412836	1.591443
46	3	-0.1078958	0.4412836	1.591443
46	4	-0.1078958	0.4412836	1.591443
46	9	1.283055	0.1623586	0.2565277
46	10	1.283055	0.1623586	0.2565277
46	11	1.283055	0.1623586	0.2565277
46	12	1.283055	0.1623586	0.2565277
46	13	1.283055	0.1623586	0.2565277
46	14	1.283055	0.1623586	0.2565277
46	15	1.283055	0.1623586	0.2565277
46	16	1.283055	0.1623586	0.2565277
46	17	1.283055	0.1623586	0.2565277
46	18	1.283055	0.1623586	0.2565277
46	19	1.283055	0.1623586	0.2565277
46	20	1.283055	0.1623586	0.2565277
46	21	1.283055	0.1623586	0.2565277
46	22	1.283055	0.1623586	0.2565277
46	23	1.283055	0.1623586	0.2565277
46	24	1.283055	0.1623586	0.2565277
46	25	1.283055	0.1623586	0.2565277
46	26	1.283055	0.1623586	0.2565277
46	27	1.283055	0.1623586	0.2565277
46	28	1.283055	0.1623586	0.2565277
46	29	-0.2041555	0.5977127	0.3249662
46	30	-0.2041555	0.5977127	0.3249662
46	31	-0.2041555	0.5977127	0.3249662
46	32	-0.204186	0.5977618	0.324569
46	33	-0.204186	0.5977618	0.324569
46	34	-0.204186	0.5977618	0.324569
46	35	-0.2041555	0.5977127	0.3249662
46	36	-0.2041140	0.5976343	0.3256203
46	37	-0.2041140	0.5976343	0.3256203
47	1	-0.1381512	0.4625773	1.469590
47	2	-0.1381512	0.4625773	1.469590
47	3	-0.1381512	0.4625773	1.469590
47	4	-0.1381512	0.4625773	1.469590
47	5	-0.1768811	0.4678184	1.531785
47	6	-0.1768811	0.4678184	1.531785
47	7	-0.1768811	0.4678184	1.531785
47	8	-0.1768811	0.4678184	1.531785
47	9	-0.02478551	0.5595662	0.1744026
47	10	-0.02478551	0.5595662	0.1744026
47	11	-0.02478551	0.5595662	0.1744026
47	12	-0.02478551	0.5595662	0.1744026
47	13	-0.02478551	0.5595662	0.1744026
47	14	-0.02478551	0.5595662	0.1744026
47	15	-0.02478551	0.5595662	0.1744026
47	16	-0.02478551	0.5595662	0.1744026
47	17	-0.02478551	0.5595662	0.1744026
47	18	-0.02478551	0.5595662	0.1744026
47	19	-0.02478551	0.5595662	0.1744026
47	20	-0.02478551	0.5595662	0.1744026
47	21	-0.02478551	0.5595662	0.1744026
47	22	-0.02478551	0.5595662	0.1744026
47	23	-0.02478551	0.5595662	0.1744026
47	24	-0.02478551	0.5595662	0.1744026
47	25	-0.02478551	0.5595662	0.1744026
47	26	-0.02478551	0.5595662	0.1744026
47	27	-0.02478551	0.5595662	0.1744026
47	28	-0.02478551	0.5595662	0.1744026
47	29	1.444511	0.1086362	0.3131017
47	30	1.444511	0.1086362	0.3131017
47	31	1.444511	0.1086362	0.3131017
47	32	1.445175	0.1084750	0.3127421
47	33	1.445175	0.1084750	0.3127421
47	34	1.445175	0.1084750	0.3127421
47	35	1.444511	0.1086362	0.3131017
47	36	1.443440	0.1088953	0.313691
47	37	1.443440	0.1088953	0.313691
48	1	-0.04364504	0.4230741	1.582552
48	2	-0.04364504	0.4230741	1.582552
48	3	-0.04364504	0.4230741	1.582552
48	4	-0.04364504	0.4230741	1.582552
48	5	-0.2009183	0.5862913	0.4286075
48	6	-0.2009183	0.5862913	0.4286075
48	7	-0.2009183	0.5862913	0.4286075
48	8	-0.2009183	0.5862913	0.4286075
48	9	1.304035	0.1545073	0.2725031
48	10	1.304035	0.1545073	0.2725031
48	11	1.304035	0.1545073	0.2725031
48	12	1.304035	0.1545073	0.2725031
48	13	1.304035	0.1545073	0.2725031
48	14	1.304035	0.1545073	0.2725031
48	15	1.304035	0.1545073	0.2725031
48	16	1.304035	0.1545073	0.2725031
48	17	1.304035	0.1545073	0.2725031
48	18	1.304035	0.1545073	0.2725031
48	19	1.304035	0.1545073	0.2725031
48	20	1.304035	0.1545073	0.2725031
48	21	1.304035	0.1545073	0.2725031
48	22	1.304035	0.1545073	0.2725031
48	23	1.304035	0.1545073	0.2725031
48	24	1.304035	0.1545073	0.2725031
48	25	1.304035	0.1545073	0.2725031
48	26	1.304035	0.1545073	0.2725031
48	27	1.304035	0.1545073	0.2725031
48	28	1.304035	0.1545073	0.2725031
48	29	-0.1901553	0.5945214	0.3153335
48	30	-0.1901553	0.5945214	0.3153335
48	31	-0.1901553	0.5945214	0.3153335
48	32	-0.1901145	0.5945548	0.3148825
48	33	-0.1901145	0.5945548	0.3148825
48	34	-0.1901145	0.5945548	0.3148825
48	35	-0.1901553	0.5945214	0.3153335
48	36	-0.1902298	0.5944687	0.3160758
48	37	-0.1902298	0.5944687	0.3160758
49	1	-0.04364504	0.4230741	1.582552
49	2	-0.04364504	0.4230741	1.582552
49	3	-0.04364504	0.4230741	1.582552
49	4	-0.04364504	0.4230741	1.582552
49	5	-0.2009183	0.5862913	0.4286075
49	6	-0.2009183	0.5862913	0.4286075
49	7	-0.2009183	0.5862913	0.4286075
49	8	-0.2009183	0.5862913	0.4286075
49	9	1.304035	0.1545073	0.2725031
49	10	1.304035	0.1545073	0.2725031
49	11	1.304035	0.1545073	0.2725031
49	12	1.304035	0.1545073	0.2725031
49	13	1.304035	0.1545073	0.2725031
49	14	1.304035	0.1545073	0.2725031
49	15	1.304035	0.1545073	0.2725031
49	16	1.304035	0.1545073	0.2725031
49	17	1.304035	0.1545073	0.2725031
49	18	1.304035	0.1545073	0.2725031
49	19	1.304035	0.1545073	0.2725031
49	20	1.304035	0.1545073	0.2725031
49	21	1.304035	0.1545073	0.2725031
49	22	1.304035	0.1545073	0.2725031
49	23	1.304035	0.1545073	0.2725031
49	24	1.304035	0.1545073	0.2725031
49	25	1.304035	0.1545073	0.2725031
49	26	1.304035	0.1545073	0.2725031
49	27	1.304035	0.1545073	0.2725031
49	28	1.304035	0.1545073	0.2725031
49	29	-0.1901553	0.5945214	0.3153335
49	30	-0.1901553	0.5945214	0.3153335
49	31	-0.1901553	0.5945214	0.3153335
49	32	-0.1901145	0.5945548	0.3148825
49	33	-0.1901145	0.5945548	0.3148825
49	34	-0.1901145	0.5945548	0.3148825
49	35	-0.1901553	0.5945214	0.3153335
49	36	-0.1902298	0.5944687	0.3160758
49	37	-0.1902298	0.5944687	0.3160758
50	1	-0.04364504	0.4230741	1.582552
50	2	-0.04364504	0.4230741	1.582552
50	3	-0.04364504	0.4230741	1.582552
50	4	-0.04364504	0.4230741	1.582552
50	5	-0.2009183	0.5862913	0.4286075
50	6	-0.2009183	0.5862913	0.4286075
50	7	-0.2009183	0.5862913	0.4286075
50	8	-0.2009183	0.5862913	0.4286075
50	9	1.304035	0.1545073	0.2725031
50	10	1.304035	0.1545073	0.2725031
50	11	1.304035	0.1545073	0.2725031
50	12	1.304035	0.1545073	0.2725031
50	13	1.304035	0.1545073	0.2725031
50	14	1.304035	0.1545073	0.2725031
50	15	1.304035	0.1545073	0.2725031
50	16	1.304035	0.1545073	0.2725031
50	17	1.304035	0.1545073	0.2725031
50	18	1.304035	0.1545073	0.2725031
50	19	1.304035	0.1545073	0.2725031
50	20	1.304035	0.1545073	0.2725031
50	21	1.304035	0.1545073	0.2725031
50	22	1.304035	0.1545073	0.2725031
50	23	1.304035	0.1545073	0.2725031
50	24	1.304035	0.1545073	0.2725031
50	25	1.304035	0.1545073	0.2725031
50	26	1.304035	0.1545073	0.2725031
50	27	1.304035	0.1545073	0.2725031
50	28	1.304035	0.1545073	0.2725031
50	29	-0.1901553	0.5945214	0.3153335
50	30	-0.1901553	0.5945214	0.3153335
50	31	-0.1901553	0.5945214	0.3153335
50	32	-0.1901145	0.5945548	0.3148825
50	33	-0.1901145	0.5945548	0.3148825
50	34	-0.1901145	0.5945548	0.3148825
50	35	-0.1901553	0.5945214	0.3153335
50	36	-0.1902298	0.5944687	0.3160758
50	37	-0.1902298	0.5944687	0.3160758
51	1	-0.04364504	0.4230741	1.582552
51	2	-0.04364504	0.4230741	1.582552
51	3	-0.04364504	0.4230741	1.582552
51	4	-0.04364504	0.4230741	1.582552
51	5	-0.2009183	0.5862913	0.4286075
51	6	-0.2009183	0.5862913	0.4286075
51	7	-0.2009183	0.5862913	0.4286075
51	8	-0.2009183	0.5862913	0.4286075
51	9	1.304035	0.1545073	0.2725031
51	10	1.304035	0.1545073	0.2725031
51	11	1.304035	0.1545073	0.2725031
51	12	1.304035	0.1545073	0.2725031
51	13	1.304035	0.1545073	0.2725031
51	14	1.304035	0.1545073	0.2725031
51	15	1.304035	0.1545073	0.2725031
51	16	1.304035	0.1545073	0.2725031
51	17	1.304035	0.1545073	0.2725031
51	18	1.304035	0.1545073	0.2725031
51	19	1.304035	0.1545073	0.2725031
51	20	1.304035	0.1545073	0.2725031
51	21	1.304035	0.1545073	0.2725031
51	22	1.304035	0.1545073	0.2725031
51	23	1.304035	0.1545073	0.2725031
51	24	1.304035	0.1545073	0.2725031
51	25	1.304035	0.1545073	0.2725031
51	26	1.304035	0.1545073	0.2725031
51	27	1.304035	0.1545073	0.2725031
51	28	1.304035	0.1545073	0.2725031
51	29	-0.1901553	0.5945214	0.3153335
51	30	-0.1901553	0.5945214	0.3153335
51	31	-0.1901553	0.5945214	0.3153335
51	32	-0.1901145	0.5945548	0.3148825
51	33	-0.1901145	0.5945548	0.3148825
51	34	-0.1901145	0.5945548	0.3148825
51	35	-0.1901553	0.5945214	0.3153335
51	36	-0.1902298	0.5944687	0.3160758
51	37	-0.1902298	0.5944687	0.3160758
52	1	0.06028	0.3934041	1.570316
52	2	0.06028	0.3934041	1.570316
52	3	0.06028	0.3934041	1.570316
52	4	0.06028	0.3934041	1.570316
52	5	-0.2054860	0.582945	0.4752275
52	6	-0.2054860	0.582945	0.4752275
52	7	-0.2054860	0.582945	0.4752275
52	8	-0.2054860	0.582945	0.4752275
52	9	1.271772	0.1690729	0.223238
52	10	1.271772	0.1690729	0.223238
52	11	1.271772	0.1690729	0.223238
52	12	1.271772	0.1690729	0.223238
52	13	1.271772	0.1690729	0.223238
52	14	1.271772	0.1690729	0.223238
52	15	1.271772	0.1690729	0.223238
52	16	1.271772	0.1690729	0.223238
52	17	1.271772	0.1690729	0.223238
52	18	1.271772	0.1690729	0.223238
52	19	1.271772	0.1690729	0.223238
52	20	1.271772	0.1690729	0.223238
52	21	1.271772	0.1690729	0.223238
52	22	1.271772	0.1690729	0.223238
52	23	1.271772	0.1690729	0.223238
52	24	1.271772	0.1690729	0.223238
52	25	1.271772	0.1690729	0.223238
52	26	1.271772	0.1690729	0.223238
52	27	1.271772	0.1690729	0.223238
52	28	1.271772	0.1690729	0.223238
52	29	-0.1868970	0.5915659	0.3350195
52	30	-0.1868970	0.5915659	0.3350195
52	31	-0.1868970	0.5915659	0.3350195
52	32	-0.186991	0.5916228	0.3347328
52	33	-0.186991	0.5916228	0.3347328
52	34	-0.186991	0.5916228	0.3347328
52	35	-0.1868970	0.5915659	0.3350195
52	36	-0.1867506	0.5914748	0.3354914
52	37	-0.1867506	0.5914748	0.3354914
53	1	0.06028	0.3934041	1.570316
53	2	0.06028	0.3934041	1.570316
53	3	0.06028	0.3934041	1.570316
53	4	0.06028	0.3934041	1.570316
53	5	-0.2054860	0.582945	0.4752275
53	6	-0.2054860	0.582945	0.4752275
53	7	-0.2054860	0.582945	0.4752275
53	8	-0.2054860	0.582945	0.4752275
53	9	1.271772	0.1690729	0.223238
53	10	1.271772	0.1690729	0.223238
53	11	1.271772	0.1690729	0.223238
53	12	1.271772	0.1690729	0.223238
53	13	1.271772	0.1690729	0.223238
53	14	1.271772	0.1690729	0.223238
53	15	1.271772	0.1690729	0.223238
53	16	1.271772	0.1690729	0.223238
53	17	1.271772	0.1690729	0.223238
53	18	1.271772	0.1690729	0.223238
53	19	1.271772	0.1690729	0.223238
53	20	1.271772	0.1690729	0.223238
53	21	1.271772	0.1690729	0.223238
53	22	1.271772	0.1690729	0.223238
53	23	1.271772	0.1690729	0.223238
53	24	1.271772	0.1690729	0.223238
53	25	1.271772	0.1690729	0.223238
53	26	1.271772	0.1690729	0.223238
53	27	1.271772	0.1690729	0.223238
53	28	1.271772	0.1690729	0.223238
53	29	-0.1868970	0.5915659	0.3350195
53	30	-0.1868970	0.5915659	0.3350195
53	31	-0.1868970	0.5915659	0.3350195
53	32	-0.186991	0.5916228	0.3347328
53	33	-0.186991	0.5916228	0.3347328
53	34	-0.186991	0.5916228	0.3347328
53	35	-0.1868970	0.5915659	0.3350195
53	36	-0.1867506	0.5914748	0.3354914
53	37	-0.1867506	0.5914748	0.3354914
54	1	0.03276763	0.4062263	1.524328
54	2	0.03276763	0.4062263	1.524328
54	3	0.03276763	0.4062263	1.524328
54	4	0.03276763	0.4062263	1.524328
54	5	-0.1986020	0.5824927	0.459424
54	6	-0.1986020	0.5824927	0.459424
54	7	-0.1986020	0.5824927	0.459424
54	8	-0.1986020	0.5824927	0.459424
54	9	1.279479	0.1630958	0.2597584
54	10	1.279479	0.1630958	0.2597584
54	11	1.279479	0.1630958	0.2597584
54	12	1.279479	0.1630958	0.2597584
54	13	1.279479	0.1630958	0.2597584
54	14	1.279479	0.1630958	0.2597584
54	15	1.279479	0.1630958	0.2597584
54	16	1.279479	0.1630958	0.2597584
54	17	1.279479	0.1630958	0.2597584
54	18	1.279479	0.1630958	0.2597584
54	19	1.279479	0.1630958	0.2597584
54	20	1.279479	0.1630958	0.2597584
54	21	1.279479	0.1630958	0.2597584
54	22	1.279479	0.1630958	0.2597584
54	23	1.279479	0.1630958	0.2597584
54	24	1.279479	0.1630958	0.2597584
54	25	1.279479	0.1630958	0.2597584
54	26	1.279479	0.1630958	0.2597584
54	27	1.279479	0.1630958	0.2597584
54	28	1.279479	0.1630958	0.2597584
54	29	-0.1815438	0.5907887	0.3269466
54	30	-0.1815438	0.5907887	0.3269466
54	31	-0.1815438	0.5907887	0.3269466
54	32	-0.1815235	0.5908328	0.3264499
54	33	-0.1815235	0.5908328	0.3264499
54	34	-0.1815235	0.5908328	0.3264499
54	35	-0.1815438	0.5907887	0.3269466
54	36	-0.181589	0.5907189	0.3277715
54	37	-0.181589	0.5907189	0.3277715
55	1	-0.1624133	0.5781293	0.3960202
55	2	-0.1624133	0.5781293	0.3960202
55	3	-0.1624133	0.5781293	0.3960202
55	4	-0.1624133	0.5781293	0.3960202
55	5	-0.1624133	0.5781293	0.3960202
55	6	-0.1624133	0.5781293	0.3960202
55	7	-0.1624133	0.5781293	0.3960202
55	8	-0.1624133	0.5781293	0.3960202
55	9	1.260504	0.1531005	0.4147236
55	10	1.260504	0.1531005	0.4147236
55	11	1.260504	0.1531005	0.4147236
55	12	1.260504	0.1531005	0.4147236
55	13	1.260504	0.1531005	0.4147236
55	14	1.260504	0.1531005	0.4147236
55	15	1.260504	0.1531005	0.4147236
55	16	1.260504	0.1531005	0.4147236
55	17	1.260504	0.1531005	0.4147236
55	18	1.260504	0.1531005	0.4147236
55	19	1.260504	0.1531005	0.4147236
55	20	1.260504	0.1531005	0.4147236
55	21	1.260504	0.1531005	0.4147236
55	22	1.260504	0.1531005	0.4147236
55	23	1.260504	0.1531005	0.4147236
55	24	1.260504	0.1531005	0.4147236
55	25	1.260504	0.1531005	0.4147236
55	26	1.260504	0.1531005	0.4147236
55	27	1.260504	0.1531005	0.4147236
55	28	1.260504	0.1531005	0.4147236
55	29	-0.2476534	0.5942617	0.4873464
55	30	-0.2476534	0.5942617	0.4873464
55	31	-0.2476534	0.5942617	0.4873464
55	32	-0.2051986	0.5914053	0.3905434
55	33	-0.2051986	0.5914053	0.3905434
55	34	-0.2051986	0.5914053	0.3905434
55	35	-0.2476534	0.5942617	0.4873464
55	36	-0.1583321	0.5865187	0.3008582
55	37	-0.1583321	0.5865187	0.3008582
56	1	-0.1624133	0.5781293	0.3960202
56	2	-0.1624133	0.5781293	0.3960202
56	3	-0.1624133	0.5781293	0.3960202
56	4	-0.1624133	0.5781293	0.3960202
56	5	-0.1624133	0.5781293	0.3960202
56	6	-0.1624133	0.5781293	0.3960202
56	7	-0.1624133	0.5781293	0.3960202
56	8	-0.1624133	0.5781293	0.3960202
56	9	1.260504	0.1531005	0.4147236
56	10	1.260504	0.1531005	0.4147236
56	11	1.260504	0.1531005	0.4147236
56	12	1.260504	0.1531005	0.4147236
56	13	1.260504	0.1531005	0.4147236
56	14	1.260504	0.1531005	0.4147236
56	15	1.260504	0.1531005	0.4147236
56	16	1.260504	0.1531005	0.4147236
56	17	1.260504	0.1531005	0.4147236
56	18	1.260504	0.1531005	0.4147236
56	19	1.260504	0.1531005	0.4147236
56	20	1.260504	0.1531005	0.4147236
56	21	1.260504	0.1531005	0.4147236
56	22	1.260504	0.1531005	0.4147236
56	23	1.260504	0.1531005	0.4147236
56	24	1.260504	0.1531005	0.4147236
56	25	1.260504	0.1531005	0.4147236
56	26	1.260504	0.1531005	0.4147236
56	27	1.260504	0.1531005	0.4147236
56	28	1.260504	0.1531005	0.4147236
56	29	-0.2476534	0.5942617	0.4873464
56	30	-0.2476534	0.5942617	0.4873464
56	31	-0.2476534	0.5942617	0.4873464
56	32	-0.2051986	0.5914053	0.3905434
56	33	-0.2051986	0.5914053	0.3905434
56	34	-0.2051986	0.5914053	0.3905434
56	35	-0.2476534	0.5942617	0.4873464
56	36	-0.1583321	0.5865187	0.3008582
56	37	-0.1583321	0.5865187	0.3008582
57	1	-0.1624133	0.5781293	0.3960202
57	2	-0.1624133	0.5781293	0.3960202
57	3	-0.1624133	0.5781293	0.3960202
57	4	-0.1624133	0.5781293	0.3960202
57	5	-0.1624133	0.5781293	0.3960202
57	6	-0.1624133	0.5781293	0.3960202
57	7	-0.1624133	0.5781293	0.3960202
57	8	-0.1624133	0.5781293	0.3960202
57	9	1.260504	0.1531005	0.4147236
57	10	1.260504	0.1531005	0.4147236
57	11	1.260504	0.1531005	0.4147236
57	12	1.260504	0.1531005	0.4147236
57	13	1.260504	0.1531005	0.4147236
57	14	1.260504	0.1531005	0.4147236
57	15	1.260504	0.1531005	0.4147236
57	16	1.260504	0.1531005	0.4147236
57	17	1.260504	0.1531005	0.4147236
57	18	1.260504	0.1531005	0.4147236
57	19	1.260504	0.1531005	0.4147236
57	20	1.260504	0.1531005	0.4147236
57	21	1.260504	0.1531005	0.4147236
57	22	1.260504	0.1531005	0.4147236
57	23	1.260504	0.1531005	0.4147236
57	24	1.260504	0.1531005	0.4147236
57	25	1.260504	0.1531005	0.4147236
57	26	1.260504	0.1531005	0.4147236
57	27	1.260504	0.1531005	0.4147236
57	28	1.260504	0.1531005	0.4147236
57	29	-0.2476534	0.5942617	0.4873464
57	30	-0.2476534	0.5942617	0.4873464
57	31	-0.2476534	0.5942617	0.4873464
57	32	-0.2051986	0.5914053	0.3905434
57	33	-0.2051986	0.5914053	0.3905434
57	34	-0.2051986	0.5914053	0.3905434
57	35	-0.2476534	0.5942617	0.4873464
57	36	-0.1583321	0.5865187	0.3008582
57	37	-0.1583321	0.5865187	0.3008582
58	1	-0.1624133	0.5781293	0.3960202
58	2	-0.1624133	0.5781293	0.3960202
58	3	-0.1624133	0.5781293	0.3960202
58	4	-0.1624133	0.5781293	0.3960202
58	5	-0.1624133	0.5781293	0.3960202
58	6	-0.1624133	0.5781293	0.3960202
58	7	-0.1624133	0.5781293	0.3960202
58	8	-0.1624133	0.5781293	0.3960202
58	9	1.260504	0.1531005	0.4147236
58	10	1.260504	0.1531005	0.4147236
58	11	1.260504	0.1531005	0.4147236
58	12	1.260504	0.1531005	0.4147236
58	13	1.260504	0.1531005	0.4147236
58	14	1.260504	0.1531005	0.4147236
58	15	1.260504	0.1531005	0.4147236
58	16	1.260504	0.1531005	0.4147236
58	17	1.260504	0.1531005	0.4147236
58	18	1.260504	0.1531005	0.4147236
58	19	1.260504	0.1531005	0.4147236
58	20	1.260504	0.1531005	0.4147236
58	21	1.260504	0.1531005	0.4147236
58	22	1.260504	0.1531005	0.4147236
58	23	1.260504	0.1531005	0.4147236
58	24	1.260504	0.1531005	0.4147236
58	25	1.260504	0.1531005	0.4147236
58	26	1.260504	0.1531005	0.4147236
58	27	1.260504	0.1531005	0.4147236
58	28	1.260504	0.1531005	0.4147236
58	29	-0.2476534	0.5942617	0.4873464
58	30	-0.2476534	0.5942617	0.4873464
58	31	-0.2476534	0.5942617	0.4873464
58	32	-0.2051986	0.5914053	0.3905434
58	33	-0.2051986	0.5914053	0.3905434
58	34	-0.2051986	0.5914053	0.3905434
58	35	-0.2476534	0.5942617	0.4873464
58	36	-0.1583321	0.5865187	0.3008582
58	37	-0.1583321	0.5865187	0.3008582
59	1	-0.1624133	0.5781293	0.3960202
59	2	-0.1624133	0.5781293	0.3960202
59	3	-0.1624133	0.5781293	0.3960202
59	4	-0.1624133	0.5781293	0.3960202
59	5	-0.1624133	0.5781293	0.3960202
59	6	-0.1624133	0.5781293	0.3960202
59	7	-0.1624133	0.5781293	0.3960202
59	8	-0.1624133	0.5781293	0.3960202
59	9	1.260504	0.1531005	0.4147236
59	10	1.260504	0.1531005	0.4147236
59	11	1.260504	0.1531005	0.4147236
59	12	1.260504	0.1531005	0.4147236
59	13	1.260504	0.1531005	0.4147236
59	14	1.260504	0.1531005	0.4147236
59	15	1.260504	0.1531005	0.4147236
59	16	1.260504	0.1531005	0.4147236
59	17	1.260504	0.1531005	0.4147236
59	18	1.260504	0.1531005	0.4147236
59	19	1.260504	0.1531005	0.4147236
59	20	1.260504	0.1531005	0.4147236
59	21	1.260504	0.1531005	0.4147236
59	22	1.260504	0.1531005	0.4147236
59	23	1.260504	0.1531005	0.4147236
59	24	1.260504	0.1531005	0.4147236
59	25	1.260504	0.1531005	0.4147236
59	26	1.260504	0.1531005	0.4147236
59	27	1.260504	0.1531005	0.4147236
59	28	1.260504	0.1531005	0.4147236
59	29	-0.2476534	0.5942617	0.4873464
59	30	-0.2476534	0.5942617	0.4873464
59	31	-0.2476534	0.5942617	0.4873464
59	32	-0.2051986	0.5914053	0.3905434
59	33	-0.2051986	0.5914053	0.3905434
59	34	-0.2051986	0.5914053	0.3905434
59	35	-0.2476534	0.5942617	0.4873464
59	36	-0.1583321	0.5865187	0.3008582
59	37	-0.1583321	0.5865187	0.3008582
60	1	-0.1624133	0.5781293	0.3960202
60	2	-0.1624133	0.5781293	0.3960202
60	3	-0.1624133	0.5781293	0.3960202
60	4	-0.1624133	0.5781293	0.3960202
60	5	-0.1624133	0.5781293	0.3960202
60	6	-0.1624133	0.5781293	0.3960202
60	7	-0.1624133	0.5781293	0.3960202
60	8	-0.1624133	0.5781293	0.3960202
60	9	1.260504	0.1531005	0.4147236
60	10	1.260504	0.1531005	0.4147236
60	11	1.260504	0.1531005	0.4147236
60	12	1.260504	0.1531005	0.4147236
60	13	1.260504	0.1531005	0.4147236
60	14	1.260504	0.1531005	0.4147236
60	15	1.260504	0.1531005	0.4147236
60	16	1.260504	0.1531005	0.4147236
60	17	1.260504	0.1531005	0.4147236
60	18	1.260504	0.1531005	0.4147236
60	19	1.260504	0.1531005	0.4147236
60	20	1.260504	0.1531005	0.4147236
60	21	1.260504	0.1531005	0.4147236
60	22	1.260504	0.1531005	0.4147236
60	23	1.260504	0.1531005	0.4147236
60	24	1.260504	0.1531005	0.4147236
60	25	1.260504	0.1531005	0.4147236
60	26	1.260504	0.1531005	0.4147236
60	27	1.260504	0.1531005	0.4147236
60	28	1.260504	0.1531005	0.4147236
60	29	-0.2476534	0.5942617	0.4873464
60	30	-0.2476534	0.5942617	0.4873464
60	31	-0.2476534	0.5942617	0.4873464
60	32	-0.2051986	0.5914053	0.3905434
60	33	-0.2051986	0.5914053	0.3905434
60	34	-0.2051986	0.5914053	0.3905434
60	35	-0.2476534	0.5942617	0.4873464
60	36	-0.1583321	0.5865187	0.3008582
60	37	-0.1583321	0.5865187	0.3008582
61	1	-0.1624133	0.5781293	0.3960202
61	2	-0.1624133	0.5781293	0.3960202
61	3	-0.1624133	0.5781293	0.3960202
61	4	-0.1624133	0.5781293	0.3960202
61	5	-0.1624133	0.5781293	0.3960202
61	6	-0.1624133	0.5781293	0.3960202
61	7	-0.1624133	0.5781293	0.3960202
61	8	-0.1624133	0.5781293	0.3960202
61	9	1.260504	0.1531005	0.4147236
61	10	1.260504	0.1531005	0.4147236
61	11	1.260504	0.1531005	0.4147236
61	12	1.260504	0.1531005	0.4147236
61	13	1.260504	0.1531005	0.4147236
61	14	1.260504	0.1531005	0.4147236
61	15	1.260504	0.1531005	0.4147236
61	16	1.260504	0.1531005	0.4147236
61	17	1.260504	0.1531005	0.4147236
61	18	1.260504	0.1531005	0.4147236
61	19	1.260504	0.1531005	0.4147236
61	20	1.260504	0.1531005	0.4147236
61	21	1.260504	0.1531005	0.4147236
61	22	1.260504	0.1531005	0.4147236
61	23	1.260504	0.1531005	0.4147236
61	24	1.260504	0.1531005	0.4147236
61	25	1.260504	0.1531005	0.4147236
61	26	1.260504	0.1531005	0.4147236
61	27	1.260504	0.1531005	0.4147236
61	28	1.260504	0.1531005	0.4147236
61	29	-0.2476534	0.5942617	0.4873464
61	30	-0.2476534	0.5942617	0.4873464
61	31	-0.2476534	0.5942617	0.4873464
61	32	-0.2051986	0.5914053	0.3905434
61	33	-0.2051986	0.5914053	0.3905434
61	34	-0.2051986	0.5914053	0.3905434
61	35	-0.2476534	0.5942617	0.4873464
61	36	-0.1583321	0.5865187	0.3008582
61	37	-0.1583321	0.5865187	0.3008582
62	1	-0.1624133	0.5781293	0.3960202
62	2	-0.1624133	0.5781293	0.3960202
62	3	-0.1624133	0.5781293	0.3960202
62	4	-0.1624133	0.5781293	0.3960202
62	5	-0.1624133	0.5781293	0.3960202
62	6	-0.1624133	0.5781293	0.3960202
62	7	-0.1624133	0.5781293	0.3960202
62	8	-0.1624133	0.5781293	0.3960202
62	9	1.260504	0.1531005	0.4147236
62	10	1.260504	0.1531005	0.4147236
62	11	1.260504	0.1531005	0.4147236
62	12	1.260504	0.1531005	0.4147236
62	13	1.260504	0.1531005	0.4147236
62	14	1.260504	0.1531005	0.4147236
62	15	1.260504	0.1531005	0.4147236
62	16	1.260504	0.1531005	0.4147236
62	17	1.260504	0.1531005	0.4147236
62	18	1.260504	0.1531005	0.4147236
62	19	1.260504	0.1531005	0.4147236
62	20	1.260504	0.1531005	0.4147236
62	21	1.260504	0.1531005	0.4147236
62	22	1.260504	0.1531005	0.4147236
62	23	1.260504	0.1531005	0.4147236
62	24	1.260504	0.1531005	0.4147236
62	25	1.260504	0.1531005	0.4147236
62	26	1.260504	0.1531005	0.4147236
62	27	1.260504	0.1531005	0.4147236
62	28	1.260504	0.1531005	0.4147236
62	29	-0.2476534	0.5942617	0.4873464
62	30	-0.2476534	0.5942617	0.4873464
62	31	-0.2476534	0.5942617	0.4873464
62	32	-0.2051986	0.5914053	0.3905434
62	33	-0.2051986	0.5914053	0.3905434
62	34	-0.2051986	0.5914053	0.3905434
62	35	-0.2476534	0.5942617	0.4873464
62	36	-0.1583321	0.5865187	0.3008582
62	37	-0.1583321	0.5865187	0.3008582
63	1	-0.1624133	0.5781293	0.3960202
63	2	-0.1624133	0.5781293	0.3960202
63	3	-0.1624133	0.5781293	0.3960202
63	4	-0.1624133	0.5781293	0.3960202
63	5	-0.1624133	0.5781293	0.3960202
63	6	-0.1624133	0.5781293	0.3960202
63	7	-0.1624133	0.5781293	0.3960202
63	8	-0.1624133	0.5781293	0.3960202
63	9	1.260504	0.1531005	0.4147236
63	10	1.260504	0.1531005	0.4147236
63	11	1.260504	0.1531005	0.4147236
63	12	1.260504	0.1531005	0.4147236
63	13	1.260504	0.1531005	0.4147236
63	14	1.260504	0.1531005	0.4147236
63	15	1.260504	0.1531005	0.4147236
63	16	1.260504	0.1531005	0.4147236
63	17	1.260504	0.1531005	0.4147236
63	18	1.260504	0.1531005	0.4147236
63	19	1.260504	0.1531005	0.4147236
63	20	1.260504	0.1531005	0.4147236
63	21	1.260504	0.1531005	0.4147236
63	22	1.260504	0.1531005	0.4147236
63	23	1.260504	0.1531005	0.4147236
63	24	1.260504	0.1531005	0.4147236
63	25	1.260504	0.1531005	0.4147236
63	26	1.260504	0.1531005	0.4147236
63	27	1.260504	0.1531005	0.4147236
63	28	1.260504	0.1531005	0.4147236
63	29	-0.2476534	0.5942617	0.4873464
63	30	-0.2476534	0.5942617	0.4873464
63	31	-0.2476534	0.5942617	0.4873464
63	32	-0.2051986	0.5914053	0.3905434
63	33	-0.2051986	0.5914053	0.3905434
63	34	-0.2051986	0.5914053	0.3905434
63	35	-0.2476534	0.5942617	0.4873464
63	36	-0.1583321	0.5865187	0.3008582
63	37	-0.1583321	0.5865187	0.3008582
64	1	-0.1624133	0.5781293	0.3960202
64	2	-0.1624133	0.5781293	0.3960202
64	3	-0.1624133	0.5781293	0.3960202
64	4	-0.1624133	0.5781293	0.3960202
64	5	-0.1624133	0.5781293	0.3960202
64	6	-0.1624133	0.5781293	0.3960202
64	7	-0.1624133	0.5781293	0.3960202
64	8	-0.1624133	0.5781293	0.3960202
64	9	1.260504	0.1531005	0.4147236
64	10	1.260504	0.1531005	0.4147236
64	11	1.260504	0.1531005	0.4147236
64	12	1.260504	0.1531005	0.4147236
64	13	1.260504	0.1531005	0.4147236
64	14	1.260504	0.1531005	0.4147236
64	15	1.260504	0.1531005	0.4147236
64	16	1.260504	0.1531005	0.4147236
64	17	1.260504	0.1531005	0.4147236
64	18	1.260504	0.1531005	0.4147236
64	19	1.260504	0.1531005	0.4147236
64	20	1.260504	0.1531005	0.4147236
64	21	1.260504	0.1531005	0.4147236
64	22	1.260504	0.1531005	0.4147236
64	23	1.260504	0.1531005	0.4147236
64	24	1.260504	0.1531005	0.4147236
64	25	1.260504	0.1531005	0.4147236
64	26	1.260504	0.1531005	0.4147236
64	27	1.260504	0.1531005	0.4147236
64	28	1.260504	0.1531005	0.4147236
64	29	-0.2476534	0.5942617	0.4873464
64	30	-0.2476534	0.5942617	0.4873464
64	31	-0.2476534	0.5942617	0.4873464
64	32	-0.2051986	0.5914053	0.3905434
64	33	-0.2051986	0.5914053	0.3905434
64	34	-0.2051986	0.5914053	0.3905434
64	35	-0.2476534	0.5942617	0.4873464
64	36	-0.1583321	0.5865187	0.3008582
64	37	-0.1583321	0.5865187	0.3008582
65	1	-0.1210759	0.5653795	0.4005491
65	2	-0.1210759	0.5653795	0.4005491
65	3	-0.1210759	0.5653795	0.4005491
65	4	-0.1210759	0.5653795	0.4005491
65	5	-0.1210759	0.5653795	0.4005491
65	6	-0.1210759	0.5653795	0.4005491
65	7	-0.1210759	0.5653795	0.4005491
65	8	-0.1210759	0.5653795	0.4005491
65	9	-0.1210759	0.5653795	0.4005491
65	10	-0.1210759	0.5653795	0.4005491
65	11	-0.1210759	0.5653795	0.4005491
65	12	-0.1210759	0.5653795	0.4005491
65	13	-0.1210759	0.5653795	0.4005491
65	14	-0.1210759	0.5653795	0.4005491
65	15	-0.1210759	0.5653795	0.4005491
65	16	-0.1210759	0.5653795	0.4005491
65	17	-0.1210759	0.5653795	0.4005491
65	18	-0.1210759	0.5653795	0.4005491
65	19	-0.1210759	0.5653795	0.4005491
65	20	-0.1210759	0.5653795	0.4005491
65	21	-0.1210759	0.5653795	0.4005491
65	22	-0.1210759	0.5653795	0.4005491
65	23	-0.1210759	0.5653795	0.4005491
65	24	-0.1210759	0.5653795	0.4005491
65	25	-0.1210759	0.5653795	0.4005491
65	26	-0.1210759	0.5653795	0.4005491
65	27	-0.1210759	0.5653795	0.4005491
65	28	-0.1210759	0.5653795	0.4005491
65	29	1.061850	0.1914471	0.6201313
65	30	1.061850	0.1914471	0.6201313
65	31	1.061850	0.1914471	0.6201313
65	32	1.214412	0.1714770	0.3684490
65	33	1.214412	0.1714770	0.3684490
65	34	1.214412	0.1714770	0.3684490
65	35	1.061850	0.1914471	0.6201313
65	36	1.206103	0.1916641	0.1928887
65	37	1.206103	0.1916641	0.1928887
66	1	-0.1210759	0.5653795	0.4005491
66	2	-0.1210759	0.5653795	0.4005491
66	3	-0.1210759	0.5653795	0.4005491
66	4	-0.1210759	0.5653795	0.4005491
66	5	-0.1210759	0.5653795	0.4005491
66	6	-0.1210759	0.5653795	0.4005491
66	7	-0.1210759	0.5653795	0.4005491
66	8	-0.1210759	0.5653795	0.4005491
66	9	-0.1210759	0.5653795	0.4005491
66	10	-0.1210759	0.5653795	0.4005491
66	11	-0.1210759	0.5653795	0.4005491
66	12	-0.1210759	0.5653795	0.4005491
66	13	-0.1210759	0.5653795	0.4005491
66	14	-0.1210759	0.5653795	0.4005491
66	15	-0.1210759	0.5653795	0.4005491
66	16	-0.1210759	0.5653795	0.4005491
66	17	-0.1210759	0.5653795	0.4005491
66	18	-0.1210759	0.5653795	0.4005491
66	19	-0.1210759	0.5653795	0.4005491
66	20	-0.1210759	0.5653795	0.4005491
66	21	-0.1210759	0.5653795	0.4005491
66	22	-0.1210759	0.5653795	0.4005491
66	23	-0.1210759	0.5653795	0.4005491
66	24	-0.1210759	0.5653795	0.4005491
66	25	-0.1210759	0.5653795	0.4005491
66	26	-0.1210759	0.5653795	0.4005491
66	27	-0.1210759	0.5653795	0.4005491
66	28	-0.1210759	0.5653795	0.4005491
66	29	1.061850	0.1914471	0.6201313
66	30	1.061850	0.1914471	0.6201313
66	31	1.061850	0.1914471	0.6201313
66	32	1.214412	0.1714770	0.3684490
66	33	1.214412	0.1714770	0.3684490
66	34	1.214412	0.1714770	0.3684490
66	35	1.061850	0.1914471	0.6201313
66	36	1.206103	0.1916641	0.1928887
66	37	1.206103	0.1916641	0.1928887
67	1	-0.1210759	0.5653795	0.4005491
67	2	-0.1210759	0.5653795	0.4005491
67	3	-0.1210759	0.5653795	0.4005491
67	4	-0.1210759	0.5653795	0.4005491
67	5	-0.1210759	0.5653795	0.4005491
67	6	-0.1210759	0.5653795	0.4005491
67	7	-0.1210759	0.5653795	0.4005491
67	8	-0.1210759	0.5653795	0.4005491
67	9	-0.1210759	0.5653795	0.4005491
67	10	-0.1210759	0.5653795	0.4005491
67	11	-0.1210759	0.5653795	0.4005491
67	12	-0.1210759	0.5653795	0.4005491
67	13	-0.1210759	0.5653795	0.4005491
67	14	-0.1210759	0.5653795	0.4005491
67	15	-0.1210759	0.5653795	0.4005491
67	16	-0.1210759	0.5653795	0.4005491
67	17	-0.1210759	0.5653795	0.4005491
67	18	-0.1210759	0.5653795	0.4005491
67	19	-0.1210759	0.5653795	0.4005491
67	20	-0.1210759	0.5653795	0.4005491
67	21	-0.1210759	0.5653795	0.4005491
67	22	-0.1210759	0.5653795	0.4005491
67	23	-0.1210759	0.5653795	0.4005491
67	24	-0.1210759	0.5653795	0.4005491
67	25	-0.1210759	0.5653795	0.4005491
67	26	-0.1210759	0.5653795	0.4005491
67	27	-0.1210759	0.5653795	0.4005491
67	28	-0.1210759	0.5653795	0.4005491
67	29	1.061850	0.1914471	0.6201313
67	30	1.061850	0.1914471	0.6201313
67	31	1.061850	0.1914471	0.6201313
67	32	1.214412	0.1714770	0.3684490
67	33	1.214412	0.1714770	0.3684490
67	34	1.214412	0.1714770	0.3684490
67	35	1.061850	0.1914471	0.6201313
67	36	1.206103	0.1916641	0.1928887
67	37	1.206103	0.1916641	0.1928887
68	1	-0.1210759	0.5653795	0.4005491
68	2	-0.1210759	0.5653795	0.4005491
68	3	-0.1210759	0.5653795	0.4005491
68	4	-0.1210759	0.5653795	0.4005491
68	5	-0.1210759	0.5653795	0.4005491
68	6	-0.1210759	0.5653795	0.4005491
68	7	-0.1210759	0.5653795	0.4005491
68	8	-0.1210759	0.5653795	0.4005491
68	9	-0.1210759	0.5653795	0.4005491
68	10	-0.1210759	0.5653795	0.4005491
68	11	-0.1210759	0.5653795	0.4005491
68	12	-0.1210759	0.5653795	0.4005491
68	13	-0.1210759	0.5653795	0.4005491
68	14	-0.1210759	0.5653795	0.4005491
68	15	-0.1210759	0.5653795	0.4005491
68	16	-0.1210759	0.5653795	0.4005491
68	17	-0.1210759	0.5653795	0.4005491
68	18	-0.1210759	0.5653795	0.4005491
68	19	-0.1210759	0.5653795	0.4005491
68	20	-0.1210759	0.5653795	0.4005491
68	21	-0.1210759	0.5653795	0.4005491
68	22	-0.1210759	0.5653795	0.4005491
68	23	-0.1210759	0.5653795	0.4005491
68	24	-0.1210759	0.5653795	0.4005491
68	25	-0.1210759	0.5653795	0.4005491
68	26	-0.1210759	0.5653795	0.4005491
68	27	-0.1210759	0.5653795	0.4005491
68	28	-0.1210759	0.5653795	0.4005491
68	29	1.061850	0.1914471	0.6201313
68	30	1.061850	0.1914471	0.6201313
68	31	1.061850	0.1914471	0.6201313
68	32	1.214412	0.1714770	0.3684490
68	33	1.214412	0.1714770	0.3684490
68	34	1.214412	0.1714770	0.3684490
68	35	1.061850	0.1914471	0.6201313
68	36	1.206103	0.1916641	0.1928887
68	37	1.206103	0.1916641	0.1928887
69	1	-0.1210759	0.5653795	0.4005491
69	2	-0.1210759	0.5653795	0.4005491
69	3	-0.1210759	0.5653795	0.4005491
69	4	-0.1210759	0.5653795	0.4005491
69	5	-0.1210759	0.5653795	0.4005491
69	6	-0.1210759	0.5653795	0.4005491
69	7	-0.1210759	0.5653795	0.4005491
69	8	-0.1210759	0.5653795	0.4005491
69	9	-0.1210759	0.5653795	0.4005491
69	10	-0.1210759	0.5653795	0.4005491
69	11	-0.1210759	0.5653795	0.4005491
69	12	-0.1210759	0.5653795	0.4005491
69	13	-0.1210759	0.5653795	0.4005491
69	14	-0.1210759	0.5653795	0.4005491
69	15	-0.1210759	0.5653795	0.4005491
69	16	-0.1210759	0.5653795	0.4005491
69	17	-0.1210759	0.5653795	0.4005491
69	18	-0.1210759	0.5653795	0.4005491
69	19	-0.1210759	0.5653795	0.4005491
69	20	-0.1210759	0.5653795	0.4005491
69	21	-0.1210759	0.5653795	0.4005491
69	22	-0.1210759	0.5653795	0.4005491
69	23	-0.1210759	0.5653795	0.4005491
69	24	-0.1210759	0.5653795	0.4005491
69	25	-0.1210759	0.5653795	0.4005491
69	26	-0.1210759	0.5653795	0.4005491
69	27	-0.1210759	0.5653795	0.4005491
69	28	-0.1210759	0.5653795	0.4005491
69	29	1.061850	0.1914471	0.6201313
69	30	1.061850	0.1914471	0.6201313
69	31	1.061850	0.1914471	0.6201313
69	32	1.214412	0.1714770	0.3684490
69	33	1.214412	0.1714770	0.3684490
69	34	1.214412	0.1714770	0.3684490
69	35	1.061850	0.1914471	0.6201313
69	36	1.206103	0.1916641	0.1928887
69	37	1.206103	0.1916641	0.1928887
70	1	-0.1210759	0.5653795	0.4005491
70	2	-0.1210759	0.5653795	0.4005491
70	3	-0.1210759	0.5653795	0.4005491
70	4	-0.1210759	0.5653795	0.4005491
70	5	-0.1210759	0.5653795	0.4005491
70	6	-0.1210759	0.5653795	0.4005491
70	7	-0.1210759	0.5653795	0.4005491
70	8	-0.1210759	0.5653795	0.4005491
70	9	-0.1210759	0.5653795	0.4005491
70	10	-0.1210759	0.5653795	0.4005491
70	11	-0.1210759	0.5653795	0.4005491
70	12	-0.1210759	0.5653795	0.4005491
70	13	-0.1210759	0.5653795	0.4005491
70	14	-0.1210759	0.5653795	0.4005491
70	15	-0.1210759	0.5653795	0.4005491
70	16	-0.1210759	0.5653795	0.4005491
70	17	-0.1210759	0.5653795	0.4005491
70	18	-0.1210759	0.5653795	0.4005491
70	19	-0.1210759	0.5653795	0.4005491
70	20	-0.1210759	0.5653795	0.4005491
70	21	-0.1210759	0.5653795	0.4005491
70	22	-0.1210759	0.5653795	0.4005491
70	23	-0.1210759	0.5653795	0.4005491
70	24	-0.1210759	0.5653795	0.4005491
70	25	-0.1210759	0.5653795	0.4005491
70	26	-0.1210759	0.5653795	0.4005491
70	27	-0.1210759	0.5653795	0.4005491
70	28	-0.1210759	0.5653795	0.4005491
70	29	1.061850	0.1914471	0.6201313
70	30	1.061850	0.1914471	0.6201313
70	31	1.061850	0.1914471	0.6201313
70	32	1.214412	0.1714770	0.3684490
70	33	1.214412	0.1714770	0.3684490
70	34	1.214412	0.1714770	0.3684490
70	35	1.061850	0.1914471	0.6201313
70	36	1.206103	0.1916641	0.1928887
70	37	1.206103	0.1916641	0.1928887
