1	1	1.120904	0.1941041	0.4197782
1	2	1.120904	0.1941041	0.4197782
1	3	1.120904	0.1941041	0.4197782
1	4	1.120904	0.1941041	0.4197782
1	5	1.120904	0.1941041	0.4197782
1	6	1.120904	0.1941041	0.4197782
2	1	1.290070	0.1435050	0.4226833
2	4	-0.1367959	0.5702933	0.39818
2	5	-0.1367959	0.5702933	0.39818
2	6	-0.1367959	0.5702933	0.39818
3	1	1.270813	0.1492649	0.4223526
3	5	-0.1460260	0.5730541	0.3980215
3	6	-0.1460260	0.5730541	0.3980215
4	1	0.1213418	0.5254704	0.08166
4	2	-0.2542343	0.5775063	0.6727768
4	3	-0.2542343	0.5775063	0.6727768
4	5	1.246922	0.155421	0.4317528
4	6	1.246922	0.155421	0.4317528
5	1	-0.002911002	0.5546766	0.1583952
5	2	-0.2893795	0.5785555	0.7659479
5	5	1.229035	0.1617611	0.4216351
5	6	1.229035	0.1617611	0.4216351
6	1	-0.1642458	0.5785039	0.3977086
6	2	-0.1642458	0.5785039	0.3977086
6	5	1.232647	0.1606808	0.4216971
6	6	1.232647	0.1606808	0.4216971
7	1	-0.1642458	0.5785039	0.3977086
7	2	-0.1642458	0.5785039	0.3977086
7	3	-0.1642458	0.5785039	0.3977086
7	4	1.232647	0.1606808	0.4216971
7	5	1.232647	0.1606808	0.4216971
7	6	1.232647	0.1606808	0.4216971
8	1	-0.1642458	0.5785039	0.3977086
8	2	-0.1642458	0.5785039	0.3977086
8	3	-0.1642458	0.5785039	0.3977086
8	4	1.232647	0.1606808	0.4216971
8	5	1.232647	0.1606808	0.4216971
8	6	1.232647	0.1606808	0.4216971
9	1	-0.1642458	0.5785039	0.3977086
9	2	-0.1642458	0.5785039	0.3977086
9	3	-0.1642458	0.5785039	0.3977086
9	4	1.232647	0.1606808	0.4216971
9	5	1.232647	0.1606808	0.4216971
9	6	1.232647	0.1606808	0.4216971
10	4	1.120904	0.1941041	0.4197782
10	5	1.120904	0.1941041	0.4197782
10	6	1.120904	0.1941041	0.4197782
24	1	-0.1642458	0.5785039	0.3977086
24	2	-0.1642458	0.5785039	0.3977086
24	3	-0.1642458	0.5785039	0.3977086
24	4	1.232647	0.1606808	0.4216971
24	5	1.232647	0.1606808	0.4216971
24	6	1.232647	0.1606808	0.4216971
25	1	-0.1642458	0.5785039	0.3977086
25	2	-0.1642458	0.5785039	0.3977086
25	3	-0.1642458	0.5785039	0.3977086
25	4	1.232647	0.1606808	0.4216971
25	5	1.232647	0.1606808	0.4216971
25	6	1.232647	0.1606808	0.4216971
26	1	-0.1642458	0.5785039	0.3977086
26	2	-0.1642458	0.5785039	0.3977086
26	3	-0.1642458	0.5785039	0.3977086
26	4	1.232647	0.1606808	0.4216971
26	5	1.232647	0.1606808	0.4216971
26	6	1.232647	0.1606808	0.4216971
27	1	-0.1642458	0.5785039	0.3977086
27	2	-0.1642458	0.5785039	0.3977086
27	3	-0.1642458	0.5785039	0.3977086
27	4	1.232647	0.1606808	0.4216971
27	5	1.232647	0.1606808	0.4216971
27	6	1.232647	0.1606808	0.4216971
28	1	-0.1642458	0.5785039	0.3977086
28	2	-0.1642458	0.5785039	0.3977086
28	3	-0.1642458	0.5785039	0.3977086
28	4	1.232647	0.1606808	0.4216971
28	5	1.232647	0.1606808	0.4216971
28	6	1.232647	0.1606808	0.4216971
29	1	-0.1642458	0.5785039	0.3977086
29	2	-0.1642458	0.5785039	0.3977086
29	3	-0.1642458	0.5785039	0.3977086
29	4	1.232647	0.1606808	0.4216971
29	5	1.232647	0.1606808	0.4216971
29	6	1.232647	0.1606808	0.4216971
30	1	-0.1642458	0.5785039	0.3977086
30	2	-0.1642458	0.5785039	0.3977086
30	3	-0.1642458	0.5785039	0.3977086
30	4	1.232647	0.1606808	0.4216971
30	5	1.232647	0.1606808	0.4216971
30	6	1.232647	0.1606808	0.4216971
33	1	0.0625775	0.5404115	0.1067704
33	2	-0.2519049	0.5816642	0.6247102
33	3	-0.2519049	0.5816642	0.6247102
33	4	1.225914	0.1619469	0.428991
33	5	1.225914	0.1619469	0.428991
33	6	1.225914	0.1619469	0.428991
34	1	-0.1367959	0.5702933	0.39818
34	2	-0.1367959	0.5702933	0.39818
34	3	-0.1367959	0.5702933	0.39818
34	4	1.176261	0.1775463	0.4207288
34	5	1.176261	0.1775463	0.4207288
34	6	1.176261	0.1775463	0.4207288
35	1	-0.1367959	0.5702933	0.39818
35	2	-0.1367959	0.5702933	0.39818
35	3	-0.1367959	0.5702933	0.39818
35	4	1.176261	0.1775463	0.4207288
35	5	1.176261	0.1775463	0.4207288
35	6	1.176261	0.1775463	0.4207288
36	1	-0.1367959	0.5702933	0.39818
36	2	-0.1367959	0.5702933	0.39818
36	3	-0.1367959	0.5702933	0.39818
36	4	1.176261	0.1775463	0.4207288
36	5	1.176261	0.1775463	0.4207288
36	6	1.176261	0.1775463	0.4207288
37	1	1.120904	0.1941041	0.4197782
37	2	1.120904	0.1941041	0.4197782
37	3	1.120904	0.1941041	0.4197782
37	4	1.120904	0.1941041	0.4197782
37	5	1.120904	0.1941041	0.4197782
37	6	1.120904	0.1941041	0.4197782
38	1	1.120904	0.1941041	0.4197782
38	2	1.120904	0.1941041	0.4197782
38	3	1.120904	0.1941041	0.4197782
38	4	1.120904	0.1941041	0.4197782
38	5	1.120904	0.1941041	0.4197782
38	6	1.120904	0.1941041	0.4197782
39	1	1.120904	0.1941041	0.4197782
39	2	1.120904	0.1941041	0.4197782
39	3	1.120904	0.1941041	0.4197782
39	4	1.120904	0.1941041	0.4197782
39	5	1.120904	0.1941041	0.4197782
39	6	1.120904	0.1941041	0.4197782
40	1	1.120904	0.1941041	0.4197782
40	2	1.120904	0.1941041	0.4197782
40	3	1.120904	0.1941041	0.4197782
40	4	1.120904	0.1941041	0.4197782
40	5	1.120904	0.1941041	0.4197782
40	6	1.120904	0.1941041	0.4197782
41	1	1.120904	0.1941041	0.4197782
41	2	1.120904	0.1941041	0.4197782
41	3	1.120904	0.1941041	0.4197782
41	4	1.120904	0.1941041	0.4197782
41	5	1.120904	0.1941041	0.4197782
41	6	1.120904	0.1941041	0.4197782
42	1	1.120904	0.1941041	0.4197782
42	2	1.120904	0.1941041	0.4197782
42	3	1.120904	0.1941041	0.4197782
42	4	1.120904	0.1941041	0.4197782
42	5	1.120904	0.1941041	0.4197782
42	6	1.120904	0.1941041	0.4197782
43	1	1.120904	0.1941041	0.4197782
43	2	1.120904	0.1941041	0.4197782
43	3	1.120904	0.1941041	0.4197782
43	4	1.120904	0.1941041	0.4197782
43	5	1.120904	0.1941041	0.4197782
43	6	1.120904	0.1941041	0.4197782
44	1	1.120904	0.1941041	0.4197782
44	2	1.120904	0.1941041	0.4197782
44	3	1.120904	0.1941041	0.4197782
44	4	1.120904	0.1941041	0.4197782
44	5	1.120904	0.1941041	0.4197782
44	6	1.120904	0.1941041	0.4197782
45	1	1.120904	0.1941041	0.4197782
45	2	1.120904	0.1941041	0.4197782
45	3	1.120904	0.1941041	0.4197782
45	4	1.120904	0.1941041	0.4197782
45	5	1.120904	0.1941041	0.4197782
45	6	1.120904	0.1941041	0.4197782
46	1	1.120904	0.1941041	0.4197782
46	2	1.120904	0.1941041	0.4197782
46	3	1.120904	0.1941041	0.4197782
46	4	1.120904	0.1941041	0.4197782
46	5	1.120904	0.1941041	0.4197782
46	6	1.120904	0.1941041	0.4197782
47	1	1.120904	0.1941041	0.4197782
47	2	1.120904	0.1941041	0.4197782
47	3	1.120904	0.1941041	0.4197782
47	4	1.120904	0.1941041	0.4197782
47	5	1.120904	0.1941041	0.4197782
47	6	1.120904	0.1941041	0.4197782
48	1	1.120904	0.1941041	0.4197782
48	2	1.120904	0.1941041	0.4197782
48	3	1.120904	0.1941041	0.4197782
48	4	1.120904	0.1941041	0.4197782
48	5	1.120904	0.1941041	0.4197782
48	6	1.120904	0.1941041	0.4197782
49	1	1.120904	0.1941041	0.4197782
49	2	1.120904	0.1941041	0.4197782
49	3	1.120904	0.1941041	0.4197782
49	4	1.120904	0.1941041	0.4197782
49	5	1.120904	0.1941041	0.4197782
49	6	1.120904	0.1941041	0.4197782
50	1	1.120904	0.1941041	0.4197782
50	2	1.120904	0.1941041	0.4197782
50	3	1.120904	0.1941041	0.4197782
50	4	1.120904	0.1941041	0.4197782
50	5	1.120904	0.1941041	0.4197782
50	6	1.120904	0.1941041	0.4197782
51	1	1.120904	0.1941041	0.4197782
51	2	1.120904	0.1941041	0.4197782
51	3	1.120904	0.1941041	0.4197782
51	4	1.120904	0.1941041	0.4197782
51	5	1.120904	0.1941041	0.4197782
52	1	1.120904	0.1941041	0.4197782
52	2	1.120904	0.1941041	0.4197782
52	3	1.120904	0.1941041	0.4197782
52	4	1.120904	0.1941041	0.4197782
52	5	1.120904	0.1941041	0.4197782
52	6	1.120904	0.1941041	0.4197782
53	1	1.120904	0.1941041	0.4197782
53	2	1.120904	0.1941041	0.4197782
53	3	1.120904	0.1941041	0.4197782
53	4	1.120904	0.1941041	0.4197782
53	5	1.120904	0.1941041	0.4197782
53	6	1.120904	0.1941041	0.4197782
54	1	1.120904	0.1941041	0.4197782
54	2	1.120904	0.1941041	0.4197782
54	3	1.120904	0.1941041	0.4197782
54	4	1.120904	0.1941041	0.4197782
54	5	1.120904	0.1941041	0.4197782
54	6	1.120904	0.1941041	0.4197782
55	1	1.120904	0.1941041	0.4197782
55	2	1.120904	0.1941041	0.4197782
55	3	1.120904	0.1941041	0.4197782
55	4	1.120904	0.1941041	0.4197782
55	5	1.120904	0.1941041	0.4197782
55	6	1.120904	0.1941041	0.4197782
56	1	1.120904	0.1941041	0.4197782
56	2	1.120904	0.1941041	0.4197782
56	3	1.120904	0.1941041	0.4197782
56	4	1.120904	0.1941041	0.4197782
56	5	1.120904	0.1941041	0.4197782
56	6	1.120904	0.1941041	0.4197782
57	1	1.120904	0.1941041	0.4197782
57	2	1.120904	0.1941041	0.4197782
57	3	1.120904	0.1941041	0.4197782
57	4	1.120904	0.1941041	0.4197782
57	5	1.120904	0.1941041	0.4197782
57	6	1.120904	0.1941041	0.4197782
58	1	1.120904	0.1941041	0.4197782
58	2	1.120904	0.1941041	0.4197782
58	3	1.120904	0.1941041	0.4197782
58	6	1.120904	0.1941041	0.4197782
59	1	1.120904	0.1941041	0.4197782
59	2	1.120904	0.1941041	0.4197782
59	3	1.120904	0.1941041	0.4197782
59	4	1.120904	0.1941041	0.4197782
59	5	1.120904	0.1941041	0.4197782
59	6	1.120904	0.1941041	0.4197782
60	1	1.120904	0.1941041	0.4197782
60	2	1.120904	0.1941041	0.4197782
60	3	1.120904	0.1941041	0.4197782
60	4	1.120904	0.1941041	0.4197782
60	5	1.120904	0.1941041	0.4197782
60	6	1.120904	0.1941041	0.4197782
61	1	1.120904	0.1941041	0.4197782
61	2	1.120904	0.1941041	0.4197782
61	3	1.120904	0.1941041	0.4197782
61	4	1.120904	0.1941041	0.4197782
61	5	1.120904	0.1941041	0.4197782
61	6	1.120904	0.1941041	0.4197782
62	1	1.120904	0.1941041	0.4197782
62	2	1.120904	0.1941041	0.4197782
62	3	1.120904	0.1941041	0.4197782
62	4	1.120904	0.1941041	0.4197782
62	5	1.120904	0.1941041	0.4197782
62	6	1.120904	0.1941041	0.4197782
63	1	1.120904	0.1941041	0.4197782
63	2	1.120904	0.1941041	0.4197782
63	3	1.120904	0.1941041	0.4197782
63	4	1.120904	0.1941041	0.4197782
63	5	1.120904	0.1941041	0.4197782
63	6	1.120904	0.1941041	0.4197782
64	1	1.120904	0.1941041	0.4197782
64	2	1.120904	0.1941041	0.4197782
64	3	1.120904	0.1941041	0.4197782
64	4	1.120904	0.1941041	0.4197782
64	5	1.120904	0.1941041	0.4197782
64	6	1.120904	0.1941041	0.4197782
65	1	1.120904	0.1941041	0.4197782
65	2	1.120904	0.1941041	0.4197782
65	3	1.120904	0.1941041	0.4197782
65	4	1.120904	0.1941041	0.4197782
65	5	1.120904	0.1941041	0.4197782
65	6	1.120904	0.1941041	0.4197782
66	1	1.120904	0.1941041	0.4197782
66	2	1.120904	0.1941041	0.4197782
66	3	1.120904	0.1941041	0.4197782
66	4	1.120904	0.1941041	0.4197782
66	5	1.120904	0.1941041	0.4197782
66	6	1.120904	0.1941041	0.4197782
67	1	1.120904	0.1941041	0.4197782
67	2	1.120904	0.1941041	0.4197782
67	3	1.120904	0.1941041	0.4197782
67	4	1.120904	0.1941041	0.4197782
67	5	1.120904	0.1941041	0.4197782
67	6	1.120904	0.1941041	0.4197782
68	1	1.120904	0.1941041	0.4197782
68	2	1.120904	0.1941041	0.4197782
68	3	1.120904	0.1941041	0.4197782
68	4	1.120904	0.1941041	0.4197782
68	5	1.120904	0.1941041	0.4197782
68	6	1.120904	0.1941041	0.4197782
69	1	1.120904	0.1941041	0.4197782
69	2	1.120904	0.1941041	0.4197782
69	3	1.120904	0.1941041	0.4197782
69	4	1.120904	0.1941041	0.4197782
69	5	1.120904	0.1941041	0.4197782
69	6	1.120904	0.1941041	0.4197782
70	1	1.120904	0.1941041	0.4197782
70	2	1.120904	0.1941041	0.4197782
70	3	1.120904	0.1941041	0.4197782
70	4	1.120904	0.1941041	0.4197782
70	5	1.120904	0.1941041	0.4197782
70	6	1.120904	0.1941041	0.4197782
71	1	1.120904	0.1941041	0.4197782
71	2	1.120904	0.1941041	0.4197782
71	3	1.120904	0.1941041	0.4197782
71	4	1.120904	0.1941041	0.4197782
71	5	1.120904	0.1941041	0.4197782
71	6	1.120904	0.1941041	0.4197782
72	1	1.120904	0.1941041	0.4197782
72	2	1.120904	0.1941041	0.4197782
72	3	1.120904	0.1941041	0.4197782
72	4	1.120904	0.1941041	0.4197782
72	5	1.120904	0.1941041	0.4197782
72	6	1.120904	0.1941041	0.4197782
73	1	1.120904	0.1941041	0.4197782
73	2	1.120904	0.1941041	0.4197782
73	3	1.120904	0.1941041	0.4197782
73	4	1.120904	0.1941041	0.4197782
73	5	1.120904	0.1941041	0.4197782
73	6	1.120904	0.1941041	0.4197782
74	1	1.120904	0.1941041	0.4197782
74	2	1.120904	0.1941041	0.4197782
74	3	1.120904	0.1941041	0.4197782
74	4	1.120904	0.1941041	0.4197782
74	5	1.120904	0.1941041	0.4197782
74	6	1.120904	0.1941041	0.4197782
75	1	1.120904	0.1941041	0.4197782
75	2	1.120904	0.1941041	0.4197782
75	3	1.120904	0.1941041	0.4197782
75	4	1.120904	0.1941041	0.4197782
75	5	1.120904	0.1941041	0.4197782
75	6	1.120904	0.1941041	0.4197782
76	1	1.120904	0.1941041	0.4197782
76	2	1.120904	0.1941041	0.4197782
76	3	1.120904	0.1941041	0.4197782
76	4	1.120904	0.1941041	0.4197782
76	5	1.120904	0.1941041	0.4197782
76	6	1.120904	0.1941041	0.4197782
77	1	1.120904	0.1941041	0.4197782
77	2	1.120904	0.1941041	0.4197782
77	3	1.120904	0.1941041	0.4197782
77	4	1.120904	0.1941041	0.4197782
77	5	1.120904	0.1941041	0.4197782
77	6	1.120904	0.1941041	0.4197782
78	1	1.120904	0.1941041	0.4197782
78	2	1.120904	0.1941041	0.4197782
78	3	1.120904	0.1941041	0.4197782
78	4	1.120904	0.1941041	0.4197782
78	5	1.120904	0.1941041	0.4197782
78	6	1.120904	0.1941041	0.4197782
79	1	1.120904	0.1941041	0.4197782
79	2	1.120904	0.1941041	0.4197782
79	3	1.120904	0.1941041	0.4197782
79	4	1.120904	0.1941041	0.4197782
79	5	1.120904	0.1941041	0.4197782
79	6	1.120904	0.1941041	0.4197782
80	1	1.120904	0.1941041	0.4197782
80	2	1.120904	0.1941041	0.4197782
80	3	1.120904	0.1941041	0.4197782
80	4	1.120904	0.1941041	0.4197782
80	5	1.120904	0.1941041	0.4197782
80	6	1.120904	0.1941041	0.4197782
81	1	1.120904	0.1941041	0.4197782
81	2	1.120904	0.1941041	0.4197782
81	3	1.120904	0.1941041	0.4197782
81	4	1.120904	0.1941041	0.4197782
81	5	1.120904	0.1941041	0.4197782
81	6	1.120904	0.1941041	0.4197782
82	1	1.120904	0.1941041	0.4197782
82	2	1.120904	0.1941041	0.4197782
82	3	1.120904	0.1941041	0.4197782
82	4	1.120904	0.1941041	0.4197782
82	5	1.120904	0.1941041	0.4197782
82	6	1.120904	0.1941041	0.4197782
83	1	1.120904	0.1941041	0.4197782
83	2	1.120904	0.1941041	0.4197782
83	3	1.120904	0.1941041	0.4197782
83	4	1.120904	0.1941041	0.4197782
83	5	1.120904	0.1941041	0.4197782
83	6	1.120904	0.1941041	0.4197782
84	1	1.120904	0.1941041	0.4197782
84	2	1.120904	0.1941041	0.4197782
84	3	1.120904	0.1941041	0.4197782
84	4	1.120904	0.1941041	0.4197782
84	5	1.120904	0.1941041	0.4197782
84	6	1.120904	0.1941041	0.4197782
85	1	1.120904	0.1941041	0.4197782
85	2	1.120904	0.1941041	0.4197782
85	3	1.120904	0.1941041	0.4197782
85	4	1.120904	0.1941041	0.4197782
85	5	1.120904	0.1941041	0.4197782
85	6	1.120904	0.1941041	0.4197782
86	1	1.120904	0.1941041	0.4197782
86	2	1.120904	0.1941041	0.4197782
86	3	1.120904	0.1941041	0.4197782
86	4	1.120904	0.1941041	0.4197782
86	5	1.120904	0.1941041	0.4197782
86	6	1.120904	0.1941041	0.4197782
87	1	1.120904	0.1941041	0.4197782
87	2	1.120904	0.1941041	0.4197782
87	3	1.120904	0.1941041	0.4197782
87	4	1.120904	0.1941041	0.4197782
87	5	1.120904	0.1941041	0.4197782
87	6	1.120904	0.1941041	0.4197782
88	1	1.120904	0.1941041	0.4197782
88	2	1.120904	0.1941041	0.4197782
88	4	1.120904	0.1941041	0.4197782
88	5	1.120904	0.1941041	0.4197782
88	6	1.120904	0.1941041	0.4197782
89	1	1.120904	0.1941041	0.4197782
89	2	1.120904	0.1941041	0.4197782
89	4	1.120904	0.1941041	0.4197782
89	5	1.120904	0.1941041	0.4197782
89	6	1.120904	0.1941041	0.4197782
90	1	1.120904	0.1941041	0.4197782
90	2	1.120904	0.1941041	0.4197782
90	3	1.120904	0.1941041	0.4197782
90	4	1.120904	0.1941041	0.4197782
90	5	1.120904	0.1941041	0.4197782
90	6	1.120904	0.1941041	0.4197782
91	1	1.120904	0.1941041	0.4197782
91	2	1.120904	0.1941041	0.4197782
91	3	1.120904	0.1941041	0.4197782
91	4	1.120904	0.1941041	0.4197782
91	5	1.120904	0.1941041	0.4197782
91	6	1.120904	0.1941041	0.4197782
92	1	1.120904	0.1941041	0.4197782
92	2	1.120904	0.1941041	0.4197782
92	3	1.120904	0.1941041	0.4197782
92	4	1.120904	0.1941041	0.4197782
92	5	1.120904	0.1941041	0.4197782
92	6	1.120904	0.1941041	0.4197782
93	1	1.120904	0.1941041	0.4197782
93	2	1.120904	0.1941041	0.4197782
93	3	1.120904	0.1941041	0.4197782
93	4	1.120904	0.1941041	0.4197782
93	5	1.120904	0.1941041	0.4197782
93	6	1.120904	0.1941041	0.4197782
94	1	1.120904	0.1941041	0.4197782
94	2	1.120904	0.1941041	0.4197782
94	3	1.120904	0.1941041	0.4197782
94	4	1.120904	0.1941041	0.4197782
94	5	1.120904	0.1941041	0.4197782
94	6	1.120904	0.1941041	0.4197782
95	1	1.120904	0.1941041	0.4197782
95	2	1.120904	0.1941041	0.4197782
95	3	1.120904	0.1941041	0.4197782
95	4	1.120904	0.1941041	0.4197782
95	5	1.120904	0.1941041	0.4197782
95	6	1.120904	0.1941041	0.4197782
96	1	1.120904	0.1941041	0.4197782
96	2	1.120904	0.1941041	0.4197782
96	3	1.120904	0.1941041	0.4197782
96	4	1.120904	0.1941041	0.4197782
96	5	1.120904	0.1941041	0.4197782
96	6	1.120904	0.1941041	0.4197782
98	1	1.213737	0.1663370	0.4213724
98	2	-0.1180935	0.5646993	0.3985012
98	3	-0.1180935	0.5646993	0.3985012
98	4	-0.1180935	0.5646993	0.3985012
98	5	-0.1180935	0.5646993	0.3985012
98	6	-0.1180935	0.5646993	0.3985012
99	1	1.120904	0.1941041	0.4197782
99	2	1.120904	0.1941041	0.4197782
99	3	1.120904	0.1941041	0.4197782
99	4	1.120904	0.1941041	0.4197782
99	5	1.120904	0.1941041	0.4197782
99	6	1.120904	0.1941041	0.4197782
100	1	1.120904	0.1941041	0.4197782
100	2	1.120904	0.1941041	0.4197782
100	3	1.120904	0.1941041	0.4197782
100	4	1.120904	0.1941041	0.4197782
100	5	1.120904	0.1941041	0.4197782
100	6	1.120904	0.1941041	0.4197782
101	1	1.120904	0.1941041	0.4197782
101	2	1.120904	0.1941041	0.4197782
101	3	1.120904	0.1941041	0.4197782
101	4	1.120904	0.1941041	0.4197782
101	5	1.120904	0.1941041	0.4197782
101	6	1.120904	0.1941041	0.4197782
102	1	1.120904	0.1941041	0.4197782
102	2	1.120904	0.1941041	0.4197782
102	3	1.120904	0.1941041	0.4197782
102	4	1.120904	0.1941041	0.4197782
102	5	1.120904	0.1941041	0.4197782
102	6	1.120904	0.1941041	0.4197782
103	1	1.120904	0.1941041	0.4197782
103	2	1.120904	0.1941041	0.4197782
103	3	1.120904	0.1941041	0.4197782
103	4	1.120904	0.1941041	0.4197782
103	5	1.120904	0.1941041	0.4197782
103	6	1.120904	0.1941041	0.4197782
104	1	1.120904	0.1941041	0.4197782
104	2	1.120904	0.1941041	0.4197782
104	3	1.120904	0.1941041	0.4197782
104	4	1.120904	0.1941041	0.4197782
104	5	1.120904	0.1941041	0.4197782
104	6	1.120904	0.1941041	0.4197782
105	1	1.120904	0.1941041	0.4197782
105	2	1.120904	0.1941041	0.4197782
105	3	1.120904	0.1941041	0.4197782
105	4	1.120904	0.1941041	0.4197782
105	5	1.120904	0.1941041	0.4197782
105	6	1.120904	0.1941041	0.4197782
106	1	1.120904	0.1941041	0.4197782
106	2	1.120904	0.1941041	0.4197782
106	3	1.120904	0.1941041	0.4197782
106	4	1.120904	0.1941041	0.4197782
106	5	1.120904	0.1941041	0.4197782
106	6	1.120904	0.1941041	0.4197782
107	1	1.120904	0.1941041	0.4197782
107	2	1.120904	0.1941041	0.4197782
107	3	1.120904	0.1941041	0.4197782
107	4	1.120904	0.1941041	0.4197782
107	5	1.120904	0.1941041	0.4197782
108	1	1.120904	0.1941041	0.4197782
108	2	1.120904	0.1941041	0.4197782
108	3	1.120904	0.1941041	0.4197782
108	4	1.120904	0.1941041	0.4197782
108	5	1.120904	0.1941041	0.4197782
109	1	1.120904	0.1941041	0.4197782
109	2	1.120904	0.1941041	0.4197782
109	3	1.120904	0.1941041	0.4197782
109	4	1.120904	0.1941041	0.4197782
109	5	1.120904	0.1941041	0.4197782
110	1	1.120904	0.1941041	0.4197782
110	2	1.120904	0.1941041	0.4197782
110	3	1.120904	0.1941041	0.4197782
110	4	1.120904	0.1941041	0.4197782
110	5	1.120904	0.1941041	0.4197782
111	1	1.120904	0.1941041	0.4197782
111	2	1.120904	0.1941041	0.4197782
111	3	1.120904	0.1941041	0.4197782
111	4	1.120904	0.1941041	0.4197782
111	5	1.120904	0.1941041	0.4197782
112	1	1.120904	0.1941041	0.4197782
112	2	1.120904	0.1941041	0.4197782
112	3	1.120904	0.1941041	0.4197782
112	4	1.120904	0.1941041	0.4197782
112	5	1.120904	0.1941041	0.4197782
113	1	-0.1274852	0.5675084	0.3983399
113	2	-0.1274852	0.5675084	0.3983399
113	3	-0.1274852	0.5675084	0.3983399
113	4	-0.1274852	0.5675084	0.3983399
113	5	-0.1274852	0.5675084	0.3983399
113	6	1.309444	0.1377103	0.4230159
114	1	1.120904	0.1941041	0.4197782
114	2	1.120904	0.1941041	0.4197782
114	3	1.120904	0.1941041	0.4197782
114	4	1.120904	0.1941041	0.4197782
114	5	1.120904	0.1941041	0.4197782
114	6	1.120904	0.1941041	0.4197782
115	1	1.120904	0.1941041	0.4197782
115	2	1.120904	0.1941041	0.4197782
115	3	1.120904	0.1941041	0.4197782
115	4	1.120904	0.1941041	0.4197782
115	5	1.120904	0.1941041	0.4197782
115	6	1.120904	0.1941041	0.4197782
116	1	1.120904	0.1941041	0.4197782
116	2	1.120904	0.1941041	0.4197782
116	3	1.120904	0.1941041	0.4197782
116	4	1.120904	0.1941041	0.4197782
116	5	1.120904	0.1941041	0.4197782
116	6	1.120904	0.1941041	0.4197782
117	1	1.120904	0.1941041	0.4197782
117	2	1.120904	0.1941041	0.4197782
117	3	1.120904	0.1941041	0.4197782
117	4	1.120904	0.1941041	0.4197782
117	5	1.120904	0.1941041	0.4197782
117	6	1.120904	0.1941041	0.4197782
118	1	1.120904	0.1941041	0.4197782
118	2	1.120904	0.1941041	0.4197782
118	3	1.120904	0.1941041	0.4197782
118	4	1.120904	0.1941041	0.4197782
118	5	1.120904	0.1941041	0.4197782
118	6	1.120904	0.1941041	0.4197782
119	1	1.120904	0.1941041	0.4197782
119	2	1.120904	0.1941041	0.4197782
119	3	1.120904	0.1941041	0.4197782
119	4	1.120904	0.1941041	0.4197782
119	5	1.120904	0.1941041	0.4197782
119	6	1.120904	0.1941041	0.4197782
120	1	1.120904	0.1941041	0.4197782
120	2	1.120904	0.1941041	0.4197782
120	3	1.120904	0.1941041	0.4197782
120	4	1.120904	0.1941041	0.4197782
120	5	1.120904	0.1941041	0.4197782
120	6	1.120904	0.1941041	0.4197782
121	1	1.120904	0.1941041	0.4197782
121	2	1.120904	0.1941041	0.4197782
121	3	1.120904	0.1941041	0.4197782
121	4	1.120904	0.1941041	0.4197782
121	5	1.120904	0.1941041	0.4197782
121	6	1.120904	0.1941041	0.4197782
122	1	1.120904	0.1941041	0.4197782
122	2	1.120904	0.1941041	0.4197782
122	3	1.120904	0.1941041	0.4197782
122	4	1.120904	0.1941041	0.4197782
122	5	1.120904	0.1941041	0.4197782
122	6	1.120904	0.1941041	0.4197782
123	1	1.120904	0.1941041	0.4197782
123	2	1.120904	0.1941041	0.4197782
123	3	1.120904	0.1941041	0.4197782
123	4	1.120904	0.1941041	0.4197782
123	5	1.120904	0.1941041	0.4197782
123	6	1.120904	0.1941041	0.4197782
124	1	1.120904	0.1941041	0.4197782
124	2	1.120904	0.1941041	0.4197782
124	3	1.120904	0.1941041	0.4197782
124	4	1.120904	0.1941041	0.4197782
124	5	1.120904	0.1941041	0.4197782
124	6	1.120904	0.1941041	0.4197782
125	1	1.120904	0.1941041	0.4197782
125	2	1.120904	0.1941041	0.4197782
125	3	1.120904	0.1941041	0.4197782
125	4	1.120904	0.1941041	0.4197782
125	5	1.120904	0.1941041	0.4197782
125	6	1.120904	0.1941041	0.4197782
126	1	1.120904	0.1941041	0.4197782
126	2	1.120904	0.1941041	0.4197782
126	3	1.120904	0.1941041	0.4197782
126	4	1.120904	0.1941041	0.4197782
126	5	1.120904	0.1941041	0.4197782
126	6	1.120904	0.1941041	0.4197782
127	1	1.120904	0.1941041	0.4197782
127	2	1.120904	0.1941041	0.4197782
127	3	1.120904	0.1941041	0.4197782
127	4	1.120904	0.1941041	0.4197782
127	5	1.120904	0.1941041	0.4197782
127	6	1.120904	0.1941041	0.4197782
128	1	1.120904	0.1941041	0.4197782
128	2	1.120904	0.1941041	0.4197782
128	3	1.120904	0.1941041	0.4197782
128	4	1.120904	0.1941041	0.4197782
128	5	1.120904	0.1941041	0.4197782
128	6	1.120904	0.1941041	0.4197782
129	1	-0.1274852	0.5675084	0.3983399
129	2	-0.1274852	0.5675084	0.3983399
129	3	-0.1274852	0.5675084	0.3983399
129	4	1.194942	0.1719588	0.4210496
129	5	1.194942	0.1719588	0.4210496
129	6	-0.1274852	0.5675084	0.3983399
130	1	-0.1321506	0.5689039	0.3982598
130	2	-0.1321506	0.5689039	0.3982597
130	3	-0.1321506	0.5689039	0.3982598
130	4	1.242145	0.1578398	0.4218603
130	5	1.242145	0.1578398	0.4218602
130	6	-0.1597208	0.5771504	0.3977863
131	1	-0.1321506	0.5689039	0.3982598
131	2	-0.1321506	0.5689039	0.3982597
131	3	-0.1321506	0.5689039	0.3982598
131	4	1.242145	0.1578398	0.4218603
131	5	1.242145	0.1578398	0.4218602
131	6	-0.1597208	0.5771504	0.3977863
132	1	-0.1321506	0.5689039	0.3982598
132	2	-0.1321506	0.5689039	0.3982597
132	3	-0.1321506	0.5689039	0.3982598
132	4	1.242145	0.1578398	0.4218603
132	5	1.242145	0.1578398	0.4218602
132	6	-0.1597208	0.5771504	0.3977863
133	1	0.4786506	0.3139614	1.124677
133	2	-0.1313551	0.4739088	1.337273
133	3	-0.1313551	0.4739088	1.337273
133	4	0.1154973	0.5267923	0.08578311
133	5	0.1154973	0.5267923	0.08578311
133	6	1.290341	0.1685489	0.1737123
134	1	0.4786506	0.3139614	1.124677
134	2	-0.1313551	0.4739088	1.337273
134	3	-0.1313551	0.4739088	1.337273
134	4	0.1154973	0.5267923	0.08578311
134	5	0.1154973	0.5267923	0.08578311
134	6	1.290341	0.1685489	0.1737123
135	1	-0.2115340	0.5716696	0.6047841
135	2	-0.2700479	0.5316904	1.173392
135	3	-0.2700479	0.5316904	1.173392
135	4	0.4638916	0.4300373	0.0179123
135	5	0.4638916	0.4300373	0.0179123
135	6	1.245697	0.1473349	0.5154921
136	1	-0.2115340	0.5716696	0.6047841
136	2	-0.2700479	0.5316904	1.173392
136	3	-0.2700479	0.5316904	1.173392
136	4	0.4638916	0.4300373	0.0179123
136	5	0.4638916	0.4300373	0.0179123
136	6	1.245697	0.1473349	0.5154921
137	1	-0.1199783	0.565263	0.3984688
137	2	-0.1478624	0.5736034	0.39799
137	3	-0.1478624	0.5736034	0.39799
137	4	1.209969	0.1674641	0.4213077
137	5	1.209969	0.1674641	0.4213077
138	1	0.582278	0.392867	0.03738415
138	2	-0.1371422	0.5703221	0.3989152
138	3	-0.1371422	0.5703221	0.3989152
138	4	1.232640	0.1606814	0.4217112
138	5	1.232640	0.1606814	0.4217112
138	6	-0.1640750	0.5784896	0.3973465
139	1	0.582278	0.392867	0.03738415
139	2	-0.1371422	0.5703221	0.3989152
139	3	-0.1371422	0.5703221	0.3989152
139	4	1.232640	0.1606814	0.4217112
139	5	1.232640	0.1606814	0.4217112
139	6	-0.1640750	0.5784896	0.3973465
140	1	0.582278	0.392867	0.03738415
140	2	-0.1371422	0.5703221	0.3989152
140	3	-0.1371422	0.5703221	0.3989152
140	4	1.232640	0.1606814	0.4217112
140	5	1.232640	0.1606814	0.4217112
140	6	-0.1640750	0.5784896	0.3973465
141	1	0.582278	0.392867	0.03738415
141	2	-0.1371422	0.5703221	0.3989152
141	3	-0.1371422	0.5703221	0.3989152
141	4	1.232640	0.1606814	0.4217112
141	5	1.232640	0.1606814	0.4217112
141	6	-0.1640750	0.5784896	0.3973465
142	1	0.582278	0.392867	0.03738415
142	2	-0.1371422	0.5703221	0.3989152
142	3	-0.1371422	0.5703221	0.3989152
142	4	1.232640	0.1606814	0.4217112
142	5	1.232640	0.1606814	0.4217112
142	6	-0.1640750	0.5784896	0.3973465
143	1	0.582278	0.392867	0.03738415
143	2	-0.1371422	0.5703221	0.3989152
143	3	-0.1371422	0.5703221	0.3989152
143	4	1.232640	0.1606814	0.4217112
143	5	1.232640	0.1606814	0.4217112
143	6	-0.1640750	0.5784896	0.3973465
144	1	0.582278	0.392867	0.03738415
144	2	-0.1371422	0.5703221	0.3989152
144	3	-0.1371422	0.5703221	0.3989152
144	4	1.232640	0.1606814	0.4217112
144	5	1.232640	0.1606814	0.4217112
144	6	-0.1640750	0.5784896	0.3973465
145	1	0.582278	0.392867	0.03738415
145	2	-0.1371422	0.5703221	0.3989152
145	3	-0.1371422	0.5703221	0.3989152
145	4	1.232640	0.1606814	0.4217112
145	5	1.232640	0.1606814	0.4217112
145	6	-0.1640750	0.5784896	0.3973465
146	1	1.120904	0.1941041	0.4197782
146	2	1.120904	0.1941041	0.4197782
146	3	1.120904	0.1941041	0.4197782
146	4	1.120904	0.1941041	0.4197782
146	5	1.120904	0.1941041	0.4197782
146	6	1.120904	0.1941041	0.4197782
147	1	1.120904	0.1941041	0.4197782
147	2	1.120904	0.1941041	0.4197782
147	3	1.120904	0.1941041	0.4197782
147	4	1.120904	0.1941041	0.4197782
147	5	1.120904	0.1941041	0.4197782
147	6	1.120904	0.1941041	0.4197782
148	1	1.120904	0.1941041	0.4197782
148	2	1.120904	0.1941041	0.4197782
148	3	1.120904	0.1941041	0.4197782
148	4	1.120904	0.1941041	0.4197782
148	5	1.120904	0.1941041	0.4197782
148	6	1.120904	0.1941041	0.4197782
149	1	1.120904	0.1941041	0.4197782
149	2	1.120904	0.1941041	0.4197782
149	3	1.120904	0.1941041	0.4197782
149	4	1.120904	0.1941041	0.4197782
149	5	1.120904	0.1941041	0.4197782
149	6	1.120904	0.1941041	0.4197782
150	1	-0.1274852	0.5675084	0.3983399
150	2	-0.1274852	0.5675084	0.3983399
150	3	-0.1274852	0.5675084	0.3983399
150	4	-0.1274852	0.5675084	0.3983399
150	5	-0.1274852	0.5675084	0.3983399
150	6	1.309444	0.1377103	0.4230159
151	1	-0.1274852	0.5675084	0.3983399
151	2	-0.1274852	0.5675084	0.3983399
151	3	-0.1274852	0.5675084	0.3983399
151	4	-0.1274852	0.5675084	0.3983399
151	5	-0.1274852	0.5675084	0.3983399
151	6	1.309444	0.1377103	0.4230159
152	1	-0.1274852	0.5675084	0.3983399
152	2	-0.1274852	0.5675084	0.3983399
152	3	-0.1274852	0.5675084	0.3983399
152	4	-0.1274852	0.5675084	0.3983399
152	5	-0.1274852	0.5675084	0.3983399
152	6	1.309444	0.1377103	0.4230159
155	1	-0.1274852	0.5675084	0.3983399
155	2	-0.1274852	0.5675084	0.3983399
155	3	-0.1274852	0.5675084	0.3983399
155	4	-0.1274852	0.5675084	0.3983399
155	5	-0.1274852	0.5675084	0.3983399
155	6	1.309444	0.1377103	0.4230159
156	1	-0.1274852	0.5675084	0.3983399
156	2	-0.1274852	0.5675084	0.3983399
156	3	-0.1274852	0.5675084	0.3983399
156	4	-0.1274852	0.5675084	0.3983399
156	5	-0.1274852	0.5675084	0.3983399
156	6	1.309444	0.1377103	0.4230159
157	1	-0.1274852	0.5675084	0.3983399
157	2	-0.1274852	0.5675084	0.3983399
157	3	-0.1274852	0.5675084	0.3983399
157	4	-0.1274852	0.5675084	0.3983399
157	5	-0.1274852	0.5675084	0.3983399
157	6	1.309444	0.1377103	0.4230159
158	1	-0.1274852	0.5675084	0.3983399
158	2	-0.1274852	0.5675084	0.3983399
158	3	-0.1274852	0.5675084	0.3983399
158	4	-0.1274852	0.5675084	0.3983399
158	5	-0.1274852	0.5675084	0.3983399
158	6	1.309444	0.1377103	0.4230159
159	1	-0.1274852	0.5675084	0.3983399
159	2	-0.1274852	0.5675084	0.3983399
159	3	-0.1274852	0.5675084	0.3983399
159	4	-0.1274852	0.5675084	0.3983399
159	5	-0.1274852	0.5675084	0.3983399
159	6	1.309444	0.1377103	0.4230159
160	1	-0.1274852	0.5675084	0.3983399
160	2	-0.1274852	0.5675084	0.3983399
160	3	-0.1274852	0.5675084	0.3983399
160	4	-0.1274852	0.5675084	0.3983399
160	5	-0.1274852	0.5675084	0.3983399
160	6	1.309444	0.1377103	0.4230159
161	1	-0.1274852	0.5675084	0.3983399
161	2	-0.1274852	0.5675084	0.3983399
161	3	-0.1274852	0.5675084	0.3983399
161	4	-0.1274852	0.5675084	0.3983399
161	5	-0.1274852	0.5675084	0.3983399
161	6	1.309444	0.1377103	0.4230159
162	1	-0.1274852	0.5675084	0.3983399
162	2	-0.1274852	0.5675084	0.3983399
162	3	-0.1274852	0.5675084	0.3983399
162	4	-0.1274852	0.5675084	0.3983399
162	5	-0.1274852	0.5675084	0.3983399
162	6	1.309444	0.1377103	0.4230159
163	1	-0.1274852	0.5675084	0.3983399
163	2	-0.1274852	0.5675084	0.3983399
163	3	-0.1274852	0.5675084	0.3983399
163	4	-0.1274852	0.5675084	0.3983399
163	5	-0.1274852	0.5675084	0.3983399
163	6	1.309444	0.1377103	0.4230159
164	1	-0.1274852	0.5675084	0.3983399
164	2	-0.1274852	0.5675084	0.3983399
164	3	-0.1274852	0.5675084	0.3983399
164	4	-0.1274852	0.5675084	0.3983399
164	5	-0.1274852	0.5675084	0.3983399
164	6	1.309444	0.1377103	0.4230159
165	1	-0.1274852	0.5675084	0.3983399
165	2	-0.1274852	0.5675084	0.3983399
165	3	-0.1274852	0.5675084	0.3983399
165	4	-0.1274852	0.5675084	0.3983399
165	5	-0.1274852	0.5675084	0.3983399
165	6	1.309444	0.1377103	0.4230159
166	1	-0.1274852	0.5675084	0.3983399
166	2	-0.1274852	0.5675084	0.3983399
166	3	-0.1274852	0.5675084	0.3983399
166	4	-0.1274852	0.5675084	0.3983399
166	5	-0.1274852	0.5675084	0.3983399
166	6	1.309444	0.1377103	0.4230159
167	1	-0.1274852	0.5675084	0.3983399
167	2	-0.1274852	0.5675084	0.3983399
167	3	-0.1274852	0.5675084	0.3983399
167	4	-0.1274852	0.5675084	0.3983399
167	5	-0.1274852	0.5675084	0.3983399
167	6	1.309444	0.1377103	0.4230159
168	1	-0.1274852	0.5675084	0.3983399
168	2	-0.1274852	0.5675084	0.3983399
168	3	-0.1274852	0.5675084	0.3983399
168	4	-0.1274852	0.5675084	0.3983399
168	5	-0.1274852	0.5675084	0.3983399
168	6	1.309444	0.1377103	0.4230159
169	1	-0.1274852	0.5675084	0.3983399
169	2	-0.1274852	0.5675084	0.3983399
169	3	-0.1274852	0.5675084	0.3983399
169	4	-0.1274852	0.5675084	0.3983399
169	5	-0.1274852	0.5675084	0.3983399
169	6	1.309444	0.1377103	0.4230159
171	1	-0.1367959	0.5702933	0.39818
171	2	-0.1367959	0.5702933	0.39818
171	3	-0.1367959	0.5702933	0.39818
171	4	-0.1367959	0.5702933	0.39818
171	5	-0.1367959	0.5702933	0.39818
171	6	1.408068	0.108211	0.4247096
172	1	-0.1367959	0.5702933	0.39818
172	2	-0.1367959	0.5702933	0.39818
172	3	-0.1367959	0.5702933	0.39818
172	4	-0.1367959	0.5702933	0.39818
172	5	-0.1367959	0.5702933	0.39818
172	6	1.408068	0.108211	0.4247096
173	1	-0.1367959	0.5702933	0.39818
173	2	-0.1367959	0.5702933	0.39818
173	3	-0.1367959	0.5702933	0.39818
173	4	-0.1367959	0.5702933	0.39818
173	5	-0.1367959	0.5702933	0.39818
173	6	1.408068	0.108211	0.4247096
174	1	-0.1367959	0.5702933	0.39818
174	2	-0.1367959	0.5702933	0.39818
174	3	-0.1367959	0.5702933	0.39818
174	4	-0.1367959	0.5702933	0.39818
174	5	-0.1367959	0.5702933	0.39818
174	6	1.408068	0.108211	0.4247096
175	1	-0.1367959	0.5702933	0.39818
175	2	-0.1367959	0.5702933	0.39818
175	3	-0.1367959	0.5702933	0.39818
175	4	-0.1367959	0.5702933	0.39818
175	5	-0.1367959	0.5702933	0.39818
175	6	1.408068	0.108211	0.4247096
176	1	-0.1367959	0.5702933	0.39818
176	2	-0.1367959	0.5702933	0.39818
176	3	-0.1367959	0.5702933	0.39818
176	4	-0.1367959	0.5702933	0.39818
176	5	-0.1367959	0.5702933	0.39818
176	6	1.408068	0.108211	0.4247096
177	1	-0.1367959	0.5702933	0.39818
177	2	-0.1367959	0.5702933	0.39818
177	3	-0.1367959	0.5702933	0.39818
177	4	-0.1367959	0.5702933	0.39818
177	5	-0.1367959	0.5702933	0.39818
177	6	1.408068	0.108211	0.4247096
178	1	-0.1367959	0.5702933	0.39818
178	2	-0.1367959	0.5702933	0.39818
178	3	-0.1367959	0.5702933	0.39818
178	4	-0.1367959	0.5702933	0.39818
178	5	-0.1367959	0.5702933	0.39818
178	6	1.408068	0.108211	0.4247096
179	1	-0.1367959	0.5702933	0.39818
179	2	-0.1367959	0.5702933	0.39818
179	3	-0.1367959	0.5702933	0.39818
179	4	-0.1367959	0.5702933	0.39818
179	5	-0.1367959	0.5702933	0.39818
179	6	1.408068	0.108211	0.4247096
180	1	-0.1367959	0.5702933	0.39818
180	2	-0.1367959	0.5702933	0.39818
180	3	-0.1367959	0.5702933	0.39818
180	4	-0.1367959	0.5702933	0.39818
180	5	-0.1367959	0.5702933	0.39818
180	6	1.408068	0.108211	0.4247096
181	1	-0.1274852	0.5675084	0.3983399
181	2	-0.1274852	0.5675084	0.3983399
181	3	-0.1274852	0.5675084	0.3983399
181	4	-0.1274852	0.5675084	0.3983399
181	5	-0.1274852	0.5675084	0.3983399
181	6	1.309444	0.1377103	0.4230159
182	1	1.120904	0.1941041	0.4197782
182	2	1.120904	0.1941041	0.4197782
182	3	1.120904	0.1941041	0.4197782
182	4	1.120904	0.1941041	0.4197782
182	5	1.120904	0.1941041	0.4197782
182	6	1.120904	0.1941041	0.4197782
183	1	1.120904	0.1941041	0.4197782
183	2	1.120904	0.1941041	0.4197782
183	3	1.120904	0.1941041	0.4197782
183	4	1.120904	0.1941041	0.4197782
183	5	1.120904	0.1941041	0.4197782
183	6	1.120904	0.1941041	0.4197782
184	1	1.120904	0.1941041	0.4197782
184	2	1.120904	0.1941041	0.4197782
184	3	1.120904	0.1941041	0.4197782
184	4	1.120904	0.1941041	0.4197782
184	5	1.120904	0.1941041	0.4197782
184	6	1.120904	0.1941041	0.4197782
185	1	1.120904	0.1941041	0.4197782
185	2	1.120904	0.1941041	0.4197782
185	3	1.120904	0.1941041	0.4197782
185	4	1.120904	0.1941041	0.4197782
185	5	1.120904	0.1941041	0.4197782
185	6	1.120904	0.1941041	0.4197782
186	1	1.120904	0.1941041	0.4197782
186	2	1.120904	0.1941041	0.4197782
186	3	1.120904	0.1941041	0.4197782
186	4	1.120904	0.1941041	0.4197782
186	5	1.120904	0.1941041	0.4197782
186	6	1.120904	0.1941041	0.4197782
187	1	1.120904	0.1941041	0.4197782
187	2	1.120904	0.1941041	0.4197782
187	3	1.120904	0.1941041	0.4197782
187	4	1.120904	0.1941041	0.4197782
187	5	1.120904	0.1941041	0.4197782
187	6	1.120904	0.1941041	0.4197782
188	1	1.120904	0.1941041	0.4197782
188	2	1.120904	0.1941041	0.4197782
188	3	1.120904	0.1941041	0.4197782
188	4	1.120904	0.1941041	0.4197782
188	5	1.120904	0.1941041	0.4197782
188	6	1.120904	0.1941041	0.4197782
189	1	1.120904	0.1941041	0.4197782
189	2	1.120904	0.1941041	0.4197782
189	3	1.120904	0.1941041	0.4197782
189	4	1.120904	0.1941041	0.4197782
189	5	1.120904	0.1941041	0.4197782
189	6	1.120904	0.1941041	0.4197782
190	1	1.120904	0.1941041	0.4197782
190	2	1.120904	0.1941041	0.4197782
190	3	1.120904	0.1941041	0.4197782
190	5	1.120904	0.1941041	0.4197782
190	6	1.120904	0.1941041	0.4197782
191	1	1.120904	0.1941041	0.4197782
191	2	1.120904	0.1941041	0.4197782
191	3	1.120904	0.1941041	0.4197782
191	5	1.120904	0.1941041	0.4197782
191	6	1.120904	0.1941041	0.4197782
192	1	1.120904	0.1941041	0.4197782
192	2	1.120904	0.1941041	0.4197782
192	3	1.120904	0.1941041	0.4197782
192	5	1.120904	0.1941041	0.4197782
192	6	1.120904	0.1941041	0.4197782
193	1	1.120904	0.1941041	0.4197782
193	2	1.120904	0.1941041	0.4197782
193	3	1.120904	0.1941041	0.4197782
193	5	1.120904	0.1941041	0.4197782
193	6	1.120904	0.1941041	0.4197782
194	1	1.120904	0.1941041	0.4197782
194	2	1.120904	0.1941041	0.4197782
194	3	1.120904	0.1941041	0.4197782
194	5	1.120904	0.1941041	0.4197782
194	6	1.120904	0.1941041	0.4197782
195	1	1.120904	0.1941041	0.4197782
195	2	1.120904	0.1941041	0.4197782
195	3	1.120904	0.1941041	0.4197782
195	5	1.120904	0.1941041	0.4197782
195	6	1.120904	0.1941041	0.4197782
196	1	1.120904	0.1941041	0.4197782
196	2	1.120904	0.1941041	0.4197782
196	3	1.120904	0.1941041	0.4197782
196	5	1.120904	0.1941041	0.4197782
196	6	1.120904	0.1941041	0.4197782
197	1	1.120904	0.1941041	0.4197782
197	2	1.120904	0.1941041	0.4197782
197	3	1.120904	0.1941041	0.4197782
197	5	1.120904	0.1941041	0.4197782
197	6	1.120904	0.1941041	0.4197782
198	1	1.120904	0.1941041	0.4197782
198	2	1.120904	0.1941041	0.4197782
198	3	1.120904	0.1941041	0.4197782
198	5	1.120904	0.1941041	0.4197782
198	6	1.120904	0.1941041	0.4197782
199	1	1.120904	0.1941041	0.4197782
199	2	1.120904	0.1941041	0.4197782
199	3	1.120904	0.1941041	0.4197782
199	5	1.120904	0.1941041	0.4197782
199	6	1.120904	0.1941041	0.4197782
200	1	1.120904	0.1941041	0.4197782
200	2	1.120904	0.1941041	0.4197782
200	3	1.120904	0.1941041	0.4197782
200	5	1.120904	0.1941041	0.4197782
200	6	1.120904	0.1941041	0.4197782
201	1	1.120904	0.1941041	0.4197782
201	2	1.120904	0.1941041	0.4197782
201	3	1.120904	0.1941041	0.4197782
201	5	1.120904	0.1941041	0.4197782
201	6	1.120904	0.1941041	0.4197782
202	1	1.120904	0.1941041	0.4197782
202	2	1.120904	0.1941041	0.4197782
202	3	1.120904	0.1941041	0.4197782
202	5	1.120904	0.1941041	0.4197782
202	6	1.120904	0.1941041	0.4197782
203	1	-0.1312192	0.5686253	0.3982758
203	2	-0.1312192	0.5686253	0.3982758
203	3	-0.1312192	0.5686253	0.3982758
203	5	-0.1312192	0.5686253	0.3982758
203	6	1.301680	0.1400324	0.4228826
204	1	-0.1312192	0.5686253	0.3982758
204	2	-0.1312192	0.5686253	0.3982758
204	3	-0.1312192	0.5686253	0.3982758
204	5	-0.1312192	0.5686253	0.3982758
204	6	1.301680	0.1400324	0.4228826
205	1	-0.1312192	0.5686253	0.3982758
205	2	-0.1312192	0.5686253	0.3982758
205	3	-0.1312192	0.5686253	0.3982758
205	5	-0.1312192	0.5686253	0.3982758
205	6	1.301680	0.1400324	0.4228826
206	1	-0.1312192	0.5686253	0.3982758
206	2	-0.1312192	0.5686253	0.3982758
206	3	-0.1312192	0.5686253	0.3982758
206	5	-0.1312192	0.5686253	0.3982758
206	6	1.301680	0.1400324	0.4228826
207	1	-0.1312192	0.5686253	0.3982758
207	2	-0.1312192	0.5686253	0.3982758
207	3	-0.1312192	0.5686253	0.3982758
207	5	-0.1312192	0.5686253	0.3982758
207	6	1.301680	0.1400324	0.4228826
208	1	-0.1312192	0.5686253	0.3982758
208	2	-0.1312192	0.5686253	0.3982758
208	3	-0.1312192	0.5686253	0.3982758
208	5	-0.1312192	0.5686253	0.3982758
208	6	1.301680	0.1400324	0.4228826
209	1	-0.1312192	0.5686253	0.3982758
209	2	-0.1312192	0.5686253	0.3982758
209	3	-0.1312192	0.5686253	0.3982758
209	5	-0.1312192	0.5686253	0.3982758
209	6	1.301680	0.1400324	0.4228826
210	1	-0.1312192	0.5686253	0.3982758
210	2	-0.1312192	0.5686253	0.3982758
210	3	-0.1312192	0.5686253	0.3982758
210	5	-0.1312192	0.5686253	0.3982758
210	6	1.301680	0.1400324	0.4228826
211	2	-0.1506109	0.5744255	0.3979428
211	3	-0.1506109	0.5744255	0.3979428
211	5	-0.1506109	0.5744255	0.3979428
211	6	1.378171	0.1171532	0.4241962
214	1	0.2228779	0.4986651	0.04807499
214	2	-0.2393414	0.5739414	0.6642165
214	3	-0.2393414	0.5739414	0.6642165
214	5	-0.2393414	0.5739414	0.6642165
214	6	1.389468	0.1130097	0.4319678
215	1	0.2228779	0.4986651	0.04807499
215	2	-0.2393414	0.5739414	0.6642165
215	3	-0.2393414	0.5739414	0.6642165
215	5	-0.2393414	0.5739414	0.6642165
215	6	1.389468	0.1130097	0.4319678
216	1	0.2228779	0.4986651	0.04807499
216	2	-0.2393414	0.5739414	0.6642165
216	3	-0.2393414	0.5739414	0.6642165
216	5	-0.2393414	0.5739414	0.6642165
216	6	1.389468	0.1130097	0.4319678
217	1	0.2228779	0.4986651	0.04807499
217	2	-0.2393414	0.5739414	0.6642165
217	3	-0.2393414	0.5739414	0.6642165
217	5	-0.2393414	0.5739414	0.6642165
217	6	1.389468	0.1130097	0.4319678
218	1	-0.1423436	0.5719527	0.3980848
218	2	-0.1423436	0.5719527	0.3980848
218	3	-0.1423436	0.5719527	0.3980848
218	5	-0.1423436	0.5719527	0.3980848
218	6	1.396077	0.1117974	0.4245037
219	1	-0.1423436	0.5719527	0.3980848
219	2	-0.1423436	0.5719527	0.3980848
219	3	-0.1423436	0.5719527	0.3980848
219	5	-0.1423436	0.5719527	0.3980848
219	6	1.396077	0.1117974	0.4245037
220	1	-0.1312192	0.5686253	0.3982758
220	2	-0.1312192	0.5686253	0.3982758
220	3	-0.1312192	0.5686253	0.3982758
220	5	-0.1312192	0.5686253	0.3982758
220	6	1.301680	0.1400324	0.4228826
221	1	-0.1312192	0.5686253	0.3982758
221	2	-0.1312192	0.5686253	0.3982758
221	3	-0.1312192	0.5686253	0.3982758
221	5	-0.1312192	0.5686253	0.3982758
221	6	1.301680	0.1400324	0.4228826
222	1	-0.1312192	0.5686253	0.3982758
222	2	-0.1312192	0.5686253	0.3982758
222	3	-0.1312192	0.5686253	0.3982758
222	5	-0.1312192	0.5686253	0.3982758
222	6	1.301680	0.1400324	0.4228826
223	1	-0.1312192	0.5686253	0.3982758
223	2	-0.1312192	0.5686253	0.3982758
223	3	-0.1312192	0.5686253	0.3982758
223	5	-0.1312192	0.5686253	0.3982758
223	6	1.301680	0.1400324	0.4228826
224	1	-0.1312192	0.5686253	0.3982758
224	2	-0.1312192	0.5686253	0.3982758
224	3	-0.1312192	0.5686253	0.3982758
224	5	-0.1312192	0.5686253	0.3982758
224	6	1.301680	0.1400324	0.4228826
225	1	-0.1312192	0.5686253	0.3982758
225	2	-0.1312192	0.5686253	0.3982758
225	3	-0.1312192	0.5686253	0.3982758
225	5	-0.1312192	0.5686253	0.3982758
225	6	1.301680	0.1400324	0.4228826
226	1	-0.1312192	0.5686253	0.3982758
226	2	-0.1312192	0.5686253	0.3982758
226	3	-0.1312192	0.5686253	0.3982758
226	5	-0.1312192	0.5686253	0.3982758
226	6	1.301680	0.1400324	0.4228826
227	1	-0.1312192	0.5686253	0.3982758
227	2	-0.1312192	0.5686253	0.3982758
227	3	-0.1312192	0.5686253	0.3982758
227	5	-0.1312192	0.5686253	0.3982758
227	6	1.301680	0.1400324	0.4228826
228	1	-0.1312192	0.5686253	0.3982758
228	2	-0.1312192	0.5686253	0.3982758
228	3	-0.1312192	0.5686253	0.3982758
228	5	-0.1312192	0.5686253	0.3982758
228	6	1.301680	0.1400324	0.4228826
229	1	-0.1312192	0.5686253	0.3982758
229	2	-0.1312192	0.5686253	0.3982758
229	3	-0.1312192	0.5686253	0.3982758
229	5	-0.1312192	0.5686253	0.3982758
229	6	1.301680	0.1400324	0.4228826
230	1	-0.1312192	0.5686253	0.3982758
230	2	-0.1312192	0.5686253	0.3982758
230	3	-0.1312192	0.5686253	0.3982758
230	5	-0.1312192	0.5686253	0.3982758
230	6	1.301680	0.1400324	0.4228826
231	1	-0.1312192	0.5686253	0.3982758
231	2	-0.1312192	0.5686253	0.3982758
231	3	-0.1312192	0.5686253	0.3982758
231	5	-0.1312192	0.5686253	0.3982758
231	6	1.301680	0.1400324	0.4228826
232	1	-0.1312192	0.5686253	0.3982758
232	2	-0.1312192	0.5686253	0.3982758
232	3	-0.1312192	0.5686253	0.3982758
232	5	-0.1312192	0.5686253	0.3982758
232	6	1.301680	0.1400324	0.4228826
233	1	-0.2463776	0.567749	0.7463147
233	2	-0.2463776	0.567749	0.7463147
233	3	-0.2463776	0.567749	0.7463147
233	5	0.3765960	0.4552777	0.02503926
233	6	1.282864	0.1427421	0.4514777
234	1	-0.2463776	0.567749	0.7463147
234	2	-0.2463776	0.567749	0.7463147
234	3	-0.2463776	0.567749	0.7463147
234	5	0.3765960	0.4552777	0.02503926
234	6	1.282864	0.1427421	0.4514777
235	1	-0.2463776	0.567749	0.7463147
235	2	-0.2463776	0.567749	0.7463147
235	3	-0.2463776	0.567749	0.7463147
235	5	0.3765960	0.4552777	0.02503926
235	6	1.282864	0.1427421	0.4514777
236	1	-0.1460260	0.5730541	0.3980215
236	3	-0.146026	0.5730541	0.3980215
236	6	1.270813	0.1492649	0.4223526
237	1	-0.1199784	0.5652631	0.3984688
237	2	-0.1199784	0.5652631	0.3984688
237	3	-0.1199784	0.5652631	0.3984689
237	5	-0.1750247	0.5817279	0.3975235
237	6	1.325026	0.1330494	0.4232835
