1	1	1.120904	0.1941041	0.4197782
1	2	1.120904	0.1941041	0.4197782
1	3	1.120904	0.1941041	0.4197782
1	4	1.120904	0.1941041	0.4197782
1	5	1.120904	0.1941041	0.4197782
2	1	1.120904	0.1941041	0.4197782
2	2	1.120904	0.1941041	0.4197782
2	3	1.120904	0.1941041	0.4197782
2	4	1.120904	0.1941041	0.4197782
2	5	1.120904	0.1941041	0.4197782
3	1	1.120904	0.1941041	0.4197782
3	2	1.120904	0.1941041	0.4197782
3	3	1.120904	0.1941041	0.4197782
3	4	1.120904	0.1941041	0.4197782
3	5	1.120904	0.1941041	0.4197782
4	1	1.120904	0.1941041	0.4197782
4	2	1.120904	0.1941041	0.4197782
4	3	1.120904	0.1941041	0.4197782
4	4	1.120904	0.1941041	0.4197782
4	5	1.120904	0.1941041	0.4197782
5	1	1.120904	0.1941041	0.4197782
5	2	1.120904	0.1941041	0.4197782
5	3	1.120904	0.1941041	0.4197782
5	4	1.120904	0.1941041	0.4197782
5	5	1.120904	0.1941041	0.4197782
6	1	1.120904	0.1941041	0.4197782
6	2	1.120904	0.1941041	0.4197782
6	3	1.120904	0.1941041	0.4197782
6	4	1.120904	0.1941041	0.4197782
6	5	1.120904	0.1941041	0.4197782
7	1	1.120904	0.1941041	0.4197782
7	2	1.120904	0.1941041	0.4197782
7	3	1.120904	0.1941041	0.4197782
7	4	1.120904	0.1941041	0.4197782
7	5	1.120904	0.1941041	0.4197782
8	1	1.120904	0.1941041	0.4197782
8	2	1.120904	0.1941041	0.4197782
8	3	1.120904	0.1941041	0.4197782
8	4	1.120904	0.1941041	0.4197782
8	5	1.120904	0.1941041	0.4197782
9	1	1.156427	0.1834789	0.4203882
9	2	-0.1358425	0.5700082	0.3981964
9	3	1.156427	0.1834789	0.4203882
9	4	-0.1358425	0.5700082	0.3981964
9	5	1.156427	0.1834789	0.4203882
10	1	1.156427	0.1834789	0.4203882
10	2	-0.1358425	0.5700082	0.3981964
10	3	1.156427	0.1834789	0.4203882
10	4	-0.1358425	0.5700082	0.3981964
10	5	1.156427	0.1834789	0.4203882
11	1	1.156427	0.1834789	0.4203882
11	2	-0.1358425	0.5700082	0.3981964
11	3	1.156427	0.1834789	0.4203882
11	4	-0.1358425	0.5700082	0.3981964
11	5	1.156427	0.1834789	0.4203882
12	1	1.156427	0.1834789	0.4203882
12	2	-0.1358425	0.5700082	0.3981964
12	3	1.156427	0.1834789	0.4203882
12	4	-0.1358425	0.5700082	0.3981964
12	5	1.156427	0.1834789	0.4203882
13	1	1.165374	0.1808028	0.4205419
13	2	-0.1313527	0.5686652	0.3982735
13	4	-0.1313527	0.5686652	0.3982735
13	5	1.165374	0.1808028	0.4205419
14	1	1.165374	0.1808028	0.4205419
14	2	-0.1313527	0.5686652	0.3982735
14	4	-0.1313527	0.5686652	0.3982735
14	5	1.165374	0.1808028	0.4205419
15	1	1.165374	0.1808028	0.4205419
15	2	-0.1313527	0.5686652	0.3982735
15	4	-0.1313527	0.5686652	0.3982735
15	5	1.165374	0.1808028	0.4205419
16	4	1.210509	0.1673026	0.421317
16	5	-0.1536139	0.5753237	0.3978912
17	1	-0.0950198	0.5757889	0.2206130
17	2	-0.2897684	0.561536	0.935749
17	4	0.738039	0.2541126	0.9533704
17	5	1.346131	0.1447297	0.2453439
18	1	1.378553	0.1279695	0.3158857
18	2	-0.2596709	0.5307296	1.152333
18	4	-0.2596709	0.5307296	1.152333
18	5	0.01043301	0.5540048	0.1257289
19	1	0.4822093	0.4264968	-0.0009827228
19	2	-0.3127491	0.5755444	0.864653
19	4	-0.3127491	0.5755444	0.864653
19	5	1.302391	0.1265517	0.5543746
20	1	0.4822093	0.4264968	-0.0009827228
20	2	-0.3127491	0.5755444	0.864653
20	4	-0.3127491	0.5755444	0.864653
20	5	1.302391	0.1265517	0.5543746
21	1	0.4822093	0.4264968	-0.0009827228
21	2	-0.3127491	0.5755444	0.864653
21	4	-0.3127491	0.5755444	0.864653
21	5	1.302391	0.1265517	0.5543746
22	1	0.2464242	0.4933004	0.03184946
22	2	-0.2927605	0.5740808	0.8202532
22	4	-0.2927605	0.5740808	0.8202532
22	5	1.379918	0.1146161	0.4441903
23	1	0.2464242	0.4933004	0.03184946
23	2	-0.2927605	0.5740808	0.8202532
23	4	-0.2927605	0.5740808	0.8202532
23	5	1.379918	0.1146161	0.4441903
24	1	0.2464242	0.4933004	0.03184946
24	2	-0.2927605	0.5740808	0.8202532
24	4	-0.2927605	0.5740808	0.8202532
24	5	1.379918	0.1146161	0.4441903
25	1	0.2464252	0.4933001	0.03184925
25	2	-0.2927602	0.5740809	0.8202517
25	3	1.379917	0.1146162	0.4441917
25	4	-0.2927602	0.5740809	0.8202517
26	1	0.2464252	0.4933001	0.03184925
26	2	-0.2927602	0.5740809	0.8202517
26	3	1.379917	0.1146162	0.4441917
26	4	-0.2927602	0.5740809	0.8202517
27	1	0.2464252	0.4933001	0.03184925
27	2	-0.2927602	0.5740809	0.8202517
27	3	1.379917	0.1146162	0.4441917
27	4	-0.2927602	0.5740809	0.8202517
28	1	0.2464252	0.4933001	0.03184925
28	2	-0.2927602	0.5740809	0.8202517
28	3	1.379917	0.1146162	0.4441917
28	4	-0.2927602	0.5740809	0.8202517
29	1	0.2464252	0.4933001	0.03184925
29	2	-0.2927602	0.5740809	0.8202517
29	3	1.379917	0.1146162	0.4441917
29	4	-0.2927602	0.5740809	0.8202517
30	1	0.2464252	0.4933001	0.03184925
30	2	-0.2927602	0.5740809	0.8202517
30	3	1.379917	0.1146162	0.4441917
30	4	-0.2927602	0.5740809	0.8202517
31	1	1.302792	0.1396999	0.4229017
31	3	-0.1967427	0.588224	0.3971506
32	1	1.302792	0.1396999	0.4229017
32	3	-0.1967427	0.588224	0.3971506
39	1	0.8035305	0.3292425	0.01587411
39	2	1.037441	0.1942738	0.6640503
39	3	-0.2609657	0.603266	0.4373466
39	4	1.037441	0.1942738	0.6640503
39	5	0.6715585	0.2661044	1.030446
40	1	0.8035305	0.3292425	0.01587411
40	2	1.037441	0.1942738	0.6640503
40	3	-0.2609657	0.603266	0.4373466
40	4	1.037441	0.1942738	0.6640503
40	5	0.6715585	0.2661044	1.030446
41	1	0.8035305	0.3292425	0.01587411
41	2	1.037441	0.1942738	0.6640503
41	3	-0.2609657	0.603266	0.4373466
41	4	1.037441	0.1942738	0.6640503
41	5	0.6715585	0.2661044	1.030446
42	1	0.8035305	0.3292425	0.01587411
42	2	1.037441	0.1942738	0.6640503
42	3	-0.2609657	0.603266	0.4373466
42	4	1.037441	0.1942738	0.6640503
42	5	0.6715585	0.2661044	1.030446
43	1	0.8035305	0.3292425	0.01587411
43	2	1.037441	0.1942738	0.6640503
43	3	-0.2609657	0.603266	0.4373466
43	4	1.037441	0.1942738	0.6640503
43	5	0.6715585	0.2661044	1.030446
44	2	1.143056	0.1874782	0.4201586
44	5	-0.1200458	0.5652832	0.3984677
45	2	1.143056	0.1874782	0.4201586
45	5	-0.1200458	0.5652832	0.3984677
46	2	1.143056	0.1874782	0.4201586
46	5	-0.1200458	0.5652832	0.3984677
47	2	-0.1162506	0.5641481	0.3985328
47	4	-0.1162506	0.5641481	0.3985328
47	5	1.150477	0.1852586	0.4202861
48	1	1.267869	0.1501456	0.422302
48	2	-0.1257140	0.5669787	0.3983703
48	4	-0.1257140	0.5669787	0.3983703
48	5	-0.1480925	0.5736722	0.397986
49	1	1.267869	0.1501456	0.422302
49	2	-0.1257140	0.5669787	0.3983703
49	4	-0.1257140	0.5669787	0.3983703
49	5	-0.1480925	0.5736722	0.397986
50	1	1.267869	0.1501456	0.422302
50	2	-0.1257140	0.5669787	0.3983703
50	4	-0.1257140	0.5669787	0.3983703
50	5	-0.1480925	0.5736722	0.397986
51	1	0.8035305	0.3292425	0.01587411
51	2	1.037441	0.1942738	0.6640503
51	3	-0.2609657	0.603266	0.4373466
51	4	1.037441	0.1942738	0.6640503
51	5	0.6715585	0.2661044	1.030446
52	1	0.8035305	0.3292425	0.01587411
52	2	1.037441	0.1942738	0.6640503
52	3	-0.2609657	0.603266	0.4373466
52	4	1.037441	0.1942738	0.6640503
52	5	0.6715585	0.2661044	1.030446
53	1	0.8035305	0.3292425	0.01587411
53	2	1.037441	0.1942738	0.6640503
53	3	-0.2609657	0.603266	0.4373466
53	4	1.037441	0.1942738	0.6640503
53	5	0.6715585	0.2661044	1.030446
54	1	0.8035305	0.3292425	0.01587411
54	2	1.037441	0.1942738	0.6640503
54	3	-0.2609657	0.603266	0.4373466
54	4	1.037441	0.1942738	0.6640503
54	5	0.6715585	0.2661044	1.030446
55	1	0.8035305	0.3292425	0.01587411
55	2	1.037441	0.1942738	0.6640503
55	3	-0.2609657	0.603266	0.4373466
55	4	1.037441	0.1942738	0.6640503
55	5	0.6715585	0.2661044	1.030446
56	1	0.8035305	0.3292425	0.01587411
56	2	1.037441	0.1942738	0.6640503
56	3	-0.2609657	0.603266	0.4373466
56	4	1.037441	0.1942738	0.6640503
56	5	0.6715585	0.2661044	1.030446
57	2	1.146808	0.1750416	0.5323428
57	3	-0.2379478	0.6005246	0.3966823
57	4	1.146808	0.1750416	0.5323428
57	5	1.248010	0.1738286	0.2461349
58	2	1.164283	0.1678014	0.5525932
58	3	-0.2242723	0.5964568	0.3966931
58	5	1.278116	0.1583144	0.3111573
59	2	1.146808	0.1750416	0.5323428
59	3	-0.2379478	0.6005246	0.3966823
59	4	1.146808	0.1750416	0.5323428
59	5	1.248010	0.1738286	0.2461349
60	2	1.146808	0.1750416	0.5323428
60	3	-0.2379478	0.6005246	0.3966823
60	4	1.146808	0.1750416	0.5323428
60	5	1.248010	0.1738286	0.2461349
61	3	1.302792	0.1396999	0.4229017
61	5	-0.1967427	0.588224	0.3971506
62	3	1.302792	0.1396999	0.4229017
62	5	-0.1967427	0.588224	0.3971506
63	3	1.302792	0.1396999	0.4229017
63	5	-0.1967427	0.588224	0.3971506
67	2	1.24097	0.1581913	0.4218401
67	3	-0.2244789	0.5965201	0.3966743
67	4	1.24097	0.1581913	0.4218401
68	2	1.24097	0.1581913	0.4218401
68	3	-0.2244789	0.5965201	0.3966743
68	4	1.24097	0.1581913	0.4218401
69	2	1.24097	0.1581913	0.4218401
69	3	-0.2244789	0.5965201	0.3966743
69	4	1.24097	0.1581913	0.4218401
70	2	1.24097	0.1581913	0.4218401
70	3	-0.2244789	0.5965201	0.3966743
70	4	1.24097	0.1581913	0.4218401
71	2	1.24097	0.1581913	0.4218401
71	3	-0.2244789	0.5965201	0.3966743
71	4	1.24097	0.1581913	0.4218401
72	3	1.302792	0.1396999	0.4229017
72	4	-0.1967427	0.588224	0.3971506
73	3	1.143056	0.1874782	0.4201586
73	4	-0.1200458	0.5652832	0.3984677
74	3	1.143056	0.1874782	0.4201586
74	4	-0.1200458	0.5652832	0.3984677
75	3	1.143056	0.1874782	0.4201586
75	4	-0.1200458	0.5652832	0.3984677
