1	1	1.120904	0.1941041	0.4197782
1	2	1.120904	0.1941041	0.4197782
1	3	1.120904	0.1941041	0.4197782
1	4	1.120904	0.1941041	0.4197782
1	5	1.120904	0.1941041	0.4197782
1	6	1.120904	0.1941041	0.4197782
1	7	1.120904	0.1941041	0.4197782
1	8	1.120904	0.1941041	0.4197782
2	1	1.120904	0.1941041	0.4197782
2	2	1.120904	0.1941041	0.4197782
2	3	1.120904	0.1941041	0.4197782
2	4	1.120904	0.1941041	0.4197782
2	5	1.120904	0.1941041	0.4197782
2	6	1.120904	0.1941041	0.4197782
2	7	1.120904	0.1941041	0.4197782
2	8	1.120904	0.1941041	0.4197782
3	1	1.120904	0.1941041	0.4197782
3	2	1.120904	0.1941041	0.4197782
3	3	1.120904	0.1941041	0.4197782
3	4	1.120904	0.1941041	0.4197782
3	5	1.120904	0.1941041	0.4197782
3	6	1.120904	0.1941041	0.4197782
3	7	1.120904	0.1941041	0.4197782
3	8	1.120904	0.1941041	0.4197782
4	1	1.120904	0.1941041	0.4197782
4	2	1.120904	0.1941041	0.4197782
4	3	1.120904	0.1941041	0.4197782
4	4	1.120904	0.1941041	0.4197782
4	5	1.120904	0.1941041	0.4197782
4	6	1.120904	0.1941041	0.4197782
4	7	1.120904	0.1941041	0.4197782
4	8	1.120904	0.1941041	0.4197782
5	1	1.120904	0.1941041	0.4197782
5	2	1.120904	0.1941041	0.4197782
5	3	1.120904	0.1941041	0.4197782
5	4	1.120904	0.1941041	0.4197782
5	5	1.120904	0.1941041	0.4197782
5	6	1.120904	0.1941041	0.4197782
5	7	1.120904	0.1941041	0.4197782
5	8	1.120904	0.1941041	0.4197782
6	1	1.120904	0.1941041	0.4197782
6	2	1.120904	0.1941041	0.4197782
6	3	1.120904	0.1941041	0.4197782
6	4	1.120904	0.1941041	0.4197782
6	5	1.120904	0.1941041	0.4197782
6	6	1.120904	0.1941041	0.4197782
6	7	1.120904	0.1941041	0.4197782
6	8	1.120904	0.1941041	0.4197782
7	2	1.153301	0.1844140	0.4203345
7	8	-0.1252612	0.5668432	0.3983781
8	1	1.108004	0.230973	0.0924399
8	2	-0.3477521	0.565939	1.062988
8	3	1.108004	0.230973	0.0924399
8	4	-0.3477521	0.565939	1.062988
8	5	1.108004	0.230973	0.0924399
8	6	1.108004	0.230973	0.0924399
8	7	1.108004	0.230973	0.0924399
8	8	-0.3999764	0.5756542	1.120612
9	1	1.108004	0.230973	0.0924399
9	2	-0.3477521	0.565939	1.062988
9	3	1.108004	0.230973	0.0924399
9	4	-0.3477521	0.565939	1.062988
9	5	1.108004	0.230973	0.0924399
9	6	1.108004	0.230973	0.0924399
9	7	1.108004	0.230973	0.0924399
9	8	-0.3999764	0.5756542	1.120612
10	1	1.108004	0.230973	0.0924399
10	2	-0.3477521	0.565939	1.062988
10	3	1.108004	0.230973	0.0924399
10	4	-0.3477521	0.565939	1.062988
10	5	1.108004	0.230973	0.0924399
10	6	1.108004	0.230973	0.0924399
10	7	1.108004	0.230973	0.0924399
10	8	-0.3999764	0.5756542	1.120612
11	1	1.108004	0.230973	0.0924399
11	2	-0.3477521	0.565939	1.062988
11	3	1.108004	0.230973	0.0924399
11	4	-0.3477521	0.565939	1.062988
11	5	1.108004	0.230973	0.0924399
11	6	1.108004	0.230973	0.0924399
11	7	1.108004	0.230973	0.0924399
11	8	-0.3999764	0.5756542	1.120612
12	1	1.108004	0.230973	0.0924399
12	2	-0.3477521	0.565939	1.062988
12	3	1.108004	0.230973	0.0924399
12	4	-0.3477521	0.565939	1.062988
12	5	1.108004	0.230973	0.0924399
12	6	1.108004	0.230973	0.0924399
12	7	1.108004	0.230973	0.0924399
12	8	-0.3999764	0.5756542	1.120612
13	1	1.108004	0.230973	0.0924399
13	2	-0.3477521	0.565939	1.062988
13	3	1.108004	0.230973	0.0924399
13	4	-0.3477521	0.565939	1.062988
13	5	1.108004	0.230973	0.0924399
13	6	1.108004	0.230973	0.0924399
13	7	1.108004	0.230973	0.0924399
13	8	-0.3999764	0.5756542	1.120612
14	1	1.108004	0.230973	0.0924399
14	2	-0.3477521	0.565939	1.062988
14	3	1.108004	0.230973	0.0924399
14	4	-0.3477521	0.565939	1.062988
14	5	1.108004	0.230973	0.0924399
14	6	1.108004	0.230973	0.0924399
14	7	1.108004	0.230973	0.0924399
14	8	-0.3999764	0.5756542	1.120612
15	1	1.108004	0.230973	0.0924399
15	2	-0.3477521	0.565939	1.062988
15	3	1.108004	0.230973	0.0924399
15	4	-0.3477521	0.565939	1.062988
15	5	1.108004	0.230973	0.0924399
15	6	1.108004	0.230973	0.0924399
15	7	1.108004	0.230973	0.0924399
15	8	-0.3999764	0.5756542	1.120612
16	1	1.108004	0.230973	0.0924399
16	2	-0.3477521	0.565939	1.062988
16	3	1.108004	0.230973	0.0924399
16	4	-0.3477521	0.565939	1.062988
16	5	1.108004	0.230973	0.0924399
16	6	1.108004	0.230973	0.0924399
16	7	1.108004	0.230973	0.0924399
16	8	-0.3999764	0.5756542	1.120612
17	1	1.164356	0.2101259	0.1329629
17	2	-0.2810619	0.5088136	1.432547
17	3	1.164356	0.2101259	0.1329629
17	4	-0.2810619	0.5088136	1.432547
17	5	1.164356	0.2101259	0.1329629
17	6	1.164356	0.2101259	0.1329629
17	7	1.164356	0.2101259	0.1329629
17	8	-0.1198025	0.5851837	0.2005462
22	2	1.120904	0.1941041	0.4197782
22	4	1.120904	0.1941041	0.4197782
23	2	1.120904	0.1941041	0.4197782
23	4	1.120904	0.1941041	0.4197782
24	1	0.9410866	0.2849003	0.04992682
24	2	-0.3922867	0.5485012	1.367025
24	3	0.9410866	0.2849003	0.04992682
24	4	-0.3922867	0.5485012	1.367025
24	5	0.9410866	0.2849003	0.04992682
24	6	0.9410866	0.2849003	0.04992682
24	7	0.9410866	0.2849003	0.04992682
25	1	0.9410866	0.2849003	0.04992682
25	2	-0.3922867	0.5485012	1.367025
25	3	0.9410866	0.2849003	0.04992682
25	4	-0.3922867	0.5485012	1.367025
25	5	0.9410866	0.2849003	0.04992682
25	6	0.9410866	0.2849003	0.04992682
25	7	0.9410866	0.2849003	0.04992682
26	1	0.9410866	0.2849003	0.04992682
26	2	-0.3922867	0.5485012	1.367025
26	3	0.9410866	0.2849003	0.04992682
26	4	-0.3922867	0.5485012	1.367025
26	5	0.9410866	0.2849003	0.04992682
26	6	0.9410866	0.2849003	0.04992682
26	7	0.9410866	0.2849003	0.04992682
27	1	1.179042	0.2062122	0.1284694
27	2	-0.3694664	0.5370784	1.412971
27	3	1.179042	0.2062122	0.1284694
27	4	-0.3694664	0.5370784	1.412971
27	5	1.179042	0.2062122	0.1284694
27	6	1.179042	0.2062122	0.1284694
27	7	1.179042	0.2062122	0.1284694
27	8	-0.1014335	0.5812686	0.1852119
28	1	1.164356	0.2101259	0.1329629
28	2	-0.2810619	0.5088136	1.432547
28	3	1.164356	0.2101259	0.1329629
28	4	-0.2810619	0.5088136	1.432547
28	5	1.164356	0.2101259	0.1329629
28	6	1.164356	0.2101259	0.1329629
28	7	1.164356	0.2101259	0.1329629
28	8	-0.1198025	0.5851837	0.2005462
29	1	1.215484	0.1862444	0.2189509
29	3	1.215484	0.1862444	0.2189509
29	4	-0.312537	0.5154318	1.459717
29	5	1.215484	0.1862444	0.2189509
29	6	1.215484	0.1862444	0.2189509
29	7	1.215484	0.1862444	0.2189509
29	8	-0.1499462	0.5900716	0.2409391
30	1	1.215484	0.1862444	0.2189509
30	3	1.215484	0.1862444	0.2189509
30	4	-0.312537	0.5154318	1.459717
30	5	1.215484	0.1862444	0.2189509
30	6	1.215484	0.1862444	0.2189509
30	7	1.215484	0.1862444	0.2189509
30	8	-0.1499462	0.5900716	0.2409391
31	1	1.1557	0.2136193	0.1238537
31	4	-0.1403402	0.4591592	1.509913
31	5	1.1557	0.2136193	0.1238537
31	6	1.1557	0.2136193	0.1238537
31	7	1.013116	0.2045319	0.6340804
31	8	-0.193713	0.5946572	0.3244719
32	1	1.1557	0.2136193	0.1238537
32	4	-0.1403402	0.4591592	1.509913
32	5	1.1557	0.2136193	0.1238537
32	6	1.1557	0.2136193	0.1238537
32	7	1.013116	0.2045319	0.6340804
32	8	-0.193713	0.5946572	0.3244719
33	1	1.105450	0.2314386	0.09535147
33	4	-0.1400254	0.5831165	0.2806254
33	5	1.105450	0.2314386	0.09535147
33	6	1.105450	0.2314386	0.09535147
33	8	-0.2143196	0.4730025	1.590738
34	1	1.189618	0.2032818	0.1263407
34	2	-0.2071053	0.4860406	1.440277
34	4	-0.2071053	0.4860406	1.440277
34	5	1.189618	0.2032818	0.1263407
34	6	1.189618	0.2032818	0.1263407
34	8	-0.07568359	0.5762155	0.1594044
35	1	1.171236	0.2086358	0.1274558
35	2	-0.2477805	0.4981482	1.440160
35	3	1.171236	0.2086358	0.1274558
35	4	-0.2477805	0.4981482	1.440160
35	5	1.171236	0.2086358	0.1274558
35	6	1.171236	0.2086358	0.1274558
35	8	-0.1052770	0.5822142	0.1871683
36	1	1.048395	0.2510435	0.06920876
36	2	-0.1763644	0.4758207	1.450963
36	3	1.048395	0.2510435	0.06920876
36	4	-0.1763644	0.4758207	1.450963
36	5	1.048395	0.2510435	0.06920876
36	6	1.048395	0.2510435	0.06920876
36	7	0.1072763	0.4007271	1.359257
36	8	-0.1418443	0.5887274	0.2303835
37	1	1.048395	0.2510435	0.06920876
37	2	-0.1763644	0.4758207	1.450963
37	3	1.048395	0.2510435	0.06920876
37	4	-0.1763644	0.4758207	1.450963
37	5	1.048395	0.2510435	0.06920876
37	6	1.048395	0.2510435	0.06920876
37	7	0.1072763	0.4007271	1.359257
37	8	-0.1418443	0.5887274	0.2303835
38	1	1.048395	0.2510435	0.06920876
38	2	-0.1763644	0.4758207	1.450963
38	3	1.048395	0.2510435	0.06920876
38	4	-0.1763644	0.4758207	1.450963
38	5	1.048395	0.2510435	0.06920876
38	6	1.048395	0.2510435	0.06920876
38	7	0.1072763	0.4007271	1.359257
38	8	-0.1418443	0.5887274	0.2303835
39	1	1.048395	0.2510435	0.06920876
39	2	-0.1763644	0.4758207	1.450963
39	3	1.048395	0.2510435	0.06920876
39	4	-0.1763644	0.4758207	1.450963
39	5	1.048395	0.2510435	0.06920876
39	6	1.048395	0.2510435	0.06920876
39	7	0.1072763	0.4007271	1.359257
39	8	-0.1418443	0.5887274	0.2303835
40	1	1.048395	0.2510435	0.06920876
40	2	-0.1763644	0.4758207	1.450963
40	3	1.048395	0.2510435	0.06920876
40	4	-0.1763644	0.4758207	1.450963
40	5	1.048395	0.2510435	0.06920876
40	6	1.048395	0.2510435	0.06920876
40	7	0.1072763	0.4007271	1.359257
40	8	-0.1418443	0.5887274	0.2303835
41	1	1.048395	0.2510435	0.06920876
41	2	-0.1763644	0.4758207	1.450963
41	3	1.048395	0.2510435	0.06920876
41	4	-0.1763644	0.4758207	1.450963
41	5	1.048395	0.2510435	0.06920876
41	6	1.048395	0.2510435	0.06920876
41	7	0.1072763	0.4007271	1.359257
41	8	-0.1418443	0.5887274	0.2303835
42	1	1.048395	0.2510435	0.06920876
42	2	-0.1763644	0.4758207	1.450963
42	3	1.048395	0.2510435	0.06920876
42	4	-0.1763644	0.4758207	1.450963
42	5	1.048395	0.2510435	0.06920876
42	6	1.048395	0.2510435	0.06920876
42	7	0.1072763	0.4007271	1.359257
42	8	-0.1418443	0.5887274	0.2303835
43	1	0.700377	0.3593452	0.02154965
43	2	-0.2036652	0.4827761	1.462489
43	3	0.7003769	0.3593452	0.02154965
43	4	-0.2036652	0.4827762	1.462489
43	5	0.7003769	0.3593452	0.02154965
43	6	0.7003769	0.3593452	0.02154965
43	7	-0.1519120	0.4769269	1.367943
43	8	0.7003769	0.3593452	0.02154965
44	1	0.700377	0.3593452	0.02154965
44	2	-0.2036652	0.4827761	1.462489
44	3	0.7003769	0.3593452	0.02154965
44	4	-0.2036652	0.4827762	1.462489
44	5	0.7003769	0.3593452	0.02154965
44	6	0.7003769	0.3593452	0.02154965
44	7	-0.1519120	0.4769269	1.367943
44	8	0.7003769	0.3593452	0.02154965
45	1	0.700377	0.3593452	0.02154965
45	2	-0.2036652	0.4827761	1.462489
45	3	0.7003769	0.3593452	0.02154965
45	4	-0.2036652	0.4827762	1.462489
45	5	0.7003769	0.3593452	0.02154965
45	6	0.7003769	0.3593452	0.02154965
45	7	-0.1519120	0.4769269	1.367943
45	8	0.7003769	0.3593452	0.02154965
46	1	0.700377	0.3593452	0.02154965
46	2	-0.2036652	0.4827761	1.462489
46	3	0.7003769	0.3593452	0.02154965
46	4	-0.2036652	0.4827762	1.462489
46	5	0.7003769	0.3593452	0.02154965
46	6	0.7003769	0.3593452	0.02154965
46	7	-0.1519120	0.4769269	1.367943
46	8	0.7003769	0.3593452	0.02154965
47	1	0.700377	0.3593452	0.02154965
47	2	-0.2036652	0.4827761	1.462489
47	3	0.7003769	0.3593452	0.02154965
47	4	-0.2036652	0.4827762	1.462489
47	5	0.7003769	0.3593452	0.02154965
47	6	0.7003769	0.3593452	0.02154965
47	7	-0.1519120	0.4769269	1.367943
47	8	0.7003769	0.3593452	0.02154965
48	1	0.700377	0.3593452	0.02154965
48	2	-0.2036652	0.4827761	1.462489
48	3	0.7003769	0.3593452	0.02154965
48	4	-0.2036652	0.4827762	1.462489
48	5	0.7003769	0.3593452	0.02154965
48	6	0.7003769	0.3593452	0.02154965
48	7	-0.1519120	0.4769269	1.367943
48	8	0.7003769	0.3593452	0.02154965
49	1	0.700377	0.3593452	0.02154965
49	2	-0.2036652	0.4827761	1.462489
49	3	0.7003769	0.3593452	0.02154965
49	4	-0.2036652	0.4827762	1.462489
49	5	0.7003769	0.3593452	0.02154965
49	6	0.7003769	0.3593452	0.02154965
49	7	-0.1519120	0.4769269	1.367943
49	8	0.7003769	0.3593452	0.02154965
50	1	0.700377	0.3593452	0.02154965
50	2	-0.2036652	0.4827761	1.462489
50	3	0.7003769	0.3593452	0.02154965
50	4	-0.2036652	0.4827762	1.462489
50	5	0.7003769	0.3593452	0.02154965
50	6	0.7003769	0.3593452	0.02154965
50	7	-0.1519120	0.4769269	1.367943
50	8	0.7003769	0.3593452	0.02154965
51	1	1.035142	0.2552095	0.06698146
51	2	-0.2421500	0.4995845	1.409335
51	3	1.035142	0.2552095	0.06698146
51	4	-0.2421500	0.4995845	1.409335
51	5	1.035142	0.2552095	0.06698146
51	6	1.035142	0.2552095	0.06698146
51	7	0.03899176	0.4196736	1.372731
51	8	-0.09920874	0.5775822	0.2151868
52	1	0.9468125	0.2846488	0.03554592
52	2	-0.0528874	0.4428887	1.413435
52	4	-0.0528874	0.4428887	1.413435
52	5	0.9468125	0.2846488	0.03554592
52	7	0.4724026	0.3134486	1.148171
52	8	-0.09517606	0.5763262	0.2157493
53	1	0.9468125	0.2846488	0.03554592
53	2	-0.0528874	0.4428887	1.413435
53	4	-0.0528874	0.4428887	1.413435
53	5	0.9468125	0.2846488	0.03554592
53	7	0.4724026	0.3134486	1.148171
53	8	-0.09517606	0.5763262	0.2157493
54	1	0.9872204	0.2712220	0.04952292
54	2	-0.05440827	0.439658	1.449931
54	5	0.9872204	0.2712220	0.04952292
54	7	0.3632292	0.3367739	1.238747
54	8	-0.1460506	0.5834942	0.2946377
55	1	0.9872204	0.2712220	0.04952292
55	2	-0.05440827	0.439658	1.449931
55	5	0.9872204	0.2712220	0.04952292
55	7	0.3632292	0.3367739	1.238747
55	8	-0.1460506	0.5834942	0.2946377
56	2	1.239233	0.1909058	0.1027736
56	3	-0.2632601	0.5337584	1.132896
56	5	-0.1677671	0.5748802	0.4439941
56	6	-0.2632601	0.5337584	1.132896
57	2	1.239233	0.1909058	0.1027736
57	3	-0.2632601	0.5337584	1.132896
57	5	-0.1677671	0.5748802	0.4439941
57	6	-0.2632601	0.5337584	1.132896
60	2	0.8544287	0.3096661	0.05987799
60	3	-0.2216452	0.5151452	1.194711
60	4	0.8544287	0.3096661	0.05987799
60	5	0.8544287	0.3096661	0.05987799
60	6	-0.2216452	0.5151452	1.194711
60	8	0.8849201	0.3020975	0.04502474
61	2	0.8544287	0.3096661	0.05987799
61	3	-0.2216452	0.5151452	1.194711
61	4	0.8544287	0.3096661	0.05987799
61	5	0.8544287	0.3096661	0.05987799
61	6	-0.2216452	0.5151452	1.194711
61	8	0.8849201	0.3020975	0.04502474
62	2	-0.1432687	0.5656622	0.4631466
62	4	-0.1432687	0.5656622	0.4631466
62	5	-0.1432687	0.5656622	0.4631466
62	6	-0.1432687	0.5656622	0.4631466
62	8	1.196929	0.1776446	0.3588481
63	1	1.120904	0.1941041	0.4197782
63	2	1.120904	0.1941041	0.4197782
63	3	1.120904	0.1941041	0.4197782
63	4	1.120904	0.1941041	0.4197782
63	5	1.120904	0.1941041	0.4197782
63	6	1.120904	0.1941041	0.4197782
63	7	1.120904	0.1941041	0.4197782
63	8	1.120904	0.1941041	0.4197782
64	1	1.120904	0.1941041	0.4197782
64	2	1.120904	0.1941041	0.4197782
64	3	1.120904	0.1941041	0.4197782
64	4	1.120904	0.1941041	0.4197782
64	5	1.120904	0.1941041	0.4197782
64	6	1.120904	0.1941041	0.4197782
64	7	1.120904	0.1941041	0.4197782
64	8	1.120904	0.1941041	0.4197782
65	1	1.120904	0.1941041	0.4197782
65	2	1.120904	0.1941041	0.4197782
65	3	1.120904	0.1941041	0.4197782
65	4	1.120904	0.1941041	0.4197782
65	5	1.120904	0.1941041	0.4197782
65	6	1.120904	0.1941041	0.4197782
65	7	1.120904	0.1941041	0.4197782
65	8	1.120904	0.1941041	0.4197782
66	1	1.120904	0.1941041	0.4197782
66	2	1.120904	0.1941041	0.4197782
66	3	1.120904	0.1941041	0.4197782
66	4	1.120904	0.1941041	0.4197782
66	5	1.120904	0.1941041	0.4197782
66	6	1.120904	0.1941041	0.4197782
66	7	1.120904	0.1941041	0.4197782
66	8	1.120904	0.1941041	0.4197782
67	1	1.120904	0.1941041	0.4197782
67	2	1.120904	0.1941041	0.4197782
67	3	1.120904	0.1941041	0.4197782
67	4	1.120904	0.1941041	0.4197782
67	5	1.120904	0.1941041	0.4197782
67	6	1.120904	0.1941041	0.4197782
67	7	1.120904	0.1941041	0.4197782
67	8	1.120904	0.1941041	0.4197782
68	1	1.120904	0.1941041	0.4197782
68	2	1.120904	0.1941041	0.4197782
68	3	1.120904	0.1941041	0.4197782
68	4	1.120904	0.1941041	0.4197782
68	5	1.120904	0.1941041	0.4197782
68	6	1.120904	0.1941041	0.4197782
68	7	1.120904	0.1941041	0.4197782
68	8	1.120904	0.1941041	0.4197782
69	1	1.120904	0.1941041	0.4197782
69	2	1.120904	0.1941041	0.4197782
69	3	1.120904	0.1941041	0.4197782
69	4	1.120904	0.1941041	0.4197782
69	5	1.120904	0.1941041	0.4197782
69	6	1.120904	0.1941041	0.4197782
69	7	1.120904	0.1941041	0.4197782
69	8	1.120904	0.1941041	0.4197782
70	1	1.120904	0.1941041	0.4197782
70	2	1.120904	0.1941041	0.4197782
70	3	1.120904	0.1941041	0.4197782
70	4	1.120904	0.1941041	0.4197782
70	5	1.120904	0.1941041	0.4197782
70	6	1.120904	0.1941041	0.4197782
70	7	1.120904	0.1941041	0.4197782
70	8	1.120904	0.1941041	0.4197782
71	1	1.120904	0.1941041	0.4197782
71	2	1.120904	0.1941041	0.4197782
71	3	1.120904	0.1941041	0.4197782
71	4	1.120904	0.1941041	0.4197782
71	5	1.120904	0.1941041	0.4197782
71	6	1.120904	0.1941041	0.4197782
71	7	1.120904	0.1941041	0.4197782
71	8	1.120904	0.1941041	0.4197782
76	1	0.19223	0.3890941	1.224188
76	2	0.1789063	0.3887475	1.266886
76	3	0.4191934	0.4435272	0.01595242
76	4	0.1789063	0.3887475	1.266886
76	5	0.1922300	0.3890941	1.224188
76	6	0.4191934	0.4435272	0.01595242
76	7	0.1789063	0.3887475	1.266886
76	8	0.1789063	0.3887475	1.266886
77	1	0.19223	0.3890941	1.224188
77	2	0.1789063	0.3887475	1.266886
77	3	0.4191934	0.4435272	0.01595242
77	4	0.1789063	0.3887475	1.266886
77	5	0.1922300	0.3890941	1.224188
77	6	0.4191934	0.4435272	0.01595242
77	7	0.1789063	0.3887475	1.266886
77	8	0.1789063	0.3887475	1.266886
78	1	0.19223	0.3890941	1.224188
78	2	0.1789063	0.3887475	1.266886
78	3	0.4191934	0.4435272	0.01595242
78	4	0.1789063	0.3887475	1.266886
78	5	0.1922300	0.3890941	1.224188
78	6	0.4191934	0.4435272	0.01595242
78	7	0.1789063	0.3887475	1.266886
78	8	0.1789063	0.3887475	1.266886
79	3	-0.1470574	0.5733627	0.3980038
79	6	-0.1470574	0.5733627	0.3980038
79	8	1.275128	0.1479744	0.4224267
80	3	-0.1470574	0.5733627	0.3980038
80	6	-0.1470574	0.5733627	0.3980038
80	8	1.275128	0.1479744	0.4224267
81	1	-0.2230363	0.576143	0.5943505
81	2	-0.2725829	0.549585	1.003536
81	3	1.131692	0.1776774	0.5507697
81	4	-0.2725829	0.549585	1.003536
81	5	-0.2230363	0.576143	0.5943505
81	6	1.131692	0.1776774	0.5507697
81	7	-0.2725829	0.549585	1.003536
81	8	0.9695273	0.2798524	0.01613805
82	1	-0.001351311	0.4325726	1.363793
82	2	0.4094383	0.3292796	1.176841
82	3	0.9080106	0.2949023	0.04828196
82	4	0.4094383	0.3292796	1.176841
82	6	0.9080106	0.2949023	0.04828196
82	7	0.4094383	0.3292796	1.176841
82	8	0.02719259	0.5529436	0.08685756
83	1	0.8143219	0.2461437	0.8075442
83	2	0.7018455	0.2621948	0.9799368
83	3	0.6952945	0.3603645	0.02642606
83	4	0.7018455	0.2621948	0.9799368
83	5	0.8143219	0.2461437	0.8075442
83	6	0.6952945	0.3603645	0.02642606
83	7	0.7018455	0.2621948	0.9799368
83	8	-0.1462574	0.5861966	0.268468
84	1	0.8143219	0.2461437	0.8075442
84	2	0.7018455	0.2621948	0.9799368
84	3	0.6952945	0.3603645	0.02642606
84	4	0.7018455	0.2621948	0.9799368
84	5	0.8143219	0.2461437	0.8075442
84	6	0.6952945	0.3603645	0.02642606
84	7	0.7018455	0.2621948	0.9799368
84	8	-0.1462574	0.5861966	0.268468
85	1	0.8143219	0.2461437	0.8075442
85	2	0.7018455	0.2621948	0.9799368
85	3	0.6952945	0.3603645	0.02642606
85	4	0.7018455	0.2621948	0.9799368
85	5	0.8143219	0.2461437	0.8075442
85	6	0.6952945	0.3603645	0.02642606
85	7	0.7018455	0.2621948	0.9799368
85	8	-0.1462574	0.5861966	0.268468
86	1	0.8143219	0.2461437	0.8075442
86	2	0.7018455	0.2621948	0.9799368
86	3	0.6952945	0.3603645	0.02642606
86	4	0.7018455	0.2621948	0.9799368
86	5	0.8143219	0.2461437	0.8075442
86	6	0.6952945	0.3603645	0.02642606
86	7	0.7018455	0.2621948	0.9799368
86	8	-0.1462574	0.5861966	0.268468
87	1	1.065402	0.1972293	0.5523647
87	2	0.2015739	0.3798841	1.287920
87	3	1.031866	0.2548573	0.08012659
87	4	0.2015739	0.3798841	1.287920
87	5	1.065402	0.1972293	0.5523647
87	6	1.031866	0.2548573	0.08012659
87	7	0.2015739	0.3798841	1.287920
87	8	-0.04119409	0.5685647	0.1335847
88	1	-0.1516411	0.5739704	0.4054892
88	2	-0.1185595	0.5641303	0.4055131
88	4	-0.1185595	0.5641303	0.4055131
88	5	-0.1516411	0.5739704	0.4054892
88	7	1.310731	0.1381663	0.4147014
89	1	1.179245	0.1724067	0.4628666
89	2	-0.09496833	0.4588661	1.379113
89	5	1.179245	0.1724067	0.4628666
89	7	0.04121684	0.5481305	0.0932251
90	1	1.164178	0.1811605	0.4205213
90	2	-0.1524371	0.5749718	0.3979114
90	5	1.164178	0.1811605	0.4205213
91	1	0.636311	0.3781770	0.02372749
91	2	-0.07155582	0.4574109	1.324540
91	4	-0.07155582	0.4574109	1.324540
91	5	0.636311	0.3781770	0.02372749
92	2	1.120904	0.1941041	0.4197782
92	4	1.120904	0.1941041	0.4197782
93	2	1.120904	0.1941041	0.4197782
93	4	1.120904	0.1941041	0.4197782
94	2	1.120904	0.1941041	0.4197782
94	4	1.120904	0.1941041	0.4197782
95	2	1.120904	0.1941041	0.4197782
95	4	1.120904	0.1941041	0.4197782
102	1	1.120904	0.1941041	0.4197782
102	2	1.120904	0.1941041	0.4197782
102	4	1.120904	0.1941041	0.4197782
102	5	1.120904	0.1941041	0.4197782
103	1	1.120904	0.1941041	0.4197782
103	2	1.120904	0.1941041	0.4197782
103	4	1.120904	0.1941041	0.4197782
103	5	1.120904	0.1941041	0.4197782
104	2	1.120904	0.1941041	0.4197782
104	5	1.120904	0.1941041	0.4197782
105	2	1.120904	0.1941041	0.4197782
105	5	1.120904	0.1941041	0.4197782
106	1	0.9502675	0.2825164	0.04649469
106	2	1.205864	0.1801344	0.3078485
106	3	1.205864	0.1801344	0.3078485
106	5	1.205864	0.1801344	0.3078485
106	6	1.205864	0.1801344	0.3078485
106	7	-0.1313680	0.4623277	1.452075
106	8	-0.2038896	0.5950222	0.3508444
107	1	0.9502675	0.2825164	0.04649469
107	2	1.205864	0.1801344	0.3078485
107	3	1.205864	0.1801344	0.3078485
107	5	1.205864	0.1801344	0.3078485
107	6	1.205864	0.1801344	0.3078485
107	7	-0.1313680	0.4623277	1.452075
107	8	-0.2038896	0.5950222	0.3508444
108	1	1.188329	0.1781151	0.3795311
108	2	1.188329	0.1781151	0.3795311
108	3	1.188329	0.1781151	0.3795311
108	4	1.188329	0.1781151	0.3795311
108	5	1.188329	0.1781151	0.3795311
108	6	1.188329	0.1781151	0.3795311
108	7	-0.3346468	0.541343	1.268103
108	8	-0.03971407	0.5689212	0.1256904
109	1	1.188329	0.1781151	0.3795311
109	2	1.188329	0.1781151	0.3795311
109	3	1.188329	0.1781151	0.3795311
109	4	1.188329	0.1781151	0.3795311
109	5	1.188329	0.1781151	0.3795311
109	6	1.188329	0.1781151	0.3795311
109	7	-0.3346468	0.541343	1.268103
109	8	-0.03971407	0.5689212	0.1256904
110	1	1.188329	0.1781151	0.3795311
110	2	1.188329	0.1781151	0.3795311
110	3	1.188329	0.1781151	0.3795311
110	4	1.188329	0.1781151	0.3795311
110	5	1.188329	0.1781151	0.3795311
110	6	1.188329	0.1781151	0.3795311
110	7	-0.3346468	0.541343	1.268103
110	8	-0.03971407	0.5689212	0.1256904
111	1	1.188329	0.1781151	0.3795311
111	2	1.188329	0.1781151	0.3795311
111	3	1.188329	0.1781151	0.3795311
111	4	1.188329	0.1781151	0.3795311
111	5	1.188329	0.1781151	0.3795311
111	6	1.188329	0.1781151	0.3795311
111	7	-0.3346468	0.541343	1.268103
111	8	-0.03971407	0.5689212	0.1256904
112	1	1.188329	0.1781151	0.3795311
112	2	1.188329	0.1781151	0.3795311
112	3	1.188329	0.1781151	0.3795311
112	4	1.188329	0.1781151	0.3795311
112	5	1.188329	0.1781151	0.3795311
112	6	1.188329	0.1781151	0.3795311
112	7	-0.3346468	0.541343	1.268103
112	8	-0.03971407	0.5689212	0.1256904
113	1	1.188329	0.1781151	0.3795311
113	2	1.188329	0.1781151	0.3795311
113	3	1.188329	0.1781151	0.3795311
113	4	1.188329	0.1781151	0.3795311
113	5	1.188329	0.1781151	0.3795311
113	6	1.188329	0.1781151	0.3795311
113	7	-0.3346468	0.541343	1.268103
113	8	-0.03971407	0.5689212	0.1256904
114	2	1.179844	0.1767909	0.4176558
114	3	1.179844	0.1767909	0.4176558
114	4	1.179844	0.1767909	0.4176558
114	5	1.179844	0.1767909	0.4176558
114	6	1.179844	0.1767909	0.4176558
114	7	-0.3360152	0.5441936	1.243887
114	8	-0.002741593	0.5605404	0.09978773
115	2	1.173639	0.1777834	0.4261073
115	3	1.182390	0.1765426	0.4126142
115	4	1.173639	0.1777834	0.4261073
115	5	1.182390	0.1765426	0.4126142
115	6	1.182390	0.1765426	0.4126142
115	7	-0.3325408	0.5424583	1.250844
115	8	-0.001693876	0.5602567	0.09951155
116	1	0.7592423	0.2552830	0.8792893
116	2	1.236102	0.1754802	0.2648612
116	3	0.7592423	0.2552830	0.8792893
116	4	1.236102	0.1754802	0.2648612
116	5	0.7592423	0.2552830	0.8792893
116	6	0.7592423	0.2552830	0.8792893
116	7	0.3047638	0.4775769	0.01574368
116	8	-0.3756043	0.5883583	0.9228988
117	1	0.97688	0.2083227	0.7032965
117	5	0.97688	0.2083227	0.7032965
117	6	0.97688	0.2083227	0.7032965
117	7	0.5656619	0.4012871	0.002910115
117	8	-0.3363071	0.5875794	0.8148143
118	1	0.9846067	0.2137554	0.6266919
118	2	0.9846067	0.2137554	0.6266919
118	3	0.9846067	0.2137554	0.6266919
118	4	0.9846066	0.2137554	0.6266919
118	5	0.9846067	0.2137554	0.6266919
118	6	0.9846067	0.2137554	0.6266919
118	8	-0.02251883	0.5527876	0.2348955
119	1	0.9846067	0.2137554	0.6266919
119	2	0.9846067	0.2137554	0.6266919
119	3	0.9846067	0.2137554	0.6266919
119	4	0.9846066	0.2137554	0.6266919
119	5	0.9846067	0.2137554	0.6266919
119	6	0.9846067	0.2137554	0.6266919
119	8	-0.02251883	0.5527876	0.2348955
120	1	1.120904	0.1941041	0.4197782
120	2	1.120904	0.1941041	0.4197782
120	3	1.120904	0.1941041	0.4197782
120	4	1.120904	0.1941041	0.4197782
120	5	1.120904	0.1941041	0.4197782
120	6	1.120904	0.1941041	0.4197782
120	8	1.120904	0.1941041	0.4197782
121	1	1.120904	0.1941041	0.4197782
121	2	1.120904	0.1941041	0.4197782
121	3	1.120904	0.1941041	0.4197782
121	4	1.120904	0.1941041	0.4197782
121	5	1.120904	0.1941041	0.4197782
121	6	1.120904	0.1941041	0.4197782
121	8	1.120904	0.1941041	0.4197782
122	1	1.120904	0.1941041	0.4197782
122	2	1.120904	0.1941041	0.4197782
122	3	1.120904	0.1941041	0.4197782
122	4	1.120904	0.1941041	0.4197782
122	5	1.120904	0.1941041	0.4197782
122	6	1.120904	0.1941041	0.4197782
122	8	1.120904	0.1941041	0.4197782
123	1	1.120904	0.1941041	0.4197782
123	2	1.120904	0.1941041	0.4197782
123	3	1.120904	0.1941041	0.4197782
123	4	1.120904	0.1941041	0.4197782
123	5	1.120904	0.1941041	0.4197782
123	6	1.120904	0.1941041	0.4197782
123	7	1.120904	0.1941041	0.4197782
123	8	1.120904	0.1941041	0.4197782
124	1	1.120904	0.1941041	0.4197782
124	2	1.120904	0.1941041	0.4197782
124	3	1.120904	0.1941041	0.4197782
124	4	1.120904	0.1941041	0.4197782
124	5	1.120904	0.1941041	0.4197782
124	6	1.120904	0.1941041	0.4197782
124	7	1.120904	0.1941041	0.4197782
124	8	1.120904	0.1941041	0.4197782
125	1	1.120904	0.1941041	0.4197782
125	2	1.120904	0.1941041	0.4197782
125	3	1.120904	0.1941041	0.4197782
125	4	1.120904	0.1941041	0.4197782
125	5	1.120904	0.1941041	0.4197782
125	6	1.120904	0.1941041	0.4197782
125	7	1.120904	0.1941041	0.4197782
125	8	1.120904	0.1941041	0.4197782
126	1	1.120904	0.1941041	0.4197782
126	2	1.120904	0.1941041	0.4197782
126	3	1.120904	0.1941041	0.4197782
126	4	1.120904	0.1941041	0.4197782
126	5	1.120904	0.1941041	0.4197782
126	6	1.120904	0.1941041	0.4197782
126	7	1.120904	0.1941041	0.4197782
126	8	1.120904	0.1941041	0.4197782
127	1	1.120904	0.1941041	0.4197782
127	2	1.120904	0.1941041	0.4197782
127	3	1.120904	0.1941041	0.4197782
127	4	1.120904	0.1941041	0.4197782
127	5	1.120904	0.1941041	0.4197782
127	6	1.120904	0.1941041	0.4197782
127	7	1.120904	0.1941041	0.4197782
127	8	1.120904	0.1941041	0.4197782
128	1	1.120904	0.1941041	0.4197782
128	2	1.120904	0.1941041	0.4197782
128	3	1.120904	0.1941041	0.4197782
128	4	1.120904	0.1941041	0.4197782
128	5	1.120904	0.1941041	0.4197782
128	6	1.120904	0.1941041	0.4197782
128	7	1.120904	0.1941041	0.4197782
128	8	1.120904	0.1941041	0.4197782
129	1	1.120904	0.1941041	0.4197782
129	2	1.120904	0.1941041	0.4197782
129	3	1.120904	0.1941041	0.4197782
129	4	1.120904	0.1941041	0.4197782
129	5	1.120904	0.1941041	0.4197782
129	6	1.120904	0.1941041	0.4197782
129	7	1.120904	0.1941041	0.4197782
129	8	1.120904	0.1941041	0.4197782
138	1	-0.1252612	0.5668432	0.3983781
138	2	-0.1252612	0.5668432	0.3983781
138	3	-0.1252612	0.5668432	0.3983781
138	4	-0.1252612	0.5668432	0.3983781
138	5	-0.1252612	0.5668432	0.3983781
138	6	-0.1252612	0.5668432	0.3983781
138	7	-0.1252612	0.5668432	0.3983781
138	8	1.355172	0.1240325	0.4238012
139	1	-0.1252612	0.5668432	0.3983781
139	2	-0.1252612	0.5668432	0.3983781
139	3	-0.1252612	0.5668432	0.3983781
139	4	-0.1252612	0.5668432	0.3983781
139	5	-0.1252612	0.5668432	0.3983781
139	6	-0.1252612	0.5668432	0.3983781
139	7	-0.1252612	0.5668432	0.3983781
139	8	1.355172	0.1240325	0.4238012
140	1	1.063543	0.2434479	0.09984049
140	2	-0.2311817	0.5426266	0.9504859
140	3	1.063543	0.2434479	0.0998405
140	4	-0.2311817	0.5426266	0.9504859
140	5	1.063543	0.2434479	0.09984049
140	6	1.063543	0.2434479	0.09984049
140	7	1.063543	0.2434479	0.09984049
140	8	-0.440258	0.5816071	1.180326
141	1	1.063543	0.2434479	0.09984049
141	2	-0.2311817	0.5426266	0.9504859
141	3	1.063543	0.2434479	0.0998405
141	4	-0.2311817	0.5426266	0.9504859
141	5	1.063543	0.2434479	0.09984049
141	6	1.063543	0.2434479	0.09984049
141	7	1.063543	0.2434479	0.09984049
141	8	-0.440258	0.5816071	1.180326
142	1	1.063543	0.2434479	0.09984049
142	2	-0.2311817	0.5426266	0.9504859
142	3	1.063543	0.2434479	0.0998405
142	4	-0.2311817	0.5426266	0.9504859
142	5	1.063543	0.2434479	0.09984049
142	6	1.063543	0.2434479	0.09984049
142	7	1.063543	0.2434479	0.09984049
142	8	-0.440258	0.5816071	1.180326
143	1	1.139373	0.1885798	0.4200954
143	2	-0.1323157	0.5689533	0.3982570
143	3	1.139373	0.1885798	0.4200954
143	4	-0.1323157	0.5689533	0.3982570
143	5	1.139373	0.1885798	0.4200954
143	6	1.139373	0.1885798	0.4200954
143	7	1.139373	0.1885798	0.4200954
144	1	0.7855368	0.3316602	0.04494029
144	2	-0.1696841	0.4961313	1.230009
144	4	-0.1696841	0.4961313	1.230009
144	5	0.7855368	0.3316602	0.04494029
144	7	0.7855368	0.3316602	0.04494029
145	1	-0.1046359	0.470331	1.293989
145	2	0.5219736	0.3008734	1.126707
145	3	-0.08284634	0.5689113	0.2528937
145	4	0.5219736	0.3008734	1.126707
145	5	-0.1046359	0.470331	1.293989
145	6	-0.08284634	0.5689113	0.2528937
145	7	-0.1046359	0.470331	1.293989
145	8	1.035256	0.2603839	0.01536793
146	1	-0.1046359	0.470331	1.293989
146	2	0.5219736	0.3008734	1.126707
146	3	-0.08284634	0.5689113	0.2528937
146	4	0.5219736	0.3008734	1.126707
146	5	-0.1046359	0.470331	1.293989
146	6	-0.08284634	0.5689113	0.2528937
146	7	-0.1046359	0.470331	1.293989
146	8	1.035256	0.2603839	0.01536793
147	1	0.9360882	0.2202474	0.7053367
147	2	0.7772408	0.2442575	0.9355086
147	4	0.7772408	0.2442575	0.9355086
147	5	0.9360882	0.2202474	0.7053367
147	6	0.6513796	0.3748677	0.01211660
147	7	0.9360882	0.2202474	0.7053367
147	8	-0.1756747	0.5913639	0.3039507
148	1	0.6278828	0.2833026	0.9887261
148	2	0.69761	0.2601958	1.012228
148	3	0.6229654	0.3830942	0.01432871
148	4	0.69761	0.2601958	1.012228
148	5	0.6278828	0.2833026	0.9887261
148	6	0.6229654	0.3830942	0.01432871
148	7	0.6278828	0.2833026	0.9887261
148	8	-0.212001	0.5952883	0.3721105
149	1	0.6278828	0.2833026	0.9887261
149	2	0.69761	0.2601958	1.012228
149	3	0.6229654	0.3830942	0.01432871
149	4	0.69761	0.2601958	1.012228
149	5	0.6278828	0.2833026	0.9887261
149	6	0.6229654	0.3830942	0.01432871
149	7	0.6278828	0.2833026	0.9887261
149	8	-0.212001	0.5952883	0.3721105
150	2	1.227662	0.1880865	0.1648090
150	3	-0.1497424	0.4765644	1.365142
150	4	1.227662	0.1880865	0.1648090
150	5	1.141980	0.213843	0.1620665
150	6	-0.1497424	0.4765644	1.365142
150	7	1.141980	0.213843	0.1620665
150	8	-0.1456451	0.587046	0.2582464
151	2	1.291226	0.1596794	0.2589966
151	3	-0.2884567	0.5182153	1.361172
151	4	1.291226	0.1596794	0.2589966
151	8	-0.08365476	0.5753834	0.1911403
152	3	1.252620	0.1547068	0.4220401
152	8	-0.1736804	0.5813258	0.3975466
153	3	1.252620	0.1547068	0.4220401
153	8	-0.1736804	0.5813258	0.3975466
154	3	1.252620	0.1547068	0.4220401
154	8	-0.1736804	0.5813258	0.3975466
155	1	0.5866839	0.393181	0.02128936
155	2	-0.3279245	0.5555168	1.107837
155	3	0.5599144	0.4008141	0.02453461
155	4	-0.3279245	0.5555168	1.107837
155	5	0.5866839	0.393181	0.02128936
155	6	0.5599144	0.4008141	0.02453461
155	7	0.5866839	0.393181	0.02128936
155	8	0.9113104	0.2040302	0.9390579
156	1	0.5866839	0.393181	0.02128936
156	2	-0.3279245	0.5555168	1.107837
156	3	0.5599144	0.4008141	0.02453461
156	4	-0.3279245	0.5555168	1.107837
156	5	0.5866839	0.393181	0.02128936
156	6	0.5599144	0.4008141	0.02453461
156	7	0.5866839	0.393181	0.02128936
156	8	0.9113104	0.2040302	0.9390579
164	1	1.120904	0.1941041	0.4197782
164	2	1.120904	0.1941041	0.4197782
164	3	1.120904	0.1941041	0.4197782
164	4	1.120904	0.1941041	0.4197782
164	5	1.120904	0.1941041	0.4197782
164	6	1.120904	0.1941041	0.4197782
164	7	1.120904	0.1941041	0.4197782
164	8	1.120904	0.1941041	0.4197782
165	1	1.120904	0.1941041	0.4197782
165	2	1.120904	0.1941041	0.4197782
165	3	1.120904	0.1941041	0.4197782
165	4	1.120904	0.1941041	0.4197782
165	5	1.120904	0.1941041	0.4197782
165	6	1.120904	0.1941041	0.4197782
165	7	1.120904	0.1941041	0.4197782
165	8	1.120904	0.1941041	0.4197782
166	1	1.120904	0.1941041	0.4197782
166	2	1.120904	0.1941041	0.4197782
166	3	1.120904	0.1941041	0.4197782
166	4	1.120904	0.1941041	0.4197782
166	5	1.120904	0.1941041	0.4197782
166	6	1.120904	0.1941041	0.4197782
166	7	1.120904	0.1941041	0.4197782
166	8	1.120904	0.1941041	0.4197782
167	1	1.120904	0.1941041	0.4197782
167	2	1.120904	0.1941041	0.4197782
167	3	1.120904	0.1941041	0.4197782
167	4	1.120904	0.1941041	0.4197782
167	5	1.120904	0.1941041	0.4197782
167	6	1.120904	0.1941041	0.4197782
167	7	1.120904	0.1941041	0.4197782
167	8	1.120904	0.1941041	0.4197782
168	1	1.120904	0.1941041	0.4197782
168	2	1.120904	0.1941041	0.4197782
168	3	1.120904	0.1941041	0.4197782
168	4	1.120904	0.1941041	0.4197782
168	5	1.120904	0.1941041	0.4197782
168	6	1.120904	0.1941041	0.4197782
168	7	1.120904	0.1941041	0.4197782
168	8	1.120904	0.1941041	0.4197782
169	1	1.120904	0.1941041	0.4197782
169	2	1.120904	0.1941041	0.4197782
169	3	1.120904	0.1941041	0.4197782
169	4	1.120904	0.1941041	0.4197782
169	5	1.120904	0.1941041	0.4197782
169	6	1.120904	0.1941041	0.4197782
169	7	1.120904	0.1941041	0.4197782
169	8	1.120904	0.1941041	0.4197782
170	1	1.120904	0.1941041	0.4197782
170	2	1.120904	0.1941041	0.4197782
170	3	1.120904	0.1941041	0.4197782
170	4	1.120904	0.1941041	0.4197782
170	5	1.120904	0.1941041	0.4197782
170	6	1.120904	0.1941041	0.4197782
170	7	1.120904	0.1941041	0.4197782
170	8	1.120904	0.1941041	0.4197782
171	1	1.120904	0.1941041	0.4197782
171	2	1.120904	0.1941041	0.4197782
171	3	1.120904	0.1941041	0.4197782
171	4	1.120904	0.1941041	0.4197782
171	5	1.120904	0.1941041	0.4197782
171	6	1.120904	0.1941041	0.4197782
171	7	1.120904	0.1941041	0.4197782
171	8	1.120904	0.1941041	0.4197782
172	1	1.120904	0.1941041	0.4197782
172	2	1.120904	0.1941041	0.4197782
172	3	1.120904	0.1941041	0.4197782
172	4	1.120904	0.1941041	0.4197782
172	5	1.120904	0.1941041	0.4197782
172	6	1.120904	0.1941041	0.4197782
172	7	1.120904	0.1941041	0.4197782
172	8	1.120904	0.1941041	0.4197782
173	1	1.120904	0.1941041	0.4197782
173	2	1.120904	0.1941041	0.4197782
173	3	1.120904	0.1941041	0.4197782
173	4	1.120904	0.1941041	0.4197782
173	5	1.120904	0.1941041	0.4197782
173	6	1.120904	0.1941041	0.4197782
173	7	1.120904	0.1941041	0.4197782
173	8	1.120904	0.1941041	0.4197782
174	1	1.120904	0.1941041	0.4197782
174	2	1.120904	0.1941041	0.4197782
174	3	1.120904	0.1941041	0.4197782
174	4	1.120904	0.1941041	0.4197782
174	5	1.120904	0.1941041	0.4197782
174	6	1.120904	0.1941041	0.4197782
174	7	1.120904	0.1941041	0.4197782
174	8	1.120904	0.1941041	0.4197782
175	1	1.120904	0.1941041	0.4197782
175	2	1.120904	0.1941041	0.4197782
175	3	1.120904	0.1941041	0.4197782
175	4	1.120904	0.1941041	0.4197782
175	5	1.120904	0.1941041	0.4197782
175	6	1.120904	0.1941041	0.4197782
175	7	1.120904	0.1941041	0.4197782
175	8	1.120904	0.1941041	0.4197782
176	1	1.120904	0.1941041	0.4197782
176	2	1.120904	0.1941041	0.4197782
176	3	1.120904	0.1941041	0.4197782
176	4	1.120904	0.1941041	0.4197782
176	5	1.120904	0.1941041	0.4197782
176	6	1.120904	0.1941041	0.4197782
176	7	1.120904	0.1941041	0.4197782
176	8	1.120904	0.1941041	0.4197782
177	1	1.120904	0.1941041	0.4197782
177	2	1.120904	0.1941041	0.4197782
177	3	1.120904	0.1941041	0.4197782
177	4	1.120904	0.1941041	0.4197782
177	5	1.120904	0.1941041	0.4197782
177	6	1.120904	0.1941041	0.4197782
177	7	1.120904	0.1941041	0.4197782
177	8	1.120904	0.1941041	0.4197782
178	1	1.120904	0.1941041	0.4197782
178	2	1.120904	0.1941041	0.4197782
178	3	1.120904	0.1941041	0.4197782
178	4	1.120904	0.1941041	0.4197782
178	5	1.120904	0.1941041	0.4197782
178	6	1.120904	0.1941041	0.4197782
178	7	1.120904	0.1941041	0.4197782
178	8	1.120904	0.1941041	0.4197782
180	1	-0.08920918	0.5622319	0.3378337
180	2	-0.1580948	0.5756487	0.4078759
180	3	1.141583	0.1733119	0.5648831
180	4	-0.1580948	0.5756487	0.4078759
180	5	-0.08920918	0.5622319	0.3378337
180	6	1.141583	0.1733119	0.5648831
180	7	1.254800	0.1753879	0.2106738
180	8	-0.1580948	0.5756487	0.4078759
181	1	-0.08920918	0.5622319	0.3378337
181	2	-0.1580948	0.5756487	0.4078759
181	3	1.141583	0.1733119	0.5648831
181	4	-0.1580948	0.5756487	0.4078759
181	5	-0.08920918	0.5622319	0.3378337
181	6	1.141583	0.1733119	0.5648831
181	7	1.254800	0.1753879	0.2106738
181	8	-0.1580948	0.5756487	0.4078759
182	1	-0.08920918	0.5622319	0.3378337
182	2	-0.1580948	0.5756487	0.4078759
182	3	1.141583	0.1733119	0.5648831
182	4	-0.1580948	0.5756487	0.4078759
182	5	-0.08920918	0.5622319	0.3378337
182	6	1.141583	0.1733119	0.5648831
182	7	1.254800	0.1753879	0.2106738
182	8	-0.1580948	0.5756487	0.4078759
183	1	-0.08920918	0.5622319	0.3378337
183	2	-0.1580948	0.5756487	0.4078759
183	3	1.141583	0.1733119	0.5648831
183	4	-0.1580948	0.5756487	0.4078759
183	5	-0.08920918	0.5622319	0.3378337
183	6	1.141583	0.1733119	0.5648831
183	7	1.254800	0.1753879	0.2106738
183	8	-0.1580948	0.5756487	0.4078759
184	1	-0.08920918	0.5622319	0.3378337
184	2	-0.1580948	0.5756487	0.4078759
184	3	1.141583	0.1733119	0.5648831
184	4	-0.1580948	0.5756487	0.4078759
184	5	-0.08920918	0.5622319	0.3378337
184	6	1.141583	0.1733119	0.5648831
184	7	1.254800	0.1753879	0.2106738
184	8	-0.1580948	0.5756487	0.4078759
185	1	-0.08920918	0.5622319	0.3378337
185	2	-0.1580948	0.5756487	0.4078759
185	3	1.141583	0.1733119	0.5648831
185	4	-0.1580948	0.5756487	0.4078759
185	5	-0.08920918	0.5622319	0.3378337
185	6	1.141583	0.1733119	0.5648831
185	7	1.254800	0.1753879	0.2106738
185	8	-0.1580948	0.5756487	0.4078759
186	1	-0.08920918	0.5622319	0.3378337
186	2	-0.1580948	0.5756487	0.4078759
186	3	1.141583	0.1733119	0.5648831
186	4	-0.1580948	0.5756487	0.4078759
186	5	-0.08920918	0.5622319	0.3378337
186	6	1.141583	0.1733119	0.5648831
186	7	1.254800	0.1753879	0.2106738
186	8	-0.1580948	0.5756487	0.4078759
187	2	0.6439382	0.3765662	0.01721349
187	3	-0.2109976	0.4995036	1.318336
187	4	0.6439382	0.3765662	0.01721349
187	6	-0.2109976	0.4995036	1.318336
187	7	0.2413858	0.3663869	1.304350
187	8	0.6439382	0.3765662	0.01721349
188	1	1.100576	0.2326177	0.09803037
188	2	-0.3087888	0.5593714	1.013250
188	3	1.050695	0.2459915	0.1124943
188	4	-0.3087888	0.5593714	1.013250
188	5	1.100576	0.2326177	0.09803037
188	6	1.050695	0.2459915	0.1124943
188	7	1.100576	0.2326177	0.09803038
188	8	-0.3087888	0.5593714	1.013250
189	1	1.100576	0.2326177	0.09803037
189	2	-0.3087888	0.5593714	1.013250
189	3	1.050695	0.2459915	0.1124943
189	4	-0.3087888	0.5593714	1.013250
189	5	1.100576	0.2326177	0.09803037
189	6	1.050695	0.2459915	0.1124943
189	7	1.100576	0.2326177	0.09803038
189	8	-0.3087888	0.5593714	1.013250
190	1	1.100576	0.2326177	0.09803037
190	2	-0.3087888	0.5593714	1.013250
190	3	1.050695	0.2459915	0.1124943
190	4	-0.3087888	0.5593714	1.013250
190	5	1.100576	0.2326177	0.09803037
190	6	1.050695	0.2459915	0.1124943
190	7	1.100576	0.2326177	0.09803038
190	8	-0.3087888	0.5593714	1.013250
194	2	1.120904	0.1941041	0.4197782
194	4	1.120904	0.1941041	0.4197782
195	1	0.7472137	0.3448865	0.02680685
195	2	-0.3207968	0.5600631	1.041781
195	3	0.1713827	0.5104471	0.08306981
195	4	-0.3207968	0.5600631	1.041781
195	5	0.7472137	0.3448865	0.02680685
195	6	0.1713827	0.5104471	0.08306981
195	7	0.7472137	0.3448865	0.02680685
195	8	0.8518186	0.2155879	0.999841
196	1	0.7472137	0.3448865	0.02680685
196	2	-0.3207968	0.5600631	1.041781
196	3	0.1713827	0.5104471	0.08306981
196	4	-0.3207968	0.5600631	1.041781
196	5	0.7472137	0.3448865	0.02680685
196	6	0.1713827	0.5104471	0.08306981
196	7	0.7472137	0.3448865	0.02680685
196	8	0.8518186	0.2155879	0.999841
197	1	-0.1252612	0.5668432	0.3983781
197	2	-0.1252612	0.5668432	0.3983781
197	3	-0.1252612	0.5668432	0.3983781
197	4	-0.1252612	0.5668432	0.3983781
197	5	-0.1252612	0.5668432	0.3983781
197	6	-0.1252612	0.5668432	0.3983781
197	7	-0.1252612	0.5668432	0.3983781
197	8	1.355172	0.1240325	0.4238012
198	1	-0.1252612	0.5668432	0.3983781
198	2	-0.1252612	0.5668432	0.3983781
198	3	-0.1252612	0.5668432	0.3983781
198	4	-0.1252612	0.5668432	0.3983781
198	5	-0.1252612	0.5668432	0.3983781
198	6	-0.1252612	0.5668432	0.3983781
198	7	-0.1252612	0.5668432	0.3983781
198	8	1.355172	0.1240325	0.4238012
199	1	-0.1252612	0.5668432	0.3983781
199	2	-0.1252612	0.5668432	0.3983781
199	3	-0.1252612	0.5668432	0.3983781
199	4	-0.1252612	0.5668432	0.3983781
199	5	-0.1252612	0.5668432	0.3983781
199	6	-0.1252612	0.5668432	0.3983781
199	7	-0.1252612	0.5668432	0.3983781
199	8	1.355172	0.1240325	0.4238012
200	1	-0.1252612	0.5668432	0.3983781
200	2	-0.1252612	0.5668432	0.3983781
200	3	-0.1252612	0.5668432	0.3983781
200	4	-0.1252612	0.5668432	0.3983781
200	5	-0.1252612	0.5668432	0.3983781
200	6	-0.1252612	0.5668432	0.3983781
200	7	-0.1252612	0.5668432	0.3983781
200	8	1.355172	0.1240325	0.4238012
201	1	-0.1252612	0.5668432	0.3983781
201	2	-0.1252612	0.5668432	0.3983781
201	3	-0.1252612	0.5668432	0.3983781
201	4	-0.1252612	0.5668432	0.3983781
201	5	-0.1252612	0.5668432	0.3983781
201	6	-0.1252612	0.5668432	0.3983781
201	7	-0.1252612	0.5668432	0.3983781
201	8	1.355172	0.1240325	0.4238012
202	1	-0.1252612	0.5668432	0.3983781
202	2	-0.1252612	0.5668432	0.3983781
202	3	-0.1252612	0.5668432	0.3983781
202	4	-0.1252612	0.5668432	0.3983781
202	5	-0.1252612	0.5668432	0.3983781
202	6	-0.1252612	0.5668432	0.3983781
202	7	-0.1252612	0.5668432	0.3983781
202	8	1.355172	0.1240325	0.4238012
203	1	-0.1252612	0.5668432	0.3983781
203	2	-0.1252612	0.5668432	0.3983781
203	3	-0.1252612	0.5668432	0.3983781
203	4	-0.1252612	0.5668432	0.3983781
203	5	-0.1252612	0.5668432	0.3983781
203	6	-0.1252612	0.5668432	0.3983781
203	7	-0.1252612	0.5668432	0.3983781
203	8	1.355172	0.1240325	0.4238012
204	1	1.120904	0.1941041	0.4197782
204	2	1.120904	0.1941041	0.4197782
204	3	1.120904	0.1941041	0.4197782
204	4	1.120904	0.1941041	0.4197782
204	5	1.120904	0.1941041	0.4197782
204	6	1.120904	0.1941041	0.4197782
204	7	1.120904	0.1941041	0.4197782
205	1	1.120904	0.1941041	0.4197782
205	2	1.120904	0.1941041	0.4197782
205	3	1.120904	0.1941041	0.4197782
205	4	1.120904	0.1941041	0.4197782
205	5	1.120904	0.1941041	0.4197782
205	6	1.120904	0.1941041	0.4197782
205	7	1.120904	0.1941041	0.4197782
206	1	1.120904	0.1941041	0.4197782
206	2	1.120904	0.1941041	0.4197782
206	3	1.120904	0.1941041	0.4197782
206	4	1.120904	0.1941041	0.4197782
206	5	1.120904	0.1941041	0.4197782
206	6	1.120904	0.1941041	0.4197782
206	7	1.120904	0.1941041	0.4197782
207	1	1.120904	0.1941041	0.4197782
207	2	1.120904	0.1941041	0.4197782
207	3	1.120904	0.1941041	0.4197782
207	4	1.120904	0.1941041	0.4197782
207	5	1.120904	0.1941041	0.4197782
207	6	1.120904	0.1941041	0.4197782
207	7	1.120904	0.1941041	0.4197782
208	1	1.120904	0.1941041	0.4197782
208	2	1.120904	0.1941041	0.4197782
208	3	1.120904	0.1941041	0.4197782
208	4	1.120904	0.1941041	0.4197782
208	5	1.120904	0.1941041	0.4197782
208	6	1.120904	0.1941041	0.4197782
208	7	1.120904	0.1941041	0.4197782
209	1	1.120904	0.1941041	0.4197782
209	2	1.120904	0.1941041	0.4197782
209	3	1.120904	0.1941041	0.4197782
209	4	1.120904	0.1941041	0.4197782
209	5	1.120904	0.1941041	0.4197782
209	6	1.120904	0.1941041	0.4197782
209	7	1.120904	0.1941041	0.4197782
210	1	1.120904	0.1941041	0.4197782
210	2	1.120904	0.1941041	0.4197782
210	3	1.120904	0.1941041	0.4197782
210	4	1.120904	0.1941041	0.4197782
210	5	1.120904	0.1941041	0.4197782
210	6	1.120904	0.1941041	0.4197782
210	7	1.120904	0.1941041	0.4197782
211	1	1.120904	0.1941041	0.4197782
211	2	1.120904	0.1941041	0.4197782
211	3	1.120904	0.1941041	0.4197782
211	4	1.120904	0.1941041	0.4197782
211	5	1.120904	0.1941041	0.4197782
211	6	1.120904	0.1941041	0.4197782
211	7	1.120904	0.1941041	0.4197782
212	1	1.120904	0.1941041	0.4197782
212	2	1.120904	0.1941041	0.4197782
212	3	1.120904	0.1941041	0.4197782
212	4	1.120904	0.1941041	0.4197782
212	5	1.120904	0.1941041	0.4197782
212	6	1.120904	0.1941041	0.4197782
212	7	1.120904	0.1941041	0.4197782
213	1	-0.1252612	0.5668432	0.3983781
213	2	-0.1252612	0.5668432	0.3983781
213	3	-0.1252612	0.5668432	0.3983781
213	4	-0.1252612	0.5668432	0.3983781
213	5	-0.1252612	0.5668432	0.3983781
213	6	-0.1252612	0.5668432	0.3983781
213	7	-0.1252612	0.5668432	0.3983781
213	8	1.355172	0.1240325	0.4238012
214	2	0.9011618	0.2257025	0.7542023
214	3	0.9011618	0.2257025	0.7542022
214	4	0.9011618	0.2257025	0.7542023
214	5	0.9011618	0.2257025	0.7542023
214	6	0.9011618	0.2257025	0.7542023
214	7	0.9011618	0.2257025	0.7542023
214	8	-0.03599502	0.566852	0.1352360
215	2	0.9011618	0.2257025	0.7542023
215	3	0.9011618	0.2257025	0.7542022
215	4	0.9011618	0.2257025	0.7542023
215	5	0.9011618	0.2257025	0.7542023
215	6	0.9011618	0.2257025	0.7542023
215	7	0.9011618	0.2257025	0.7542023
215	8	-0.03599502	0.566852	0.1352360
216	1	-0.1252612	0.5668432	0.3983781
216	2	-0.1252612	0.5668432	0.3983781
216	3	-0.1252612	0.5668432	0.3983781
216	4	-0.1252612	0.5668432	0.3983781
216	5	-0.1252612	0.5668432	0.3983781
216	6	-0.1252612	0.5668432	0.3983781
216	7	-0.1252612	0.5668432	0.3983781
216	8	1.355172	0.1240325	0.4238012
217	1	-0.1252612	0.5668432	0.3983781
217	2	-0.1252612	0.5668432	0.3983781
217	3	-0.1252612	0.5668432	0.3983781
217	4	-0.1252612	0.5668432	0.3983781
217	5	-0.1252612	0.5668432	0.3983781
217	6	-0.1252612	0.5668432	0.3983781
217	7	-0.1252612	0.5668432	0.3983781
217	8	1.355172	0.1240325	0.4238012
218	1	-0.1252612	0.5668432	0.3983781
218	2	-0.1252612	0.5668432	0.3983781
218	3	-0.1252612	0.5668432	0.3983781
218	4	-0.1252612	0.5668432	0.3983781
218	5	-0.1252612	0.5668432	0.3983781
218	6	-0.1252612	0.5668432	0.3983781
218	7	-0.1252612	0.5668432	0.3983781
218	8	1.355172	0.1240325	0.4238012
219	1	-0.1252612	0.5668432	0.3983781
219	2	-0.1252612	0.5668432	0.3983781
219	3	-0.1252612	0.5668432	0.3983781
219	4	-0.1252612	0.5668432	0.3983781
219	5	-0.1252612	0.5668432	0.3983781
219	6	-0.1252612	0.5668432	0.3983781
219	7	-0.1252612	0.5668432	0.3983781
219	8	1.355172	0.1240325	0.4238012
220	2	-0.1743024	0.4831747	1.372012
220	4	-0.1743024	0.4831747	1.372012
220	6	0.1013425	0.531861	0.07726626
220	8	1.233078	0.1931884	0.09829123
221	2	-0.1772068	0.4826356	1.385913
221	4	-0.1772068	0.4826356	1.385913
221	6	1.286684	0.1705523	0.1646374
221	8	0.2287569	0.4994481	0.02299099
222	2	-0.1772068	0.4826356	1.385913
222	4	-0.1772068	0.4826356	1.385913
222	6	1.286684	0.1705523	0.1646374
222	8	0.2287569	0.4994481	0.02299099
223	1	1.168935	0.2071217	0.1492396
223	2	-0.3329383	0.5289115	1.386259
223	3	1.168935	0.2071217	0.1492396
223	4	-0.3329383	0.5289115	1.386259
223	5	1.168935	0.2071217	0.1492396
223	6	1.168935	0.2071217	0.1492396
223	7	1.146187	0.2197247	0.09138411
223	8	-0.05089027	0.5694092	0.1537893
224	1	1.168935	0.2071217	0.1492396
224	2	-0.3329383	0.5289115	1.386259
224	3	1.168935	0.2071217	0.1492396
224	4	-0.3329383	0.5289115	1.386259
224	5	1.168935	0.2071217	0.1492396
224	6	1.168935	0.2071217	0.1492396
224	7	1.146187	0.2197247	0.09138411
224	8	-0.05089027	0.5694092	0.1537893
225	1	1.168935	0.2071217	0.1492396
225	2	-0.3329383	0.5289115	1.386259
225	3	1.168935	0.2071217	0.1492396
225	4	-0.3329383	0.5289115	1.386259
225	5	1.168935	0.2071217	0.1492396
225	6	1.168935	0.2071217	0.1492396
225	7	1.146187	0.2197247	0.09138411
225	8	-0.05089027	0.5694092	0.1537893
226	2	-0.2960004	0.5171731	1.393730
226	4	-0.2960004	0.5171731	1.393730
226	5	0.5562511	0.4026936	0.01670439
226	7	1.028858	0.2589078	0.04885044
226	8	0.8341246	0.3190219	0.02699952
227	1	0.8131726	0.324176	0.03766674
227	2	-0.3786209	0.5582717	1.229933
227	3	1.093681	0.1801338	0.6384403
227	4	-0.3786209	0.5582717	1.229933
227	5	0.8131726	0.324176	0.03766674
227	6	1.093681	0.1801338	0.6384403
227	7	0.5051845	0.4190717	0.004891447
227	8	0.5154824	0.4152747	0.01217106
228	1	0.8131726	0.324176	0.03766674
228	2	-0.3786209	0.5582717	1.229933
228	3	1.093681	0.1801338	0.6384403
228	4	-0.3786209	0.5582717	1.229933
228	5	0.8131726	0.324176	0.03766674
228	6	1.093681	0.1801338	0.6384403
228	7	0.5051845	0.4190717	0.004891447
228	8	0.5154824	0.4152747	0.01217106
229	1	0.8131726	0.324176	0.03766674
229	2	-0.3786209	0.5582717	1.229933
229	3	1.093681	0.1801338	0.6384403
229	4	-0.3786209	0.5582717	1.229933
229	5	0.8131726	0.324176	0.03766674
229	6	1.093681	0.1801338	0.6384403
229	7	0.5051845	0.4190717	0.004891447
229	8	0.5154824	0.4152747	0.01217106
230	1	0.8131726	0.324176	0.03766674
230	2	-0.3786209	0.5582717	1.229933
230	3	1.093681	0.1801338	0.6384403
230	4	-0.3786209	0.5582717	1.229933
230	5	0.8131726	0.324176	0.03766674
230	6	1.093681	0.1801338	0.6384403
230	7	0.5051845	0.4190717	0.004891447
230	8	0.5154824	0.4152747	0.01217106
231	1	0.8131726	0.324176	0.03766674
231	2	-0.3786209	0.5582717	1.229933
231	3	1.093681	0.1801338	0.6384403
231	4	-0.3786209	0.5582717	1.229933
231	5	0.8131726	0.324176	0.03766674
231	6	1.093681	0.1801338	0.6384403
231	7	0.5051845	0.4190717	0.004891447
231	8	0.5154824	0.4152747	0.01217106
232	1	0.8131726	0.324176	0.03766674
232	2	-0.3786209	0.5582717	1.229933
232	3	1.093681	0.1801338	0.6384403
232	4	-0.3786209	0.5582717	1.229933
232	5	0.8131726	0.324176	0.03766674
232	6	1.093681	0.1801338	0.6384403
232	7	0.5051845	0.4190717	0.004891447
232	8	0.5154824	0.4152747	0.01217106
233	1	0.7633246	0.3388831	0.0388215
233	2	-0.404826	0.576657	1.124966
233	3	0.7641834	0.2457026	0.9596659
233	5	0.7633246	0.3388831	0.0388215
233	6	0.7641834	0.2457026	0.9596659
233	7	0.5062	0.4184038	0.008518045
233	8	0.478617	0.4257529	0.01697423
234	1	0.7633246	0.3388831	0.0388215
234	2	-0.404826	0.576657	1.124966
234	3	0.7641834	0.2457026	0.9596659
234	5	0.7633246	0.3388831	0.0388215
234	6	0.7641834	0.2457026	0.9596659
234	7	0.5062	0.4184038	0.008518045
234	8	0.478617	0.4257529	0.01697423
235	1	0.7633246	0.3388831	0.0388215
235	2	-0.404826	0.576657	1.124966
235	3	0.7641834	0.2457026	0.9596659
235	5	0.7633246	0.3388831	0.0388215
235	6	0.7641834	0.2457026	0.9596659
235	7	0.5062	0.4184038	0.008518045
235	8	0.478617	0.4257529	0.01697423
236	1	0.7633246	0.3388831	0.0388215
236	2	-0.404826	0.576657	1.124966
236	3	0.7641834	0.2457026	0.9596659
236	5	0.7633246	0.3388831	0.0388215
236	6	0.7641834	0.2457026	0.9596659
236	7	0.5062	0.4184038	0.008518045
236	8	0.478617	0.4257529	0.01697423
237	1	0.7633246	0.3388831	0.0388215
237	2	-0.404826	0.576657	1.124966
237	3	0.7641834	0.2457026	0.9596659
237	5	0.7633246	0.3388831	0.0388215
237	6	0.7641834	0.2457026	0.9596659
237	7	0.5062	0.4184038	0.008518045
237	8	0.478617	0.4257529	0.01697423
238	1	0.7633246	0.3388831	0.0388215
238	2	-0.404826	0.576657	1.124966
238	3	0.7641834	0.2457026	0.9596659
238	5	0.7633246	0.3388831	0.0388215
238	6	0.7641834	0.2457026	0.9596659
238	7	0.5062	0.4184038	0.008518045
238	8	0.478617	0.4257529	0.01697423
239	2	1.380203	0.1185593	0.4042764
239	3	-0.2814572	0.5207677	1.315253
239	5	0.6657148	0.3697249	0.02083561
239	6	-0.2814572	0.5207677	1.315253
239	7	0.2174083	0.5006525	0.04449888
239	8	0.09545103	0.5315022	0.0981833
240	2	1.380203	0.1185593	0.4042764
240	3	-0.2814572	0.5207677	1.315253
240	5	0.6657148	0.3697249	0.02083561
240	6	-0.2814572	0.5207677	1.315253
240	7	0.2174083	0.5006525	0.04449888
240	8	0.09545103	0.5315022	0.0981833
252	2	-0.3973022	0.5632283	1.235866
252	3	1.249705	0.1510828	0.4665427
252	4	-0.3973022	0.5632283	1.235866
252	5	0.4843427	0.424627	0.01125933
252	6	1.249705	0.1510828	0.4665427
252	7	0.4708596	0.4287919	0.009720028
252	8	0.6494134	0.3753328	0.01330202
253	2	-0.3973022	0.5632283	1.235866
253	3	1.249705	0.1510828	0.4665427
253	4	-0.3973022	0.5632283	1.235866
253	5	0.4843427	0.424627	0.01125933
253	6	1.249705	0.1510828	0.4665427
253	7	0.4708596	0.4287919	0.009720028
253	8	0.6494134	0.3753328	0.01330202
254	1	0.5270375	0.4118806	0.01175481
254	2	-0.4085893	0.5699045	1.202970
254	3	1.148626	0.1656749	0.6198054
254	4	-0.4085893	0.5699045	1.202970
254	5	0.5270375	0.4118806	0.01175481
254	6	1.148626	0.1656749	0.6198054
254	7	0.5618535	0.4014043	0.01297151
254	8	0.781995	0.3345646	0.02659713
255	1	0.1773513	0.5117118	0.05294885
255	2	-0.2983484	0.5126346	1.445624
255	3	1.247324	0.1781177	0.2056540
255	4	-0.2983484	0.5126346	1.445624
255	5	0.1773513	0.5117118	0.05294885
255	6	1.247324	0.1781177	0.2056540
255	7	0.1966903	0.5060819	0.05174922
255	8	1.277298	0.1462051	0.4335638
256	1	0.4740423	0.4277161	0.01100084
256	2	-0.3757985	0.5605679	1.198861
256	3	1.198377	0.1582601	0.546675
256	4	-0.3757985	0.5605679	1.198861
256	5	0.4740423	0.4277161	0.01100084
256	6	1.198377	0.1582601	0.546675
256	7	0.5058605	0.4180131	0.01339011
257	1	0.4950824	0.4211423	0.01414283
257	3	0.8278432	0.2295010	0.9326199
257	4	-0.3903762	0.5860847	0.9889602
257	5	0.4950824	0.4211423	0.01414283
257	6	0.8278432	0.2295010	0.9326199
257	7	0.5017836	0.4188034	0.01757201
258	1	0.4950824	0.4211423	0.01414283
258	3	0.8278432	0.2295010	0.9326199
258	4	-0.3903762	0.5860847	0.9889602
258	5	0.4950824	0.4211423	0.01414283
258	6	0.8278432	0.2295010	0.9326199
258	7	0.5017836	0.4188034	0.01757201
259	1	0.4950824	0.4211423	0.01414283
259	3	0.8278432	0.2295010	0.9326199
259	4	-0.3903762	0.5860847	0.9889602
259	5	0.4950824	0.4211423	0.01414283
259	6	0.8278432	0.2295010	0.9326199
259	7	0.5017836	0.4188034	0.01757201
260	4	1.311021	0.1387102	0.4084573
260	6	-0.3356849	0.5523102	1.162482
260	7	0.1699643	0.514143	0.05062546
261	1	1.242976	0.1659152	0.3393894
261	3	0.8500762	0.2332516	0.8299355
261	4	-0.3928426	0.5552047	1.302235
261	5	1.242976	0.1659152	0.3393894
261	6	0.8500762	0.2332516	0.8299355
261	7	0.1472066	0.5194959	0.06464444
261	8	0.2488994	0.4929756	0.02777375
262	1	1.202164	0.1717215	0.4021193
262	3	1.202164	0.1717215	0.4021193
262	4	-0.4029366	0.5524094	1.35968
262	5	1.202164	0.1717215	0.4021193
262	6	1.202164	0.1717215	0.4021193
262	7	0.21882	0.4996259	0.05051229
262	8	0.1312003	0.5248637	0.05861994
263	3	-0.1300627	0.4718975	1.353396
263	4	1.387883	0.1364587	0.2042689
263	5	-0.1373173	0.4780043	1.314258
263	6	-0.1300627	0.4718975	1.353396
263	7	0.07219491	0.5366955	0.1152527
263	8	0.1368331	0.5231578	0.05892549
264	3	-0.1300627	0.4718975	1.353396
264	4	1.387883	0.1364587	0.2042689
264	5	-0.1373173	0.4780043	1.314258
264	6	-0.1300627	0.4718975	1.353396
264	7	0.07219491	0.5366955	0.1152527
264	8	0.1368331	0.5231578	0.05892549
265	3	-0.1300627	0.4718975	1.353396
265	4	1.387883	0.1364587	0.2042689
265	5	-0.1373173	0.4780043	1.314258
265	6	-0.1300627	0.4718975	1.353396
265	7	0.07219491	0.5366955	0.1152527
265	8	0.1368331	0.5231578	0.05892549
266	2	1.267434	0.1751874	0.1754312
266	3	0.2458149	0.3696908	1.258558
266	4	1.267434	0.1751874	0.1754312
266	5	0.9238586	0.2218232	0.7257602
266	6	0.2458149	0.3696908	1.258558
266	7	-0.1685406	0.5806665	0.3889338
266	8	-0.1950224	0.5897689	0.3767709
267	2	1.267434	0.1751874	0.1754312
267	3	0.2458149	0.3696908	1.258558
267	4	1.267434	0.1751874	0.1754312
267	5	0.9238586	0.2218232	0.7257602
267	6	0.2458149	0.3696908	1.258558
267	7	-0.1685406	0.5806665	0.3889338
267	8	-0.1950224	0.5897689	0.3767709
268	1	0.8946272	0.2278666	0.7520132
268	2	-0.004302916	0.426847	1.429229
268	3	1.217551	0.18131	0.2617583
268	4	-0.004302916	0.426847	1.429229
268	5	0.8946272	0.2278666	0.7520132
268	6	1.217551	0.18131	0.2617583
268	7	0.2035695	0.5047637	0.04453998
268	8	0.1824180	0.512355	0.03164375
269	1	0.8946272	0.2278666	0.7520132
269	2	-0.004302916	0.426847	1.429229
269	3	1.217551	0.18131	0.2617583
269	4	-0.004302916	0.426847	1.429229
269	5	0.8946272	0.2278666	0.7520132
269	6	1.217551	0.18131	0.2617583
269	7	0.2035695	0.5047637	0.04453998
269	8	0.1824180	0.512355	0.03164375
270	1	0.6474008	0.3740495	0.03194896
270	3	1.221704	0.1748641	0.3133949
270	4	-0.3072191	0.5566546	1.035547
270	5	0.6474008	0.3740495	0.03194896
271	1	0.6474008	0.3740495	0.03194896
271	3	1.221704	0.1748641	0.3133949
271	4	-0.3072191	0.5566546	1.035547
271	5	0.6474008	0.3740495	0.03194896
272	3	1.153301	0.1844140	0.4203345
272	5	-0.1252612	0.5668432	0.3983781
273	3	1.153301	0.1844140	0.4203345
273	5	-0.1252612	0.5668432	0.3983781
274	1	0.1044707	0.52919	0.09451704
274	3	1.233092	0.1604747	0.4224294
274	4	-0.3520125	0.5733219	1.002381
274	5	1.224666	0.1871146	0.1832698
275	1	0.760691	0.340453	0.03102507
275	3	1.222527	0.1840193	0.2202468
275	4	-0.3690535	0.5511656	1.272157
275	5	0.760691	0.340453	0.03102507
276	3	1.235843	0.1597247	0.421752
276	4	-0.1657657	0.5789585	0.3976825
277	3	-0.1577892	0.5765726	0.3978195
277	4	1.219157	0.1647159	0.4214655
278	2	1.210830	0.181768	0.2770259
278	3	-0.2371536	0.5807588	0.5902126
278	4	1.210830	0.181768	0.2770260
279	2	1.210830	0.181768	0.2770259
279	3	-0.2371536	0.5807588	0.5902126
279	4	1.210830	0.181768	0.2770260
280	1	0.1038997	0.5270906	0.1170031
280	2	-0.2472932	0.516347	1.258383
280	3	-0.2786079	0.5356452	1.159426
280	4	-0.2472932	0.516347	1.258383
280	5	0.1038997	0.5270906	0.1170031
280	7	1.089687	0.2369947	0.08674348
280	8	1.157778	0.2174305	0.07996388
281	1	0.1038997	0.5270906	0.1170031
281	2	-0.2472932	0.516347	1.258383
281	3	-0.2786079	0.5356452	1.159426
281	4	-0.2472932	0.516347	1.258383
281	5	0.1038997	0.5270906	0.1170031
281	7	1.089687	0.2369947	0.08674348
281	8	1.157778	0.2174305	0.07996388
282	1	0.1038997	0.5270906	0.1170031
282	2	-0.2472932	0.516347	1.258383
282	3	-0.2786079	0.5356452	1.159426
282	4	-0.2472932	0.516347	1.258383
282	5	0.1038997	0.5270906	0.1170031
282	7	1.089687	0.2369947	0.08674348
282	8	1.157778	0.2174305	0.07996388
283	1	1.120904	0.1941041	0.4197782
283	2	1.120904	0.1941041	0.4197782
283	3	1.120904	0.1941041	0.4197782
283	4	1.120904	0.1941041	0.4197782
283	5	1.120904	0.1941041	0.4197782
283	6	1.120904	0.1941041	0.4197782
283	7	1.120904	0.1941041	0.4197782
283	8	1.120904	0.1941041	0.4197782
284	1	1.120904	0.1941041	0.4197782
284	2	1.120904	0.1941041	0.4197782
284	3	1.120904	0.1941041	0.4197782
284	4	1.120904	0.1941041	0.4197782
284	5	1.120904	0.1941041	0.4197782
284	6	1.120904	0.1941041	0.4197782
284	7	1.120904	0.1941041	0.4197782
284	8	1.120904	0.1941041	0.4197782
285	1	1.120904	0.1941041	0.4197782
285	2	1.120904	0.1941041	0.4197782
285	3	1.120904	0.1941041	0.4197782
285	4	1.120904	0.1941041	0.4197782
285	5	1.120904	0.1941041	0.4197782
285	6	1.120904	0.1941041	0.4197782
285	7	1.120904	0.1941041	0.4197782
285	8	1.120904	0.1941041	0.4197782
286	1	1.120904	0.1941041	0.4197782
286	2	1.120904	0.1941041	0.4197782
286	3	1.120904	0.1941041	0.4197782
286	4	1.120904	0.1941041	0.4197782
286	5	1.120904	0.1941041	0.4197782
286	6	1.120904	0.1941041	0.4197782
286	7	1.120904	0.1941041	0.4197782
286	8	1.120904	0.1941041	0.4197782
287	1	1.120904	0.1941041	0.4197782
287	2	1.120904	0.1941041	0.4197782
287	3	1.120904	0.1941041	0.4197782
287	4	1.120904	0.1941041	0.4197782
287	5	1.120904	0.1941041	0.4197782
287	6	1.120904	0.1941041	0.4197782
287	7	1.120904	0.1941041	0.4197782
287	8	1.120904	0.1941041	0.4197782
296	1	1.047400	0.2475991	0.1062743
296	2	-0.3023295	0.5565163	1.022508
296	3	1.047400	0.2475991	0.1062743
296	4	-0.3023295	0.5565164	1.022508
296	5	1.047400	0.2475991	0.1062743
296	6	1.047400	0.2475991	0.1062743
296	7	1.120762	0.2279231	0.08506649
296	8	-0.2764257	0.5516066	0.9948257
297	1	1.047400	0.2475991	0.1062743
297	2	-0.3023295	0.5565163	1.022508
297	3	1.047400	0.2475991	0.1062743
297	4	-0.3023295	0.5565164	1.022508
297	5	1.047400	0.2475991	0.1062743
297	6	1.047400	0.2475991	0.1062743
297	7	1.120762	0.2279231	0.08506649
297	8	-0.2764257	0.5516066	0.9948257
298	1	1.047400	0.2475991	0.1062743
298	2	-0.3023295	0.5565163	1.022508
298	3	1.047400	0.2475991	0.1062743
298	4	-0.3023295	0.5565164	1.022508
298	5	1.047400	0.2475991	0.1062743
298	6	1.047400	0.2475991	0.1062743
298	7	1.120762	0.2279231	0.08506649
298	8	-0.2764257	0.5516066	0.9948257
299	1	1.047400	0.2475991	0.1062743
299	2	-0.3023295	0.5565163	1.022508
299	3	1.047400	0.2475991	0.1062743
299	4	-0.3023295	0.5565164	1.022508
299	5	1.047400	0.2475991	0.1062743
299	6	1.047400	0.2475991	0.1062743
299	7	1.120762	0.2279231	0.08506649
299	8	-0.2764257	0.5516066	0.9948257
300	1	1.047400	0.2475991	0.1062743
300	2	-0.3023295	0.5565163	1.022508
300	3	1.047400	0.2475991	0.1062743
300	4	-0.3023295	0.5565164	1.022508
300	5	1.047400	0.2475991	0.1062743
300	6	1.047400	0.2475991	0.1062743
300	7	1.120762	0.2279231	0.08506649
300	8	-0.2764257	0.5516066	0.9948257
301	2	-0.2840286	0.5706491	0.8285283
301	3	1.143707	0.2129879	0.1654511
301	4	-0.2840286	0.5706491	0.8285283
301	5	1.143707	0.2129879	0.1654511
301	6	1.143707	0.2129879	0.1654511
301	7	1.233439	0.188262	0.1460477
301	8	-0.2607961	0.5655685	0.8104123
302	2	-0.318849	0.5204025	1.429060
302	4	-0.318849	0.5204025	1.429060
302	5	0.4451025	0.4349432	0.02466501
302	6	0.8967598	0.2998091	0.0328118
302	7	0.4027487	0.4488647	0.01152082
302	8	1.296923	0.1639204	0.2001823
303	2	-0.318849	0.5204025	1.429060
303	4	-0.318849	0.5204025	1.429060
303	5	0.4451025	0.4349432	0.02466501
303	6	0.8967598	0.2998091	0.0328118
303	7	0.4027487	0.4488647	0.01152082
303	8	1.296923	0.1639204	0.2001823
304	2	-0.2714267	0.5059102	1.432924
304	4	-0.2714267	0.5059102	1.432924
304	5	1.200183	0.1975151	0.1523530
304	6	0.9022854	0.2986732	0.02778514
304	8	0.4015123	0.4496306	0.007574516
305	6	1.169632	0.1795293	0.420615
305	8	-0.1334870	0.5693036	0.3982368
306	6	1.169632	0.1795293	0.420615
306	8	-0.1334870	0.5693036	0.3982368
307	6	1.169632	0.1795293	0.420615
307	8	-0.1334870	0.5693036	0.3982368
308	1	0.7315742	0.3496412	0.02577739
308	3	0.2918958	0.3593132	1.225602
308	5	0.7315742	0.3496412	0.02577739
308	6	0.2918958	0.3593132	1.225602
308	8	-0.2911383	0.5678898	0.8768233
309	1	0.7315742	0.3496412	0.02577739
309	3	0.2918958	0.3593132	1.225602
309	5	0.7315742	0.3496412	0.02577739
309	6	0.2918958	0.3593132	1.225602
309	8	-0.2911383	0.5678898	0.8768233
310	1	0.7315742	0.3496412	0.02577739
310	3	0.2918958	0.3593132	1.225602
310	5	0.7315742	0.3496412	0.02577739
310	6	0.2918958	0.3593132	1.225602
310	8	-0.2911383	0.5678898	0.8768233
317	1	0.2624024	0.4878953	0.03832575
317	3	1.260479	0.1489856	0.4555751
317	5	0.2624024	0.4878953	0.03832575
317	7	-0.2693611	0.5052936	1.432948
318	1	0.2624024	0.4878953	0.03832575
318	3	1.260479	0.1489856	0.4555751
318	5	0.2624024	0.4878953	0.03832575
318	7	-0.2693611	0.5052936	1.432948
319	1	1.140276	0.1824377	0.4783025
319	2	-0.1683931	0.4750428	1.435181
319	3	0.9958492	0.2702515	0.03371151
319	4	-0.1683931	0.4750428	1.435181
319	5	1.140276	0.1824377	0.4783025
319	7	0.09218417	0.5364309	0.05896898
320	1	0.9847965	0.2093475	0.6698134
320	2	-0.2321770	0.4975576	1.400032
320	3	1.214302	0.1994632	0.09144276
320	4	-0.2321770	0.4975576	1.400032
320	7	0.2256571	0.5006501	0.02021531
321	1	0.9847965	0.2093475	0.6698134
321	2	-0.2321770	0.4975576	1.400032
321	3	1.214302	0.1994632	0.09144276
321	4	-0.2321770	0.4975576	1.400032
321	7	0.2256571	0.5006501	0.02021531
322	1	0.9847965	0.2093475	0.6698134
322	2	-0.2321770	0.4975576	1.400032
322	3	1.214302	0.1994632	0.09144276
322	4	-0.2321770	0.4975576	1.400032
322	7	0.2256571	0.5006501	0.02021531
323	1	0.08518855	0.5344253	0.09945869
323	2	-0.1563647	0.4772066	1.378293
323	3	1.009117	0.2670683	0.02615811
323	4	-0.1563647	0.4772066	1.378293
323	7	0.2759644	0.3651876	1.214338
324	1	0.08518855	0.5344253	0.09945869
324	2	-0.1563647	0.4772066	1.378293
324	3	1.009117	0.2670683	0.02615811
324	4	-0.1563647	0.4772066	1.378293
324	7	0.2759644	0.3651876	1.214338
325	1	1.255792	0.1787648	0.1742889
325	2	-0.2508598	0.5248093	1.185036
325	4	-0.2508598	0.5248093	1.185036
325	7	0.2219716	0.4983014	0.05434974
326	1	-0.2056857	0.5744743	0.5597569
326	2	0.02870679	0.4323128	1.277790
326	3	0.5926405	0.3927114	0.008389874
326	4	0.02870679	0.4323128	1.277790
326	5	-0.2056857	0.5744743	0.5597569
326	6	1.227441	0.164227	0.4018973
326	7	-0.1003185	0.4741375	1.243546
326	8	0.7609469	0.2536827	0.8901243
