1	1	1.120904	0.1941041	0.4197782
1	2	1.120904	0.1941041	0.4197782
1	3	1.120904	0.1941041	0.4197782
1	4	1.120904	0.1941041	0.4197782
1	5	1.120904	0.1941041	0.4197782
1	6	1.120904	0.1941041	0.4197782
1	7	1.120904	0.1941041	0.4197782
1	8	1.120904	0.1941041	0.4197782
1	10	1.120904	0.1941041	0.4197782
1	11	1.120904	0.1941041	0.4197782
1	12	1.120904	0.1941041	0.4197782
94	9	0.1208815	0.4054268	1.272592
94	10	0.1208815	0.4054268	1.272592
94	11	0.4707858	0.4276458	0.02129413
95	9	0.1208815	0.4054268	1.272592
95	10	0.1208815	0.4054268	1.272592
95	11	0.4707858	0.4276458	0.02129413
96	10	1.178085	0.1770008	0.4207602
96	11	-0.1377030	0.5705647	0.3981644
97	10	1.178085	0.1770008	0.4207602
97	11	-0.1377030	0.5705647	0.3981644
98	9	0.1208815	0.4054268	1.272592
98	10	0.1208815	0.4054268	1.272592
98	11	0.4707858	0.4276458	0.02129413
99	9	0.1208815	0.4054268	1.272592
99	10	0.1208815	0.4054268	1.272592
99	11	0.4707858	0.4276458	0.02129413
100	9	0.1208815	0.4054268	1.272592
100	10	0.1208815	0.4054268	1.272592
100	11	0.4707858	0.4276458	0.02129413
101	9	0.1208815	0.4054268	1.272592
101	10	0.1208815	0.4054268	1.272592
101	11	0.4707858	0.4276458	0.02129413
102	9	0.1208815	0.4054268	1.272592
102	10	0.1208815	0.4054268	1.272592
102	11	0.4707858	0.4276458	0.02129413
103	9	0.1208815	0.4054268	1.272592
103	10	0.1208815	0.4054268	1.272592
103	11	0.4707858	0.4276458	0.02129413
104	9	1.178085	0.1770008	0.4207602
104	11	-0.1377030	0.5705647	0.3981644
105	9	1.178085	0.1770008	0.4207602
105	11	-0.1377030	0.5705647	0.3981644
106	9	1.178085	0.1770008	0.4207602
106	11	-0.1377030	0.5705647	0.3981644
107	9	1.178085	0.1770008	0.4207602
107	11	-0.1377030	0.5705647	0.3981644
108	9	1.178085	0.1770008	0.4207602
108	11	-0.1377030	0.5705647	0.3981644
109	9	1.178085	0.1770008	0.4207602
109	11	-0.1377030	0.5705647	0.3981644
110	9	1.178085	0.1770008	0.4207602
110	11	-0.1377030	0.5705647	0.3981644
111	9	1.178085	0.1770008	0.4207602
111	11	-0.1377030	0.5705647	0.3981644
112	9	1.178085	0.1770008	0.4207602
112	11	-0.1377030	0.5705647	0.3981644
113	9	1.178085	0.1770008	0.4207602
113	11	-0.1377030	0.5705647	0.3981644
114	9	1.178085	0.1770008	0.4207602
114	11	-0.1377030	0.5705647	0.3981644
126	9	1.120904	0.1941041	0.4197782
126	10	1.120904	0.1941041	0.4197782
127	9	1.120904	0.1941041	0.4197782
127	10	1.120904	0.1941041	0.4197782
128	9	1.120904	0.1941041	0.4197782
128	10	1.120904	0.1941041	0.4197782
129	9	1.120904	0.1941041	0.4197782
129	10	1.120904	0.1941041	0.4197782
130	9	1.120904	0.1941041	0.4197782
130	10	1.120904	0.1941041	0.4197782
131	9	1.120904	0.1941041	0.4197782
131	10	1.120904	0.1941041	0.4197782
132	9	1.120904	0.1941041	0.4197782
132	10	1.120904	0.1941041	0.4197782
133	9	1.120904	0.1941041	0.4197782
133	10	1.120904	0.1941041	0.4197782
134	9	1.120904	0.1941041	0.4197782
134	10	1.120904	0.1941041	0.4197782
135	9	1.120904	0.1941041	0.4197782
135	10	1.120904	0.1941041	0.4197782
136	9	1.120904	0.1941041	0.4197782
136	10	1.120904	0.1941041	0.4197782
137	9	1.120904	0.1941041	0.4197782
137	10	1.120904	0.1941041	0.4197782
138	9	1.120904	0.1941041	0.4197782
138	10	1.120904	0.1941041	0.4197782
139	9	1.120904	0.1941041	0.4197782
139	10	1.120904	0.1941041	0.4197782
140	9	1.120904	0.1941041	0.4197782
140	10	1.120904	0.1941041	0.4197782
141	9	1.120904	0.1941041	0.4197782
141	10	1.120904	0.1941041	0.4197782
142	9	1.120904	0.1941041	0.4197782
142	10	1.120904	0.1941041	0.4197782
144	9	0.1208815	0.4054268	1.272592
144	10	0.1208815	0.4054268	1.272592
144	11	0.4707858	0.4276458	0.02129413
145	9	0.1208815	0.4054268	1.272592
145	10	0.1208815	0.4054268	1.272592
145	11	0.4707858	0.4276458	0.02129413
146	9	0.1208815	0.4054268	1.272592
146	10	0.1208815	0.4054268	1.272592
146	11	0.4707858	0.4276458	0.02129413
147	9	0.1208815	0.4054268	1.272592
147	10	0.1208815	0.4054268	1.272592
147	11	0.4707858	0.4276458	0.02129413
148	9	0.1208815	0.4054268	1.272592
148	10	0.1208815	0.4054268	1.272592
148	11	0.4707858	0.4276458	0.02129413
149	9	0.1208815	0.4054268	1.272592
149	10	0.1208815	0.4054268	1.272592
149	11	0.4707858	0.4276458	0.02129413
150	9	0.1208815	0.4054268	1.272592
150	10	0.1208815	0.4054268	1.272592
150	11	0.4707858	0.4276458	0.02129413
151	10	1.178085	0.1770008	0.4207602
151	11	-0.1377030	0.5705647	0.3981644
152	10	1.178085	0.1770008	0.4207602
152	11	-0.1377030	0.5705647	0.3981644
153	10	1.178085	0.1770008	0.4207602
153	11	-0.1377030	0.5705647	0.3981644
154	9	0.1208815	0.4054268	1.272592
154	10	0.1208815	0.4054268	1.272592
154	11	0.4707858	0.4276458	0.02129413
155	9	0.1208815	0.4054268	1.272592
155	10	0.1208815	0.4054268	1.272592
155	11	0.4707858	0.4276458	0.02129413
156	9	0.1208815	0.4054268	1.272592
156	10	0.1208815	0.4054268	1.272592
156	11	0.4707858	0.4276458	0.02129413
157	9	0.1208815	0.4054268	1.272592
157	10	0.1208815	0.4054268	1.272592
157	11	0.4707858	0.4276458	0.02129413
158	9	0.1208815	0.4054268	1.272592
158	10	0.1208815	0.4054268	1.272592
158	11	0.4707858	0.4276458	0.02129413
159	9	1.178085	0.1770008	0.4207602
159	11	-0.1377030	0.5705647	0.3981644
160	9	1.178085	0.1770008	0.4207602
160	11	-0.1377030	0.5705647	0.3981644
161	9	1.178085	0.1770008	0.4207602
161	11	-0.1377030	0.5705647	0.3981644
162	9	1.178085	0.1770008	0.4207602
162	11	-0.1377030	0.5705647	0.3981644
163	9	1.178085	0.1770008	0.4207602
163	11	-0.1377030	0.5705647	0.3981644
164	9	1.178085	0.1770008	0.4207602
164	11	-0.1377030	0.5705647	0.3981644
165	9	0.1208815	0.4054268	1.272592
165	10	0.1208815	0.4054268	1.272592
165	11	0.4707858	0.4276458	0.02129413
166	9	0.1208815	0.4054268	1.272592
166	10	0.1208815	0.4054268	1.272592
166	11	0.4707858	0.4276458	0.02129413
167	9	0.1208815	0.4054268	1.272592
167	10	0.1208815	0.4054268	1.272592
167	11	0.4707858	0.4276458	0.02129413
168	9	0.1208815	0.4054268	1.272592
168	10	0.1208815	0.4054268	1.272592
168	11	0.4707858	0.4276458	0.02129413
169	9	0.1208815	0.4054268	1.272592
169	10	0.1208815	0.4054268	1.272592
169	11	0.4707858	0.4276458	0.02129413
170	9	0.1208815	0.4054268	1.272592
170	10	0.1208815	0.4054268	1.272592
170	11	0.4707858	0.4276458	0.02129413
171	9	0.1208815	0.4054268	1.272592
171	10	0.1208815	0.4054268	1.272592
171	11	0.4707858	0.4276458	0.02129413
172	9	0.1208815	0.4054268	1.272592
172	10	0.1208815	0.4054268	1.272592
172	11	0.4707858	0.4276458	0.02129413
173	9	0.1208815	0.4054268	1.272592
173	10	0.1208815	0.4054268	1.272592
173	11	0.4707858	0.4276458	0.02129413
174	9	0.1208815	0.4054268	1.272592
174	10	0.1208815	0.4054268	1.272592
174	11	0.4707858	0.4276458	0.02129413
175	9	0.1208815	0.4054268	1.272592
175	10	0.1208815	0.4054268	1.272592
175	11	0.4707858	0.4276458	0.02129413
176	9	0.1208815	0.4054268	1.272592
176	10	0.1208815	0.4054268	1.272592
176	11	0.4707858	0.4276458	0.02129413
177	9	0.1208815	0.4054268	1.272592
177	10	0.1208815	0.4054268	1.272592
177	11	0.4707858	0.4276458	0.02129413
178	5	1.189073	0.1780244	0.3782378
178	9	-0.2693622	0.5652611	0.8387015
178	10	-0.2693622	0.5652611	0.8387015
178	11	1.025517	0.2557717	0.08977218
178	12	1.025517	0.2557717	0.08977218
179	5	1.189073	0.1780244	0.3782378
179	9	-0.2693622	0.5652611	0.8387015
179	10	-0.2693622	0.5652611	0.8387015
179	11	1.025517	0.2557717	0.08977218
179	12	1.025517	0.2557717	0.08977218
180	5	1.189073	0.1780244	0.3782378
180	9	-0.2693622	0.5652611	0.8387015
180	10	-0.2693622	0.5652611	0.8387015
180	11	1.025517	0.2557717	0.08977218
180	12	1.025517	0.2557717	0.08977218
181	5	1.046952	0.1987327	0.5918385
181	9	-0.2680794	0.572324	0.7649309
181	11	0.993182	0.2657554	0.08612554
181	12	0.993182	0.2657554	0.08612554
187	1	1.010082	0.2066224	0.6223066
187	6	1.010082	0.2066224	0.6223067
187	11	-0.03711473	0.5568833	0.2373214
188	1	0.5729588	0.3965335	0.02851384
188	6	0.5729588	0.3965335	0.02851384
188	9	-0.2157114	0.5157958	1.170778
188	11	0.3864332	0.3378834	1.159373
189	1	0.5729588	0.3965335	0.02851384
189	6	0.5729588	0.3965335	0.02851384
189	9	-0.2157114	0.5157958	1.170778
189	11	0.3864332	0.3378834	1.159373
190	1	0.5729588	0.3965335	0.02851384
190	6	0.5729588	0.3965335	0.02851384
190	9	-0.2157114	0.5157958	1.170778
190	11	0.3864332	0.3378834	1.159373
191	1	-0.1105837	0.562453	0.3986301
191	2	-0.1105837	0.562453	0.3986301
191	3	-0.1105837	0.562453	0.3986301
191	4	-0.1105837	0.562453	0.3986301
191	6	-0.1105837	0.562453	0.3986301
191	7	-0.1105837	0.562453	0.3986301
191	8	-0.1105837	0.562453	0.3986301
191	9	-0.1105837	0.562453	0.3986301
191	10	-0.1105837	0.562453	0.3986301
191	11	1.155082	0.1838813	0.4203651
192	1	-0.1105837	0.562453	0.3986301
192	2	-0.1105837	0.562453	0.3986301
192	3	-0.1105837	0.562453	0.3986301
192	4	-0.1105837	0.562453	0.3986301
192	6	-0.1105837	0.562453	0.3986301
192	7	-0.1105837	0.562453	0.3986301
192	8	-0.1105837	0.562453	0.3986301
192	9	-0.1105837	0.562453	0.3986301
192	10	-0.1105837	0.562453	0.3986301
192	11	1.155082	0.1838813	0.4203651
193	1	-0.1105837	0.562453	0.3986301
193	2	-0.1105837	0.562453	0.3986301
193	3	-0.1105837	0.562453	0.3986301
193	4	-0.1105837	0.562453	0.3986301
193	6	-0.1105837	0.562453	0.3986301
193	7	-0.1105837	0.562453	0.3986301
193	8	-0.1105837	0.562453	0.3986301
193	9	-0.1105837	0.562453	0.3986301
193	10	-0.1105837	0.562453	0.3986301
193	11	1.155082	0.1838813	0.4203651
194	1	0.9673011	0.2169375	0.6461557
194	2	0.9673011	0.2169375	0.6461557
194	3	0.9673012	0.2169375	0.6461557
194	4	0.9673012	0.2169375	0.6461557
194	7	0.9673012	0.2169375	0.6461557
194	8	0.9673012	0.2169375	0.6461557
194	9	0.9673012	0.2169375	0.6461557
194	10	0.9673012	0.2169375	0.6461557
194	11	-0.01525107	0.5519057	0.2222173
195	1	1.120904	0.1941041	0.4197782
195	2	1.120904	0.1941041	0.4197782
195	3	1.120904	0.1941041	0.4197782
195	4	1.120904	0.1941041	0.4197782
195	5	1.120904	0.1941041	0.4197782
195	6	1.120904	0.1941041	0.4197782
195	7	1.120904	0.1941041	0.4197782
195	8	1.120904	0.1941041	0.4197782
195	9	1.120904	0.1941041	0.4197782
195	10	1.120904	0.1941041	0.4197782
195	11	1.120904	0.1941041	0.4197782
195	12	1.120904	0.1941041	0.4197782
196	1	1.120904	0.1941041	0.4197782
196	2	1.120904	0.1941041	0.4197782
196	3	1.120904	0.1941041	0.4197782
196	4	1.120904	0.1941041	0.4197782
196	5	1.120904	0.1941041	0.4197782
196	6	1.120904	0.1941041	0.4197782
196	7	1.120904	0.1941041	0.4197782
196	8	1.120904	0.1941041	0.4197782
196	9	1.120904	0.1941041	0.4197782
196	10	1.120904	0.1941041	0.4197782
196	11	1.120904	0.1941041	0.4197782
196	12	1.120904	0.1941041	0.4197782
197	1	1.120904	0.1941041	0.4197782
197	2	1.120904	0.1941041	0.4197782
197	3	1.120904	0.1941041	0.4197782
197	4	1.120904	0.1941041	0.4197782
197	5	1.120904	0.1941041	0.4197782
197	6	1.120904	0.1941041	0.4197782
197	7	1.120904	0.1941041	0.4197782
197	8	1.120904	0.1941041	0.4197782
197	9	1.120904	0.1941041	0.4197782
197	10	1.120904	0.1941041	0.4197782
197	11	1.120904	0.1941041	0.4197782
197	12	1.120904	0.1941041	0.4197782
198	1	1.120904	0.1941041	0.4197782
198	2	1.120904	0.1941041	0.4197782
198	3	1.120904	0.1941041	0.4197782
198	4	1.120904	0.1941041	0.4197782
198	5	1.120904	0.1941041	0.4197782
198	6	1.120904	0.1941041	0.4197782
198	7	1.120904	0.1941041	0.4197782
198	8	1.120904	0.1941041	0.4197782
198	9	1.120904	0.1941041	0.4197782
198	10	1.120904	0.1941041	0.4197782
198	11	1.120904	0.1941041	0.4197782
198	12	1.120904	0.1941041	0.4197782
199	1	1.120904	0.1941041	0.4197782
199	2	1.120904	0.1941041	0.4197782
199	3	1.120904	0.1941041	0.4197782
199	4	1.120904	0.1941041	0.4197782
199	5	1.120904	0.1941041	0.4197782
199	6	1.120904	0.1941041	0.4197782
199	7	1.120904	0.1941041	0.4197782
199	8	1.120904	0.1941041	0.4197782
199	9	1.120904	0.1941041	0.4197782
199	10	1.120904	0.1941041	0.4197782
199	11	1.120904	0.1941041	0.4197782
199	12	1.120904	0.1941041	0.4197782
200	1	1.120904	0.1941041	0.4197782
200	2	1.120904	0.1941041	0.4197782
200	3	1.120904	0.1941041	0.4197782
200	4	1.120904	0.1941041	0.4197782
200	5	1.120904	0.1941041	0.4197782
200	6	1.120904	0.1941041	0.4197782
200	7	1.120904	0.1941041	0.4197782
200	8	1.120904	0.1941041	0.4197782
200	9	1.120904	0.1941041	0.4197782
200	10	1.120904	0.1941041	0.4197782
200	11	1.120904	0.1941041	0.4197782
200	12	1.120904	0.1941041	0.4197782
201	1	1.120904	0.1941041	0.4197782
201	2	1.120904	0.1941041	0.4197782
201	3	1.120904	0.1941041	0.4197782
201	4	1.120904	0.1941041	0.4197782
201	5	1.120904	0.1941041	0.4197782
201	6	1.120904	0.1941041	0.4197782
201	7	1.120904	0.1941041	0.4197782
201	8	1.120904	0.1941041	0.4197782
201	9	1.120904	0.1941041	0.4197782
201	10	1.120904	0.1941041	0.4197782
201	11	1.120904	0.1941041	0.4197782
201	12	1.120904	0.1941041	0.4197782
202	1	1.120904	0.1941041	0.4197782
202	2	1.120904	0.1941041	0.4197782
202	3	1.120904	0.1941041	0.4197782
202	4	1.120904	0.1941041	0.4197782
202	5	1.120904	0.1941041	0.4197782
202	6	1.120904	0.1941041	0.4197782
202	7	1.120904	0.1941041	0.4197782
202	8	1.120904	0.1941041	0.4197782
202	9	1.120904	0.1941041	0.4197782
202	10	1.120904	0.1941041	0.4197782
202	11	1.120904	0.1941041	0.4197782
202	12	1.120904	0.1941041	0.4197782
203	1	1.120904	0.1941041	0.4197782
203	2	1.120904	0.1941041	0.4197782
203	3	1.120904	0.1941041	0.4197782
203	4	1.120904	0.1941041	0.4197782
203	5	1.120904	0.1941041	0.4197782
203	6	1.120904	0.1941041	0.4197782
203	7	1.120904	0.1941041	0.4197782
203	8	1.120904	0.1941041	0.4197782
203	9	1.120904	0.1941041	0.4197782
203	10	1.120904	0.1941041	0.4197782
203	11	1.120904	0.1941041	0.4197782
203	12	1.120904	0.1941041	0.4197782
204	1	1.120904	0.1941041	0.4197782
204	2	1.120904	0.1941041	0.4197782
204	3	1.120904	0.1941041	0.4197782
204	4	1.120904	0.1941041	0.4197782
204	5	1.120904	0.1941041	0.4197782
204	6	1.120904	0.1941041	0.4197782
204	7	1.120904	0.1941041	0.4197782
204	8	1.120904	0.1941041	0.4197782
204	9	1.120904	0.1941041	0.4197782
204	10	1.120904	0.1941041	0.4197782
204	11	1.120904	0.1941041	0.4197782
204	12	1.120904	0.1941041	0.4197782
205	1	1.120904	0.1941041	0.4197782
205	2	1.120904	0.1941041	0.4197782
205	3	1.120904	0.1941041	0.4197782
205	4	1.120904	0.1941041	0.4197782
205	5	1.120904	0.1941041	0.4197782
205	6	1.120904	0.1941041	0.4197782
205	7	1.120904	0.1941041	0.4197782
205	8	1.120904	0.1941041	0.4197782
205	9	1.120904	0.1941041	0.4197782
205	10	1.120904	0.1941041	0.4197782
205	11	1.120904	0.1941041	0.4197782
205	12	1.120904	0.1941041	0.4197782
206	1	1.120904	0.1941041	0.4197782
206	2	1.120904	0.1941041	0.4197782
206	3	1.120904	0.1941041	0.4197782
206	4	1.120904	0.1941041	0.4197782
206	5	1.120904	0.1941041	0.4197782
206	6	1.120904	0.1941041	0.4197782
206	7	1.120904	0.1941041	0.4197782
206	8	1.120904	0.1941041	0.4197782
206	9	1.120904	0.1941041	0.4197782
206	10	1.120904	0.1941041	0.4197782
206	11	1.120904	0.1941041	0.4197782
206	12	1.120904	0.1941041	0.4197782
207	1	1.120904	0.1941041	0.4197782
207	2	1.120904	0.1941041	0.4197782
207	3	1.120904	0.1941041	0.4197782
207	4	1.120904	0.1941041	0.4197782
207	5	1.120904	0.1941041	0.4197782
207	6	1.120904	0.1941041	0.4197782
207	7	1.120904	0.1941041	0.4197782
207	8	1.120904	0.1941041	0.4197782
207	9	1.120904	0.1941041	0.4197782
207	10	1.120904	0.1941041	0.4197782
207	11	1.120904	0.1941041	0.4197782
207	12	1.120904	0.1941041	0.4197782
208	1	1.120904	0.1941041	0.4197782
208	2	1.120904	0.1941041	0.4197782
208	3	1.120904	0.1941041	0.4197782
208	4	1.120904	0.1941041	0.4197782
208	5	1.120904	0.1941041	0.4197782
208	6	1.120904	0.1941041	0.4197782
208	7	1.120904	0.1941041	0.4197782
208	8	1.120904	0.1941041	0.4197782
208	9	1.120904	0.1941041	0.4197782
208	10	1.120904	0.1941041	0.4197782
208	11	1.120904	0.1941041	0.4197782
208	12	1.120904	0.1941041	0.4197782
209	1	1.120904	0.1941041	0.4197782
209	2	1.120904	0.1941041	0.4197782
209	3	1.120904	0.1941041	0.4197782
209	4	1.120904	0.1941041	0.4197782
209	5	1.120904	0.1941041	0.4197782
209	6	1.120904	0.1941041	0.4197782
209	7	1.120904	0.1941041	0.4197782
209	8	1.120904	0.1941041	0.4197782
209	9	1.120904	0.1941041	0.4197782
209	10	1.120904	0.1941041	0.4197782
209	11	1.120904	0.1941041	0.4197782
209	12	1.120904	0.1941041	0.4197782
210	1	1.120904	0.1941041	0.4197782
210	2	1.120904	0.1941041	0.4197782
210	3	1.120904	0.1941041	0.4197782
210	4	1.120904	0.1941041	0.4197782
210	5	1.120904	0.1941041	0.4197782
210	6	1.120904	0.1941041	0.4197782
210	7	1.120904	0.1941041	0.4197782
210	8	1.120904	0.1941041	0.4197782
210	9	1.120904	0.1941041	0.4197782
210	10	1.120904	0.1941041	0.4197782
210	11	1.120904	0.1941041	0.4197782
210	12	1.120904	0.1941041	0.4197782
212	1	1.120904	0.1941041	0.4197782
212	2	1.120904	0.1941041	0.4197782
212	3	1.120904	0.1941041	0.4197782
212	4	1.120904	0.1941041	0.4197782
212	5	1.120904	0.1941041	0.4197782
212	6	1.120904	0.1941041	0.4197782
212	7	1.120904	0.1941041	0.4197782
212	8	1.120904	0.1941041	0.4197782
212	9	1.120904	0.1941041	0.4197782
212	10	1.120904	0.1941041	0.4197782
212	11	1.120904	0.1941041	0.4197782
212	12	1.120904	0.1941041	0.4197782
213	1	1.120904	0.1941041	0.4197782
213	2	1.120904	0.1941041	0.4197782
213	3	1.120904	0.1941041	0.4197782
213	4	1.120904	0.1941041	0.4197782
213	5	1.120904	0.1941041	0.4197782
213	6	1.120904	0.1941041	0.4197782
213	7	1.120904	0.1941041	0.4197782
213	8	1.120904	0.1941041	0.4197782
213	9	1.120904	0.1941041	0.4197782
213	10	1.120904	0.1941041	0.4197782
213	11	1.120904	0.1941041	0.4197782
213	12	1.120904	0.1941041	0.4197782
214	1	1.120904	0.1941041	0.4197782
214	2	1.120904	0.1941041	0.4197782
214	3	1.120904	0.1941041	0.4197782
214	4	1.120904	0.1941041	0.4197782
214	5	1.120904	0.1941041	0.4197782
214	6	1.120904	0.1941041	0.4197782
214	7	1.120904	0.1941041	0.4197782
214	8	1.120904	0.1941041	0.4197782
214	9	1.120904	0.1941041	0.4197782
214	10	1.120904	0.1941041	0.4197782
214	11	1.120904	0.1941041	0.4197782
214	12	1.120904	0.1941041	0.4197782
215	1	1.120904	0.1941041	0.4197782
215	2	1.120904	0.1941041	0.4197782
215	3	1.120904	0.1941041	0.4197782
215	4	1.120904	0.1941041	0.4197782
215	5	1.120904	0.1941041	0.4197782
215	6	1.120904	0.1941041	0.4197782
215	7	1.120904	0.1941041	0.4197782
215	8	1.120904	0.1941041	0.4197782
215	9	1.120904	0.1941041	0.4197782
215	10	1.120904	0.1941041	0.4197782
215	11	1.120904	0.1941041	0.4197782
215	12	1.120904	0.1941041	0.4197782
216	1	1.120904	0.1941041	0.4197782
216	2	1.120904	0.1941041	0.4197782
216	3	1.120904	0.1941041	0.4197782
216	4	1.120904	0.1941041	0.4197782
216	5	1.120904	0.1941041	0.4197782
216	6	1.120904	0.1941041	0.4197782
216	7	1.120904	0.1941041	0.4197782
216	8	1.120904	0.1941041	0.4197782
216	9	1.120904	0.1941041	0.4197782
216	10	1.120904	0.1941041	0.4197782
216	11	1.120904	0.1941041	0.4197782
216	12	1.120904	0.1941041	0.4197782
217	1	1.120904	0.1941041	0.4197782
217	2	1.120904	0.1941041	0.4197782
217	3	1.120904	0.1941041	0.4197782
217	4	1.120904	0.1941041	0.4197782
217	5	1.120904	0.1941041	0.4197782
217	6	1.120904	0.1941041	0.4197782
217	7	1.120904	0.1941041	0.4197782
217	8	1.120904	0.1941041	0.4197782
217	9	1.120904	0.1941041	0.4197782
217	10	1.120904	0.1941041	0.4197782
217	11	1.120904	0.1941041	0.4197782
217	12	1.120904	0.1941041	0.4197782
218	1	1.120904	0.1941041	0.4197782
218	2	1.120904	0.1941041	0.4197782
218	3	1.120904	0.1941041	0.4197782
218	4	1.120904	0.1941041	0.4197782
218	5	1.120904	0.1941041	0.4197782
218	6	1.120904	0.1941041	0.4197782
218	7	1.120904	0.1941041	0.4197782
218	8	1.120904	0.1941041	0.4197782
218	9	1.120904	0.1941041	0.4197782
218	10	1.120904	0.1941041	0.4197782
218	11	1.120904	0.1941041	0.4197782
218	12	1.120904	0.1941041	0.4197782
219	1	-0.05108638	0.56817	0.1666481
219	2	0.9493272	0.2162767	0.7056708
219	3	0.9493272	0.2162767	0.7056708
219	4	0.9493272	0.2162767	0.7056708
219	5	0.9493272	0.2162767	0.7056708
219	6	-0.05108637	0.5681699	0.1666481
219	7	0.9493272	0.2162767	0.7056708
219	8	0.9493272	0.2162767	0.7056708
219	9	0.9493272	0.2162767	0.7056708
219	10	0.9493272	0.2162767	0.7056708
219	11	0.9493272	0.2162767	0.7056708
219	12	0.9493272	0.2162767	0.7056708
220	1	-0.05108638	0.56817	0.1666481
220	2	0.9493272	0.2162767	0.7056708
220	3	0.9493272	0.2162767	0.7056708
220	4	0.9493272	0.2162767	0.7056708
220	5	0.9493272	0.2162767	0.7056708
220	6	-0.05108637	0.5681699	0.1666481
220	7	0.9493272	0.2162767	0.7056708
220	8	0.9493272	0.2162767	0.7056708
220	9	0.9493272	0.2162767	0.7056708
220	10	0.9493272	0.2162767	0.7056708
220	11	0.9493272	0.2162767	0.7056708
220	12	0.9493272	0.2162767	0.7056708
221	2	1.120904	0.1941041	0.4197782
221	3	1.120904	0.1941041	0.4197782
221	5	1.120904	0.1941041	0.4197782
221	7	1.120904	0.1941041	0.4197782
221	8	1.120904	0.1941041	0.4197782
221	9	1.120904	0.1941041	0.4197782
221	10	1.120904	0.1941041	0.4197782
221	11	1.120904	0.1941041	0.4197782
221	12	1.120904	0.1941041	0.4197782
222	3	0.7905235	0.2495696	0.843726
222	4	-0.2369071	0.5325566	1.067147
222	8	0.7905235	0.2495696	0.843726
222	9	0.3542188	0.460877	0.03549517
223	3	0.2399261	0.3764701	1.208732
223	4	0.2399262	0.3764701	1.208732
223	8	0.2399261	0.3764701	1.208732
223	9	0.3876351	0.4513601	0.03133004
228	1	-0.2287383	0.5808371	0.5646377
228	2	1.280230	0.1603161	0.2850915
228	3	-0.1847047	0.5690566	0.5516156
228	4	-0.1847047	0.5690566	0.5516156
228	5	1.200792	0.1831660	0.2927521
228	6	-0.2287383	0.5808371	0.5646377
228	7	1.280230	0.1603161	0.2850915
228	8	-0.1847047	0.5690566	0.5516156
228	9	-0.1847047	0.5690566	0.5516156
228	10	-0.1847047	0.5690566	0.5516156
228	11	1.200792	0.1831660	0.2927521
228	12	1.200792	0.1831660	0.2927521
229	1	-0.165339	0.4932962	1.245299
229	2	0.7988947	0.3296634	0.02536460
229	3	-0.165339	0.4932962	1.245299
229	4	-0.165339	0.4932962	1.245299
229	5	0.7731268	0.3356576	0.04189855
229	6	-0.165339	0.4932962	1.245299
229	7	0.7988947	0.3296634	0.02536460
229	8	-0.1653390	0.4932962	1.245299
229	9	-0.165339	0.4932962	1.245299
229	10	-0.165339	0.4932962	1.245299
229	11	0.7731268	0.3356576	0.04189855
229	12	0.7731268	0.3356576	0.04189855
230	1	-0.1576826	0.4922641	1.232964
230	2	0.8020586	0.3289166	0.02344136
230	3	-0.1576826	0.4922641	1.232964
230	4	-0.1576826	0.4922641	1.232964
230	5	0.763246	0.3379155	0.0486412
230	6	-0.1576826	0.4922641	1.232964
230	7	0.8020586	0.3289166	0.02344136
230	8	-0.1576826	0.4922641	1.232964
230	9	-0.1576826	0.4922641	1.232964
230	10	-0.1576826	0.4922641	1.232964
230	11	0.7632461	0.3379155	0.0486412
230	12	0.7632461	0.3379155	0.0486412
231	1	1.120904	0.1941041	0.4197782
231	2	1.120904	0.1941041	0.4197782
231	3	1.120904	0.1941041	0.4197782
231	4	1.120904	0.1941041	0.4197782
231	5	1.120904	0.1941041	0.4197782
231	6	1.120904	0.1941041	0.4197782
231	7	1.120904	0.1941041	0.4197782
231	8	1.120904	0.1941041	0.4197782
231	9	1.120904	0.1941041	0.4197782
231	10	1.120904	0.1941041	0.4197782
231	11	1.120904	0.1941041	0.4197782
231	12	1.120904	0.1941041	0.4197782
232	1	1.120904	0.1941041	0.4197782
232	2	1.120904	0.1941041	0.4197782
232	3	1.120904	0.1941041	0.4197782
232	4	1.120904	0.1941041	0.4197782
232	5	1.120904	0.1941041	0.4197782
232	6	1.120904	0.1941041	0.4197782
232	7	1.120904	0.1941041	0.4197782
232	8	1.120904	0.1941041	0.4197782
232	9	1.120904	0.1941041	0.4197782
232	10	1.120904	0.1941041	0.4197782
232	11	1.120904	0.1941041	0.4197782
232	12	1.120904	0.1941041	0.4197782
233	1	1.120904	0.1941041	0.4197782
233	2	1.120904	0.1941041	0.4197782
233	3	1.120904	0.1941041	0.4197782
233	4	1.120904	0.1941041	0.4197782
233	5	1.120904	0.1941041	0.4197782
233	6	1.120904	0.1941041	0.4197782
233	7	1.120904	0.1941041	0.4197782
233	8	1.120904	0.1941041	0.4197782
233	9	1.120904	0.1941041	0.4197782
233	10	1.120904	0.1941041	0.4197782
233	11	1.120904	0.1941041	0.4197782
233	12	1.120904	0.1941041	0.4197782
234	1	1.120904	0.1941041	0.4197782
234	2	1.120904	0.1941041	0.4197782
234	3	1.120904	0.1941041	0.4197782
234	4	1.120904	0.1941041	0.4197782
234	5	1.120904	0.1941041	0.4197782
234	6	1.120904	0.1941041	0.4197782
234	7	1.120904	0.1941041	0.4197782
234	8	1.120904	0.1941041	0.4197782
234	9	1.120904	0.1941041	0.4197782
234	10	1.120904	0.1941041	0.4197782
234	11	1.120904	0.1941041	0.4197782
234	12	1.120904	0.1941041	0.4197782
235	1	1.120904	0.1941041	0.4197782
235	3	1.120904	0.1941041	0.4197782
235	4	1.120904	0.1941041	0.4197782
235	5	1.120904	0.1941041	0.4197782
235	6	1.120904	0.1941041	0.4197782
235	7	1.120904	0.1941041	0.4197782
235	8	1.120904	0.1941041	0.4197782
235	9	1.120904	0.1941041	0.4197782
235	10	1.120904	0.1941041	0.4197782
235	11	1.120904	0.1941041	0.4197782
235	12	1.120904	0.1941041	0.4197782
236	1	1.120904	0.1941041	0.4197782
236	2	1.120904	0.1941041	0.4197782
236	3	1.120904	0.1941041	0.4197782
236	6	1.120904	0.1941041	0.4197782
236	7	1.120904	0.1941041	0.4197782
236	8	1.120904	0.1941041	0.4197782
236	9	1.120904	0.1941041	0.4197782
236	10	1.120904	0.1941041	0.4197782
236	11	1.120904	0.1941041	0.4197782
237	9	1.120904	0.1941041	0.4197782
237	10	1.120904	0.1941041	0.4197782
238	1	1.120904	0.1941041	0.4197782
238	2	1.120904	0.1941041	0.4197782
238	3	1.120904	0.1941041	0.4197782
238	4	1.120904	0.1941041	0.4197782
238	5	1.120904	0.1941041	0.4197782
238	6	1.120904	0.1941041	0.4197782
238	7	1.120904	0.1941041	0.4197782
238	8	1.120904	0.1941041	0.4197782
238	9	1.120904	0.1941041	0.4197782
238	10	1.120904	0.1941041	0.4197782
238	11	1.120904	0.1941041	0.4197782
238	12	1.120904	0.1941041	0.4197782
239	1	1.120904	0.1941041	0.4197782
239	2	1.120904	0.1941041	0.4197782
239	3	1.120904	0.1941041	0.4197782
239	4	1.120904	0.1941041	0.4197782
239	5	1.120904	0.1941041	0.4197782
239	6	1.120904	0.1941041	0.4197782
239	7	1.120904	0.1941041	0.4197782
239	8	1.120904	0.1941041	0.4197782
239	9	1.120904	0.1941041	0.4197782
239	10	1.120904	0.1941041	0.4197782
239	11	1.120904	0.1941041	0.4197782
239	12	1.120904	0.1941041	0.4197782
240	1	1.120904	0.1941041	0.4197782
240	2	1.120904	0.1941041	0.4197782
240	3	1.120904	0.1941041	0.4197782
240	4	1.120904	0.1941041	0.4197782
240	5	1.120904	0.1941041	0.4197782
240	6	1.120904	0.1941041	0.4197782
240	7	1.120904	0.1941041	0.4197782
240	8	1.120904	0.1941041	0.4197782
240	9	1.120904	0.1941041	0.4197782
240	10	1.120904	0.1941041	0.4197782
240	11	1.120904	0.1941041	0.4197782
240	12	1.120904	0.1941041	0.4197782
241	1	1.120904	0.1941041	0.4197782
241	2	1.120904	0.1941041	0.4197782
241	3	1.120904	0.1941041	0.4197782
241	4	1.120904	0.1941041	0.4197782
241	5	1.120904	0.1941041	0.4197782
241	6	1.120904	0.1941041	0.4197782
241	7	1.120904	0.1941041	0.4197782
241	8	1.120904	0.1941041	0.4197782
241	9	1.120904	0.1941041	0.4197782
241	10	1.120904	0.1941041	0.4197782
241	11	1.120904	0.1941041	0.4197782
241	12	1.120904	0.1941041	0.4197782
242	1	1.120904	0.1941041	0.4197782
242	2	1.120904	0.1941041	0.4197782
242	3	1.120904	0.1941041	0.4197782
242	4	1.120904	0.1941041	0.4197782
242	5	1.120904	0.1941041	0.4197782
242	6	1.120904	0.1941041	0.4197782
242	7	1.120904	0.1941041	0.4197782
242	8	1.120904	0.1941041	0.4197782
242	9	1.120904	0.1941041	0.4197782
242	10	1.120904	0.1941041	0.4197782
242	11	1.120904	0.1941041	0.4197782
242	12	1.120904	0.1941041	0.4197782
243	1	1.120904	0.1941041	0.4197782
243	2	1.120904	0.1941041	0.4197782
243	3	1.120904	0.1941041	0.4197782
243	4	1.120904	0.1941041	0.4197782
243	5	1.120904	0.1941041	0.4197782
243	6	1.120904	0.1941041	0.4197782
243	7	1.120904	0.1941041	0.4197782
243	8	1.120904	0.1941041	0.4197782
243	9	1.120904	0.1941041	0.4197782
243	10	1.120904	0.1941041	0.4197782
243	11	1.120904	0.1941041	0.4197782
243	12	1.120904	0.1941041	0.4197782
244	1	1.120904	0.1941041	0.4197782
244	2	1.120904	0.1941041	0.4197782
244	3	1.120904	0.1941041	0.4197782
244	4	1.120904	0.1941041	0.4197782
244	5	1.120904	0.1941041	0.4197782
244	6	1.120904	0.1941041	0.4197782
244	7	1.120904	0.1941041	0.4197782
244	8	1.120904	0.1941041	0.4197782
244	9	1.120904	0.1941041	0.4197782
244	10	1.120904	0.1941041	0.4197782
244	11	1.120904	0.1941041	0.4197782
244	12	1.120904	0.1941041	0.4197782
245	1	1.120904	0.1941041	0.4197782
245	2	1.120904	0.1941041	0.4197782
245	3	1.120904	0.1941041	0.4197782
245	4	1.120904	0.1941041	0.4197782
245	5	1.120904	0.1941041	0.4197782
245	6	1.120904	0.1941041	0.4197782
245	7	1.120904	0.1941041	0.4197782
245	8	1.120904	0.1941041	0.4197782
245	9	1.120904	0.1941041	0.4197782
245	10	1.120904	0.1941041	0.4197782
245	11	1.120904	0.1941041	0.4197782
245	12	1.120904	0.1941041	0.4197782
246	1	1.120904	0.1941041	0.4197782
246	2	1.120904	0.1941041	0.4197782
246	3	1.120904	0.1941041	0.4197782
246	4	1.120904	0.1941041	0.4197782
246	5	1.120904	0.1941041	0.4197782
246	6	1.120904	0.1941041	0.4197782
246	7	1.120904	0.1941041	0.4197782
246	8	1.120904	0.1941041	0.4197782
246	9	1.120904	0.1941041	0.4197782
246	10	1.120904	0.1941041	0.4197782
246	11	1.120904	0.1941041	0.4197782
246	12	1.120904	0.1941041	0.4197782
247	1	1.120904	0.1941041	0.4197782
247	2	1.120904	0.1941041	0.4197782
247	3	1.120904	0.1941041	0.4197782
247	4	1.120904	0.1941041	0.4197782
247	5	1.120904	0.1941041	0.4197782
247	6	1.120904	0.1941041	0.4197782
247	7	1.120904	0.1941041	0.4197782
247	8	1.120904	0.1941041	0.4197782
247	9	1.120904	0.1941041	0.4197782
247	10	1.120904	0.1941041	0.4197782
247	11	1.120904	0.1941041	0.4197782
247	12	1.120904	0.1941041	0.4197782
248	1	1.120904	0.1941041	0.4197782
248	2	1.120904	0.1941041	0.4197782
248	3	1.120904	0.1941041	0.4197782
248	4	1.120904	0.1941041	0.4197782
248	5	1.120904	0.1941041	0.4197782
248	6	1.120904	0.1941041	0.4197782
248	7	1.120904	0.1941041	0.4197782
248	8	1.120904	0.1941041	0.4197782
248	9	1.120904	0.1941041	0.4197782
248	10	1.120904	0.1941041	0.4197782
248	11	1.120904	0.1941041	0.4197782
248	12	1.120904	0.1941041	0.4197782
249	1	1.120904	0.1941041	0.4197782
249	2	1.120904	0.1941041	0.4197782
249	3	1.120904	0.1941041	0.4197782
249	4	1.120904	0.1941041	0.4197782
249	5	1.120904	0.1941041	0.4197782
249	6	1.120904	0.1941041	0.4197782
249	7	1.120904	0.1941041	0.4197782
249	8	1.120904	0.1941041	0.4197782
249	9	1.120904	0.1941041	0.4197782
249	10	1.120904	0.1941041	0.4197782
249	11	1.120904	0.1941041	0.4197782
249	12	1.120904	0.1941041	0.4197782
250	1	1.120904	0.1941041	0.4197782
250	2	1.120904	0.1941041	0.4197782
250	3	1.120904	0.1941041	0.4197782
250	4	1.120904	0.1941041	0.4197782
250	5	1.120904	0.1941041	0.4197782
250	6	1.120904	0.1941041	0.4197782
250	7	1.120904	0.1941041	0.4197782
250	8	1.120904	0.1941041	0.4197782
250	9	1.120904	0.1941041	0.4197782
250	10	1.120904	0.1941041	0.4197782
250	11	1.120904	0.1941041	0.4197782
250	12	1.120904	0.1941041	0.4197782
251	4	1.139843	0.1884393	0.4201034
251	8	-0.1184013	0.5647913	0.3984959
252	3	1.167852	0.1949868	0.2726835
252	4	-0.1922469	0.5676826	0.587457
252	8	1.167852	0.1949868	0.2726835
253	3	1.167852	0.1949868	0.2726835
253	4	-0.1922469	0.5676826	0.587457
253	8	1.167852	0.1949868	0.2726835
254	3	1.167852	0.1949868	0.2726835
254	4	-0.1922469	0.5676826	0.587457
254	8	1.167852	0.1949868	0.2726835
255	3	1.167852	0.1949868	0.2726835
255	4	-0.1922469	0.5676826	0.587457
255	8	1.167852	0.1949868	0.2726835
256	3	1.167852	0.1949868	0.2726835
256	4	-0.1922469	0.5676826	0.587457
256	8	1.167852	0.1949868	0.2726835
257	3	1.120904	0.1941041	0.4197782
257	8	1.120904	0.1941041	0.4197782
258	3	1.120904	0.1941041	0.4197782
258	8	1.120904	0.1941041	0.4197782
259	3	1.120904	0.1941041	0.4197782
259	8	1.120904	0.1941041	0.4197782
260	3	1.120904	0.1941041	0.4197782
260	8	1.120904	0.1941041	0.4197782
261	3	1.120904	0.1941041	0.4197782
261	8	1.120904	0.1941041	0.4197782
262	3	1.120904	0.1941041	0.4197782
262	8	1.120904	0.1941041	0.4197782
263	3	1.120904	0.1941041	0.4197782
263	8	1.120904	0.1941041	0.4197782
264	3	1.120904	0.1941041	0.4197782
264	8	1.120904	0.1941041	0.4197782
268	3	1.120904	0.1941041	0.4197782
268	8	1.120904	0.1941041	0.4197782
269	3	1.120904	0.1941041	0.4197782
269	8	1.120904	0.1941041	0.4197782
270	3	1.120904	0.1941041	0.4197782
270	8	1.120904	0.1941041	0.4197782
271	3	1.120904	0.1941041	0.4197782
271	8	1.120904	0.1941041	0.4197782
272	3	1.120904	0.1941041	0.4197782
272	8	1.120904	0.1941041	0.4197782
273	3	1.120904	0.1941041	0.4197782
273	8	1.120904	0.1941041	0.4197782
274	3	1.120904	0.1941041	0.4197782
274	8	1.120904	0.1941041	0.4197782
275	3	1.120904	0.1941041	0.4197782
275	8	1.120904	0.1941041	0.4197782
278	3	1.120904	0.1941041	0.4197782
278	8	1.120904	0.1941041	0.4197782
279	2	0.4948813	0.4221648	0.004602836
279	3	-0.3675072	0.5864978	0.917475
279	5	1.257880	0.1706619	0.2484321
279	8	-0.3675072	0.5864978	0.917475
279	9	1.042006	0.1997768	0.5960658
279	10	1.042006	0.1997768	0.5960658
279	11	1.259290	0.169934	0.2514881
279	12	1.259290	0.169934	0.2514881
280	2	0.5488718	0.405842	0.00725148
280	3	-0.3723522	0.5879718	0.9171452
280	5	1.240269	0.1627859	0.3783755
280	7	0.5488718	0.405842	0.00725148
280	8	-0.3723522	0.5879718	0.9171452
280	9	0.7260078	0.2608248	0.92231
280	10	0.7260078	0.2608248	0.92231
280	11	1.240014	0.1625196	0.3817653
280	12	1.240014	0.1625196	0.3817653
281	2	0.5488718	0.405842	0.00725148
281	3	-0.3723522	0.5879718	0.9171452
281	5	1.240269	0.1627859	0.3783755
281	7	0.5488718	0.405842	0.00725148
281	8	-0.3723522	0.5879718	0.9171452
281	9	0.7260078	0.2608248	0.92231
281	10	0.7260078	0.2608248	0.92231
281	11	1.240014	0.1625196	0.3817653
281	12	1.240014	0.1625196	0.3817653
282	3	0.2579080	0.4913262	0.01757165
282	9	0.3972448	0.3356723	1.149424
282	10	0.3972449	0.3356723	1.149424
282	11	0.3880502	0.3295031	1.237653
283	3	0.2579080	0.4913262	0.01757165
283	9	0.3972448	0.3356723	1.149424
283	10	0.3972449	0.3356723	1.149424
283	11	0.3880502	0.3295031	1.237653
284	1	0.0463558	0.5495353	0.06416009
284	3	-0.3605051	0.5467349	1.290873
284	9	1.077646	0.1864419	0.6231821
284	10	1.077646	0.1864419	0.6231821
284	11	1.283971	0.1654762	0.2229317
285	1	0.04612057	0.5497396	0.06282923
285	3	-0.3192162	0.5310113	1.325014
285	9	1.019244	0.1977216	0.6835083
285	10	1.019244	0.1977216	0.6835083
285	11	1.278893	0.1653011	0.2396314
286	1	0.04612057	0.5497396	0.06282923
286	3	-0.3192162	0.5310113	1.325014
286	9	1.019244	0.1977216	0.6835083
286	10	1.019244	0.1977216	0.6835083
286	11	1.278893	0.1653011	0.2396314
287	1	1.426501	0.1071296	0.3811041
287	3	-0.2740582	0.5262668	1.238956
287	8	-0.2740582	0.5262668	1.238956
287	9	-0.05426174	0.5610684	0.2463784
287	10	-0.05426174	0.5610684	0.2463784
287	11	0.3733993	0.4573852	0.01357511
288	1	1.426501	0.1071296	0.3811041
288	3	-0.2740582	0.5262668	1.238956
288	8	-0.2740582	0.5262668	1.238956
288	9	-0.05426174	0.5610684	0.2463784
288	10	-0.05426174	0.5610684	0.2463784
288	11	0.3733993	0.4573852	0.01357511
289	1	1.271730	0.1569119	0.3438730
289	3	1.153053	0.1915072	0.3507731
289	4	1.153053	0.1915072	0.350773
289	8	1.153053	0.1915072	0.350773
289	9	-0.1793983	0.5746299	0.4807498
289	10	-0.1793983	0.5746299	0.4807498
290	1	0.5960515	0.3910927	0.01437877
290	3	0.00585736	0.4415817	1.253274
290	4	0.005857433	0.4415817	1.253274
290	6	0.5960515	0.3910927	0.01437877
290	8	0.005857371	0.4415817	1.253274
290	9	-0.04469942	0.4458513	1.359948
290	10	-0.04469941	0.4458513	1.359948
291	1	0.5960515	0.3910927	0.01437877
291	3	0.00585736	0.4415817	1.253274
291	4	0.005857433	0.4415817	1.253274
291	6	0.5960515	0.3910927	0.01437877
291	8	0.005857371	0.4415817	1.253274
291	9	-0.04469942	0.4458513	1.359948
291	10	-0.04469941	0.4458513	1.359948
292	1	0.5960515	0.3910927	0.01437877
292	3	0.00585736	0.4415817	1.253274
292	4	0.005857433	0.4415817	1.253274
292	6	0.5960515	0.3910927	0.01437877
292	8	0.005857371	0.4415817	1.253274
292	9	-0.04469942	0.4458513	1.359948
292	10	-0.04469941	0.4458513	1.359948
293	1	0.5960515	0.3910927	0.01437877
293	3	0.00585736	0.4415817	1.253274
293	4	0.005857433	0.4415817	1.253274
293	6	0.5960515	0.3910927	0.01437877
293	8	0.005857371	0.4415817	1.253274
293	9	-0.04469942	0.4458513	1.359948
293	10	-0.04469941	0.4458513	1.359948
294	1	0.5960515	0.3910927	0.01437877
294	3	0.00585736	0.4415817	1.253274
294	4	0.005857433	0.4415817	1.253274
294	6	0.5960515	0.3910927	0.01437877
294	8	0.005857371	0.4415817	1.253274
294	9	-0.04469942	0.4458513	1.359948
294	10	-0.04469941	0.4458513	1.359948
295	1	0.5960515	0.3910927	0.01437877
295	3	0.00585736	0.4415817	1.253274
295	4	0.005857433	0.4415817	1.253274
295	6	0.5960515	0.3910927	0.01437877
295	8	0.005857371	0.4415817	1.253274
295	9	-0.04469942	0.4458513	1.359948
295	10	-0.04469941	0.4458513	1.359948
296	1	0.5960515	0.3910927	0.01437877
296	3	0.00585736	0.4415817	1.253274
296	4	0.005857433	0.4415817	1.253274
296	6	0.5960515	0.3910927	0.01437877
296	8	0.005857371	0.4415817	1.253274
296	9	-0.04469942	0.4458513	1.359948
296	10	-0.04469941	0.4458513	1.359948
297	1	0.5960515	0.3910927	0.01437877
297	3	0.00585736	0.4415817	1.253274
297	4	0.005857433	0.4415817	1.253274
297	6	0.5960515	0.3910927	0.01437877
297	8	0.005857371	0.4415817	1.253274
297	9	-0.04469942	0.4458513	1.359948
297	10	-0.04469941	0.4458513	1.359948
298	1	0.5960515	0.3910927	0.01437877
298	3	0.00585736	0.4415817	1.253274
298	4	0.005857433	0.4415817	1.253274
298	6	0.5960515	0.3910927	0.01437877
298	8	0.005857371	0.4415817	1.253274
298	9	-0.04469942	0.4458513	1.359948
298	10	-0.04469941	0.4458513	1.359948
299	1	0.5960515	0.3910927	0.01437877
299	3	0.00585736	0.4415817	1.253274
299	4	0.005857433	0.4415817	1.253274
299	6	0.5960515	0.3910927	0.01437877
299	8	0.005857371	0.4415817	1.253274
299	9	-0.04469942	0.4458513	1.359948
299	10	-0.04469941	0.4458513	1.359948
300	1	0.5960515	0.3910927	0.01437877
300	3	0.00585736	0.4415817	1.253274
300	4	0.005857433	0.4415817	1.253274
300	6	0.5960515	0.3910927	0.01437877
300	8	0.005857371	0.4415817	1.253274
300	9	-0.04469942	0.4458513	1.359948
300	10	-0.04469941	0.4458513	1.359948
301	1	0.5960515	0.3910927	0.01437877
301	3	0.00585736	0.4415817	1.253274
301	4	0.005857433	0.4415817	1.253274
301	6	0.5960515	0.3910927	0.01437877
301	8	0.005857371	0.4415817	1.253274
301	9	-0.04469942	0.4458513	1.359948
301	10	-0.04469941	0.4458513	1.359948
302	1	0.5960515	0.3910927	0.01437877
302	3	0.00585736	0.4415817	1.253274
302	4	0.005857433	0.4415817	1.253274
302	6	0.5960515	0.3910927	0.01437877
302	8	0.005857371	0.4415817	1.253274
302	9	-0.04469942	0.4458513	1.359948
302	10	-0.04469941	0.4458513	1.359948
303	3	0.5710154	0.2987874	1.002859
303	4	0.5710154	0.2987874	1.002859
303	6	0.5881868	0.2828554	1.110136
303	8	0.5710153	0.2987874	1.002859
303	9	0.18277	0.5083681	0.07011476
303	10	0.18277	0.5083681	0.07011476
304	1	0.8792457	0.3044566	0.03836897
304	3	0.860248	0.2323646	0.8087514
304	6	0.8792457	0.3044566	0.03836897
304	9	-0.2976510	0.5484157	1.088994
304	10	-0.2976510	0.5484157	1.088994
305	1	0.9261377	0.2898206	0.04522132
305	3	0.6715737	0.2734845	0.957268
305	4	0.6715737	0.2734845	0.957268
305	6	0.9261377	0.2898206	0.04522132
305	8	0.6715737	0.2734845	0.957268
305	9	-0.2836286	0.5731225	0.8028396
305	10	-0.2836286	0.5731225	0.8028396
306	1	0.9261377	0.2898206	0.04522132
306	3	0.6715737	0.2734845	0.957268
306	4	0.6715737	0.2734845	0.957268
306	6	0.9261377	0.2898206	0.04522132
306	8	0.6715737	0.2734845	0.957268
306	9	-0.2836286	0.5731225	0.8028396
306	10	-0.2836286	0.5731225	0.8028396
307	1	0.9261377	0.2898206	0.04522132
307	3	0.6715737	0.2734845	0.957268
307	4	0.6715737	0.2734845	0.957268
307	6	0.9261377	0.2898206	0.04522132
307	8	0.6715737	0.2734845	0.957268
307	9	-0.2836286	0.5731225	0.8028396
307	10	-0.2836286	0.5731225	0.8028396
308	1	0.9261377	0.2898206	0.04522132
308	3	0.6715737	0.2734845	0.957268
308	4	0.6715737	0.2734845	0.957268
308	6	0.9261377	0.2898206	0.04522132
308	8	0.6715737	0.2734845	0.957268
308	9	-0.2836286	0.5731225	0.8028396
308	10	-0.2836286	0.5731225	0.8028396
309	1	0.9261377	0.2898206	0.04522132
309	3	0.6715737	0.2734845	0.957268
309	4	0.6715737	0.2734845	0.957268
309	6	0.9261377	0.2898206	0.04522132
309	8	0.6715737	0.2734845	0.957268
309	9	-0.2836286	0.5731225	0.8028396
309	10	-0.2836286	0.5731225	0.8028396
310	1	1.041256	0.2529851	0.07100748
310	3	0.5930181	0.2906782	1.018378
310	4	0.5930181	0.2906782	1.018378
310	6	1.041256	0.2529851	0.07100748
310	8	0.5930181	0.2906782	1.018378
310	9	-0.3248711	0.5953244	0.704365
311	1	1.041256	0.2529851	0.07100748
311	3	0.5930181	0.2906782	1.018378
311	4	0.5930181	0.2906782	1.018378
311	6	1.041256	0.2529851	0.07100748
311	8	0.5930181	0.2906782	1.018378
311	9	-0.3248711	0.5953244	0.704365
312	1	1.143145	0.2202616	0.09502978
312	3	1.019494	0.2011611	0.6486873
312	4	1.019494	0.2011611	0.6486873
312	6	1.143145	0.2202616	0.09502978
312	8	1.019494	0.2011611	0.6486873
312	9	-0.2996967	0.591208	0.6709707
312	10	-0.2996967	0.591208	0.6709707
313	1	1.143145	0.2202616	0.09502978
313	3	1.019494	0.2011611	0.6486873
313	4	1.019494	0.2011611	0.6486873
313	6	1.143145	0.2202616	0.09502978
313	8	1.019494	0.2011611	0.6486873
313	9	-0.2996967	0.591208	0.6709707
313	10	-0.2996967	0.591208	0.6709707
314	1	0.1281338	0.3895549	1.408504
314	3	0.904386	0.2215838	0.785515
314	4	0.904386	0.2215838	0.785515
314	8	0.904386	0.2215838	0.785515
314	9	0.1468776	0.5207877	0.05281265
314	10	0.1468776	0.5207877	0.05281265
315	1	0.1281338	0.3895549	1.408504
315	3	0.904386	0.2215838	0.785515
315	4	0.904386	0.2215838	0.785515
315	8	0.904386	0.2215838	0.785515
315	9	0.1468776	0.5207877	0.05281265
315	10	0.1468776	0.5207877	0.05281265
316	1	1.143145	0.2202616	0.09502978
316	3	1.019494	0.2011611	0.6486873
316	4	1.019494	0.2011611	0.6486873
316	6	1.143145	0.2202616	0.09502978
316	8	1.019494	0.2011611	0.6486873
316	9	-0.2996967	0.591208	0.6709707
316	10	-0.2996967	0.591208	0.6709707
317	1	1.143145	0.2202616	0.09502978
317	3	1.019494	0.2011611	0.6486873
317	4	1.019494	0.2011611	0.6486873
317	6	1.143145	0.2202616	0.09502978
317	8	1.019494	0.2011611	0.6486873
317	9	-0.2996967	0.591208	0.6709707
317	10	-0.2996967	0.591208	0.6709707
318	1	1.143145	0.2202616	0.09502978
318	3	1.019494	0.2011611	0.6486873
318	4	1.019494	0.2011611	0.6486873
318	6	1.143145	0.2202616	0.09502978
318	8	1.019494	0.2011611	0.6486873
318	9	-0.2996967	0.591208	0.6709707
318	10	-0.2996967	0.591208	0.6709707
319	1	1.041256	0.2529851	0.07100748
319	3	0.5930181	0.2906782	1.018378
319	4	0.5930181	0.2906782	1.018378
319	6	1.041256	0.2529851	0.07100748
319	8	0.5930181	0.2906782	1.018378
319	9	-0.3248711	0.5953244	0.704365
320	3	1.036172	0.2003256	0.6078195
320	4	1.036172	0.2003256	0.6078195
320	6	-0.0125125	0.4314447	1.40786
320	8	1.036172	0.2003256	0.6078195
320	9	0.1702233	0.5155615	0.03580568
321	6	1.178085	0.1770008	0.4207602
321	8	-0.1377030	0.5705647	0.3981644
322	6	1.178085	0.1770008	0.4207602
322	8	-0.1377030	0.5705647	0.3981644
323	6	1.178085	0.1770008	0.4207602
323	8	-0.1377030	0.5705647	0.3981644
324	6	1.178085	0.1770008	0.4207602
324	8	-0.1377030	0.5705647	0.3981644
325	6	1.178085	0.1770008	0.4207602
325	8	-0.1377030	0.5705647	0.3981644
326	6	1.178085	0.1770008	0.4207602
326	8	-0.1377030	0.5705647	0.3981644
327	6	1.178085	0.1770008	0.4207602
327	8	-0.1377030	0.5705647	0.3981644
328	6	1.178085	0.1770008	0.4207602
328	8	-0.1377030	0.5705647	0.3981644
329	6	1.178085	0.1770008	0.4207602
329	8	-0.1377030	0.5705647	0.3981644
330	6	1.178085	0.1770008	0.4207602
330	8	-0.1377030	0.5705647	0.3981644
331	6	1.178085	0.1770008	0.4207602
331	8	-0.1377030	0.5705647	0.3981644
332	6	1.178085	0.1770008	0.4207602
332	8	-0.1377030	0.5705647	0.3981644
333	6	1.239255	0.1538361	0.4700538
333	8	0.44217	0.319536	1.176939
333	9	-0.05435225	0.5697242	0.1608701
334	6	1.239255	0.1538361	0.4700538
334	8	0.44217	0.319536	1.176939
334	9	-0.05435225	0.5697242	0.1608701
335	6	1.239255	0.1538361	0.4700538
335	8	0.44217	0.319536	1.176939
335	9	-0.05435225	0.5697242	0.1608701
336	6	1.239255	0.1538361	0.4700538
336	8	0.44217	0.319536	1.176939
336	9	-0.05435225	0.5697242	0.1608701
337	6	1.239255	0.1538361	0.4700538
337	8	0.44217	0.319536	1.176939
337	9	-0.05435225	0.5697242	0.1608701
338	6	0.4112082	0.3154226	1.308940
338	8	1.036434	0.1881837	0.727367
338	9	0.1125892	0.5293538	0.06896971
338	10	0.1125892	0.5293538	0.06896971
339	6	0.4112082	0.3154226	1.308940
339	8	1.036434	0.1881837	0.727367
339	9	0.1125892	0.5293538	0.06896971
339	10	0.1125892	0.5293538	0.06896971
340	1	1.030803	0.2582681	0.04945775
340	6	1.030803	0.2582681	0.04945775
340	8	1.257712	0.1610570	0.3441077
340	9	-0.3769384	0.573828	1.070819
340	10	-0.3769384	0.573828	1.070819
341	1	1.156215	0.2159849	0.09889327
341	3	1.055576	0.1924077	0.6291029
341	4	1.090959	0.1836847	0.6112747
341	6	1.156215	0.2159849	0.09889327
341	8	1.055576	0.1924077	0.6291029
341	9	-0.2967641	0.5974927	0.6000502
341	10	-0.2967641	0.5974927	0.6000502
342	1	1.156215	0.2159849	0.09889327
342	3	1.055576	0.1924077	0.6291029
342	4	1.090959	0.1836847	0.6112747
342	6	1.156215	0.2159849	0.09889327
342	8	1.055576	0.1924077	0.6291029
342	9	-0.2967641	0.5974927	0.6000502
342	10	-0.2967641	0.5974927	0.6000502
343	1	1.253438	0.1877575	0.09210998
343	3	-0.1232992	0.4601866	1.449514
343	4	-0.04514467	0.4352623	1.466192
343	6	1.253438	0.1877575	0.09210998
343	8	-0.1232992	0.4601866	1.449514
343	9	-0.0258204	0.5630085	0.1433405
343	10	-0.0258204	0.5630085	0.1433405
344	3	0.2234827	0.37518	1.269973
344	4	0.2166707	0.3746794	1.295008
344	8	0.2234827	0.37518	1.269973
344	9	0.3694636	0.4600707	-0.001439347
345	3	0.2234827	0.37518	1.269973
345	4	0.2166707	0.3746794	1.295008
345	8	0.2234827	0.37518	1.269973
345	9	0.3694636	0.4600707	-0.001439347
346	3	0.2234827	0.37518	1.269973
346	4	0.2166707	0.3746794	1.295008
346	8	0.2234827	0.37518	1.269973
346	9	0.3694636	0.4600707	-0.001439347
347	3	0.2234827	0.37518	1.269973
347	4	0.2166707	0.3746794	1.295008
347	8	0.2234827	0.37518	1.269973
347	9	0.3694636	0.4600707	-0.001439347
348	3	0.2234827	0.37518	1.269973
348	4	0.2166707	0.3746794	1.295008
348	8	0.2234827	0.37518	1.269973
348	9	0.3694636	0.4600707	-0.001439347
349	3	0.2234827	0.37518	1.269973
349	4	0.2166707	0.3746794	1.295008
349	8	0.2234827	0.37518	1.269973
349	9	0.3694636	0.4600707	-0.001439347
350	3	0.2234827	0.37518	1.269973
350	4	0.2166707	0.3746794	1.295008
350	8	0.2234827	0.37518	1.269973
350	9	0.3694636	0.4600707	-0.001439347
351	3	0.03492488	0.4196601	1.384849
351	4	0.02371248	0.4202034	1.412506
351	8	0.03492488	0.4196601	1.384849
351	9	0.5094421	0.4182521	0.000466772
351	10	0.5094421	0.4182521	0.000466772
352	3	0.03492488	0.4196601	1.384849
352	4	0.02371248	0.4202034	1.412506
352	8	0.03492488	0.4196601	1.384849
352	9	0.5094421	0.4182521	0.000466772
352	10	0.5094421	0.4182521	0.000466772
353	3	0.03492488	0.4196601	1.384849
353	4	0.02371248	0.4202034	1.412506
353	8	0.03492488	0.4196601	1.384849
353	9	0.5094421	0.4182521	0.000466772
353	10	0.5094421	0.4182521	0.000466772
354	3	0.03492488	0.4196601	1.384849
354	4	0.02371248	0.4202034	1.412506
354	8	0.03492488	0.4196601	1.384849
354	9	0.5094421	0.4182521	0.000466772
354	10	0.5094421	0.4182521	0.000466772
355	3	0.03492488	0.4196601	1.384849
355	4	0.02371248	0.4202034	1.412506
355	8	0.03492488	0.4196601	1.384849
355	9	0.5094421	0.4182521	0.000466772
355	10	0.5094421	0.4182521	0.000466772
356	3	0.03492488	0.4196601	1.384849
356	4	0.02371248	0.4202034	1.412506
356	8	0.03492488	0.4196601	1.384849
356	9	0.5094421	0.4182521	0.000466772
356	10	0.5094421	0.4182521	0.000466772
357	3	0.03492488	0.4196601	1.384849
357	4	0.02371248	0.4202034	1.412506
357	8	0.03492488	0.4196601	1.384849
357	9	0.5094421	0.4182521	0.000466772
357	10	0.5094421	0.4182521	0.000466772
358	3	0.03492488	0.4196601	1.384849
358	4	0.02371248	0.4202034	1.412506
358	8	0.03492488	0.4196601	1.384849
358	9	0.5094421	0.4182521	0.000466772
358	10	0.5094421	0.4182521	0.000466772
359	3	0.03492488	0.4196601	1.384849
359	4	0.02371248	0.4202034	1.412506
359	8	0.03492488	0.4196601	1.384849
359	9	0.5094421	0.4182521	0.000466772
359	10	0.5094421	0.4182521	0.000466772
361	3	0.1234587	0.3956796	1.361588
361	4	-0.09947202	0.4558564	1.422209
361	8	0.1234587	0.3956796	1.361588
361	9	0.5052505	0.4194874	0.0005779993
361	10	0.5052505	0.4194874	0.0005779993
362	3	0.1234587	0.3956796	1.361588
362	4	-0.09947202	0.4558564	1.422209
362	8	0.1234587	0.3956796	1.361588
362	9	0.5052505	0.4194874	0.0005779993
362	10	0.5052505	0.4194874	0.0005779993
363	3	0.1234587	0.3956796	1.361588
363	4	-0.09947202	0.4558564	1.422209
363	8	0.1234587	0.3956796	1.361588
363	9	0.5052505	0.4194874	0.0005779993
363	10	0.5052505	0.4194874	0.0005779993
364	3	0.1234587	0.3956796	1.361588
364	4	-0.09947202	0.4558564	1.422209
364	8	0.1234587	0.3956796	1.361588
364	9	0.5052505	0.4194874	0.0005779993
364	10	0.5052505	0.4194874	0.0005779993
365	3	0.1234587	0.3956796	1.361588
365	4	-0.09947202	0.4558564	1.422209
365	8	0.1234587	0.3956796	1.361588
365	9	0.5052505	0.4194874	0.0005779993
365	10	0.5052505	0.4194874	0.0005779993
366	3	0.1234587	0.3956796	1.361588
366	4	-0.09947202	0.4558564	1.422209
366	8	0.1234587	0.3956796	1.361588
366	9	0.5052505	0.4194874	0.0005779993
366	10	0.5052505	0.4194874	0.0005779993
367	3	0.1234587	0.3956796	1.361588
367	4	-0.09947202	0.4558564	1.422209
367	8	0.1234587	0.3956796	1.361588
367	9	0.5052505	0.4194874	0.0005779993
367	10	0.5052505	0.4194874	0.0005779993
368	3	0.1234587	0.3956796	1.361588
368	4	-0.09947202	0.4558564	1.422209
368	8	0.1234587	0.3956796	1.361588
368	9	0.5052505	0.4194874	0.0005779993
368	10	0.5052505	0.4194874	0.0005779993
369	3	0.1234587	0.3956796	1.361588
369	4	-0.09947202	0.4558564	1.422209
369	8	0.1234587	0.3956796	1.361588
369	9	0.5052505	0.4194874	0.0005779993
369	10	0.5052505	0.4194874	0.0005779993
370	3	0.1234587	0.3956796	1.361588
370	4	-0.09947202	0.4558564	1.422209
370	8	0.1234587	0.3956796	1.361588
370	9	0.5052505	0.4194874	0.0005779993
370	10	0.5052505	0.4194874	0.0005779993
371	3	0.1234587	0.3956796	1.361588
371	4	-0.09947202	0.4558564	1.422209
371	8	0.1234587	0.3956796	1.361588
371	9	0.5052505	0.4194874	0.0005779993
371	10	0.5052505	0.4194874	0.0005779993
372	3	0.1234587	0.3956796	1.361588
372	4	-0.09947202	0.4558564	1.422209
372	8	0.1234587	0.3956796	1.361588
372	9	0.5052505	0.4194874	0.0005779993
372	10	0.5052505	0.4194874	0.0005779993
373	3	0.1234587	0.3956796	1.361588
373	4	-0.09947202	0.4558564	1.422209
373	8	0.1234587	0.3956796	1.361588
373	9	0.5052505	0.4194874	0.0005779993
373	10	0.5052505	0.4194874	0.0005779993
374	3	0.1688995	0.3875163	1.308575
374	4	-0.1114936	0.4644263	1.372711
374	8	0.1688995	0.3875163	1.308575
374	9	0.5064686	0.4182525	0.00922546
374	10	0.5064686	0.4182525	0.00922546
375	3	0.1688995	0.3875163	1.308575
375	4	-0.1114936	0.4644263	1.372711
375	8	0.1688995	0.3875163	1.308575
375	9	0.5064686	0.4182525	0.00922546
375	10	0.5064686	0.4182525	0.00922546
376	3	0.1688995	0.3875163	1.308575
376	4	-0.1114936	0.4644263	1.372711
376	8	0.1688995	0.3875163	1.308575
376	9	0.5064686	0.4182525	0.00922546
376	10	0.5064686	0.4182525	0.00922546
377	3	0.05252739	0.4188182	1.341320
377	4	0.04157419	0.4193404	1.368422
377	8	0.05252739	0.4188182	1.341320
377	9	0.509365	0.4174032	0.009106155
377	10	0.509365	0.4174032	0.009106155
378	3	0.05252739	0.4188182	1.341320
378	4	0.04157419	0.4193404	1.368422
378	8	0.05252739	0.4188182	1.341320
378	9	0.509365	0.4174032	0.009106155
378	10	0.509365	0.4174032	0.009106155
379	3	0.05252739	0.4188182	1.341320
379	4	0.04157419	0.4193404	1.368422
379	8	0.05252739	0.4188182	1.341320
379	9	0.509365	0.4174032	0.009106155
379	10	0.509365	0.4174032	0.009106155
380	3	0.05252739	0.4188182	1.341320
380	4	0.04157419	0.4193404	1.368422
380	8	0.05252739	0.4188182	1.341320
380	9	0.509365	0.4174032	0.009106155
380	10	0.509365	0.4174032	0.009106155
381	3	0.05252739	0.4188182	1.341320
381	4	0.04157419	0.4193404	1.368422
381	8	0.05252739	0.4188182	1.341320
381	9	0.509365	0.4174032	0.009106155
381	10	0.509365	0.4174032	0.009106155
382	3	0.05252739	0.4188182	1.341320
382	4	0.04157419	0.4193404	1.368422
382	8	0.05252739	0.4188182	1.341320
382	9	0.509365	0.4174032	0.009106155
382	10	0.509365	0.4174032	0.009106155
383	3	0.05252739	0.4188182	1.341320
383	4	0.04157419	0.4193404	1.368422
383	8	0.05252739	0.4188182	1.341320
383	9	0.509365	0.4174032	0.009106155
383	10	0.509365	0.4174032	0.009106155
384	3	0.05252739	0.4188182	1.341320
384	4	0.04157419	0.4193404	1.368422
384	8	0.05252739	0.4188182	1.341320
384	9	0.509365	0.4174032	0.009106155
384	10	0.509365	0.4174032	0.009106155
385	3	0.1104879	0.4015491	1.341647
385	4	-0.04735183	0.4459140	1.367142
385	8	0.1104879	0.4015491	1.341647
385	9	0.502155	0.4196819	0.007772441
385	10	0.502155	0.4196819	0.007772441
386	3	0.09320952	0.4042437	1.365862
386	4	-0.04517532	0.4430443	1.389167
386	8	0.09320952	0.4042437	1.365862
386	9	0.503107	0.4198408	0.003392171
386	10	0.503107	0.4198408	0.003392171
387	9	1.120904	0.1941041	0.4197782
387	10	1.120904	0.1941041	0.4197782
388	9	1.120904	0.1941041	0.4197782
388	10	1.120904	0.1941041	0.4197782
389	9	1.120904	0.1941041	0.4197782
389	10	1.120904	0.1941041	0.4197782
390	9	1.120904	0.1941041	0.4197782
390	10	1.120904	0.1941041	0.4197782
391	9	1.120904	0.1941041	0.4197782
391	10	1.120904	0.1941041	0.4197782
392	9	1.120904	0.1941041	0.4197782
392	10	1.120904	0.1941041	0.4197782
393	9	1.120904	0.1941041	0.4197782
393	10	1.120904	0.1941041	0.4197782
394	9	1.120904	0.1941041	0.4197782
394	10	1.120904	0.1941041	0.4197782
395	9	1.120904	0.1941041	0.4197782
395	10	1.120904	0.1941041	0.4197782
396	9	1.120904	0.1941041	0.4197782
396	10	1.120904	0.1941041	0.4197782
397	9	1.120904	0.1941041	0.4197782
397	10	1.120904	0.1941041	0.4197782
398	9	1.120904	0.1941041	0.4197782
398	10	1.120904	0.1941041	0.4197782
399	9	1.120904	0.1941041	0.4197782
399	10	1.120904	0.1941041	0.4197782
400	9	1.120904	0.1941041	0.4197782
400	10	1.120904	0.1941041	0.4197782
401	9	1.120904	0.1941041	0.4197782
401	10	1.120904	0.1941041	0.4197782
402	9	1.120904	0.1941041	0.4197782
402	10	1.120904	0.1941041	0.4197782
403	9	1.120904	0.1941041	0.4197782
403	10	1.120904	0.1941041	0.4197782
405	9	1.120904	0.1941041	0.4197782
405	10	1.120904	0.1941041	0.4197782
406	9	1.120904	0.1941041	0.4197782
406	10	1.120904	0.1941041	0.4197782
407	9	1.120904	0.1941041	0.4197782
407	10	1.120904	0.1941041	0.4197782
408	9	1.120904	0.1941041	0.4197782
408	10	1.120904	0.1941041	0.4197782
409	9	1.120904	0.1941041	0.4197782
409	10	1.120904	0.1941041	0.4197782
410	9	1.120904	0.1941041	0.4197782
410	10	1.120904	0.1941041	0.4197782
411	9	1.120904	0.1941041	0.4197782
411	10	1.120904	0.1941041	0.4197782
413	9	1.120904	0.1941041	0.4197782
413	10	1.120904	0.1941041	0.4197782
414	9	1.120904	0.1941041	0.4197782
414	10	1.120904	0.1941041	0.4197782
415	9	1.120904	0.1941041	0.4197782
415	10	1.120904	0.1941041	0.4197782
416	9	1.120904	0.1941041	0.4197782
416	10	1.120904	0.1941041	0.4197782
417	9	1.120904	0.1941041	0.4197782
417	10	1.120904	0.1941041	0.4197782
418	9	1.120904	0.1941041	0.4197782
418	10	1.120904	0.1941041	0.4197782
419	9	1.120904	0.1941041	0.4197782
419	10	1.120904	0.1941041	0.4197782
420	9	1.120904	0.1941041	0.4197782
420	10	1.120904	0.1941041	0.4197782
421	9	1.120904	0.1941041	0.4197782
421	10	1.120904	0.1941041	0.4197782
422	9	1.120904	0.1941041	0.4197782
422	10	1.120904	0.1941041	0.4197782
423	9	1.120904	0.1941041	0.4197782
423	10	1.120904	0.1941041	0.4197782
424	9	1.120904	0.1941041	0.4197782
424	10	1.120904	0.1941041	0.4197782
425	9	1.120904	0.1941041	0.4197782
425	10	1.120904	0.1941041	0.4197782
426	9	1.120904	0.1941041	0.4197782
426	10	1.120904	0.1941041	0.4197782
427	9	1.120904	0.1941041	0.4197782
427	10	1.120904	0.1941041	0.4197782
428	9	1.120904	0.1941041	0.4197782
428	10	1.120904	0.1941041	0.4197782
429	9	1.120904	0.1941041	0.4197782
429	10	1.120904	0.1941041	0.4197782
430	9	1.120904	0.1941041	0.4197782
430	10	1.120904	0.1941041	0.4197782
431	9	1.120904	0.1941041	0.4197782
431	10	1.120904	0.1941041	0.4197782
432	9	1.120904	0.1941041	0.4197782
432	10	1.120904	0.1941041	0.4197782
433	9	1.120904	0.1941041	0.4197782
433	10	1.120904	0.1941041	0.4197782
434	9	1.120904	0.1941041	0.4197782
434	10	1.120904	0.1941041	0.4197782
435	9	1.120904	0.1941041	0.4197782
435	10	1.120904	0.1941041	0.4197782
436	9	1.120904	0.1941041	0.4197782
436	10	1.120904	0.1941041	0.4197782
437	9	1.120904	0.1941041	0.4197782
437	10	1.120904	0.1941041	0.4197782
438	9	1.120904	0.1941041	0.4197782
438	10	1.120904	0.1941041	0.4197782
439	9	1.120904	0.1941041	0.4197782
439	10	1.120904	0.1941041	0.4197782
440	9	1.120904	0.1941041	0.4197782
440	10	1.120904	0.1941041	0.4197782
441	9	1.120904	0.1941041	0.4197782
441	10	1.120904	0.1941041	0.4197782
442	9	1.120904	0.1941041	0.4197782
442	10	1.120904	0.1941041	0.4197782
443	9	1.120904	0.1941041	0.4197782
443	10	1.120904	0.1941041	0.4197782
444	9	1.120904	0.1941041	0.4197782
444	10	1.120904	0.1941041	0.4197782
445	9	1.120904	0.1941041	0.4197782
445	10	1.120904	0.1941041	0.4197782
446	9	1.120904	0.1941041	0.4197782
446	10	1.120904	0.1941041	0.4197782
447	9	1.120904	0.1941041	0.4197782
447	10	1.120904	0.1941041	0.4197782
448	9	1.120904	0.1941041	0.4197782
448	10	1.120904	0.1941041	0.4197782
449	9	1.120904	0.1941041	0.4197782
449	10	1.120904	0.1941041	0.4197782
450	9	1.120904	0.1941041	0.4197782
450	10	1.120904	0.1941041	0.4197782
451	9	1.120904	0.1941041	0.4197782
451	10	1.120904	0.1941041	0.4197782
452	9	1.120904	0.1941041	0.4197782
452	10	1.120904	0.1941041	0.4197782
453	9	1.120904	0.1941041	0.4197782
453	10	1.120904	0.1941041	0.4197782
454	9	1.120904	0.1941041	0.4197782
454	10	1.120904	0.1941041	0.4197782
455	9	1.120904	0.1941041	0.4197782
455	10	1.120904	0.1941041	0.4197782
456	9	1.120904	0.1941041	0.4197782
456	10	1.120904	0.1941041	0.4197782
457	9	1.120904	0.1941041	0.4197782
457	10	1.120904	0.1941041	0.4197782
458	9	1.120904	0.1941041	0.4197782
458	10	1.120904	0.1941041	0.4197782
459	9	1.120904	0.1941041	0.4197782
459	10	1.120904	0.1941041	0.4197782
460	9	1.120904	0.1941041	0.4197782
460	10	1.120904	0.1941041	0.4197782
461	9	1.120904	0.1941041	0.4197782
461	10	1.120904	0.1941041	0.4197782
462	9	1.120904	0.1941041	0.4197782
462	10	1.120904	0.1941041	0.4197782
463	9	1.120904	0.1941041	0.4197782
463	10	1.120904	0.1941041	0.4197782
464	9	1.120904	0.1941041	0.4197782
464	10	1.120904	0.1941041	0.4197782
465	9	1.120904	0.1941041	0.4197782
465	10	1.120904	0.1941041	0.4197782
466	9	1.120904	0.1941041	0.4197782
466	10	1.120904	0.1941041	0.4197782
467	9	1.120904	0.1941041	0.4197782
467	10	1.120904	0.1941041	0.4197782
468	9	1.120904	0.1941041	0.4197782
468	10	1.120904	0.1941041	0.4197782
469	9	1.120904	0.1941041	0.4197782
469	10	1.120904	0.1941041	0.4197782
470	9	1.120904	0.1941041	0.4197782
470	10	1.120904	0.1941041	0.4197782
471	9	1.120904	0.1941041	0.4197782
471	10	1.120904	0.1941041	0.4197782
472	9	1.120904	0.1941041	0.4197782
472	10	1.120904	0.1941041	0.4197782
473	9	1.120904	0.1941041	0.4197782
473	10	1.120904	0.1941041	0.4197782
474	9	1.120904	0.1941041	0.4197782
474	10	1.120904	0.1941041	0.4197782
475	9	1.120904	0.1941041	0.4197782
475	10	1.120904	0.1941041	0.4197782
476	9	1.120904	0.1941041	0.4197782
476	10	1.120904	0.1941041	0.4197782
477	9	1.120904	0.1941041	0.4197782
477	10	1.120904	0.1941041	0.4197782
478	9	1.120904	0.1941041	0.4197782
478	10	1.120904	0.1941041	0.4197782
479	9	1.120904	0.1941041	0.4197782
479	10	1.120904	0.1941041	0.4197782
480	9	1.120904	0.1941041	0.4197782
480	10	1.120904	0.1941041	0.4197782
481	9	1.120904	0.1941041	0.4197782
481	10	1.120904	0.1941041	0.4197782
482	9	1.120904	0.1941041	0.4197782
482	10	1.120904	0.1941041	0.4197782
483	9	1.120904	0.1941041	0.4197782
483	10	1.120904	0.1941041	0.4197782
484	9	1.120904	0.1941041	0.4197782
484	10	1.120904	0.1941041	0.4197782
485	9	1.120904	0.1941041	0.4197782
485	10	1.120904	0.1941041	0.4197782
486	9	1.120904	0.1941041	0.4197782
486	10	1.120904	0.1941041	0.4197782
488	9	1.120904	0.1941041	0.4197782
488	10	1.120904	0.1941041	0.4197782
489	9	1.120904	0.1941041	0.4197782
489	10	1.120904	0.1941041	0.4197782
490	9	1.120904	0.1941041	0.4197782
490	10	1.120904	0.1941041	0.4197782
491	9	1.120904	0.1941041	0.4197782
491	10	1.120904	0.1941041	0.4197782
492	9	1.120904	0.1941041	0.4197782
492	10	1.120904	0.1941041	0.4197782
493	9	1.120904	0.1941041	0.4197782
493	10	1.120904	0.1941041	0.4197782
494	9	1.120904	0.1941041	0.4197782
494	10	1.120904	0.1941041	0.4197782
495	9	1.120904	0.1941041	0.4197782
495	10	1.120904	0.1941041	0.4197782
496	9	1.120904	0.1941041	0.4197782
496	10	1.120904	0.1941041	0.4197782
497	9	1.120904	0.1941041	0.4197782
497	10	1.120904	0.1941041	0.4197782
498	9	1.120904	0.1941041	0.4197782
498	10	1.120904	0.1941041	0.4197782
499	9	1.120904	0.1941041	0.4197782
499	10	1.120904	0.1941041	0.4197782
500	9	1.120904	0.1941041	0.4197782
500	10	1.120904	0.1941041	0.4197782
502	9	1.120904	0.1941041	0.4197782
502	10	1.120904	0.1941041	0.4197782
503	9	1.120904	0.1941041	0.4197782
503	10	1.120904	0.1941041	0.4197782
504	9	1.120904	0.1941041	0.4197782
504	10	1.120904	0.1941041	0.4197782
505	9	1.120904	0.1941041	0.4197782
505	10	1.120904	0.1941041	0.4197782
506	9	1.120904	0.1941041	0.4197782
506	10	1.120904	0.1941041	0.4197782
507	9	1.120904	0.1941041	0.4197782
507	10	1.120904	0.1941041	0.4197782
508	9	1.120904	0.1941041	0.4197782
508	10	1.120904	0.1941041	0.4197782
510	9	1.120904	0.1941041	0.4197782
510	10	1.120904	0.1941041	0.4197782
511	9	1.120904	0.1941041	0.4197782
511	10	1.120904	0.1941041	0.4197782
512	9	1.120904	0.1941041	0.4197782
512	10	1.120904	0.1941041	0.4197782
513	9	1.120904	0.1941041	0.4197782
513	10	1.120904	0.1941041	0.4197782
514	9	1.120904	0.1941041	0.4197782
514	10	1.120904	0.1941041	0.4197782
515	9	1.120904	0.1941041	0.4197782
515	10	1.120904	0.1941041	0.4197782
516	9	1.120904	0.1941041	0.4197782
516	10	1.120904	0.1941041	0.4197782
517	9	1.120904	0.1941041	0.4197782
517	10	1.120904	0.1941041	0.4197782
518	9	1.120904	0.1941041	0.4197782
518	10	1.120904	0.1941041	0.4197782
519	9	1.120904	0.1941041	0.4197782
519	10	1.120904	0.1941041	0.4197782
520	9	1.120904	0.1941041	0.4197782
520	10	1.120904	0.1941041	0.4197782
521	9	1.120904	0.1941041	0.4197782
521	10	1.120904	0.1941041	0.4197782
522	9	1.120904	0.1941041	0.4197782
522	10	1.120904	0.1941041	0.4197782
523	9	1.120904	0.1941041	0.4197782
523	10	1.120904	0.1941041	0.4197782
524	9	1.120904	0.1941041	0.4197782
524	10	1.120904	0.1941041	0.4197782
525	9	1.120904	0.1941041	0.4197782
525	10	1.120904	0.1941041	0.4197782
526	9	1.120904	0.1941041	0.4197782
526	10	1.120904	0.1941041	0.4197782
527	9	1.120904	0.1941041	0.4197782
527	10	1.120904	0.1941041	0.4197782
528	9	1.120904	0.1941041	0.4197782
528	10	1.120904	0.1941041	0.4197782
529	9	1.120904	0.1941041	0.4197782
529	10	1.120904	0.1941041	0.4197782
530	9	1.120904	0.1941041	0.4197782
530	10	1.120904	0.1941041	0.4197782
531	9	1.120904	0.1941041	0.4197782
531	10	1.120904	0.1941041	0.4197782
532	9	1.120904	0.1941041	0.4197782
532	10	1.120904	0.1941041	0.4197782
533	9	1.120904	0.1941041	0.4197782
533	10	1.120904	0.1941041	0.4197782
534	9	1.120904	0.1941041	0.4197782
534	10	1.120904	0.1941041	0.4197782
535	9	1.120904	0.1941041	0.4197782
535	10	1.120904	0.1941041	0.4197782
536	9	1.120904	0.1941041	0.4197782
536	10	1.120904	0.1941041	0.4197782
537	9	1.120904	0.1941041	0.4197782
537	10	1.120904	0.1941041	0.4197782
538	9	1.120904	0.1941041	0.4197782
538	10	1.120904	0.1941041	0.4197782
539	9	1.120904	0.1941041	0.4197782
539	10	1.120904	0.1941041	0.4197782
540	9	1.120904	0.1941041	0.4197782
540	10	1.120904	0.1941041	0.4197782
541	9	1.120904	0.1941041	0.4197782
541	10	1.120904	0.1941041	0.4197782
542	9	1.120904	0.1941041	0.4197782
542	10	1.120904	0.1941041	0.4197782
543	9	1.120904	0.1941041	0.4197782
543	10	1.120904	0.1941041	0.4197782
544	9	1.120904	0.1941041	0.4197782
544	10	1.120904	0.1941041	0.4197782
545	9	1.120904	0.1941041	0.4197782
545	10	1.120904	0.1941041	0.4197782
546	9	1.120904	0.1941041	0.4197782
546	10	1.120904	0.1941041	0.4197782
547	9	1.120904	0.1941041	0.4197782
547	10	1.120904	0.1941041	0.4197782
548	9	1.120904	0.1941041	0.4197782
548	10	1.120904	0.1941041	0.4197782
549	9	1.120904	0.1941041	0.4197782
549	10	1.120904	0.1941041	0.4197782
550	9	1.120904	0.1941041	0.4197782
550	10	1.120904	0.1941041	0.4197782
551	9	1.120904	0.1941041	0.4197782
551	10	1.120904	0.1941041	0.4197782
552	9	1.120904	0.1941041	0.4197782
552	10	1.120904	0.1941041	0.4197782
553	9	1.120904	0.1941041	0.4197782
553	10	1.120904	0.1941041	0.4197782
554	9	1.120904	0.1941041	0.4197782
554	10	1.120904	0.1941041	0.4197782
555	9	1.120904	0.1941041	0.4197782
555	10	1.120904	0.1941041	0.4197782
556	9	1.120904	0.1941041	0.4197782
556	10	1.120904	0.1941041	0.4197782
557	9	1.120904	0.1941041	0.4197782
557	10	1.120904	0.1941041	0.4197782
558	9	1.120904	0.1941041	0.4197782
558	10	1.120904	0.1941041	0.4197782
559	9	1.120904	0.1941041	0.4197782
559	10	1.120904	0.1941041	0.4197782
560	9	1.120904	0.1941041	0.4197782
560	10	1.120904	0.1941041	0.4197782
561	9	1.120904	0.1941041	0.4197782
561	10	1.120904	0.1941041	0.4197782
562	9	1.120904	0.1941041	0.4197782
562	10	1.120904	0.1941041	0.4197782
563	9	1.120904	0.1941041	0.4197782
563	10	1.120904	0.1941041	0.4197782
564	9	1.120904	0.1941041	0.4197782
564	10	1.120904	0.1941041	0.4197782
565	9	1.120904	0.1941041	0.4197782
565	10	1.120904	0.1941041	0.4197782
566	9	1.120904	0.1941041	0.4197782
566	10	1.120904	0.1941041	0.4197782
568	9	1.120904	0.1941041	0.4197782
568	10	1.120904	0.1941041	0.4197782
569	9	1.120904	0.1941041	0.4197782
569	10	1.120904	0.1941041	0.4197782
570	9	1.120904	0.1941041	0.4197782
570	10	1.120904	0.1941041	0.4197782
571	9	1.120904	0.1941041	0.4197782
571	10	1.120904	0.1941041	0.4197782
572	9	1.120904	0.1941041	0.4197782
572	10	1.120904	0.1941041	0.4197782
573	9	1.120904	0.1941041	0.4197782
573	10	1.120904	0.1941041	0.4197782
574	9	1.120904	0.1941041	0.4197782
574	10	1.120904	0.1941041	0.4197782
575	9	1.120904	0.1941041	0.4197782
575	10	1.120904	0.1941041	0.4197782
576	9	1.120904	0.1941041	0.4197782
576	10	1.120904	0.1941041	0.4197782
577	9	1.120904	0.1941041	0.4197782
577	10	1.120904	0.1941041	0.4197782
578	9	1.120904	0.1941041	0.4197782
578	10	1.120904	0.1941041	0.4197782
579	9	1.120904	0.1941041	0.4197782
579	10	1.120904	0.1941041	0.4197782
580	9	1.120904	0.1941041	0.4197782
580	10	1.120904	0.1941041	0.4197782
581	9	1.120904	0.1941041	0.4197782
581	10	1.120904	0.1941041	0.4197782
582	9	1.120904	0.1941041	0.4197782
582	10	1.120904	0.1941041	0.4197782
583	9	1.120904	0.1941041	0.4197782
583	10	1.120904	0.1941041	0.4197782
584	9	1.120904	0.1941041	0.4197782
584	10	1.120904	0.1941041	0.4197782
585	9	1.120904	0.1941041	0.4197782
585	10	1.120904	0.1941041	0.4197782
586	9	1.120904	0.1941041	0.4197782
586	10	1.120904	0.1941041	0.4197782
587	9	1.120904	0.1941041	0.4197782
587	10	1.120904	0.1941041	0.4197782
588	9	1.120904	0.1941041	0.4197782
588	10	1.120904	0.1941041	0.4197782
589	9	1.120904	0.1941041	0.4197782
589	10	1.120904	0.1941041	0.4197782
590	9	1.120904	0.1941041	0.4197782
590	10	1.120904	0.1941041	0.4197782
591	9	1.120904	0.1941041	0.4197782
591	10	1.120904	0.1941041	0.4197782
592	9	1.120904	0.1941041	0.4197782
592	10	1.120904	0.1941041	0.4197782
593	9	1.120904	0.1941041	0.4197782
593	10	1.120904	0.1941041	0.4197782
594	9	1.120904	0.1941041	0.4197782
594	10	1.120904	0.1941041	0.4197782
595	9	1.120904	0.1941041	0.4197782
595	10	1.120904	0.1941041	0.4197782
596	9	1.120904	0.1941041	0.4197782
596	10	1.120904	0.1941041	0.4197782
597	9	1.120904	0.1941041	0.4197782
597	10	1.120904	0.1941041	0.4197782
598	9	1.120904	0.1941041	0.4197782
598	10	1.120904	0.1941041	0.4197782
599	9	1.120904	0.1941041	0.4197782
599	10	1.120904	0.1941041	0.4197782
600	9	1.120904	0.1941041	0.4197782
600	10	1.120904	0.1941041	0.4197782
601	9	1.120904	0.1941041	0.4197782
601	10	1.120904	0.1941041	0.4197782
602	9	1.120904	0.1941041	0.4197782
602	10	1.120904	0.1941041	0.4197782
603	9	1.120904	0.1941041	0.4197782
603	10	1.120904	0.1941041	0.4197782
604	9	1.120904	0.1941041	0.4197782
604	10	1.120904	0.1941041	0.4197782
605	9	1.120904	0.1941041	0.4197782
605	10	1.120904	0.1941041	0.4197782
606	9	1.120904	0.1941041	0.4197782
606	10	1.120904	0.1941041	0.4197782
607	9	1.120904	0.1941041	0.4197782
607	10	1.120904	0.1941041	0.4197782
608	9	1.120904	0.1941041	0.4197782
608	10	1.120904	0.1941041	0.4197782
609	9	1.120904	0.1941041	0.4197782
609	10	1.120904	0.1941041	0.4197782
610	9	1.120904	0.1941041	0.4197782
610	10	1.120904	0.1941041	0.4197782
611	9	1.120904	0.1941041	0.4197782
611	10	1.120904	0.1941041	0.4197782
612	9	1.120904	0.1941041	0.4197782
612	10	1.120904	0.1941041	0.4197782
613	9	1.120904	0.1941041	0.4197782
613	10	1.120904	0.1941041	0.4197782
614	9	1.120904	0.1941041	0.4197782
614	10	1.120904	0.1941041	0.4197782
615	9	1.120904	0.1941041	0.4197782
615	10	1.120904	0.1941041	0.4197782
616	9	1.120904	0.1941041	0.4197782
616	10	1.120904	0.1941041	0.4197782
617	9	1.120904	0.1941041	0.4197782
617	10	1.120904	0.1941041	0.4197782
618	9	1.120904	0.1941041	0.4197782
618	10	1.120904	0.1941041	0.4197782
619	9	1.120904	0.1941041	0.4197782
619	10	1.120904	0.1941041	0.4197782
620	9	1.120904	0.1941041	0.4197782
620	10	1.120904	0.1941041	0.4197782
621	9	1.120904	0.1941041	0.4197782
621	10	1.120904	0.1941041	0.4197782
622	9	1.120904	0.1941041	0.4197782
622	10	1.120904	0.1941041	0.4197782
623	9	1.120904	0.1941041	0.4197782
623	10	1.120904	0.1941041	0.4197782
624	9	1.120904	0.1941041	0.4197782
624	10	1.120904	0.1941041	0.4197782
625	9	1.120904	0.1941041	0.4197782
625	10	1.120904	0.1941041	0.4197782
626	9	1.120904	0.1941041	0.4197782
626	10	1.120904	0.1941041	0.4197782
627	9	1.120904	0.1941041	0.4197782
627	10	1.120904	0.1941041	0.4197782
628	9	1.120904	0.1941041	0.4197782
628	10	1.120904	0.1941041	0.4197782
629	9	1.120904	0.1941041	0.4197782
629	10	1.120904	0.1941041	0.4197782
630	9	1.120904	0.1941041	0.4197782
630	10	1.120904	0.1941041	0.4197782
631	9	1.120904	0.1941041	0.4197782
631	10	1.120904	0.1941041	0.4197782
632	9	1.120904	0.1941041	0.4197782
632	10	1.120904	0.1941041	0.4197782
633	9	1.120904	0.1941041	0.4197782
633	10	1.120904	0.1941041	0.4197782
634	9	1.120904	0.1941041	0.4197782
634	10	1.120904	0.1941041	0.4197782
635	9	1.120904	0.1941041	0.4197782
635	10	1.120904	0.1941041	0.4197782
636	9	1.120904	0.1941041	0.4197782
636	10	1.120904	0.1941041	0.4197782
637	9	1.120904	0.1941041	0.4197782
637	10	1.120904	0.1941041	0.4197782
638	9	1.120904	0.1941041	0.4197782
638	10	1.120904	0.1941041	0.4197782
639	9	1.120904	0.1941041	0.4197782
639	10	1.120904	0.1941041	0.4197782
640	9	1.120904	0.1941041	0.4197782
640	10	1.120904	0.1941041	0.4197782
641	9	1.120904	0.1941041	0.4197782
641	10	1.120904	0.1941041	0.4197782
642	9	1.120904	0.1941041	0.4197782
642	10	1.120904	0.1941041	0.4197782
643	3	0.1578551	0.3927523	1.289235
643	4	-0.06635497	0.4562584	1.320634
643	8	0.1578551	0.3927523	1.289235
643	9	0.4986775	0.4197712	0.01713478
643	10	0.4986775	0.4197712	0.01713478
644	3	0.1578551	0.3927523	1.289235
644	4	-0.06635497	0.4562584	1.320634
644	8	0.1578551	0.3927523	1.289235
644	9	0.4986775	0.4197712	0.01713478
644	10	0.4986775	0.4197712	0.01713478
645	3	0.1578551	0.3927523	1.289235
645	4	-0.06635497	0.4562584	1.320634
645	8	0.1578551	0.3927523	1.289235
645	9	0.4986775	0.4197712	0.01713478
645	10	0.4986775	0.4197712	0.01713478
646	3	0.1578551	0.3927523	1.289235
646	4	-0.06635497	0.4562584	1.320634
646	8	0.1578551	0.3927523	1.289235
646	9	0.4986775	0.4197712	0.01713478
646	10	0.4986775	0.4197712	0.01713478
647	3	0.1578551	0.3927523	1.289235
647	4	-0.06635497	0.4562584	1.320634
647	8	0.1578551	0.3927523	1.289235
647	9	0.4986775	0.4197712	0.01713478
647	10	0.4986775	0.4197712	0.01713478
648	3	0.1578551	0.3927523	1.289235
648	4	-0.06635497	0.4562584	1.320634
648	8	0.1578551	0.3927523	1.289235
648	9	0.4986775	0.4197712	0.01713478
648	10	0.4986775	0.4197712	0.01713478
649	2	0.7542723	0.3445105	0.00973198
649	3	-0.310103	0.5503168	1.106850
649	4	-0.3096732	0.5500384	1.108342
649	7	0.7542723	0.3445105	0.00973198
649	8	-0.310103	0.5503168	1.106850
649	9	1.004912	0.2013033	0.6902514
649	10	1.004912	0.2013033	0.6902514
650	2	0.9326035	0.2885265	0.0389911
650	3	-0.3115112	0.5842969	0.7742725
650	7	0.9326035	0.2885265	0.0389911
650	9	0.09100873	0.4087459	1.327732
650	10	0.09100873	0.4087459	1.327732
651	2	0.754296	0.3445005	0.009761195
651	3	-0.3102135	0.5505015	1.105345
651	4	-0.3084038	0.549313	1.111789
651	7	0.754296	0.3445005	0.009761195
651	8	-0.3102135	0.5505015	1.105345
651	9	1.001478	0.2019781	0.6936835
651	10	1.001478	0.2019781	0.6936835
652	3	-0.1526128	0.4802794	1.336787
652	4	-0.1569553	0.4820563	1.331975
652	7	1.179880	0.2109929	0.07862279
652	8	-0.1526128	0.4802794	1.336787
652	9	0.235633	0.4944589	0.05216917
652	10	0.235633	0.4944589	0.05216917
653	3	-0.1526128	0.4802794	1.336787
653	4	-0.1569553	0.4820563	1.331975
653	7	1.179880	0.2109929	0.07862279
653	8	-0.1526128	0.4802794	1.336787
653	9	0.235633	0.4944589	0.05216917
653	10	0.235633	0.4944589	0.05216917
654	3	-0.1526128	0.4802794	1.336787
654	4	-0.1569553	0.4820563	1.331975
654	7	1.179880	0.2109929	0.07862279
654	8	-0.1526128	0.4802794	1.336787
654	9	0.235633	0.4944589	0.05216917
654	10	0.235633	0.4944589	0.05216917
655	3	1.238017	0.1826601	0.1880694
655	7	-0.3273939	0.532046	1.338858
655	8	1.238017	0.1826601	0.1880694
655	9	0.02996963	0.5448533	0.1588450
655	10	0.02996963	0.5448533	0.1588450
656	3	1.238017	0.1826601	0.1880694
656	7	-0.3273939	0.532046	1.338858
656	8	1.238017	0.1826601	0.1880694
656	9	0.02996963	0.5448533	0.1588450
656	10	0.02996963	0.5448533	0.1588450
657	3	1.238017	0.1826601	0.1880694
657	7	-0.3273939	0.532046	1.338858
657	8	1.238017	0.1826601	0.1880694
657	9	0.02996963	0.5448533	0.1588450
657	10	0.02996963	0.5448533	0.1588450
658	7	0.7923589	0.3328229	0.01331524
658	8	-0.3177686	0.5613516	1.020089
658	9	0.4190715	0.3301276	1.140049
658	10	0.4190715	0.3301276	1.140049
659	7	0.7923589	0.3328229	0.01331524
659	8	-0.3177686	0.5613516	1.020089
659	9	0.4190715	0.3301276	1.140049
659	10	0.4190715	0.3301276	1.140049
660	7	0.7923589	0.3328229	0.01331524
660	8	-0.3177686	0.5613516	1.020089
660	9	0.4190715	0.3301276	1.140049
660	10	0.4190715	0.3301276	1.140049
661	7	0.7680112	0.3403182	0.01078992
661	8	-0.1861277	0.4891064	1.348079
661	9	-0.1256442	0.4815464	1.244759
661	10	-0.1256442	0.4815464	1.244759
662	7	0.7680112	0.3403182	0.01078992
662	8	-0.1861277	0.4891064	1.348079
662	9	-0.1256442	0.4815464	1.244759
662	10	-0.1256442	0.4815464	1.244759
663	7	0.7680112	0.3403182	0.01078992
663	8	-0.1861277	0.4891064	1.348079
663	9	-0.1256442	0.4815464	1.244759
663	10	-0.1256442	0.4815464	1.244759
664	7	0.7680112	0.3403182	0.01078992
664	8	-0.1861277	0.4891064	1.348079
664	9	-0.1256442	0.4815464	1.244759
664	10	-0.1256442	0.4815464	1.244759
665	7	0.7680112	0.3403182	0.01078992
665	8	-0.1861277	0.4891064	1.348079
665	9	-0.1256442	0.4815464	1.244759
665	10	-0.1256442	0.4815464	1.244759
666	2	1.007851	0.2648375	0.05199452
666	7	1.007851	0.2648375	0.05199452
666	8	-0.3217802	0.5441797	1.202077
666	9	-0.2577412	0.5334561	1.119628
666	10	-0.2577412	0.5334561	1.119628
667	2	1.007851	0.2648375	0.05199452
667	7	1.007851	0.2648375	0.05199452
667	8	-0.3217802	0.5441797	1.202077
667	9	-0.2577412	0.5334561	1.119628
667	10	-0.2577412	0.5334561	1.119628
668	2	1.007851	0.2648375	0.05199452
668	7	1.007851	0.2648375	0.05199452
668	8	-0.3217802	0.5441797	1.202077
668	9	-0.2577412	0.5334561	1.119628
668	10	-0.2577412	0.5334561	1.119628
669	2	1.007851	0.2648375	0.05199452
669	7	1.007851	0.2648375	0.05199452
669	8	-0.3217802	0.5441797	1.202077
669	9	-0.2577412	0.5334561	1.119628
669	10	-0.2577412	0.5334561	1.119628
670	2	1.007851	0.2648375	0.05199452
670	7	1.007851	0.2648375	0.05199452
670	8	-0.3217802	0.5441797	1.202077
670	9	-0.2577412	0.5334561	1.119628
670	10	-0.2577412	0.5334561	1.119628
671	2	1.007851	0.2648375	0.05199452
671	7	1.007851	0.2648375	0.05199452
671	8	-0.3217802	0.5441797	1.202077
671	9	-0.2577412	0.5334561	1.119628
671	10	-0.2577412	0.5334561	1.119628
672	2	1.007851	0.2648375	0.05199452
672	7	1.007851	0.2648375	0.05199452
672	8	-0.3217802	0.5441797	1.202077
672	9	-0.2577412	0.5334561	1.119628
672	10	-0.2577412	0.5334561	1.119628
673	2	1.007851	0.2648375	0.05199452
673	7	1.007851	0.2648375	0.05199452
673	8	-0.3217802	0.5441797	1.202077
673	9	-0.2577412	0.5334561	1.119628
673	10	-0.2577412	0.5334561	1.119628
674	2	1.007851	0.2648375	0.05199452
674	7	1.007851	0.2648375	0.05199452
674	8	-0.3217802	0.5441797	1.202077
674	9	-0.2577412	0.5334561	1.119628
674	10	-0.2577412	0.5334561	1.119628
675	1	0.2973429	0.480358	0.0100527
675	2	1.235272	0.1524974	0.4950545
675	6	0.2973429	0.480358	0.0100527
675	7	1.235272	0.1524974	0.4950545
675	8	-0.3323583	0.5703674	0.9737405
675	9	-0.1339782	0.4687215	1.396406
675	10	-0.1339782	0.4687215	1.396406
676	1	0.1396702	0.5247074	0.03520929
676	2	1.288676	0.1642534	0.2211833
676	7	1.288676	0.1642534	0.2211833
676	8	-0.3306289	0.5675488	0.996575
676	9	-0.06893877	0.4524688	1.365801
676	10	-0.06893877	0.4524688	1.365801
677	1	0.3333483	0.4696055	0.01050239
677	2	1.241018	0.1540385	0.462852
677	6	0.3333483	0.4696055	0.01050239
677	7	1.241018	0.1540385	0.462852
677	8	-0.3334333	0.5576226	1.103204
677	9	-0.2030590	0.4952532	1.337061
677	10	-0.2030590	0.4952532	1.337061
678	1	0.4839663	0.4256128	0.002598984
678	2	1.217099	0.1533248	0.5404098
678	6	0.4839663	0.4256128	0.002598984
678	8	-0.3201693	0.5511746	1.128013
678	9	-0.1427131	0.4742298	1.367563
678	10	-0.1427131	0.4742298	1.367563
679	1	0.4839663	0.4256128	0.002598984
679	2	1.217099	0.1533248	0.5404098
679	6	0.4839663	0.4256128	0.002598984
679	8	-0.3201693	0.5511746	1.128013
679	9	-0.1427131	0.4742298	1.367563
679	10	-0.1427131	0.4742298	1.367563
680	1	0.3333483	0.4696055	0.01050239
680	2	1.241018	0.1540385	0.462852
680	6	0.3333483	0.4696055	0.01050239
680	7	1.241018	0.1540385	0.462852
680	8	-0.3334333	0.5576226	1.103204
680	9	-0.2030590	0.4952532	1.337061
680	10	-0.2030590	0.4952532	1.337061
681	1	0.2078261	0.505032	0.02933804
681	2	1.298990	0.1551217	0.2812828
681	6	0.2078261	0.505032	0.02933804
681	7	1.298990	0.1551217	0.2812828
681	8	-0.3093671	0.5390487	1.216343
681	9	-0.09184884	0.4587796	1.370777
681	10	-0.09184884	0.4587796	1.370777
681	11	0.1847258	0.3850002	1.286871
682	1	0.2078261	0.505032	0.02933804
682	2	1.298990	0.1551217	0.2812828
682	6	0.2078261	0.505032	0.02933804
682	7	1.298990	0.1551217	0.2812828
682	8	-0.3093671	0.5390487	1.216343
682	9	-0.09184884	0.4587796	1.370777
682	10	-0.09184884	0.4587796	1.370777
682	11	0.1847258	0.3850002	1.286871
683	1	0.1984992	0.507645	0.03092899
683	2	1.285336	0.1562033	0.3107994
683	6	0.1984992	0.507645	0.03092899
683	7	1.285336	0.1562033	0.3107994
683	8	-0.2991485	0.5341387	1.234886
683	9	-0.05693333	0.4486572	1.368194
683	10	-0.05693333	0.4486572	1.368194
683	11	0.3609373	0.341623	1.197448
684	1	0.04659597	0.5477718	0.08092847
684	2	1.173416	0.2090895	0.1165338
684	7	1.173416	0.2090895	0.1165338
684	8	-0.272728	0.5225812	1.271558
684	9	0.004917554	0.4332198	1.338906
684	10	0.004917554	0.4332198	1.338906
684	11	0.5403451	0.3024562	1.056884
685	1	0.04659597	0.5477718	0.08092847
685	2	1.173416	0.2090895	0.1165338
685	7	1.173416	0.2090895	0.1165338
685	8	-0.272728	0.5225812	1.271558
685	9	0.004917554	0.4332198	1.338906
685	10	0.004917554	0.4332198	1.338906
685	11	0.5403451	0.3024562	1.056884
686	1	0.03313471	0.5512754	0.08587793
686	2	1.073746	0.243926	0.06503493
686	3	-0.2062101	0.4992836	1.306407
686	4	-0.2050502	0.4990396	1.305407
686	7	1.073746	0.243926	0.06503493
686	8	-0.2062101	0.4992836	1.306407
686	9	0.303074	0.3568349	1.217221
686	10	0.303074	0.3568349	1.217221
686	11	1.197620	0.1854881	0.2790868
687	1	0.03313471	0.5512754	0.08587793
687	2	1.073746	0.243926	0.06503493
687	3	-0.2062101	0.4992836	1.306407
687	4	-0.2050502	0.4990396	1.305407
687	7	1.073746	0.243926	0.06503493
687	8	-0.2062101	0.4992836	1.306407
687	9	0.303074	0.3568349	1.217221
687	10	0.303074	0.3568349	1.217221
687	11	1.197620	0.1854881	0.2790868
688	1	0.03313471	0.5512754	0.08587793
688	2	1.073746	0.243926	0.06503493
688	3	-0.2062101	0.4992836	1.306407
688	4	-0.2050502	0.4990396	1.305407
688	7	1.073746	0.243926	0.06503493
688	8	-0.2062101	0.4992836	1.306407
688	9	0.303074	0.3568349	1.217221
688	10	0.303074	0.3568349	1.217221
688	11	1.197620	0.1854881	0.2790868
689	1	0.02663506	0.5525039	0.0928574
689	2	1.152680	0.2163895	0.1052999
689	4	-0.2596427	0.5163032	1.295209
689	7	1.152680	0.2163895	0.1052999
689	9	0.03689366	0.4240939	1.33511
689	10	0.03689366	0.4240939	1.33511
689	11	0.5807983	0.2933383	1.028028
690	1	0.05878866	0.5442633	0.07976605
690	4	-0.2092696	0.4962047	1.345934
690	7	1.200793	0.2000216	0.1257159
690	10	0.2192675	0.3749764	1.284413
690	11	1.008412	0.2028515	0.6645941
691	1	-0.3029849	0.5106327	1.479125
691	2	1.106921	0.1676509	0.7231244
691	4	0.0326829	0.5454758	0.1446804
691	5	0.2700033	0.4848176	0.04642584
691	7	1.222816	0.1641000	0.4167862
691	9	0.2174070	0.499333	0.05757833
691	10	0.2174070	0.499333	0.05757833
691	11	0.3230646	0.4696633	0.04023339
692	1	1.137478	0.2105371	0.2080944
692	2	1.137478	0.2105371	0.2080944
692	3	1.137478	0.2105371	0.2080944
692	4	-0.2168068	0.5629056	0.7071693
692	5	1.137478	0.2105371	0.2080944
692	6	1.137478	0.2105371	0.2080944
692	7	1.137478	0.2105371	0.2080944
692	8	1.137478	0.2105371	0.2080944
692	9	1.137478	0.2105371	0.2080944
692	10	1.137478	0.2105371	0.2080944
692	11	1.137478	0.2105371	0.2080944
