1	2	1.047133	0.2499715	0.08355064
1	5	-0.1632202	0.5774137	0.4054889
1	8	0.6064715	0.2834683	1.050180
2	2	1.179023	0.1767201	0.4207763
2	8	-0.1381693	0.5707041	0.3981564
3	2	1.179023	0.1767201	0.4207763
3	8	-0.1381693	0.5707041	0.3981564
4	2	1.179023	0.1767201	0.4207763
4	8	-0.1381693	0.5707041	0.3981564
5	2	1.179023	0.1767201	0.4207763
5	8	-0.1381693	0.5707041	0.3981564
6	2	1.179023	0.1767201	0.4207763
6	8	-0.1381693	0.5707041	0.3981564
7	2	1.179023	0.1767201	0.4207763
7	8	-0.1381693	0.5707041	0.3981564
8	2	1.179023	0.1767201	0.4207763
8	8	-0.1381693	0.5707041	0.3981564
9	2	1.179023	0.1767201	0.4207763
9	8	-0.1381693	0.5707041	0.3981564
10	2	1.179023	0.1767201	0.4207763
10	8	-0.1381693	0.5707041	0.3981564
11	2	1.179023	0.1767201	0.4207763
11	8	-0.1381693	0.5707041	0.3981564
12	2	1.179023	0.1767201	0.4207763
12	8	-0.1381693	0.5707041	0.3981564
13	2	1.179023	0.1767201	0.4207763
13	8	-0.1381693	0.5707041	0.3981564
14	2	1.179023	0.1767201	0.4207763
14	8	-0.1381693	0.5707041	0.3981564
15	2	1.179023	0.1767201	0.4207763
15	8	-0.1381693	0.5707041	0.3981564
16	2	0.708719	0.35609	0.02922374
16	8	-0.2547837	0.5710473	0.7384023
16	14	0.9424887	0.2152241	0.7362537
17	2	0.708719	0.35609	0.02922374
17	8	-0.2547837	0.5710473	0.7384023
17	14	0.9424887	0.2152241	0.7362537
18	2	-0.09956873	0.4652729	1.329181
18	8	-0.1152997	0.5714724	0.3231495
18	14	1.152093	0.2088751	0.1814942
18	15	1.186180	0.2012209	0.1568954
19	2	0.9762177	0.2067160	0.7211708
19	4	-0.2655127	0.5308997	1.167863
19	8	-0.2655127	0.5308997	1.167863
19	14	0.6908893	0.3610517	0.03259744
19	15	0.5862963	0.3937256	0.01703503
19	17	0.6908893	0.3610517	0.03259744
20	2	0.87603	0.2261943	0.8233882
20	4	-0.275881	0.5356375	1.151467
20	8	-0.275881	0.5356375	1.151467
20	14	0.7280107	0.3495783	0.03690214
20	15	0.6179475	0.3841302	0.01884897
20	16	0.7280107	0.3495783	0.03690214
20	17	0.7280107	0.3495783	0.03690214
21	2	0.87603	0.2261943	0.8233882
21	4	-0.275881	0.5356375	1.151467
21	8	-0.275881	0.5356375	1.151467
21	14	0.7280107	0.3495783	0.03690214
21	15	0.6179475	0.3841302	0.01884897
21	16	0.7280107	0.3495783	0.03690214
21	17	0.7280107	0.3495783	0.03690214
22	2	0.6362596	0.2786246	1.010398
22	4	-0.2968998	0.5501983	1.069116
22	7	0.4605364	0.3152968	1.164824
22	8	-0.2968998	0.5501983	1.069116
22	10	0.6774499	0.3648156	0.0349031
22	11	0.6774499	0.3648156	0.0349031
22	12	0.6774499	0.3648156	0.0349031
22	14	0.6774499	0.3648156	0.0349031
22	15	0.6194752	0.3835628	0.01997045
22	16	0.6774499	0.3648156	0.0349031
22	17	0.6774499	0.3648156	0.0349031
22	20	0.6774499	0.3648156	0.0349031
23	2	-0.2296860	0.5159532	1.210399
23	3	-0.2556714	0.5394216	1.054413
23	4	0.8838563	0.2222196	0.8397127
23	6	-0.1215026	0.5651557	0.4040248
23	7	-0.1297343	0.4735278	1.336272
23	8	0.8838563	0.2222196	0.8397127
23	9	-0.1215026	0.5651557	0.4040248
23	10	0.4631342	0.4286643	0.03374991
23	11	0.4631342	0.4286643	0.03374991
23	12	0.4631342	0.4286643	0.03374991
23	14	0.4631342	0.4286643	0.03374991
23	15	0.43646	0.437711	0.02270566
23	16	0.4631342	0.4286643	0.03374991
23	17	0.4631342	0.4286643	0.03374991
23	18	0.4631342	0.4286643	0.03374991
23	19	0.4631342	0.4286643	0.03374991
23	20	0.4631342	0.4286643	0.03374991
24	1	0.07596198	0.4139702	1.320303
24	2	0.07596198	0.4139702	1.320303
24	3	0.2666054	0.3664653	1.229255
24	4	-0.2220194	0.5795142	0.5579474
24	6	1.074797	0.1968928	0.5280148
24	7	-0.1784818	0.492641	1.290521
24	8	-0.2220194	0.5795142	0.5579474
24	9	1.074797	0.1968928	0.5280148
24	10	0.847921	0.3121739	0.05420309
24	11	0.847921	0.3121739	0.05420309
24	12	0.847921	0.3121739	0.05420309
24	13	0.847921	0.3121739	0.05420309
24	14	0.847921	0.3121739	0.05420309
24	15	0.934674	0.2865067	0.05290489
24	16	0.847921	0.3121739	0.05420309
24	17	0.847921	0.3121739	0.05420309
24	18	0.847921	0.3121739	0.05420309
24	19	0.847921	0.3121739	0.05420309
24	20	0.847921	0.3121739	0.05420309
25	1	0.07596198	0.4139702	1.320303
25	2	0.07596198	0.4139702	1.320303
25	3	0.2666054	0.3664653	1.229255
25	4	-0.2220194	0.5795142	0.5579474
25	6	1.074797	0.1968928	0.5280148
25	7	-0.1784818	0.492641	1.290521
25	8	-0.2220194	0.5795142	0.5579474
25	9	1.074797	0.1968928	0.5280148
25	10	0.847921	0.3121739	0.05420309
25	11	0.847921	0.3121739	0.05420309
25	12	0.847921	0.3121739	0.05420309
25	13	0.847921	0.3121739	0.05420309
25	14	0.847921	0.3121739	0.05420309
25	15	0.934674	0.2865067	0.05290489
25	16	0.847921	0.3121739	0.05420309
25	17	0.847921	0.3121739	0.05420309
25	18	0.847921	0.3121739	0.05420309
25	19	0.847921	0.3121739	0.05420309
25	20	0.847921	0.3121739	0.05420309
26	3	0.3634211	0.3411858	1.194461
26	4	-0.2864084	0.5734622	0.8076645
26	6	0.9306282	0.2217085	0.7069472
26	8	-0.2864084	0.5734622	0.8076645
26	9	0.9306282	0.2217085	0.7069472
26	11	0.9463377	0.2804149	0.07890087
26	12	0.9463377	0.2804149	0.07890087
26	13	0.9463377	0.2804149	0.07890087
26	14	0.9463377	0.2804149	0.07890087
26	15	0.8817116	0.3028894	0.04663286
26	16	0.9463377	0.2804149	0.07890087
26	17	0.9463377	0.2804149	0.07890087
26	18	0.9463377	0.2804149	0.07890087
26	19	0.9463377	0.2804149	0.07890087
26	20	0.9463377	0.2804149	0.07890087
27	8	1.282734	0.1338217	0.5402601
27	11	-0.2092732	0.5803958	0.5116497
27	12	-0.2092732	0.5803958	0.5116497
27	13	1.189954	0.1840452	0.3159779
27	14	1.189954	0.1840452	0.3159779
27	15	0.6895051	0.3620855	0.02643156
27	16	1.189954	0.1840452	0.3159779
27	17	1.189954	0.1840452	0.3159779
27	18	-0.1655034	0.5725232	0.4606799
27	20	-0.2092732	0.5803958	0.5116497
32	1	-0.1936874	0.4878857	1.382453
32	2	-0.1936874	0.4878857	1.382453
32	3	-0.1936874	0.4878857	1.382453
32	4	-0.1536645	0.4698345	1.443390
32	5	-0.2029208	0.569123	0.6046379
32	6	-0.1787337	0.4818946	1.397756
32	8	-0.1536645	0.4698345	1.443390
32	9	-0.1787337	0.4818946	1.397756
32	10	1.383699	0.1422563	0.1591465
32	11	0.7360164	0.3502811	0.006345918
32	12	0.7360164	0.3502811	0.006345918
32	13	0.2092581	0.500575	0.06928414
32	14	0.2092581	0.500575	0.06928414
32	15	0.2092581	0.500575	0.06928414
32	16	0.2092581	0.500575	0.06928414
32	17	0.2092581	0.500575	0.06928414
32	18	0.6237243	0.3832666	0.01038383
32	20	0.7360164	0.3502811	0.006345918
33	1	-0.2910967	0.5259979	1.291830
33	2	-0.2910967	0.5259979	1.291830
33	3	-0.2910967	0.5259979	1.291830
33	4	0.0613802	0.4061935	1.440336
33	5	-0.1171114	0.4806292	1.228703
33	6	-0.003858842	0.4274945	1.421504
33	8	0.0613802	0.4061935	1.440336
33	9	-0.003858842	0.4274945	1.421504
33	10	0.6784026	0.3676775	0.003735096
33	11	0.6784026	0.3676775	0.003735096
33	12	0.6784026	0.3676775	0.003735096
33	13	0.6209877	0.3819885	0.03111299
33	14	0.6209877	0.3819885	0.03111299
33	15	0.6209877	0.3819885	0.03111299
33	16	0.6209877	0.3819885	0.03111299
33	17	0.6209877	0.3819885	0.03111299
33	18	0.6674583	0.3700578	0.01239829
33	20	0.6784026	0.3676775	0.003735096
34	4	-0.2280139	0.4895264	1.467350
34	5	-0.1171043	0.4764508	1.270088
34	6	-0.2093409	0.4874412	1.432987
34	8	-0.2280139	0.4895264	1.467350
34	9	-0.2093409	0.4874412	1.432987
34	10	0.7355149	0.3498765	0.01183308
34	11	0.7355149	0.3498765	0.01183308
34	12	0.7355149	0.3498765	0.01183308
34	13	0.7005923	0.3572554	0.0416232
34	14	0.7005923	0.3572554	0.0416232
34	15	0.7005923	0.3572554	0.0416232
34	16	0.7005923	0.3572554	0.0416232
34	17	0.7005923	0.3572554	0.0416232
34	18	0.7242373	0.3523071	0.02098084
34	20	0.7355149	0.3498765	0.01183308
35	1	-0.1236745	0.4721574	1.331995
35	2	-0.1236745	0.4721574	1.331995
35	3	-0.1236745	0.4721574	1.331995
35	4	-0.1962659	0.4801742	1.466468
35	5	-0.08868908	0.4682247	1.267869
35	6	-0.1781898	0.4782868	1.431904
35	8	-0.1962659	0.4801742	1.466468
35	9	-0.1781898	0.4782868	1.431904
35	10	0.7046554	0.3594117	0.008282408
35	11	0.7046554	0.3594117	0.008282408
35	12	0.7046554	0.3594117	0.008282408
35	13	0.6750262	0.3652635	0.0376065
35	14	0.6750262	0.3652635	0.0376065
35	15	0.6750262	0.3652635	0.0376065
35	16	0.6750262	0.3652635	0.0376065
35	17	0.6750262	0.3652635	0.0376065
35	18	0.6951391	0.3613344	0.01727246
35	19	0.6951391	0.3613344	0.01727246
35	20	0.7046554	0.3594117	0.008282408
36	1	-0.1328345	0.4731369	1.349282
36	2	-0.1328345	0.4731369	1.349282
36	3	-0.1328345	0.4731369	1.349282
36	4	-0.1160519	0.4714694	1.31635
36	5	-0.0979908	0.4693144	1.284482
36	6	-0.1878621	0.4793415	1.449956
36	8	-0.1160519	0.4714694	1.31635
36	9	-0.1878621	0.4793415	1.449956
36	10	0.7023983	0.3598504	0.01058665
36	11	0.7023983	0.3598504	0.01058665
36	12	0.7023983	0.3598504	0.01058665
36	13	0.6718297	0.3659224	0.04049726
36	14	0.6718297	0.3659224	0.04049726
36	15	0.6718297	0.3659224	0.04049726
36	16	0.6718297	0.3659224	0.04049726
36	17	0.6718297	0.3659224	0.04049726
36	18	0.6927744	0.3617848	0.01977717
36	19	0.6927744	0.3617848	0.01977717
36	20	0.7023983	0.3598504	0.01058665
37	1	-0.1328345	0.4731369	1.349282
37	2	-0.1328345	0.4731369	1.349282
37	3	-0.1328345	0.4731369	1.349282
37	4	-0.1160519	0.4714694	1.31635
37	5	-0.0979908	0.4693144	1.284482
37	6	-0.1878621	0.4793415	1.449956
37	8	-0.1160519	0.4714694	1.31635
37	9	-0.1878621	0.4793415	1.449956
37	10	0.7023983	0.3598504	0.01058665
37	11	0.7023983	0.3598504	0.01058665
37	12	0.7023983	0.3598504	0.01058665
37	13	0.6718297	0.3659224	0.04049726
37	14	0.6718297	0.3659224	0.04049726
37	15	0.6718297	0.3659224	0.04049726
37	16	0.6718297	0.3659224	0.04049726
37	17	0.6718297	0.3659224	0.04049726
37	18	0.6927744	0.3617848	0.01977717
37	19	0.6927744	0.3617848	0.01977717
37	20	0.7023983	0.3598504	0.01058665
38	3	0.5833811	0.2860361	1.092778
38	4	0.5785452	0.289603	1.071683
38	5	0.575887	0.2926587	1.049236
38	6	0.5922117	0.276459	1.161661
38	8	0.5785452	0.289603	1.071683
38	9	0.5922117	0.276459	1.161661
38	10	0.1679405	0.5142502	0.05552694
38	11	0.1679405	0.5142502	0.05552694
38	12	0.1679405	0.5142502	0.05552694
38	13	0.5691145	0.2990241	1.006115
38	14	0.5691145	0.2990241	1.006115
38	15	0.5691145	0.2990241	1.006115
38	16	0.5691145	0.2990241	1.006115
38	17	0.5691145	0.2990241	1.006115
38	18	0.1801957	0.509536	0.06612831
38	19	0.1801957	0.509536	0.06612831
38	20	0.1679405	0.5142502	0.05552694
39	1	-0.1492321	0.47504	1.378744
39	2	-0.1492321	0.47504	1.378744
39	3	-0.1317721	0.4732001	1.345525
39	4	-0.1131003	0.4708942	1.313352
39	5	-0.0961049	0.4690892	1.281156
39	6	-0.1858492	0.4791055	1.446362
39	8	-0.1131003	0.4708942	1.313352
39	9	-0.1858492	0.4791055	1.446362
39	10	0.7028264	0.3597701	0.01012024
39	11	0.7028264	0.3597701	0.01012024
39	12	0.7028264	0.3597701	0.01012024
39	13	0.6727239	0.3657136	0.03993099
39	14	0.6727239	0.3657136	0.03993099
39	15	0.6727239	0.3657136	0.03993099
39	16	0.6727239	0.3657136	0.03993099
39	17	0.6727239	0.3657136	0.03993099
39	18	0.693226	0.3617016	0.01927052
39	19	0.693226	0.3617016	0.01927052
39	20	0.7028264	0.3597701	0.01012024
40	1	0.1910426	0.3852343	1.265937
40	2	0.1910426	0.3852343	1.265937
40	3	0.197932	0.3861721	1.236341
40	4	0.2173546	0.3838219	1.202395
40	5	0.4164944	0.4420785	0.0382615
40	6	0.1720818	0.3845836	1.328259
40	8	0.2173546	0.3838219	1.202395
40	9	0.1720818	0.3845836	1.328259
40	13	0.4130856	0.4441904	0.02737921
40	14	0.4130856	0.4441904	0.02737921
40	15	0.4130856	0.4441904	0.02737921
40	16	0.4130856	0.4441904	0.02737921
40	17	0.4130856	0.4441904	0.02737921
41	1	1.120904	0.1941041	0.4197782
41	2	1.120904	0.1941041	0.4197782
41	3	1.120904	0.1941041	0.4197782
41	4	1.120904	0.1941041	0.4197782
41	5	1.120904	0.1941041	0.4197782
41	6	1.120904	0.1941041	0.4197782
41	7	1.120904	0.1941041	0.4197782
41	8	1.120904	0.1941041	0.4197782
41	9	1.120904	0.1941041	0.4197782
41	10	1.120904	0.1941041	0.4197782
41	11	1.120904	0.1941041	0.4197782
41	12	1.120904	0.1941041	0.4197782
41	13	1.120904	0.1941041	0.4197782
41	14	1.120904	0.1941041	0.4197782
41	15	1.120904	0.1941041	0.4197782
41	16	1.120904	0.1941041	0.4197782
41	17	1.120904	0.1941041	0.4197782
41	18	1.120904	0.1941041	0.4197782
41	19	1.120904	0.1941041	0.4197782
41	20	1.120904	0.1941041	0.4197782
42	1	1.120904	0.1941041	0.4197782
42	2	1.120904	0.1941041	0.4197782
42	3	1.120904	0.1941041	0.4197782
42	4	1.120904	0.1941041	0.4197782
42	5	1.120904	0.1941041	0.4197782
42	6	1.120904	0.1941041	0.4197782
42	7	1.120904	0.1941041	0.4197782
42	8	1.120904	0.1941041	0.4197782
42	9	1.120904	0.1941041	0.4197782
42	10	1.120904	0.1941041	0.4197782
42	11	1.120904	0.1941041	0.4197782
42	12	1.120904	0.1941041	0.4197782
42	13	1.120904	0.1941041	0.4197782
42	14	1.120904	0.1941041	0.4197782
42	15	1.120904	0.1941041	0.4197782
42	16	1.120904	0.1941041	0.4197782
42	17	1.120904	0.1941041	0.4197782
42	18	1.120904	0.1941041	0.4197782
42	19	1.120904	0.1941041	0.4197782
42	20	1.120904	0.1941041	0.4197782
43	1	1.120904	0.1941041	0.4197782
43	2	1.120904	0.1941041	0.4197782
43	3	1.120904	0.1941041	0.4197782
43	4	1.120904	0.1941041	0.4197782
43	5	1.120904	0.1941041	0.4197782
43	6	1.120904	0.1941041	0.4197782
43	7	1.120904	0.1941041	0.4197782
43	8	1.120904	0.1941041	0.4197782
43	9	1.120904	0.1941041	0.4197782
43	10	1.120904	0.1941041	0.4197782
43	11	1.120904	0.1941041	0.4197782
43	12	1.120904	0.1941041	0.4197782
43	13	1.120904	0.1941041	0.4197782
43	14	1.120904	0.1941041	0.4197782
43	15	1.120904	0.1941041	0.4197782
43	16	1.120904	0.1941041	0.4197782
43	17	1.120904	0.1941041	0.4197782
43	18	1.120904	0.1941041	0.4197782
43	19	1.120904	0.1941041	0.4197782
43	20	1.120904	0.1941041	0.4197782
44	1	1.120904	0.1941041	0.4197782
44	2	1.120904	0.1941041	0.4197782
44	3	1.120904	0.1941041	0.4197782
44	4	1.120904	0.1941041	0.4197782
44	5	1.120904	0.1941041	0.4197782
44	6	1.120904	0.1941041	0.4197782
44	7	1.120904	0.1941041	0.4197782
44	8	1.120904	0.1941041	0.4197782
44	9	1.120904	0.1941041	0.4197782
44	10	1.120904	0.1941041	0.4197782
44	11	1.120904	0.1941041	0.4197782
44	12	1.120904	0.1941041	0.4197782
44	13	1.120904	0.1941041	0.4197782
44	14	1.120904	0.1941041	0.4197782
44	15	1.120904	0.1941041	0.4197782
44	16	1.120904	0.1941041	0.4197782
44	17	1.120904	0.1941041	0.4197782
44	18	1.120904	0.1941041	0.4197782
44	19	1.120904	0.1941041	0.4197782
44	20	1.120904	0.1941041	0.4197782
45	1	1.120904	0.1941041	0.4197782
45	2	1.120904	0.1941041	0.4197782
45	3	1.120904	0.1941041	0.4197782
45	4	1.120904	0.1941041	0.4197782
45	5	1.120904	0.1941041	0.4197782
45	6	1.120904	0.1941041	0.4197782
45	7	1.120904	0.1941041	0.4197782
45	8	1.120904	0.1941041	0.4197782
45	9	1.120904	0.1941041	0.4197782
45	10	1.120904	0.1941041	0.4197782
45	11	1.120904	0.1941041	0.4197782
45	12	1.120904	0.1941041	0.4197782
45	13	1.120904	0.1941041	0.4197782
45	14	1.120904	0.1941041	0.4197782
45	15	1.120904	0.1941041	0.4197782
45	16	1.120904	0.1941041	0.4197782
45	17	1.120904	0.1941041	0.4197782
45	18	1.120904	0.1941041	0.4197782
45	19	1.120904	0.1941041	0.4197782
45	20	1.120904	0.1941041	0.4197782
46	1	-0.1161939	0.4668516	1.362528
46	2	-0.1161939	0.4668516	1.362528
46	3	-0.1161939	0.4668516	1.362528
46	4	-0.1161939	0.4668516	1.362528
46	5	-0.2444494	0.4802386	1.607821
46	6	-0.1161939	0.4668516	1.362528
46	7	-0.1161939	0.4668516	1.362528
46	8	-0.1161939	0.4668516	1.362528
46	9	-0.1161939	0.4668516	1.362528
46	10	0.6664574	0.3696477	0.01941199
46	11	0.6685609	0.3692632	0.01702335
46	12	0.6685609	0.3692632	0.01702335
46	13	0.6664574	0.3696477	0.01941199
46	14	0.6664574	0.3696477	0.01941199
46	15	0.6664574	0.3696477	0.01941199
46	16	0.6664574	0.3696477	0.01941199
46	17	0.6664574	0.3696477	0.01941199
46	18	0.6664574	0.3696477	0.01941199
46	19	0.6664574	0.3696477	0.01941199
46	20	0.6664574	0.3696477	0.01941199
47	1	-0.09683069	0.4614073	1.359418
47	2	-0.0968307	0.4614074	1.359418
47	3	-0.09683069	0.4614073	1.359418
47	4	-0.09683069	0.4614073	1.359418
47	5	-0.2222791	0.4739256	1.605046
47	6	-0.09683069	0.4614073	1.359418
47	7	-0.09683069	0.4614073	1.359418
47	8	-0.09683069	0.4614073	1.359418
47	9	-0.09683069	0.4614073	1.359418
47	10	0.648829	0.3750719	0.01760872
47	11	0.6506782	0.3747611	0.01524002
47	12	0.6506782	0.3747611	0.01524002
47	13	0.648829	0.3750720	0.01760872
47	14	0.648829	0.3750720	0.01760872
47	15	0.648829	0.3750720	0.01760872
47	16	0.648829	0.3750720	0.01760872
47	18	0.648829	0.3750720	0.01760872
47	19	0.648829	0.3750720	0.01760872
47	20	0.648829	0.3750720	0.01760872
48	1	-0.09393254	0.4614533	1.350423
48	2	-0.09393254	0.4614533	1.350423
48	3	-0.09393254	0.4614533	1.350423
48	4	-0.09393254	0.4614533	1.350423
48	5	-0.3283647	0.5106537	1.553708
48	6	-0.09393254	0.4614533	1.350423
48	7	-0.09393254	0.4614533	1.350423
48	8	-0.09393254	0.4614533	1.350423
48	9	-0.09393254	0.4614533	1.350423
48	10	0.4026397	0.4481642	0.01878331
48	11	1.297493	0.1619975	0.2175577
48	12	1.297493	0.1619975	0.2175577
48	13	0.5443246	0.4064788	0.01434097
48	14	0.5443246	0.4064788	0.01434097
48	15	0.5443246	0.4064788	0.01434097
48	16	0.5443246	0.4064788	0.01434097
48	17	0.4026397	0.4481642	0.01878331
48	18	0.4026397	0.4481642	0.01878331
48	20	0.4026397	0.4481642	0.01878331
49	11	-0.3021740	0.5786986	0.8022338
49	12	-0.3021740	0.5786986	0.8022338
49	13	1.144522	0.2105651	0.1870595
49	14	1.144522	0.2105651	0.1870595
49	15	1.144522	0.2105651	0.1870595
49	16	1.144522	0.2105651	0.1870595
49	17	1.165168	0.2050479	0.18089
49	18	1.165168	0.2050479	0.18089
49	19	1.165168	0.2050479	0.18089
49	20	1.165168	0.2050479	0.18089
50	11	-0.3021740	0.5786986	0.8022338
50	12	-0.3021740	0.5786986	0.8022338
50	13	1.144522	0.2105651	0.1870595
50	14	1.144522	0.2105651	0.1870595
50	15	1.144522	0.2105651	0.1870595
50	16	1.144522	0.2105651	0.1870595
50	17	1.165168	0.2050479	0.18089
50	18	1.165168	0.2050479	0.18089
50	19	1.165168	0.2050479	0.18089
50	20	1.165168	0.2050479	0.18089
51	11	1.120904	0.1941041	0.4197782
51	12	1.120904	0.1941041	0.4197782
52	11	1.120904	0.1941041	0.4197782
52	12	1.120904	0.1941041	0.4197782
53	11	1.120904	0.1941041	0.4197782
53	12	1.120904	0.1941041	0.4197782
54	11	1.120904	0.1941041	0.4197782
54	12	1.120904	0.1941041	0.4197782
55	11	1.120904	0.1941041	0.4197782
55	12	1.120904	0.1941041	0.4197782
57	1	-0.1960096	0.497635	1.292685
57	2	-0.1960096	0.497635	1.292685
57	3	-0.1960096	0.497635	1.292685
57	4	-0.2395501	0.5070487	1.327707
57	6	-0.2116618	0.5012112	1.303372
57	7	0.01467450	0.4375227	1.267514
57	8	-0.2395501	0.5070487	1.327707
57	9	-0.2116618	0.5012112	1.303372
57	11	1.261853	0.183938	0.1051645
57	12	1.261853	0.183938	0.1051645
57	13	0.3846647	0.4524144	0.02963518
57	14	0.3846647	0.4524144	0.02963518
57	15	0.3846647	0.4524144	0.02963518
57	16	0.3846647	0.4524144	0.02963518
57	17	0.4147387	0.4431185	0.03312968
57	18	0.4147387	0.4431185	0.03312968
57	19	0.4147387	0.4431185	0.03312968
57	20	0.4147387	0.4431185	0.03312968
58	1	-0.1826160	0.4921873	1.307200
58	2	-0.1826160	0.4921873	1.307200
58	3	-0.1922140	0.49534	1.304243
58	4	-0.2962197	0.5405594	1.162629
58	6	-0.2017560	0.4970648	1.315269
58	7	0.05747613	0.4243295	1.272122
58	8	-0.2962197	0.5405594	1.162629
58	9	-0.2017560	0.4970648	1.315269
58	10	0.4391803	0.4358735	0.03289865
58	11	1.284251	0.1757207	0.1205881
58	12	1.284251	0.1757207	0.1205881
58	13	0.4105957	0.4448113	0.02856347
58	14	0.4105957	0.4448113	0.02856347
58	15	0.4105957	0.4448113	0.02856347
58	16	0.4105957	0.4448113	0.02856347
58	17	0.4391803	0.4358735	0.03289865
58	18	0.4391803	0.4358735	0.03289865
58	19	0.4391803	0.4358735	0.03289865
58	20	0.4391803	0.4358735	0.03289865
59	1	-0.1948489	0.4974313	1.291283
59	2	-0.1948489	0.4974313	1.291283
59	3	-0.1929111	0.4957879	1.301858
59	4	-0.2851467	0.5321673	1.21316
59	6	-0.2149504	0.5030147	1.29519
59	7	0.067527	0.4213489	1.27204
59	8	-0.2851467	0.5321673	1.21316
59	9	-0.2149504	0.5030147	1.29519
59	10	0.4366763	0.4365842	0.03323488
59	11	1.283799	0.1758971	0.1201733
59	12	1.283799	0.1758971	0.1201733
59	13	0.403217	0.4469448	0.02916602
59	14	0.403217	0.4469448	0.02916602
59	15	0.403217	0.4469448	0.02916602
59	16	0.403217	0.4469448	0.02916602
59	17	0.4366763	0.4365842	0.03323488
59	18	0.4366763	0.4365842	0.03323488
59	19	0.4366763	0.4365842	0.03323488
59	20	0.4366763	0.4365842	0.03323488
60	1	-0.04002165	0.4337332	1.466248
60	2	-0.04002165	0.4337332	1.466248
60	3	-0.1437581	0.4649591	1.46251
60	4	-0.3675147	0.5459206	1.319598
60	6	-0.04916832	0.434732	1.483304
60	7	-0.08214155	0.4546654	1.382941
60	8	-0.3675147	0.5459206	1.319598
60	9	-0.04916832	0.434732	1.483304
60	10	0.6878542	0.363761	0.0146932
60	11	0.6916027	0.3625746	0.01540355
60	12	0.6916027	0.3625746	0.01540355
60	13	0.688534	0.3635389	0.01489144
60	14	0.688534	0.3635389	0.01489144
60	15	0.688534	0.3635389	0.01489144
60	16	0.688534	0.3635389	0.01489144
60	17	0.6878542	0.363761	0.0146932
60	18	0.6878542	0.363761	0.0146932
60	19	0.6878542	0.363761	0.0146932
60	20	0.6878542	0.363761	0.0146932
61	1	-0.2614636	0.5058432	1.404229
61	2	-0.2614636	0.5058432	1.404229
61	3	-0.1886607	0.479538	1.450362
61	4	0.1502142	0.3773843	1.464041
61	6	-0.2699995	0.5067003	1.420889
61	7	-0.1615295	0.4803836	1.362031
61	8	0.1502142	0.3773843	1.464041
61	9	-0.2699995	0.5067003	1.420889
61	10	0.6557597	0.3734483	0.01327453
61	11	0.6557597	0.3734483	0.01327453
61	12	0.6557597	0.3734483	0.01327453
61	13	0.6557597	0.3734483	0.01327453
61	14	0.6557597	0.3734483	0.01327453
61	15	0.6557597	0.3734483	0.01327453
61	16	0.6557597	0.3734483	0.01327453
61	17	0.6557597	0.3734483	0.01327453
61	18	0.6557597	0.3734483	0.01327453
61	19	0.6557597	0.3734483	0.01327453
61	20	0.6557597	0.3734483	0.01327453
62	1	-0.1619559	0.4668595	1.497305
62	2	-0.1619559	0.4668595	1.497305
62	3	-0.1681484	0.4688979	1.495354
62	6	-0.3227836	0.5235057	1.409903
62	7	-0.2006737	0.4903126	1.378991
62	9	-0.3227836	0.5235057	1.409903
62	10	0.7330451	0.3495518	0.02232841
62	11	0.7330451	0.3495518	0.02232841
62	12	0.7330451	0.3495518	0.02232841
62	13	0.7330451	0.3495518	0.02232841
62	14	0.7330451	0.3495518	0.02232841
62	15	0.7330451	0.3495518	0.02232841
62	16	0.7330451	0.3495518	0.02232841
62	17	0.7330451	0.3495518	0.02232841
62	18	0.7330451	0.3495518	0.02232841
62	19	0.7330451	0.3495518	0.02232841
62	20	0.7330451	0.3495518	0.02232841
63	1	-0.3175092	0.5139081	1.489468
63	2	-0.3175092	0.5139081	1.489468
63	7	-0.2667573	0.5071374	1.407004
63	10	0.7839527	0.3329530	0.03679815
63	11	0.7839527	0.3329530	0.03679815
63	12	0.7839527	0.3329530	0.03679815
63	13	0.7839527	0.3329530	0.03679815
63	14	0.7839527	0.3329530	0.03679815
63	15	0.7839527	0.3329530	0.03679815
63	16	0.7839527	0.3329530	0.03679815
63	17	0.7839527	0.3329530	0.03679815
63	18	0.7839527	0.3329530	0.03679815
63	19	0.7839527	0.3329530	0.03679815
63	20	0.7839527	0.3329530	0.03679815
64	1	-0.221485	0.4888143	1.455167
64	2	-0.221485	0.4888143	1.455167
64	4	-0.2750893	0.5036108	1.466504
64	6	-0.2130737	0.4814757	1.503102
64	7	0.06648417	0.3993138	1.493470
64	8	-0.2750893	0.5036108	1.466504
64	9	-0.2130737	0.4814757	1.503102
64	10	0.6898068	0.3631886	0.01461102
64	11	0.6898068	0.3631886	0.01461102
64	12	0.6898068	0.3631886	0.01461102
64	13	0.6898068	0.3631886	0.01461102
64	14	0.6898068	0.3631886	0.01461102
64	15	0.6898068	0.3631886	0.01461102
64	16	0.6898068	0.3631886	0.01461102
64	17	0.6898068	0.3631886	0.01461102
64	18	0.6898068	0.3631886	0.01461102
64	19	0.6898068	0.3631886	0.01461102
64	20	0.6898068	0.3631886	0.01461102
65	1	-0.1955789	0.4815309	1.451
65	2	-0.1955789	0.4815309	1.451
65	3	-0.1955789	0.4815309	1.451
65	4	-0.2514806	0.4966859	1.465555
65	6	-0.1832677	0.473235	1.496929
65	7	0.1233366	0.3855903	1.461928
65	8	-0.2514806	0.4966859	1.465555
65	9	-0.1832677	0.473235	1.496929
65	10	0.6694884	0.3695182	0.01176393
65	11	0.6694884	0.3695182	0.01176393
65	12	0.6694884	0.3695182	0.01176393
65	13	0.6694884	0.3695182	0.01176393
65	14	0.6694884	0.3695182	0.01176393
65	15	0.6694884	0.3695182	0.01176393
65	16	0.6694884	0.3695182	0.01176393
65	17	0.6694884	0.3695182	0.01176393
65	18	0.6694884	0.3695182	0.01176393
65	19	0.6694884	0.3695182	0.01176393
65	20	0.6694884	0.3695182	0.01176393
66	1	-0.1955789	0.4815309	1.451
66	2	-0.1955789	0.4815309	1.451
66	3	-0.1955789	0.4815309	1.451
66	4	-0.2514806	0.4966859	1.465555
66	6	-0.1832677	0.473235	1.496929
66	7	0.1233366	0.3855903	1.461928
66	8	-0.2514806	0.4966859	1.465555
66	9	-0.1832677	0.473235	1.496929
66	10	0.6694884	0.3695182	0.01176393
66	11	0.6694884	0.3695182	0.01176393
66	12	0.6694884	0.3695182	0.01176393
66	13	0.6694884	0.3695182	0.01176393
66	14	0.6694884	0.3695182	0.01176393
66	15	0.6694884	0.3695182	0.01176393
66	16	0.6694884	0.3695182	0.01176393
66	17	0.6694884	0.3695182	0.01176393
66	18	0.6694884	0.3695182	0.01176393
66	19	0.6694884	0.3695182	0.01176393
66	20	0.6694884	0.3695182	0.01176393
67	1	-0.1955789	0.4815309	1.451
67	2	-0.1955789	0.4815309	1.451
67	3	-0.1955789	0.4815309	1.451
67	4	-0.2514806	0.4966859	1.465555
67	6	-0.1832677	0.473235	1.496929
67	7	0.1233366	0.3855903	1.461928
67	8	-0.2514806	0.4966859	1.465555
67	9	-0.1832677	0.473235	1.496929
67	10	0.6694884	0.3695182	0.01176393
67	11	0.6694884	0.3695182	0.01176393
67	12	0.6694884	0.3695182	0.01176393
67	13	0.6694884	0.3695182	0.01176393
67	14	0.6694884	0.3695182	0.01176393
67	15	0.6694884	0.3695182	0.01176393
67	16	0.6694884	0.3695182	0.01176393
67	17	0.6694884	0.3695182	0.01176393
67	18	0.6694884	0.3695182	0.01176393
67	19	0.6694884	0.3695182	0.01176393
67	20	0.6694884	0.3695182	0.01176393
68	1	-0.08562	0.4482746	1.456521
68	2	-0.08562	0.4482746	1.456521
68	3	-0.08562	0.4482746	1.456521
68	4	-0.09735002	0.4483086	1.490751
68	5	-0.4171811	0.5746356	1.181406
68	6	-0.09398706	0.4471338	1.492482
68	7	-0.1684174	0.4715197	1.470165
68	8	-0.09735002	0.4483086	1.490751
68	9	-0.09398706	0.4471338	1.492482
68	10	0.6764954	0.3676047	0.01007715
68	11	0.6764954	0.3676047	0.01007715
68	12	0.6764954	0.3676047	0.01007715
68	13	0.6764954	0.3676047	0.01007715
68	14	0.6764954	0.3676047	0.01007715
68	15	0.6764954	0.3676047	0.01007715
68	16	0.6764954	0.3676047	0.01007715
68	17	0.6764954	0.3676047	0.01007715
68	18	0.6764954	0.3676047	0.01007715
68	19	0.6764954	0.3676047	0.01007715
68	20	0.6764954	0.3676047	0.01007715
69	1	-0.08562	0.4482746	1.456521
69	2	-0.08562	0.4482746	1.456521
69	3	-0.08562	0.4482746	1.456521
69	4	-0.09735002	0.4483086	1.490751
69	5	-0.4171811	0.5746356	1.181406
69	6	-0.09398706	0.4471338	1.492482
69	7	-0.1684174	0.4715197	1.470165
69	8	-0.09735002	0.4483086	1.490751
69	9	-0.09398706	0.4471338	1.492482
69	10	0.6764954	0.3676047	0.01007715
69	11	0.6764954	0.3676047	0.01007715
69	12	0.6764954	0.3676047	0.01007715
69	13	0.6764954	0.3676047	0.01007715
69	14	0.6764954	0.3676047	0.01007715
69	15	0.6764954	0.3676047	0.01007715
69	16	0.6764954	0.3676047	0.01007715
69	17	0.6764954	0.3676047	0.01007715
69	18	0.6764954	0.3676047	0.01007715
69	19	0.6764954	0.3676047	0.01007715
69	20	0.6764954	0.3676047	0.01007715
70	1	-0.08562	0.4482746	1.456521
70	2	-0.08562	0.4482746	1.456521
70	3	-0.08562	0.4482746	1.456521
70	4	-0.09735002	0.4483086	1.490751
70	5	-0.4171811	0.5746356	1.181406
70	6	-0.09398706	0.4471338	1.492482
70	7	-0.1684174	0.4715197	1.470165
70	8	-0.09735002	0.4483086	1.490751
70	9	-0.09398706	0.4471338	1.492482
70	10	0.6764954	0.3676047	0.01007715
70	11	0.6764954	0.3676047	0.01007715
70	12	0.6764954	0.3676047	0.01007715
70	13	0.6764954	0.3676047	0.01007715
70	14	0.6764954	0.3676047	0.01007715
70	15	0.6764954	0.3676047	0.01007715
70	16	0.6764954	0.3676047	0.01007715
70	17	0.6764954	0.3676047	0.01007715
70	18	0.6764954	0.3676047	0.01007715
70	19	0.6764954	0.3676047	0.01007715
70	20	0.6764954	0.3676047	0.01007715
71	1	-0.0857938	0.4483446	1.456339
71	2	-0.0857938	0.4483446	1.456339
71	3	-0.0857938	0.4483446	1.456339
71	4	-0.1017375	0.4497104	1.489789
71	5	-0.4172369	0.5745747	1.182174
71	6	-0.09813448	0.4484314	1.491846
71	7	-0.1518950	0.465998	1.476193
71	8	-0.1017375	0.4497104	1.489789
71	9	-0.09813448	0.4484314	1.491846
71	10	0.6765007	0.3676021	0.01008665
71	11	0.6765007	0.3676021	0.01008665
71	12	0.6765007	0.3676021	0.01008665
71	13	0.6765007	0.3676021	0.01008665
71	14	0.6765007	0.3676021	0.01008665
71	15	0.6765007	0.3676021	0.01008665
71	16	0.6765007	0.3676021	0.01008665
71	17	0.6765007	0.3676021	0.01008665
71	18	0.6765007	0.3676021	0.01008665
71	19	0.6765007	0.3676021	0.01008665
71	20	0.6765007	0.3676021	0.01008665
72	10	1.120904	0.1941041	0.4197782
72	11	1.120904	0.1941041	0.4197782
72	12	1.120904	0.1941041	0.4197782
72	13	1.120904	0.1941041	0.4197782
72	14	1.120904	0.1941041	0.4197782
72	15	1.120904	0.1941041	0.4197782
72	16	1.120904	0.1941041	0.4197782
72	17	1.120904	0.1941041	0.4197782
72	18	1.120904	0.1941041	0.4197782
72	19	1.120904	0.1941041	0.4197782
72	20	1.120904	0.1941041	0.4197782
73	10	1.120904	0.1941041	0.4197782
73	11	1.120904	0.1941041	0.4197782
73	12	1.120904	0.1941041	0.4197782
73	13	1.120904	0.1941041	0.4197782
73	14	1.120904	0.1941041	0.4197782
73	15	1.120904	0.1941041	0.4197782
73	16	1.120904	0.1941041	0.4197782
73	17	1.120904	0.1941041	0.4197782
73	18	1.120904	0.1941041	0.4197782
73	19	1.120904	0.1941041	0.4197782
73	20	1.120904	0.1941041	0.4197782
74	10	1.120904	0.1941041	0.4197782
74	11	1.120904	0.1941041	0.4197782
74	12	1.120904	0.1941041	0.4197782
74	13	1.120904	0.1941041	0.4197782
74	14	1.120904	0.1941041	0.4197782
74	15	1.120904	0.1941041	0.4197782
74	16	1.120904	0.1941041	0.4197782
74	17	1.120904	0.1941041	0.4197782
74	18	1.120904	0.1941041	0.4197782
74	19	1.120904	0.1941041	0.4197782
74	20	1.120904	0.1941041	0.4197782
75	10	1.120904	0.1941041	0.4197782
75	11	1.120904	0.1941041	0.4197782
75	12	1.120904	0.1941041	0.4197782
75	13	1.120904	0.1941041	0.4197782
75	14	1.120904	0.1941041	0.4197782
75	15	1.120904	0.1941041	0.4197782
75	16	1.120904	0.1941041	0.4197782
75	17	1.120904	0.1941041	0.4197782
75	18	1.120904	0.1941041	0.4197782
75	19	1.120904	0.1941041	0.4197782
75	20	1.120904	0.1941041	0.4197782
76	10	1.120904	0.1941041	0.4197782
76	11	1.120904	0.1941041	0.4197782
76	12	1.120904	0.1941041	0.4197782
76	13	1.120904	0.1941041	0.4197782
76	14	1.120904	0.1941041	0.4197782
76	15	1.120904	0.1941041	0.4197782
76	16	1.120904	0.1941041	0.4197782
76	17	1.120904	0.1941041	0.4197782
76	18	1.120904	0.1941041	0.4197782
76	19	1.120904	0.1941041	0.4197782
76	20	1.120904	0.1941041	0.4197782
77	10	1.120904	0.1941041	0.4197782
77	11	1.120904	0.1941041	0.4197782
77	12	1.120904	0.1941041	0.4197782
77	13	1.120904	0.1941041	0.4197782
77	14	1.120904	0.1941041	0.4197782
77	15	1.120904	0.1941041	0.4197782
77	16	1.120904	0.1941041	0.4197782
77	17	1.120904	0.1941041	0.4197782
77	18	1.120904	0.1941041	0.4197782
77	19	1.120904	0.1941041	0.4197782
77	20	1.120904	0.1941041	0.4197782
78	10	1.120904	0.1941041	0.4197782
78	11	1.120904	0.1941041	0.4197782
78	12	1.120904	0.1941041	0.4197782
78	13	1.120904	0.1941041	0.4197782
78	14	1.120904	0.1941041	0.4197782
78	15	1.120904	0.1941041	0.4197782
78	16	1.120904	0.1941041	0.4197782
78	17	1.120904	0.1941041	0.4197782
78	18	1.120904	0.1941041	0.4197782
78	19	1.120904	0.1941041	0.4197782
78	20	1.120904	0.1941041	0.4197782
79	10	1.120904	0.1941041	0.4197782
79	11	1.120904	0.1941041	0.4197782
79	12	1.120904	0.1941041	0.4197782
79	13	1.120904	0.1941041	0.4197782
79	14	1.120904	0.1941041	0.4197782
79	15	1.120904	0.1941041	0.4197782
79	16	1.120904	0.1941041	0.4197782
79	17	1.120904	0.1941041	0.4197782
79	18	1.120904	0.1941041	0.4197782
79	19	1.120904	0.1941041	0.4197782
79	20	1.120904	0.1941041	0.4197782
80	10	1.120904	0.1941041	0.4197782
80	11	1.120904	0.1941041	0.4197782
80	12	1.120904	0.1941041	0.4197782
80	13	1.120904	0.1941041	0.4197782
80	14	1.120904	0.1941041	0.4197782
80	15	1.120904	0.1941041	0.4197782
80	16	1.120904	0.1941041	0.4197782
80	17	1.120904	0.1941041	0.4197782
80	18	1.120904	0.1941041	0.4197782
80	19	1.120904	0.1941041	0.4197782
80	20	1.120904	0.1941041	0.4197782
81	10	1.120904	0.1941041	0.4197782
81	11	1.120904	0.1941041	0.4197782
81	12	1.120904	0.1941041	0.4197782
81	13	1.120904	0.1941041	0.4197782
81	14	1.120904	0.1941041	0.4197782
81	15	1.120904	0.1941041	0.4197782
81	16	1.120904	0.1941041	0.4197782
81	17	1.120904	0.1941041	0.4197782
81	18	1.120904	0.1941041	0.4197782
81	19	1.120904	0.1941041	0.4197782
81	20	1.120904	0.1941041	0.4197782
82	10	1.120904	0.1941041	0.4197782
82	11	1.120904	0.1941041	0.4197782
82	12	1.120904	0.1941041	0.4197782
82	13	1.120904	0.1941041	0.4197782
82	14	1.120904	0.1941041	0.4197782
82	15	1.120904	0.1941041	0.4197782
82	16	1.120904	0.1941041	0.4197782
82	17	1.120904	0.1941041	0.4197782
82	18	1.120904	0.1941041	0.4197782
82	19	1.120904	0.1941041	0.4197782
82	20	1.120904	0.1941041	0.4197782
83	10	1.120904	0.1941041	0.4197782
83	11	1.120904	0.1941041	0.4197782
83	12	1.120904	0.1941041	0.4197782
83	13	1.120904	0.1941041	0.4197782
83	14	1.120904	0.1941041	0.4197782
83	15	1.120904	0.1941041	0.4197782
83	16	1.120904	0.1941041	0.4197782
83	17	1.120904	0.1941041	0.4197782
83	18	1.120904	0.1941041	0.4197782
83	19	1.120904	0.1941041	0.4197782
83	20	1.120904	0.1941041	0.4197782
84	11	1.120904	0.1941041	0.4197782
84	12	1.120904	0.1941041	0.4197782
85	11	1.120904	0.1941041	0.4197782
85	12	1.120904	0.1941041	0.4197782
86	11	1.120904	0.1941041	0.4197782
86	12	1.120904	0.1941041	0.4197782
87	11	1.120904	0.1941041	0.4197782
87	12	1.120904	0.1941041	0.4197782
88	11	1.120904	0.1941041	0.4197782
88	12	1.120904	0.1941041	0.4197782
89	10	-0.2289951	0.5855783	0.5184115
89	11	0.975866	0.2066288	0.723071
89	12	0.975866	0.2066288	0.723071
89	13	1.093063	0.2310411	0.1357933
89	14	1.093063	0.2310411	0.1357933
89	15	1.093063	0.2310411	0.1357933
89	16	1.093063	0.2310411	0.1357933
89	17	1.093063	0.2310411	0.1357933
89	18	1.093063	0.2310411	0.1357933
89	19	1.093063	0.2310411	0.1357933
89	20	-0.2289951	0.5855783	0.5184115
90	10	-0.2289951	0.5855783	0.5184115
90	11	0.975866	0.2066288	0.723071
90	12	0.975866	0.2066288	0.723071
90	13	1.093063	0.2310411	0.1357933
90	14	1.093063	0.2310411	0.1357933
90	15	1.093063	0.2310411	0.1357933
90	16	1.093063	0.2310411	0.1357933
90	17	1.093063	0.2310411	0.1357933
90	18	1.093063	0.2310411	0.1357933
90	19	1.093063	0.2310411	0.1357933
90	20	-0.2289951	0.5855783	0.5184115
91	10	-0.2289951	0.5855783	0.5184115
91	11	0.975866	0.2066288	0.723071
91	12	0.975866	0.2066288	0.723071
91	13	1.093063	0.2310411	0.1357933
91	14	1.093063	0.2310411	0.1357933
91	15	1.093063	0.2310411	0.1357933
91	16	1.093063	0.2310411	0.1357933
91	17	1.093063	0.2310411	0.1357933
91	18	1.093063	0.2310411	0.1357933
91	19	1.093063	0.2310411	0.1357933
91	20	-0.2289951	0.5855783	0.5184115
92	10	-0.2289951	0.5855783	0.5184115
92	11	0.975866	0.2066288	0.723071
92	12	0.975866	0.2066288	0.723071
92	13	1.093063	0.2310411	0.1357933
92	14	1.093063	0.2310411	0.1357933
92	15	1.093063	0.2310411	0.1357933
92	16	1.093063	0.2310411	0.1357933
92	17	1.093063	0.2310411	0.1357933
92	18	1.093063	0.2310411	0.1357933
92	19	1.093063	0.2310411	0.1357933
92	20	-0.2289951	0.5855783	0.5184115
93	10	-0.2289951	0.5855783	0.5184115
93	11	0.975866	0.2066288	0.723071
93	12	0.975866	0.2066288	0.723071
93	13	1.093063	0.2310411	0.1357933
93	14	1.093063	0.2310411	0.1357933
93	15	1.093063	0.2310411	0.1357933
93	16	1.093063	0.2310411	0.1357933
93	17	1.093063	0.2310411	0.1357933
93	18	1.093063	0.2310411	0.1357933
93	19	1.093063	0.2310411	0.1357933
93	20	-0.2289951	0.5855783	0.5184115
94	10	1.120904	0.1941041	0.4197782
94	20	1.120904	0.1941041	0.4197782
95	10	1.120904	0.1941041	0.4197782
95	20	1.120904	0.1941041	0.4197782
96	10	1.120904	0.1941041	0.4197782
96	20	1.120904	0.1941041	0.4197782
97	1	-0.1126314	0.4504773	1.514292
97	2	-0.1126314	0.4504773	1.514292
97	3	-0.1126314	0.4504773	1.514292
97	4	-0.118046	0.4522544	1.512638
97	5	-0.4124411	0.5756031	1.157849
97	6	-0.1160241	0.4514737	1.514416
97	7	-0.1626181	0.4667832	1.500012
97	8	-0.118046	0.4522544	1.512638
97	9	-0.1160241	0.4514737	1.514416
97	10	0.6551825	0.3741651	0.007872556
97	11	0.6760936	0.3680726	0.006624609
97	12	0.6760936	0.3680726	0.006624609
97	13	0.677415	0.367702	0.006402761
97	14	0.677415	0.367702	0.006402761
97	15	0.677415	0.367702	0.006402761
97	16	0.677415	0.367702	0.006402761
97	17	0.677415	0.367702	0.006402761
97	18	0.677415	0.367702	0.006402761
97	19	0.677415	0.367702	0.006402761
97	20	0.6551825	0.3741651	0.007872556
98	1	-0.08737597	0.4467859	1.476448
98	2	-0.08737597	0.4467859	1.476448
98	3	-0.08737597	0.4467859	1.476448
98	4	-0.09388412	0.4488962	1.474714
98	5	-0.4096066	0.5761302	1.144274
98	6	-0.09161663	0.4480298	1.476618
98	7	-0.1480819	0.4664844	1.460137
98	8	-0.09388412	0.4488962	1.474714
98	9	-0.09161663	0.4480298	1.476618
98	10	0.6746716	0.3681168	0.01037623
98	11	0.6749388	0.3680247	0.01050227
98	12	0.6749388	0.3680247	0.01050227
98	13	0.6746716	0.3681168	0.01037623
98	14	0.6746716	0.3681168	0.01037623
98	15	0.6746716	0.3681168	0.01037623
98	16	0.6746716	0.3681168	0.01037623
98	17	0.6746716	0.3681168	0.01037623
98	18	0.6746716	0.3681168	0.01037623
98	19	0.6746716	0.3681168	0.01037623
98	20	0.6746716	0.3681168	0.01037623
99	1	-0.08737597	0.4467859	1.476448
99	2	-0.08737597	0.4467859	1.476448
99	3	-0.08737597	0.4467859	1.476448
99	4	-0.09388412	0.4488962	1.474714
99	5	-0.4096066	0.5761302	1.144274
99	6	-0.09161663	0.4480298	1.476618
99	7	-0.1480819	0.4664844	1.460137
99	8	-0.09388412	0.4488962	1.474714
99	9	-0.09161663	0.4480298	1.476618
99	10	0.6746716	0.3681168	0.01037623
99	11	0.6749388	0.3680247	0.01050227
99	12	0.6749388	0.3680247	0.01050227
99	13	0.6746716	0.3681168	0.01037623
99	14	0.6746716	0.3681168	0.01037623
99	15	0.6746716	0.3681168	0.01037623
99	16	0.6746716	0.3681168	0.01037623
99	17	0.6746716	0.3681168	0.01037623
99	18	0.6746716	0.3681168	0.01037623
99	19	0.6746716	0.3681168	0.01037623
99	20	0.6746716	0.3681168	0.01037623
100	1	-0.08737597	0.4467859	1.476448
100	2	-0.08737597	0.4467859	1.476448
100	3	-0.08737597	0.4467859	1.476448
100	4	-0.09388412	0.4488962	1.474714
100	5	-0.4096066	0.5761302	1.144274
100	6	-0.09161663	0.4480298	1.476618
100	7	-0.1480819	0.4664844	1.460137
100	8	-0.09388412	0.4488962	1.474714
100	9	-0.09161663	0.4480298	1.476618
100	10	0.6746716	0.3681168	0.01037623
100	11	0.6749388	0.3680247	0.01050227
100	12	0.6749388	0.3680247	0.01050227
100	13	0.6746716	0.3681168	0.01037623
100	14	0.6746716	0.3681168	0.01037623
100	15	0.6746716	0.3681168	0.01037623
100	16	0.6746716	0.3681168	0.01037623
100	17	0.6746716	0.3681168	0.01037623
100	18	0.6746716	0.3681168	0.01037623
100	19	0.6746716	0.3681168	0.01037623
100	20	0.6746716	0.3681168	0.01037623
101	1	-0.08137761	0.4465118	1.461488
101	2	-0.08137761	0.4465118	1.461488
101	3	-0.08137761	0.4465118	1.461488
101	4	-0.0946685	0.4488607	1.477378
101	5	-0.4108009	0.5758349	1.150720
101	6	-0.09182727	0.447814	1.479377
101	7	-0.1480161	0.4661706	1.463052
101	8	-0.0946685	0.4488607	1.477378
101	9	-0.09182727	0.447814	1.479377
101	10	0.6753599	0.3678743	0.01075158
101	11	0.6757374	0.3677486	0.01088471
101	12	0.6757374	0.3677486	0.01088471
101	13	0.6753599	0.3678743	0.01075158
101	14	0.6753599	0.3678743	0.01075158
101	15	0.6753599	0.3678743	0.01075158
101	16	0.6753599	0.3678743	0.01075158
101	17	0.6753599	0.3678743	0.01075158
101	18	0.6753599	0.3678743	0.01075158
101	19	0.6753599	0.3678743	0.01075158
101	20	0.6753599	0.3678743	0.01075158
102	1	-0.08137761	0.4465118	1.461488
102	2	-0.08137761	0.4465118	1.461488
102	3	-0.08137761	0.4465118	1.461488
102	4	-0.0946685	0.4488607	1.477378
102	5	-0.4108009	0.5758349	1.150720
102	6	-0.09182727	0.447814	1.479377
102	7	-0.1480161	0.4661706	1.463052
102	8	-0.0946685	0.4488607	1.477378
102	9	-0.09182727	0.447814	1.479377
102	10	0.6753599	0.3678743	0.01075158
102	11	0.6757374	0.3677486	0.01088471
102	12	0.6757374	0.3677486	0.01088471
102	13	0.6753599	0.3678743	0.01075158
102	14	0.6753599	0.3678743	0.01075158
102	15	0.6753599	0.3678743	0.01075158
102	16	0.6753599	0.3678743	0.01075158
102	17	0.6753599	0.3678743	0.01075158
102	18	0.6753599	0.3678743	0.01075158
102	19	0.6753599	0.3678743	0.01075158
102	20	0.6753599	0.3678743	0.01075158
103	1	-0.08137761	0.4465118	1.461488
103	2	-0.08137761	0.4465118	1.461488
103	3	-0.08137761	0.4465118	1.461488
103	4	-0.0946685	0.4488607	1.477378
103	5	-0.4108009	0.5758349	1.150720
103	6	-0.09182727	0.447814	1.479377
103	7	-0.1480161	0.4661706	1.463052
103	8	-0.0946685	0.4488607	1.477378
103	9	-0.09182727	0.447814	1.479377
103	10	0.6753599	0.3678743	0.01075158
103	11	0.6757374	0.3677486	0.01088471
103	12	0.6757374	0.3677486	0.01088471
103	13	0.6753599	0.3678743	0.01075158
103	14	0.6753599	0.3678743	0.01075158
103	15	0.6753599	0.3678743	0.01075158
103	16	0.6753599	0.3678743	0.01075158
103	17	0.6753599	0.3678743	0.01075158
103	18	0.6753599	0.3678743	0.01075158
103	19	0.6753599	0.3678743	0.01075158
103	20	0.6753599	0.3678743	0.01075158
104	1	-0.08137761	0.4465118	1.461488
104	2	-0.08137761	0.4465118	1.461488
104	3	-0.08137761	0.4465118	1.461488
104	4	-0.0946685	0.4488607	1.477378
104	5	-0.4108009	0.5758349	1.150720
104	6	-0.09182727	0.447814	1.479377
104	7	-0.1480161	0.4661706	1.463052
104	8	-0.0946685	0.4488607	1.477378
104	9	-0.09182727	0.447814	1.479377
104	10	0.6753599	0.3678743	0.01075158
104	11	0.6757374	0.3677486	0.01088471
104	12	0.6757374	0.3677486	0.01088471
104	13	0.6753599	0.3678743	0.01075158
104	14	0.6753599	0.3678743	0.01075158
104	15	0.6753599	0.3678743	0.01075158
104	16	0.6753599	0.3678743	0.01075158
104	17	0.6753599	0.3678743	0.01075158
104	18	0.6753599	0.3678743	0.01075158
104	19	0.6753599	0.3678743	0.01075158
104	20	0.6753599	0.3678743	0.01075158
105	1	-0.06178623	0.4406992	1.461356
105	2	-0.06178623	0.4406992	1.461356
105	3	-0.06178623	0.4406992	1.461356
105	4	-0.1763330	0.4754445	1.454599
105	5	-0.4102183	0.5735548	1.171597
105	6	-0.06675854	0.4403274	1.479692
105	7	-0.1149728	0.4557494	1.468948
105	8	-0.1763330	0.4754445	1.454599
105	9	-0.06675854	0.4403274	1.479692
105	10	0.678011	0.3670578	0.01103015
105	11	0.67848	0.3669043	0.01116907
105	12	0.67848	0.3669043	0.01116907
105	13	0.678011	0.3670578	0.01103015
105	14	0.678011	0.3670578	0.01103015
105	15	0.678011	0.3670578	0.01103015
105	16	0.678011	0.3670578	0.01103015
105	17	0.678011	0.3670578	0.01103015
105	18	0.678011	0.3670578	0.01103015
105	19	0.678011	0.3670578	0.01103015
105	20	0.678011	0.3670578	0.01103015
106	1	-0.06178623	0.4406992	1.461356
106	2	-0.06178623	0.4406992	1.461356
106	3	-0.06178623	0.4406992	1.461356
106	4	-0.1763330	0.4754445	1.454599
106	5	-0.4102183	0.5735548	1.171597
106	6	-0.06675854	0.4403274	1.479692
106	7	-0.1149728	0.4557494	1.468948
106	8	-0.1763330	0.4754445	1.454599
106	9	-0.06675854	0.4403274	1.479692
106	10	0.678011	0.3670578	0.01103015
106	11	0.67848	0.3669043	0.01116907
106	12	0.67848	0.3669043	0.01116907
106	13	0.678011	0.3670578	0.01103015
106	14	0.678011	0.3670578	0.01103015
106	15	0.678011	0.3670578	0.01103015
106	16	0.678011	0.3670578	0.01103015
106	17	0.678011	0.3670578	0.01103015
106	18	0.678011	0.3670578	0.01103015
106	19	0.678011	0.3670578	0.01103015
106	20	0.678011	0.3670578	0.01103015
107	1	-0.08903486	0.4489071	1.460316
107	2	-0.08903486	0.4489071	1.460316
107	3	-0.08903486	0.4489071	1.460316
107	4	0.01565283	0.4176891	1.461173
107	5	-0.4032689	0.5639752	1.246048
107	6	-0.1425296	0.4634463	1.473882
107	7	-0.2722069	0.5090916	1.403698
107	8	0.01565283	0.4176891	1.461173
107	9	-0.1425296	0.4634463	1.473882
107	10	0.674682	0.3680724	0.01078644
107	11	0.6753153	0.3678694	0.01093163
107	12	0.6753153	0.3678694	0.01093163
107	13	0.674682	0.3680724	0.01078644
107	14	0.674682	0.3680724	0.01078644
107	15	0.674682	0.3680724	0.01078644
107	16	0.674682	0.3680724	0.01078644
107	17	0.674682	0.3680724	0.01078644
107	18	0.674682	0.3680724	0.01078644
107	19	0.674682	0.3680724	0.01078644
107	20	0.674682	0.3680724	0.01078644
108	1	-0.08903486	0.4489071	1.460316
108	2	-0.08903486	0.4489071	1.460316
108	3	-0.08903486	0.4489071	1.460316
108	4	0.01565283	0.4176891	1.461173
108	5	-0.4032689	0.5639752	1.246048
108	6	-0.1425296	0.4634463	1.473882
108	7	-0.2722069	0.5090916	1.403698
108	8	0.01565283	0.4176891	1.461173
108	9	-0.1425296	0.4634463	1.473882
108	10	0.674682	0.3680724	0.01078644
108	11	0.6753153	0.3678694	0.01093163
108	12	0.6753153	0.3678694	0.01093163
108	13	0.674682	0.3680724	0.01078644
108	14	0.674682	0.3680724	0.01078644
108	15	0.674682	0.3680724	0.01078644
108	16	0.674682	0.3680724	0.01078644
108	17	0.674682	0.3680724	0.01078644
108	18	0.674682	0.3680724	0.01078644
108	19	0.674682	0.3680724	0.01078644
108	20	0.674682	0.3680724	0.01078644
109	1	-0.2766218	0.5106034	1.401727
109	2	-0.2766218	0.5106034	1.401727
109	3	-0.2766218	0.5106034	1.401727
109	4	0.2343167	0.3598315	1.390143
109	5	-0.09988486	0.4460351	1.520750
109	6	-0.2711364	0.5082536	1.408847
109	7	-0.2103396	0.4864398	1.445852
109	8	0.2343167	0.3598315	1.390143
109	9	-0.2711364	0.5082536	1.408847
109	10	0.670302	0.3694204	0.0103351
109	11	0.6703475	0.3693952	0.01045120
109	12	0.6703475	0.3693952	0.01045120
109	13	0.670302	0.3694204	0.0103351
109	14	0.670302	0.3694204	0.0103351
109	15	0.670302	0.3694204	0.0103351
109	16	0.670302	0.3694204	0.0103351
109	17	0.670302	0.3694204	0.0103351
109	18	0.670302	0.3694204	0.0103351
109	19	0.670302	0.3694204	0.0103351
109	20	0.670302	0.3694204	0.0103351
110	1	-0.2766218	0.5106034	1.401727
110	2	-0.2766218	0.5106034	1.401727
110	3	-0.2766218	0.5106034	1.401727
110	4	0.2343167	0.3598315	1.390143
110	5	-0.09988486	0.4460351	1.520750
110	6	-0.2711364	0.5082536	1.408847
110	7	-0.2103396	0.4864398	1.445852
110	8	0.2343167	0.3598315	1.390143
110	9	-0.2711364	0.5082536	1.408847
110	10	0.670302	0.3694204	0.0103351
110	11	0.6703475	0.3693952	0.01045120
110	12	0.6703475	0.3693952	0.01045120
110	13	0.670302	0.3694204	0.0103351
110	14	0.670302	0.3694204	0.0103351
110	15	0.670302	0.3694204	0.0103351
110	16	0.670302	0.3694204	0.0103351
110	17	0.670302	0.3694204	0.0103351
110	18	0.670302	0.3694204	0.0103351
110	19	0.670302	0.3694204	0.0103351
110	20	0.670302	0.3694204	0.0103351
111	1	-0.02017485	0.4270524	1.473966
111	2	-0.02017485	0.4270524	1.473966
111	3	-0.02017485	0.4270524	1.473966
111	4	-0.3004179	0.5226764	1.352213
111	5	-0.3973452	0.5633929	1.234362
111	6	-0.02471744	0.4283938	1.474060
111	7	-0.1163022	0.456367	1.466745
111	8	-0.3004179	0.5226764	1.352213
111	9	-0.02471744	0.4283938	1.474060
111	10	0.6833085	0.3654814	0.01104069
111	11	0.6834656	0.3654222	0.01116403
111	12	0.6834656	0.3654222	0.01116403
111	13	0.6833085	0.3654814	0.01104069
111	14	0.6833085	0.3654814	0.01104069
111	15	0.6833085	0.3654814	0.01104069
111	16	0.6833085	0.3654814	0.01104069
111	17	0.6833085	0.3654814	0.01104069
111	18	0.6833085	0.3654814	0.01104069
111	19	0.6833085	0.3654814	0.01104069
111	20	0.6833085	0.3654814	0.01104069
112	1	-0.02017485	0.4270524	1.473966
112	2	-0.02017485	0.4270524	1.473966
112	3	-0.02017485	0.4270524	1.473966
112	4	-0.3004179	0.5226764	1.352213
112	5	-0.3973452	0.5633929	1.234362
112	6	-0.02471744	0.4283938	1.474060
112	7	-0.1163022	0.456367	1.466745
112	8	-0.3004179	0.5226764	1.352213
112	9	-0.02471744	0.4283938	1.474060
112	10	0.6833085	0.3654814	0.01104069
112	11	0.6834656	0.3654222	0.01116403
112	12	0.6834656	0.3654222	0.01116403
112	13	0.6833085	0.3654814	0.01104069
112	14	0.6833085	0.3654814	0.01104069
112	15	0.6833085	0.3654814	0.01104069
112	16	0.6833085	0.3654814	0.01104069
112	17	0.6833085	0.3654814	0.01104069
112	18	0.6833085	0.3654814	0.01104069
112	19	0.6833085	0.3654814	0.01104069
112	20	0.6833085	0.3654814	0.01104069
131	7	-0.4332626	0.5555852	1.417576
131	10	0.8091711	0.324308	0.04815051
131	11	1.176986	0.1969487	0.2263233
131	12	1.176986	0.1969487	0.2263233
131	13	0.8091711	0.324308	0.04815051
131	14	0.8091711	0.324308	0.04815051
131	15	0.8091711	0.324308	0.04815051
131	16	0.8091711	0.324308	0.04815051
131	17	0.8091711	0.324308	0.04815051
131	18	0.8091711	0.324308	0.04815051
131	19	0.8091711	0.324308	0.04815051
131	20	0.8091711	0.324308	0.04815051
132	7	-0.4332626	0.5555852	1.417576
132	10	0.8091711	0.324308	0.04815051
132	11	1.176986	0.1969487	0.2263233
132	12	1.176986	0.1969487	0.2263233
132	13	0.8091711	0.324308	0.04815051
132	14	0.8091711	0.324308	0.04815051
132	15	0.8091711	0.324308	0.04815051
132	16	0.8091711	0.324308	0.04815051
132	17	0.8091711	0.324308	0.04815051
132	18	0.8091711	0.324308	0.04815051
132	19	0.8091711	0.324308	0.04815051
132	20	0.8091711	0.324308	0.04815051
133	7	-0.4332626	0.5555852	1.417576
133	10	0.8091711	0.324308	0.04815051
133	11	1.176986	0.1969487	0.2263233
133	12	1.176986	0.1969487	0.2263233
133	13	0.8091711	0.324308	0.04815051
133	14	0.8091711	0.324308	0.04815051
133	15	0.8091711	0.324308	0.04815051
133	16	0.8091711	0.324308	0.04815051
133	17	0.8091711	0.324308	0.04815051
133	18	0.8091711	0.324308	0.04815051
133	19	0.8091711	0.324308	0.04815051
133	20	0.8091711	0.324308	0.04815051
134	7	-0.4332626	0.5555852	1.417576
134	10	0.8091711	0.324308	0.04815051
134	11	1.176986	0.1969487	0.2263233
134	12	1.176986	0.1969487	0.2263233
134	13	0.8091711	0.324308	0.04815051
134	14	0.8091711	0.324308	0.04815051
134	15	0.8091711	0.324308	0.04815051
134	16	0.8091711	0.324308	0.04815051
134	17	0.8091711	0.324308	0.04815051
134	18	0.8091711	0.324308	0.04815051
134	19	0.8091711	0.324308	0.04815051
134	20	0.8091711	0.324308	0.04815051
135	7	-0.4332626	0.5555852	1.417576
135	10	0.8091711	0.324308	0.04815051
135	11	1.176986	0.1969487	0.2263233
135	12	1.176986	0.1969487	0.2263233
135	13	0.8091711	0.324308	0.04815051
135	14	0.8091711	0.324308	0.04815051
135	15	0.8091711	0.324308	0.04815051
135	16	0.8091711	0.324308	0.04815051
135	17	0.8091711	0.324308	0.04815051
135	18	0.8091711	0.324308	0.04815051
135	19	0.8091711	0.324308	0.04815051
135	20	0.8091711	0.324308	0.04815051
136	7	0.6575528	0.3756432	-0.01376014
136	10	-0.2133591	0.5754626	0.572576
136	11	-0.1889037	0.5781555	0.4738242
136	12	-0.1889037	0.5781555	0.4738242
136	13	0.8217106	0.2398471	0.8481672
136	14	0.8217106	0.2398471	0.8481672
136	15	0.8217106	0.2398471	0.8481672
136	16	0.8217106	0.2398471	0.8481672
136	17	0.8217106	0.2398471	0.8481672
136	18	0.8217106	0.2398471	0.8481672
136	19	0.8217106	0.2398471	0.8481672
136	20	-0.2133591	0.5754626	0.572576
137	7	1.369992	0.1196010	0.4240435
137	10	-0.1908928	0.5737215	0.5236246
137	11	-0.08164212	0.5646154	0.2919158
137	12	-0.08164212	0.5646154	0.2919158
137	20	-0.1908928	0.5737215	0.5236246
138	7	1.369992	0.1196010	0.4240435
138	10	-0.1908928	0.5737215	0.5236246
138	11	-0.08164212	0.5646154	0.2919158
138	12	-0.08164212	0.5646154	0.2919158
138	20	-0.1908928	0.5737215	0.5236246
139	7	1.369992	0.1196010	0.4240435
139	10	-0.1908928	0.5737215	0.5236246
139	11	-0.08164212	0.5646154	0.2919158
139	12	-0.08164212	0.5646154	0.2919158
139	20	-0.1908928	0.5737215	0.5236246
140	7	1.369992	0.1196010	0.4240435
140	10	-0.1908928	0.5737215	0.5236246
140	11	-0.08164212	0.5646154	0.2919158
140	12	-0.08164212	0.5646154	0.2919158
140	20	-0.1908928	0.5737215	0.5236246
141	7	1.369992	0.1196010	0.4240435
141	10	-0.1908928	0.5737215	0.5236246
141	11	-0.08164212	0.5646154	0.2919158
141	12	-0.08164212	0.5646154	0.2919158
141	20	-0.1908928	0.5737215	0.5236246
142	7	1.369992	0.1196010	0.4240435
142	10	-0.1908928	0.5737215	0.5236246
142	11	-0.08164212	0.5646154	0.2919158
142	12	-0.08164212	0.5646154	0.2919158
142	20	-0.1908928	0.5737215	0.5236246
143	7	1.369992	0.1196010	0.4240435
143	10	-0.1908928	0.5737215	0.5236246
143	11	-0.08164212	0.5646154	0.2919158
143	12	-0.08164212	0.5646154	0.2919158
143	20	-0.1908928	0.5737215	0.5236246
144	7	1.369992	0.1196010	0.4240435
144	10	-0.1908928	0.5737215	0.5236246
144	11	-0.08164212	0.5646154	0.2919158
144	12	-0.08164212	0.5646154	0.2919158
144	20	-0.1908928	0.5737215	0.5236246
145	7	1.328175	0.1323079	0.4213526
145	10	-0.1601685	0.577103	0.3995747
145	20	-0.1601685	0.577103	0.3995748
146	7	1.328175	0.1323079	0.4213526
146	10	-0.1601685	0.577103	0.3995747
146	20	-0.1601685	0.577103	0.3995748
147	5	0.1983926	0.3657777	1.437082
147	7	-0.3368479	0.5466731	1.221770
147	10	0.6398047	0.3790501	0.004780792
147	20	0.6398047	0.3790501	0.004780792
148	5	0.1983926	0.3657777	1.437082
148	7	-0.3368479	0.5466731	1.221770
148	10	0.6398047	0.3790501	0.004780792
148	20	0.6398047	0.3790501	0.004780792
149	5	0.1983926	0.3657777	1.437082
149	7	-0.3368479	0.5466731	1.221770
149	10	0.6398047	0.3790501	0.004780792
149	20	0.6398047	0.3790501	0.004780792
150	5	0.1983926	0.3657777	1.437082
150	7	-0.3368479	0.5466731	1.221770
150	10	0.6398047	0.3790501	0.004780792
150	20	0.6398047	0.3790501	0.004780792
151	5	0.8948423	0.2063586	0.964514
151	7	0.7168831	0.2601731	0.955658
151	10	0.3051132	0.4768457	0.02195903
151	11	-0.2510655	0.5881918	0.5575511
151	12	-0.2510655	0.5881918	0.5575511
151	13	1.127167	0.188038	0.4614358
151	14	1.127167	0.188038	0.4614358
151	15	1.127167	0.188038	0.4614358
151	16	1.127167	0.188038	0.4614358
151	17	1.127167	0.188038	0.4614358
151	18	1.127167	0.188038	0.4614358
151	19	1.127167	0.188038	0.4614358
151	20	0.3051132	0.4768457	0.02195903
152	5	0.8948423	0.2063586	0.964514
152	7	0.7168831	0.2601731	0.955658
152	10	0.3051132	0.4768457	0.02195903
152	11	-0.2510655	0.5881918	0.5575511
152	12	-0.2510655	0.5881918	0.5575511
152	13	1.127167	0.188038	0.4614358
152	14	1.127167	0.188038	0.4614358
152	15	1.127167	0.188038	0.4614358
152	16	1.127167	0.188038	0.4614358
152	17	1.127167	0.188038	0.4614358
152	18	1.127167	0.188038	0.4614358
152	19	1.127167	0.188038	0.4614358
152	20	0.3051132	0.4768457	0.02195903
153	5	0.8948423	0.2063586	0.964514
153	7	0.7168831	0.2601731	0.955658
153	10	0.3051132	0.4768457	0.02195903
153	11	-0.2510655	0.5881918	0.5575511
153	12	-0.2510655	0.5881918	0.5575511
153	13	1.127167	0.188038	0.4614358
153	14	1.127167	0.188038	0.4614358
153	15	1.127167	0.188038	0.4614358
153	16	1.127167	0.188038	0.4614358
153	17	1.127167	0.188038	0.4614358
153	18	1.127167	0.188038	0.4614358
153	19	1.127167	0.188038	0.4614358
153	20	0.3051132	0.4768457	0.02195903
154	5	0.8948423	0.2063586	0.964514
154	7	0.7168831	0.2601731	0.955658
154	10	0.3051132	0.4768457	0.02195903
154	11	-0.2510655	0.5881918	0.5575511
154	12	-0.2510655	0.5881918	0.5575511
154	13	1.127167	0.188038	0.4614358
154	14	1.127167	0.188038	0.4614358
154	15	1.127167	0.188038	0.4614358
154	16	1.127167	0.188038	0.4614358
154	17	1.127167	0.188038	0.4614358
154	18	1.127167	0.188038	0.4614358
154	19	1.127167	0.188038	0.4614358
154	20	0.3051132	0.4768457	0.02195903
155	1	-0.2534459	0.5135129	1.304599
155	2	-0.2534459	0.5135129	1.304599
155	3	-0.2534459	0.5135129	1.304599
155	5	-0.3322339	0.5446853	1.227872
155	6	-0.2671328	0.5165966	1.314374
155	7	-0.0994978	0.4712169	1.270069
155	9	-0.2671328	0.5165966	1.314374
155	10	0.6364754	0.3804017	0.001198014
155	11	1.313374	0.1626260	0.1645309
155	12	1.313374	0.1626260	0.1645309
155	13	0.4513941	0.4322081	0.03322896
155	14	0.4513941	0.4322081	0.03322896
155	15	0.4513941	0.4322081	0.03322896
155	16	0.4513941	0.4322081	0.03322896
155	17	0.4513941	0.4322081	0.03322896
155	18	0.4513941	0.4322081	0.03322896
155	19	0.4513941	0.4322081	0.03322896
155	20	0.6364754	0.3804017	0.001198014
156	1	-0.08161411	0.4544259	1.38376
156	2	-0.08161411	0.4544259	1.38376
156	3	-0.08161411	0.4544259	1.38376
156	5	-0.3186203	0.5883759	0.7548005
156	6	-0.104325	0.4597264	1.39816
156	7	-0.1248497	0.4826717	1.231266
156	9	-0.104325	0.4597264	1.39816
156	10	0.9765342	0.2765770	0.02794808
156	13	0.6167124	0.3835821	0.02792019
156	14	0.6167124	0.3835821	0.02792019
156	15	0.6167124	0.3835821	0.02792019
156	16	0.6167124	0.3835821	0.02792019
156	17	0.6167124	0.3835821	0.02792019
156	18	0.6167124	0.3835821	0.02792019
156	19	0.6167124	0.3835821	0.02792019
156	20	0.9765342	0.2765770	0.02794808
157	1	-0.02607759	0.441111	1.352046
157	2	-0.02607759	0.441111	1.352046
157	3	-0.02607759	0.441111	1.352046
157	5	-0.2673292	0.5887943	0.5995073
157	6	-0.06224488	0.4503815	1.366759
157	7	1.023156	0.2074184	0.5758889
157	9	-0.06224488	0.4503815	1.366759
157	13	0.8023928	0.3276597	0.03491146
157	14	0.8023928	0.3276597	0.03491146
157	15	0.8023928	0.3276597	0.03491146
157	16	0.8023928	0.3276597	0.03491146
157	17	0.8023928	0.3276597	0.03491146
157	18	0.8023928	0.3276597	0.03491146
157	19	0.8023928	0.3276597	0.03491146
158	1	-0.1191308	0.4647875	1.391637
158	2	-0.1191308	0.4647875	1.391637
158	3	-0.1191308	0.4647875	1.391637
158	6	-0.2598170	0.5138361	1.320171
158	7	-0.1367363	0.4849076	1.244137
158	9	-0.2598170	0.5138361	1.320171
158	10	0.7637742	0.3419213	0.007389463
158	13	0.7153357	0.3535611	0.03478548
158	14	0.7153357	0.3535611	0.03478548
158	15	0.7153357	0.3535611	0.03478548
158	16	0.7153357	0.3535611	0.03478548
158	17	0.7153357	0.3535611	0.03478548
158	18	0.7153357	0.3535611	0.03478548
158	19	0.7153357	0.3535611	0.03478548
158	20	0.7637742	0.3419213	0.007389463
159	1	-0.3034961	0.5342868	1.246230
159	2	-0.3034961	0.5342868	1.246230
159	3	-0.3034961	0.5342868	1.246230
159	6	-0.3161848	0.5374339	1.252436
159	7	-0.1577025	0.489776	1.257679
159	9	-0.3161848	0.5374339	1.252436
159	10	0.6625987	0.3723359	0.004144204
159	11	1.367405	0.1387537	0.2418714
159	12	1.367405	0.1387537	0.2418714
159	13	0.3585141	0.4589651	0.04178296
159	14	0.3585141	0.4589651	0.04178296
159	15	0.3585141	0.4589651	0.04178296
159	16	0.3585141	0.4589651	0.04178296
159	17	0.3585141	0.4589651	0.04178296
159	18	0.3585141	0.4589651	0.04178296
159	19	0.3585141	0.4589651	0.04178296
159	20	0.6625987	0.3723359	0.004144204
160	1	-0.3034961	0.5342868	1.246230
160	2	-0.3034961	0.5342868	1.246230
160	3	-0.3034961	0.5342868	1.246230
160	6	-0.3161848	0.5374339	1.252436
160	7	-0.1577025	0.489776	1.257679
160	9	-0.3161848	0.5374339	1.252436
160	10	0.6625987	0.3723359	0.004144204
160	11	1.367405	0.1387537	0.2418714
160	12	1.367405	0.1387537	0.2418714
160	13	0.3585141	0.4589651	0.04178296
160	14	0.3585141	0.4589651	0.04178296
160	15	0.3585141	0.4589651	0.04178296
160	16	0.3585141	0.4589651	0.04178296
160	17	0.3585141	0.4589651	0.04178296
160	18	0.3585141	0.4589651	0.04178296
160	19	0.3585141	0.4589651	0.04178296
160	20	0.6625987	0.3723359	0.004144204
161	1	-0.3034961	0.5342868	1.246230
161	2	-0.3034961	0.5342868	1.246230
161	3	-0.3034961	0.5342868	1.246230
161	6	-0.3161848	0.5374339	1.252436
161	7	-0.1577025	0.489776	1.257679
161	9	-0.3161848	0.5374339	1.252436
161	10	0.6625987	0.3723359	0.004144204
161	11	1.367405	0.1387537	0.2418714
161	12	1.367405	0.1387537	0.2418714
161	13	0.3585141	0.4589651	0.04178296
161	14	0.3585141	0.4589651	0.04178296
161	15	0.3585141	0.4589651	0.04178296
161	16	0.3585141	0.4589651	0.04178296
161	17	0.3585141	0.4589651	0.04178296
161	18	0.3585141	0.4589651	0.04178296
161	19	0.3585141	0.4589651	0.04178296
161	20	0.6625987	0.3723359	0.004144204
214	4	1.159525	0.1825523	0.4204414
214	7	-0.1478409	0.573597	0.3979903
214	8	1.159525	0.1825523	0.4204414
215	4	1.159525	0.1825523	0.4204414
215	7	-0.1478409	0.573597	0.3979903
215	8	1.159525	0.1825523	0.4204414
216	4	1.159525	0.1825523	0.4204414
216	7	-0.1478409	0.573597	0.3979903
216	8	1.159525	0.1825523	0.4204414
217	4	1.159525	0.1825523	0.4204414
217	7	-0.1478409	0.573597	0.3979903
217	8	1.159525	0.1825523	0.4204414
218	1	-0.009965958	0.4422646	1.293136
218	2	-0.009965958	0.4422646	1.293136
218	3	-0.009965958	0.4422646	1.293136
218	4	1.041214	0.2521451	0.07945419
218	5	0.05211758	0.5432903	0.1090665
218	6	-0.002352246	0.4401107	1.292043
218	7	0.4587386	0.3242034	1.081862
218	8	1.041214	0.2521451	0.07945419
218	9	-0.002352246	0.4401107	1.292043
219	1	0.009476642	0.4365744	1.292229
219	2	0.009476642	0.4365744	1.292229
219	3	0.009476642	0.4365744	1.292229
219	4	1.025136	0.2574738	0.0740277
219	5	0.04512698	0.5449259	0.1134587
219	6	0.01085293	0.4362379	1.291507
219	7	0.2453734	0.3757012	1.200299
219	8	1.025136	0.2574738	0.0740277
219	9	0.01085293	0.4362379	1.291507
220	1	0.009476642	0.4365744	1.292229
220	2	0.009476642	0.4365744	1.292229
220	3	0.009476642	0.4365744	1.292229
220	4	1.025136	0.2574738	0.0740277
220	5	0.04512698	0.5449259	0.1134587
220	6	0.01085293	0.4362379	1.291507
220	7	0.2453734	0.3757012	1.200299
220	8	1.025136	0.2574738	0.0740277
220	9	0.01085293	0.4362379	1.291507
221	1	0.009476642	0.4365744	1.292229
221	2	0.009476642	0.4365744	1.292229
221	3	0.009476642	0.4365744	1.292229
221	4	1.025136	0.2574738	0.0740277
221	5	0.04512698	0.5449259	0.1134587
221	6	0.01085293	0.4362379	1.291507
221	7	0.2453734	0.3757012	1.200299
221	8	1.025136	0.2574738	0.0740277
221	9	0.01085293	0.4362379	1.291507
222	1	0.009476642	0.4365744	1.292229
222	2	0.009476642	0.4365744	1.292229
222	3	0.009476642	0.4365744	1.292229
222	4	1.025136	0.2574738	0.0740277
222	5	0.04512698	0.5449259	0.1134587
222	6	0.01085293	0.4362379	1.291507
222	7	0.2453734	0.3757012	1.200299
222	8	1.025136	0.2574738	0.0740277
222	9	0.01085293	0.4362379	1.291507
223	1	0.009476642	0.4365744	1.292229
223	2	0.009476642	0.4365744	1.292229
223	3	0.009476642	0.4365744	1.292229
223	4	1.025136	0.2574738	0.0740277
223	5	0.04512698	0.5449259	0.1134587
223	6	0.01085293	0.4362379	1.291507
223	7	0.2453734	0.3757012	1.200299
223	8	1.025136	0.2574738	0.0740277
223	9	0.01085293	0.4362379	1.291507
224	1	0.009476642	0.4365744	1.292229
224	2	0.009476642	0.4365744	1.292229
224	3	0.009476642	0.4365744	1.292229
224	4	1.025136	0.2574738	0.0740277
224	5	0.04512698	0.5449259	0.1134587
224	6	0.01085293	0.4362379	1.291507
224	7	0.2453734	0.3757012	1.200299
224	8	1.025136	0.2574738	0.0740277
224	9	0.01085293	0.4362379	1.291507
225	1	0.8319212	0.2406915	0.8097105
225	2	0.8319212	0.2406915	0.8097105
225	3	0.8319212	0.2406915	0.8097105
225	4	-0.2727078	0.5609859	0.890926
225	5	0.2692223	0.4869017	0.02807502
225	6	1.064596	0.1963448	0.5635054
225	7	1.180638	0.1972850	0.2122301
225	8	-0.2727078	0.5609859	0.890926
225	9	1.064596	0.1963448	0.5635054
226	1	-0.2399527	0.5527576	0.8759397
226	2	-0.2399527	0.5527576	0.8759397
226	3	-0.2399527	0.5527576	0.8759397
226	4	0.7051079	0.3573358	0.02752012
226	6	-0.24135	0.5362835	1.043307
226	7	0.8233654	0.2374089	0.8674522
226	8	0.7051079	0.3573358	0.02752012
226	9	-0.24135	0.5362835	1.043307
227	1	-0.2399527	0.5527576	0.8759397
227	2	-0.2399527	0.5527576	0.8759397
227	3	-0.2399527	0.5527576	0.8759397
227	4	0.7051079	0.3573358	0.02752012
227	6	-0.24135	0.5362835	1.043307
227	7	0.8233654	0.2374089	0.8674522
227	8	0.7051079	0.3573358	0.02752012
227	9	-0.24135	0.5362835	1.043307
228	1	-0.2399527	0.5527576	0.8759397
228	2	-0.2399527	0.5527576	0.8759397
228	3	-0.2399527	0.5527576	0.8759397
228	4	0.7051079	0.3573358	0.02752012
228	6	-0.24135	0.5362835	1.043307
228	7	0.8233654	0.2374089	0.8674522
228	8	0.7051079	0.3573358	0.02752012
228	9	-0.24135	0.5362835	1.043307
229	1	0.1304555	0.4000452	1.297709
229	2	0.1304555	0.4000452	1.297709
229	3	0.1304555	0.4000452	1.297709
229	4	1.156802	0.1929849	0.3250820
229	5	1.156802	0.1929849	0.3250820
229	6	0.1394726	0.3962303	1.308940
229	7	0.9770663	0.2031364	0.7541415
229	8	1.156802	0.1929849	0.3250820
229	9	0.1394726	0.3962303	1.308940
229	10	1.156802	0.1929849	0.3250820
229	11	0.2292434	0.4997554	0.01851221
229	12	0.2292434	0.4997554	0.01851221
229	13	1.156802	0.1929849	0.3250820
229	14	1.156802	0.1929849	0.3250820
229	15	1.156802	0.1929849	0.3250820
229	16	1.156802	0.1929849	0.3250820
229	17	1.156802	0.1929849	0.3250820
229	18	1.156802	0.1929849	0.3250820
229	19	1.156802	0.1929849	0.3250820
229	20	1.156802	0.1929849	0.3250820
230	1	0.9007043	0.2276216	0.7365329
230	2	0.9007043	0.2276216	0.736533
230	3	0.9007043	0.2276216	0.7365329
230	4	0.9007043	0.2276216	0.7365329
230	5	0.9007043	0.2276216	0.7365329
230	6	0.9007043	0.2276216	0.736533
230	7	0.9007043	0.2276216	0.7365329
230	8	0.9007043	0.2276216	0.7365329
230	9	0.9007043	0.2276216	0.7365329
230	10	0.9007043	0.2276216	0.736533
230	11	-0.02942282	0.5637086	0.1470186
230	12	-0.02942282	0.5637086	0.1470186
230	13	0.9007043	0.2276216	0.736533
230	14	0.9007043	0.2276216	0.736533
230	15	0.9007043	0.2276216	0.736533
230	16	0.9007043	0.2276216	0.736533
230	17	0.9007043	0.2276216	0.736533
230	18	0.9007043	0.2276216	0.736533
230	19	0.9007043	0.2276216	0.736533
230	20	0.9007043	0.2276216	0.736533
231	1	0.9007043	0.2276216	0.7365329
231	2	0.9007043	0.2276216	0.736533
231	3	0.9007043	0.2276216	0.7365329
231	4	0.9007043	0.2276216	0.7365329
231	5	0.9007043	0.2276216	0.7365329
231	6	0.9007043	0.2276216	0.736533
231	7	0.9007043	0.2276216	0.7365329
231	8	0.9007043	0.2276216	0.7365329
231	9	0.9007043	0.2276216	0.7365329
231	10	0.9007043	0.2276216	0.736533
231	11	-0.02942282	0.5637086	0.1470186
231	12	-0.02942282	0.5637086	0.1470186
231	13	0.9007043	0.2276216	0.736533
231	14	0.9007043	0.2276216	0.736533
231	15	0.9007043	0.2276216	0.736533
231	16	0.9007043	0.2276216	0.736533
231	17	0.9007043	0.2276216	0.736533
231	18	0.9007043	0.2276216	0.736533
231	19	0.9007043	0.2276216	0.736533
231	20	0.9007043	0.2276216	0.736533
232	1	0.899192	0.2281786	0.7354696
232	2	0.899192	0.2281786	0.7354696
232	3	0.899192	0.2281786	0.7354696
232	4	0.899192	0.2281786	0.7354696
232	5	0.899192	0.2281786	0.7354696
232	6	0.899192	0.2281786	0.7354696
232	7	0.899192	0.2281786	0.7354696
232	8	0.899192	0.2281786	0.7354696
232	9	0.899192	0.2281786	0.7354696
232	10	0.899192	0.2281786	0.7354696
232	11	-0.02197355	0.5610802	0.1511129
232	12	-0.02197355	0.5610802	0.1511129
232	13	0.899192	0.2281786	0.7354697
232	14	0.899192	0.2281786	0.7354697
232	15	0.899192	0.2281786	0.7354697
232	16	0.899192	0.2281786	0.7354697
232	17	0.899192	0.2281786	0.7354697
232	18	0.899192	0.2281786	0.7354697
232	19	0.899192	0.2281786	0.7354697
232	20	0.899192	0.2281786	0.7354697
233	1	0.899192	0.2281786	0.7354696
233	2	0.899192	0.2281786	0.7354696
233	3	0.899192	0.2281786	0.7354696
233	4	0.899192	0.2281786	0.7354696
233	5	0.899192	0.2281786	0.7354696
233	6	0.899192	0.2281786	0.7354696
233	7	0.899192	0.2281786	0.7354696
233	8	0.899192	0.2281786	0.7354696
233	9	0.899192	0.2281786	0.7354696
233	10	0.899192	0.2281786	0.7354696
233	11	-0.02197355	0.5610802	0.1511129
233	12	-0.02197355	0.5610802	0.1511129
233	13	0.899192	0.2281786	0.7354697
233	14	0.899192	0.2281786	0.7354697
233	15	0.899192	0.2281786	0.7354697
233	16	0.899192	0.2281786	0.7354697
233	17	0.899192	0.2281786	0.7354697
233	18	0.899192	0.2281786	0.7354697
233	19	0.899192	0.2281786	0.7354697
233	20	0.899192	0.2281786	0.7354697
234	1	1.120904	0.1941041	0.4197782
234	2	1.120904	0.1941041	0.4197782
234	3	1.120904	0.1941041	0.4197782
234	4	1.120904	0.1941041	0.4197782
234	5	1.120904	0.1941041	0.4197782
234	6	1.120904	0.1941041	0.4197782
234	7	1.120904	0.1941041	0.4197782
234	8	1.120904	0.1941041	0.4197782
234	9	1.120904	0.1941041	0.4197782
234	10	1.120904	0.1941041	0.4197782
234	11	1.120904	0.1941041	0.4197782
234	12	1.120904	0.1941041	0.4197782
234	13	1.120904	0.1941041	0.4197782
234	14	1.120904	0.1941041	0.4197782
234	15	1.120904	0.1941041	0.4197782
234	16	1.120904	0.1941041	0.4197782
234	17	1.120904	0.1941041	0.4197782
234	18	1.120904	0.1941041	0.4197782
234	19	1.120904	0.1941041	0.4197782
234	20	1.120904	0.1941041	0.4197782
235	1	1.120904	0.1941041	0.4197782
235	2	1.120904	0.1941041	0.4197782
235	3	1.120904	0.1941041	0.4197782
235	4	1.120904	0.1941041	0.4197782
235	5	1.120904	0.1941041	0.4197782
235	6	1.120904	0.1941041	0.4197782
235	7	1.120904	0.1941041	0.4197782
235	8	1.120904	0.1941041	0.4197782
235	9	1.120904	0.1941041	0.4197782
235	10	1.120904	0.1941041	0.4197782
235	11	1.120904	0.1941041	0.4197782
235	12	1.120904	0.1941041	0.4197782
235	13	1.120904	0.1941041	0.4197782
235	14	1.120904	0.1941041	0.4197782
235	15	1.120904	0.1941041	0.4197782
235	16	1.120904	0.1941041	0.4197782
235	17	1.120904	0.1941041	0.4197782
235	18	1.120904	0.1941041	0.4197782
235	19	1.120904	0.1941041	0.4197782
235	20	1.120904	0.1941041	0.4197782
236	1	1.120904	0.1941041	0.4197782
236	2	1.120904	0.1941041	0.4197782
236	3	1.120904	0.1941041	0.4197782
236	4	1.120904	0.1941041	0.4197782
236	5	1.120904	0.1941041	0.4197782
236	6	1.120904	0.1941041	0.4197782
236	7	1.120904	0.1941041	0.4197782
236	8	1.120904	0.1941041	0.4197782
236	9	1.120904	0.1941041	0.4197782
236	10	1.120904	0.1941041	0.4197782
236	11	1.120904	0.1941041	0.4197782
236	12	1.120904	0.1941041	0.4197782
236	13	1.120904	0.1941041	0.4197782
236	14	1.120904	0.1941041	0.4197782
236	15	1.120904	0.1941041	0.4197782
236	16	1.120904	0.1941041	0.4197782
236	17	1.120904	0.1941041	0.4197782
236	18	1.120904	0.1941041	0.4197782
236	19	1.120904	0.1941041	0.4197782
236	20	1.120904	0.1941041	0.4197782
237	1	1.120904	0.1941041	0.4197782
237	2	1.120904	0.1941041	0.4197782
237	3	1.120904	0.1941041	0.4197782
237	4	1.120904	0.1941041	0.4197782
237	5	1.120904	0.1941041	0.4197782
237	6	1.120904	0.1941041	0.4197782
237	7	1.120904	0.1941041	0.4197782
237	8	1.120904	0.1941041	0.4197782
237	9	1.120904	0.1941041	0.4197782
237	10	1.120904	0.1941041	0.4197782
237	11	1.120904	0.1941041	0.4197782
237	12	1.120904	0.1941041	0.4197782
237	13	1.120904	0.1941041	0.4197782
237	14	1.120904	0.1941041	0.4197782
237	15	1.120904	0.1941041	0.4197782
237	16	1.120904	0.1941041	0.4197782
237	17	1.120904	0.1941041	0.4197782
237	18	1.120904	0.1941041	0.4197782
237	19	1.120904	0.1941041	0.4197782
237	20	1.120904	0.1941041	0.4197782
238	1	1.120904	0.1941041	0.4197782
238	2	1.120904	0.1941041	0.4197782
238	3	1.120904	0.1941041	0.4197782
238	4	1.120904	0.1941041	0.4197782
238	5	1.120904	0.1941041	0.4197782
238	6	1.120904	0.1941041	0.4197782
238	7	1.120904	0.1941041	0.4197782
238	8	1.120904	0.1941041	0.4197782
238	9	1.120904	0.1941041	0.4197782
238	10	1.120904	0.1941041	0.4197782
238	11	1.120904	0.1941041	0.4197782
238	12	1.120904	0.1941041	0.4197782
238	13	1.120904	0.1941041	0.4197782
238	14	1.120904	0.1941041	0.4197782
238	15	1.120904	0.1941041	0.4197782
238	16	1.120904	0.1941041	0.4197782
238	17	1.120904	0.1941041	0.4197782
238	18	1.120904	0.1941041	0.4197782
238	19	1.120904	0.1941041	0.4197782
238	20	1.120904	0.1941041	0.4197782
239	1	1.120904	0.1941041	0.4197782
239	2	1.120904	0.1941041	0.4197782
239	3	1.120904	0.1941041	0.4197782
239	4	1.120904	0.1941041	0.4197782
239	5	1.120904	0.1941041	0.4197782
239	6	1.120904	0.1941041	0.4197782
239	7	1.120904	0.1941041	0.4197782
239	8	1.120904	0.1941041	0.4197782
239	9	1.120904	0.1941041	0.4197782
239	10	1.120904	0.1941041	0.4197782
239	11	1.120904	0.1941041	0.4197782
239	12	1.120904	0.1941041	0.4197782
239	13	1.120904	0.1941041	0.4197782
239	14	1.120904	0.1941041	0.4197782
239	15	1.120904	0.1941041	0.4197782
239	16	1.120904	0.1941041	0.4197782
239	17	1.120904	0.1941041	0.4197782
239	18	1.120904	0.1941041	0.4197782
239	19	1.120904	0.1941041	0.4197782
239	20	1.120904	0.1941041	0.4197782
240	1	1.120904	0.1941041	0.4197782
240	2	1.120904	0.1941041	0.4197782
240	3	1.120904	0.1941041	0.4197782
240	4	1.120904	0.1941041	0.4197782
240	5	1.120904	0.1941041	0.4197782
240	6	1.120904	0.1941041	0.4197782
240	7	1.120904	0.1941041	0.4197782
240	8	1.120904	0.1941041	0.4197782
240	9	1.120904	0.1941041	0.4197782
240	10	1.120904	0.1941041	0.4197782
240	11	1.120904	0.1941041	0.4197782
240	12	1.120904	0.1941041	0.4197782
240	13	1.120904	0.1941041	0.4197782
240	14	1.120904	0.1941041	0.4197782
240	15	1.120904	0.1941041	0.4197782
240	16	1.120904	0.1941041	0.4197782
240	17	1.120904	0.1941041	0.4197782
240	18	1.120904	0.1941041	0.4197782
240	19	1.120904	0.1941041	0.4197782
240	20	1.120904	0.1941041	0.4197782
241	5	-0.2405598	0.5695788	0.711038
241	6	0.6437723	0.2788272	0.986251
241	9	0.6437723	0.2788272	0.986251
241	11	0.5173075	0.4132041	0.02731206
241	12	0.5173075	0.4132041	0.02731206
242	5	0.6542578	0.2754022	0.989292
242	6	0.9967998	0.2655372	0.0776273
242	11	-0.1460828	0.5686326	0.4420041
242	12	-0.1460828	0.5686326	0.4420041
243	6	1.175114	0.1778896	0.4207091
243	11	-0.1225100	0.5660203	0.3984253
243	12	-0.1225100	0.5660203	0.3984253
244	6	1.175114	0.1778896	0.4207091
244	11	-0.1225100	0.5660203	0.3984253
244	12	-0.1225100	0.5660203	0.3984253
245	1	-0.006470351	0.44199	1.285556
245	2	-0.006470351	0.44199	1.285556
245	3	-0.006470351	0.44199	1.285556
245	4	1.250746	0.1681907	0.2939420
245	6	-0.224957	0.5696991	0.6638672
245	7	0.2599708	0.3687502	1.226164
245	8	1.250746	0.1681907	0.2939420
245	9	-0.224957	0.5696991	0.6638672
245	11	0.1986102	0.5047502	0.05928824
245	12	0.1986102	0.5047502	0.05928824
246	4	0.05390609	0.4177558	1.347785
246	8	0.05390605	0.4177558	1.347785
246	11	0.5055111	0.4193248	0.00142057
247	11	1.220380	0.1643499	0.4214865
247	12	-0.1583776	0.5767486	0.3978094
248	11	1.220380	0.1643499	0.4214865
248	12	-0.1583776	0.5767486	0.3978094
249	11	1.220380	0.1643499	0.4214865
249	12	-0.1583776	0.5767486	0.3978094
250	11	1.220380	0.1643499	0.4214865
250	12	-0.1583776	0.5767486	0.3978094
251	11	1.220380	0.1643499	0.4214865
251	12	-0.1583776	0.5767486	0.3978094
252	11	1.220380	0.1643499	0.4214865
252	12	-0.1583776	0.5767486	0.3978094
253	11	1.220380	0.1643499	0.4214865
253	12	-0.1583776	0.5767486	0.3978094
254	11	1.220380	0.1643499	0.4214865
254	12	-0.1583776	0.5767486	0.3978094
255	4	-0.3060905	0.5134162	1.460693
255	8	-0.3060905	0.5134162	1.460693
255	10	0.4938306	0.4213737	0.01553829
255	11	0.4642567	0.3033421	1.272327
255	12	0.4642567	0.3033421	1.272327
255	13	0.5294354	0.4101008	0.02232472
255	14	0.5294354	0.4101008	0.02232472
255	15	0.5128506	0.4152956	0.01971981
255	16	0.5294354	0.4101008	0.02232472
255	17	0.5059847	0.4175705	0.01740997
255	18	0.516057	0.4143291	0.01984925
255	19	0.516057	0.4143291	0.01984925
255	20	0.4938306	0.4213737	0.01553829
256	4	-0.2679343	0.5016447	1.464902
256	8	-0.2679343	0.5016447	1.464902
256	11	0.6126342	0.2714941	1.150678
256	12	0.6126342	0.2714941	1.150678
256	13	0.4645405	0.4295776	0.02055505
256	14	0.4645405	0.4295776	0.02055505
256	15	0.4522767	0.433444	0.01838074
256	16	0.4645405	0.4295776	0.02055505
256	17	0.4445372	0.4359664	0.01619168
256	18	0.4534044	0.4331079	0.01838824
256	20	0.4369605	0.4383662	0.01473869
257	4	0.08578431	0.3985882	1.443787
257	8	0.08578431	0.3985882	1.443787
257	10	-0.2220297	0.5937535	0.4168721
257	11	0.04483131	0.4128153	1.423485
257	12	0.04483131	0.4128153	1.423485
257	13	0.8485817	0.3141018	0.03315214
257	14	0.8485817	0.3141018	0.03315214
257	15	0.6376623	0.3786242	0.01531412
257	16	0.8485817	0.3141018	0.03315214
257	18	0.79595	0.3306056	0.02470576
257	20	0.3393132	0.4669409	0.01932876
258	4	-0.07621252	0.4468436	1.442979
258	8	-0.07621252	0.4468436	1.442979
258	11	1.158526	0.1675719	0.5718352
258	12	1.158526	0.1675719	0.5718352
258	13	0.2000026	0.5058828	0.04396091
258	16	0.2000026	0.5058828	0.04396091
258	18	0.1915897	0.5085146	0.04267296
