1	1	1.120904	0.1941041	0.4197782
1	2	1.120904	0.1941041	0.4197782
1	3	1.120904	0.1941041	0.4197782
1	4	1.120904	0.1941041	0.4197782
1	5	1.120904	0.1941041	0.4197782
1	6	1.120904	0.1941041	0.4197782
1	7	1.120904	0.1941041	0.4197782
1	8	1.120904	0.1941041	0.4197782
1	9	1.120904	0.1941041	0.4197782
1	10	1.120904	0.1941041	0.4197782
1	11	1.120904	0.1941041	0.4197782
1	12	1.120904	0.1941041	0.4197782
1	13	1.120904	0.1941041	0.4197782
1	14	1.120904	0.1941041	0.4197782
1	15	1.120904	0.1941041	0.4197782
1	16	1.120904	0.1941041	0.4197782
1	17	1.120904	0.1941041	0.4197782
1	18	1.120904	0.1941041	0.4197782
1	19	1.120904	0.1941041	0.4197782
1	20	1.120904	0.1941041	0.4197782
1	21	1.120904	0.1941041	0.4197782
2	1	1.120904	0.1941041	0.4197782
2	2	1.120904	0.1941041	0.4197782
2	3	1.120904	0.1941041	0.4197782
2	4	1.120904	0.1941041	0.4197782
2	5	1.120904	0.1941041	0.4197782
2	6	1.120904	0.1941041	0.4197782
2	7	1.120904	0.1941041	0.4197782
2	8	1.120904	0.1941041	0.4197782
2	9	1.120904	0.1941041	0.4197782
2	10	1.120904	0.1941041	0.4197782
2	11	1.120904	0.1941041	0.4197782
2	12	1.120904	0.1941041	0.4197782
2	13	1.120904	0.1941041	0.4197782
2	14	1.120904	0.1941041	0.4197782
2	15	1.120904	0.1941041	0.4197782
2	16	1.120904	0.1941041	0.4197782
2	17	1.120904	0.1941041	0.4197782
2	18	1.120904	0.1941041	0.4197782
2	19	1.120904	0.1941041	0.4197782
2	20	1.120904	0.1941041	0.4197782
2	21	1.120904	0.1941041	0.4197782
3	1	1.120904	0.1941041	0.4197782
3	2	1.120904	0.1941041	0.4197782
3	3	1.120904	0.1941041	0.4197782
3	4	1.120904	0.1941041	0.4197782
3	5	1.120904	0.1941041	0.4197782
3	6	1.120904	0.1941041	0.4197782
3	7	1.120904	0.1941041	0.4197782
3	8	1.120904	0.1941041	0.4197782
3	9	1.120904	0.1941041	0.4197782
3	10	1.120904	0.1941041	0.4197782
3	11	1.120904	0.1941041	0.4197782
3	12	1.120904	0.1941041	0.4197782
3	13	1.120904	0.1941041	0.4197782
3	14	1.120904	0.1941041	0.4197782
3	15	1.120904	0.1941041	0.4197782
3	16	1.120904	0.1941041	0.4197782
3	17	1.120904	0.1941041	0.4197782
3	18	1.120904	0.1941041	0.4197782
3	19	1.120904	0.1941041	0.4197782
3	20	1.120904	0.1941041	0.4197782
3	21	1.120904	0.1941041	0.4197782
4	2	1.120904	0.1941041	0.4197782
4	3	1.120904	0.1941041	0.4197782
4	4	1.120904	0.1941041	0.4197782
4	5	1.120904	0.1941041	0.4197782
4	6	1.120904	0.1941041	0.4197782
4	7	1.120904	0.1941041	0.4197782
4	8	1.120904	0.1941041	0.4197782
4	9	1.120904	0.1941041	0.4197782
4	10	1.120904	0.1941041	0.4197782
4	11	1.120904	0.1941041	0.4197782
4	12	1.120904	0.1941041	0.4197782
4	13	1.120904	0.1941041	0.4197782
4	14	1.120904	0.1941041	0.4197782
4	15	1.120904	0.1941041	0.4197782
4	16	1.120904	0.1941041	0.4197782
4	17	1.120904	0.1941041	0.4197782
4	18	1.120904	0.1941041	0.4197782
4	19	1.120904	0.1941041	0.4197782
4	20	1.120904	0.1941041	0.4197782
4	21	1.120904	0.1941041	0.4197782
5	2	1.120904	0.1941041	0.4197782
5	3	1.120904	0.1941041	0.4197782
5	4	1.120904	0.1941041	0.4197782
5	5	1.120904	0.1941041	0.4197782
5	6	1.120904	0.1941041	0.4197782
5	7	1.120904	0.1941041	0.4197782
5	8	1.120904	0.1941041	0.4197782
5	9	1.120904	0.1941041	0.4197782
5	10	1.120904	0.1941041	0.4197782
5	11	1.120904	0.1941041	0.4197782
5	12	1.120904	0.1941041	0.4197782
5	13	1.120904	0.1941041	0.4197782
5	14	1.120904	0.1941041	0.4197782
5	15	1.120904	0.1941041	0.4197782
5	16	1.120904	0.1941041	0.4197782
5	17	1.120904	0.1941041	0.4197782
5	18	1.120904	0.1941041	0.4197782
5	19	1.120904	0.1941041	0.4197782
5	20	1.120904	0.1941041	0.4197782
5	21	1.120904	0.1941041	0.4197782
9	2	0.3728233	0.3443902	1.135001
9	3	0.3728232	0.3443902	1.135001
9	4	0.3728233	0.3443901	1.135001
9	5	0.3728233	0.3443901	1.135001
9	6	0.3728233	0.3443901	1.135001
9	7	0.3728233	0.3443901	1.135001
9	8	0.2843563	0.4829035	0.02309713
9	9	0.3728234	0.3443901	1.135001
9	16	0.3728233	0.3443901	1.135001
9	17	0.3728233	0.3443901	1.135001
9	18	0.3728233	0.3443901	1.135001
9	19	0.3728233	0.3443901	1.135001
9	20	0.3728233	0.3443901	1.135001
9	21	0.3728233	0.3443901	1.135001
10	2	0.3050078	0.3497657	1.281574
10	3	0.3050078	0.3497657	1.281574
10	4	0.3050078	0.3497657	1.281574
10	5	0.3050078	0.3497657	1.281574
10	6	0.3050078	0.3497657	1.281574
10	7	0.3050078	0.3497657	1.281574
10	8	-0.3576161	0.5643338	1.107962
10	9	0.3050078	0.3497657	1.281574
10	10	0.36425	0.4622097	-0.007272056
10	11	0.36425	0.4622097	-0.007272056
10	12	0.36425	0.4622097	-0.007272056
10	13	0.36425	0.4622097	-0.007272056
10	14	0.36425	0.4622097	-0.007272056
10	15	0.36425	0.4622097	-0.007272056
10	16	0.3050078	0.3497657	1.281574
10	17	0.3050078	0.3497657	1.281574
10	18	0.3050078	0.3497657	1.281574
10	19	0.3050078	0.3497657	1.281574
10	20	0.3050078	0.3497657	1.281574
10	21	0.3050078	0.3497657	1.281574
11	1	-0.1746175	0.4707408	1.496154
11	2	0.2491238	0.3718327	1.227583
11	3	0.2491238	0.3718327	1.227583
11	4	0.2491238	0.3718327	1.227583
11	5	0.2491238	0.3718327	1.227583
11	6	0.2491238	0.3718327	1.227583
11	7	0.2491238	0.3718327	1.227583
11	8	0.645353	0.2608471	1.159768
11	9	0.2491238	0.3718327	1.227583
11	10	0.3645741	0.459989	0.01377880
11	11	0.3645741	0.459989	0.01377880
11	12	0.3645741	0.459989	0.01377880
11	13	0.3645741	0.459989	0.01377880
11	14	0.3645741	0.459989	0.01377880
11	15	0.3645741	0.459989	0.01377880
11	16	0.2491238	0.3718327	1.227583
11	17	0.2491238	0.3718327	1.227583
11	18	0.2491238	0.3718327	1.227583
11	19	0.2491238	0.3718327	1.227583
11	20	0.2491238	0.3718327	1.227583
11	21	0.2491238	0.3718327	1.227583
12	1	0.1770794	0.3727403	1.430893
12	2	0.2283657	0.3761193	1.246275
12	3	0.2283657	0.3761193	1.246275
12	4	0.2283657	0.3761193	1.246275
12	5	0.2283657	0.3761193	1.246275
12	6	0.2283657	0.3761193	1.246275
12	7	0.2283657	0.3761193	1.246275
12	9	0.2283657	0.3761193	1.246275
12	10	0.3806328	0.4551419	0.01448844
12	11	0.3806328	0.4551419	0.01448844
12	12	0.3806328	0.4551419	0.01448844
12	13	0.3806328	0.4551419	0.01448844
12	14	0.3806328	0.4551419	0.01448844
12	15	0.3806328	0.4551419	0.01448844
12	16	0.2283657	0.3761193	1.246275
12	17	0.2283657	0.3761193	1.246275
12	18	0.2283657	0.3761193	1.246275
12	19	0.2283657	0.3761193	1.246275
12	20	0.2283657	0.3761193	1.246275
12	21	0.2283657	0.3761193	1.246275
13	1	0.2424789	0.3720543	1.244968
13	2	0.2424790	0.3720543	1.244968
13	3	0.2424790	0.3720543	1.244968
13	4	0.2424790	0.3720543	1.244968
13	5	0.2424790	0.3720543	1.244968
13	6	0.2424790	0.3720543	1.244968
13	7	0.2424789	0.3720543	1.244968
13	8	0.2424789	0.3720543	1.244968
13	9	0.2424789	0.3720543	1.244968
13	10	0.3699402	0.4581325	0.01636317
13	11	0.3699402	0.4581325	0.01636317
13	12	0.3699402	0.4581325	0.01636317
13	13	0.3699402	0.4581325	0.01636317
13	14	0.3699402	0.4581325	0.01636317
13	15	0.3699402	0.4581325	0.01636318
13	16	0.2424790	0.3720543	1.244968
13	17	0.2424789	0.3720543	1.244968
13	18	0.2424789	0.3720543	1.244968
13	19	0.2424789	0.3720543	1.244968
13	20	0.2424789	0.3720543	1.244968
13	21	0.2424790	0.3720543	1.244968
14	1	0.2530218	0.3730887	1.203649
14	2	0.2530219	0.3730887	1.203649
14	3	0.2530218	0.3730887	1.203649
14	4	0.2530218	0.3730887	1.203649
14	5	0.2530218	0.3730887	1.203649
14	6	0.2530218	0.3730887	1.203649
14	7	0.2530218	0.3730887	1.203649
14	8	0.2530218	0.3730887	1.203649
14	9	0.2530218	0.3730887	1.203649
14	10	0.3792392	0.4535657	0.03421521
14	11	0.3792392	0.4535657	0.03421521
14	12	0.3792392	0.4535657	0.03421521
14	13	0.3792392	0.4535657	0.03421521
14	14	0.3792392	0.4535657	0.03421521
14	15	0.3792392	0.4535657	0.03421521
14	16	0.2530218	0.3730887	1.203649
14	17	0.2530218	0.3730887	1.203649
14	18	0.2530218	0.3730887	1.203649
14	19	0.2530218	0.3730887	1.203649
14	20	0.2530218	0.3730887	1.203649
14	21	0.2530218	0.3730887	1.203649
15	1	0.2530218	0.3730887	1.203649
15	2	0.2530219	0.3730887	1.203649
15	3	0.2530218	0.3730887	1.203649
15	4	0.2530218	0.3730887	1.203649
15	5	0.2530218	0.3730887	1.203649
15	6	0.2530218	0.3730887	1.203649
15	7	0.2530218	0.3730887	1.203649
15	8	0.2530218	0.3730887	1.203649
15	9	0.2530218	0.3730887	1.203649
15	10	0.3792392	0.4535657	0.03421521
15	11	0.3792392	0.4535657	0.03421521
15	12	0.3792392	0.4535657	0.03421521
15	13	0.3792392	0.4535657	0.03421521
15	14	0.3792392	0.4535657	0.03421521
15	15	0.3792392	0.4535657	0.03421521
15	16	0.2530218	0.3730887	1.203649
15	17	0.2530218	0.3730887	1.203649
15	18	0.2530218	0.3730887	1.203649
15	19	0.2530218	0.3730887	1.203649
15	20	0.2530218	0.3730887	1.203649
15	21	0.2530218	0.3730887	1.203649
16	1	0.2530218	0.3730887	1.203649
16	2	0.2530219	0.3730887	1.203649
16	3	0.2530218	0.3730887	1.203649
16	4	0.2530218	0.3730887	1.203649
16	5	0.2530218	0.3730887	1.203649
16	6	0.2530218	0.3730887	1.203649
16	7	0.2530218	0.3730887	1.203649
16	8	0.2530218	0.3730887	1.203649
16	9	0.2530218	0.3730887	1.203649
16	10	0.3792392	0.4535657	0.03421521
16	11	0.3792392	0.4535657	0.03421521
16	12	0.3792392	0.4535657	0.03421521
16	13	0.3792392	0.4535657	0.03421521
16	14	0.3792392	0.4535657	0.03421521
16	15	0.3792392	0.4535657	0.03421521
16	16	0.2530218	0.3730887	1.203649
16	17	0.2530218	0.3730887	1.203649
16	18	0.2530218	0.3730887	1.203649
16	19	0.2530218	0.3730887	1.203649
16	20	0.2530218	0.3730887	1.203649
16	21	0.2530218	0.3730887	1.203649
17	1	0.2530218	0.3730887	1.203649
17	2	0.2530219	0.3730887	1.203649
17	3	0.2530218	0.3730887	1.203649
17	4	0.2530218	0.3730887	1.203649
17	5	0.2530218	0.3730887	1.203649
17	6	0.2530218	0.3730887	1.203649
17	7	0.2530218	0.3730887	1.203649
17	8	0.2530218	0.3730887	1.203649
17	9	0.2530218	0.3730887	1.203649
17	10	0.3792392	0.4535657	0.03421521
17	11	0.3792392	0.4535657	0.03421521
17	12	0.3792392	0.4535657	0.03421521
17	13	0.3792392	0.4535657	0.03421521
17	14	0.3792392	0.4535657	0.03421521
17	15	0.3792392	0.4535657	0.03421521
17	16	0.2530218	0.3730887	1.203649
17	17	0.2530218	0.3730887	1.203649
17	18	0.2530218	0.3730887	1.203649
17	19	0.2530218	0.3730887	1.203649
17	20	0.2530218	0.3730887	1.203649
17	21	0.2530218	0.3730887	1.203649
18	1	0.2530218	0.3730887	1.203649
18	2	0.2530219	0.3730887	1.203649
18	3	0.2530218	0.3730887	1.203649
18	4	0.2530218	0.3730887	1.203649
18	5	0.2530218	0.3730887	1.203649
18	6	0.2530218	0.3730887	1.203649
18	7	0.2530218	0.3730887	1.203649
18	8	0.2530218	0.3730887	1.203649
18	9	0.2530218	0.3730887	1.203649
18	10	0.3792392	0.4535657	0.03421521
18	11	0.3792392	0.4535657	0.03421521
18	12	0.3792392	0.4535657	0.03421521
18	13	0.3792392	0.4535657	0.03421521
18	14	0.3792392	0.4535657	0.03421521
18	15	0.3792392	0.4535657	0.03421521
18	16	0.2530218	0.3730887	1.203649
18	17	0.2530218	0.3730887	1.203649
18	18	0.2530218	0.3730887	1.203649
18	19	0.2530218	0.3730887	1.203649
18	20	0.2530218	0.3730887	1.203649
18	21	0.2530218	0.3730887	1.203649
19	1	0.2530218	0.3730887	1.203649
19	2	0.2530219	0.3730887	1.203649
19	3	0.2530218	0.3730887	1.203649
19	4	0.2530218	0.3730887	1.203649
19	5	0.2530218	0.3730887	1.203649
19	6	0.2530218	0.3730887	1.203649
19	7	0.2530218	0.3730887	1.203649
19	8	0.2530218	0.3730887	1.203649
19	9	0.2530218	0.3730887	1.203649
19	10	0.3792392	0.4535657	0.03421521
19	11	0.3792392	0.4535657	0.03421521
19	12	0.3792392	0.4535657	0.03421521
19	13	0.3792392	0.4535657	0.03421521
19	14	0.3792392	0.4535657	0.03421521
19	15	0.3792392	0.4535657	0.03421521
19	16	0.2530218	0.3730887	1.203649
19	17	0.2530218	0.3730887	1.203649
19	18	0.2530218	0.3730887	1.203649
19	19	0.2530218	0.3730887	1.203649
19	20	0.2530218	0.3730887	1.203649
19	21	0.2530218	0.3730887	1.203649
20	1	0.2530218	0.3730887	1.203649
20	2	0.2530219	0.3730887	1.203649
20	3	0.2530218	0.3730887	1.203649
20	4	0.2530218	0.3730887	1.203649
20	5	0.2530218	0.3730887	1.203649
20	6	0.2530218	0.3730887	1.203649
20	7	0.2530218	0.3730887	1.203649
20	8	0.2530218	0.3730887	1.203649
20	9	0.2530218	0.3730887	1.203649
20	10	0.3792392	0.4535657	0.03421521
20	11	0.3792392	0.4535657	0.03421521
20	12	0.3792392	0.4535657	0.03421521
20	13	0.3792392	0.4535657	0.03421521
20	14	0.3792392	0.4535657	0.03421521
20	15	0.3792392	0.4535657	0.03421521
20	16	0.2530218	0.3730887	1.203649
20	17	0.2530218	0.3730887	1.203649
20	18	0.2530218	0.3730887	1.203649
20	19	0.2530218	0.3730887	1.203649
20	20	0.2530218	0.3730887	1.203649
20	21	0.2530218	0.3730887	1.203649
21	1	0.2530218	0.3730887	1.203649
21	2	0.2530219	0.3730887	1.203649
21	3	0.2530218	0.3730887	1.203649
21	4	0.2530218	0.3730887	1.203649
21	5	0.2530218	0.3730887	1.203649
21	6	0.2530218	0.3730887	1.203649
21	7	0.2530218	0.3730887	1.203649
21	8	0.2530218	0.3730887	1.203649
21	9	0.2530218	0.3730887	1.203649
21	10	0.3792392	0.4535657	0.03421521
21	11	0.3792392	0.4535657	0.03421521
21	12	0.3792392	0.4535657	0.03421521
21	13	0.3792392	0.4535657	0.03421521
21	14	0.3792392	0.4535657	0.03421521
21	15	0.3792392	0.4535657	0.03421521
21	16	0.2530218	0.3730887	1.203649
21	17	0.2530218	0.3730887	1.203649
21	18	0.2530218	0.3730887	1.203649
21	19	0.2530218	0.3730887	1.203649
21	20	0.2530218	0.3730887	1.203649
21	21	0.2530218	0.3730887	1.203649
22	1	0.2530218	0.3730887	1.203649
22	2	0.2530219	0.3730887	1.203649
22	3	0.2530218	0.3730887	1.203649
22	4	0.2530218	0.3730887	1.203649
22	5	0.2530218	0.3730887	1.203649
22	6	0.2530218	0.3730887	1.203649
22	7	0.2530218	0.3730887	1.203649
22	8	0.2530218	0.3730887	1.203649
22	9	0.2530218	0.3730887	1.203649
22	10	0.3792392	0.4535657	0.03421521
22	11	0.3792392	0.4535657	0.03421521
22	12	0.3792392	0.4535657	0.03421521
22	13	0.3792392	0.4535657	0.03421521
22	14	0.3792392	0.4535657	0.03421521
22	15	0.3792392	0.4535657	0.03421521
22	16	0.2530218	0.3730887	1.203649
22	17	0.2530218	0.3730887	1.203649
22	18	0.2530218	0.3730887	1.203649
22	19	0.2530218	0.3730887	1.203649
22	20	0.2530218	0.3730887	1.203649
22	21	0.2530218	0.3730887	1.203649
23	1	0.2530218	0.3730887	1.203649
23	2	0.2530219	0.3730887	1.203649
23	3	0.2530218	0.3730887	1.203649
23	4	0.2530218	0.3730887	1.203649
23	5	0.2530218	0.3730887	1.203649
23	6	0.2530218	0.3730887	1.203649
23	7	0.2530218	0.3730887	1.203649
23	8	0.2530218	0.3730887	1.203649
23	9	0.2530218	0.3730887	1.203649
23	10	0.3792392	0.4535657	0.03421521
23	11	0.3792392	0.4535657	0.03421521
23	12	0.3792392	0.4535657	0.03421521
23	13	0.3792392	0.4535657	0.03421521
23	14	0.3792392	0.4535657	0.03421521
23	15	0.3792392	0.4535657	0.03421521
23	16	0.2530218	0.3730887	1.203649
23	17	0.2530218	0.3730887	1.203649
23	18	0.2530218	0.3730887	1.203649
23	19	0.2530218	0.3730887	1.203649
23	20	0.2530218	0.3730887	1.203649
23	21	0.2530218	0.3730887	1.203649
24	1	0.2530218	0.3730887	1.203649
24	2	0.2530219	0.3730887	1.203649
24	3	0.2530218	0.3730887	1.203649
24	4	0.2530218	0.3730887	1.203649
24	5	0.2530218	0.3730887	1.203649
24	6	0.2530218	0.3730887	1.203649
24	7	0.2530218	0.3730887	1.203649
24	8	0.2530218	0.3730887	1.203649
24	9	0.2530218	0.3730887	1.203649
24	10	0.3792392	0.4535657	0.03421521
24	11	0.3792392	0.4535657	0.03421521
24	12	0.3792392	0.4535657	0.03421521
24	13	0.3792392	0.4535657	0.03421521
24	14	0.3792392	0.4535657	0.03421521
24	15	0.3792392	0.4535657	0.03421521
24	16	0.2530218	0.3730887	1.203649
24	17	0.2530218	0.3730887	1.203649
24	18	0.2530218	0.3730887	1.203649
24	19	0.2530218	0.3730887	1.203649
24	20	0.2530218	0.3730887	1.203649
24	21	0.2530218	0.3730887	1.203649
25	10	1.120904	0.1941041	0.4197782
25	11	1.120904	0.1941041	0.4197782
25	12	1.120904	0.1941041	0.4197782
25	13	1.120904	0.1941041	0.4197782
25	14	1.120904	0.1941041	0.4197782
25	15	1.120904	0.1941041	0.4197782
26	10	1.120904	0.1941041	0.4197782
26	11	1.120904	0.1941041	0.4197782
26	12	1.120904	0.1941041	0.4197782
26	13	1.120904	0.1941041	0.4197782
26	14	1.120904	0.1941041	0.4197782
26	15	1.120904	0.1941041	0.4197782
27	10	1.120904	0.1941041	0.4197782
27	11	1.120904	0.1941041	0.4197782
27	12	1.120904	0.1941041	0.4197782
27	13	1.120904	0.1941041	0.4197782
27	14	1.120904	0.1941041	0.4197782
27	15	1.120904	0.1941041	0.4197782
28	10	1.120904	0.1941041	0.4197782
28	11	1.120904	0.1941041	0.4197782
28	12	1.120904	0.1941041	0.4197782
28	13	1.120904	0.1941041	0.4197782
28	14	1.120904	0.1941041	0.4197782
28	15	1.120904	0.1941041	0.4197782
29	10	1.120904	0.1941041	0.4197782
29	11	1.120904	0.1941041	0.4197782
29	12	1.120904	0.1941041	0.4197782
29	13	1.120904	0.1941041	0.4197782
29	14	1.120904	0.1941041	0.4197782
29	15	1.120904	0.1941041	0.4197782
30	10	1.120904	0.1941041	0.4197782
30	11	1.120904	0.1941041	0.4197782
30	12	1.120904	0.1941041	0.4197782
30	13	1.120904	0.1941041	0.4197782
30	14	1.120904	0.1941041	0.4197782
30	15	1.120904	0.1941041	0.4197782
31	10	1.120904	0.1941041	0.4197782
31	11	1.120904	0.1941041	0.4197782
31	12	1.120904	0.1941041	0.4197782
31	13	1.120904	0.1941041	0.4197782
31	14	1.120904	0.1941041	0.4197782
31	15	1.120904	0.1941041	0.4197782
32	10	1.120904	0.1941041	0.4197782
32	11	1.120904	0.1941041	0.4197782
32	12	1.120904	0.1941041	0.4197782
32	13	1.120904	0.1941041	0.4197782
32	14	1.120904	0.1941041	0.4197782
32	15	1.120904	0.1941041	0.4197782
33	10	1.120904	0.1941041	0.4197782
33	11	1.120904	0.1941041	0.4197782
33	12	1.120904	0.1941041	0.4197782
33	13	1.120904	0.1941041	0.4197782
33	14	1.120904	0.1941041	0.4197782
33	15	1.120904	0.1941041	0.4197782
34	10	1.120904	0.1941041	0.4197782
34	11	1.120904	0.1941041	0.4197782
34	12	1.120904	0.1941041	0.4197782
34	13	1.120904	0.1941041	0.4197782
34	14	1.120904	0.1941041	0.4197782
34	15	1.120904	0.1941041	0.4197782
35	10	1.120904	0.1941041	0.4197782
35	11	1.120904	0.1941041	0.4197782
35	12	1.120904	0.1941041	0.4197782
35	13	1.120904	0.1941041	0.4197782
35	14	1.120904	0.1941041	0.4197782
35	15	1.120904	0.1941041	0.4197782
36	10	1.120904	0.1941041	0.4197782
36	11	1.120904	0.1941041	0.4197782
36	12	1.120904	0.1941041	0.4197782
36	13	1.120904	0.1941041	0.4197782
36	14	1.120904	0.1941041	0.4197782
36	15	1.120904	0.1941041	0.4197782
37	10	1.120904	0.1941041	0.4197782
37	11	1.120904	0.1941041	0.4197782
37	12	1.120904	0.1941041	0.4197782
37	13	1.120904	0.1941041	0.4197782
37	14	1.120904	0.1941041	0.4197782
37	15	1.120904	0.1941041	0.4197782
38	10	1.120904	0.1941041	0.4197782
38	11	1.120904	0.1941041	0.4197782
38	12	1.120904	0.1941041	0.4197782
38	13	1.120904	0.1941041	0.4197782
38	14	1.120904	0.1941041	0.4197782
38	15	1.120904	0.1941041	0.4197782
39	10	1.120904	0.1941041	0.4197782
39	11	1.120904	0.1941041	0.4197782
39	12	1.120904	0.1941041	0.4197782
39	13	1.120904	0.1941041	0.4197782
39	14	1.120904	0.1941041	0.4197782
39	15	1.120904	0.1941041	0.4197782
40	10	1.120904	0.1941041	0.4197782
40	11	1.120904	0.1941041	0.4197782
40	12	1.120904	0.1941041	0.4197782
40	13	1.120904	0.1941041	0.4197782
40	14	1.120904	0.1941041	0.4197782
40	15	1.120904	0.1941041	0.4197782
41	10	1.120904	0.1941041	0.4197782
41	11	1.120904	0.1941041	0.4197782
41	12	1.120904	0.1941041	0.4197782
41	13	1.120904	0.1941041	0.4197782
41	14	1.120904	0.1941041	0.4197782
41	15	1.120904	0.1941041	0.4197782
42	10	1.120904	0.1941041	0.4197782
42	11	1.120904	0.1941041	0.4197782
42	12	1.120904	0.1941041	0.4197782
42	13	1.120904	0.1941041	0.4197782
42	14	1.120904	0.1941041	0.4197782
42	15	1.120904	0.1941041	0.4197782
43	10	1.120904	0.1941041	0.4197782
43	11	1.120904	0.1941041	0.4197782
43	12	1.120904	0.1941041	0.4197782
43	13	1.120904	0.1941041	0.4197782
43	14	1.120904	0.1941041	0.4197782
43	15	1.120904	0.1941041	0.4197782
44	10	1.120904	0.1941041	0.4197782
44	11	1.120904	0.1941041	0.4197782
44	12	1.120904	0.1941041	0.4197782
44	13	1.120904	0.1941041	0.4197782
44	14	1.120904	0.1941041	0.4197782
44	15	1.120904	0.1941041	0.4197782
45	10	1.120904	0.1941041	0.4197782
45	11	1.120904	0.1941041	0.4197782
45	12	1.120904	0.1941041	0.4197782
45	13	1.120904	0.1941041	0.4197782
45	14	1.120904	0.1941041	0.4197782
45	15	1.120904	0.1941041	0.4197782
46	10	1.120904	0.1941041	0.4197782
46	11	1.120904	0.1941041	0.4197782
46	12	1.120904	0.1941041	0.4197782
46	13	1.120904	0.1941041	0.4197782
46	14	1.120904	0.1941041	0.4197782
46	15	1.120904	0.1941041	0.4197782
47	10	1.120904	0.1941041	0.4197782
47	11	1.120904	0.1941041	0.4197782
47	12	1.120904	0.1941041	0.4197782
47	13	1.120904	0.1941041	0.4197782
47	14	1.120904	0.1941041	0.4197782
47	15	1.120904	0.1941041	0.4197782
48	10	1.120904	0.1941041	0.4197782
48	11	1.120904	0.1941041	0.4197782
48	12	1.120904	0.1941041	0.4197782
48	13	1.120904	0.1941041	0.4197782
48	14	1.120904	0.1941041	0.4197782
48	15	1.120904	0.1941041	0.4197782
49	10	1.120904	0.1941041	0.4197782
49	11	1.120904	0.1941041	0.4197782
49	12	1.120904	0.1941041	0.4197782
49	13	1.120904	0.1941041	0.4197782
49	14	1.120904	0.1941041	0.4197782
49	15	1.120904	0.1941041	0.4197782
50	10	1.120904	0.1941041	0.4197782
50	11	1.120904	0.1941041	0.4197782
50	12	1.120904	0.1941041	0.4197782
50	13	1.120904	0.1941041	0.4197782
50	14	1.120904	0.1941041	0.4197782
50	15	1.120904	0.1941041	0.4197782
51	10	1.120904	0.1941041	0.4197782
51	11	1.120904	0.1941041	0.4197782
51	12	1.120904	0.1941041	0.4197782
51	13	1.120904	0.1941041	0.4197782
51	14	1.120904	0.1941041	0.4197782
51	15	1.120904	0.1941041	0.4197782
52	10	1.120904	0.1941041	0.4197782
52	11	1.120904	0.1941041	0.4197782
52	12	1.120904	0.1941041	0.4197782
52	13	1.120904	0.1941041	0.4197782
52	14	1.120904	0.1941041	0.4197782
52	15	1.120904	0.1941041	0.4197782
53	10	1.120904	0.1941041	0.4197782
53	11	1.120904	0.1941041	0.4197782
53	12	1.120904	0.1941041	0.4197782
53	13	1.120904	0.1941041	0.4197782
53	14	1.120904	0.1941041	0.4197782
53	15	1.120904	0.1941041	0.4197782
54	10	1.120904	0.1941041	0.4197782
54	11	1.120904	0.1941041	0.4197782
54	12	1.120904	0.1941041	0.4197782
54	13	1.120904	0.1941041	0.4197782
54	14	1.120904	0.1941041	0.4197782
54	15	1.120904	0.1941041	0.4197782
55	10	1.120904	0.1941041	0.4197782
55	11	1.120904	0.1941041	0.4197782
55	12	1.120904	0.1941041	0.4197782
55	13	1.120904	0.1941041	0.4197782
55	14	1.120904	0.1941041	0.4197782
55	15	1.120904	0.1941041	0.4197782
56	10	1.120904	0.1941041	0.4197782
56	11	1.120904	0.1941041	0.4197782
56	12	1.120904	0.1941041	0.4197782
56	13	1.120904	0.1941041	0.4197782
56	14	1.120904	0.1941041	0.4197782
56	15	1.120904	0.1941041	0.4197782
57	10	1.120904	0.1941041	0.4197782
57	11	1.120904	0.1941041	0.4197782
57	12	1.120904	0.1941041	0.4197782
57	13	1.120904	0.1941041	0.4197782
57	14	1.120904	0.1941041	0.4197782
57	15	1.120904	0.1941041	0.4197782
58	10	1.120904	0.1941041	0.4197782
58	11	1.120904	0.1941041	0.4197782
58	12	1.120904	0.1941041	0.4197782
58	13	1.120904	0.1941041	0.4197782
58	14	1.120904	0.1941041	0.4197782
58	15	1.120904	0.1941041	0.4197782
59	10	1.120904	0.1941041	0.4197782
59	11	1.120904	0.1941041	0.4197782
59	12	1.120904	0.1941041	0.4197782
59	13	1.120904	0.1941041	0.4197782
59	14	1.120904	0.1941041	0.4197782
59	15	1.120904	0.1941041	0.4197782
60	10	1.120904	0.1941041	0.4197782
60	11	1.120904	0.1941041	0.4197782
60	12	1.120904	0.1941041	0.4197782
60	13	1.120904	0.1941041	0.4197782
60	14	1.120904	0.1941041	0.4197782
60	15	1.120904	0.1941041	0.4197782
61	10	1.120904	0.1941041	0.4197782
61	11	1.120904	0.1941041	0.4197782
61	12	1.120904	0.1941041	0.4197782
61	13	1.120904	0.1941041	0.4197782
61	14	1.120904	0.1941041	0.4197782
61	15	1.120904	0.1941041	0.4197782
62	10	1.120904	0.1941041	0.4197782
62	11	1.120904	0.1941041	0.4197782
62	12	1.120904	0.1941041	0.4197782
62	13	1.120904	0.1941041	0.4197782
62	14	1.120904	0.1941041	0.4197782
62	15	1.120904	0.1941041	0.4197782
63	10	1.120904	0.1941041	0.4197782
63	11	1.120904	0.1941041	0.4197782
63	12	1.120904	0.1941041	0.4197782
63	13	1.120904	0.1941041	0.4197782
63	14	1.120904	0.1941041	0.4197782
63	15	1.120904	0.1941041	0.4197782
64	10	1.120904	0.1941041	0.4197782
64	11	1.120904	0.1941041	0.4197782
64	12	1.120904	0.1941041	0.4197782
64	13	1.120904	0.1941041	0.4197782
64	14	1.120904	0.1941041	0.4197782
64	15	1.120904	0.1941041	0.4197782
65	10	1.120904	0.1941041	0.4197782
65	11	1.120904	0.1941041	0.4197782
65	12	1.120904	0.1941041	0.4197782
65	13	1.120904	0.1941041	0.4197782
65	14	1.120904	0.1941041	0.4197782
65	15	1.120904	0.1941041	0.4197782
66	10	1.120904	0.1941041	0.4197782
66	11	1.120904	0.1941041	0.4197782
66	12	1.120904	0.1941041	0.4197782
66	13	1.120904	0.1941041	0.4197782
66	14	1.120904	0.1941041	0.4197782
66	15	1.120904	0.1941041	0.4197782
67	10	1.120904	0.1941041	0.4197782
67	11	1.120904	0.1941041	0.4197782
67	12	1.120904	0.1941041	0.4197782
67	13	1.120904	0.1941041	0.4197782
67	14	1.120904	0.1941041	0.4197782
67	15	1.120904	0.1941041	0.4197782
68	10	1.120904	0.1941041	0.4197782
68	11	1.120904	0.1941041	0.4197782
68	12	1.120904	0.1941041	0.4197782
68	13	1.120904	0.1941041	0.4197782
68	14	1.120904	0.1941041	0.4197782
68	15	1.120904	0.1941041	0.4197782
69	10	1.120904	0.1941041	0.4197782
69	11	1.120904	0.1941041	0.4197782
69	12	1.120904	0.1941041	0.4197782
69	13	1.120904	0.1941041	0.4197782
69	14	1.120904	0.1941041	0.4197782
69	15	1.120904	0.1941041	0.4197782
70	10	1.120904	0.1941041	0.4197782
70	11	1.120904	0.1941041	0.4197782
70	12	1.120904	0.1941041	0.4197782
70	13	1.120904	0.1941041	0.4197782
70	14	1.120904	0.1941041	0.4197782
70	15	1.120904	0.1941041	0.4197782
71	10	1.120904	0.1941041	0.4197782
71	11	1.120904	0.1941041	0.4197782
71	12	1.120904	0.1941041	0.4197782
71	13	1.120904	0.1941041	0.4197782
71	14	1.120904	0.1941041	0.4197782
71	15	1.120904	0.1941041	0.4197782
72	10	1.120904	0.1941041	0.4197782
72	11	1.120904	0.1941041	0.4197782
72	12	1.120904	0.1941041	0.4197782
72	13	1.120904	0.1941041	0.4197782
72	14	1.120904	0.1941041	0.4197782
72	15	1.120904	0.1941041	0.4197782
73	10	1.120904	0.1941041	0.4197782
73	11	1.120904	0.1941041	0.4197782
73	12	1.120904	0.1941041	0.4197782
73	13	1.120904	0.1941041	0.4197782
73	14	1.120904	0.1941041	0.4197782
73	15	1.120904	0.1941041	0.4197782
74	10	1.120904	0.1941041	0.4197782
74	11	1.120904	0.1941041	0.4197782
74	12	1.120904	0.1941041	0.4197782
74	13	1.120904	0.1941041	0.4197782
74	14	1.120904	0.1941041	0.4197782
74	15	1.120904	0.1941041	0.4197782
75	10	1.120904	0.1941041	0.4197782
75	11	1.120904	0.1941041	0.4197782
75	12	1.120904	0.1941041	0.4197782
75	13	1.120904	0.1941041	0.4197782
75	14	1.120904	0.1941041	0.4197782
75	15	1.120904	0.1941041	0.4197782
76	1	0.222533	0.3702542	1.321584
76	2	0.2225329	0.3702542	1.321584
76	3	0.2225330	0.3702542	1.321584
76	4	0.2225330	0.3702542	1.321584
76	5	0.2225330	0.3702542	1.321584
76	6	0.222533	0.3702542	1.321584
76	7	0.222533	0.3702542	1.321584
76	8	0.222533	0.3702542	1.321584
76	9	0.222533	0.3702542	1.321584
76	10	0.3511309	0.4664182	-0.01031602
76	11	0.3511309	0.4664182	-0.01031602
76	12	0.3511309	0.4664182	-0.01031602
76	13	0.3511309	0.4664182	-0.01031602
76	14	0.3511309	0.4664182	-0.01031602
76	15	0.3511309	0.4664182	-0.01031602
76	16	0.2225330	0.3702542	1.321584
76	17	0.2225330	0.3702542	1.321584
76	18	0.2225330	0.3702542	1.321584
76	19	0.2225330	0.3702542	1.321584
76	20	0.2225330	0.3702542	1.321584
76	21	0.2225330	0.3702542	1.321584
77	1	0.222533	0.3702542	1.321584
77	2	0.2225329	0.3702542	1.321584
77	3	0.2225330	0.3702542	1.321584
77	4	0.2225330	0.3702542	1.321584
77	5	0.2225330	0.3702542	1.321584
77	6	0.222533	0.3702542	1.321584
77	7	0.222533	0.3702542	1.321584
77	8	0.222533	0.3702542	1.321584
77	9	0.222533	0.3702542	1.321584
77	10	0.3511309	0.4664182	-0.01031602
77	11	0.3511309	0.4664182	-0.01031602
77	12	0.3511309	0.4664182	-0.01031602
77	13	0.3511309	0.4664182	-0.01031602
77	14	0.3511309	0.4664182	-0.01031602
77	15	0.3511309	0.4664182	-0.01031602
77	16	0.2225330	0.3702542	1.321584
77	17	0.2225330	0.3702542	1.321584
77	18	0.2225330	0.3702542	1.321584
77	19	0.2225330	0.3702542	1.321584
77	20	0.2225330	0.3702542	1.321584
77	21	0.2225330	0.3702542	1.321584
78	1	0.222533	0.3702542	1.321584
78	2	0.2225329	0.3702542	1.321584
78	3	0.2225330	0.3702542	1.321584
78	4	0.2225330	0.3702542	1.321584
78	5	0.2225330	0.3702542	1.321584
78	6	0.222533	0.3702542	1.321584
78	7	0.222533	0.3702542	1.321584
78	8	0.222533	0.3702542	1.321584
78	9	0.222533	0.3702542	1.321584
78	10	0.3511309	0.4664182	-0.01031602
78	11	0.3511309	0.4664182	-0.01031602
78	12	0.3511309	0.4664182	-0.01031602
78	13	0.3511309	0.4664182	-0.01031602
78	14	0.3511309	0.4664182	-0.01031602
78	15	0.3511309	0.4664182	-0.01031602
78	16	0.2225330	0.3702542	1.321584
78	17	0.2225330	0.3702542	1.321584
78	18	0.2225330	0.3702542	1.321584
78	19	0.2225330	0.3702542	1.321584
78	20	0.2225330	0.3702542	1.321584
78	21	0.2225330	0.3702542	1.321584
79	1	-0.1751402	0.4808404	1.397612
79	2	-0.1751402	0.4808404	1.397612
79	3	-0.1751402	0.4808404	1.397612
79	4	-0.1751402	0.4808404	1.397612
79	5	-0.1751402	0.4808404	1.397612
79	6	-0.1751402	0.4808404	1.397612
79	7	-0.1751402	0.4808404	1.397612
79	8	-0.1751402	0.4808404	1.397612
79	9	-0.1751402	0.4808404	1.397612
79	10	0.3433394	0.468578	-0.008758504
79	11	0.3433394	0.468578	-0.008758504
79	12	0.3433394	0.468578	-0.008758504
79	13	0.3433394	0.468578	-0.008758504
79	14	0.3433394	0.468578	-0.008758504
79	15	0.3433394	0.468578	-0.008758504
79	16	0.9754537	0.1991646	0.7982522
79	17	0.9754537	0.1991646	0.7982522
79	18	0.9754537	0.1991646	0.7982522
79	19	0.9754537	0.1991646	0.7982522
79	20	0.9754537	0.1991646	0.7982522
79	21	0.9754537	0.1991646	0.7982522
80	1	-0.1751402	0.4808404	1.397612
80	2	-0.1751402	0.4808404	1.397612
80	3	-0.1751402	0.4808404	1.397612
80	4	-0.1751402	0.4808404	1.397612
80	5	-0.1751402	0.4808404	1.397612
80	6	-0.1751402	0.4808404	1.397612
80	7	-0.1751402	0.4808404	1.397612
80	8	-0.1751402	0.4808404	1.397612
80	9	-0.1751402	0.4808404	1.397612
80	10	0.3433394	0.468578	-0.008758504
80	11	0.3433394	0.468578	-0.008758504
80	12	0.3433394	0.468578	-0.008758504
80	13	0.3433394	0.468578	-0.008758504
80	14	0.3433394	0.468578	-0.008758504
80	15	0.3433394	0.468578	-0.008758504
80	16	0.9754537	0.1991646	0.7982522
80	17	0.9754537	0.1991646	0.7982522
80	18	0.9754537	0.1991646	0.7982522
80	19	0.9754537	0.1991646	0.7982522
80	20	0.9754537	0.1991646	0.7982522
80	21	0.9754537	0.1991646	0.7982522
81	1	-0.1751402	0.4808404	1.397612
81	2	-0.1751402	0.4808404	1.397612
81	3	-0.1751402	0.4808404	1.397612
81	4	-0.1751402	0.4808404	1.397612
81	5	-0.1751402	0.4808404	1.397612
81	6	-0.1751402	0.4808404	1.397612
81	7	-0.1751402	0.4808404	1.397612
81	8	-0.1751402	0.4808404	1.397612
81	9	-0.1751402	0.4808404	1.397612
81	10	0.3433394	0.468578	-0.008758504
81	11	0.3433394	0.468578	-0.008758504
81	12	0.3433394	0.468578	-0.008758504
81	13	0.3433394	0.468578	-0.008758504
81	14	0.3433394	0.468578	-0.008758504
81	15	0.3433394	0.468578	-0.008758504
81	16	0.9754537	0.1991646	0.7982522
81	17	0.9754537	0.1991646	0.7982522
81	18	0.9754537	0.1991646	0.7982522
81	19	0.9754537	0.1991646	0.7982522
81	20	0.9754537	0.1991646	0.7982522
81	21	0.9754537	0.1991646	0.7982522
82	1	-0.1751402	0.4808404	1.397612
82	2	-0.1751402	0.4808404	1.397612
82	3	-0.1751402	0.4808404	1.397612
82	4	-0.1751402	0.4808404	1.397612
82	5	-0.1751402	0.4808404	1.397612
82	6	-0.1751402	0.4808404	1.397612
82	7	-0.1751402	0.4808404	1.397612
82	8	-0.1751402	0.4808404	1.397612
82	9	-0.1751402	0.4808404	1.397612
82	10	0.3433394	0.468578	-0.008758504
82	11	0.3433394	0.468578	-0.008758504
82	12	0.3433394	0.468578	-0.008758504
82	13	0.3433394	0.468578	-0.008758504
82	14	0.3433394	0.468578	-0.008758504
82	15	0.3433394	0.468578	-0.008758504
82	16	0.9754537	0.1991646	0.7982522
82	17	0.9754537	0.1991646	0.7982522
82	18	0.9754537	0.1991646	0.7982522
82	19	0.9754537	0.1991646	0.7982522
82	20	0.9754537	0.1991646	0.7982522
82	21	0.9754537	0.1991646	0.7982522
83	1	-0.1751402	0.4808404	1.397612
83	2	-0.1751402	0.4808404	1.397612
83	3	-0.1751402	0.4808404	1.397612
83	4	-0.1751402	0.4808404	1.397612
83	5	-0.1751402	0.4808404	1.397612
83	6	-0.1751402	0.4808404	1.397612
83	7	-0.1751402	0.4808404	1.397612
83	8	-0.1751402	0.4808404	1.397612
83	9	-0.1751402	0.4808404	1.397612
83	10	0.3433394	0.468578	-0.008758504
83	11	0.3433394	0.468578	-0.008758504
83	12	0.3433394	0.468578	-0.008758504
83	13	0.3433394	0.468578	-0.008758504
83	14	0.3433394	0.468578	-0.008758504
83	15	0.3433394	0.468578	-0.008758504
83	16	0.9754537	0.1991646	0.7982522
83	17	0.9754537	0.1991646	0.7982522
83	18	0.9754537	0.1991646	0.7982522
83	19	0.9754537	0.1991646	0.7982522
83	20	0.9754537	0.1991646	0.7982522
83	21	0.9754537	0.1991646	0.7982522
84	1	-0.2077985	0.4914695	1.388523
84	2	-0.2077985	0.4914695	1.388523
84	3	-0.2077985	0.4914695	1.388523
84	4	-0.2077985	0.4914695	1.388523
84	5	-0.2077985	0.4914695	1.388523
84	6	-0.2077985	0.4914695	1.388523
84	7	-0.2077985	0.4914695	1.388523
84	8	-0.2077985	0.4914695	1.388523
84	9	-0.2077985	0.4914695	1.388523
84	10	0.3417635	0.4690032	-0.00832847
84	11	0.3417635	0.4690032	-0.00832847
84	12	0.3417635	0.4690032	-0.00832847
84	13	0.3417635	0.4690032	-0.00832847
84	14	0.3417635	0.4690032	-0.00832847
84	15	0.3417635	0.4690032	-0.00832847
84	16	1.046688	0.1845197	0.7334584
84	17	1.046688	0.1845197	0.7334584
84	18	1.046688	0.1845197	0.7334584
84	19	1.046688	0.1845197	0.7334584
84	20	1.046688	0.1845197	0.7334584
84	21	1.046688	0.1845197	0.7334584
85	1	-0.2077985	0.4914695	1.388523
85	2	-0.2077985	0.4914695	1.388523
85	3	-0.2077985	0.4914695	1.388523
85	4	-0.2077985	0.4914695	1.388523
85	5	-0.2077985	0.4914695	1.388523
85	6	-0.2077985	0.4914695	1.388523
85	7	-0.2077985	0.4914695	1.388523
85	8	-0.2077985	0.4914695	1.388523
85	9	-0.2077985	0.4914695	1.388523
85	10	0.3417635	0.4690032	-0.00832847
85	11	0.3417635	0.4690032	-0.00832847
85	12	0.3417635	0.4690032	-0.00832847
85	13	0.3417635	0.4690032	-0.00832847
85	14	0.3417635	0.4690032	-0.00832847
85	15	0.3417635	0.4690032	-0.00832847
85	16	1.046688	0.1845197	0.7334584
85	17	1.046688	0.1845197	0.7334584
85	18	1.046688	0.1845197	0.7334584
85	19	1.046688	0.1845197	0.7334584
85	20	1.046688	0.1845197	0.7334584
85	21	1.046688	0.1845197	0.7334584
86	1	-0.2080029	0.4915374	1.388452
86	2	-0.2080029	0.4915374	1.388452
86	3	-0.2080029	0.4915374	1.388452
86	4	-0.2080029	0.4915374	1.388452
86	5	-0.2080029	0.4915374	1.388452
86	6	-0.2080029	0.4915374	1.388452
86	7	-0.2080029	0.4915374	1.388452
86	8	-0.2045542	0.4904541	1.389024
86	9	-0.2080029	0.4915374	1.388452
86	10	0.3417161	0.4690167	-0.008321673
86	11	0.3417161	0.4690167	-0.008321673
86	12	0.3417161	0.4690167	-0.008321673
86	13	0.3417161	0.4690167	-0.008321673
86	14	0.3417161	0.4690167	-0.008321673
86	15	0.3417161	0.4690167	-0.008321673
86	16	1.046262	0.1846037	0.7338822
86	17	1.046262	0.1846037	0.7338822
86	18	1.046262	0.1846037	0.7338822
86	19	1.046262	0.1846037	0.7338822
86	20	1.046262	0.1846037	0.7338822
86	21	1.046262	0.1846037	0.7338822
87	1	-0.2080029	0.4915374	1.388452
87	2	-0.2080029	0.4915374	1.388452
87	3	-0.2080029	0.4915374	1.388452
87	4	-0.2080029	0.4915374	1.388452
87	5	-0.2080029	0.4915374	1.388452
87	6	-0.2080029	0.4915374	1.388452
87	7	-0.2080029	0.4915374	1.388452
87	8	-0.2045542	0.4904541	1.389024
87	9	-0.2080029	0.4915374	1.388452
87	10	0.3417161	0.4690167	-0.008321673
87	11	0.3417161	0.4690167	-0.008321673
87	12	0.3417161	0.4690167	-0.008321673
87	13	0.3417161	0.4690167	-0.008321673
87	14	0.3417161	0.4690167	-0.008321673
87	15	0.3417161	0.4690167	-0.008321673
87	16	1.046262	0.1846037	0.7338822
87	17	1.046262	0.1846037	0.7338822
87	18	1.046262	0.1846037	0.7338822
87	19	1.046262	0.1846037	0.7338822
87	20	1.046262	0.1846037	0.7338822
87	21	1.046262	0.1846037	0.7338822
88	1	-0.1481861	0.5737002	0.3979844
88	2	-0.1481861	0.5737002	0.3979844
88	3	-0.1481861	0.5737002	0.3979844
88	4	-0.1481861	0.5737002	0.3979844
88	5	-0.1481861	0.5737002	0.3979844
88	6	-0.1481861	0.5737002	0.3979844
88	7	-0.1481861	0.5737002	0.3979844
88	9	-0.1481861	0.5737002	0.3979844
88	16	1.225960	0.1626811	0.4215823
88	17	1.225960	0.1626811	0.4215823
88	18	1.225960	0.1626811	0.4215823
88	19	1.225960	0.1626811	0.4215823
88	20	1.225960	0.1626811	0.4215823
88	21	1.225960	0.1626811	0.4215823
89	16	1.120904	0.1941041	0.4197782
89	17	1.120904	0.1941041	0.4197782
89	18	1.120904	0.1941041	0.4197782
89	19	1.120904	0.1941041	0.4197782
89	20	1.120904	0.1941041	0.4197782
89	21	1.120904	0.1941041	0.4197782
90	16	1.120904	0.1941041	0.4197782
90	17	1.120904	0.1941041	0.4197782
90	18	1.120904	0.1941041	0.4197782
90	19	1.120904	0.1941041	0.4197782
90	20	1.120904	0.1941041	0.4197782
90	21	1.120904	0.1941041	0.4197782
91	16	1.120904	0.1941041	0.4197782
91	17	1.120904	0.1941041	0.4197782
91	18	1.120904	0.1941041	0.4197782
91	19	1.120904	0.1941041	0.4197782
91	20	1.120904	0.1941041	0.4197782
91	21	1.120904	0.1941041	0.4197782
92	16	1.120904	0.1941041	0.4197782
92	17	1.120904	0.1941041	0.4197782
92	18	1.120904	0.1941041	0.4197782
92	19	1.120904	0.1941041	0.4197782
92	20	1.120904	0.1941041	0.4197782
92	21	1.120904	0.1941041	0.4197782
93	16	1.120904	0.1941041	0.4197782
93	17	1.120904	0.1941041	0.4197782
93	18	1.120904	0.1941041	0.4197782
93	19	1.120904	0.1941041	0.4197782
93	20	1.120904	0.1941041	0.4197782
93	21	1.120904	0.1941041	0.4197782
94	16	1.120904	0.1941041	0.4197782
94	17	1.120904	0.1941041	0.4197782
94	18	1.120904	0.1941041	0.4197782
94	19	1.120904	0.1941041	0.4197782
94	20	1.120904	0.1941041	0.4197782
94	21	1.120904	0.1941041	0.4197782
95	16	1.120904	0.1941041	0.4197782
95	17	1.120904	0.1941041	0.4197782
95	18	1.120904	0.1941041	0.4197782
95	19	1.120904	0.1941041	0.4197782
95	20	1.120904	0.1941041	0.4197782
95	21	1.120904	0.1941041	0.4197782
96	16	1.120904	0.1941041	0.4197782
96	17	1.120904	0.1941041	0.4197782
96	18	1.120904	0.1941041	0.4197782
96	19	1.120904	0.1941041	0.4197782
96	20	1.120904	0.1941041	0.4197782
96	21	1.120904	0.1941041	0.4197782
97	16	1.120904	0.1941041	0.4197782
97	17	1.120904	0.1941041	0.4197782
97	18	1.120904	0.1941041	0.4197782
97	19	1.120904	0.1941041	0.4197782
97	20	1.120904	0.1941041	0.4197782
97	21	1.120904	0.1941041	0.4197782
98	16	1.120904	0.1941041	0.4197782
98	17	1.120904	0.1941041	0.4197782
98	18	1.120904	0.1941041	0.4197782
98	19	1.120904	0.1941041	0.4197782
98	20	1.120904	0.1941041	0.4197782
98	21	1.120904	0.1941041	0.4197782
99	16	1.120904	0.1941041	0.4197782
99	17	1.120904	0.1941041	0.4197782
99	18	1.120904	0.1941041	0.4197782
99	19	1.120904	0.1941041	0.4197782
99	20	1.120904	0.1941041	0.4197782
99	21	1.120904	0.1941041	0.4197782
100	16	1.120904	0.1941041	0.4197782
100	17	1.120904	0.1941041	0.4197782
100	18	1.120904	0.1941041	0.4197782
100	19	1.120904	0.1941041	0.4197782
100	20	1.120904	0.1941041	0.4197782
100	21	1.120904	0.1941041	0.4197782
101	1	-0.3207757	0.5557402	1.084557
101	2	-0.3207757	0.5557402	1.084557
101	3	-0.3207757	0.5557402	1.084557
101	4	-0.3207757	0.5557402	1.084557
101	5	-0.3207757	0.5557402	1.084557
101	6	-0.3207757	0.5557402	1.084557
101	7	-0.3207757	0.5557402	1.084557
101	8	0.3044635	0.3438805	1.341498
101	9	-0.3207757	0.5557402	1.084557
101	16	1.029202	0.2595177	0.04179385
101	17	1.029202	0.2595177	0.04179385
101	18	1.029202	0.2595177	0.04179385
101	19	1.029202	0.2595177	0.04179385
101	20	1.029202	0.2595177	0.04179385
101	21	1.029202	0.2595177	0.04179385
102	1	-0.3207757	0.5557402	1.084557
102	2	-0.3207757	0.5557402	1.084557
102	3	-0.3207757	0.5557402	1.084557
102	4	-0.3207757	0.5557402	1.084557
102	5	-0.3207757	0.5557402	1.084557
102	6	-0.3207757	0.5557402	1.084557
102	7	-0.3207757	0.5557402	1.084557
102	8	0.3044635	0.3438805	1.341498
102	9	-0.3207757	0.5557402	1.084557
102	16	1.029202	0.2595177	0.04179385
102	17	1.029202	0.2595177	0.04179385
102	18	1.029202	0.2595177	0.04179385
102	19	1.029202	0.2595177	0.04179385
102	20	1.029202	0.2595177	0.04179385
102	21	1.029202	0.2595177	0.04179385
103	1	-0.3207757	0.5557402	1.084557
103	2	-0.3207757	0.5557402	1.084557
103	3	-0.3207757	0.5557402	1.084557
103	4	-0.3207757	0.5557402	1.084557
103	5	-0.3207757	0.5557402	1.084557
103	6	-0.3207757	0.5557402	1.084557
103	7	-0.3207757	0.5557402	1.084557
103	8	0.3044635	0.3438805	1.341498
103	9	-0.3207757	0.5557402	1.084557
103	16	1.029202	0.2595177	0.04179385
103	17	1.029202	0.2595177	0.04179385
103	18	1.029202	0.2595177	0.04179385
103	19	1.029202	0.2595177	0.04179385
103	20	1.029202	0.2595177	0.04179385
103	21	1.029202	0.2595177	0.04179385
104	1	-0.3207757	0.5557402	1.084557
104	2	-0.3207757	0.5557402	1.084557
104	3	-0.3207757	0.5557402	1.084557
104	4	-0.3207757	0.5557402	1.084557
104	5	-0.3207757	0.5557402	1.084557
104	6	-0.3207757	0.5557402	1.084557
104	7	-0.3207757	0.5557402	1.084557
104	8	0.3044635	0.3438805	1.341498
104	9	-0.3207757	0.5557402	1.084557
104	16	1.029202	0.2595177	0.04179385
104	17	1.029202	0.2595177	0.04179385
104	18	1.029202	0.2595177	0.04179385
104	19	1.029202	0.2595177	0.04179385
104	20	1.029202	0.2595177	0.04179385
104	21	1.029202	0.2595177	0.04179385
105	1	-0.3207757	0.5557402	1.084557
105	2	-0.3207757	0.5557402	1.084557
105	3	-0.3207757	0.5557402	1.084557
105	4	-0.3207757	0.5557402	1.084557
105	5	-0.3207757	0.5557402	1.084557
105	6	-0.3207757	0.5557402	1.084557
105	7	-0.3207757	0.5557402	1.084557
105	8	0.3044635	0.3438805	1.341498
105	9	-0.3207757	0.5557402	1.084557
105	16	1.029202	0.2595177	0.04179385
105	17	1.029202	0.2595177	0.04179385
105	18	1.029202	0.2595177	0.04179385
105	19	1.029202	0.2595177	0.04179385
105	20	1.029202	0.2595177	0.04179385
105	21	1.029202	0.2595177	0.04179385
106	1	-0.3207757	0.5557402	1.084557
106	2	-0.3207757	0.5557402	1.084557
106	3	-0.3207757	0.5557402	1.084557
106	4	-0.3207757	0.5557402	1.084557
106	5	-0.3207757	0.5557402	1.084557
106	6	-0.3207757	0.5557402	1.084557
106	7	-0.3207757	0.5557402	1.084557
106	8	0.3044635	0.3438805	1.341498
106	9	-0.3207757	0.5557402	1.084557
106	16	1.029202	0.2595177	0.04179385
106	17	1.029202	0.2595177	0.04179385
106	18	1.029202	0.2595177	0.04179385
106	19	1.029202	0.2595177	0.04179385
106	20	1.029202	0.2595177	0.04179385
106	21	1.029202	0.2595177	0.04179385
107	1	-0.3284029	0.5635122	1.030016
107	2	-0.3284029	0.5635122	1.030016
107	4	-0.3284029	0.5635122	1.030016
107	5	-0.3284029	0.5635122	1.030016
107	6	-0.3284029	0.5635122	1.030016
107	7	-0.3284029	0.5635122	1.030016
107	8	0.1756736	0.3752542	1.410124
107	9	-0.3284029	0.5635122	1.030016
107	16	1.070770	0.2459111	0.05413206
107	17	1.070770	0.2459111	0.05413206
107	18	1.070770	0.2459111	0.05413206
107	19	1.070770	0.2459111	0.05413206
107	20	1.070770	0.2459111	0.05413206
107	21	1.070770	0.2459111	0.05413206
108	2	0.7188246	0.2647060	0.9050177
108	4	0.7188246	0.2647060	0.9050177
108	5	0.7188246	0.2647060	0.9050177
108	6	0.7188246	0.2647060	0.9050177
108	7	0.7188246	0.2647060	0.9050177
108	8	0.08640852	0.535182	0.08836499
108	9	0.7188246	0.2647060	0.9050177
109	2	0.7188246	0.2647060	0.9050177
109	4	0.7188246	0.2647060	0.9050177
109	5	0.7188246	0.2647060	0.9050177
109	6	0.7188246	0.2647060	0.9050177
109	7	0.7188246	0.2647060	0.9050177
109	8	0.08640852	0.535182	0.08836499
109	9	0.7188246	0.2647060	0.9050177
110	2	0.7094243	0.2663172	0.9167524
110	4	0.7094244	0.2663172	0.9167524
110	5	0.7094243	0.2663172	0.9167524
110	7	0.7094244	0.2663172	0.9167524
110	8	0.09328073	0.5333539	0.08623006
110	9	0.7094244	0.2663172	0.9167524
111	4	-0.1899843	0.5062473	1.189586
111	5	-0.1899843	0.5062473	1.189586
111	7	-0.1899843	0.5062473	1.189586
111	8	0.8767097	0.3060923	0.02963292
111	9	-0.1899843	0.5062473	1.189586
112	4	-0.2513656	0.5414356	1.021768
112	5	-0.2513656	0.5414356	1.021768
112	6	1.163392	0.1728574	0.5051183
112	7	-0.2513656	0.5414356	1.021768
112	8	0.6439785	0.3771986	0.01082826
112	9	-0.2513656	0.5414356	1.021768
113	4	-0.2513656	0.5414356	1.021768
113	5	-0.2513656	0.5414356	1.021768
113	6	1.163392	0.1728574	0.5051183
113	7	-0.2513656	0.5414356	1.021768
113	8	0.6439785	0.3771986	0.01082826
113	9	-0.2513656	0.5414356	1.021768
114	2	-0.2466718	0.55119	0.9112734
114	4	-0.2503858	0.5448711	0.9848356
114	5	-0.2503858	0.5448711	0.9848356
114	6	0.4596728	0.4312275	0.01854977
114	7	-0.2503858	0.5448711	0.9848356
114	8	1.290348	0.1557119	0.3008994
114	9	-0.2503858	0.5448711	0.9848356
115	2	-0.2466718	0.55119	0.9112734
115	4	-0.2503858	0.5448711	0.9848356
115	5	-0.2503858	0.5448711	0.9848356
115	6	0.4596728	0.4312275	0.01854977
115	7	-0.2503858	0.5448711	0.9848356
115	8	1.290348	0.1557119	0.3008994
115	9	-0.2503858	0.5448711	0.9848356
116	2	-0.2466718	0.55119	0.9112734
116	4	-0.2503858	0.5448711	0.9848356
116	5	-0.2503858	0.5448711	0.9848356
116	6	0.4596728	0.4312275	0.01854977
116	7	-0.2503858	0.5448711	0.9848356
116	8	1.290348	0.1557119	0.3008994
116	9	-0.2503858	0.5448711	0.9848356
117	2	0.09131404	0.4151024	1.263843
117	3	0.09131404	0.4151024	1.263843
117	4	0.1425934	0.4006898	1.255552
117	5	0.1425934	0.4006898	1.255552
117	6	-0.001608822	0.5528978	0.1721843
117	7	0.1425934	0.4006898	1.255552
117	8	0.8883945	0.3026282	0.02952741
117	9	0.1425934	0.4006898	1.255552
118	2	-0.2323293	0.5656869	0.7253507
118	3	-0.2323293	0.5656869	0.7253507
118	4	0.2304273	0.3773647	1.227859
118	5	0.2304273	0.3773647	1.227859
118	7	0.2304273	0.3773647	1.227859
118	8	0.7967672	0.3308688	0.01968833
119	1	-0.01743357	0.556907	0.1790885
119	2	0.2352582	0.3759459	1.227682
119	3	0.2352582	0.3759459	1.227682
119	4	0.2447417	0.3733202	1.225755
119	5	0.2447417	0.3733202	1.225755
119	7	0.2447417	0.3733202	1.225755
119	8	0.8299528	0.3205906	0.02374770
120	1	1.268456	0.1674558	0.2490369
120	2	-0.2322249	0.5308512	1.070249
120	3	-0.2322249	0.5308512	1.070249
120	4	-0.2301946	0.5284133	1.088424
120	5	-0.2301946	0.5284133	1.088424
120	6	0.4537216	0.4329591	0.01892810
120	7	-0.2301946	0.5284133	1.088424
120	9	-0.2326788	0.5547212	0.8350457
121	1	1.268577	0.1673031	0.250194
121	2	-0.2321165	0.5306081	1.072339
121	3	-0.2321165	0.5306081	1.072339
121	4	-0.2307753	0.5289182	1.085132
121	5	-0.231016	0.5292973	1.082085
121	6	0.4544482	0.4327451	0.01890766
121	7	-0.2307753	0.5289182	1.085132
121	9	-0.2338895	0.5538205	0.8475388
122	1	1.268577	0.1673031	0.250194
122	2	-0.2321165	0.5306081	1.072339
122	3	-0.2321165	0.5306081	1.072339
122	4	-0.2307753	0.5289182	1.085132
122	5	-0.231016	0.5292973	1.082085
122	6	0.4544482	0.4327451	0.01890766
122	7	-0.2307753	0.5289182	1.085132
122	9	-0.2338895	0.5538205	0.8475388
123	1	1.268577	0.1673031	0.250194
123	2	-0.2321165	0.5306081	1.072339
123	3	-0.2321165	0.5306081	1.072339
123	4	-0.2307753	0.5289182	1.085132
123	5	-0.231016	0.5292973	1.082085
123	6	0.4544482	0.4327451	0.01890766
123	7	-0.2307753	0.5289182	1.085132
123	9	-0.2338895	0.5538205	0.8475388
124	1	1.267017	0.1689273	0.2386947
124	2	-0.2277759	0.5269158	1.096137
124	3	-0.2277759	0.5269158	1.096137
124	4	-0.2274642	0.5265208	1.099132
124	5	-0.2274642	0.5265208	1.099132
124	6	0.4470921	0.4349111	0.01912078
124	7	-0.2274642	0.5265208	1.099132
124	9	-0.2137119	0.5617013	0.7099836
125	1	1.267017	0.1689273	0.2386947
125	2	-0.2277759	0.5269158	1.096137
125	3	-0.2277759	0.5269158	1.096137
125	4	-0.2274642	0.5265208	1.099132
125	5	-0.2274642	0.5265208	1.099132
125	6	0.4470921	0.4349111	0.01912078
125	7	-0.2274642	0.5265208	1.099132
125	9	-0.2137119	0.5617013	0.7099836
126	1	1.267017	0.1689273	0.2386947
126	2	-0.2277759	0.5269158	1.096137
126	3	-0.2277759	0.5269158	1.096137
126	4	-0.2274642	0.5265208	1.099132
126	5	-0.2274642	0.5265208	1.099132
126	6	0.4470921	0.4349111	0.01912078
126	7	-0.2274642	0.5265208	1.099132
126	9	-0.2137119	0.5617013	0.7099836
127	1	1.267017	0.1689273	0.2386947
127	2	-0.2277759	0.5269158	1.096137
127	3	-0.2277759	0.5269158	1.096137
127	4	-0.2274642	0.5265208	1.099132
127	5	-0.2274642	0.5265208	1.099132
127	6	0.4470921	0.4349111	0.01912078
127	7	-0.2274642	0.5265208	1.099132
127	9	-0.2137119	0.5617013	0.7099836
128	1	0.1172757	0.5269009	0.07946584
128	2	0.6686238	0.2761069	0.9399747
128	3	0.6686238	0.2761069	0.9399747
128	4	0.6686238	0.2761069	0.9399747
128	5	0.6686238	0.2761069	0.9399747
128	6	0.6686238	0.2761069	0.9399747
128	7	0.6686238	0.2761069	0.9399747
128	9	0.6686238	0.2761069	0.9399747
132	1	0.2449725	0.3722937	1.235248
132	2	0.2449725	0.3722937	1.235248
132	3	0.2449725	0.3722936	1.235248
132	4	0.2449725	0.3722936	1.235248
132	5	0.2449725	0.3722937	1.235248
132	6	0.2449725	0.3722937	1.235248
132	7	0.2449725	0.3722937	1.235248
132	8	0.1881527	0.3675529	1.449666
132	9	0.2449725	0.3722937	1.235248
132	10	0.3690287	0.4585601	0.01481167
132	11	0.3690287	0.4585601	0.01481167
132	12	0.3690287	0.4585601	0.01481167
132	13	0.3690287	0.4585601	0.01481167
132	14	0.3690287	0.4585601	0.01481167
132	15	0.3690287	0.4585601	0.01481167
132	16	0.2449725	0.3722937	1.235248
132	17	0.2449725	0.3722937	1.235248
132	18	0.2449725	0.3722937	1.235248
132	19	0.2449725	0.3722937	1.235248
132	20	0.2449725	0.3722937	1.235248
132	21	0.2449725	0.3722937	1.235248
133	1	0.2449725	0.3722937	1.235248
133	2	0.2449725	0.3722937	1.235248
133	3	0.2449725	0.3722936	1.235248
133	4	0.2449725	0.3722936	1.235248
133	5	0.2449725	0.3722937	1.235248
133	6	0.2449725	0.3722937	1.235248
133	7	0.2449725	0.3722937	1.235248
133	8	0.1881527	0.3675529	1.449666
133	9	0.2449725	0.3722937	1.235248
133	10	0.3690287	0.4585601	0.01481167
133	11	0.3690287	0.4585601	0.01481167
133	12	0.3690287	0.4585601	0.01481167
133	13	0.3690287	0.4585601	0.01481167
133	14	0.3690287	0.4585601	0.01481167
133	15	0.3690287	0.4585601	0.01481167
133	16	0.2449725	0.3722937	1.235248
133	17	0.2449725	0.3722937	1.235248
133	18	0.2449725	0.3722937	1.235248
133	19	0.2449725	0.3722937	1.235248
133	20	0.2449725	0.3722937	1.235248
133	21	0.2449725	0.3722937	1.235248
134	1	0.2424789	0.3720543	1.244968
134	2	0.2424790	0.3720543	1.244968
134	3	0.2424790	0.3720543	1.244968
134	4	0.2424790	0.3720543	1.244968
134	5	0.2424790	0.3720543	1.244968
134	6	0.2424790	0.3720543	1.244968
134	7	0.2424789	0.3720543	1.244968
134	8	0.2424789	0.3720543	1.244968
134	9	0.2424789	0.3720543	1.244968
134	10	0.3699402	0.4581325	0.01636317
134	11	0.3699402	0.4581325	0.01636317
134	12	0.3699402	0.4581325	0.01636317
134	13	0.3699402	0.4581325	0.01636317
134	14	0.3699402	0.4581325	0.01636317
134	15	0.3699402	0.4581325	0.01636318
134	16	0.2424790	0.3720543	1.244968
134	17	0.2424789	0.3720543	1.244968
134	18	0.2424789	0.3720543	1.244968
134	19	0.2424789	0.3720543	1.244968
134	20	0.2424789	0.3720543	1.244968
134	21	0.2424790	0.3720543	1.244968
135	1	0.2424789	0.3720543	1.244968
135	2	0.2424790	0.3720543	1.244968
135	3	0.2424790	0.3720543	1.244968
135	4	0.2424790	0.3720543	1.244968
135	5	0.2424790	0.3720543	1.244968
135	6	0.2424790	0.3720543	1.244968
135	7	0.2424789	0.3720543	1.244968
135	8	0.2424789	0.3720543	1.244968
135	9	0.2424789	0.3720543	1.244968
135	10	0.3699402	0.4581325	0.01636317
135	11	0.3699402	0.4581325	0.01636317
135	12	0.3699402	0.4581325	0.01636317
135	13	0.3699402	0.4581325	0.01636317
135	14	0.3699402	0.4581325	0.01636317
135	15	0.3699402	0.4581325	0.01636318
135	16	0.2424790	0.3720543	1.244968
135	17	0.2424789	0.3720543	1.244968
135	18	0.2424789	0.3720543	1.244968
135	19	0.2424789	0.3720543	1.244968
135	20	0.2424789	0.3720543	1.244968
135	21	0.2424790	0.3720543	1.244968
136	1	0.2424789	0.3720543	1.244968
136	2	0.2424790	0.3720543	1.244968
136	3	0.2424790	0.3720543	1.244968
136	4	0.2424790	0.3720543	1.244968
136	5	0.2424790	0.3720543	1.244968
136	6	0.2424790	0.3720543	1.244968
136	7	0.2424789	0.3720543	1.244968
136	8	0.2424789	0.3720543	1.244968
136	9	0.2424789	0.3720543	1.244968
136	10	0.3699402	0.4581325	0.01636317
136	11	0.3699402	0.4581325	0.01636317
136	12	0.3699402	0.4581325	0.01636317
136	13	0.3699402	0.4581325	0.01636317
136	14	0.3699402	0.4581325	0.01636317
136	15	0.3699402	0.4581325	0.01636318
136	16	0.2424790	0.3720543	1.244968
136	17	0.2424789	0.3720543	1.244968
136	18	0.2424789	0.3720543	1.244968
136	19	0.2424789	0.3720543	1.244968
136	20	0.2424789	0.3720543	1.244968
136	21	0.2424790	0.3720543	1.244968
137	1	0.2424789	0.3720543	1.244968
137	2	0.2424790	0.3720543	1.244968
137	3	0.2424790	0.3720543	1.244968
137	4	0.2424790	0.3720543	1.244968
137	5	0.2424790	0.3720543	1.244968
137	6	0.2424790	0.3720543	1.244968
137	7	0.2424789	0.3720543	1.244968
137	8	0.2424789	0.3720543	1.244968
137	9	0.2424789	0.3720543	1.244968
137	10	0.3699402	0.4581325	0.01636317
137	11	0.3699402	0.4581325	0.01636317
137	12	0.3699402	0.4581325	0.01636317
137	13	0.3699402	0.4581325	0.01636317
137	14	0.3699402	0.4581325	0.01636317
137	15	0.3699402	0.4581325	0.01636318
137	16	0.2424790	0.3720543	1.244968
137	17	0.2424789	0.3720543	1.244968
137	18	0.2424789	0.3720543	1.244968
137	19	0.2424789	0.3720543	1.244968
137	20	0.2424789	0.3720543	1.244968
137	21	0.2424790	0.3720543	1.244968
138	1	0.2424789	0.3720543	1.244968
138	2	0.2424790	0.3720543	1.244968
138	3	0.2424790	0.3720543	1.244968
138	4	0.2424790	0.3720543	1.244968
138	5	0.2424790	0.3720543	1.244968
138	6	0.2424790	0.3720543	1.244968
138	7	0.2424789	0.3720543	1.244968
138	8	0.2424789	0.3720543	1.244968
138	9	0.2424789	0.3720543	1.244968
138	10	0.3699402	0.4581325	0.01636317
138	11	0.3699402	0.4581325	0.01636317
138	12	0.3699402	0.4581325	0.01636317
138	13	0.3699402	0.4581325	0.01636317
138	14	0.3699402	0.4581325	0.01636317
138	15	0.3699402	0.4581325	0.01636318
138	16	0.2424790	0.3720543	1.244968
138	17	0.2424789	0.3720543	1.244968
138	18	0.2424789	0.3720543	1.244968
138	19	0.2424789	0.3720543	1.244968
138	20	0.2424789	0.3720543	1.244968
138	21	0.2424790	0.3720543	1.244968
139	1	0.2424789	0.3720543	1.244968
139	2	0.2424790	0.3720543	1.244968
139	3	0.2424790	0.3720543	1.244968
139	4	0.2424790	0.3720543	1.244968
139	5	0.2424790	0.3720543	1.244968
139	6	0.2424790	0.3720543	1.244968
139	7	0.2424789	0.3720543	1.244968
139	8	0.2424789	0.3720543	1.244968
139	9	0.2424789	0.3720543	1.244968
139	10	0.3699402	0.4581325	0.01636317
139	11	0.3699402	0.4581325	0.01636317
139	12	0.3699402	0.4581325	0.01636317
139	13	0.3699402	0.4581325	0.01636317
139	14	0.3699402	0.4581325	0.01636317
139	15	0.3699402	0.4581325	0.01636318
139	16	0.2424790	0.3720543	1.244968
139	17	0.2424789	0.3720543	1.244968
139	18	0.2424789	0.3720543	1.244968
139	19	0.2424789	0.3720543	1.244968
139	20	0.2424789	0.3720543	1.244968
139	21	0.2424790	0.3720543	1.244968
140	1	0.2424789	0.3720543	1.244968
140	2	0.2424790	0.3720543	1.244968
140	3	0.2424790	0.3720543	1.244968
140	4	0.2424790	0.3720543	1.244968
140	5	0.2424790	0.3720543	1.244968
140	6	0.2424790	0.3720543	1.244968
140	7	0.2424789	0.3720543	1.244968
140	8	0.2424789	0.3720543	1.244968
140	9	0.2424789	0.3720543	1.244968
140	10	0.3699402	0.4581325	0.01636317
140	11	0.3699402	0.4581325	0.01636317
140	12	0.3699402	0.4581325	0.01636317
140	13	0.3699402	0.4581325	0.01636317
140	14	0.3699402	0.4581325	0.01636317
140	15	0.3699402	0.4581325	0.01636318
140	16	0.2424790	0.3720543	1.244968
140	17	0.2424789	0.3720543	1.244968
140	18	0.2424789	0.3720543	1.244968
140	19	0.2424789	0.3720543	1.244968
140	20	0.2424789	0.3720543	1.244968
140	21	0.2424790	0.3720543	1.244968
141	1	0.2424789	0.3720543	1.244968
141	2	0.2424790	0.3720543	1.244968
141	3	0.2424790	0.3720543	1.244968
141	4	0.2424790	0.3720543	1.244968
141	5	0.2424790	0.3720543	1.244968
141	6	0.2424790	0.3720543	1.244968
141	7	0.2424789	0.3720543	1.244968
141	8	0.2424789	0.3720543	1.244968
141	9	0.2424789	0.3720543	1.244968
141	10	0.3699402	0.4581325	0.01636317
141	11	0.3699402	0.4581325	0.01636317
141	12	0.3699402	0.4581325	0.01636317
141	13	0.3699402	0.4581325	0.01636317
141	14	0.3699402	0.4581325	0.01636317
141	15	0.3699402	0.4581325	0.01636318
141	16	0.2424790	0.3720543	1.244968
141	17	0.2424789	0.3720543	1.244968
141	18	0.2424789	0.3720543	1.244968
141	19	0.2424789	0.3720543	1.244968
141	20	0.2424789	0.3720543	1.244968
141	21	0.2424790	0.3720543	1.244968
142	1	0.2424789	0.3720543	1.244968
142	2	0.2424790	0.3720543	1.244968
142	3	0.2424790	0.3720543	1.244968
142	4	0.2424790	0.3720543	1.244968
142	5	0.2424790	0.3720543	1.244968
142	6	0.2424790	0.3720543	1.244968
142	7	0.2424789	0.3720543	1.244968
142	8	0.2424789	0.3720543	1.244968
142	9	0.2424789	0.3720543	1.244968
142	10	0.3699402	0.4581325	0.01636317
142	11	0.3699402	0.4581325	0.01636317
142	12	0.3699402	0.4581325	0.01636317
142	13	0.3699402	0.4581325	0.01636317
142	14	0.3699402	0.4581325	0.01636317
142	15	0.3699402	0.4581325	0.01636318
142	16	0.2424790	0.3720543	1.244968
142	17	0.2424789	0.3720543	1.244968
142	18	0.2424789	0.3720543	1.244968
142	19	0.2424789	0.3720543	1.244968
142	20	0.2424789	0.3720543	1.244968
142	21	0.2424790	0.3720543	1.244968
143	1	0.2424789	0.3720543	1.244968
143	2	0.2424790	0.3720543	1.244968
143	3	0.2424790	0.3720543	1.244968
143	4	0.2424790	0.3720543	1.244968
143	5	0.2424790	0.3720543	1.244968
143	6	0.2424790	0.3720543	1.244968
143	7	0.2424789	0.3720543	1.244968
143	8	0.2424789	0.3720543	1.244968
143	9	0.2424789	0.3720543	1.244968
143	10	0.3699402	0.4581325	0.01636317
143	11	0.3699402	0.4581325	0.01636317
143	12	0.3699402	0.4581325	0.01636317
143	13	0.3699402	0.4581325	0.01636317
143	14	0.3699402	0.4581325	0.01636317
143	15	0.3699402	0.4581325	0.01636318
143	16	0.2424790	0.3720543	1.244968
143	17	0.2424789	0.3720543	1.244968
143	18	0.2424789	0.3720543	1.244968
143	19	0.2424789	0.3720543	1.244968
143	20	0.2424789	0.3720543	1.244968
143	21	0.2424790	0.3720543	1.244968
144	1	0.2424789	0.3720543	1.244968
144	2	0.2424790	0.3720543	1.244968
144	3	0.2424790	0.3720543	1.244968
144	4	0.2424790	0.3720543	1.244968
144	5	0.2424790	0.3720543	1.244968
144	6	0.2424790	0.3720543	1.244968
144	7	0.2424789	0.3720543	1.244968
144	8	0.2424789	0.3720543	1.244968
144	9	0.2424789	0.3720543	1.244968
144	10	0.3699402	0.4581325	0.01636317
144	11	0.3699402	0.4581325	0.01636317
144	12	0.3699402	0.4581325	0.01636317
144	13	0.3699402	0.4581325	0.01636317
144	14	0.3699402	0.4581325	0.01636317
144	15	0.3699402	0.4581325	0.01636318
144	16	0.2424790	0.3720543	1.244968
144	17	0.2424789	0.3720543	1.244968
144	18	0.2424789	0.3720543	1.244968
144	19	0.2424789	0.3720543	1.244968
144	20	0.2424789	0.3720543	1.244968
144	21	0.2424790	0.3720543	1.244968
145	1	0.2424789	0.3720543	1.244968
145	2	0.2424790	0.3720543	1.244968
145	3	0.2424790	0.3720543	1.244968
145	4	0.2424790	0.3720543	1.244968
145	5	0.2424790	0.3720543	1.244968
145	6	0.2424790	0.3720543	1.244968
145	7	0.2424789	0.3720543	1.244968
145	8	0.2424789	0.3720543	1.244968
145	9	0.2424789	0.3720543	1.244968
145	10	0.3699402	0.4581325	0.01636317
145	11	0.3699402	0.4581325	0.01636317
145	12	0.3699402	0.4581325	0.01636317
145	13	0.3699402	0.4581325	0.01636317
145	14	0.3699402	0.4581325	0.01636317
145	15	0.3699402	0.4581325	0.01636318
145	16	0.2424790	0.3720543	1.244968
145	17	0.2424789	0.3720543	1.244968
145	18	0.2424789	0.3720543	1.244968
145	19	0.2424789	0.3720543	1.244968
145	20	0.2424789	0.3720543	1.244968
145	21	0.2424790	0.3720543	1.244968
146	4	-0.1141631	0.4557124	1.466929
146	7	-0.1141631	0.4557124	1.466929
146	10	0.4351848	0.4389162	0.01452048
146	11	0.4351848	0.4389162	0.01452048
146	12	0.4351848	0.4389162	0.01452048
146	13	0.4351848	0.4389162	0.01452048
146	14	0.4351848	0.4389162	0.01452048
146	15	0.4351848	0.4389162	0.01452048
146	16	1.050055	0.1909858	0.6594621
146	17	0.1670292	0.3896323	1.293118
146	18	0.1670292	0.3896323	1.293118
146	19	0.1670292	0.3896323	1.293118
146	20	0.1670292	0.3896323	1.293118
146	21	0.1670292	0.3896323	1.293118
147	4	-0.1141631	0.4557124	1.466929
147	7	-0.1141631	0.4557124	1.466929
147	10	0.4351848	0.4389162	0.01452048
147	11	0.4351848	0.4389162	0.01452048
147	12	0.4351848	0.4389162	0.01452048
147	13	0.4351848	0.4389162	0.01452048
147	14	0.4351848	0.4389162	0.01452048
147	15	0.4351848	0.4389162	0.01452048
147	16	1.050055	0.1909858	0.6594621
147	17	0.1670292	0.3896323	1.293118
147	18	0.1670292	0.3896323	1.293118
147	19	0.1670292	0.3896323	1.293118
147	20	0.1670292	0.3896323	1.293118
147	21	0.1670292	0.3896323	1.293118
148	4	-0.3784638	0.5438876	1.372010
148	7	-0.3784638	0.5438876	1.372010
148	10	0.9160353	0.2922355	0.0510611
148	11	0.9160353	0.2922355	0.0510611
148	12	0.9160353	0.2922355	0.0510611
148	13	0.9160353	0.2922355	0.0510611
148	14	0.9160353	0.2922355	0.0510611
148	15	0.9160353	0.2922355	0.0510611
149	1	-0.1521493	0.4726746	1.410781
149	2	-0.1889182	0.4889585	1.357768
149	3	-0.1889182	0.4889585	1.357768
149	4	-0.2418903	0.520616	1.200158
149	5	-0.1521493	0.4726746	1.410781
149	6	-0.1521493	0.4726746	1.410781
149	7	-0.2418903	0.520616	1.200158
149	8	-0.1521493	0.4726746	1.410781
149	9	-0.1521493	0.4726746	1.410781
149	10	0.3147993	0.4763458	-0.001629996
149	11	0.3147993	0.4763458	-0.001629996
149	12	0.3147993	0.4763458	-0.001629996
149	13	0.3147993	0.4763458	-0.001629996
149	14	0.3147993	0.4763458	-0.001629996
149	15	0.3147993	0.4763458	-0.001629996
149	16	1.001030	0.1941449	0.772627
149	17	1.001030	0.1941449	0.772627
149	18	1.001030	0.1941449	0.772627
149	19	1.001030	0.1941449	0.772627
149	20	1.001030	0.1941449	0.772627
149	21	1.001030	0.1941449	0.772627
150	1	-0.1521493	0.4726746	1.410781
150	2	-0.1889182	0.4889585	1.357768
150	3	-0.1889182	0.4889585	1.357768
150	4	-0.2418903	0.520616	1.200158
150	5	-0.1521493	0.4726746	1.410781
150	6	-0.1521493	0.4726746	1.410781
150	7	-0.2418903	0.520616	1.200158
150	8	-0.1521493	0.4726746	1.410781
150	9	-0.1521493	0.4726746	1.410781
150	10	0.3147993	0.4763458	-0.001629996
150	11	0.3147993	0.4763458	-0.001629996
150	12	0.3147993	0.4763458	-0.001629996
150	13	0.3147993	0.4763458	-0.001629996
150	14	0.3147993	0.4763458	-0.001629996
150	15	0.3147993	0.4763458	-0.001629996
150	16	1.001030	0.1941449	0.772627
150	17	1.001030	0.1941449	0.772627
150	18	1.001030	0.1941449	0.772627
150	19	1.001030	0.1941449	0.772627
150	20	1.001030	0.1941449	0.772627
150	21	1.001030	0.1941449	0.772627
151	10	1.120904	0.1941041	0.4197782
151	11	1.120904	0.1941041	0.4197782
151	12	1.120904	0.1941041	0.4197782
151	13	1.120904	0.1941041	0.4197782
151	14	1.120904	0.1941041	0.4197782
151	15	1.120904	0.1941041	0.4197782
152	10	1.120904	0.1941041	0.4197782
152	11	1.120904	0.1941041	0.4197782
152	12	1.120904	0.1941041	0.4197782
152	13	1.120904	0.1941041	0.4197782
152	14	1.120904	0.1941041	0.4197782
152	15	1.120904	0.1941041	0.4197782
153	1	-0.2131986	0.4990074	1.329739
153	2	-0.2164782	0.5000787	1.328787
153	3	-0.2164782	0.5000787	1.328787
153	4	-0.1918885	0.4920074	1.336308
153	5	-0.2131986	0.4990074	1.329739
153	6	-0.2131986	0.4990074	1.329739
153	7	-0.1918885	0.4920074	1.336308
153	8	-0.2131986	0.4990074	1.329739
153	9	-0.2131986	0.4990074	1.329739
153	10	0.3472983	0.4661831	0.003307892
153	11	0.3472983	0.4661831	0.003307892
153	12	0.3472983	0.4661831	0.003307892
153	13	0.3472983	0.4661831	0.003307892
153	14	0.3472983	0.4661831	0.003307892
153	15	0.3472983	0.4661831	0.003307892
153	16	1.07871	0.1821308	0.6627686
153	17	1.07871	0.1821308	0.6627686
153	18	1.07871	0.1821308	0.6627686
153	19	1.07871	0.1821308	0.6627686
153	20	1.07871	0.1821308	0.6627686
153	21	1.07871	0.1821308	0.6627686
154	1	1.120904	0.1941041	0.4197782
154	2	1.120904	0.1941041	0.4197782
154	3	1.120904	0.1941041	0.4197782
154	4	1.120904	0.1941041	0.4197782
154	5	1.120904	0.1941041	0.4197782
154	6	1.120904	0.1941041	0.4197782
154	7	1.120904	0.1941041	0.4197782
154	8	1.120904	0.1941041	0.4197782
154	9	1.120904	0.1941041	0.4197782
154	10	1.120904	0.1941041	0.4197782
154	11	1.120904	0.1941041	0.4197782
154	12	1.120904	0.1941041	0.4197782
154	13	1.120904	0.1941041	0.4197782
154	14	1.120904	0.1941041	0.4197782
154	15	1.120904	0.1941041	0.4197782
154	16	1.120904	0.1941041	0.4197782
154	17	1.120904	0.1941041	0.4197782
154	18	1.120904	0.1941041	0.4197782
154	19	1.120904	0.1941041	0.4197782
154	20	1.120904	0.1941041	0.4197782
154	21	1.120904	0.1941041	0.4197782
155	1	1.120904	0.1941041	0.4197782
155	2	1.120904	0.1941041	0.4197782
155	3	1.120904	0.1941041	0.4197782
155	4	1.120904	0.1941041	0.4197782
155	5	1.120904	0.1941041	0.4197782
155	6	1.120904	0.1941041	0.4197782
155	7	1.120904	0.1941041	0.4197782
155	8	1.120904	0.1941041	0.4197782
155	9	1.120904	0.1941041	0.4197782
155	10	1.120904	0.1941041	0.4197782
155	11	1.120904	0.1941041	0.4197782
155	12	1.120904	0.1941041	0.4197782
155	13	1.120904	0.1941041	0.4197782
155	14	1.120904	0.1941041	0.4197782
155	15	1.120904	0.1941041	0.4197782
155	16	1.120904	0.1941041	0.4197782
155	17	1.120904	0.1941041	0.4197782
155	18	1.120904	0.1941041	0.4197782
155	19	1.120904	0.1941041	0.4197782
155	20	1.120904	0.1941041	0.4197782
155	21	1.120904	0.1941041	0.4197782
156	1	1.120904	0.1941041	0.4197782
156	2	1.120904	0.1941041	0.4197782
156	3	1.120904	0.1941041	0.4197782
156	4	1.120904	0.1941041	0.4197782
156	5	1.120904	0.1941041	0.4197782
156	6	1.120904	0.1941041	0.4197782
156	7	1.120904	0.1941041	0.4197782
156	8	1.120904	0.1941041	0.4197782
156	9	1.120904	0.1941041	0.4197782
156	10	1.120904	0.1941041	0.4197782
156	11	1.120904	0.1941041	0.4197782
156	12	1.120904	0.1941041	0.4197782
156	13	1.120904	0.1941041	0.4197782
156	14	1.120904	0.1941041	0.4197782
156	15	1.120904	0.1941041	0.4197782
156	16	1.120904	0.1941041	0.4197782
156	17	1.120904	0.1941041	0.4197782
156	18	1.120904	0.1941041	0.4197782
156	19	1.120904	0.1941041	0.4197782
156	20	1.120904	0.1941041	0.4197782
156	21	1.120904	0.1941041	0.4197782
157	1	1.120904	0.1941041	0.4197782
157	2	1.120904	0.1941041	0.4197782
157	3	1.120904	0.1941041	0.4197782
157	4	1.120904	0.1941041	0.4197782
157	5	1.120904	0.1941041	0.4197782
157	6	1.120904	0.1941041	0.4197782
157	7	1.120904	0.1941041	0.4197782
157	8	1.120904	0.1941041	0.4197782
157	9	1.120904	0.1941041	0.4197782
157	10	1.120904	0.1941041	0.4197782
157	11	1.120904	0.1941041	0.4197782
157	12	1.120904	0.1941041	0.4197782
157	13	1.120904	0.1941041	0.4197782
157	14	1.120904	0.1941041	0.4197782
157	15	1.120904	0.1941041	0.4197782
157	16	1.120904	0.1941041	0.4197782
157	17	1.120904	0.1941041	0.4197782
157	18	1.120904	0.1941041	0.4197782
157	19	1.120904	0.1941041	0.4197782
157	20	1.120904	0.1941041	0.4197782
157	21	1.120904	0.1941041	0.4197782
158	1	1.120904	0.1941041	0.4197782
158	2	1.120904	0.1941041	0.4197782
158	3	1.120904	0.1941041	0.4197782
158	4	1.120904	0.1941041	0.4197782
158	5	1.120904	0.1941041	0.4197782
158	6	1.120904	0.1941041	0.4197782
158	7	1.120904	0.1941041	0.4197782
158	8	1.120904	0.1941041	0.4197782
158	9	1.120904	0.1941041	0.4197782
158	10	1.120904	0.1941041	0.4197782
158	11	1.120904	0.1941041	0.4197782
158	12	1.120904	0.1941041	0.4197782
158	13	1.120904	0.1941041	0.4197782
158	14	1.120904	0.1941041	0.4197782
158	15	1.120904	0.1941041	0.4197782
158	16	1.120904	0.1941041	0.4197782
158	17	1.120904	0.1941041	0.4197782
158	18	1.120904	0.1941041	0.4197782
158	19	1.120904	0.1941041	0.4197782
158	20	1.120904	0.1941041	0.4197782
158	21	1.120904	0.1941041	0.4197782
159	1	1.120904	0.1941041	0.4197782
159	2	1.120904	0.1941041	0.4197782
159	3	1.120904	0.1941041	0.4197782
159	4	1.120904	0.1941041	0.4197782
159	5	1.120904	0.1941041	0.4197782
159	6	1.120904	0.1941041	0.4197782
159	7	1.120904	0.1941041	0.4197782
159	8	1.120904	0.1941041	0.4197782
159	9	1.120904	0.1941041	0.4197782
159	10	1.120904	0.1941041	0.4197782
159	11	1.120904	0.1941041	0.4197782
159	12	1.120904	0.1941041	0.4197782
159	13	1.120904	0.1941041	0.4197782
159	14	1.120904	0.1941041	0.4197782
159	15	1.120904	0.1941041	0.4197782
159	16	1.120904	0.1941041	0.4197782
159	17	1.120904	0.1941041	0.4197782
159	18	1.120904	0.1941041	0.4197782
159	19	1.120904	0.1941041	0.4197782
159	20	1.120904	0.1941041	0.4197782
159	21	1.120904	0.1941041	0.4197782
160	10	1.120904	0.1941041	0.4197782
160	11	1.120904	0.1941041	0.4197782
160	12	1.120904	0.1941041	0.4197782
160	13	1.120904	0.1941041	0.4197782
160	14	1.120904	0.1941041	0.4197782
160	15	1.120904	0.1941041	0.4197782
160	16	1.120904	0.1941041	0.4197782
160	17	1.120904	0.1941041	0.4197782
160	18	1.120904	0.1941041	0.4197782
160	19	1.120904	0.1941041	0.4197782
160	20	1.120904	0.1941041	0.4197782
160	21	1.120904	0.1941041	0.4197782
161	16	1.120904	0.1941041	0.4197782
161	17	1.120904	0.1941041	0.4197782
161	18	1.120904	0.1941041	0.4197782
161	19	1.120904	0.1941041	0.4197782
161	20	1.120904	0.1941041	0.4197782
161	21	1.120904	0.1941041	0.4197782
162	16	1.120904	0.1941041	0.4197782
162	17	1.120904	0.1941041	0.4197782
162	18	1.120904	0.1941041	0.4197782
162	19	1.120904	0.1941041	0.4197782
162	20	1.120904	0.1941041	0.4197782
162	21	1.120904	0.1941041	0.4197782
163	16	1.120904	0.1941041	0.4197782
163	17	1.120904	0.1941041	0.4197782
163	18	1.120904	0.1941041	0.4197782
163	19	1.120904	0.1941041	0.4197782
163	20	1.120904	0.1941041	0.4197782
163	21	1.120904	0.1941041	0.4197782
164	16	1.120904	0.1941041	0.4197782
164	17	1.120904	0.1941041	0.4197782
164	18	1.120904	0.1941041	0.4197782
164	19	1.120904	0.1941041	0.4197782
164	20	1.120904	0.1941041	0.4197782
164	21	1.120904	0.1941041	0.4197782
165	1	-0.290935	0.5339188	1.212861
165	2	-0.290935	0.5339188	1.212861
165	3	-0.290935	0.5339188	1.212861
165	4	-0.290935	0.5339188	1.212861
165	5	-0.290935	0.5339188	1.212861
165	6	-0.290935	0.5339188	1.212861
165	7	-0.290935	0.5339188	1.212861
165	8	-0.290935	0.5339188	1.212861
165	9	-0.290935	0.5339188	1.212861
165	10	1.021384	0.1914926	0.7389278
165	11	1.021384	0.1914926	0.7389278
165	12	1.021384	0.1914926	0.7389278
165	13	1.021384	0.1914926	0.7389278
165	14	1.021384	0.1914926	0.7389278
165	15	1.021384	0.1914926	0.7389278
165	16	0.469427	0.4305396	-0.003377773
165	17	0.469427	0.4305396	-0.003377773
165	18	0.469427	0.4305396	-0.003377773
165	19	0.469427	0.4305396	-0.003377773
165	20	0.469427	0.4305396	-0.003377773
165	21	0.469427	0.4305396	-0.003377773
166	1	-0.290935	0.5339188	1.212861
166	2	-0.290935	0.5339188	1.212861
166	3	-0.290935	0.5339188	1.212861
166	4	-0.290935	0.5339188	1.212861
166	5	-0.290935	0.5339188	1.212861
166	6	-0.290935	0.5339188	1.212861
166	7	-0.290935	0.5339188	1.212861
166	8	-0.290935	0.5339188	1.212861
166	9	-0.290935	0.5339188	1.212861
166	10	1.021384	0.1914926	0.7389278
166	11	1.021384	0.1914926	0.7389278
166	12	1.021384	0.1914926	0.7389278
166	13	1.021384	0.1914926	0.7389278
166	14	1.021384	0.1914926	0.7389278
166	15	1.021384	0.1914926	0.7389278
166	16	0.469427	0.4305396	-0.003377773
166	17	0.469427	0.4305396	-0.003377773
166	18	0.469427	0.4305396	-0.003377773
166	19	0.469427	0.4305396	-0.003377773
166	20	0.469427	0.4305396	-0.003377773
166	21	0.469427	0.4305396	-0.003377773
167	2	-0.1481861	0.5737002	0.3979844
167	3	-0.1481861	0.5737002	0.3979844
167	4	-0.1481861	0.5737002	0.3979844
167	5	-0.1481861	0.5737002	0.3979844
167	6	-0.1481861	0.5737002	0.3979844
167	7	-0.1481861	0.5737002	0.3979844
167	8	-0.1481861	0.5737002	0.3979844
167	9	-0.1481861	0.5737002	0.3979844
167	10	1.225960	0.1626811	0.4215823
167	11	1.225960	0.1626811	0.4215823
167	12	1.225960	0.1626811	0.4215823
167	13	1.225960	0.1626811	0.4215823
167	14	1.225960	0.1626811	0.4215823
167	15	1.225960	0.1626811	0.4215823
168	2	-0.1481861	0.5737002	0.3979844
168	3	-0.1481861	0.5737002	0.3979844
168	4	-0.1481861	0.5737002	0.3979844
168	5	-0.1481861	0.5737002	0.3979844
168	6	-0.1481861	0.5737002	0.3979844
168	7	-0.1481861	0.5737002	0.3979844
168	8	-0.1481861	0.5737002	0.3979844
168	9	-0.1481861	0.5737002	0.3979844
168	10	1.225960	0.1626811	0.4215823
168	11	1.225960	0.1626811	0.4215823
168	12	1.225960	0.1626811	0.4215823
168	13	1.225960	0.1626811	0.4215823
168	14	1.225960	0.1626811	0.4215823
168	15	1.225960	0.1626811	0.4215823
169	1	-0.2614121	0.5708921	0.7594724
169	2	-0.3154747	0.5576744	1.049769
169	3	-0.3154747	0.5576744	1.049769
169	4	-0.3154747	0.5576744	1.049769
169	5	-0.3154747	0.5576744	1.049769
169	6	-0.3154747	0.5576744	1.049769
169	7	-0.3154747	0.5576744	1.049769
169	8	-0.3154747	0.5576744	1.049769
169	9	-0.3154747	0.5576744	1.049769
169	10	0.1632578	0.5154534	0.05740251
169	11	0.1632578	0.5154534	0.05740251
169	12	0.1632578	0.5154534	0.05740251
169	13	0.1632578	0.5154534	0.05740251
169	14	0.1632578	0.5154534	0.05740251
169	15	0.1632578	0.5154534	0.05740251
169	16	1.351245	0.1314549	0.3618199
169	17	1.351245	0.1314549	0.3618199
169	18	1.351245	0.1314549	0.3618199
169	19	1.351245	0.1314549	0.3618199
169	20	1.351245	0.1314549	0.3618199
169	21	1.351245	0.1314549	0.3618199
170	1	-0.3277135	0.5396542	1.264407
170	2	0.4288458	0.3285554	1.126826
170	3	0.4288458	0.3285554	1.126826
170	4	0.4288458	0.3285554	1.126826
170	5	0.4288458	0.3285554	1.126826
170	6	0.4288458	0.3285554	1.126826
170	7	0.4288458	0.3285554	1.126826
170	8	0.4288458	0.3285554	1.126826
170	9	0.4288458	0.3285554	1.126826
170	10	-0.1148230	0.5769018	0.2679422
170	11	-0.1148230	0.5769018	0.2679422
170	12	-0.1148230	0.5769018	0.2679422
170	13	-0.1148230	0.5769018	0.2679422
170	14	-0.1148230	0.5769018	0.2679422
170	15	-0.1148230	0.5769018	0.2679422
170	16	1.305352	0.1511156	0.3022314
170	17	1.305352	0.1511156	0.3022314
170	18	1.305352	0.1511156	0.3022314
170	19	1.305352	0.1511156	0.3022314
170	20	1.305352	0.1511156	0.3022314
170	21	1.305352	0.1511156	0.3022314
171	1	1.120904	0.1941041	0.4197782
171	2	1.120904	0.1941041	0.4197782
171	3	1.120904	0.1941041	0.4197782
171	4	1.120904	0.1941041	0.4197782
171	5	1.120904	0.1941041	0.4197782
171	6	1.120904	0.1941041	0.4197782
171	7	1.120904	0.1941041	0.4197782
171	8	1.120904	0.1941041	0.4197782
171	9	1.120904	0.1941041	0.4197782
171	10	1.120904	0.1941041	0.4197782
171	11	1.120904	0.1941041	0.4197782
171	12	1.120904	0.1941041	0.4197782
171	13	1.120904	0.1941041	0.4197782
171	14	1.120904	0.1941041	0.4197782
171	15	1.120904	0.1941041	0.4197782
171	16	1.120904	0.1941041	0.4197782
171	17	1.120904	0.1941041	0.4197782
171	18	1.120904	0.1941041	0.4197782
171	19	1.120904	0.1941041	0.4197782
171	20	1.120904	0.1941041	0.4197782
171	21	1.120904	0.1941041	0.4197782
172	1	1.120904	0.1941041	0.4197782
172	2	1.120904	0.1941041	0.4197782
172	3	1.120904	0.1941041	0.4197782
172	4	1.120904	0.1941041	0.4197782
172	5	1.120904	0.1941041	0.4197782
172	6	1.120904	0.1941041	0.4197782
172	7	1.120904	0.1941041	0.4197782
172	8	1.120904	0.1941041	0.4197782
172	9	1.120904	0.1941041	0.4197782
172	10	1.120904	0.1941041	0.4197782
172	11	1.120904	0.1941041	0.4197782
172	12	1.120904	0.1941041	0.4197782
172	13	1.120904	0.1941041	0.4197782
172	14	1.120904	0.1941041	0.4197782
172	15	1.120904	0.1941041	0.4197782
172	16	1.120904	0.1941041	0.4197782
172	17	1.120904	0.1941041	0.4197782
172	18	1.120904	0.1941041	0.4197782
172	19	1.120904	0.1941041	0.4197782
172	20	1.120904	0.1941041	0.4197782
172	21	1.120904	0.1941041	0.4197782
173	1	1.120904	0.1941041	0.4197782
173	2	1.120904	0.1941041	0.4197782
173	3	1.120904	0.1941041	0.4197782
173	4	1.120904	0.1941041	0.4197782
173	5	1.120904	0.1941041	0.4197782
173	6	1.120904	0.1941041	0.4197782
173	7	1.120904	0.1941041	0.4197782
173	8	1.120904	0.1941041	0.4197782
173	9	1.120904	0.1941041	0.4197782
173	10	1.120904	0.1941041	0.4197782
173	11	1.120904	0.1941041	0.4197782
173	12	1.120904	0.1941041	0.4197782
173	13	1.120904	0.1941041	0.4197782
173	14	1.120904	0.1941041	0.4197782
173	15	1.120904	0.1941041	0.4197782
173	16	1.120904	0.1941041	0.4197782
173	17	1.120904	0.1941041	0.4197782
173	18	1.120904	0.1941041	0.4197782
173	19	1.120904	0.1941041	0.4197782
173	20	1.120904	0.1941041	0.4197782
173	21	1.120904	0.1941041	0.4197782
174	1	1.120904	0.1941041	0.4197782
174	2	1.120904	0.1941041	0.4197782
174	3	1.120904	0.1941041	0.4197782
174	4	1.120904	0.1941041	0.4197782
174	5	1.120904	0.1941041	0.4197782
174	6	1.120904	0.1941041	0.4197782
174	7	1.120904	0.1941041	0.4197782
174	8	1.120904	0.1941041	0.4197782
174	9	1.120904	0.1941041	0.4197782
174	10	1.120904	0.1941041	0.4197782
174	11	1.120904	0.1941041	0.4197782
174	12	1.120904	0.1941041	0.4197782
174	13	1.120904	0.1941041	0.4197782
174	14	1.120904	0.1941041	0.4197782
174	15	1.120904	0.1941041	0.4197782
174	16	1.120904	0.1941041	0.4197782
174	17	1.120904	0.1941041	0.4197782
174	18	1.120904	0.1941041	0.4197782
174	19	1.120904	0.1941041	0.4197782
174	20	1.120904	0.1941041	0.4197782
174	21	1.120904	0.1941041	0.4197782
175	1	1.120904	0.1941041	0.4197782
175	2	1.120904	0.1941041	0.4197782
175	3	1.120904	0.1941041	0.4197782
175	4	1.120904	0.1941041	0.4197782
175	5	1.120904	0.1941041	0.4197782
175	6	1.120904	0.1941041	0.4197782
175	7	1.120904	0.1941041	0.4197782
175	8	1.120904	0.1941041	0.4197782
175	9	1.120904	0.1941041	0.4197782
175	10	1.120904	0.1941041	0.4197782
175	11	1.120904	0.1941041	0.4197782
175	12	1.120904	0.1941041	0.4197782
175	13	1.120904	0.1941041	0.4197782
175	14	1.120904	0.1941041	0.4197782
175	15	1.120904	0.1941041	0.4197782
175	16	1.120904	0.1941041	0.4197782
175	17	1.120904	0.1941041	0.4197782
175	18	1.120904	0.1941041	0.4197782
175	19	1.120904	0.1941041	0.4197782
175	20	1.120904	0.1941041	0.4197782
175	21	1.120904	0.1941041	0.4197782
176	1	1.120904	0.1941041	0.4197782
176	2	1.120904	0.1941041	0.4197782
176	3	1.120904	0.1941041	0.4197782
176	4	1.120904	0.1941041	0.4197782
176	5	1.120904	0.1941041	0.4197782
176	6	1.120904	0.1941041	0.4197782
176	7	1.120904	0.1941041	0.4197782
176	8	1.120904	0.1941041	0.4197782
176	9	1.120904	0.1941041	0.4197782
176	10	1.120904	0.1941041	0.4197782
176	11	1.120904	0.1941041	0.4197782
176	12	1.120904	0.1941041	0.4197782
176	13	1.120904	0.1941041	0.4197782
176	14	1.120904	0.1941041	0.4197782
176	15	1.120904	0.1941041	0.4197782
176	16	1.120904	0.1941041	0.4197782
176	17	1.120904	0.1941041	0.4197782
176	18	1.120904	0.1941041	0.4197782
176	19	1.120904	0.1941041	0.4197782
176	20	1.120904	0.1941041	0.4197782
176	21	1.120904	0.1941041	0.4197782
177	1	1.120904	0.1941041	0.4197782
177	2	1.120904	0.1941041	0.4197782
177	3	1.120904	0.1941041	0.4197782
177	4	1.120904	0.1941041	0.4197782
177	5	1.120904	0.1941041	0.4197782
177	6	1.120904	0.1941041	0.4197782
177	7	1.120904	0.1941041	0.4197782
177	8	1.120904	0.1941041	0.4197782
177	9	1.120904	0.1941041	0.4197782
177	10	1.120904	0.1941041	0.4197782
177	11	1.120904	0.1941041	0.4197782
177	12	1.120904	0.1941041	0.4197782
177	13	1.120904	0.1941041	0.4197782
177	14	1.120904	0.1941041	0.4197782
177	15	1.120904	0.1941041	0.4197782
177	16	1.120904	0.1941041	0.4197782
177	17	1.120904	0.1941041	0.4197782
177	18	1.120904	0.1941041	0.4197782
177	19	1.120904	0.1941041	0.4197782
177	20	1.120904	0.1941041	0.4197782
177	21	1.120904	0.1941041	0.4197782
178	1	1.120904	0.1941041	0.4197782
178	2	1.120904	0.1941041	0.4197782
178	3	1.120904	0.1941041	0.4197782
178	4	1.120904	0.1941041	0.4197782
178	5	1.120904	0.1941041	0.4197782
178	6	1.120904	0.1941041	0.4197782
178	7	1.120904	0.1941041	0.4197782
178	8	1.120904	0.1941041	0.4197782
178	9	1.120904	0.1941041	0.4197782
178	10	1.120904	0.1941041	0.4197782
178	11	1.120904	0.1941041	0.4197782
178	12	1.120904	0.1941041	0.4197782
178	13	1.120904	0.1941041	0.4197782
178	14	1.120904	0.1941041	0.4197782
178	15	1.120904	0.1941041	0.4197782
178	16	1.120904	0.1941041	0.4197782
178	17	1.120904	0.1941041	0.4197782
178	18	1.120904	0.1941041	0.4197782
178	19	1.120904	0.1941041	0.4197782
178	20	1.120904	0.1941041	0.4197782
178	21	1.120904	0.1941041	0.4197782
