1	1	1.120904	0.1941041	0.4197782
1	2	1.120904	0.1941041	0.4197782
1	4	1.120904	0.1941041	0.4197782
2	1	1.120904	0.1941041	0.4197782
2	2	1.120904	0.1941041	0.4197782
2	4	1.120904	0.1941041	0.4197782
3	1	1.120904	0.1941041	0.4197782
3	2	1.120904	0.1941041	0.4197782
3	4	1.120904	0.1941041	0.4197782
4	1	1.120904	0.1941041	0.4197782
4	2	1.120904	0.1941041	0.4197782
4	4	1.120904	0.1941041	0.4197782
5	1	1.120904	0.1941041	0.4197782
5	2	1.120904	0.1941041	0.4197782
5	4	1.120904	0.1941041	0.4197782
6	1	1.120904	0.1941041	0.4197782
6	2	1.120904	0.1941041	0.4197782
6	4	1.120904	0.1941041	0.4197782
7	1	1.120904	0.1941041	0.4197782
7	2	1.120904	0.1941041	0.4197782
7	4	1.120904	0.1941041	0.4197782
8	1	1.120904	0.1941041	0.4197782
8	2	1.120904	0.1941041	0.4197782
8	4	1.120904	0.1941041	0.4197782
9	1	1.120904	0.1941041	0.4197782
9	2	1.120904	0.1941041	0.4197782
9	4	1.120904	0.1941041	0.4197782
10	1	0.6024278	0.3912417	-0.0058881
10	2	-0.3610018	0.5909165	0.854517
10	4	0.9791602	0.1900622	0.8775313
11	1	0.6024278	0.3912417	-0.0058881
11	2	-0.3610018	0.5909165	0.854517
11	4	0.9791602	0.1900622	0.8775313
12	1	1.309443	0.1377103	0.4230159
12	2	-0.1997335	0.5891185	0.3970992
13	1	1.309443	0.1377103	0.4230159
13	2	-0.1997335	0.5891185	0.3970992
16	2	1.120904	0.1941041	0.4197782
16	4	1.120904	0.1941041	0.4197782
17	2	1.120904	0.1941041	0.4197782
17	4	1.120904	0.1941041	0.4197782
18	2	1.120904	0.1941041	0.4197782
18	4	1.120904	0.1941041	0.4197782
19	2	1.120904	0.1941041	0.4197782
19	4	1.120904	0.1941041	0.4197782
20	2	1.120904	0.1941041	0.4197782
20	4	1.120904	0.1941041	0.4197782
21	2	1.120904	0.1941041	0.4197782
21	4	1.120904	0.1941041	0.4197782
22	2	1.120904	0.1941041	0.4197782
22	4	1.120904	0.1941041	0.4197782
23	2	1.120904	0.1941041	0.4197782
23	4	1.120904	0.1941041	0.4197782
24	2	1.120904	0.1941041	0.4197782
24	4	1.120904	0.1941041	0.4197782
25	2	1.120904	0.1941041	0.4197782
25	4	1.120904	0.1941041	0.4197782
26	2	1.120904	0.1941041	0.4197782
26	4	1.120904	0.1941041	0.4197782
27	2	1.120904	0.1941041	0.4197782
27	4	1.120904	0.1941041	0.4197782
28	2	1.120904	0.1941041	0.4197782
28	4	1.120904	0.1941041	0.4197782
29	2	1.120904	0.1941041	0.4197782
29	4	1.120904	0.1941041	0.4197782
30	2	1.120904	0.1941041	0.4197782
30	4	1.120904	0.1941041	0.4197782
31	2	1.120904	0.1941041	0.4197782
31	4	1.120904	0.1941041	0.4197782
32	2	1.120904	0.1941041	0.4197782
32	4	1.120904	0.1941041	0.4197782
33	2	1.120904	0.1941041	0.4197782
33	4	1.120904	0.1941041	0.4197782
34	2	1.120904	0.1941041	0.4197782
34	4	1.120904	0.1941041	0.4197782
35	2	1.120904	0.1941041	0.4197782
35	4	1.120904	0.1941041	0.4197782
36	2	1.120904	0.1941041	0.4197782
36	4	1.120904	0.1941041	0.4197782
37	2	1.120904	0.1941041	0.4197782
37	4	1.120904	0.1941041	0.4197782
38	2	1.120904	0.1941041	0.4197782
38	4	1.120904	0.1941041	0.4197782
39	1	0.3860344	0.4557407	-0.007362423
39	2	0.1757205	0.3806523	1.356494
39	4	0.1757204	0.3806523	1.356494
40	1	0.3860344	0.4557407	-0.007362423
40	2	0.1757205	0.3806523	1.356494
40	4	0.1757204	0.3806523	1.356494
41	1	0.4155601	0.4460143	0.002013277
41	2	0.1156193	0.3884339	1.456492
41	3	0.4155601	0.4460143	0.002013276
41	4	0.1156193	0.3884339	1.456492
42	1	0.3741541	0.4575462	0.009755113
42	2	1.129868	0.1571765	0.7592977
42	3	0.3741541	0.4575462	0.009755113
42	4	-0.4061178	0.5525711	1.367452
43	1	0.3741541	0.4575462	0.009755113
43	2	1.129868	0.1571765	0.7592977
43	3	0.3741541	0.4575462	0.009755113
43	4	-0.4061178	0.5525711	1.367452
44	1	0.3741541	0.4575462	0.009755113
44	2	1.129868	0.1571765	0.7592977
44	3	0.3741541	0.4575462	0.009755113
44	4	-0.4061178	0.5525711	1.367452
45	1	0.3741541	0.4575462	0.009755113
45	2	1.129868	0.1571765	0.7592977
45	3	0.3741541	0.4575462	0.009755113
45	4	-0.4061178	0.5525711	1.367452
46	1	0.3741541	0.4575462	0.009755113
46	2	1.129868	0.1571765	0.7592977
46	3	0.3741541	0.4575462	0.009755113
46	4	-0.4061178	0.5525711	1.367452
47	1	0.3741541	0.4575462	0.009755113
47	2	1.129868	0.1571765	0.7592977
47	3	0.3741541	0.4575462	0.009755113
47	4	-0.4061178	0.5525711	1.367452
48	1	0.3741541	0.4575462	0.009755113
48	2	1.129868	0.1571765	0.7592977
48	3	0.3741541	0.4575462	0.009755113
48	4	-0.4061178	0.5525711	1.367452
49	1	0.3741541	0.4575462	0.009755113
49	2	1.129868	0.1571765	0.7592977
49	3	0.3741541	0.4575462	0.009755113
49	4	-0.4061178	0.5525711	1.367452
50	1	0.3741541	0.4575462	0.009755113
50	2	1.129868	0.1571765	0.7592977
50	3	0.3741541	0.4575462	0.009755113
50	4	-0.4061178	0.5525711	1.367452
51	1	0.3741541	0.4575462	0.009755113
51	2	1.129868	0.1571765	0.7592977
51	3	0.3741541	0.4575462	0.009755113
51	4	-0.4061178	0.5525711	1.367452
70	1	0.3741541	0.4575462	0.009755113
70	2	1.129868	0.1571765	0.7592977
70	3	0.3741541	0.4575462	0.009755113
70	4	-0.4061178	0.5525711	1.367452
71	1	0.3741541	0.4575462	0.009755113
71	2	1.129868	0.1571765	0.7592977
71	3	0.3741541	0.4575462	0.009755113
71	4	-0.4061178	0.5525711	1.367452
72	1	0.3741541	0.4575462	0.009755113
72	2	1.129868	0.1571765	0.7592977
72	3	0.3741541	0.4575462	0.009755113
72	4	-0.4061178	0.5525711	1.367452
73	1	0.3741541	0.4575462	0.009755113
73	2	1.129868	0.1571765	0.7592977
73	3	0.3741541	0.4575462	0.009755113
73	4	-0.4061178	0.5525711	1.367452
74	1	0.3741541	0.4575462	0.009755113
74	2	1.129868	0.1571765	0.7592977
74	3	0.3741541	0.4575462	0.009755113
74	4	-0.4061178	0.5525711	1.367452
75	1	-0.1702483	0.5802992	0.3976058
75	3	-0.1702483	0.5802992	0.3976058
75	4	1.374866	0.1181419	0.4241391
76	1	-0.1702483	0.5802992	0.3976058
76	3	-0.1702483	0.5802992	0.3976058
76	4	1.374866	0.1181419	0.4241391
77	1	-0.1702483	0.5802992	0.3976058
77	3	-0.1702483	0.5802992	0.3976058
77	4	1.374866	0.1181419	0.4241391
78	3	1.309443	0.1377103	0.4230159
78	4	-0.1997335	0.5891185	0.3970992
79	3	1.309443	0.1377103	0.4230159
79	4	-0.1997335	0.5891185	0.3970992
80	3	1.309443	0.1377103	0.4230159
80	4	-0.1997335	0.5891185	0.3970992
81	3	1.309443	0.1377103	0.4230159
81	4	-0.1997335	0.5891185	0.3970992
82	3	1.309443	0.1377103	0.4230159
82	4	-0.1997335	0.5891185	0.3970992
83	3	1.309443	0.1377103	0.4230159
83	4	-0.1997335	0.5891185	0.3970992
84	1	-0.1702483	0.5802992	0.3976058
84	3	-0.1702483	0.5802992	0.3976058
84	4	1.374866	0.1181419	0.4241391
85	1	-0.1702483	0.5802992	0.3976058
85	3	-0.1702483	0.5802992	0.3976058
85	4	1.374866	0.1181419	0.4241391
86	1	-0.1702483	0.5802992	0.3976058
86	3	-0.1702483	0.5802992	0.3976058
86	4	1.374866	0.1181419	0.4241391
87	1	0.3741541	0.4575462	0.009755113
87	2	1.129868	0.1571765	0.7592977
87	3	0.3741541	0.4575462	0.009755113
87	4	-0.4061178	0.5525711	1.367452
88	1	0.3741541	0.4575462	0.009755113
88	2	1.129868	0.1571765	0.7592977
88	3	0.3741541	0.4575462	0.009755113
88	4	-0.4061178	0.5525711	1.367452
89	1	0.4155601	0.4460143	0.002013277
89	2	0.1156193	0.3884339	1.456492
89	3	0.4155601	0.4460143	0.002013276
89	4	0.1156193	0.3884339	1.456492
90	1	0.4155601	0.4460143	0.002013277
90	2	0.1156193	0.3884339	1.456492
90	3	0.4155601	0.4460143	0.002013276
90	4	0.1156193	0.3884339	1.456492
91	1	0.4155601	0.4460143	0.002013277
91	2	0.1156193	0.3884339	1.456492
91	3	0.4155601	0.4460143	0.002013276
91	4	0.1156193	0.3884339	1.456492
92	1	0.4155601	0.4460143	0.002013277
92	2	0.1156193	0.3884339	1.456492
92	3	0.4155601	0.4460143	0.002013276
92	4	0.1156193	0.3884339	1.456492
93	1	0.4155601	0.4460143	0.002013277
93	2	0.1156193	0.3884339	1.456492
93	3	0.4155601	0.4460143	0.002013276
93	4	0.1156193	0.3884339	1.456492
94	2	1.309443	0.1377103	0.4230159
94	3	-0.1997335	0.5891185	0.3970992
95	2	1.309443	0.1377103	0.4230159
95	3	-0.1997335	0.5891185	0.3970992
96	2	1.309443	0.1377103	0.4230159
96	3	-0.1997335	0.5891185	0.3970992
97	2	1.309443	0.1377103	0.4230159
97	3	-0.1997335	0.5891185	0.3970992
98	2	1.309443	0.1377103	0.4230159
98	3	-0.1997335	0.5891185	0.3970992
99	1	0.5931945	0.3923459	0.01037860
99	2	-0.1533432	0.4538618	1.600725
99	3	0.5931945	0.3923459	0.01037860
100	1	0.5931945	0.3923459	0.01037860
100	2	-0.1533432	0.4538618	1.600725
100	3	0.5931945	0.3923459	0.01037860
101	1	0.5931945	0.3923459	0.01037860
101	2	-0.1533432	0.4538618	1.600725
101	3	0.5931945	0.3923459	0.01037860
102	1	0.5931945	0.3923459	0.01037860
102	2	-0.1533432	0.4538618	1.600725
102	3	0.5931945	0.3923459	0.01037860
103	1	0.3741541	0.4575462	0.009755113
103	2	1.129868	0.1571765	0.7592977
103	3	0.3741541	0.4575462	0.009755113
103	4	-0.4061178	0.5525711	1.367452
104	1	0.3741541	0.4575462	0.009755113
104	2	1.129868	0.1571765	0.7592977
104	3	0.3741541	0.4575462	0.009755113
104	4	-0.4061178	0.5525711	1.367452
105	1	-0.1702483	0.5802992	0.3976058
105	3	-0.1702483	0.5802992	0.3976058
105	4	1.374866	0.1181419	0.4241391
106	1	-0.1702483	0.5802992	0.3976058
106	3	-0.1702483	0.5802992	0.3976058
106	4	1.374866	0.1181419	0.4241391
107	1	-0.1702483	0.5802992	0.3976058
107	3	-0.1702483	0.5802992	0.3976058
107	4	1.374866	0.1181419	0.4241391
108	1	-0.1702483	0.5802992	0.3976058
108	3	-0.1702483	0.5802992	0.3976058
108	4	1.374866	0.1181419	0.4241391
109	1	1.309443	0.1377103	0.4230159
109	4	-0.1997335	0.5891185	0.3970992
119	1	-0.1702483	0.5802992	0.3976058
119	3	-0.1702483	0.5802992	0.3976058
119	4	1.374866	0.1181419	0.4241391
120	1	-0.1702483	0.5802992	0.3976058
120	3	-0.1702483	0.5802992	0.3976058
120	4	1.374866	0.1181419	0.4241391
121	1	-0.1702483	0.5802992	0.3976058
121	3	-0.1702483	0.5802992	0.3976058
121	4	1.374866	0.1181419	0.4241391
122	1	-0.1702483	0.5802992	0.3976058
122	3	-0.1702483	0.5802992	0.3976058
122	4	1.374866	0.1181419	0.4241391
123	1	-0.1702483	0.5802992	0.3976058
123	3	-0.1702483	0.5802992	0.3976058
123	4	1.374866	0.1181419	0.4241391
124	1	1.120904	0.1941041	0.4197782
124	2	1.120904	0.1941041	0.4197782
124	3	1.120904	0.1941041	0.4197782
124	4	1.120904	0.1941041	0.4197782
125	1	1.120904	0.1941041	0.4197782
125	2	1.120904	0.1941041	0.4197782
125	3	1.120904	0.1941041	0.4197782
125	4	1.120904	0.1941041	0.4197782
126	1	1.120904	0.1941041	0.4197782
126	2	1.120904	0.1941041	0.4197782
126	3	1.120904	0.1941041	0.4197782
126	4	1.120904	0.1941041	0.4197782
127	1	1.120904	0.1941041	0.4197782
127	2	1.120904	0.1941041	0.4197782
127	3	1.120904	0.1941041	0.4197782
127	4	1.120904	0.1941041	0.4197782
128	1	1.120904	0.1941041	0.4197782
128	2	1.120904	0.1941041	0.4197782
128	3	1.120904	0.1941041	0.4197782
128	4	1.120904	0.1941041	0.4197782
129	1	1.120904	0.1941041	0.4197782
129	2	1.120904	0.1941041	0.4197782
129	3	1.120904	0.1941041	0.4197782
129	4	1.120904	0.1941041	0.4197782
130	1	1.120904	0.1941041	0.4197782
130	2	1.120904	0.1941041	0.4197782
130	3	1.120904	0.1941041	0.4197782
130	4	1.120904	0.1941041	0.4197782
131	1	1.120904	0.1941041	0.4197782
131	2	1.120904	0.1941041	0.4197782
131	3	1.120904	0.1941041	0.4197782
131	4	1.120904	0.1941041	0.4197782
132	1	1.120904	0.1941041	0.4197782
132	2	1.120904	0.1941041	0.4197782
132	3	1.120904	0.1941041	0.4197782
132	4	1.120904	0.1941041	0.4197782
133	1	1.120904	0.1941041	0.4197782
133	2	1.120904	0.1941041	0.4197782
133	3	1.120904	0.1941041	0.4197782
133	4	1.120904	0.1941041	0.4197782
134	1	1.120904	0.1941041	0.4197782
134	3	1.120904	0.1941041	0.4197782
134	4	1.120904	0.1941041	0.4197782
135	1	1.120904	0.1941041	0.4197782
135	3	1.120904	0.1941041	0.4197782
135	4	1.120904	0.1941041	0.4197782
138	1	1.120904	0.1941041	0.4197782
138	3	1.120904	0.1941041	0.4197782
139	1	1.120904	0.1941041	0.4197782
139	3	1.120904	0.1941041	0.4197782
141	1	0.3741541	0.4575462	0.009755113
141	2	1.129868	0.1571765	0.7592977
141	3	0.3741541	0.4575462	0.009755113
141	4	-0.4061178	0.5525711	1.367452
142	1	0.3741541	0.4575462	0.009755113
142	2	1.129868	0.1571765	0.7592977
142	3	0.3741541	0.4575462	0.009755113
142	4	-0.4061178	0.5525711	1.367452
143	1	0.3741541	0.4575462	0.009755113
143	2	1.129868	0.1571765	0.7592977
143	3	0.3741541	0.4575462	0.009755113
143	4	-0.4061178	0.5525711	1.367452
144	1	0.3741541	0.4575462	0.009755113
144	2	1.129868	0.1571765	0.7592977
144	3	0.3741541	0.4575462	0.009755113
144	4	-0.4061178	0.5525711	1.367452
145	2	-0.3884389	0.5564191	1.277224
145	3	0.2883202	0.4832472	0.008009926
145	4	1.311340	0.1316662	0.4773225
146	2	1.245318	0.1568909	0.4219139
146	3	-0.2283509	0.5976782	0.3966087
146	4	1.245318	0.1568909	0.4219139
147	2	1.245318	0.1568909	0.4219139
147	3	-0.2283509	0.5976782	0.3966087
147	4	1.245318	0.1568909	0.4219139
148	2	1.120904	0.1941041	0.4197782
148	4	1.120904	0.1941041	0.4197782
149	2	1.120904	0.1941041	0.4197782
149	4	1.120904	0.1941041	0.4197782
150	2	1.120904	0.1941041	0.4197782
150	4	1.120904	0.1941041	0.4197782
151	2	1.120904	0.1941041	0.4197782
151	3	1.120904	0.1941041	0.4197782
151	4	1.120904	0.1941041	0.4197782
152	2	1.120904	0.1941041	0.4197782
152	3	1.120904	0.1941041	0.4197782
152	4	1.120904	0.1941041	0.4197782
153	2	1.120904	0.1941041	0.4197782
153	3	1.120904	0.1941041	0.4197782
153	4	1.120904	0.1941041	0.4197782
154	1	1.120904	0.1941041	0.4197782
154	2	1.120904	0.1941041	0.4197782
154	3	1.120904	0.1941041	0.4197782
154	4	1.120904	0.1941041	0.4197782
155	1	1.120904	0.1941041	0.4197782
155	2	1.120904	0.1941041	0.4197782
155	3	1.120904	0.1941041	0.4197782
155	4	1.120904	0.1941041	0.4197782
156	1	1.120904	0.1941041	0.4197782
156	2	1.120904	0.1941041	0.4197782
156	3	1.120904	0.1941041	0.4197782
156	4	1.120904	0.1941041	0.4197782
157	1	1.120904	0.1941041	0.4197782
157	2	1.120904	0.1941041	0.4197782
157	3	1.120904	0.1941041	0.4197782
157	4	1.120904	0.1941041	0.4197782
158	1	1.120904	0.1941041	0.4197782
158	2	1.120904	0.1941041	0.4197782
158	3	1.120904	0.1941041	0.4197782
158	4	1.120904	0.1941041	0.4197782
159	1	1.120904	0.1941041	0.4197782
159	2	1.120904	0.1941041	0.4197782
159	3	1.120904	0.1941041	0.4197782
159	4	1.120904	0.1941041	0.4197782
160	1	1.120904	0.1941041	0.4197782
160	2	1.120904	0.1941041	0.4197782
160	3	1.120904	0.1941041	0.4197782
160	4	1.120904	0.1941041	0.4197782
161	1	1.120904	0.1941041	0.4197782
161	2	1.120904	0.1941041	0.4197782
161	3	1.120904	0.1941041	0.4197782
161	4	1.120904	0.1941041	0.4197782
162	1	1.120904	0.1941041	0.4197782
162	2	1.120904	0.1941041	0.4197782
162	3	1.120904	0.1941041	0.4197782
162	4	1.120904	0.1941041	0.4197782
163	1	1.120904	0.1941041	0.4197782
163	2	1.120904	0.1941041	0.4197782
163	3	1.120904	0.1941041	0.4197782
163	4	1.120904	0.1941041	0.4197782
164	1	1.120904	0.1941041	0.4197782
164	2	1.120904	0.1941041	0.4197782
164	3	1.120904	0.1941041	0.4197782
164	4	1.120904	0.1941041	0.4197782
165	1	1.120904	0.1941041	0.4197782
165	2	1.120904	0.1941041	0.4197782
165	3	1.120904	0.1941041	0.4197782
165	4	1.120904	0.1941041	0.4197782
166	1	-0.1551758	0.575791	0.3978644
166	2	-0.1551758	0.575791	0.3978644
166	3	-0.1551758	0.575791	0.3978644
166	4	1.408068	0.108211	0.4247096
167	1	-0.1551758	0.575791	0.3978644
167	2	-0.1551758	0.575791	0.3978644
167	3	-0.1551758	0.575791	0.3978644
167	4	1.408068	0.108211	0.4247096
168	1	-0.1551758	0.575791	0.3978644
168	2	-0.1551758	0.575791	0.3978644
168	3	-0.1551758	0.575791	0.3978644
168	4	1.408068	0.108211	0.4247096
169	1	-0.1551758	0.575791	0.3978644
169	2	-0.1551758	0.575791	0.3978644
169	3	-0.1551758	0.575791	0.3978644
169	4	1.408068	0.108211	0.4247096
170	1	-0.1551758	0.575791	0.3978644
170	2	-0.1551758	0.575791	0.3978644
170	3	-0.1551758	0.575791	0.3978644
170	4	1.408068	0.108211	0.4247096
188	1	-0.1551758	0.575791	0.3978644
188	2	-0.1551758	0.575791	0.3978644
188	3	-0.1551758	0.575791	0.3978644
188	4	1.408068	0.108211	0.4247096
189	1	-0.1551758	0.575791	0.3978644
189	2	-0.1551758	0.575791	0.3978644
189	3	-0.1551758	0.575791	0.3978644
189	4	1.408068	0.108211	0.4247096
190	1	-0.1551758	0.575791	0.3978644
190	2	-0.1551758	0.575791	0.3978644
190	3	-0.1551758	0.575791	0.3978644
190	4	1.408068	0.108211	0.4247096
191	1	-0.1551758	0.575791	0.3978644
191	2	-0.1551758	0.575791	0.3978644
191	3	-0.1551758	0.575791	0.3978644
191	4	1.408068	0.108211	0.4247096
192	1	-0.1551758	0.575791	0.3978644
192	2	-0.1551758	0.575791	0.3978644
192	3	-0.1551758	0.575791	0.3978644
192	4	1.408068	0.108211	0.4247096
193	1	-0.1551758	0.575791	0.3978644
193	2	-0.1551758	0.575791	0.3978644
193	3	-0.1551758	0.575791	0.3978644
193	4	1.408068	0.108211	0.4247096
194	1	0.3741541	0.4575462	0.009755113
194	2	1.129868	0.1571765	0.7592977
194	3	0.3741541	0.4575462	0.009755113
194	4	-0.4061178	0.5525711	1.367452
195	1	0.3741541	0.4575462	0.009755113
195	2	1.129868	0.1571765	0.7592977
195	3	0.3741541	0.4575462	0.009755113
195	4	-0.4061178	0.5525711	1.367452
196	1	0.3741541	0.4575462	0.009755113
196	2	1.129868	0.1571765	0.7592977
196	3	0.3741541	0.4575462	0.009755113
196	4	-0.4061178	0.5525711	1.367452
197	1	0.3741541	0.4575462	0.009755113
197	2	1.129868	0.1571765	0.7592977
197	3	0.3741541	0.4575462	0.009755113
197	4	-0.4061178	0.5525711	1.367452
198	1	0.3741541	0.4575462	0.009755113
198	2	1.129868	0.1571765	0.7592977
198	3	0.3741541	0.4575462	0.009755113
198	4	-0.4061178	0.5525711	1.367452
201	1	1.120904	0.1941041	0.4197782
201	2	1.120904	0.1941041	0.4197782
201	3	1.120904	0.1941041	0.4197782
202	1	1.120904	0.1941041	0.4197782
202	2	1.120904	0.1941041	0.4197782
202	3	1.120904	0.1941041	0.4197782
203	1	1.120904	0.1941041	0.4197782
203	2	1.120904	0.1941041	0.4197782
203	3	1.120904	0.1941041	0.4197782
204	1	1.120904	0.1941041	0.4197782
204	2	1.120904	0.1941041	0.4197782
204	3	1.120904	0.1941041	0.4197782
205	1	0.5931945	0.3923459	0.01037860
205	2	-0.1533432	0.4538618	1.600725
205	3	0.5931945	0.3923459	0.01037860
206	1	0.5931945	0.3923459	0.01037860
206	2	-0.1533432	0.4538618	1.600725
206	3	0.5931945	0.3923459	0.01037860
207	1	0.3741541	0.4575462	0.009755113
207	2	1.129868	0.1571765	0.7592977
207	3	0.3741541	0.4575462	0.009755113
207	4	-0.4061178	0.5525711	1.367452
208	3	1.309443	0.1377103	0.4230159
208	4	-0.1997335	0.5891185	0.3970992
209	1	0.4155601	0.4460143	0.002013277
209	2	0.1156193	0.3884339	1.456492
209	3	0.4155601	0.4460143	0.002013276
209	4	0.1156193	0.3884339	1.456492
210	1	0.4155601	0.4460143	0.002013277
210	2	0.1156193	0.3884339	1.456492
210	3	0.4155601	0.4460143	0.002013276
210	4	0.1156193	0.3884339	1.456492
217	1	1.120904	0.1941041	0.4197782
217	2	1.120904	0.1941041	0.4197782
217	3	1.120904	0.1941041	0.4197782
217	4	1.120904	0.1941041	0.4197782
218	1	1.120904	0.1941041	0.4197782
218	2	1.120904	0.1941041	0.4197782
218	3	1.120904	0.1941041	0.4197782
218	4	1.120904	0.1941041	0.4197782
219	1	1.120904	0.1941041	0.4197782
219	2	1.120904	0.1941041	0.4197782
219	3	1.120904	0.1941041	0.4197782
219	4	1.120904	0.1941041	0.4197782
220	1	1.120904	0.1941041	0.4197782
220	2	1.120904	0.1941041	0.4197782
220	3	1.120904	0.1941041	0.4197782
220	4	1.120904	0.1941041	0.4197782
221	1	1.120904	0.1941041	0.4197782
221	2	1.120904	0.1941041	0.4197782
221	3	1.120904	0.1941041	0.4197782
221	4	1.120904	0.1941041	0.4197782
222	1	1.120904	0.1941041	0.4197782
222	2	1.120904	0.1941041	0.4197782
222	3	1.120904	0.1941041	0.4197782
222	4	1.120904	0.1941041	0.4197782
223	1	1.120904	0.1941041	0.4197782
223	2	1.120904	0.1941041	0.4197782
223	3	1.120904	0.1941041	0.4197782
223	4	1.120904	0.1941041	0.4197782
224	1	1.120904	0.1941041	0.4197782
224	2	1.120904	0.1941041	0.4197782
224	3	1.120904	0.1941041	0.4197782
224	4	1.120904	0.1941041	0.4197782
225	1	1.120904	0.1941041	0.4197782
225	2	1.120904	0.1941041	0.4197782
225	3	1.120904	0.1941041	0.4197782
225	4	1.120904	0.1941041	0.4197782
226	1	1.120904	0.1941041	0.4197782
226	2	1.120904	0.1941041	0.4197782
226	3	1.120904	0.1941041	0.4197782
226	4	1.120904	0.1941041	0.4197782
227	1	0.3860344	0.4557407	-0.007362423
227	2	0.1757205	0.3806523	1.356494
227	4	0.1757204	0.3806523	1.356494
228	1	0.3860344	0.4557407	-0.007362423
228	2	0.1757205	0.3806523	1.356494
228	4	0.1757204	0.3806523	1.356494
229	1	0.3741541	0.4575462	0.009755113
229	2	1.129868	0.1571765	0.7592977
229	3	0.3741541	0.4575462	0.009755113
229	4	-0.4061178	0.5525711	1.367452
234	2	1.309443	0.1377103	0.4230159
234	4	-0.1997335	0.5891185	0.3970992
235	1	0.3741541	0.4575462	0.009755113
235	2	1.129868	0.1571765	0.7592977
235	3	0.3741541	0.4575462	0.009755113
235	4	-0.4061178	0.5525711	1.367452
236	1	0.3741541	0.4575462	0.009755113
236	2	1.129868	0.1571765	0.7592977
236	3	0.3741541	0.4575462	0.009755113
236	4	-0.4061178	0.5525711	1.367452
237	1	0.3741541	0.4575462	0.009755113
237	2	1.129868	0.1571765	0.7592977
237	3	0.3741541	0.4575462	0.009755113
237	4	-0.4061178	0.5525711	1.367452
238	1	0.3741541	0.4575462	0.009755113
238	2	1.129868	0.1571765	0.7592977
238	3	0.3741541	0.4575462	0.009755113
238	4	-0.4061178	0.5525711	1.367452
239	1	0.3741541	0.4575462	0.009755113
239	2	1.129868	0.1571765	0.7592977
239	3	0.3741541	0.4575462	0.009755113
239	4	-0.4061178	0.5525711	1.367452
240	1	0.3741541	0.4575462	0.009755113
240	2	1.129868	0.1571765	0.7592977
240	3	0.3741541	0.4575462	0.009755113
240	4	-0.4061178	0.5525711	1.367452
241	1	0.4155601	0.4460143	0.002013277
241	2	0.1156193	0.3884339	1.456492
241	3	0.4155601	0.4460143	0.002013276
241	4	0.1156193	0.3884339	1.456492
242	1	0.4155601	0.4460143	0.002013277
242	2	0.1156193	0.3884339	1.456492
242	3	0.4155601	0.4460143	0.002013276
242	4	0.1156193	0.3884339	1.456492
243	1	0.4155601	0.4460143	0.002013277
243	2	0.1156193	0.3884339	1.456492
243	3	0.4155601	0.4460143	0.002013276
243	4	0.1156193	0.3884339	1.456492
244	1	0.4155601	0.4460143	0.002013277
244	2	0.1156193	0.3884339	1.456492
244	3	0.4155601	0.4460143	0.002013276
244	4	0.1156193	0.3884339	1.456492
245	1	0.4155601	0.4460143	0.002013277
245	2	0.1156193	0.3884339	1.456492
245	3	0.4155601	0.4460143	0.002013276
245	4	0.1156193	0.3884339	1.456492
246	1	0.4155601	0.4460143	0.002013277
246	2	0.1156193	0.3884339	1.456492
246	3	0.4155601	0.4460143	0.002013276
246	4	0.1156193	0.3884339	1.456492
247	1	0.4155601	0.4460143	0.002013277
247	2	0.1156193	0.3884339	1.456492
247	3	0.4155601	0.4460143	0.002013276
247	4	0.1156193	0.3884339	1.456492
248	1	0.4155601	0.4460143	0.002013277
248	2	0.1156193	0.3884339	1.456492
248	3	0.4155601	0.4460143	0.002013276
248	4	0.1156193	0.3884339	1.456492
249	1	-0.1702483	0.5802992	0.3976058
249	3	-0.1702483	0.5802992	0.3976058
249	4	1.374866	0.1181419	0.4241391
250	1	-0.1702483	0.5802992	0.3976058
250	3	-0.1702483	0.5802992	0.3976058
250	4	1.374866	0.1181419	0.4241391
251	1	1.120904	0.1941041	0.4197782
251	3	1.120904	0.1941041	0.4197782
252	1	1.120904	0.1941041	0.4197782
252	3	1.120904	0.1941041	0.4197782
253	1	1.120904	0.1941041	0.4197782
253	3	1.120904	0.1941041	0.4197782
254	1	1.120904	0.1941041	0.4197782
254	3	1.120904	0.1941041	0.4197782
277	1	-0.1551758	0.575791	0.3978644
277	2	-0.1551758	0.575791	0.3978644
277	3	-0.1551758	0.575791	0.3978644
277	4	1.408068	0.108211	0.4247096
278	1	-0.1551758	0.575791	0.3978644
278	2	-0.1551758	0.575791	0.3978644
278	3	-0.1551758	0.575791	0.3978644
278	4	1.408068	0.108211	0.4247096
279	1	-0.1551758	0.575791	0.3978644
279	2	-0.1551758	0.575791	0.3978644
279	3	-0.1551758	0.575791	0.3978644
279	4	1.408068	0.108211	0.4247096
280	1	-0.1702483	0.5802992	0.3976058
280	3	-0.1702483	0.5802992	0.3976058
280	4	1.374866	0.1181419	0.4241391
281	1	-0.1702483	0.5802992	0.3976058
281	3	-0.1702483	0.5802992	0.3976058
281	4	1.374866	0.1181419	0.4241391
282	1	0.3741541	0.4575462	0.009755113
282	2	1.129868	0.1571765	0.7592977
282	3	0.3741541	0.4575462	0.009755113
282	4	-0.4061178	0.5525711	1.367452
283	1	0.3741541	0.4575462	0.009755113
283	2	1.129868	0.1571765	0.7592977
283	3	0.3741541	0.4575462	0.009755113
283	4	-0.4061178	0.5525711	1.367452
284	1	0.3741541	0.4575462	0.009755113
284	2	1.129868	0.1571765	0.7592977
284	3	0.3741541	0.4575462	0.009755113
284	4	-0.4061178	0.5525711	1.367452
285	1	0.3741541	0.4575462	0.009755113
285	2	1.129868	0.1571765	0.7592977
285	3	0.3741541	0.4575462	0.009755113
285	4	-0.4061178	0.5525711	1.367452
286	1	0.3741541	0.4575462	0.009755113
286	2	1.129868	0.1571765	0.7592977
286	3	0.3741541	0.4575462	0.009755113
286	4	-0.4061178	0.5525711	1.367452
293	1	1.309443	0.1377103	0.4230159
293	2	-0.1997335	0.5891185	0.3970992
294	1	1.309443	0.1377103	0.4230159
294	2	-0.1997335	0.5891185	0.3970992
295	1	1.309443	0.1377103	0.4230159
295	2	-0.1997335	0.5891185	0.3970992
296	1	0.3741541	0.4575462	0.009755113
296	2	1.129868	0.1571765	0.7592977
296	3	0.3741541	0.4575462	0.009755113
296	4	-0.4061178	0.5525711	1.367452
297	1	0.3741541	0.4575462	0.009755113
297	2	1.129868	0.1571765	0.7592977
297	3	0.3741541	0.4575462	0.009755113
297	4	-0.4061178	0.5525711	1.367452
298	1	0.3741541	0.4575462	0.009755113
298	2	1.129868	0.1571765	0.7592977
298	3	0.3741541	0.4575462	0.009755113
298	4	-0.4061178	0.5525711	1.367452
299	3	1.309443	0.1377103	0.4230159
299	4	-0.1997335	0.5891185	0.3970992
300	2	-0.3884389	0.5564191	1.277224
300	3	0.2883202	0.4832472	0.008009926
300	4	1.311340	0.1316662	0.4773225
301	1	0.3716822	0.458118	0.01137337
301	2	1.149416	0.1541177	0.7320048
301	3	0.3716822	0.458118	0.01137337
301	4	-0.4049305	0.55408	1.349002
302	1	0.3741541	0.4575462	0.009755113
302	2	1.129868	0.1571765	0.7592977
302	3	0.3741541	0.4575462	0.009755113
302	4	-0.4061178	0.5525711	1.367452
303	1	0.3741541	0.4575462	0.009755113
303	2	1.129868	0.1571765	0.7592977
303	3	0.3741541	0.4575462	0.009755113
303	4	-0.4061178	0.5525711	1.367452
304	1	0.3741541	0.4575462	0.009755113
304	2	1.129868	0.1571765	0.7592977
304	3	0.3741541	0.4575462	0.009755113
304	4	-0.4061178	0.5525711	1.367452
305	1	0.3741541	0.4575462	0.009755113
305	2	1.129868	0.1571765	0.7592977
305	3	0.3741541	0.4575462	0.009755113
305	4	-0.4061178	0.5525711	1.367452
306	1	0.3741541	0.4575462	0.009755113
306	2	1.129868	0.1571765	0.7592977
306	3	0.3741541	0.4575462	0.009755113
306	4	-0.4061178	0.5525711	1.367452
307	1	0.3741541	0.4575462	0.009755113
307	2	1.129868	0.1571765	0.7592977
307	3	0.3741541	0.4575462	0.009755113
307	4	-0.4061178	0.5525711	1.367452
308	1	0.3741541	0.4575462	0.009755113
308	2	1.129868	0.1571765	0.7592977
308	3	0.3741541	0.4575462	0.009755113
308	4	-0.4061178	0.5525711	1.367452
309	1	0.3741541	0.4575462	0.009755113
309	2	1.129868	0.1571765	0.7592977
309	3	0.3741541	0.4575462	0.009755113
309	4	-0.4061178	0.5525711	1.367452
310	1	0.3741541	0.4575462	0.009755113
310	2	1.129868	0.1571765	0.7592977
310	3	0.3741541	0.4575462	0.009755113
310	4	-0.4061178	0.5525711	1.367452
311	1	0.5931945	0.3923459	0.01037860
311	2	-0.1533432	0.4538618	1.600725
311	3	0.5931945	0.3923459	0.01037860
312	1	0.5931945	0.3923459	0.01037860
312	2	-0.1533432	0.4538618	1.600725
312	3	0.5931945	0.3923459	0.01037860
313	1	1.120904	0.1941041	0.4197782
313	3	1.120904	0.1941041	0.4197782
314	1	0.5931945	0.3923459	0.01037860
314	2	-0.1533432	0.4538618	1.600725
314	3	0.5931945	0.3923459	0.01037860
315	1	0.5931945	0.3923459	0.01037860
315	2	-0.1533432	0.4538618	1.600725
315	3	0.5931945	0.3923459	0.01037860
316	1	0.5931945	0.3923459	0.01037860
316	2	-0.1533432	0.4538618	1.600725
316	3	0.5931945	0.3923459	0.01037860
317	1	0.5931945	0.3923459	0.01037860
317	2	-0.1533432	0.4538618	1.600725
317	3	0.5931945	0.3923459	0.01037860
318	1	0.5931945	0.3923459	0.01037860
318	2	-0.1533432	0.4538618	1.600725
318	3	0.5931945	0.3923459	0.01037860
319	1	0.5931945	0.3923459	0.01037860
319	2	-0.1533432	0.4538618	1.600725
319	3	0.5931945	0.3923459	0.01037860
320	1	0.5931945	0.3923459	0.01037860
320	2	-0.1533432	0.4538618	1.600725
320	3	0.5931945	0.3923459	0.01037860
321	1	0.5931945	0.3923459	0.01037860
321	2	-0.1533432	0.4538618	1.600725
321	3	0.5931945	0.3923459	0.01037860
322	1	0.5931945	0.3923459	0.01037860
322	2	-0.1533432	0.4538618	1.600725
322	3	0.5931945	0.3923459	0.01037860
323	1	0.5931945	0.3923459	0.01037860
323	2	-0.1533432	0.4538618	1.600725
323	3	0.5931945	0.3923459	0.01037860
324	1	0.5931945	0.3923459	0.01037860
324	2	-0.1533432	0.4538618	1.600725
324	3	0.5931945	0.3923459	0.01037860
325	1	0.5931945	0.3923459	0.01037860
325	2	-0.1533432	0.4538618	1.600725
325	3	0.5931945	0.3923459	0.01037860
326	2	1.309443	0.1377103	0.4230159
326	3	-0.1997335	0.5891185	0.3970992
327	2	1.309443	0.1377103	0.4230159
327	3	-0.1997335	0.5891185	0.3970992
328	1	-0.2737179	0.5549263	0.9539504
328	2	-0.2737179	0.5549262	0.9539504
328	3	1.142214	0.2202573	0.09781638
329	1	1.120904	0.1941041	0.4197782
329	2	1.120904	0.1941041	0.4197782
329	3	1.120904	0.1941041	0.4197782
330	1	1.120904	0.1941041	0.4197782
330	2	1.120904	0.1941041	0.4197782
330	3	1.120904	0.1941041	0.4197782
331	1	1.120904	0.1941041	0.4197782
331	2	1.120904	0.1941041	0.4197782
331	3	1.120904	0.1941041	0.4197782
332	1	1.120904	0.1941041	0.4197782
332	2	1.120904	0.1941041	0.4197782
332	3	1.120904	0.1941041	0.4197782
333	1	1.120904	0.1941041	0.4197782
333	2	1.120904	0.1941041	0.4197782
333	3	1.120904	0.1941041	0.4197782
334	1	0.4155601	0.4460143	0.002013277
334	2	0.1156193	0.3884339	1.456492
334	3	0.4155601	0.4460143	0.002013276
334	4	0.1156193	0.3884339	1.456492
335	1	0.4155601	0.4460143	0.002013277
335	2	0.1156193	0.3884339	1.456492
335	3	0.4155601	0.4460143	0.002013276
335	4	0.1156193	0.3884339	1.456492
336	1	0.4155601	0.4460143	0.002013277
336	2	0.1156193	0.3884339	1.456492
336	3	0.4155601	0.4460143	0.002013276
336	4	0.1156193	0.3884339	1.456492
337	1	0.4155601	0.4460143	0.002013277
337	2	0.1156193	0.3884339	1.456492
337	3	0.4155601	0.4460143	0.002013276
337	4	0.1156193	0.3884339	1.456492
338	1	0.4155601	0.4460143	0.002013277
338	2	0.1156193	0.3884339	1.456492
338	3	0.4155601	0.4460143	0.002013276
338	4	0.1156193	0.3884339	1.456492
339	1	0.4155601	0.4460143	0.002013277
339	2	0.1156193	0.3884339	1.456492
339	3	0.4155601	0.4460143	0.002013276
339	4	0.1156193	0.3884339	1.456492
340	1	0.4155601	0.4460143	0.002013277
340	2	0.1156193	0.3884339	1.456492
340	3	0.4155601	0.4460143	0.002013276
340	4	0.1156193	0.3884339	1.456492
341	1	0.4155601	0.4460143	0.002013277
341	2	0.1156193	0.3884339	1.456492
341	3	0.4155601	0.4460143	0.002013276
341	4	0.1156193	0.3884339	1.456492
342	1	0.4155601	0.4460143	0.002013277
342	2	0.1156193	0.3884339	1.456492
342	3	0.4155601	0.4460143	0.002013276
342	4	0.1156193	0.3884339	1.456492
343	1	0.4155601	0.4460143	0.002013277
343	2	0.1156193	0.3884339	1.456492
343	3	0.4155601	0.4460143	0.002013276
343	4	0.1156193	0.3884339	1.456492
344	1	0.4155601	0.4460143	0.002013277
344	2	0.1156193	0.3884339	1.456492
344	3	0.4155601	0.4460143	0.002013276
344	4	0.1156193	0.3884339	1.456492
345	1	0.4155601	0.4460143	0.002013277
345	2	0.1156193	0.3884339	1.456492
345	3	0.4155601	0.4460143	0.002013276
345	4	0.1156193	0.3884339	1.456492
346	1	0.5931945	0.3923459	0.01037860
346	2	-0.1533432	0.4538618	1.600725
346	3	0.5931945	0.3923459	0.01037860
347	1	0.5931945	0.3923459	0.01037860
347	2	-0.1533432	0.4538618	1.600725
347	3	0.5931945	0.3923459	0.01037860
348	1	0.5931945	0.3923459	0.01037860
348	2	-0.1533432	0.4538618	1.600725
348	3	0.5931945	0.3923459	0.01037860
349	1	0.5931945	0.3923459	0.01037860
349	2	-0.1533432	0.4538618	1.600725
349	3	0.5931945	0.3923459	0.01037860
350	1	0.5931945	0.3923459	0.01037860
350	2	-0.1533432	0.4538618	1.600725
350	3	0.5931945	0.3923459	0.01037860
351	1	1.120904	0.1941041	0.4197782
351	3	1.120904	0.1941041	0.4197782
352	1	1.120904	0.1941041	0.4197782
352	3	1.120904	0.1941041	0.4197782
353	1	1.120904	0.1941041	0.4197782
353	3	1.120904	0.1941041	0.4197782
354	1	1.120904	0.1941041	0.4197782
354	3	1.120904	0.1941041	0.4197782
355	1	1.120904	0.1941041	0.4197782
355	2	1.120904	0.1941041	0.4197782
355	3	1.120904	0.1941041	0.4197782
356	1	1.120904	0.1941041	0.4197782
356	2	1.120904	0.1941041	0.4197782
356	3	1.120904	0.1941041	0.4197782
357	1	1.120904	0.1941041	0.4197782
357	2	1.120904	0.1941041	0.4197782
357	3	1.120904	0.1941041	0.4197782
358	1	1.120904	0.1941041	0.4197782
358	2	1.120904	0.1941041	0.4197782
358	3	1.120904	0.1941041	0.4197782
359	1	1.120904	0.1941041	0.4197782
359	2	1.120904	0.1941041	0.4197782
359	3	1.120904	0.1941041	0.4197782
360	1	1.120904	0.1941041	0.4197782
360	2	1.120904	0.1941041	0.4197782
360	3	1.120904	0.1941041	0.4197782
361	1	1.120904	0.1941041	0.4197782
361	2	1.120904	0.1941041	0.4197782
361	3	1.120904	0.1941041	0.4197782
362	1	1.120904	0.1941041	0.4197782
362	2	1.120904	0.1941041	0.4197782
362	3	1.120904	0.1941041	0.4197782
363	1	-0.1551758	0.575791	0.3978644
363	2	-0.1551758	0.575791	0.3978644
363	3	-0.1551758	0.575791	0.3978644
363	4	1.408068	0.108211	0.4247096
364	1	-0.1551758	0.575791	0.3978644
364	2	-0.1551758	0.575791	0.3978644
364	3	-0.1551758	0.575791	0.3978644
364	4	1.408068	0.108211	0.4247096
365	1	-0.1551758	0.575791	0.3978644
365	2	-0.1551758	0.575791	0.3978644
365	3	-0.1551758	0.575791	0.3978644
365	4	1.408068	0.108211	0.4247096
366	1	-0.1551758	0.575791	0.3978644
366	2	-0.1551758	0.575791	0.3978644
366	3	-0.1551758	0.575791	0.3978644
366	4	1.408068	0.108211	0.4247096
367	1	-0.1551758	0.575791	0.3978644
367	2	-0.1551758	0.575791	0.3978644
367	3	-0.1551758	0.575791	0.3978644
367	4	1.408068	0.108211	0.4247096
368	1	-0.1551758	0.575791	0.3978644
368	2	-0.1551758	0.575791	0.3978644
368	3	-0.1551758	0.575791	0.3978644
368	4	1.408068	0.108211	0.4247096
369	1	-0.1551758	0.575791	0.3978644
369	2	-0.1551758	0.575791	0.3978644
369	3	-0.1551758	0.575791	0.3978644
369	4	1.408068	0.108211	0.4247096
370	1	-0.1551758	0.575791	0.3978644
370	2	-0.1551758	0.575791	0.3978644
370	3	-0.1551758	0.575791	0.3978644
370	4	1.408068	0.108211	0.4247096
371	1	-0.1551758	0.575791	0.3978644
371	2	-0.1551758	0.575791	0.3978644
371	3	-0.1551758	0.575791	0.3978644
371	4	1.408068	0.108211	0.4247096
372	1	-0.1551758	0.575791	0.3978644
372	2	-0.1551758	0.575791	0.3978644
372	3	-0.1551758	0.575791	0.3978644
372	4	1.408068	0.108211	0.4247096
373	1	-0.1551758	0.575791	0.3978644
373	2	-0.1551758	0.575791	0.3978644
373	3	-0.1551758	0.575791	0.3978644
373	4	1.408068	0.108211	0.4247096
374	1	-0.1551758	0.575791	0.3978644
374	2	-0.1551758	0.575791	0.3978644
374	3	-0.1551758	0.575791	0.3978644
374	4	1.408068	0.108211	0.4247096
375	1	-0.1551758	0.575791	0.3978644
375	2	-0.1551758	0.575791	0.3978644
375	3	-0.1551758	0.575791	0.3978644
375	4	1.408068	0.108211	0.4247096
376	1	-0.1551758	0.575791	0.3978644
376	2	-0.1551758	0.575791	0.3978644
376	3	-0.1551758	0.575791	0.3978644
376	4	1.408068	0.108211	0.4247096
377	1	-0.1702483	0.5802992	0.3976058
377	3	-0.1702483	0.5802992	0.3976058
377	4	1.374866	0.1181419	0.4241391
378	1	-0.1702483	0.5802992	0.3976058
378	3	-0.1702483	0.5802992	0.3976058
378	4	1.374866	0.1181419	0.4241391
379	1	-0.1551758	0.575791	0.3978644
379	2	-0.1551758	0.575791	0.3978644
379	3	-0.1551758	0.575791	0.3978644
379	4	1.408068	0.108211	0.4247096
380	1	-0.1551758	0.575791	0.3978644
380	2	-0.1551758	0.575791	0.3978644
380	3	-0.1551758	0.575791	0.3978644
380	4	1.408068	0.108211	0.4247096
381	1	-0.1551758	0.575791	0.3978644
381	2	-0.1551758	0.575791	0.3978644
381	3	-0.1551758	0.575791	0.3978644
381	4	1.408068	0.108211	0.4247096
382	1	-0.1551758	0.575791	0.3978644
382	2	-0.1551758	0.575791	0.3978644
382	3	-0.1551758	0.575791	0.3978644
382	4	1.408068	0.108211	0.4247096
383	1	-0.1551758	0.575791	0.3978644
383	2	-0.1551758	0.575791	0.3978644
383	3	-0.1551758	0.575791	0.3978644
383	4	1.408068	0.108211	0.4247096
384	1	-0.1551758	0.575791	0.3978644
384	2	-0.1551758	0.575791	0.3978644
384	3	-0.1551758	0.575791	0.3978644
384	4	1.408068	0.108211	0.4247096
385	1	-0.1551758	0.575791	0.3978644
385	2	-0.1551758	0.575791	0.3978644
385	3	-0.1551758	0.575791	0.3978644
385	4	1.408068	0.108211	0.4247096
386	1	-0.1551758	0.575791	0.3978644
386	2	-0.1551758	0.575791	0.3978644
386	3	-0.1551758	0.575791	0.3978644
386	4	1.408068	0.108211	0.4247096
387	1	1.120904	0.1941041	0.4197782
387	2	1.120904	0.1941041	0.4197782
387	3	1.120904	0.1941041	0.4197782
388	1	1.120904	0.1941041	0.4197782
388	2	1.120904	0.1941041	0.4197782
388	3	1.120904	0.1941041	0.4197782
389	1	1.120904	0.1941041	0.4197782
389	2	1.120904	0.1941041	0.4197782
389	3	1.120904	0.1941041	0.4197782
390	1	1.120904	0.1941041	0.4197782
390	2	1.120904	0.1941041	0.4197782
390	3	1.120904	0.1941041	0.4197782
391	1	1.120904	0.1941041	0.4197782
391	2	1.120904	0.1941041	0.4197782
391	3	1.120904	0.1941041	0.4197782
392	1	1.120904	0.1941041	0.4197782
392	2	1.120904	0.1941041	0.4197782
392	3	1.120904	0.1941041	0.4197782
393	1	1.120904	0.1941041	0.4197782
393	2	1.120904	0.1941041	0.4197782
393	3	1.120904	0.1941041	0.4197782
394	1	1.120904	0.1941041	0.4197782
394	2	1.120904	0.1941041	0.4197782
394	3	1.120904	0.1941041	0.4197782
395	1	1.120904	0.1941041	0.4197782
395	2	1.120904	0.1941041	0.4197782
395	3	1.120904	0.1941041	0.4197782
396	1	1.120904	0.1941041	0.4197782
396	2	1.120904	0.1941041	0.4197782
396	3	1.120904	0.1941041	0.4197782
397	1	1.120904	0.1941041	0.4197782
397	2	1.120904	0.1941041	0.4197782
397	3	1.120904	0.1941041	0.4197782
398	1	1.120904	0.1941041	0.4197782
398	2	1.120904	0.1941041	0.4197782
398	3	1.120904	0.1941041	0.4197782
399	1	1.120904	0.1941041	0.4197782
399	2	1.120904	0.1941041	0.4197782
399	3	1.120904	0.1941041	0.4197782
400	1	1.120904	0.1941041	0.4197782
400	2	1.120904	0.1941041	0.4197782
400	3	1.120904	0.1941041	0.4197782
401	1	-0.1551758	0.575791	0.3978644
401	2	-0.1551758	0.575791	0.3978644
401	3	-0.1551758	0.575791	0.3978644
401	4	1.408068	0.108211	0.4247096
402	1	-0.1551758	0.575791	0.3978644
402	2	-0.1551758	0.575791	0.3978644
402	3	-0.1551758	0.575791	0.3978644
402	4	1.408068	0.108211	0.4247096
403	1	-0.1551758	0.575791	0.3978644
403	2	-0.1551758	0.575791	0.3978644
403	3	-0.1551758	0.575791	0.3978644
403	4	1.408068	0.108211	0.4247096
404	1	-0.1551758	0.575791	0.3978644
404	2	-0.1551758	0.575791	0.3978644
404	3	-0.1551758	0.575791	0.3978644
404	4	1.408068	0.108211	0.4247096
405	1	-0.1551758	0.575791	0.3978644
405	2	-0.1551758	0.575791	0.3978644
405	3	-0.1551758	0.575791	0.3978644
405	4	1.408068	0.108211	0.4247096
406	1	-0.1551758	0.575791	0.3978644
406	2	-0.1551758	0.575791	0.3978644
406	3	-0.1551758	0.575791	0.3978644
406	4	1.408068	0.108211	0.4247096
407	1	-0.1551758	0.575791	0.3978644
407	2	-0.1551758	0.575791	0.3978644
407	3	-0.1551758	0.575791	0.3978644
407	4	1.408068	0.108211	0.4247096
408	1	-0.1551758	0.575791	0.3978644
408	2	-0.1551758	0.575791	0.3978644
408	3	-0.1551758	0.575791	0.3978644
408	4	1.408068	0.108211	0.4247096
409	1	-0.1551758	0.575791	0.3978644
409	2	-0.1551758	0.575791	0.3978644
409	3	-0.1551758	0.575791	0.3978644
409	4	1.408068	0.108211	0.4247096
410	1	-0.1551758	0.575791	0.3978644
410	2	-0.1551758	0.575791	0.3978644
410	3	-0.1551758	0.575791	0.3978644
410	4	1.408068	0.108211	0.4247096
411	1	-0.1551758	0.575791	0.3978644
411	2	-0.1551758	0.575791	0.3978644
411	3	-0.1551758	0.575791	0.3978644
411	4	1.408068	0.108211	0.4247096
412	1	-0.1551758	0.575791	0.3978644
412	2	-0.1551758	0.575791	0.3978644
412	3	-0.1551758	0.575791	0.3978644
412	4	1.408068	0.108211	0.4247096
413	1	-0.1551758	0.575791	0.3978644
413	2	-0.1551758	0.575791	0.3978644
413	3	-0.1551758	0.575791	0.3978644
413	4	1.408068	0.108211	0.4247096
414	1	1.120904	0.1941041	0.4197782
414	2	1.120904	0.1941041	0.4197782
414	3	1.120904	0.1941041	0.4197782
414	4	1.120904	0.1941041	0.4197782
415	1	1.120904	0.1941041	0.4197782
415	2	1.120904	0.1941041	0.4197782
415	3	1.120904	0.1941041	0.4197782
415	4	1.120904	0.1941041	0.4197782
416	1	1.120904	0.1941041	0.4197782
416	2	1.120904	0.1941041	0.4197782
416	3	1.120904	0.1941041	0.4197782
416	4	1.120904	0.1941041	0.4197782
417	1	1.120904	0.1941041	0.4197782
417	2	1.120904	0.1941041	0.4197782
417	3	1.120904	0.1941041	0.4197782
417	4	1.120904	0.1941041	0.4197782
418	1	1.120904	0.1941041	0.4197782
418	2	1.120904	0.1941041	0.4197782
418	3	1.120904	0.1941041	0.4197782
418	4	1.120904	0.1941041	0.4197782
419	1	1.120904	0.1941041	0.4197782
419	2	1.120904	0.1941041	0.4197782
419	3	1.120904	0.1941041	0.4197782
420	1	-0.1551758	0.575791	0.3978644
420	2	-0.1551758	0.575791	0.3978644
420	3	-0.1551758	0.575791	0.3978644
420	4	1.408068	0.108211	0.4247096
421	1	-0.1551758	0.575791	0.3978644
421	2	-0.1551758	0.575791	0.3978644
421	3	-0.1551758	0.575791	0.3978644
421	4	1.408068	0.108211	0.4247096
422	1	-0.1551758	0.575791	0.3978644
422	2	-0.1551758	0.575791	0.3978644
422	3	-0.1551758	0.575791	0.3978644
422	4	1.408068	0.108211	0.4247096
423	1	-0.1551758	0.575791	0.3978644
423	2	-0.1551758	0.575791	0.3978644
423	3	-0.1551758	0.575791	0.3978644
423	4	1.408068	0.108211	0.4247096
424	1	-0.1551758	0.575791	0.3978644
424	2	-0.1551758	0.575791	0.3978644
424	3	-0.1551758	0.575791	0.3978644
424	4	1.408068	0.108211	0.4247096
425	1	-0.1551758	0.575791	0.3978644
425	2	-0.1551758	0.575791	0.3978644
425	3	-0.1551758	0.575791	0.3978644
425	4	1.408068	0.108211	0.4247096
426	1	-0.1551758	0.575791	0.3978644
426	2	-0.1551758	0.575791	0.3978644
426	3	-0.1551758	0.575791	0.3978644
426	4	1.408068	0.108211	0.4247096
427	1	-0.1551758	0.575791	0.3978644
427	2	-0.1551758	0.575791	0.3978644
427	3	-0.1551758	0.575791	0.3978644
427	4	1.408068	0.108211	0.4247096
428	1	-0.1551758	0.575791	0.3978644
428	2	-0.1551758	0.575791	0.3978644
428	3	-0.1551758	0.575791	0.3978644
428	4	1.408068	0.108211	0.4247096
429	1	-0.1551758	0.575791	0.3978644
429	2	-0.1551758	0.575791	0.3978644
429	3	-0.1551758	0.575791	0.3978644
429	4	1.408068	0.108211	0.4247096
430	1	-0.1551758	0.575791	0.3978644
430	2	-0.1551758	0.575791	0.3978644
430	3	-0.1551758	0.575791	0.3978644
430	4	1.408068	0.108211	0.4247096
431	1	-0.1551758	0.575791	0.3978644
431	2	-0.1551758	0.575791	0.3978644
431	3	-0.1551758	0.575791	0.3978644
431	4	1.408068	0.108211	0.4247096
432	1	0.3741541	0.4575462	0.009755113
432	2	1.129868	0.1571765	0.7592977
432	3	0.3741541	0.4575462	0.009755113
432	4	-0.4061178	0.5525711	1.367452
433	1	0.8628301	0.3094727	0.0370364
433	2	-0.4019981	0.5368617	1.510985
433	3	0.8628302	0.3094727	0.0370364
433	4	0.8628302	0.3094727	0.0370364
434	1	0.8628301	0.3094727	0.0370364
434	2	-0.4019981	0.5368617	1.510985
434	3	0.8628302	0.3094727	0.0370364
434	4	0.8628302	0.3094727	0.0370364
435	1	0.8628301	0.3094727	0.0370364
435	2	-0.4019981	0.5368617	1.510985
435	3	0.8628302	0.3094727	0.0370364
435	4	0.8628302	0.3094727	0.0370364
436	1	0.8628301	0.3094727	0.0370364
436	2	-0.4019981	0.5368617	1.510985
436	3	0.8628302	0.3094727	0.0370364
436	4	0.8628302	0.3094727	0.0370364
437	1	0.8628301	0.3094727	0.0370364
437	2	-0.4019981	0.5368617	1.510985
437	3	0.8628302	0.3094727	0.0370364
437	4	0.8628302	0.3094727	0.0370364
438	1	0.8628301	0.3094727	0.0370364
438	2	-0.4019981	0.5368617	1.510985
438	3	0.8628302	0.3094727	0.0370364
438	4	0.8628302	0.3094727	0.0370364
439	1	0.8628301	0.3094727	0.0370364
439	2	-0.4019981	0.5368617	1.510985
439	3	0.8628302	0.3094727	0.0370364
439	4	0.8628302	0.3094727	0.0370364
440	1	0.8628301	0.3094727	0.0370364
440	2	-0.4019981	0.5368617	1.510985
440	3	0.8628302	0.3094727	0.0370364
440	4	0.8628302	0.3094727	0.0370364
441	1	0.8628301	0.3094727	0.0370364
441	2	-0.4019981	0.5368617	1.510985
441	3	0.8628302	0.3094727	0.0370364
441	4	0.8628302	0.3094727	0.0370364
442	1	0.8628301	0.3094727	0.0370364
442	2	-0.4019981	0.5368617	1.510985
442	3	0.8628302	0.3094727	0.0370364
442	4	0.8628302	0.3094727	0.0370364
443	1	0.8628301	0.3094727	0.0370364
443	2	-0.4019981	0.5368617	1.510985
443	3	0.8628302	0.3094727	0.0370364
443	4	0.8628302	0.3094727	0.0370364
444	1	0.8628301	0.3094727	0.0370364
444	2	-0.4019981	0.5368617	1.510985
444	3	0.8628302	0.3094727	0.0370364
444	4	0.8628302	0.3094727	0.0370364
445	1	0.8628301	0.3094727	0.0370364
445	2	-0.4019981	0.5368617	1.510985
445	3	0.8628302	0.3094727	0.0370364
445	4	0.8628302	0.3094727	0.0370364
446	1	0.8628301	0.3094727	0.0370364
446	2	-0.4019981	0.5368617	1.510985
446	3	0.8628302	0.3094727	0.0370364
446	4	0.8628302	0.3094727	0.0370364
447	1	0.8628301	0.3094727	0.0370364
447	2	-0.4019981	0.5368617	1.510985
447	3	0.8628302	0.3094727	0.0370364
447	4	0.8628302	0.3094727	0.0370364
448	1	0.5931945	0.3923459	0.01037860
448	2	-0.1533432	0.4538618	1.600725
448	3	0.5931945	0.3923459	0.01037860
449	1	0.5931945	0.3923459	0.01037860
449	2	-0.1533432	0.4538618	1.600725
449	3	0.5931945	0.3923459	0.01037860
450	1	0.5931945	0.3923459	0.01037860
450	2	-0.1533432	0.4538618	1.600725
450	3	0.5931945	0.3923459	0.01037860
451	1	0.5931945	0.3923459	0.01037860
451	2	-0.1533432	0.4538618	1.600725
451	3	0.5931945	0.3923459	0.01037860
453	1	0.5931945	0.3923459	0.01037860
453	2	-0.1533432	0.4538618	1.600725
453	3	0.5931945	0.3923459	0.01037860
454	1	0.5931945	0.3923459	0.01037860
454	2	-0.1533432	0.4538618	1.600725
454	3	0.5931945	0.3923459	0.01037860
455	1	0.5931945	0.3923459	0.01037860
455	2	-0.1533432	0.4538618	1.600725
455	3	0.5931945	0.3923459	0.01037860
456	1	0.5931945	0.3923459	0.01037860
456	2	-0.1533432	0.4538618	1.600725
456	3	0.5931945	0.3923459	0.01037860
457	1	1.120904	0.1941041	0.4197782
457	2	1.120904	0.1941041	0.4197782
457	3	1.120904	0.1941041	0.4197782
458	1	1.120904	0.1941041	0.4197782
458	2	1.120904	0.1941041	0.4197782
458	3	1.120904	0.1941041	0.4197782
459	1	-0.1551758	0.575791	0.3978644
459	2	-0.1551758	0.575791	0.3978644
459	3	-0.1551758	0.575791	0.3978644
459	4	1.408068	0.108211	0.4247096
460	1	-0.1551758	0.575791	0.3978644
460	2	-0.1551758	0.575791	0.3978644
460	3	-0.1551758	0.575791	0.3978644
460	4	1.408068	0.108211	0.4247096
461	1	-0.1551758	0.575791	0.3978644
461	2	-0.1551758	0.575791	0.3978644
461	3	-0.1551758	0.575791	0.3978644
461	4	1.408068	0.108211	0.4247096
462	1	-0.1551758	0.575791	0.3978644
462	2	-0.1551758	0.575791	0.3978644
462	3	-0.1551758	0.575791	0.3978644
462	4	1.408068	0.108211	0.4247096
463	1	-0.1551758	0.575791	0.3978644
463	2	-0.1551758	0.575791	0.3978644
463	3	-0.1551758	0.575791	0.3978644
463	4	1.408068	0.108211	0.4247096
464	1	-0.1551758	0.575791	0.3978644
464	2	-0.1551758	0.575791	0.3978644
464	3	-0.1551758	0.575791	0.3978644
464	4	1.408068	0.108211	0.4247096
465	1	-0.1551758	0.575791	0.3978644
465	2	-0.1551758	0.575791	0.3978644
465	3	-0.1551758	0.575791	0.3978644
465	4	1.408068	0.108211	0.4247096
466	1	-0.1551758	0.575791	0.3978644
466	2	-0.1551758	0.575791	0.3978644
466	3	-0.1551758	0.575791	0.3978644
466	4	1.408068	0.108211	0.4247096
467	1	-0.1551758	0.575791	0.3978644
467	2	-0.1551758	0.575791	0.3978644
467	3	-0.1551758	0.575791	0.3978644
467	4	1.408068	0.108211	0.4247096
468	1	1.120904	0.1941041	0.4197782
468	2	1.120904	0.1941041	0.4197782
468	3	1.120904	0.1941041	0.4197782
469	1	1.120904	0.1941041	0.4197782
469	2	1.120904	0.1941041	0.4197782
469	3	1.120904	0.1941041	0.4197782
470	1	1.120904	0.1941041	0.4197782
470	2	1.120904	0.1941041	0.4197782
470	3	1.120904	0.1941041	0.4197782
471	1	-0.1551758	0.575791	0.3978644
471	2	-0.1551758	0.575791	0.3978644
471	3	-0.1551758	0.575791	0.3978644
471	4	1.408068	0.108211	0.4247096
472	1	-0.2348914	0.5831298	0.5600496
472	2	-0.2348914	0.5831298	0.5600496
472	4	1.414780	0.1211266	0.2769395
473	1	-0.2348914	0.5831298	0.5600496
473	2	-0.2348914	0.5831298	0.5600496
473	4	1.414780	0.1211266	0.2769395
474	1	-0.2348914	0.5831298	0.5600496
474	2	-0.2348914	0.5831298	0.5600496
474	4	1.414780	0.1211266	0.2769395
475	1	-0.2348914	0.5831298	0.5600496
475	2	-0.2348914	0.5831298	0.5600496
475	4	1.414780	0.1211266	0.2769395
476	1	-0.1551758	0.575791	0.3978644
476	2	-0.1551758	0.575791	0.3978644
476	3	-0.1551758	0.575791	0.3978644
476	4	1.408068	0.108211	0.4247096
477	1	-0.1702483	0.5802992	0.3976058
477	3	-0.1702483	0.5802992	0.3976058
477	4	1.374866	0.1181419	0.4241391
487	1	1.120904	0.1941041	0.4197782
487	3	1.120904	0.1941041	0.4197782
488	1	1.120904	0.1941041	0.4197782
488	3	1.120904	0.1941041	0.4197782
489	1	1.120904	0.1941041	0.4197782
489	3	1.120904	0.1941041	0.4197782
490	1	1.120904	0.1941041	0.4197782
490	3	1.120904	0.1941041	0.4197782
491	1	0.5931945	0.3923459	0.01037860
491	2	-0.1533432	0.4538618	1.600725
491	3	0.5931945	0.3923459	0.01037860
492	1	1.120904	0.1941041	0.4197782
492	2	1.120904	0.1941041	0.4197782
492	3	1.120904	0.1941041	0.4197782
493	1	-0.1551758	0.575791	0.3978644
493	2	-0.1551758	0.575791	0.3978644
493	3	-0.1551758	0.575791	0.3978644
493	4	1.408068	0.108211	0.4247096
494	1	1.120904	0.1941041	0.4197782
494	2	1.120904	0.1941041	0.4197782
494	3	1.120904	0.1941041	0.4197782
494	4	1.120904	0.1941041	0.4197782
495	1	1.120904	0.1941041	0.4197782
495	2	1.120904	0.1941041	0.4197782
495	3	1.120904	0.1941041	0.4197782
495	4	1.120904	0.1941041	0.4197782
496	2	1.120904	0.1941041	0.4197782
496	3	1.120904	0.1941041	0.4197782
496	4	1.120904	0.1941041	0.4197782
497	2	1.120904	0.1941041	0.4197782
497	3	1.120904	0.1941041	0.4197782
497	4	1.120904	0.1941041	0.4197782
498	1	1.120904	0.1941041	0.4197782
498	2	1.120904	0.1941041	0.4197782
498	3	1.120904	0.1941041	0.4197782
498	4	1.120904	0.1941041	0.4197782
499	1	1.120904	0.1941041	0.4197782
499	2	1.120904	0.1941041	0.4197782
499	3	1.120904	0.1941041	0.4197782
499	4	1.120904	0.1941041	0.4197782
500	1	1.120904	0.1941041	0.4197782
500	2	1.120904	0.1941041	0.4197782
500	3	1.120904	0.1941041	0.4197782
500	4	1.120904	0.1941041	0.4197782
501	1	1.120904	0.1941041	0.4197782
501	2	1.120904	0.1941041	0.4197782
501	3	1.120904	0.1941041	0.4197782
501	4	1.120904	0.1941041	0.4197782
502	1	1.120904	0.1941041	0.4197782
502	2	1.120904	0.1941041	0.4197782
502	3	1.120904	0.1941041	0.4197782
502	4	1.120904	0.1941041	0.4197782
503	1	1.120904	0.1941041	0.4197782
503	2	1.120904	0.1941041	0.4197782
503	3	1.120904	0.1941041	0.4197782
503	4	1.120904	0.1941041	0.4197782
504	1	1.120904	0.1941041	0.4197782
504	2	1.120904	0.1941041	0.4197782
504	4	1.120904	0.1941041	0.4197782
505	1	-0.2348914	0.5831298	0.5600496
505	2	-0.2348914	0.5831298	0.5600496
505	4	1.414780	0.1211266	0.2769395
506	1	-0.2348914	0.5831298	0.5600496
506	2	-0.2348914	0.5831298	0.5600496
506	4	1.414780	0.1211266	0.2769395
507	1	-0.1551758	0.575791	0.3978644
507	2	-0.1551758	0.575791	0.3978644
507	3	-0.1551758	0.575791	0.3978644
507	4	1.408068	0.108211	0.4247096
509	1	0.5931945	0.3923459	0.01037860
509	2	-0.1533432	0.4538618	1.600725
509	3	0.5931945	0.3923459	0.01037860
510	1	0.5931945	0.3923459	0.01037860
510	2	-0.1533432	0.4538618	1.600725
510	3	0.5931945	0.3923459	0.01037860
511	2	1.309443	0.1377103	0.4230159
511	3	-0.1997335	0.5891185	0.3970992
512	2	1.309443	0.1377103	0.4230159
512	3	-0.1997335	0.5891185	0.3970992
513	2	1.120904	0.1941041	0.4197782
513	3	1.120904	0.1941041	0.4197782
514	2	1.120904	0.1941041	0.4197782
514	3	1.120904	0.1941041	0.4197782
515	2	1.120904	0.1941041	0.4197782
515	3	1.120904	0.1941041	0.4197782
516	2	1.120904	0.1941041	0.4197782
516	3	1.120904	0.1941041	0.4197782
517	2	1.120904	0.1941041	0.4197782
517	3	1.120904	0.1941041	0.4197782
518	2	1.120904	0.1941041	0.4197782
518	3	1.120904	0.1941041	0.4197782
519	2	1.120904	0.1941041	0.4197782
519	3	1.120904	0.1941041	0.4197782
520	2	1.120904	0.1941041	0.4197782
520	3	1.120904	0.1941041	0.4197782
521	2	1.120904	0.1941041	0.4197782
521	3	1.120904	0.1941041	0.4197782
522	2	1.120904	0.1941041	0.4197782
522	3	1.120904	0.1941041	0.4197782
523	2	1.120904	0.1941041	0.4197782
523	3	1.120904	0.1941041	0.4197782
524	2	1.120904	0.1941041	0.4197782
524	3	1.120904	0.1941041	0.4197782
525	2	1.120904	0.1941041	0.4197782
525	3	1.120904	0.1941041	0.4197782
526	1	0.3848083	0.4541771	0.01174509
526	2	-0.2504430	0.5810595	0.6263943
526	3	-0.2504430	0.5810595	0.6263943
526	4	1.254755	0.1314381	0.6463286
527	1	-0.1551758	0.575791	0.3978644
527	2	-0.1551758	0.575791	0.3978644
527	3	-0.1551758	0.575791	0.3978644
527	4	1.408068	0.108211	0.4247096
528	1	1.120904	0.1941041	0.4197782
528	2	1.120904	0.1941041	0.4197782
528	3	1.120904	0.1941041	0.4197782
528	4	1.120904	0.1941041	0.4197782
529	1	1.120904	0.1941041	0.4197782
529	2	1.120904	0.1941041	0.4197782
529	3	1.120904	0.1941041	0.4197782
529	4	1.120904	0.1941041	0.4197782
530	1	1.120904	0.1941041	0.4197782
530	2	1.120904	0.1941041	0.4197782
530	3	1.120904	0.1941041	0.4197782
530	4	1.120904	0.1941041	0.4197782
531	1	1.120904	0.1941041	0.4197782
531	2	1.120904	0.1941041	0.4197782
531	3	1.120904	0.1941041	0.4197782
531	4	1.120904	0.1941041	0.4197782
532	1	1.120904	0.1941041	0.4197782
532	2	1.120904	0.1941041	0.4197782
532	3	1.120904	0.1941041	0.4197782
532	4	1.120904	0.1941041	0.4197782
533	1	1.120904	0.1941041	0.4197782
533	2	1.120904	0.1941041	0.4197782
533	3	1.120904	0.1941041	0.4197782
533	4	1.120904	0.1941041	0.4197782
534	1	1.120904	0.1941041	0.4197782
534	2	1.120904	0.1941041	0.4197782
534	3	1.120904	0.1941041	0.4197782
534	4	1.120904	0.1941041	0.4197782
535	1	1.120904	0.1941041	0.4197782
535	2	1.120904	0.1941041	0.4197782
535	3	1.120904	0.1941041	0.4197782
535	4	1.120904	0.1941041	0.4197782
536	1	-0.1551758	0.575791	0.3978644
536	2	-0.1551758	0.575791	0.3978644
536	3	-0.1551758	0.575791	0.3978644
536	4	1.408068	0.108211	0.4247096
537	1	-0.1551758	0.575791	0.3978644
537	2	-0.1551758	0.575791	0.3978644
537	3	-0.1551758	0.575791	0.3978644
537	4	1.408068	0.108211	0.4247096
538	1	1.120904	0.1941041	0.4197782
538	2	1.120904	0.1941041	0.4197782
538	3	1.120904	0.1941041	0.4197782
539	1	1.120904	0.1941041	0.4197782
539	2	1.120904	0.1941041	0.4197782
539	3	1.120904	0.1941041	0.4197782
540	1	1.120904	0.1941041	0.4197782
540	2	1.120904	0.1941041	0.4197782
540	3	1.120904	0.1941041	0.4197782
541	1	1.120904	0.1941041	0.4197782
541	2	1.120904	0.1941041	0.4197782
541	3	1.120904	0.1941041	0.4197782
542	1	1.120904	0.1941041	0.4197782
542	2	1.120904	0.1941041	0.4197782
542	3	1.120904	0.1941041	0.4197782
543	1	1.120904	0.1941041	0.4197782
543	2	1.120904	0.1941041	0.4197782
543	3	1.120904	0.1941041	0.4197782
544	1	1.120904	0.1941041	0.4197782
544	2	1.120904	0.1941041	0.4197782
544	3	1.120904	0.1941041	0.4197782
545	1	1.120904	0.1941041	0.4197782
545	2	1.120904	0.1941041	0.4197782
545	3	1.120904	0.1941041	0.4197782
546	1	1.120904	0.1941041	0.4197782
546	2	1.120904	0.1941041	0.4197782
546	3	1.120904	0.1941041	0.4197782
547	1	1.120904	0.1941041	0.4197782
547	2	1.120904	0.1941041	0.4197782
547	3	1.120904	0.1941041	0.4197782
548	1	1.120904	0.1941041	0.4197782
548	2	1.120904	0.1941041	0.4197782
548	3	1.120904	0.1941041	0.4197782
549	1	1.120904	0.1941041	0.4197782
549	2	1.120904	0.1941041	0.4197782
549	3	1.120904	0.1941041	0.4197782
550	1	1.120904	0.1941041	0.4197782
550	2	1.120904	0.1941041	0.4197782
550	3	1.120904	0.1941041	0.4197782
551	1	1.120904	0.1941041	0.4197782
551	2	1.120904	0.1941041	0.4197782
551	3	1.120904	0.1941041	0.4197782
552	1	-0.1702483	0.5802992	0.3976058
552	3	-0.1702483	0.5802992	0.3976058
552	4	1.374866	0.1181419	0.4241391
553	1	-0.1551758	0.575791	0.3978644
553	2	-0.1551758	0.575791	0.3978644
553	3	-0.1551758	0.575791	0.3978644
553	4	1.408068	0.108211	0.4247096
554	1	-0.1551758	0.575791	0.3978644
554	2	-0.1551758	0.575791	0.3978644
554	3	-0.1551758	0.575791	0.3978644
554	4	1.408068	0.108211	0.4247096
555	1	-0.1551758	0.575791	0.3978644
555	2	-0.1551758	0.575791	0.3978644
555	3	-0.1551758	0.575791	0.3978644
555	4	1.408068	0.108211	0.4247096
556	1	-0.1551758	0.575791	0.3978644
556	2	-0.1551758	0.575791	0.3978644
556	3	-0.1551758	0.575791	0.3978644
556	4	1.408068	0.108211	0.4247096
557	1	-0.1551758	0.575791	0.3978644
557	2	-0.1551758	0.575791	0.3978644
557	3	-0.1551758	0.575791	0.3978644
557	4	1.408068	0.108211	0.4247096
558	1	-0.2348914	0.5831298	0.5600496
558	2	-0.2348914	0.5831298	0.5600496
558	4	1.414780	0.1211266	0.2769395
559	1	1.090289	0.2372951	0.08199463
559	2	1.090289	0.2372951	0.08199463
559	3	0.09963667	0.5322687	0.07825313
559	4	-0.2881927	0.4928493	1.611760
560	1	-0.1551758	0.575791	0.3978644
560	2	-0.1551758	0.575791	0.3978644
560	3	-0.1551758	0.575791	0.3978644
560	4	1.408068	0.108211	0.4247096
561	1	-0.1551758	0.575791	0.3978644
561	2	-0.1551758	0.575791	0.3978644
561	3	-0.1551758	0.575791	0.3978644
561	4	1.408068	0.108211	0.4247096
562	1	-0.1551758	0.575791	0.3978644
562	2	-0.1551758	0.575791	0.3978644
562	3	-0.1551758	0.575791	0.3978644
562	4	1.408068	0.108211	0.4247096
563	1	-0.1551758	0.575791	0.3978644
563	2	-0.1551758	0.575791	0.3978644
563	3	-0.1551758	0.575791	0.3978644
563	4	1.408068	0.108211	0.4247096
564	3	1.309443	0.1377103	0.4230159
564	4	-0.1997335	0.5891185	0.3970992
565	3	1.309443	0.1377103	0.4230159
565	4	-0.1997335	0.5891185	0.3970992
566	3	1.309443	0.1377103	0.4230159
566	4	-0.1997335	0.5891185	0.3970992
567	1	1.090289	0.2372951	0.08199463
567	2	1.090289	0.2372951	0.08199463
567	3	0.09963667	0.5322687	0.07825313
567	4	-0.2881927	0.4928493	1.611760
568	1	-0.1551758	0.575791	0.3978644
568	2	-0.1551758	0.575791	0.3978644
568	3	-0.1551758	0.575791	0.3978644
568	4	1.408068	0.108211	0.4247096
569	1	-0.1551758	0.575791	0.3978644
569	2	-0.1551758	0.575791	0.3978644
569	3	-0.1551758	0.575791	0.3978644
569	4	1.408068	0.108211	0.4247096
570	1	-0.1551758	0.575791	0.3978644
570	2	-0.1551758	0.575791	0.3978644
570	3	-0.1551758	0.575791	0.3978644
570	4	1.408068	0.108211	0.4247096
602	1	-0.1551758	0.575791	0.3978644
602	2	-0.1551758	0.575791	0.3978644
602	3	-0.1551758	0.575791	0.3978644
602	4	1.408068	0.108211	0.4247096
603	1	-0.1551758	0.575791	0.3978644
603	2	-0.1551758	0.575791	0.3978644
603	3	-0.1551758	0.575791	0.3978644
603	4	1.408068	0.108211	0.4247096
604	1	-0.1551758	0.575791	0.3978644
604	2	-0.1551758	0.575791	0.3978644
604	3	-0.1551758	0.575791	0.3978644
604	4	1.408068	0.108211	0.4247096
605	1	-0.1551758	0.575791	0.3978644
605	2	-0.1551758	0.575791	0.3978644
605	3	-0.1551758	0.575791	0.3978644
605	4	1.408068	0.108211	0.4247096
606	1	-0.1551758	0.575791	0.3978644
606	2	-0.1551758	0.575791	0.3978644
606	3	-0.1551758	0.575791	0.3978644
606	4	1.408068	0.108211	0.4247096
607	1	-0.1551758	0.575791	0.3978644
607	2	-0.1551758	0.575791	0.3978644
607	3	-0.1551758	0.575791	0.3978644
607	4	1.408068	0.108211	0.4247096
608	1	-0.1551758	0.575791	0.3978644
608	2	-0.1551758	0.575791	0.3978644
608	3	-0.1551758	0.575791	0.3978644
608	4	1.408068	0.108211	0.4247096
609	1	-0.1551758	0.575791	0.3978644
609	2	-0.1551758	0.575791	0.3978644
609	3	-0.1551758	0.575791	0.3978644
609	4	1.408068	0.108211	0.4247096
610	1	1.309443	0.1377103	0.4230159
610	4	-0.1997335	0.5891185	0.3970992
611	1	1.309443	0.1377103	0.4230159
611	4	-0.1997335	0.5891185	0.3970992
612	1	1.309443	0.1377103	0.4230159
612	4	-0.1997335	0.5891185	0.3970992
613	1	1.309443	0.1377103	0.4230159
613	4	-0.1997335	0.5891185	0.3970992
614	1	1.309443	0.1377103	0.4230159
614	4	-0.1997335	0.5891185	0.3970992
615	1	1.309443	0.1377103	0.4230159
615	4	-0.1997335	0.5891185	0.3970992
616	1	0.6024278	0.3912417	-0.0058881
616	2	-0.3610018	0.5909165	0.854517
616	4	0.9791602	0.1900622	0.8775313
617	1	0.6024278	0.3912417	-0.0058881
617	2	-0.3610018	0.5909165	0.854517
617	4	0.9791602	0.1900622	0.8775313
618	1	0.6024278	0.3912417	-0.0058881
618	2	-0.3610018	0.5909165	0.854517
618	4	0.9791602	0.1900622	0.8775313
619	1	0.6024278	0.3912417	-0.0058881
619	2	-0.3610018	0.5909165	0.854517
619	4	0.9791602	0.1900622	0.8775313
620	1	0.6024278	0.3912417	-0.0058881
620	2	-0.3610018	0.5909165	0.854517
620	4	0.9791602	0.1900622	0.8775313
621	1	0.6024278	0.3912417	-0.0058881
621	2	-0.3610018	0.5909165	0.854517
621	4	0.9791602	0.1900622	0.8775313
622	1	0.6024278	0.3912417	-0.0058881
622	2	-0.3610018	0.5909165	0.854517
622	4	0.9791602	0.1900622	0.8775313
623	1	0.6024278	0.3912417	-0.0058881
623	2	-0.3610018	0.5909165	0.854517
623	4	0.9791602	0.1900622	0.8775313
624	1	0.6024278	0.3912417	-0.0058881
624	2	-0.3610018	0.5909165	0.854517
624	4	0.9791602	0.1900622	0.8775313
625	1	0.3741541	0.4575462	0.009755113
625	2	1.129868	0.1571765	0.7592977
625	3	0.3741541	0.4575462	0.009755113
625	4	-0.4061178	0.5525711	1.367452
626	1	-0.1551758	0.575791	0.3978644
626	2	-0.1551758	0.575791	0.3978644
626	3	-0.1551758	0.575791	0.3978644
626	4	1.408068	0.108211	0.4247096
627	1	-0.1551758	0.575791	0.3978644
627	2	-0.1551758	0.575791	0.3978644
627	3	-0.1551758	0.575791	0.3978644
627	4	1.408068	0.108211	0.4247096
628	1	-0.1551758	0.575791	0.3978644
628	2	-0.1551758	0.575791	0.3978644
628	3	-0.1551758	0.575791	0.3978644
628	4	1.408068	0.108211	0.4247096
629	1	-0.1551758	0.575791	0.3978644
629	2	-0.1551758	0.575791	0.3978644
629	3	-0.1551758	0.575791	0.3978644
629	4	1.408068	0.108211	0.4247096
630	1	-0.1551758	0.575791	0.3978644
630	2	-0.1551758	0.575791	0.3978644
630	3	-0.1551758	0.575791	0.3978644
630	4	1.408068	0.108211	0.4247096
631	1	-0.2348914	0.5831298	0.5600496
631	2	-0.2348914	0.5831298	0.5600496
631	4	1.414780	0.1211266	0.2769395
632	1	-0.2348914	0.5831298	0.5600496
632	2	-0.2348914	0.5831298	0.5600496
632	4	1.414780	0.1211266	0.2769395
633	1	-0.1551758	0.575791	0.3978644
633	2	-0.1551758	0.575791	0.3978644
633	3	-0.1551758	0.575791	0.3978644
633	4	1.408068	0.108211	0.4247096
634	1	-0.1551758	0.575791	0.3978644
634	2	-0.1551758	0.575791	0.3978644
634	3	-0.1551758	0.575791	0.3978644
634	4	1.408068	0.108211	0.4247096
635	1	-0.1551758	0.575791	0.3978644
635	2	-0.1551758	0.575791	0.3978644
635	3	-0.1551758	0.575791	0.3978644
635	4	1.408068	0.108211	0.4247096
636	1	-0.1551758	0.575791	0.3978644
636	2	-0.1551758	0.575791	0.3978644
636	3	-0.1551758	0.575791	0.3978644
636	4	1.408068	0.108211	0.4247096
637	1	-0.1551758	0.575791	0.3978644
637	2	-0.1551758	0.575791	0.3978644
637	3	-0.1551758	0.575791	0.3978644
637	4	1.408068	0.108211	0.4247096
638	1	-0.1551758	0.575791	0.3978644
638	2	-0.1551758	0.575791	0.3978644
638	3	-0.1551758	0.575791	0.3978644
638	4	1.408068	0.108211	0.4247096
640	1	1.120904	0.1941041	0.4197782
640	2	1.120904	0.1941041	0.4197782
640	3	1.120904	0.1941041	0.4197782
640	4	1.120904	0.1941041	0.4197782
641	1	1.120904	0.1941041	0.4197782
641	2	1.120904	0.1941041	0.4197782
641	3	1.120904	0.1941041	0.4197782
641	4	1.120904	0.1941041	0.4197782
642	1	1.120904	0.1941041	0.4197782
642	2	1.120904	0.1941041	0.4197782
642	3	1.120904	0.1941041	0.4197782
642	4	1.120904	0.1941041	0.4197782
643	1	1.120904	0.1941041	0.4197782
643	2	1.120904	0.1941041	0.4197782
643	3	1.120904	0.1941041	0.4197782
643	4	1.120904	0.1941041	0.4197782
644	1	1.120904	0.1941041	0.4197782
644	2	1.120904	0.1941041	0.4197782
644	4	1.120904	0.1941041	0.4197782
645	1	1.120904	0.1941041	0.4197782
645	2	1.120904	0.1941041	0.4197782
645	4	1.120904	0.1941041	0.4197782
646	1	1.120904	0.1941041	0.4197782
646	2	1.120904	0.1941041	0.4197782
646	4	1.120904	0.1941041	0.4197782
647	1	1.120904	0.1941041	0.4197782
647	2	1.120904	0.1941041	0.4197782
647	4	1.120904	0.1941041	0.4197782
648	1	1.120904	0.1941041	0.4197782
648	2	1.120904	0.1941041	0.4197782
648	4	1.120904	0.1941041	0.4197782
649	1	1.120904	0.1941041	0.4197782
649	2	1.120904	0.1941041	0.4197782
649	3	1.120904	0.1941041	0.4197782
649	4	1.120904	0.1941041	0.4197782
650	1	1.120904	0.1941041	0.4197782
650	2	1.120904	0.1941041	0.4197782
650	3	1.120904	0.1941041	0.4197782
650	4	1.120904	0.1941041	0.4197782
651	1	1.120904	0.1941041	0.4197782
651	2	1.120904	0.1941041	0.4197782
651	3	1.120904	0.1941041	0.4197782
651	4	1.120904	0.1941041	0.4197782
652	1	1.120904	0.1941041	0.4197782
652	2	1.120904	0.1941041	0.4197782
652	3	1.120904	0.1941041	0.4197782
652	4	1.120904	0.1941041	0.4197782
653	1	1.120904	0.1941041	0.4197782
653	2	1.120904	0.1941041	0.4197782
653	3	1.120904	0.1941041	0.4197782
653	4	1.120904	0.1941041	0.4197782
654	1	1.120904	0.1941041	0.4197782
654	2	1.120904	0.1941041	0.4197782
654	3	1.120904	0.1941041	0.4197782
654	4	1.120904	0.1941041	0.4197782
655	1	1.120904	0.1941041	0.4197782
655	2	1.120904	0.1941041	0.4197782
655	3	1.120904	0.1941041	0.4197782
655	4	1.120904	0.1941041	0.4197782
656	1	1.120904	0.1941041	0.4197782
656	2	1.120904	0.1941041	0.4197782
656	3	1.120904	0.1941041	0.4197782
656	4	1.120904	0.1941041	0.4197782
657	1	1.120904	0.1941041	0.4197782
657	2	1.120904	0.1941041	0.4197782
657	3	1.120904	0.1941041	0.4197782
657	4	1.120904	0.1941041	0.4197782
658	1	1.120904	0.1941041	0.4197782
658	2	1.120904	0.1941041	0.4197782
658	3	1.120904	0.1941041	0.4197782
658	4	1.120904	0.1941041	0.4197782
659	2	1.120904	0.1941041	0.4197782
659	3	1.120904	0.1941041	0.4197782
659	4	1.120904	0.1941041	0.4197782
660	2	1.120904	0.1941041	0.4197782
660	3	1.120904	0.1941041	0.4197782
660	4	1.120904	0.1941041	0.4197782
661	2	1.120904	0.1941041	0.4197782
661	3	1.120904	0.1941041	0.4197782
661	4	1.120904	0.1941041	0.4197782
662	2	1.120904	0.1941041	0.4197782
662	3	1.120904	0.1941041	0.4197782
663	2	1.120904	0.1941041	0.4197782
663	3	1.120904	0.1941041	0.4197782
664	2	1.120904	0.1941041	0.4197782
664	3	1.120904	0.1941041	0.4197782
664	4	1.120904	0.1941041	0.4197782
665	2	1.120904	0.1941041	0.4197782
665	3	1.120904	0.1941041	0.4197782
665	4	1.120904	0.1941041	0.4197782
666	2	1.120904	0.1941041	0.4197782
666	3	1.120904	0.1941041	0.4197782
666	4	1.120904	0.1941041	0.4197782
667	2	1.120904	0.1941041	0.4197782
667	3	1.120904	0.1941041	0.4197782
667	4	1.120904	0.1941041	0.4197782
668	2	1.120904	0.1941041	0.4197782
668	3	1.120904	0.1941041	0.4197782
668	4	1.120904	0.1941041	0.4197782
669	2	1.120904	0.1941041	0.4197782
669	3	1.120904	0.1941041	0.4197782
669	4	1.120904	0.1941041	0.4197782
670	2	1.120904	0.1941041	0.4197782
670	3	1.120904	0.1941041	0.4197782
670	4	1.120904	0.1941041	0.4197782
671	2	1.120904	0.1941041	0.4197782
671	3	1.120904	0.1941041	0.4197782
671	4	1.120904	0.1941041	0.4197782
672	2	1.120904	0.1941041	0.4197782
672	3	1.120904	0.1941041	0.4197782
672	4	1.120904	0.1941041	0.4197782
673	2	1.120904	0.1941041	0.4197782
673	3	1.120904	0.1941041	0.4197782
673	4	1.120904	0.1941041	0.4197782
674	1	1.120904	0.1941041	0.4197782
674	2	1.120904	0.1941041	0.4197782
674	3	1.120904	0.1941041	0.4197782
674	4	1.120904	0.1941041	0.4197782
675	1	1.120904	0.1941041	0.4197782
675	2	1.120904	0.1941041	0.4197782
675	3	1.120904	0.1941041	0.4197782
675	4	1.120904	0.1941041	0.4197782
676	1	1.120904	0.1941041	0.4197782
676	2	1.120904	0.1941041	0.4197782
676	3	1.120904	0.1941041	0.4197782
676	4	1.120904	0.1941041	0.4197782
677	1	1.120904	0.1941041	0.4197782
677	3	1.120904	0.1941041	0.4197782
677	4	1.120904	0.1941041	0.4197782
678	1	1.120904	0.1941041	0.4197782
678	3	1.120904	0.1941041	0.4197782
678	4	1.120904	0.1941041	0.4197782
679	1	1.120904	0.1941041	0.4197782
679	3	1.120904	0.1941041	0.4197782
679	4	1.120904	0.1941041	0.4197782
680	3	1.120904	0.1941041	0.4197782
680	4	1.120904	0.1941041	0.4197782
