1	1	1.120904	0.1941041	0.4197782
1	2	1.120904	0.1941041	0.4197782
1	3	1.120904	0.1941041	0.4197782
1	4	1.120904	0.1941041	0.4197782
1	5	1.120904	0.1941041	0.4197782
1	6	1.120904	0.1941041	0.4197782
1	7	1.120904	0.1941041	0.4197782
1	8	1.120904	0.1941041	0.4197782
2	1	1.121085	0.1789866	0.5690522
2	2	-0.2264162	0.5893402	0.4735328
2	3	1.121085	0.1789866	0.5690522
2	5	0.06257273	0.5349148	0.1612544
2	6	0.06257273	0.5349148	0.1612544
2	7	0.06257273	0.5349148	0.1612544
2	8	0.7969596	0.3286623	0.04098713
3	1	1.121085	0.1789866	0.5690522
3	2	-0.2264162	0.5893402	0.4735328
3	3	1.121085	0.1789866	0.5690522
3	5	0.06257273	0.5349148	0.1612544
3	6	0.06257273	0.5349148	0.1612544
3	7	0.06257273	0.5349148	0.1612544
3	8	0.7969596	0.3286623	0.04098713
4	1	1.121085	0.1789866	0.5690522
4	2	-0.2264162	0.5893402	0.4735328
4	3	1.121085	0.1789866	0.5690522
4	5	0.06257273	0.5349148	0.1612544
4	6	0.06257273	0.5349148	0.1612544
4	7	0.06257273	0.5349148	0.1612544
4	8	0.7969596	0.3286623	0.04098713
5	3	-0.1574840	0.5764813	0.3978247
5	5	1.218523	0.1649056	0.4214546
6	3	1.251765	0.1549624	0.4220255
6	5	-0.1732797	0.581206	0.3975535
7	3	1.268519	0.1499511	0.4223132
7	5	-0.1810864	0.583541	0.3974194
13	2	0.8604284	0.2188931	0.9417153
13	5	-0.2482889	0.581597	0.6147206
13	6	1.011915	0.2619392	0.06873904
13	7	-0.2482889	0.581597	0.6147206
13	8	0.80159	0.3286874	0.02709334
14	2	0.8604284	0.2188931	0.9417153
14	5	-0.2482889	0.581597	0.6147206
14	6	1.011915	0.2619392	0.06873904
14	7	-0.2482889	0.581597	0.6147206
14	8	0.80159	0.3286874	0.02709334
15	2	1.357466	0.1403098	0.2557391
15	4	0.1004887	0.5300468	0.09776046
15	5	-0.09043614	0.4546552	1.407485
15	6	0.2971167	0.4775096	0.03894484
15	7	-0.09043614	0.4546552	1.407485
15	8	0.1004887	0.5300468	0.09776046
16	2	1.325413	0.1590450	0.1645383
16	4	0.03962098	0.5440414	0.1384489
16	5	0.1007403	0.4006966	1.378820
16	6	0.03951877	0.5438596	0.1405515
16	7	0.1007403	0.4006966	1.378820
16	8	0.03962098	0.5440414	0.1384489
17	2	1.325413	0.1590450	0.1645383
17	4	0.03962098	0.5440414	0.1384489
17	5	0.1007403	0.4006966	1.378820
17	6	0.03951877	0.5438596	0.1405515
17	7	0.1007403	0.4006966	1.378820
17	8	0.03962098	0.5440414	0.1384489
18	2	1.325413	0.1590450	0.1645383
18	4	0.03962098	0.5440414	0.1384489
18	5	0.1007403	0.4006966	1.378820
18	6	0.03951877	0.5438596	0.1405515
18	7	0.1007403	0.4006966	1.378820
18	8	0.03962098	0.5440414	0.1384489
19	2	1.325413	0.1590450	0.1645383
19	4	0.03962098	0.5440414	0.1384489
19	5	0.1007403	0.4006966	1.378820
19	6	0.03951877	0.5438596	0.1405515
19	7	0.1007403	0.4006966	1.378820
19	8	0.03962098	0.5440414	0.1384489
20	4	1.201455	0.1933632	0.1897495
20	5	-0.1739305	0.5810697	0.4008214
20	6	0.9391764	0.2143718	0.7544606
21	4	1.196619	0.1921428	0.2160924
21	5	-0.1799302	0.5832569	0.3968273
21	6	0.6815067	0.2685460	0.9769356
21	8	1.196619	0.1921428	0.2160924
22	4	1.196619	0.1921428	0.2160924
22	5	-0.1799302	0.5832569	0.3968273
22	6	0.6815067	0.2685460	0.9769356
22	8	1.196619	0.1921428	0.2160924
23	4	1.196619	0.1921428	0.2160924
23	5	-0.1799302	0.5832569	0.3968273
23	6	0.6815067	0.2685460	0.9769356
23	8	1.196619	0.1921428	0.2160924
24	1	1.400777	0.1160787	0.3682294
24	4	0.03076216	0.545717	0.1479508
24	5	-0.2093149	0.4890799	1.416671
24	6	0.02168879	0.5474673	0.1573434
24	8	0.03076216	0.545717	0.1479508
25	1	1.285362	0.1449132	0.4226024
25	6	-0.1888326	0.585858	0.3972864
26	1	1.285362	0.1449132	0.4226024
26	6	-0.1888326	0.585858	0.3972864
27	1	1.285362	0.1449132	0.4226024
27	6	-0.1888326	0.585858	0.3972864
28	1	1.285362	0.1449132	0.4226024
28	6	-0.1888326	0.585858	0.3972864
29	1	1.285362	0.1449132	0.4226024
29	6	-0.1888326	0.585858	0.3972864
30	1	1.285362	0.1449132	0.4226024
30	6	-0.1888326	0.585858	0.3972864
31	1	1.285362	0.1449132	0.4226024
31	6	-0.1888326	0.585858	0.3972864
32	1	1.285362	0.1449132	0.4226024
32	6	-0.1888326	0.585858	0.3972864
33	1	1.285362	0.1449132	0.4226024
33	6	-0.1888326	0.585858	0.3972864
34	1	1.285362	0.1449132	0.4226024
34	6	-0.1888326	0.585858	0.3972864
35	1	1.278991	0.1807143	0.08660678
35	2	-0.1128305	0.5630102	0.3997302
35	3	0.8175106	0.2185994	1.071099
35	4	-0.1504061	0.5742392	0.399186
35	5	-0.1461797	0.5729762	0.399247
35	6	-0.1459827	0.5729173	0.3992499
35	7	-0.1461797	0.5729762	0.399247
35	8	-0.1504061	0.5742392	0.399186
65	1	1.278991	0.1807143	0.08660678
65	2	-0.1128305	0.5630102	0.3997302
65	3	0.8175106	0.2185994	1.071099
65	4	-0.1504061	0.5742392	0.399186
65	5	-0.1461797	0.5729762	0.399247
65	6	-0.1459827	0.5729173	0.3992499
65	7	-0.1461797	0.5729762	0.399247
65	8	-0.1504061	0.5742392	0.399186
66	3	1.370498	0.1196079	0.4224834
66	4	-0.06903849	0.5644846	0.2560702
66	6	-0.2726139	0.5729329	0.772259
66	8	-0.06903849	0.5644846	0.2560702
67	3	1.342151	0.1279272	0.4235776
67	4	-0.1627763	0.5780643	0.3977339
67	8	-0.1627763	0.5780643	0.3977339
68	3	1.342151	0.1279272	0.4235776
68	4	-0.1627763	0.5780643	0.3977339
68	8	-0.1627763	0.5780643	0.3977339
69	3	1.285362	0.1449132	0.4226024
69	8	-0.1888326	0.585858	0.3972864
70	3	1.285362	0.1449132	0.4226024
70	8	-0.1888326	0.585858	0.3972864
71	3	1.396580	0.1118864	0.4221391
71	4	0.02469322	0.5458793	0.1642266
71	5	-0.2860835	0.5472025	1.066929
71	6	0.1993589	0.504362	0.06092865
71	7	-0.2860835	0.5472025	1.066929
71	8	0.02469322	0.5458793	0.1642266
72	3	1.387090	0.1150254	0.4189984
72	4	-0.08616298	0.5658111	0.293389
72	6	0.09294835	0.5313311	0.1072540
72	7	-0.2948363	0.544705	1.117472
72	8	-0.08616298	0.5658111	0.293389
73	3	1.387090	0.1150254	0.4189984
73	4	-0.08616298	0.5658111	0.293389
73	6	0.09294835	0.5313311	0.1072540
73	7	-0.2948363	0.544705	1.117472
73	8	-0.08616298	0.5658111	0.293389
74	3	1.386555	0.1147409	0.4233961
74	4	-0.1424910	0.5719181	0.3988618
74	6	0.0865569	0.5327813	0.1117183
74	7	-0.2832231	0.5634402	0.897592
74	8	-0.1424910	0.5719181	0.3988618
75	3	1.387035	0.1144549	0.4248147
75	4	-0.2066669	0.5745569	0.5618303
75	6	0.0881663	0.5323883	0.1108697
75	7	-0.2066669	0.5745569	0.5618303
75	8	-0.2066669	0.5745569	0.5618303
76	3	1.398769	0.1109414	0.4250528
76	4	-0.1977616	0.5728551	0.5524514
76	5	-0.1977616	0.5728551	0.5524514
76	6	0.1487334	0.5172312	0.0825871
76	7	-0.1977616	0.5728551	0.5524514
76	8	-0.1977616	0.5728551	0.5524514
77	3	1.398769	0.1109414	0.4250528
77	4	-0.1977616	0.5728551	0.5524514
77	5	-0.1977616	0.5728551	0.5524514
77	6	0.1487334	0.5172312	0.0825871
77	7	-0.1977616	0.5728551	0.5524514
77	8	-0.1977616	0.5728551	0.5524514
78	1	0.03852484	0.5513657	0.06909838
78	3	-0.4196221	0.5889866	1.046387
78	4	1.202883	0.1698216	0.4188253
78	5	1.202883	0.1698216	0.4188253
78	6	1.198164	0.1712321	0.4187563
78	7	1.202883	0.1698216	0.4188253
78	8	1.202883	0.1698216	0.4188253
79	1	0.03852484	0.5513657	0.06909838
79	3	-0.4196221	0.5889866	1.046387
79	4	1.202883	0.1698216	0.4188253
79	5	1.202883	0.1698216	0.4188253
79	6	1.198164	0.1712321	0.4187563
79	7	1.202883	0.1698216	0.4188253
79	8	1.202883	0.1698216	0.4188253
80	1	0.04941648	0.5484889	0.0655103
80	3	-0.4175036	0.5868272	1.061543
80	4	1.210543	0.1675321	0.418942
80	5	1.210543	0.1675321	0.418942
80	6	1.152417	0.1849031	0.4180922
80	7	1.210543	0.1675321	0.418942
80	8	1.210543	0.1675321	0.418942
81	1	-0.04304071	0.567919	0.1454257
81	2	0.1081512	0.5301872	0.0737888
81	3	-0.4162202	0.5582685	1.340764
81	4	1.238737	0.1607288	0.4032759
81	5	1.238737	0.1607288	0.4032759
81	7	1.238737	0.1607288	0.4032759
81	8	1.238737	0.1607288	0.4032759
82	1	-0.04304071	0.567919	0.1454257
82	2	0.1081512	0.5301872	0.0737888
82	3	-0.4162202	0.5582685	1.340764
82	4	1.238737	0.1607288	0.4032759
82	5	1.238737	0.1607288	0.4032759
82	7	1.238737	0.1607288	0.4032759
82	8	1.238737	0.1607288	0.4032759
83	1	-0.02476245	0.5633658	0.1366823
83	2	0.1562267	0.5174221	0.05861317
83	3	-0.3953681	0.5475081	1.385946
83	5	1.259778	0.1550391	0.3976519
83	7	1.259778	0.1550391	0.3976519
83	8	1.259778	0.1550391	0.3976519
84	1	-0.05782992	0.5712366	0.1561312
84	2	0.07981779	0.5376093	0.08373387
84	3	-0.4212631	0.5608892	1.329656
84	4	1.094967	0.1858881	0.5776276
84	5	1.240326	0.1632948	0.373164
84	6	1.239405	0.1640519	0.3683757
84	7	1.240326	0.1632948	0.373164
84	8	1.240326	0.1632948	0.373164
85	1	-0.05782992	0.5712366	0.1561312
85	2	0.07981779	0.5376093	0.08373387
85	3	-0.4212631	0.5608892	1.329656
85	4	1.094967	0.1858881	0.5776276
85	5	1.240326	0.1632948	0.373164
85	6	1.239405	0.1640519	0.3683757
85	7	1.240326	0.1632948	0.373164
85	8	1.240326	0.1632948	0.373164
86	1	1.408083	0.1189644	0.3181033
86	2	1.096658	0.1720019	0.7102504
86	3	-0.2766421	0.5676117	0.8368604
86	4	0.3637975	0.4601377	0.01459398
86	5	-0.2053654	0.5757471	0.5462002
86	6	-0.2053654	0.5757471	0.5462002
86	7	-0.2053654	0.5757471	0.5462002
86	8	-0.2053654	0.5757471	0.5462002
87	1	1.423094	0.1228648	0.2352176
87	2	0.94698	0.1986505	0.8872554
87	3	-0.1333678	0.5709516	0.3815545
87	4	-0.1244228	0.5705955	0.3587236
87	5	-0.1244228	0.5705955	0.3587236
87	6	-0.1244228	0.5705955	0.3587236
87	7	-0.1244228	0.5705955	0.3587236
87	8	-0.1244228	0.5705955	0.3587236
88	1	1.423094	0.1228648	0.2352176
88	2	0.94698	0.1986505	0.8872554
88	3	-0.1333678	0.5709516	0.3815545
88	4	-0.1244228	0.5705955	0.3587236
88	5	-0.1244228	0.5705955	0.3587236
88	6	-0.1244228	0.5705955	0.3587236
88	7	-0.1244228	0.5705955	0.3587236
88	8	-0.1244228	0.5705955	0.3587236
89	1	-0.1574840	0.5764813	0.3978247
89	2	1.218523	0.1649056	0.4214546
90	1	-0.1574840	0.5764813	0.3978247
90	2	1.218523	0.1649056	0.4214546
91	1	-0.1574840	0.5764813	0.3978247
91	2	1.218523	0.1649056	0.4214546
92	1	-0.1574840	0.5764813	0.3978247
92	2	1.218523	0.1649056	0.4214546
94	1	1.285362	0.1449132	0.4226024
94	2	-0.1888326	0.585858	0.3972864
95	1	1.285362	0.1449132	0.4226024
95	2	-0.1888326	0.585858	0.3972864
96	1	1.285362	0.1449132	0.4226024
96	2	-0.1888326	0.585858	0.3972864
97	1	1.285362	0.1449132	0.4226024
97	2	-0.1888326	0.585858	0.3972864
98	1	1.285362	0.1449132	0.4226024
98	2	-0.1888326	0.585858	0.3972864
99	1	1.429410	0.1240308	0.2050479
99	2	0.341383	0.3293089	1.377099
99	3	-0.06357503	0.5615488	0.2690625
99	4	-0.05729419	0.56099	0.2560913
99	5	-0.05729419	0.56099	0.2560913
99	6	-0.0583775	0.56108	0.2583916
99	7	-0.05729419	0.56099	0.2560913
99	8	-0.05729419	0.56099	0.2560913
100	1	1.246335	0.1325602	0.6600224
100	2	0.8783343	0.3072722	0.01315366
100	3	-0.2658964	0.5645743	0.8352942
100	4	-0.1440825	0.570662	0.4159997
100	5	-0.2671898	0.5676152	0.808971
100	6	-0.1281876	0.5690939	0.3846984
100	7	-0.2671898	0.5676152	0.808971
100	8	-0.1440825	0.570662	0.4159997
101	1	1.246335	0.1325602	0.6600224
101	2	0.8783343	0.3072722	0.01315366
101	3	-0.2658964	0.5645743	0.8352942
101	4	-0.1440825	0.570662	0.4159997
101	5	-0.2671898	0.5676152	0.808971
101	6	-0.1281876	0.5690939	0.3846984
101	7	-0.2671898	0.5676152	0.808971
101	8	-0.1440825	0.570662	0.4159997
102	1	1.246335	0.1325602	0.6600224
102	2	0.8783343	0.3072722	0.01315366
102	3	-0.2658964	0.5645743	0.8352942
102	4	-0.1440825	0.570662	0.4159997
102	5	-0.2671898	0.5676152	0.808971
102	6	-0.1281876	0.5690939	0.3846984
102	7	-0.2671898	0.5676152	0.808971
102	8	-0.1440825	0.570662	0.4159997
103	1	1.246335	0.1325602	0.6600224
103	2	0.8783343	0.3072722	0.01315366
103	3	-0.2658964	0.5645743	0.8352942
103	4	-0.1440825	0.570662	0.4159997
103	5	-0.2671898	0.5676152	0.808971
103	6	-0.1281876	0.5690939	0.3846984
103	7	-0.2671898	0.5676152	0.808971
103	8	-0.1440825	0.570662	0.4159997
104	1	1.246335	0.1325602	0.6600224
104	2	0.8783343	0.3072722	0.01315366
104	3	-0.2658964	0.5645743	0.8352942
104	4	-0.1440825	0.570662	0.4159997
104	5	-0.2671898	0.5676152	0.808971
104	6	-0.1281876	0.5690939	0.3846984
104	7	-0.2671898	0.5676152	0.808971
104	8	-0.1440825	0.570662	0.4159997
105	1	1.246335	0.1325602	0.6600224
105	2	0.8783343	0.3072722	0.01315366
105	3	-0.2658964	0.5645743	0.8352942
105	4	-0.1440825	0.570662	0.4159997
105	5	-0.2671898	0.5676152	0.808971
105	6	-0.1281876	0.5690939	0.3846984
105	7	-0.2671898	0.5676152	0.808971
105	8	-0.1440825	0.570662	0.4159997
106	1	1.324345	0.1335286	0.4205425
106	2	0.1826828	0.5112725	0.04159137
106	7	-0.3505542	0.554972	1.179922
107	1	1.324345	0.1335286	0.4205425
107	2	0.1826828	0.5112725	0.04159137
107	7	-0.3505542	0.554972	1.179922
108	1	1.231757	0.1416884	0.6125259
108	2	0.5625921	0.402517	-0.0002308054
108	5	-0.3006260	0.5764054	0.8203964
108	7	-0.3006260	0.5764054	0.8203964
109	1	1.231757	0.1416884	0.6125259
109	2	0.5625921	0.402517	-0.0002308054
109	5	-0.3006260	0.5764054	0.8203964
109	7	-0.3006260	0.5764054	0.8203964
110	1	1.324345	0.1335286	0.4205425
110	2	0.1826828	0.5112725	0.04159137
110	7	-0.3505542	0.554972	1.179922
111	1	1.415587	0.1260732	0.2255447
111	2	0.1496110	0.3782281	1.457458
111	4	-0.02975504	0.5578036	0.2065138
111	6	-0.03019933	0.5578473	0.2073893
111	7	-0.05702169	0.5611052	0.2541473
111	8	-0.02975504	0.5578036	0.2065138
112	1	1.412109	0.1129677	0.3656622
112	3	-0.1618712	0.4727893	1.438294
112	4	0.04844699	0.5413702	0.1389100
112	6	0.04628613	0.5418104	0.1409157
112	7	-0.1004046	0.5660475	0.3330146
112	8	0.04844699	0.5413702	0.1389100
113	1	1.392924	0.1169131	0.3831002
113	3	-0.2381361	0.5006435	1.387013
113	6	0.05367697	0.5406942	0.1301972
113	7	-0.004402231	0.5521904	0.1874260
113	8	0.05367697	0.5406942	0.1301972
114	1	-0.03923867	0.5589752	0.2228502
114	3	-0.03923867	0.5589752	0.2228502
114	4	1.214196	0.1807054	0.2776353
114	6	1.20618	0.1811366	0.2969841
114	7	-0.1466413	0.4774357	1.347369
114	8	1.214196	0.1807054	0.2776353
115	1	-0.03923867	0.5589752	0.2228502
115	3	-0.03923867	0.5589752	0.2228502
115	4	1.214196	0.1807054	0.2776353
115	6	1.20618	0.1811366	0.2969841
115	7	-0.1466413	0.4774357	1.347369
115	8	1.214196	0.1807054	0.2776353
116	1	-0.03770694	0.5581874	0.2261431
116	3	-0.03770694	0.5581874	0.2261431
116	4	1.221409	0.1819557	0.2439909
116	7	-0.04030345	0.4441788	1.363567
116	8	1.221409	0.1819557	0.2439909
117	1	-0.03770694	0.5581874	0.2261431
117	3	-0.03770694	0.5581874	0.2261431
117	4	1.221409	0.1819557	0.2439909
117	7	-0.04030345	0.4441788	1.363567
117	8	1.221409	0.1819557	0.2439909
118	1	0.1632085	0.5125316	0.08650225
118	3	0.1632085	0.5125316	0.08650225
118	4	1.183117	0.1757615	0.418213
118	5	-0.2595570	0.5470987	0.9897875
118	7	-0.2595570	0.5470987	0.9897875
118	8	1.183117	0.1757615	0.418213
119	1	0.1632085	0.5125316	0.08650225
119	3	0.1632085	0.5125316	0.08650225
119	4	1.183117	0.1757615	0.418213
119	5	-0.2595570	0.5470987	0.9897875
119	7	-0.2595570	0.5470987	0.9897875
119	8	1.183117	0.1757615	0.418213
120	1	1.396863	0.1116833	0.4233189
120	3	-0.2546621	0.5677448	0.7707702
120	4	0.1534835	0.5161599	0.0792055
120	5	-0.2729824	0.5629431	0.8723396
120	7	-0.2729824	0.5629431	0.8723396
120	8	0.1534835	0.5161599	0.0792055
121	1	1.429718	0.1229747	0.214606
121	2	0.2933831	0.3412052	1.400661
121	3	-0.0496324	0.559506	0.2482195
121	4	-0.04643945	0.5592548	0.2412993
121	5	-0.04788694	0.5593283	0.2448366
121	6	-0.05826048	0.5604691	0.2641011
121	7	-0.04788694	0.5593283	0.2448366
121	8	-0.04643945	0.5592548	0.2412993
122	1	1.429718	0.1229747	0.214606
122	2	0.2933831	0.3412052	1.400661
122	3	-0.0496324	0.559506	0.2482195
122	4	-0.04643945	0.5592548	0.2412993
122	5	-0.04788694	0.5593283	0.2448366
122	6	-0.05826048	0.5604691	0.2641011
122	7	-0.04788694	0.5593283	0.2448366
122	8	-0.04643945	0.5592548	0.2412993
123	1	1.429719	0.1230360	0.2139959
123	2	0.2964474	0.3404396	1.399218
123	3	-0.05181497	0.5598024	0.2517139
123	4	-0.04637307	0.5592803	0.240851
123	5	-0.05012479	0.5596358	0.2483838
123	6	-0.05477643	0.5600707	0.2577821
123	7	-0.05012479	0.5596358	0.2483838
123	8	-0.04637307	0.5592803	0.240851
124	1	1.429545	0.1234712	0.210196
124	2	0.3145702	0.3359381	1.390420
124	3	-0.06119468	0.5609991	0.2674957
124	4	-0.05034971	0.559943	0.2460019
124	5	-0.05168973	0.5600781	0.2486124
124	6	-0.05649606	0.5604647	0.2589447
124	7	-0.05168973	0.5600781	0.2486124
124	8	-0.05034971	0.559943	0.2460019
125	1	1.423210	0.1249191	0.2145181
125	2	0.2515535	0.3518471	1.418471
125	3	-0.05674172	0.5608523	0.2558283
125	4	-0.04430713	0.5595951	0.2316437
125	5	-0.04794265	0.5599731	0.2386112
125	6	-0.04799592	0.5598438	0.2400493
125	8	-0.04430713	0.5595951	0.2316437
126	1	1.429545	0.1234712	0.210196
126	2	0.3145702	0.3359381	1.390420
126	3	-0.06119468	0.5609991	0.2674957
126	4	-0.05034971	0.559943	0.2460019
126	5	-0.05168973	0.5600781	0.2486124
126	6	-0.05649606	0.5604647	0.2589447
126	7	-0.05168973	0.5600781	0.2486124
126	8	-0.05034971	0.559943	0.2460019
127	1	1.429545	0.1234712	0.210196
127	2	0.3145702	0.3359381	1.390420
127	3	-0.06119468	0.5609991	0.2674957
127	4	-0.05034971	0.559943	0.2460019
127	5	-0.05168973	0.5600781	0.2486124
127	6	-0.05649606	0.5604647	0.2589447
127	7	-0.05168973	0.5600781	0.2486124
127	8	-0.05034971	0.559943	0.2460019
128	1	1.423337	0.1246604	0.2167066
128	2	0.2416854	0.3543419	1.422828
128	3	-0.05112457	0.5601033	0.2466974
128	4	-0.0416346	0.5591764	0.2279173
128	5	-0.04544071	0.5594976	0.2359505
128	6	-0.0511146	0.5600578	0.2471189
128	8	-0.0416346	0.5591764	0.2279173
129	1	1.429512	0.1232977	0.2120127
129	2	0.3048394	0.3383616	1.395080
129	3	-0.05513636	0.5602283	0.2572806
129	4	-0.04792123	0.5596057	0.2421882
129	5	-0.04818022	0.559504	0.2439598
129	6	-0.06548807	0.5613885	0.2762885
129	7	-0.04818022	0.559504	0.2439598
129	8	-0.04792123	0.5596057	0.2421882
130	1	1.428363	0.1217188	0.2310442
130	2	0.2267126	0.3593279	1.417542
130	3	0.04761926	0.5409077	0.1459333
130	4	0.02309185	0.5468953	0.1588776
130	5	-0.2436387	0.564864	0.7668328
130	6	0.05750194	0.5390397	0.1353209
130	7	-0.2436387	0.564864	0.7668328
130	8	0.02309185	0.5468953	0.1588776
131	1	1.421728	0.1241801	0.2262087
131	2	0.1825963	0.3697609	1.444161
131	3	-0.02345578	0.5555014	0.2107644
131	4	-0.01880207	0.5554928	0.1971355
131	6	-0.0144485	0.5542193	0.1969259
131	7	-0.1837841	0.5693053	0.5464384
131	8	-0.01880207	0.5554928	0.1971355
132	1	1.415140	0.1239024	0.2483739
132	2	0.06106624	0.4020419	1.482402
132	3	0.0001173655	0.551812	0.1778577
132	4	0.002802999	0.5519487	0.1685892
132	6	0.005116553	0.5510376	0.1707999
132	7	-0.1053832	0.5664036	0.3441564
133	1	1.415140	0.1239024	0.2483739
133	2	0.06106624	0.4020419	1.482402
133	3	0.0001173655	0.551812	0.1778577
133	4	0.002802999	0.5519487	0.1685892
133	6	0.005116553	0.5510376	0.1707999
133	7	-0.1053832	0.5664036	0.3441564
134	1	1.428363	0.1217188	0.2310442
134	2	0.2267126	0.3593279	1.417542
134	3	0.04761926	0.5409077	0.1459333
134	4	0.02309185	0.5468953	0.1588776
134	5	-0.2436387	0.564864	0.7668328
134	6	0.05750194	0.5390397	0.1353209
134	7	-0.2436387	0.564864	0.7668328
134	8	0.02309185	0.5468953	0.1588776
135	1	1.351945	0.1541947	0.1344174
135	2	0.4752148	0.2972211	1.300691
135	3	-0.1028712	0.568869	0.3123235
135	4	-0.1018284	0.5697043	0.3009728
135	6	-0.1017192	0.5692247	0.3054032
135	8	-0.1018284	0.5697043	0.3009728
136	1	1.281687	0.1346679	0.5349612
136	2	0.697983	0.3628757	-0.006382455
136	3	-0.2161276	0.5792651	0.5430531
136	4	-0.2275728	0.5811072	0.5585261
136	5	0.8625779	0.226539	0.859614
136	6	-0.2223520	0.5802113	0.5520196
136	7	0.8625779	0.226539	0.859614
136	8	-0.2275728	0.5811072	0.5585261
137	1	1.281687	0.1346679	0.5349612
137	2	0.697983	0.3628757	-0.006382455
137	3	-0.2161276	0.5792651	0.5430531
137	4	-0.2275728	0.5811072	0.5585261
137	5	0.8625779	0.226539	0.859614
137	6	-0.2223520	0.5802113	0.5520196
137	7	0.8625779	0.226539	0.859614
137	8	-0.2275728	0.5811072	0.5585261
138	1	1.354955	0.1258821	0.4061136
138	3	-0.3167538	0.5676378	0.9548053
138	4	-0.1204717	0.5733298	0.3199846
138	5	1.199295	0.1685318	0.4421812
138	6	0.001144648	0.5532748	0.160335
138	7	1.199295	0.1685318	0.4421812
138	8	-0.1204717	0.5733298	0.3199846
139	1	1.354955	0.1258821	0.4061136
139	3	-0.3167538	0.5676378	0.9548053
139	4	-0.1204717	0.5733298	0.3199846
139	5	1.199295	0.1685318	0.4421812
139	6	0.001144648	0.5532748	0.160335
139	7	1.199295	0.1685318	0.4421812
139	8	-0.1204717	0.5733298	0.3199846
140	1	1.354955	0.1258821	0.4061136
140	3	-0.3167538	0.5676378	0.9548053
140	4	-0.1204717	0.5733298	0.3199846
140	5	1.199295	0.1685318	0.4421812
140	6	0.001144648	0.5532748	0.160335
140	7	1.199295	0.1685318	0.4421812
140	8	-0.1204717	0.5733298	0.3199846
141	1	1.417506	0.1200074	0.2799995
141	3	0.1479751	0.5183014	0.07421662
141	4	-0.1782061	0.5752447	0.4711438
141	5	0.1913919	0.3806189	1.310643
141	6	0.08841425	0.5333221	0.1008859
141	7	0.1913919	0.3806189	1.310643
141	8	-0.1782061	0.5752447	0.4711438
142	1	1.401079	0.1111955	0.4157294
142	3	0.320756	0.471044	0.03335505
142	4	-0.02365328	0.5550694	0.2156266
142	5	-0.2441564	0.5110419	1.301710
142	6	0.2936906	0.4789825	0.03444559
142	7	-0.2441564	0.5110419	1.301710
142	8	-0.02365328	0.5550694	0.2156266
143	1	1.401079	0.1111955	0.4157294
143	3	0.320756	0.471044	0.03335505
143	4	-0.02365328	0.5550694	0.2156266
143	5	-0.2441564	0.5110419	1.301710
143	6	0.2936906	0.4789825	0.03444559
143	7	-0.2441564	0.5110419	1.301710
143	8	-0.02365328	0.5550694	0.2156266
144	1	1.401079	0.1111955	0.4157294
144	3	0.320756	0.471044	0.03335505
144	4	-0.02365328	0.5550694	0.2156266
144	5	-0.2441564	0.5110419	1.301710
144	6	0.2936906	0.4789825	0.03444559
144	7	-0.2441564	0.5110419	1.301710
144	8	-0.02365328	0.5550694	0.2156266
145	1	1.401079	0.1111955	0.4157294
145	3	0.320756	0.471044	0.03335505
145	4	-0.02365328	0.5550694	0.2156266
145	5	-0.2441564	0.5110419	1.301710
145	6	0.2936906	0.4789825	0.03444559
145	7	-0.2441564	0.5110419	1.301710
145	8	-0.02365328	0.5550694	0.2156266
146	1	1.401079	0.1111955	0.4157294
146	3	0.320756	0.471044	0.03335505
146	4	-0.02365328	0.5550694	0.2156266
146	5	-0.2441564	0.5110419	1.301710
146	6	0.2936906	0.4789825	0.03444559
146	7	-0.2441564	0.5110419	1.301710
146	8	-0.02365328	0.5550694	0.2156266
147	1	1.401079	0.1111955	0.4157294
147	3	0.320756	0.471044	0.03335505
147	4	-0.02365328	0.5550694	0.2156266
147	5	-0.2441564	0.5110419	1.301710
147	6	0.2936906	0.4789825	0.03444559
147	7	-0.2441564	0.5110419	1.301710
147	8	-0.02365328	0.5550694	0.2156266
148	1	0.0484648	0.5487407	0.0658193
148	3	-0.4176917	0.5870166	1.060221
148	4	1.207882	0.1683275	0.4189026
148	5	1.194396	0.1723576	0.4187053
148	6	1.190964	0.1733834	0.418655
148	7	1.194396	0.1723576	0.4187053
148	8	1.207882	0.1683275	0.4189026
149	1	0.09386284	0.5366391	0.05195901
149	3	-0.4079771	0.5781423	1.119532
149	5	1.235707	0.1598916	0.4205021
149	7	1.235707	0.1598916	0.4205021
149	8	1.223757	0.1634642	0.4203122
150	1	0.07022596	0.542967	0.05890745
150	3	-0.4132314	0.5828012	1.088849
150	5	1.213388	0.1666245	0.4195506
150	6	1.198660	0.1710271	0.4193260
150	7	1.213388	0.1666245	0.4195506
150	8	1.219509	0.1647951	0.4196439
151	1	0.07022596	0.542967	0.05890745
151	3	-0.4132314	0.5828012	1.088849
151	5	1.213388	0.1666245	0.4195506
151	6	1.198660	0.1710271	0.4193260
151	7	1.213388	0.1666245	0.4195506
151	8	1.219509	0.1647951	0.4196439
152	1	1.172265	0.2149079	0.06226975
152	2	1.172585	0.1786909	0.420221
152	3	0.6504038	0.2581768	1.171345
152	6	-0.1670516	0.5792949	0.398138
152	7	-0.1613295	0.577584	0.3982304
152	8	-0.1732384	0.5811448	0.3980382
153	1	1.214226	0.2015266	0.07121707
153	2	-0.1228532	0.5659964	0.3996735
153	3	0.7176088	0.2422683	1.130948
153	6	-0.1614236	0.5775218	0.3991239
153	7	-0.1530020	0.5750053	0.3992435
153	8	-0.1666547	0.5790849	0.3990497
154	1	1.249818	0.1901048	0.07951803
154	2	-0.1096818	0.5620919	0.3995514
154	3	0.7714404	0.2295043	1.098799
154	4	-0.1590046	0.576834	0.398811
154	6	-0.1540212	0.5753445	0.3988856
154	7	-0.1461253	0.5729845	0.3990039
154	8	-0.1590046	0.576834	0.398811
155	1	1.249818	0.1901048	0.07951803
155	2	-0.1096818	0.5620919	0.3995514
155	3	0.7714404	0.2295043	1.098799
155	4	-0.1590046	0.576834	0.398811
155	6	-0.1540212	0.5753445	0.3988856
155	7	-0.1461253	0.5729845	0.3990039
155	8	-0.1590046	0.576834	0.398811
156	1	1.214226	0.2015266	0.07121707
156	2	-0.1228532	0.5659964	0.3996735
156	3	0.7176088	0.2422683	1.130948
156	6	-0.1614236	0.5775218	0.3991239
156	7	-0.1530020	0.5750053	0.3992435
156	8	-0.1666547	0.5790849	0.3990497
160	1	0.8289098	0.2166344	1.056979
160	2	1.176215	0.2113574	0.08581167
160	3	-0.3424545	0.5675443	1.031468
160	5	-0.2265248	0.5799804	0.566604
160	6	0.7038739	0.3587928	0.01671775
160	7	-0.2265248	0.5799804	0.566604
160	8	0.3663295	0.4580953	0.02737222
161	1	0.9735138	0.2029456	0.7665011
161	2	-0.3713979	0.5898496	0.8957251
161	3	0.9735138	0.2029456	0.7665011
161	5	1.231376	0.1778753	0.2550531
161	6	0.09737564	0.5329276	0.0783866
161	7	1.231376	0.1778753	0.2550531
161	8	0.2046516	0.5031354	0.05748658
162	1	0.9735138	0.2029456	0.7665011
162	2	-0.3713979	0.5898496	0.8957251
162	3	0.9735138	0.2029456	0.7665011
162	5	1.231376	0.1778753	0.2550531
162	6	0.09737564	0.5329276	0.0783866
162	7	1.231376	0.1778753	0.2550531
162	8	0.2046516	0.5031354	0.05748658
163	1	0.9735348	0.2029416	0.7664796
163	2	-0.3714026	0.5898484	0.8957508
163	3	0.9735348	0.2029416	0.7664796
163	5	1.231374	0.177877	0.2550415
163	6	0.2046387	0.5031389	0.05749048
163	7	1.231374	0.177877	0.2550415
163	8	0.09736364	0.5329306	0.07839242
164	1	0.9735348	0.2029416	0.7664796
164	2	-0.3714026	0.5898484	0.8957508
164	3	0.9735348	0.2029416	0.7664796
164	5	1.231374	0.177877	0.2550415
164	6	0.2046387	0.5031389	0.05749048
164	7	1.231374	0.177877	0.2550415
164	8	0.09736364	0.5329306	0.07839242
165	1	1.23297	0.1763461	0.26551
165	2	-0.2151472	0.5936785	0.3973343
165	3	1.23297	0.1763461	0.26551
165	5	0.880046	0.224806	0.8253112
166	1	1.23297	0.1763461	0.26551
166	2	-0.2151472	0.5936785	0.3973343
166	3	1.23297	0.1763461	0.26551
166	5	0.880046	0.224806	0.8253112
167	1	1.23297	0.1763461	0.26551
167	2	-0.2151472	0.5936785	0.3973343
167	3	1.23297	0.1763461	0.26551
167	5	0.880046	0.224806	0.8253112
168	1	1.23297	0.1763461	0.26551
168	2	-0.2151472	0.5936785	0.3973343
168	3	1.23297	0.1763461	0.26551
168	5	0.880046	0.224806	0.8253112
169	1	1.23297	0.1763461	0.26551
169	2	-0.2151472	0.5936785	0.3973343
169	3	1.23297	0.1763461	0.26551
169	5	0.880046	0.224806	0.8253112
170	1	1.064452	0.1948950	0.5782969
170	2	-0.2322491	0.598236	0.4025679
170	3	1.064452	0.1948950	0.5782969
170	4	1.064452	0.1948950	0.5782969
170	5	1.064452	0.1948950	0.5782969
170	6	0.9799756	0.2714841	0.06827473
170	8	1.064452	0.1948950	0.5782969
171	1	1.064452	0.1948950	0.5782969
171	2	-0.2322491	0.598236	0.4025679
171	3	1.064452	0.1948950	0.5782969
171	4	1.064452	0.1948950	0.5782969
171	5	1.064452	0.1948950	0.5782969
171	6	0.9799756	0.2714841	0.06827473
171	8	1.064452	0.1948950	0.5782969
172	1	1.064452	0.1948950	0.5782969
172	2	-0.2322491	0.598236	0.4025679
172	3	1.064452	0.1948950	0.5782969
172	4	1.064452	0.1948950	0.5782969
172	5	1.064452	0.1948950	0.5782969
172	6	0.9799756	0.2714841	0.06827473
172	8	1.064452	0.1948950	0.5782969
173	1	1.062309	0.1959940	0.5737201
173	2	-0.234534	0.5989475	0.4022509
173	3	1.062309	0.1959940	0.5737201
173	4	1.062309	0.1959940	0.5737201
173	5	1.062309	0.1959940	0.5737201
173	6	0.9277138	0.2881909	0.05672636
173	7	1.062309	0.1959940	0.5737201
173	8	1.062309	0.1959940	0.5737201
174	1	1.062309	0.1959940	0.5737201
174	2	-0.234534	0.5989475	0.4022509
174	3	1.062309	0.1959940	0.5737201
174	4	1.062309	0.1959940	0.5737201
174	5	1.062309	0.1959940	0.5737201
174	6	0.9277138	0.2881909	0.05672636
174	7	1.062309	0.1959940	0.5737201
174	8	1.062309	0.1959940	0.5737201
175	1	1.157142	0.1832650	0.4204002
175	2	-0.2322113	0.5988329	0.3965419
175	3	1.157142	0.1832650	0.4204001
175	4	1.157142	0.1832650	0.4204001
175	5	1.157142	0.1832650	0.4204001
175	6	1.157142	0.1832650	0.4204001
175	7	1.157142	0.1832650	0.4204001
175	8	1.157142	0.1832650	0.4204001
176	1	1.157142	0.1832650	0.4204002
176	2	-0.2322113	0.5988329	0.3965419
176	3	1.157142	0.1832650	0.4204001
176	4	1.157142	0.1832650	0.4204001
176	5	1.157142	0.1832650	0.4204001
176	6	1.157142	0.1832650	0.4204001
176	7	1.157142	0.1832650	0.4204001
176	8	1.157142	0.1832650	0.4204001
177	1	1.157142	0.1832650	0.4204002
177	2	-0.2322113	0.5988329	0.3965419
177	3	1.157142	0.1832650	0.4204001
177	4	1.157142	0.1832650	0.4204001
177	5	1.157142	0.1832650	0.4204001
177	6	1.157142	0.1832650	0.4204001
177	7	1.157142	0.1832650	0.4204001
177	8	1.157142	0.1832650	0.4204001
178	1	1.157142	0.1832650	0.4204002
178	2	-0.2322113	0.5988329	0.3965419
178	3	1.157142	0.1832650	0.4204001
178	4	1.157142	0.1832650	0.4204001
178	5	1.157142	0.1832650	0.4204001
178	6	1.157142	0.1832650	0.4204001
178	7	1.157142	0.1832650	0.4204001
178	8	1.157142	0.1832650	0.4204001
179	1	1.157142	0.1832650	0.4204002
179	2	-0.2322113	0.5988329	0.3965419
179	3	1.157142	0.1832650	0.4204001
179	4	1.157142	0.1832650	0.4204001
179	5	1.157142	0.1832650	0.4204001
179	6	1.157142	0.1832650	0.4204001
179	7	1.157142	0.1832650	0.4204001
179	8	1.157142	0.1832650	0.4204001
180	1	1.157142	0.1832650	0.4204002
180	2	-0.2322113	0.5988329	0.3965419
180	3	1.157142	0.1832650	0.4204001
180	4	1.157142	0.1832650	0.4204001
180	5	1.157142	0.1832650	0.4204001
180	6	1.157142	0.1832650	0.4204001
180	7	1.157142	0.1832650	0.4204001
180	8	1.157142	0.1832650	0.4204001
181	1	1.157142	0.1832650	0.4204002
181	2	-0.2322113	0.5988329	0.3965419
181	3	1.157142	0.1832650	0.4204001
181	4	1.157142	0.1832650	0.4204001
181	5	1.157142	0.1832650	0.4204001
181	6	1.157142	0.1832650	0.4204001
181	7	1.157142	0.1832650	0.4204001
181	8	1.157142	0.1832650	0.4204001
182	1	1.157142	0.1832650	0.4204002
182	2	-0.2322113	0.5988329	0.3965419
182	3	1.157142	0.1832650	0.4204001
182	4	1.157142	0.1832650	0.4204001
182	5	1.157142	0.1832650	0.4204001
182	6	1.157142	0.1832650	0.4204001
182	7	1.157142	0.1832650	0.4204001
182	8	1.157142	0.1832650	0.4204001
183	1	1.157142	0.1832650	0.4204002
183	2	-0.2322113	0.5988329	0.3965419
183	3	1.157142	0.1832650	0.4204001
183	4	1.157142	0.1832650	0.4204001
183	5	1.157142	0.1832650	0.4204001
183	6	1.157142	0.1832650	0.4204001
183	7	1.157142	0.1832650	0.4204001
183	8	1.157142	0.1832650	0.4204001
184	1	1.157142	0.1832650	0.4204002
184	2	-0.2322113	0.5988329	0.3965419
184	3	1.157142	0.1832650	0.4204001
184	4	1.157142	0.1832650	0.4204001
184	5	1.157142	0.1832650	0.4204001
184	6	1.157142	0.1832650	0.4204001
184	7	1.157142	0.1832650	0.4204001
184	8	1.157142	0.1832650	0.4204001
185	1	1.157142	0.1832650	0.4204002
185	2	-0.2322113	0.5988329	0.3965419
185	3	1.157142	0.1832650	0.4204001
185	4	1.157142	0.1832650	0.4204001
185	5	1.157142	0.1832650	0.4204001
185	6	1.157142	0.1832650	0.4204001
185	7	1.157142	0.1832650	0.4204001
185	8	1.157142	0.1832650	0.4204001
186	1	1.157142	0.1832650	0.4204002
186	2	-0.2322113	0.5988329	0.3965419
186	3	1.157142	0.1832650	0.4204001
186	4	1.157142	0.1832650	0.4204001
186	5	1.157142	0.1832650	0.4204001
186	6	1.157142	0.1832650	0.4204001
186	7	1.157142	0.1832650	0.4204001
186	8	1.157142	0.1832650	0.4204001
187	1	1.157142	0.1832650	0.4204002
187	2	-0.2322113	0.5988329	0.3965419
187	3	1.157142	0.1832650	0.4204001
187	4	1.157142	0.1832650	0.4204001
187	5	1.157142	0.1832650	0.4204001
187	6	1.157142	0.1832650	0.4204001
187	7	1.157142	0.1832650	0.4204001
187	8	1.157142	0.1832650	0.4204001
188	1	1.157142	0.1832650	0.4204002
188	2	-0.2322113	0.5988329	0.3965419
188	3	1.157142	0.1832650	0.4204001
188	4	1.157142	0.1832650	0.4204001
188	5	1.157142	0.1832650	0.4204001
188	6	1.157142	0.1832650	0.4204001
188	7	1.157142	0.1832650	0.4204001
188	8	1.157142	0.1832650	0.4204001
189	1	1.157142	0.1832650	0.4204002
189	2	-0.2322113	0.5988329	0.3965419
189	3	1.157142	0.1832650	0.4204001
189	4	1.157142	0.1832650	0.4204001
189	5	1.157142	0.1832650	0.4204001
189	6	1.157142	0.1832650	0.4204001
189	7	1.157142	0.1832650	0.4204001
189	8	1.157142	0.1832650	0.4204001
190	1	1.157142	0.1832650	0.4204002
190	2	-0.2322113	0.5988329	0.3965419
190	3	1.157142	0.1832650	0.4204001
190	4	1.157142	0.1832650	0.4204001
190	5	1.157142	0.1832650	0.4204001
190	6	1.157142	0.1832650	0.4204001
190	7	1.157142	0.1832650	0.4204001
190	8	1.157142	0.1832650	0.4204001
191	1	0.4660409	0.4301653	0.01030989
191	2	1.373473	0.1168321	0.4412247
191	3	-0.2647552	0.5539966	0.9367515
191	4	-0.2289047	0.5676843	0.6954664
191	5	-0.2289047	0.5676843	0.6954664
191	6	-0.2289047	0.5676843	0.6954664
191	7	-0.2289047	0.5676843	0.6954664
191	8	-0.2289047	0.5676843	0.6954664
192	1	1.287112	0.1775758	0.09377464
192	2	0.7214168	0.2402321	1.139903
192	3	-0.2228608	0.5764785	0.5905087
192	4	-0.1005125	0.5668237	0.3256405
192	5	-0.1005125	0.5668237	0.3256405
192	6	-0.1005125	0.5668237	0.3256405
192	7	-0.1005125	0.5668237	0.3256405
192	8	-0.1005125	0.5668237	0.3256405
193	1	1.287112	0.1775758	0.09377464
193	2	0.7214168	0.2402321	1.139903
193	3	-0.2228608	0.5764785	0.5905087
193	4	-0.1005125	0.5668237	0.3256405
193	5	-0.1005125	0.5668237	0.3256405
193	6	-0.1005125	0.5668237	0.3256405
193	7	-0.1005125	0.5668237	0.3256405
193	8	-0.1005125	0.5668237	0.3256405
216	1	1.375906	0.1469593	0.1355081
216	2	0.6251309	0.2615406	1.212487
216	3	-0.1078135	0.5682335	0.3331847
216	4	-0.1076589	0.5683378	0.3316963
216	5	-0.1076589	0.5683378	0.3316963
216	6	-0.1076589	0.5683378	0.3316963
216	7	-0.1076589	0.5683378	0.3316963
216	8	-0.1076589	0.5683378	0.3316963
217	1	1.375906	0.1469593	0.1355081
217	2	0.6251309	0.2615406	1.212487
217	3	-0.1078135	0.5682335	0.3331847
217	4	-0.1076589	0.5683378	0.3316963
217	5	-0.1076589	0.5683378	0.3316963
217	6	-0.1076589	0.5683378	0.3316963
217	7	-0.1076589	0.5683378	0.3316963
217	8	-0.1076589	0.5683378	0.3316963
218	1	1.375906	0.1469593	0.1355081
218	2	0.6251309	0.2615406	1.212487
218	3	-0.1078135	0.5682335	0.3331847
218	4	-0.1076589	0.5683378	0.3316963
218	5	-0.1076589	0.5683378	0.3316963
218	6	-0.1076589	0.5683378	0.3316963
218	7	-0.1076589	0.5683378	0.3316963
218	8	-0.1076589	0.5683378	0.3316963
219	1	1.318968	0.1351302	0.4205165
219	2	0.2163423	0.5024553	0.02977605
219	5	-0.3531504	0.5491294	1.245471
220	1	0.1517216	0.5208956	0.03746902
220	2	-0.1213728	0.5655879	0.3993593
220	3	-0.3922821	0.5659438	1.194164
220	5	1.269126	0.1498748	0.4212806
220	7	1.269126	0.1498748	0.4212806
221	1	0.1517216	0.5208956	0.03746902
221	2	-0.1213728	0.5655879	0.3993593
221	3	-0.3922821	0.5659438	1.194164
221	5	1.269126	0.1498748	0.4212806
221	7	1.269126	0.1498748	0.4212806
222	1	1.146488	0.2231124	0.05692845
222	3	0.616767	0.2662295	1.190669
222	5	-0.179455	0.5828337	0.3996208
222	7	-0.179455	0.5828337	0.3996208
223	1	1.146488	0.2231124	0.05692845
223	3	0.616767	0.2662295	1.190669
223	5	-0.179455	0.5828337	0.3996208
223	7	-0.179455	0.5828337	0.3996208
224	1	1.146488	0.2231124	0.05692845
224	3	0.616767	0.2662295	1.190669
224	5	-0.179455	0.5828337	0.3996208
224	7	-0.179455	0.5828337	0.3996208
225	1	1.146488	0.2231124	0.05692845
225	3	0.616767	0.2662295	1.190669
225	5	-0.179455	0.5828337	0.3996208
225	7	-0.179455	0.5828337	0.3996208
226	1	-0.01522428	0.5602419	0.1395307
226	3	-0.01522428	0.5602419	0.1395307
226	4	1.276809	0.1691427	0.2077038
226	5	-0.1949025	0.481059	1.453683
226	6	1.276809	0.1691427	0.2077038
226	7	-0.1949025	0.481059	1.453683
226	8	1.276809	0.1691427	0.2077038
227	1	-0.02674100	0.5626101	0.1500010
227	3	-0.02674100	0.5626101	0.1500010
227	4	1.269964	0.1725093	0.1945141
227	5	-0.1725548	0.4736956	1.460795
227	6	1.267320	0.1731509	0.1959473
227	7	-0.1725548	0.4736956	1.460795
227	8	1.269964	0.1725093	0.1945141
228	1	1.168904	0.2159838	0.06151228
228	3	0.6473539	0.2589225	1.172943
228	4	-0.1734255	0.5811367	0.3986700
228	5	-0.1287670	0.5677895	0.3993318
228	6	-0.1734255	0.5811367	0.3986700
229	1	-0.1478151	0.5817672	0.3169513
229	3	-0.1478151	0.5817672	0.3169513
229	4	1.123003	0.2281121	0.07659095
229	5	0.3042043	0.3462906	1.318379
229	6	1.123003	0.2281121	0.07659095
229	7	0.3042043	0.3462906	1.318379
230	1	-0.2021998	0.5872692	0.4226927
230	3	-0.2021998	0.5872692	0.4226927
230	4	0.984556	0.2729643	0.04010913
230	5	0.4963535	0.3000235	1.210628
230	6	0.984556	0.2729643	0.04010913
230	7	0.4963535	0.3000235	1.210628
231	1	-0.2021998	0.5872692	0.4226927
231	3	-0.2021998	0.5872692	0.4226927
231	4	0.984556	0.2729643	0.04010913
231	5	0.4963535	0.3000235	1.210628
231	6	0.984556	0.2729643	0.04010913
231	7	0.4963535	0.3000235	1.210628
232	1	-0.2021998	0.5872692	0.4226927
232	3	-0.2021998	0.5872692	0.4226927
232	4	0.984556	0.2729643	0.04010913
232	5	0.4963535	0.3000235	1.210628
232	6	0.984556	0.2729643	0.04010913
232	7	0.4963535	0.3000235	1.210628
233	1	0.4384786	0.3057143	1.324784
233	3	1.305342	0.1525423	0.2881249
233	4	0.6587845	0.372552	0.01324317
233	5	-0.2678793	0.5876349	0.6126173
233	6	0.7513356	0.3446225	0.01727662
233	7	-0.2678793	0.5876349	0.6126173
234	3	0.7848122	0.2316768	1.037865
234	4	0.9607109	0.2799165	0.04148329
234	5	-0.2298329	0.5876196	0.500651
234	6	1.214204	0.1929587	0.1561881
234	7	-0.2298329	0.5876196	0.500651
235	3	0.7848122	0.2316768	1.037865
235	4	0.9607109	0.2799165	0.04148329
235	5	-0.2298329	0.5876196	0.500651
235	6	1.214204	0.1929587	0.1561881
235	7	-0.2298329	0.5876196	0.500651
236	4	1.292435	0.1576770	0.2752758
236	5	-0.1744811	0.5811985	0.4011680
236	6	1.143046	0.1695602	0.597747
236	7	-0.1744811	0.5811985	0.4011680
237	4	1.292435	0.1576770	0.2752758
237	5	-0.1744811	0.5811985	0.4011680
237	6	1.143046	0.1695602	0.597747
237	7	-0.1744811	0.5811985	0.4011680
238	4	1.292435	0.1576770	0.2752758
238	5	-0.1744811	0.5811985	0.4011680
238	6	1.143046	0.1695602	0.597747
238	7	-0.1744811	0.5811985	0.4011680
239	4	1.292435	0.1576770	0.2752758
239	5	-0.1744811	0.5811985	0.4011680
239	6	1.143046	0.1695602	0.597747
239	7	-0.1744811	0.5811985	0.4011680
240	5	1.207520	0.1681965	0.4212656
240	6	-0.1939632	0.5873926	0.3971983
240	7	1.207520	0.1681965	0.4212656
241	5	1.207520	0.1681965	0.4212656
241	6	-0.1939632	0.5873926	0.3971983
241	7	1.207520	0.1681965	0.4212656
242	5	1.251765	0.1549624	0.4220255
242	6	-0.1732797	0.581206	0.3975535
243	5	1.251765	0.1549624	0.4220255
243	6	-0.1732797	0.581206	0.3975535
244	5	1.251765	0.1549624	0.4220255
244	6	-0.1732797	0.581206	0.3975535
245	5	1.251765	0.1549624	0.4220255
245	6	-0.1732797	0.581206	0.3975535
246	5	1.251765	0.1549624	0.4220255
246	6	-0.1732797	0.581206	0.3975535
247	4	1.241525	0.1775540	0.2283293
247	5	-0.1949304	0.5873333	0.4006357
247	6	1.033112	0.1942257	0.6772848
248	4	1.222929	0.1808278	0.2506884
248	5	-0.2044957	0.5903296	0.3991316
248	6	0.82918	0.2359312	0.8649605
248	8	1.222929	0.1808278	0.2506884
249	4	1.222929	0.1808278	0.2506884
249	5	-0.2044957	0.5903296	0.3991316
249	6	0.82918	0.2359312	0.8649605
249	8	1.222929	0.1808278	0.2506884
250	4	1.222929	0.1808278	0.2506884
250	5	-0.2044957	0.5903296	0.3991316
250	6	0.82918	0.2359312	0.8649605
250	8	1.222929	0.1808278	0.2506884
251	4	1.222929	0.1808278	0.2506884
251	5	-0.2044957	0.5903296	0.3991316
251	6	0.82918	0.2359312	0.8649605
251	8	1.222929	0.1808278	0.2506884
252	3	1.405589	0.1284099	0.2318529
252	4	-0.02489886	0.5577304	0.1929278
252	5	0.05781881	0.4029212	1.483259
252	6	-0.02678338	0.5579032	0.196769
252	8	-0.02489886	0.5577304	0.1929278
253	3	1.405589	0.1284099	0.2318529
253	4	-0.02489886	0.5577304	0.1929278
253	5	0.05781881	0.4029212	1.483259
253	6	-0.02678338	0.5579032	0.196769
253	8	-0.02489886	0.5577304	0.1929278
254	3	0.8299431	0.2224874	0.995934
254	4	0.8081129	0.3257799	0.03668293
254	5	-0.3652226	0.5864656	0.9110614
254	6	0.4156904	0.4444547	0.01708403
254	8	0.8081129	0.3257799	0.03668293
255	3	0.8299431	0.2224874	0.995934
255	4	0.8081129	0.3257799	0.03668293
255	5	-0.3652226	0.5864656	0.9110614
255	6	0.4156904	0.4444547	0.01708403
255	8	0.8081129	0.3257799	0.03668293
256	3	0.8299431	0.2224874	0.995934
256	4	0.8081129	0.3257799	0.03668293
256	5	-0.3652226	0.5864656	0.9110614
256	6	0.4156904	0.4444547	0.01708403
256	8	0.8081129	0.3257799	0.03668293
257	3	1.004720	0.1907366	0.7955282
257	5	-0.273543	0.591579	0.5902231
257	8	0.7537753	0.3437856	0.01838048
258	3	1.004720	0.1907366	0.7955282
258	5	-0.273543	0.591579	0.5902231
258	8	0.7537753	0.3437856	0.01838048
259	3	1.004720	0.1907366	0.7955282
259	5	-0.273543	0.591579	0.5902231
259	8	0.7537753	0.3437856	0.01838048
260	3	1.004720	0.1907366	0.7955282
260	5	-0.273543	0.591579	0.5902231
260	8	0.7537753	0.3437856	0.01838048
261	3	1.004720	0.1907366	0.7955282
261	5	-0.273543	0.591579	0.5902231
261	8	0.7537753	0.3437856	0.01838048
262	3	1.004720	0.1907366	0.7955282
262	5	-0.273543	0.591579	0.5902231
262	8	0.7537753	0.3437856	0.01838048
263	3	1.004720	0.1907366	0.7955282
263	5	-0.273543	0.591579	0.5902231
263	8	0.7537753	0.3437856	0.01838048
264	3	1.004720	0.1907366	0.7955282
264	5	-0.273543	0.591579	0.5902231
264	8	0.7537753	0.3437856	0.01838048
265	1	0.1153191	0.5299405	0.05511104
265	3	1.331212	0.1464895	0.2718702
265	5	-0.3557934	0.5506558	1.238133
265	8	0.9448559	0.212558	0.7556977
266	1	0.1153191	0.5299405	0.05511104
266	3	1.331212	0.1464895	0.2718702
266	5	-0.3557934	0.5506558	1.238133
266	8	0.9448559	0.212558	0.7556977
267	1	0.1153191	0.5299405	0.05511104
267	3	1.331212	0.1464895	0.2718702
267	5	-0.3557934	0.5506558	1.238133
267	8	0.9448559	0.212558	0.7556977
268	1	0.4444018	0.4375801	0.0005992871
268	3	1.280059	0.1364286	0.5223075
268	5	-0.3140145	0.563851	0.9842585
268	8	-0.3140145	0.563851	0.9842585
269	1	0.3185112	0.3376211	1.362129
269	3	1.336909	0.1586446	0.1346304
269	4	-0.04293598	0.5621738	0.2020488
269	5	0.04891236	0.4227371	1.313138
269	6	-0.0416938	0.5615134	0.2049327
269	8	-0.05743422	0.562638	0.2401728
270	1	0.3185112	0.3376211	1.362129
270	3	1.336909	0.1586446	0.1346304
270	4	-0.04293598	0.5621738	0.2020488
270	5	0.04891236	0.4227371	1.313138
270	6	-0.0416938	0.5615134	0.2049327
270	8	-0.05743422	0.562638	0.2401728
271	1	0.4517061	0.3067123	1.275915
271	3	1.302536	0.1716081	0.1074608
271	4	-0.07884944	0.5681472	0.2486872
271	5	0.2850116	0.3583741	1.255195
271	6	-0.07908388	0.5679649	0.2511847
271	8	-0.07884944	0.5681472	0.2486872
272	1	0.04170262	0.5437441	0.1352605
272	3	0.1373041	0.5250894	0.03839692
272	4	1.28327	0.1553030	0.3258107
272	5	-0.3246499	0.5366357	1.285291
272	6	1.279781	0.1562675	0.3265329
272	7	-0.3246499	0.5366357	1.285291
272	8	1.28327	0.1553030	0.3258107
273	1	0.04170262	0.5437441	0.1352605
273	3	0.1373041	0.5250894	0.03839692
273	4	1.28327	0.1553030	0.3258107
273	5	-0.3246499	0.5366357	1.285291
273	6	1.279781	0.1562675	0.3265329
273	7	-0.3246499	0.5366357	1.285291
273	8	1.28327	0.1553030	0.3258107
274	1	0.04170262	0.5437441	0.1352605
274	3	0.1373041	0.5250894	0.03839692
274	4	1.28327	0.1553030	0.3258107
274	5	-0.3246499	0.5366357	1.285291
274	6	1.279781	0.1562675	0.3265329
274	7	-0.3246499	0.5366357	1.285291
274	8	1.28327	0.1553030	0.3258107
275	1	0.04170262	0.5437441	0.1352605
275	3	0.1373041	0.5250894	0.03839692
275	4	1.28327	0.1553030	0.3258107
275	5	-0.3246499	0.5366357	1.285291
275	6	1.279781	0.1562675	0.3265329
275	7	-0.3246499	0.5366357	1.285291
275	8	1.28327	0.1553030	0.3258107
276	1	0.04170262	0.5437441	0.1352605
276	3	0.1373041	0.5250894	0.03839692
276	4	1.28327	0.1553030	0.3258107
276	5	-0.3246499	0.5366357	1.285291
276	6	1.279781	0.1562675	0.3265329
276	7	-0.3246499	0.5366357	1.285291
276	8	1.28327	0.1553030	0.3258107
277	1	0.04170262	0.5437441	0.1352605
277	3	0.1373041	0.5250894	0.03839692
277	4	1.28327	0.1553030	0.3258107
277	5	-0.3246499	0.5366357	1.285291
277	6	1.279781	0.1562675	0.3265329
277	7	-0.3246499	0.5366357	1.285291
277	8	1.28327	0.1553030	0.3258107
278	1	1.03281	0.2583416	0.04281584
278	3	-0.2046076	0.5903234	0.3995224
278	7	0.4671101	0.3043430	1.253999
279	1	1.03281	0.2583416	0.04281584
279	3	-0.2046076	0.5903234	0.3995224
279	7	0.4671101	0.3043430	1.253999
280	1	1.03281	0.2583416	0.04281584
280	3	-0.2046076	0.5903234	0.3995224
280	7	0.4671101	0.3043430	1.253999
281	1	1.03281	0.2583416	0.04281584
281	3	-0.2046076	0.5903234	0.3995224
281	7	0.4671101	0.3043430	1.253999
282	1	0.8356683	0.3203223	0.00956374
282	3	0.9919775	0.1867645	0.8724384
282	5	-0.2594143	0.5838476	0.6252024
282	7	-0.2594143	0.5838476	0.6252024
283	1	0.8356683	0.3203223	0.00956374
283	3	0.9919775	0.1867645	0.8724384
283	5	-0.2594143	0.5838476	0.6252024
283	7	-0.2594143	0.5838476	0.6252024
284	1	0.8356683	0.3203223	0.00956374
284	3	0.9919775	0.1867645	0.8724384
284	5	-0.2594143	0.5838476	0.6252024
284	7	-0.2594143	0.5838476	0.6252024
285	1	1.032769	0.2583547	0.04280724
285	3	-0.2046272	0.590325	0.3995642
285	5	0.467176	0.3043279	1.253955
286	1	1.032769	0.2583547	0.04280724
286	3	-0.2046272	0.590325	0.3995642
286	5	0.467176	0.3043279	1.253955
287	1	1.133603	0.2274942	0.05147566
287	2	0.8138766	0.3235199	0.04209374
287	3	0.9728728	0.1858762	0.9375407
287	4	-0.1897899	0.5762095	0.4957193
287	5	-0.2326378	0.5759374	0.6246827
287	6	-0.1621987	0.5733786	0.4424649
287	7	-0.2326378	0.5759374	0.6246827
287	8	-0.1897899	0.5762095	0.4957193
288	1	1.133603	0.2274942	0.05147566
288	2	0.8138766	0.3235199	0.04209374
288	3	0.9728728	0.1858762	0.9375407
288	4	-0.1897899	0.5762095	0.4957193
288	5	-0.2326378	0.5759374	0.6246827
288	6	-0.1621987	0.5733786	0.4424649
288	7	-0.2326378	0.5759374	0.6246827
288	8	-0.1897899	0.5762095	0.4957193
289	1	1.133603	0.2274942	0.05147566
289	2	0.8138766	0.3235199	0.04209374
289	3	0.9728728	0.1858762	0.9375407
289	4	-0.1897899	0.5762095	0.4957193
289	5	-0.2326378	0.5759374	0.6246827
289	6	-0.1621987	0.5733786	0.4424649
289	7	-0.2326378	0.5759374	0.6246827
289	8	-0.1897899	0.5762095	0.4957193
290	1	1.133603	0.2274942	0.05147566
290	2	0.8138766	0.3235199	0.04209374
290	3	0.9728728	0.1858762	0.9375407
290	4	-0.1897899	0.5762095	0.4957193
290	5	-0.2326378	0.5759374	0.6246827
290	6	-0.1621987	0.5733786	0.4424649
290	7	-0.2326378	0.5759374	0.6246827
290	8	-0.1897899	0.5762095	0.4957193
291	1	1.133603	0.2274942	0.05147566
291	2	0.8138766	0.3235199	0.04209374
291	3	0.9728728	0.1858762	0.9375407
291	4	-0.1897899	0.5762095	0.4957193
291	5	-0.2326378	0.5759374	0.6246827
291	6	-0.1621987	0.5733786	0.4424649
291	7	-0.2326378	0.5759374	0.6246827
291	8	-0.1897899	0.5762095	0.4957193
292	1	1.133603	0.2274942	0.05147566
292	2	0.8138766	0.3235199	0.04209374
292	3	0.9728728	0.1858762	0.9375407
292	4	-0.1897899	0.5762095	0.4957193
292	5	-0.2326378	0.5759374	0.6246827
292	6	-0.1621987	0.5733786	0.4424649
292	7	-0.2326378	0.5759374	0.6246827
292	8	-0.1897899	0.5762095	0.4957193
293	1	1.082592	0.2435931	0.04226678
293	2	0.6723102	0.3668729	0.02966174
293	3	0.9655502	0.1883595	0.9345109
293	5	-0.241792	0.5776046	0.6351369
293	6	-0.1779167	0.5755544	0.467222
293	7	-0.241792	0.5776046	0.6351369
293	8	-0.2036204	0.5781791	0.516958
294	1	1.082592	0.2435931	0.04226678
294	2	0.6723102	0.3668729	0.02966174
294	3	0.9655502	0.1883595	0.9345109
294	5	-0.241792	0.5776046	0.6351369
294	6	-0.1779167	0.5755544	0.467222
294	7	-0.241792	0.5776046	0.6351369
294	8	-0.2036204	0.5781791	0.516958
295	1	0.1691026	0.515752	0.03721977
295	2	0.2360199	0.4948316	0.04733621
295	3	-0.4064171	0.5907506	0.9899937
295	5	1.124337	0.1777368	0.571853
295	6	1.126680	0.1788223	0.5541923
295	7	1.124337	0.1777368	0.571853
295	8	1.125635	0.1769676	0.5756515
296	1	0.1691026	0.515752	0.03721977
296	2	0.2360199	0.4948316	0.04733621
296	3	-0.4064171	0.5907506	0.9899937
296	5	1.124337	0.1777368	0.571853
296	6	1.126680	0.1788223	0.5541923
296	7	1.124337	0.1777368	0.571853
296	8	1.125635	0.1769676	0.5756515
297	1	0.1691026	0.515752	0.03721977
297	2	0.2360199	0.4948316	0.04733621
297	3	-0.4064171	0.5907506	0.9899937
297	5	1.124337	0.1777368	0.571853
297	6	1.126680	0.1788223	0.5541923
297	7	1.124337	0.1777368	0.571853
297	8	1.125635	0.1769676	0.5756515
298	1	0.1261274	0.5273073	0.04935422
298	2	0.1650700	0.5142349	0.06413765
298	3	-0.4135502	0.5916383	1.002216
298	4	1.135665	0.1771023	0.544761
298	5	1.134717	0.1780099	0.5385596
298	6	1.136538	0.1789351	0.524024
298	7	1.134717	0.1780099	0.5385596
298	8	1.135665	0.1771023	0.544761
299	1	1.268519	0.1499511	0.4223132
299	6	-0.1810864	0.583541	0.3974194
300	1	1.268519	0.1499511	0.4223132
300	6	-0.1810864	0.583541	0.3974194
301	1	1.268519	0.1499511	0.4223132
301	6	-0.1810864	0.583541	0.3974194
302	1	1.268519	0.1499511	0.4223132
302	6	-0.1810864	0.583541	0.3974194
303	1	1.344869	0.1273594	0.4211956
303	4	-0.05694681	0.5619831	0.245227
303	6	-0.2746185	0.5698422	0.8087941
303	8	-0.05694681	0.5619831	0.245227
304	1	1.344869	0.1273594	0.4211956
304	4	-0.05694681	0.5619831	0.245227
304	6	-0.2746185	0.5698422	0.8087941
304	8	-0.05694681	0.5619831	0.245227
315	1	1.421622	0.1202944	0.2650265
315	2	0.2530996	0.3593681	1.339384
315	4	0.1399057	0.5204807	0.07639986
315	5	-0.2709276	0.5324266	1.168689
315	6	0.135765	0.5213976	0.07951573
315	7	-0.2709276	0.5324266	1.168689
315	8	0.1399057	0.5204807	0.07639986
316	1	-0.3861928	0.5373708	1.459364
316	2	0.04083887	0.5468065	0.1074592
316	3	-0.0849539	0.5760584	0.1882803
316	4	1.257324	0.1627880	0.3280961
316	5	1.163300	0.1723887	0.5100342
316	6	1.035634	0.2535726	0.08175362
316	7	1.163300	0.1723887	0.5100342
316	8	1.257324	0.1627880	0.3280961
317	1	-0.3861928	0.5373708	1.459364
317	2	0.04083887	0.5468065	0.1074592
317	3	-0.0849539	0.5760584	0.1882803
317	4	1.257324	0.1627880	0.3280961
317	5	1.163300	0.1723887	0.5100342
317	6	1.035634	0.2535726	0.08175362
317	7	1.163300	0.1723887	0.5100342
317	8	1.257324	0.1627880	0.3280961
318	1	-0.3861928	0.5373708	1.459364
318	2	0.04083887	0.5468065	0.1074592
318	3	-0.0849539	0.5760584	0.1882803
318	4	1.257324	0.1627880	0.3280961
318	5	1.163300	0.1723887	0.5100342
318	6	1.035634	0.2535726	0.08175362
318	7	1.163300	0.1723887	0.5100342
318	8	1.257324	0.1627880	0.3280961
319	1	-0.3861928	0.5373708	1.459364
319	2	0.04083887	0.5468065	0.1074592
319	3	-0.0849539	0.5760584	0.1882803
319	4	1.257324	0.1627880	0.3280961
319	5	1.163300	0.1723887	0.5100342
319	6	1.035634	0.2535726	0.08175362
319	7	1.163300	0.1723887	0.5100342
319	8	1.257324	0.1627880	0.3280961
320	1	-0.3861928	0.5373708	1.459364
320	2	0.04083887	0.5468065	0.1074592
320	3	-0.0849539	0.5760584	0.1882803
320	4	1.257324	0.1627880	0.3280961
320	5	1.163300	0.1723887	0.5100342
320	6	1.035634	0.2535726	0.08175362
320	7	1.163300	0.1723887	0.5100342
320	8	1.257324	0.1627880	0.3280961
321	1	1.284179	0.1790454	0.0878558
321	2	-0.1457233	0.5728135	0.3995138
321	3	0.8264217	0.2164994	1.065649
321	4	-0.1489769	0.5737856	0.3994687
321	5	-0.1511189	0.5744256	0.399439
321	6	-0.1489769	0.5737856	0.3994687
321	7	-0.1511189	0.5744256	0.399439
322	1	1.284179	0.1790454	0.0878558
322	2	-0.1457233	0.5728135	0.3995138
322	3	0.8264217	0.2164994	1.065649
322	4	-0.1489769	0.5737856	0.3994687
322	5	-0.1511189	0.5744256	0.399439
322	6	-0.1489769	0.5737856	0.3994687
322	7	-0.1511189	0.5744256	0.399439
323	1	1.304397	0.1725079	0.09305749
323	2	-0.1391960	0.570889	0.3993496
323	3	0.8569824	0.2092310	1.047618
323	4	-0.1447414	0.5725462	0.3992695
323	5	-0.1457559	0.5728494	0.3992549
323	6	-0.1447414	0.5725462	0.3992695
323	7	-0.1457559	0.5728494	0.3992549
323	8	-0.1447414	0.5725462	0.3992695
324	1	1.304397	0.1725079	0.09305749
324	2	-0.1391960	0.570889	0.3993496
324	3	0.8569824	0.2092310	1.047618
324	4	-0.1447414	0.5725462	0.3992695
324	5	-0.1457559	0.5728494	0.3992549
324	6	-0.1447414	0.5725462	0.3992695
324	7	-0.1457559	0.5728494	0.3992549
324	8	-0.1447414	0.5725462	0.3992695
325	1	1.304397	0.1725079	0.09305749
325	2	-0.1391960	0.570889	0.3993496
325	3	0.8569824	0.2092310	1.047618
325	4	-0.1447414	0.5725462	0.3992695
325	5	-0.1457559	0.5728494	0.3992549
325	6	-0.1447414	0.5725462	0.3992695
325	7	-0.1457559	0.5728494	0.3992549
325	8	-0.1447414	0.5725462	0.3992695
326	1	1.304397	0.1725079	0.09305749
326	2	-0.1391960	0.570889	0.3993496
326	3	0.8569824	0.2092310	1.047618
326	4	-0.1447414	0.5725462	0.3992695
326	5	-0.1457559	0.5728494	0.3992549
326	6	-0.1447414	0.5725462	0.3992695
326	7	-0.1457559	0.5728494	0.3992549
326	8	-0.1447414	0.5725462	0.3992695
327	1	1.304397	0.1725079	0.09305749
327	2	-0.1391960	0.570889	0.3993496
327	3	0.8569824	0.2092310	1.047618
327	4	-0.1447414	0.5725462	0.3992695
327	5	-0.1457559	0.5728494	0.3992549
327	6	-0.1447414	0.5725462	0.3992695
327	7	-0.1457559	0.5728494	0.3992549
327	8	-0.1447414	0.5725462	0.3992695
328	1	1.304397	0.1725079	0.09305749
328	2	-0.1391960	0.570889	0.3993496
328	3	0.8569824	0.2092310	1.047618
328	4	-0.1447414	0.5725462	0.3992695
328	5	-0.1457559	0.5728494	0.3992549
328	6	-0.1447414	0.5725462	0.3992695
328	7	-0.1457559	0.5728494	0.3992549
328	8	-0.1447414	0.5725462	0.3992695
329	1	0.0588673	0.5459907	0.06241628
329	3	-0.4155948	0.5850858	1.073174
329	5	1.214992	0.1661457	0.4195702
329	6	1.214992	0.1661457	0.4195702
329	7	1.214992	0.1661457	0.4195702
329	8	1.214992	0.1661457	0.4195702
330	1	1.299122	0.1742136	0.09170104
330	2	-0.1300180	0.5681463	0.3994821
330	3	0.848787	0.2111778	1.052476
330	4	-0.1475153	0.5733752	0.3992291
330	5	-0.1448128	0.5725676	0.3992681
330	6	-0.1475153	0.5733752	0.3992291
330	7	-0.1448128	0.5725676	0.3992681
330	8	-0.1475153	0.5733752	0.3992291
331	1	1.279999	0.1803842	0.08690523
331	2	-0.1384671	0.5706954	0.3991205
331	3	0.8182822	0.2184041	1.070760
331	4	-0.1521382	0.5747815	0.3989156
331	6	-0.1521382	0.5747815	0.3989156
331	7	-0.1475802	0.5734192	0.3989839
331	8	-0.1521382	0.5747815	0.3989156
332	1	1.310572	0.1705105	0.09465581
332	2	-0.1446808	0.572528	0.3992708
332	3	0.8665728	0.2069513	1.041946
332	4	-0.1446808	0.572528	0.3992708
332	5	-0.1446808	0.572528	0.3992708
332	6	-0.1446808	0.572528	0.3992708
332	7	-0.1446808	0.572528	0.3992708
332	8	-0.1446808	0.572528	0.3992708
333	1	1.310572	0.1705105	0.09465581
333	2	-0.1446808	0.572528	0.3992708
333	3	0.8665728	0.2069513	1.041946
333	4	-0.1446808	0.572528	0.3992708
333	5	-0.1446808	0.572528	0.3992708
333	6	-0.1446808	0.572528	0.3992708
333	7	-0.1446808	0.572528	0.3992708
333	8	-0.1446808	0.572528	0.3992708
334	1	1.310572	0.1705105	0.09465581
334	2	-0.1446808	0.572528	0.3992708
334	3	0.8665728	0.2069513	1.041946
334	4	-0.1446808	0.572528	0.3992708
334	5	-0.1446808	0.572528	0.3992708
334	6	-0.1446808	0.572528	0.3992708
334	7	-0.1446808	0.572528	0.3992708
334	8	-0.1446808	0.572528	0.3992708
335	1	1.310572	0.1705105	0.09465581
335	2	-0.1446808	0.572528	0.3992708
335	3	0.8665728	0.2069513	1.041946
335	4	-0.1446808	0.572528	0.3992708
335	5	-0.1446808	0.572528	0.3992708
335	6	-0.1446808	0.572528	0.3992708
335	7	-0.1446808	0.572528	0.3992708
335	8	-0.1446808	0.572528	0.3992708
336	1	1.310572	0.1705105	0.09465581
336	2	-0.1446808	0.572528	0.3992708
336	3	0.8665728	0.2069513	1.041946
336	4	-0.1446808	0.572528	0.3992708
336	5	-0.1446808	0.572528	0.3992708
336	6	-0.1446808	0.572528	0.3992708
336	7	-0.1446808	0.572528	0.3992708
336	8	-0.1446808	0.572528	0.3992708
337	1	1.285362	0.1449132	0.4226024
337	3	-0.1888326	0.585858	0.3972864
338	1	1.285362	0.1449132	0.4226024
338	3	-0.1888326	0.585858	0.3972864
339	1	1.285362	0.1449132	0.4226024
339	3	-0.1888326	0.585858	0.3972864
340	1	1.285362	0.1449132	0.4226024
340	3	-0.1888326	0.585858	0.3972864
341	1	1.285362	0.1449132	0.4226024
341	3	-0.1888326	0.585858	0.3972864
342	1	1.285362	0.1449132	0.4226024
342	3	-0.1888326	0.585858	0.3972864
343	1	1.285362	0.1449132	0.4226024
343	3	-0.1888326	0.585858	0.3972864
344	1	1.285362	0.1449132	0.4226024
344	3	-0.1888326	0.585858	0.3972864
361	1	1.310572	0.1705105	0.09465581
361	2	-0.1446808	0.572528	0.3992708
361	3	0.8665728	0.2069513	1.041946
361	4	-0.1446808	0.572528	0.3992708
361	5	-0.1446808	0.572528	0.3992708
361	6	-0.1446808	0.572528	0.3992708
361	7	-0.1446808	0.572528	0.3992708
361	8	-0.1446808	0.572528	0.3992708
362	1	1.310572	0.1705105	0.09465581
362	2	-0.1446808	0.572528	0.3992708
362	3	0.8665728	0.2069513	1.041946
362	4	-0.1446808	0.572528	0.3992708
362	5	-0.1446808	0.572528	0.3992708
362	6	-0.1446808	0.572528	0.3992708
362	7	-0.1446808	0.572528	0.3992708
362	8	-0.1446808	0.572528	0.3992708
363	1	1.310572	0.1705105	0.09465581
363	2	-0.1446808	0.572528	0.3992708
363	3	0.8665728	0.2069513	1.041946
363	4	-0.1446808	0.572528	0.3992708
363	5	-0.1446808	0.572528	0.3992708
363	6	-0.1446808	0.572528	0.3992708
363	7	-0.1446808	0.572528	0.3992708
363	8	-0.1446808	0.572528	0.3992708
364	1	1.378358	0.1170975	0.4241994
364	2	-0.1298350	0.5682113	0.3982996
364	4	-0.1298350	0.5682113	0.3982996
364	5	-0.1298350	0.5682113	0.3982996
364	6	-0.1298350	0.5682113	0.3982996
364	7	-0.1298350	0.5682113	0.3982996
364	8	-0.1298350	0.5682113	0.3982996
365	1	1.353629	0.1244942	0.4237742
365	2	-0.1414437	0.5716835	0.3981007
365	4	-0.1251565	0.5668118	0.3983803
365	5	-0.1251565	0.5668118	0.3983803
365	6	-0.1251565	0.5668118	0.3983803
365	7	-0.1251565	0.5668118	0.3983803
365	8	-0.1251565	0.5668118	0.3983803
366	1	1.353629	0.1244942	0.4237742
366	2	-0.1414437	0.5716835	0.3981007
366	4	-0.1251565	0.5668118	0.3983803
366	5	-0.1251565	0.5668118	0.3983803
366	6	-0.1251565	0.5668118	0.3983803
366	7	-0.1251565	0.5668118	0.3983803
366	8	-0.1251565	0.5668118	0.3983803
367	1	1.353629	0.1244942	0.4237742
367	2	-0.1414437	0.5716835	0.3981007
367	4	-0.1251565	0.5668118	0.3983803
367	5	-0.1251565	0.5668118	0.3983803
367	6	-0.1251565	0.5668118	0.3983803
367	7	-0.1251565	0.5668118	0.3983803
367	8	-0.1251565	0.5668118	0.3983803
368	1	1.353629	0.1244942	0.4237742
368	2	-0.1414437	0.5716835	0.3981007
368	4	-0.1251565	0.5668118	0.3983803
368	5	-0.1251565	0.5668118	0.3983803
368	6	-0.1251565	0.5668118	0.3983803
368	7	-0.1251565	0.5668118	0.3983803
368	8	-0.1251565	0.5668118	0.3983803
369	1	1.353629	0.1244942	0.4237742
369	2	-0.1414437	0.5716835	0.3981007
369	4	-0.1251565	0.5668118	0.3983803
369	5	-0.1251565	0.5668118	0.3983803
369	6	-0.1251565	0.5668118	0.3983803
369	7	-0.1251565	0.5668118	0.3983803
369	8	-0.1251565	0.5668118	0.3983803
370	1	1.353629	0.1244942	0.4237742
370	2	-0.1414437	0.5716835	0.3981007
370	4	-0.1251565	0.5668118	0.3983803
370	5	-0.1251565	0.5668118	0.3983803
370	6	-0.1251565	0.5668118	0.3983803
370	7	-0.1251565	0.5668118	0.3983803
370	8	-0.1251565	0.5668118	0.3983803
371	1	1.353629	0.1244942	0.4237742
371	2	-0.1414437	0.5716835	0.3981007
371	4	-0.1251565	0.5668118	0.3983803
371	5	-0.1251565	0.5668118	0.3983803
371	6	-0.1251565	0.5668118	0.3983803
371	7	-0.1251565	0.5668118	0.3983803
371	8	-0.1251565	0.5668118	0.3983803
372	1	0.2965869	0.4807795	0.008103775
372	3	-0.3543236	0.6029324	0.7157651
372	4	1.068463	0.1907038	0.608011
372	5	1.068463	0.1907038	0.608011
372	6	1.068463	0.1907038	0.608011
372	7	1.068463	0.1907038	0.608011
372	8	1.068463	0.1907038	0.608011
373	1	0.2965869	0.4807795	0.008103775
373	3	-0.3543236	0.6029324	0.7157651
373	4	1.068463	0.1907038	0.608011
373	5	1.068463	0.1907038	0.608011
373	6	1.068463	0.1907038	0.608011
373	7	1.068463	0.1907038	0.608011
373	8	1.068463	0.1907038	0.608011
374	1	0.2965869	0.4807795	0.008103775
374	3	-0.3543236	0.6029324	0.7157651
374	4	1.068463	0.1907038	0.608011
374	5	1.068463	0.1907038	0.608011
374	6	1.068463	0.1907038	0.608011
374	7	1.068463	0.1907038	0.608011
374	8	1.068463	0.1907038	0.608011
375	1	0.2965869	0.4807795	0.008103775
375	3	-0.3543236	0.6029324	0.7157651
375	4	1.068463	0.1907038	0.608011
375	5	1.068463	0.1907038	0.608011
375	6	1.068463	0.1907038	0.608011
375	7	1.068463	0.1907038	0.608011
375	8	1.068463	0.1907038	0.608011
376	3	1.285362	0.1449132	0.4226024
376	5	-0.1888326	0.585858	0.3972864
377	3	1.235100	0.1599472	0.4217393
377	5	-0.1654123	0.5788528	0.3976886
378	3	1.185633	0.1747432	0.4208898
378	5	-0.1414435	0.5716835	0.3981002
379	3	1.185633	0.1747432	0.4208898
379	5	-0.1414435	0.5716835	0.3981002
380	1	0.5431905	0.294382	1.128510
380	2	-0.2669274	0.6009464	0.4779015
380	3	0.5431905	0.294382	1.128510
380	4	0.8175197	0.3230087	0.03642464
380	5	0.1953425	0.3808449	1.296762
380	6	0.8175197	0.3230087	0.03642464
380	7	0.8175197	0.3230087	0.03642464
380	8	0.8175197	0.3230087	0.03642464
381	1	0.8532315	0.2314609	0.8383832
381	2	-0.2477945	0.600768	0.4232876
381	3	0.8532315	0.2314609	0.8383832
381	4	1.144702	0.2121065	0.1712536
381	5	1.144702	0.2121065	0.1712536
381	6	1.144702	0.2121065	0.1712536
381	7	1.144702	0.2121065	0.1712536
381	8	1.144702	0.2121065	0.1712536
382	1	0.8532315	0.2314609	0.8383832
382	2	-0.2477945	0.600768	0.4232876
382	3	0.8532315	0.2314609	0.8383832
382	4	1.144702	0.2121065	0.1712536
382	5	1.144702	0.2121065	0.1712536
382	6	1.144702	0.2121065	0.1712536
382	7	1.144702	0.2121065	0.1712536
382	8	1.144702	0.2121065	0.1712536
383	1	0.8532315	0.2314609	0.8383832
383	2	-0.2477945	0.600768	0.4232876
383	3	0.8532315	0.2314609	0.8383832
383	4	1.144702	0.2121065	0.1712536
383	5	1.144702	0.2121065	0.1712536
383	6	1.144702	0.2121065	0.1712536
383	7	1.144702	0.2121065	0.1712536
383	8	1.144702	0.2121065	0.1712536
384	1	0.9089616	0.2200291	0.7874375
384	2	-0.2456019	0.600186	0.4225936
384	3	0.9089616	0.2200291	0.7874375
384	4	1.146609	0.2118972	0.1677092
384	6	1.146609	0.2118972	0.1677092
384	7	1.146609	0.2118972	0.1677092
384	8	1.146609	0.2118972	0.1677092
385	2	1.285362	0.1449132	0.4226024
385	3	-0.1888326	0.585858	0.3972864
386	2	1.285362	0.1449132	0.4226024
386	3	-0.1888326	0.585858	0.3972864
387	2	1.285362	0.1449132	0.4226024
387	3	-0.1888326	0.585858	0.3972864
388	2	1.285362	0.1449132	0.4226024
388	3	-0.1888326	0.585858	0.3972864
389	2	1.285362	0.1449132	0.4226024
389	3	-0.1888326	0.585858	0.3972864
390	2	1.285362	0.1449132	0.4226024
390	3	-0.1888326	0.585858	0.3972864
391	1	0.5987213	0.3918917	-0.001406981
391	2	-0.3431943	0.5868344	0.8424923
391	3	0.9646747	0.1960446	0.8609346
392	1	1.289073	0.1774554	0.08918987
392	2	-0.1475319	0.5734047	0.3989852
392	3	0.8323825	0.2150592	1.062355
392	4	-0.1498382	0.574094	0.3989506
392	6	-0.1498382	0.574094	0.3989506
392	7	-0.1498382	0.574094	0.3989506
392	8	-0.1498382	0.574094	0.3989506
393	1	1.400516	0.1107981	0.4213256
393	2	-0.2821947	0.5528658	0.9993488
393	4	-0.06674965	0.5620149	0.2737993
393	6	-0.06674965	0.5620149	0.2737993
393	7	-0.06674965	0.5620149	0.2737993
393	8	-0.06674965	0.5620149	0.2737993
394	1	1.400534	0.1106438	0.4228026
394	2	-0.2443706	0.5696229	0.7218315
394	4	-0.1016122	0.5666025	0.3310736
394	6	-0.1016122	0.5666025	0.3310736
394	7	-0.1016122	0.5666025	0.3310736
394	8	-0.1016122	0.5666025	0.3310736
395	1	1.400534	0.1106438	0.4228026
395	2	-0.2443706	0.5696229	0.7218315
395	4	-0.1016122	0.5666025	0.3310736
395	6	-0.1016122	0.5666025	0.3310736
395	7	-0.1016122	0.5666025	0.3310736
395	8	-0.1016122	0.5666025	0.3310736
396	1	1.409041	0.1081308	0.4226361
396	2	-0.2519521	0.5655812	0.7842245
396	4	-0.09911842	0.5655947	0.3337116
396	5	-0.09911842	0.5655947	0.3337116
396	6	-0.09911842	0.5655947	0.3337116
396	7	-0.09911842	0.5655947	0.3337116
396	8	-0.09911842	0.5655947	0.3337116
397	1	1.120904	0.1941041	0.4197782
397	2	1.120904	0.1941041	0.4197782
397	3	1.120904	0.1941041	0.4197782
397	4	1.120904	0.1941041	0.4197782
397	5	1.120904	0.1941041	0.4197782
397	6	1.120904	0.1941041	0.4197782
397	7	1.120904	0.1941041	0.4197782
397	8	1.120904	0.1941041	0.4197782
398	1	1.120904	0.1941041	0.4197782
398	2	1.120904	0.1941041	0.4197782
398	3	1.120904	0.1941041	0.4197782
398	4	1.120904	0.1941041	0.4197782
398	5	1.120904	0.1941041	0.4197782
398	6	1.120904	0.1941041	0.4197782
398	7	1.120904	0.1941041	0.4197782
398	8	1.120904	0.1941041	0.4197782
399	1	1.120904	0.1941041	0.4197782
399	2	1.120904	0.1941041	0.4197782
399	3	1.120904	0.1941041	0.4197782
399	4	1.120904	0.1941041	0.4197782
399	5	1.120904	0.1941041	0.4197782
399	6	1.120904	0.1941041	0.4197782
399	7	1.120904	0.1941041	0.4197782
399	8	1.120904	0.1941041	0.4197782
400	1	1.120904	0.1941041	0.4197782
400	2	1.120904	0.1941041	0.4197782
400	3	1.120904	0.1941041	0.4197782
400	4	1.120904	0.1941041	0.4197782
400	5	1.120904	0.1941041	0.4197782
400	6	1.120904	0.1941041	0.4197782
400	7	1.120904	0.1941041	0.4197782
400	8	1.120904	0.1941041	0.4197782
401	1	1.120904	0.1941041	0.4197782
401	2	1.120904	0.1941041	0.4197782
401	3	1.120904	0.1941041	0.4197782
401	4	1.120904	0.1941041	0.4197782
401	5	1.120904	0.1941041	0.4197782
401	6	1.120904	0.1941041	0.4197782
401	7	1.120904	0.1941041	0.4197782
401	8	1.120904	0.1941041	0.4197782
402	1	1.120904	0.1941041	0.4197782
402	2	1.120904	0.1941041	0.4197782
402	3	1.120904	0.1941041	0.4197782
402	4	1.120904	0.1941041	0.4197782
402	5	1.120904	0.1941041	0.4197782
402	6	1.120904	0.1941041	0.4197782
402	7	1.120904	0.1941041	0.4197782
402	8	1.120904	0.1941041	0.4197782
403	1	1.120904	0.1941041	0.4197782
403	2	1.120904	0.1941041	0.4197782
403	3	1.120904	0.1941041	0.4197782
403	4	1.120904	0.1941041	0.4197782
403	5	1.120904	0.1941041	0.4197782
403	6	1.120904	0.1941041	0.4197782
403	7	1.120904	0.1941041	0.4197782
403	8	1.120904	0.1941041	0.4197782
404	1	1.120904	0.1941041	0.4197782
404	2	1.120904	0.1941041	0.4197782
404	3	1.120904	0.1941041	0.4197782
404	4	1.120904	0.1941041	0.4197782
404	5	1.120904	0.1941041	0.4197782
404	6	1.120904	0.1941041	0.4197782
404	7	1.120904	0.1941041	0.4197782
404	8	1.120904	0.1941041	0.4197782
405	1	-0.1107013	0.5624882	0.3986283
405	2	-0.1107013	0.5624882	0.3986283
405	3	-0.1107013	0.5624882	0.3986283
405	4	-0.1107013	0.5624882	0.3986283
405	5	-0.1107013	0.5624882	0.3986283
405	6	1.149051	0.1856851	0.4202614
405	7	-0.1107013	0.5624882	0.3986283
405	8	-0.1107013	0.5624882	0.3986283
408	1	1.195594	0.1571665	0.5657128
408	5	-0.1970752	0.5834938	0.4450037
408	6	1.111698	0.2275468	0.1155057
408	7	-0.1970752	0.5834938	0.4450037
408	8	1.196306	0.1750304	0.3865904
409	1	1.195594	0.1571665	0.5657128
409	5	-0.1970752	0.5834938	0.4450037
409	6	1.111698	0.2275468	0.1155057
409	7	-0.1970752	0.5834938	0.4450037
409	8	1.196306	0.1750304	0.3865904
410	1	0.9465499	0.2854018	0.0288579
410	2	-0.1899190	0.5836526	0.4223421
410	3	-0.1620386	0.5884536	0.2926066
410	5	0.2070698	0.3699227	1.370437
410	6	1.239366	0.1812787	0.1977809
410	7	0.2070698	0.3699227	1.370437
410	8	1.231059	0.1860487	0.1749917
411	1	0.9465499	0.2854018	0.0288579
411	2	-0.1899190	0.5836526	0.4223421
411	3	-0.1620386	0.5884536	0.2926066
411	5	0.2070698	0.3699227	1.370437
411	6	1.239366	0.1812787	0.1977809
411	7	0.2070698	0.3699227	1.370437
411	8	1.231059	0.1860487	0.1749917
412	1	0.9090119	0.2971199	0.02335527
412	2	-0.1995902	0.5841837	0.4455786
412	3	-0.1746905	0.5899787	0.3147767
412	5	0.257774	0.3574783	1.344337
412	6	1.239790	0.1796404	0.2127662
412	7	0.257774	0.3574783	1.344337
412	8	1.215909	0.1924963	0.1557457
413	1	0.9235523	0.2920291	0.03095451
413	2	-0.2169324	0.5852384	0.4862325
413	3	-0.1885901	0.5916177	0.3394954
413	5	0.3767271	0.3298083	1.267997
413	6	1.225288	0.1853994	0.1984342
413	7	0.3767271	0.3298083	1.267997
413	8	1.179848	0.2060298	0.1279007
414	1	0.9235523	0.2920291	0.03095451
414	2	-0.2169324	0.5852384	0.4862325
414	3	-0.1885901	0.5916177	0.3394954
414	5	0.3767271	0.3298083	1.267997
414	6	1.225288	0.1853994	0.1984342
414	7	0.3767271	0.3298083	1.267997
414	8	1.179848	0.2060298	0.1279007
415	1	0.9893622	0.2708566	0.04683232
415	2	-0.247731	0.5882139	0.5475059
415	3	-0.1604141	0.5878529	0.2937723
415	4	1.129263	0.2225364	0.1133941
415	5	0.2730447	0.3539066	1.334731
415	6	1.177548	0.2026568	0.1681037
415	7	0.2730447	0.3539066	1.334731
415	8	1.129263	0.2225364	0.1133941
416	1	-0.2760364	0.5549343	0.9607032
416	2	-0.2657657	0.5256665	1.220467
416	3	1.352109	0.1181160	0.4914577
416	4	0.3370734	0.4657359	0.03787076
416	5	-0.2351635	0.5722016	0.6691457
416	6	0.5596806	0.4018118	0.01533700
416	7	-0.2351635	0.5722016	0.6691457
416	8	0.3370734	0.4657359	0.03787076
417	1	-0.2760364	0.5549343	0.9607032
417	2	-0.2657657	0.5256665	1.220467
417	3	1.352109	0.1181160	0.4914577
417	4	0.3370734	0.4657359	0.03787076
417	5	-0.2351635	0.5722016	0.6691457
417	6	0.5596806	0.4018118	0.01533700
417	7	-0.2351635	0.5722016	0.6691457
417	8	0.3370734	0.4657359	0.03787076
418	1	-0.2760364	0.5549343	0.9607032
418	2	-0.2657657	0.5256665	1.220467
418	3	1.352109	0.1181160	0.4914577
418	4	0.3370734	0.4657359	0.03787076
418	5	-0.2351635	0.5722016	0.6691457
418	6	0.5596806	0.4018118	0.01533700
418	7	-0.2351635	0.5722016	0.6691457
418	8	0.3370734	0.4657359	0.03787076
419	1	0.8701836	0.3083623	0.02637046
419	2	1.002849	0.2657351	0.05783951
419	3	-0.2041611	0.5959954	0.3420005
419	5	0.7672362	0.2486116	0.9218435
419	6	-0.03259049	0.4428748	1.353760
419	7	0.7672362	0.2486116	0.9218435
419	8	0.1994646	0.3820261	1.272909
420	1	0.8701836	0.3083623	0.02637046
420	2	1.002849	0.2657351	0.05783951
420	3	-0.2041611	0.5959954	0.3420005
420	5	0.7672362	0.2486116	0.9218435
420	6	-0.03259049	0.4428748	1.353760
420	7	0.7672362	0.2486116	0.9218435
420	8	0.1994646	0.3820261	1.272909
421	1	-0.2639062	0.5698453	0.7771958
421	2	-0.2639062	0.5698453	0.7771958
421	3	1.327936	0.1209185	0.5349215
421	5	-0.2639062	0.5698453	0.7771958
421	6	0.6359754	0.3791903	0.01467570
421	7	-0.2639062	0.5698453	0.7771958
421	8	0.5194806	0.4132927	0.02003024
422	1	-0.2639062	0.5698453	0.7771958
422	2	-0.2639062	0.5698453	0.7771958
422	3	1.327936	0.1209185	0.5349215
422	5	-0.2639062	0.5698453	0.7771958
422	6	0.6359754	0.3791903	0.01467570
422	7	-0.2639062	0.5698453	0.7771958
422	8	0.5194806	0.4132927	0.02003024
423	1	-0.2214075	0.5738599	0.6121754
423	2	-0.2214075	0.5738599	0.6121754
423	3	1.365941	0.1159848	0.4718146
423	5	-0.2214075	0.5738599	0.6121754
423	7	-0.2214075	0.5738599	0.6121754
423	8	0.5367967	0.4086182	0.01532462
424	1	-0.2214075	0.5738599	0.6121754
424	2	-0.2214075	0.5738599	0.6121754
424	3	1.365941	0.1159848	0.4718146
424	5	-0.2214075	0.5738599	0.6121754
424	7	-0.2214075	0.5738599	0.6121754
424	8	0.5367967	0.4086182	0.01532462
425	1	-0.2214075	0.5738599	0.6121754
425	2	-0.2214075	0.5738599	0.6121754
425	3	1.365941	0.1159848	0.4718146
425	5	-0.2214075	0.5738599	0.6121754
425	7	-0.2214075	0.5738599	0.6121754
425	8	0.5367967	0.4086182	0.01532462
426	1	-0.2610944	0.5694461	0.7728653
426	2	-0.2610944	0.5694461	0.7728653
426	3	1.348618	0.1177430	0.5054418
426	4	0.5290247	0.4106289	0.01830235
426	5	-0.2610944	0.5694461	0.7728653
426	7	-0.2610944	0.5694461	0.7728653
426	8	0.5290247	0.4106289	0.01830235
428	1	-0.2604027	0.5691602	0.7736608
428	2	-0.2604027	0.5691602	0.7736608
428	3	1.352508	0.1173439	0.497934
428	4	0.5088159	0.4165619	0.01906101
428	5	-0.2604027	0.5691602	0.7736608
428	7	-0.2604027	0.5691602	0.7736608
428	8	0.5088159	0.4165619	0.01906101
429	1	-0.2604027	0.5691602	0.7736608
429	2	-0.2604027	0.5691602	0.7736608
429	3	1.352508	0.1173439	0.497934
429	4	0.5088159	0.4165619	0.01906101
429	5	-0.2604027	0.5691602	0.7736608
429	7	-0.2604027	0.5691602	0.7736608
429	8	0.5088159	0.4165619	0.01906101
430	1	-0.28714	0.5628304	0.9151773
430	2	-0.28714	0.5628304	0.9151773
430	3	1.351771	0.1182126	0.491496
430	4	0.4129075	0.4443883	0.02594314
430	6	0.2064709	0.5013183	0.07013258
430	7	-0.2791044	0.5650854	0.8691507
430	8	0.4129075	0.4443883	0.02594314
431	1	-0.28714	0.5628304	0.9151773
431	2	-0.28714	0.5628304	0.9151773
431	3	1.351771	0.1182126	0.491496
431	4	0.4129075	0.4443883	0.02594314
431	6	0.2064709	0.5013183	0.07013258
431	7	-0.2791044	0.5650854	0.8691507
431	8	0.4129075	0.4443883	0.02594314
432	1	-0.28714	0.5628304	0.9151773
432	2	-0.28714	0.5628304	0.9151773
432	3	1.351771	0.1182126	0.491496
432	4	0.4129075	0.4443883	0.02594314
432	6	0.2064709	0.5013183	0.07013258
432	7	-0.2791044	0.5650854	0.8691507
432	8	0.4129075	0.4443883	0.02594314
433	2	0.5414169	0.2887399	1.189648
433	3	-0.2068631	0.5910245	0.3992214
433	4	1.071465	0.2455413	0.05574822
434	2	-0.1528025	0.4650199	1.488560
434	3	1.390611	0.1280481	0.2795756
434	4	0.02673764	0.5483703	0.1335168
434	6	0.02673764	0.5483703	0.1335168
435	2	-0.1528025	0.4650199	1.488560
435	3	1.390611	0.1280481	0.2795756
435	4	0.02673764	0.5483703	0.1335168
435	6	0.02673764	0.5483703	0.1335168
436	2	-0.1528025	0.4650199	1.488560
436	3	1.390611	0.1280481	0.2795756
436	4	0.02673764	0.5483703	0.1335168
436	6	0.02673764	0.5483703	0.1335168
437	2	-0.1528025	0.4650199	1.488560
437	3	1.390611	0.1280481	0.2795756
437	4	0.02673764	0.5483703	0.1335168
437	6	0.02673764	0.5483703	0.1335168
438	2	-0.1528025	0.4650199	1.488560
438	3	1.390611	0.1280481	0.2795756
438	4	0.02673764	0.5483703	0.1335168
438	6	0.02673764	0.5483703	0.1335168
439	2	-0.1528025	0.4650199	1.488560
439	3	1.390611	0.1280481	0.2795756
439	4	0.02673764	0.5483703	0.1335168
439	6	0.02673764	0.5483703	0.1335168
440	2	-0.1528025	0.4650199	1.488560
440	3	1.390611	0.1280481	0.2795756
440	4	0.02673764	0.5483703	0.1335168
440	6	0.02673764	0.5483703	0.1335168
441	2	-0.1528025	0.4650199	1.488560
441	3	1.390611	0.1280481	0.2795756
441	4	0.02673764	0.5483703	0.1335168
441	6	0.02673764	0.5483703	0.1335168
442	2	-0.1528025	0.4650199	1.488560
442	3	1.390611	0.1280481	0.2795756
442	4	0.02673764	0.5483703	0.1335168
442	6	0.02673764	0.5483703	0.1335168
443	2	-0.1528025	0.4650199	1.488560
443	3	1.390611	0.1280481	0.2795756
443	4	0.02673764	0.5483703	0.1335168
443	6	0.02673764	0.5483703	0.1335168
444	1	1.026088	0.1990123	0.6505499
444	2	0.398213	0.451412	-0.0003560928
444	3	-0.3235914	0.6015299	0.6391
444	4	1.090821	0.1852422	0.596247
444	6	1.131986	0.1797036	0.5298233
444	7	0.03078053	0.4289205	1.305295
444	8	1.090821	0.1852422	0.596247
445	1	1.026088	0.1990123	0.6505499
445	2	0.398213	0.451412	-0.0003560928
445	3	-0.3235914	0.6015299	0.6391
445	4	1.090821	0.1852422	0.596247
445	6	1.131986	0.1797036	0.5298233
445	7	0.03078053	0.4289205	1.305295
445	8	1.090821	0.1852422	0.596247
446	1	1.026088	0.1990123	0.6505499
446	2	0.398213	0.451412	-0.0003560928
446	3	-0.3235914	0.6015299	0.6391
446	4	1.090821	0.1852422	0.596247
446	6	1.131986	0.1797036	0.5298233
446	7	0.03078053	0.4289205	1.305295
446	8	1.090821	0.1852422	0.596247
447	1	1.026088	0.1990123	0.6505499
447	2	0.398213	0.451412	-0.0003560928
447	3	-0.3235914	0.6015299	0.6391
447	4	1.090821	0.1852422	0.596247
447	6	1.131986	0.1797036	0.5298233
447	7	0.03078053	0.4289205	1.305295
447	8	1.090821	0.1852422	0.596247
448	1	1.026088	0.1990123	0.6505499
448	2	0.398213	0.451412	-0.0003560928
448	3	-0.3235914	0.6015299	0.6391
448	4	1.090821	0.1852422	0.596247
448	6	1.131986	0.1797036	0.5298233
448	7	0.03078053	0.4289205	1.305295
448	8	1.090821	0.1852422	0.596247
449	1	1.104722	0.1849285	0.5583903
449	2	0.3600615	0.4626444	0.0007627577
449	3	-0.3285238	0.6017609	0.651346
449	4	1.149007	0.1769359	0.5070926
449	5	0.1689935	0.3916311	1.267523
449	6	1.184067	0.1738026	0.4348259
449	7	0.1689935	0.3916311	1.267523
449	8	1.149007	0.1769359	0.5070926
450	1	1.153886	0.1753992	0.5079411
450	2	0.3714059	0.4593275	0.0002019961
450	3	-0.33315	0.6005908	0.6765742
450	4	1.154992	0.1748757	0.5098709
450	5	0.4183829	0.3293361	1.149922
450	7	0.4183829	0.3293361	1.149922
450	8	1.154992	0.1748757	0.5098709
451	1	0.8832922	0.2285494	0.7786494
451	2	-0.2186938	0.5942841	0.4017836
451	3	0.8832922	0.2285494	0.7786494
451	4	1.015273	0.2595328	0.08268988
451	5	0.8832922	0.2285494	0.7786494
451	7	0.8832922	0.2285494	0.7786494
451	8	1.015273	0.2595328	0.08268988
452	1	1.163902	0.1812432	0.420516
452	2	-0.2142197	0.5934514	0.3968512
452	3	1.163902	0.1812432	0.4205160
452	5	1.163902	0.1812432	0.4205160
452	7	1.163902	0.1812432	0.4205160
452	8	1.163902	0.1812432	0.4205160
453	1	1.153094	0.1844758	0.4203302
453	2	-0.2192176	0.5949463	0.3967656
453	3	1.153094	0.1844758	0.4203302
453	4	1.153094	0.1844758	0.4203302
453	5	1.153094	0.1844758	0.4203302
453	6	1.153094	0.1844758	0.4203302
453	7	1.153094	0.1844758	0.4203302
453	8	1.153094	0.1844758	0.4203302
454	1	1.153094	0.1844758	0.4203302
454	2	-0.2192176	0.5949463	0.3967656
454	3	1.153094	0.1844758	0.4203302
454	4	1.153094	0.1844758	0.4203302
454	5	1.153094	0.1844758	0.4203302
454	6	1.153094	0.1844758	0.4203302
454	7	1.153094	0.1844758	0.4203302
454	8	1.153094	0.1844758	0.4203302
455	1	1.153094	0.1844758	0.4203302
455	2	-0.2192176	0.5949463	0.3967656
455	3	1.153094	0.1844758	0.4203302
455	4	1.153094	0.1844758	0.4203302
455	5	1.153094	0.1844758	0.4203302
455	6	1.153094	0.1844758	0.4203302
455	7	1.153094	0.1844758	0.4203302
455	8	1.153094	0.1844758	0.4203302
456	1	1.153094	0.1844758	0.4203302
456	2	-0.2192176	0.5949463	0.3967656
456	3	1.153094	0.1844758	0.4203302
456	4	1.153094	0.1844758	0.4203302
456	5	1.153094	0.1844758	0.4203302
456	6	1.153094	0.1844758	0.4203302
456	7	1.153094	0.1844758	0.4203302
456	8	1.153094	0.1844758	0.4203302
457	1	1.153094	0.1844758	0.4203302
457	2	-0.2192176	0.5949463	0.3967656
457	3	1.153094	0.1844758	0.4203302
457	4	1.153094	0.1844758	0.4203302
457	5	1.153094	0.1844758	0.4203302
457	6	1.153094	0.1844758	0.4203302
457	7	1.153094	0.1844758	0.4203302
457	8	1.153094	0.1844758	0.4203302
458	1	1.153094	0.1844758	0.4203302
458	2	-0.2192176	0.5949463	0.3967656
458	3	1.153094	0.1844758	0.4203302
458	4	1.153094	0.1844758	0.4203302
458	5	1.153094	0.1844758	0.4203302
458	6	1.153094	0.1844758	0.4203302
458	7	1.153094	0.1844758	0.4203302
458	8	1.153094	0.1844758	0.4203302
459	1	1.153094	0.1844758	0.4203302
459	2	-0.2192176	0.5949463	0.3967656
459	3	1.153094	0.1844758	0.4203302
459	4	1.153094	0.1844758	0.4203302
459	5	1.153094	0.1844758	0.4203302
459	6	1.153094	0.1844758	0.4203302
459	7	1.153094	0.1844758	0.4203302
459	8	1.153094	0.1844758	0.4203302
460	1	1.153094	0.1844758	0.4203302
460	2	-0.2192176	0.5949463	0.3967656
460	3	1.153094	0.1844758	0.4203302
460	4	1.153094	0.1844758	0.4203302
460	5	1.153094	0.1844758	0.4203302
460	6	1.153094	0.1844758	0.4203302
460	7	1.153094	0.1844758	0.4203302
460	8	1.153094	0.1844758	0.4203302
461	1	1.153094	0.1844758	0.4203302
461	2	-0.2192176	0.5949463	0.3967656
461	3	1.153094	0.1844758	0.4203302
461	4	1.153094	0.1844758	0.4203302
461	5	1.153094	0.1844758	0.4203302
461	6	1.153094	0.1844758	0.4203302
461	7	1.153094	0.1844758	0.4203302
461	8	1.153094	0.1844758	0.4203302
462	1	1.153094	0.1844758	0.4203302
462	2	-0.2192176	0.5949463	0.3967656
462	3	1.153094	0.1844758	0.4203302
462	4	1.153094	0.1844758	0.4203302
462	5	1.153094	0.1844758	0.4203302
462	6	1.153094	0.1844758	0.4203302
462	7	1.153094	0.1844758	0.4203302
462	8	1.153094	0.1844758	0.4203302
463	1	1.120904	0.1941041	0.4197782
463	3	1.120904	0.1941041	0.4197782
463	4	1.120904	0.1941041	0.4197782
463	5	1.120904	0.1941041	0.4197782
463	6	1.120904	0.1941041	0.4197782
463	7	1.120904	0.1941041	0.4197782
463	8	1.120904	0.1941041	0.4197782
464	1	1.120904	0.1941041	0.4197782
464	3	1.120904	0.1941041	0.4197782
464	4	1.120904	0.1941041	0.4197782
464	5	1.120904	0.1941041	0.4197782
464	6	1.120904	0.1941041	0.4197782
464	7	1.120904	0.1941041	0.4197782
464	8	1.120904	0.1941041	0.4197782
465	1	1.120904	0.1941041	0.4197782
465	3	1.120904	0.1941041	0.4197782
465	4	1.120904	0.1941041	0.4197782
465	5	1.120904	0.1941041	0.4197782
465	6	1.120904	0.1941041	0.4197782
465	7	1.120904	0.1941041	0.4197782
465	8	1.120904	0.1941041	0.4197782
466	1	1.120904	0.1941041	0.4197782
466	3	1.120904	0.1941041	0.4197782
466	4	1.120904	0.1941041	0.4197782
466	5	1.120904	0.1941041	0.4197782
466	6	1.120904	0.1941041	0.4197782
466	7	1.120904	0.1941041	0.4197782
466	8	1.120904	0.1941041	0.4197782
467	1	-0.1274985	0.5675123	0.3983403
467	3	-0.1274985	0.5675123	0.3983403
467	4	-0.1274985	0.5675123	0.3983403
467	5	1.213803	0.1663174	0.4213728
467	6	-0.1274985	0.5675123	0.3983403
467	7	1.213803	0.1663174	0.4213728
467	8	-0.1274985	0.5675123	0.3983403
468	5	1.120904	0.1941041	0.4197782
468	7	1.120904	0.1941041	0.4197782
469	5	1.120904	0.1941041	0.4197782
469	7	1.120904	0.1941041	0.4197782
470	5	1.120904	0.1941041	0.4197782
470	7	1.120904	0.1941041	0.4197782
475	1	-0.1306129	0.568444	0.3982864
475	3	-0.1306130	0.568444	0.3982864
475	4	-0.1306129	0.568444	0.3982864
475	5	1.342151	0.1279272	0.4235774
475	6	-0.1306130	0.568444	0.3982864
475	8	-0.1306130	0.568444	0.3982864
476	1	-0.1306129	0.568444	0.3982864
476	3	-0.1306130	0.568444	0.3982864
476	4	-0.1306129	0.568444	0.3982864
476	5	1.342151	0.1279272	0.4235774
476	6	-0.1306130	0.568444	0.3982864
476	8	-0.1306130	0.568444	0.3982864
477	1	-0.1306129	0.568444	0.3982864
477	3	-0.1306130	0.568444	0.3982864
477	4	-0.1306129	0.568444	0.3982864
477	5	1.342151	0.1279272	0.4235774
477	6	-0.1306130	0.568444	0.3982864
477	8	-0.1306130	0.568444	0.3982864
478	1	-0.220993	0.5772193	0.5776639
478	3	-0.220993	0.5772193	0.5776639
478	4	0.1725169	0.5109188	0.07505342
478	5	1.324114	0.1311449	0.4448452
479	1	-0.220993	0.5772193	0.5776639
479	3	-0.220993	0.5772193	0.5776639
479	4	0.1725169	0.5109188	0.07505342
479	5	1.324114	0.1311449	0.4448452
480	1	-0.1910352	0.5865167	0.3972496
480	3	-0.1910352	0.5865167	0.3972496
480	4	-0.1517839	0.5747763	0.3979236
480	5	1.246995	0.1563893	0.4219425
480	6	1.213803	0.1663174	0.4213726
480	7	1.246995	0.1563893	0.4219425
480	8	1.197339	0.1712418	0.4210899
481	1	-0.1910352	0.5865167	0.3972496
481	3	-0.1910352	0.5865167	0.3972496
481	4	-0.1517839	0.5747763	0.3979236
481	5	1.246995	0.1563893	0.4219425
481	6	1.213803	0.1663174	0.4213726
481	7	1.246995	0.1563893	0.4219425
481	8	1.197339	0.1712418	0.4210899
482	1	-0.1910352	0.5865167	0.3972496
482	3	-0.1910352	0.5865167	0.3972496
482	4	-0.1517839	0.5747763	0.3979236
482	5	1.246995	0.1563893	0.4219425
482	6	1.213803	0.1663174	0.4213726
482	7	1.246995	0.1563893	0.4219425
482	8	1.197339	0.1712418	0.4210899
483	1	-0.2341308	0.5895128	0.4945558
483	3	-0.2341308	0.5895128	0.4945558
483	4	0.1112546	0.5276204	0.09007971
483	5	1.220952	0.1594277	0.4685790
483	6	1.199826	0.1681082	0.4448141
483	7	1.220952	0.1594277	0.4685790
483	8	1.192035	0.1722338	0.4268917
484	1	-0.2341308	0.5895128	0.4945558
484	3	-0.2341308	0.5895128	0.4945558
484	4	0.1112546	0.5276204	0.09007971
484	5	1.220952	0.1594277	0.4685790
484	6	1.199826	0.1681082	0.4448141
484	7	1.220952	0.1594277	0.4685790
484	8	1.192035	0.1722338	0.4268917
485	1	1.274827	0.1480649	0.4224181
485	2	-0.1624479	0.5779657	0.3977427
485	3	1.274827	0.1480649	0.4224181
485	4	1.142999	0.1874958	0.4201547
485	5	-0.1624479	0.5779657	0.3977427
485	6	-0.1220762	0.5658902	0.3984357
485	7	-0.1624478	0.5779657	0.3977427
485	8	1.142999	0.1874958	0.4201547
486	1	1.274827	0.1480649	0.4224181
486	2	-0.1624479	0.5779657	0.3977427
486	3	1.274827	0.1480649	0.4224181
486	4	1.142999	0.1874958	0.4201547
486	5	-0.1624479	0.5779657	0.3977427
486	6	-0.1220762	0.5658902	0.3984357
486	7	-0.1624478	0.5779657	0.3977427
486	8	1.142999	0.1874958	0.4201547
487	1	1.274827	0.1480649	0.4224181
487	2	-0.1624479	0.5779657	0.3977427
487	3	1.274827	0.1480649	0.4224181
487	4	1.142999	0.1874958	0.4201547
487	5	-0.1624479	0.5779657	0.3977427
487	6	-0.1220762	0.5658902	0.3984357
487	7	-0.1624478	0.5779657	0.3977427
487	8	1.142999	0.1874958	0.4201547
488	1	1.274827	0.1480649	0.4224181
488	2	-0.1624479	0.5779657	0.3977427
488	3	1.274827	0.1480649	0.4224181
488	4	1.142999	0.1874958	0.4201547
488	5	-0.1624479	0.5779657	0.3977427
488	6	-0.1220762	0.5658902	0.3984357
488	7	-0.1624478	0.5779657	0.3977427
488	8	1.142999	0.1874958	0.4201547
489	1	1.274827	0.1480649	0.4224181
489	2	-0.1624479	0.5779657	0.3977427
489	3	1.274827	0.1480649	0.4224181
489	4	1.142999	0.1874958	0.4201547
489	5	-0.1624479	0.5779657	0.3977427
489	6	-0.1220762	0.5658902	0.3984357
489	7	-0.1624478	0.5779657	0.3977427
489	8	1.142999	0.1874958	0.4201547
490	1	1.274827	0.1480649	0.4224181
490	2	-0.1624479	0.5779657	0.3977427
490	3	1.274827	0.1480649	0.4224181
490	4	1.142999	0.1874958	0.4201547
490	5	-0.1624479	0.5779657	0.3977427
490	6	-0.1220762	0.5658902	0.3984357
490	7	-0.1624478	0.5779657	0.3977427
490	8	1.142999	0.1874958	0.4201547
491	1	1.231862	0.1506283	0.5236254
491	2	-0.2473277	0.5787537	0.6400636
491	3	1.231862	0.1506283	0.5236254
491	4	0.4985411	0.4192406	0.02279469
491	5	-0.2473277	0.5787537	0.6400636
491	6	0.04481263	0.5398868	0.1643199
491	7	-0.2473277	0.5787537	0.6400636
491	8	0.4985411	0.4192406	0.02279469
492	1	1.229702	0.1516078	0.5202846
492	2	-0.2403339	0.5796831	0.6102435
492	3	1.229702	0.1516078	0.5202846
492	4	0.4702222	0.4276248	0.02316335
492	5	-0.2403339	0.5796831	0.6102435
492	7	-0.2403339	0.5796831	0.6102435
492	8	0.4702222	0.4276248	0.02316335
500	3	1.251765	0.1549624	0.4220255
500	7	-0.1732797	0.581206	0.3975535
501	3	1.251765	0.1549624	0.4220255
501	7	-0.1732797	0.581206	0.3975535
502	3	1.251765	0.1549624	0.4220255
502	7	-0.1732797	0.581206	0.3975535
503	3	1.326737	0.1326887	0.4218172
503	4	0.2003644	0.5041132	0.0604315
503	5	-0.2839668	0.5441041	1.091395
503	7	-0.2839668	0.5441041	1.091395
503	8	0.2003644	0.5041132	0.0604315
504	1	1.419153	0.1229013	0.2464671
504	3	0.1518999	0.3773314	1.459598
504	4	-0.049214	0.5605819	0.2363248
504	5	-0.1072056	0.5686401	0.3273639
504	6	0.3770938	0.4545103	0.03117665
504	7	-0.1072056	0.5686401	0.3273639
504	8	-0.049214	0.5605819	0.2363248
505	1	1.425651	0.1234199	0.2221803
505	2	-0.1611282	0.4930679	1.235153
505	3	0.2257443	0.3592615	1.421053
505	4	-0.03719376	0.5582385	0.2241249
505	5	0.02511048	0.5458736	0.1630533
505	6	-0.008736501	0.5527347	0.1948047
505	7	0.02511048	0.5458736	0.1630533
505	8	-0.03719376	0.5582385	0.2241249
506	1	1.425651	0.1234199	0.2221803
506	2	-0.1611282	0.4930679	1.235153
506	3	0.2257443	0.3592615	1.421053
506	4	-0.03719376	0.5582385	0.2241249
506	5	0.02511048	0.5458736	0.1630533
506	6	-0.008736501	0.5527347	0.1948047
506	7	0.02511048	0.5458736	0.1630533
506	8	-0.03719376	0.5582385	0.2241249
507	1	1.425651	0.1234199	0.2221803
507	2	-0.1611282	0.4930679	1.235153
507	3	0.2257443	0.3592615	1.421053
507	4	-0.03719376	0.5582385	0.2241249
507	5	0.02511048	0.5458736	0.1630533
507	6	-0.008736501	0.5527347	0.1948047
507	7	0.02511048	0.5458736	0.1630533
507	8	-0.03719376	0.5582385	0.2241249
508	1	1.425651	0.1234199	0.2221803
508	2	-0.1611282	0.4930679	1.235153
508	3	0.2257443	0.3592615	1.421053
508	4	-0.03719376	0.5582385	0.2241249
508	5	0.02511048	0.5458736	0.1630533
508	6	-0.008736501	0.5527347	0.1948047
508	7	0.02511048	0.5458736	0.1630533
508	8	-0.03719376	0.5582385	0.2241249
509	1	1.419957	0.1239407	0.2337987
509	2	-0.2062895	0.5107479	1.193035
509	3	0.1381813	0.3824292	1.449508
509	4	-0.03388105	0.5580664	0.2160676
509	5	0.04125392	0.5432561	0.1414189
509	6	-0.003720695	0.552158	0.1857388
509	7	0.04125392	0.5432561	0.1414189
510	1	1.419957	0.1239407	0.2337987
510	2	-0.2062895	0.5107479	1.193035
510	3	0.1381813	0.3824292	1.449508
510	4	-0.03388105	0.5580664	0.2160676
510	5	0.04125392	0.5432561	0.1414189
510	6	-0.003720695	0.552158	0.1857388
510	7	0.04125392	0.5432561	0.1414189
511	1	1.421408	0.1230953	0.2379020
511	2	-0.09191973	0.4620349	1.338727
511	3	0.2148507	0.3641787	1.404429
511	4	-0.06902298	0.5636281	0.2645126
511	5	-0.03611153	0.5579371	0.2239224
511	6	-0.04796665	0.5598037	0.2403607
511	7	-0.03611153	0.5579371	0.2239224
511	8	0.3489948	0.4632808	0.02706854
512	1	1.425651	0.1234199	0.2221803
512	2	-0.1611282	0.4930679	1.235153
512	3	0.2257443	0.3592615	1.421053
512	4	-0.03719376	0.5582385	0.2241249
512	5	0.02511048	0.5458736	0.1630533
512	6	-0.008736501	0.5527347	0.1948047
512	7	0.02511048	0.5458736	0.1630533
512	8	-0.03719376	0.5582385	0.2241249
513	1	1.277744	0.1418681	0.4752287
513	2	0.522638	0.4137634	0.006061253
513	3	1.277744	0.1418681	0.4752287
513	4	-0.05286758	0.5614389	0.238599
513	5	-0.3017706	0.5500939	1.084504
513	6	-0.1778282	0.5743896	0.4785047
513	7	-0.3017706	0.5500939	1.084504
513	8	-0.05286758	0.5614389	0.238599
514	1	1.277744	0.1418681	0.4752287
514	2	0.522638	0.4137634	0.006061253
514	3	1.277744	0.1418681	0.4752287
514	4	-0.05286758	0.5614389	0.238599
514	5	-0.3017706	0.5500939	1.084504
514	6	-0.1778282	0.5743896	0.4785047
514	7	-0.3017706	0.5500939	1.084504
514	8	-0.05286758	0.5614389	0.238599
515	1	1.277744	0.1418681	0.4752287
515	2	0.522638	0.4137634	0.006061253
515	3	1.277744	0.1418681	0.4752287
515	4	-0.05286758	0.5614389	0.238599
515	5	-0.3017706	0.5500939	1.084504
515	6	-0.1778282	0.5743896	0.4785047
515	7	-0.3017706	0.5500939	1.084504
515	8	-0.05286758	0.5614389	0.238599
516	1	1.279279	0.1416529	0.4728363
516	2	0.520886	0.4141933	0.00696377
516	3	1.279279	0.1416529	0.4728363
516	4	-0.09536173	0.5676549	0.3022254
516	5	-0.3017387	0.5476777	1.108353
516	6	-0.04370852	0.559607	0.2297614
516	7	-0.3017387	0.5476777	1.108353
516	8	-0.09536173	0.5676549	0.3022254
517	1	1.262395	0.1456147	0.4833311
517	2	0.4727224	0.4285167	0.006956951
517	3	1.262395	0.1456147	0.4833311
517	5	-0.3111823	0.5598887	1.015178
517	6	-0.05048778	0.5612837	0.2331236
517	7	-0.3111823	0.5598887	1.015178
517	8	-0.0972246	0.5685434	0.2989104
518	1	1.328166	0.1394537	0.3505663
518	2	-0.09968825	0.4517384	1.463654
518	3	1.328166	0.1394537	0.3505663
518	4	0.2995795	0.4783171	0.02368599
518	5	-0.04307643	0.5595841	0.2281255
518	6	-0.2588034	0.5720654	0.7401582
518	7	-0.04307643	0.5595841	0.2281255
518	8	-0.2032838	0.5763276	0.5343133
519	1	1.328166	0.1394537	0.3505663
519	2	-0.09968825	0.4517384	1.463654
519	3	1.328166	0.1394537	0.3505663
519	4	0.2995795	0.4783171	0.02368599
519	5	-0.04307643	0.5595841	0.2281255
519	6	-0.2588034	0.5720654	0.7401582
519	7	-0.04307643	0.5595841	0.2281255
519	8	-0.2032838	0.5763276	0.5343133
520	1	1.279279	0.1416529	0.4728363
520	2	0.520886	0.4141933	0.00696377
520	3	1.279279	0.1416529	0.4728363
520	4	-0.09536173	0.5676549	0.3022254
520	5	-0.3017387	0.5476777	1.108353
520	6	-0.04370852	0.559607	0.2297614
520	7	-0.3017387	0.5476777	1.108353
520	8	-0.09536173	0.5676549	0.3022254
521	1	1.275646	0.1435787	0.4644596
521	2	0.4369796	0.4389818	0.008581541
521	3	1.275646	0.1435787	0.4644596
521	4	-0.2049275	0.5774947	0.5275922
521	5	-0.2989788	0.5468031	1.108887
521	6	-0.1805822	0.5762767	0.4679197
521	8	-0.2049275	0.5774947	0.5275922
522	1	1.275646	0.1435787	0.4644596
522	2	0.4369796	0.4389818	0.008581541
522	3	1.275646	0.1435787	0.4644596
522	4	-0.2049275	0.5774947	0.5275922
522	5	-0.2989788	0.5468031	1.108887
522	6	-0.1805822	0.5762767	0.4679197
522	8	-0.2049275	0.5774947	0.5275922
523	1	1.275851	0.1435936	0.4637061
523	2	0.4333539	0.4400365	0.008814264
523	3	1.275851	0.1435936	0.4637061
523	4	-0.20514	0.5774595	0.5285674
523	5	-0.2998874	0.5470521	1.109097
523	6	-0.1773492	0.5759563	0.4615674
523	8	-0.20514	0.5774595	0.5285674
524	1	1.275851	0.1435936	0.4637061
524	2	0.4333539	0.4400365	0.008814264
524	3	1.275851	0.1435936	0.4637061
524	4	-0.20514	0.5774595	0.5285674
524	5	-0.2998874	0.5470521	1.109097
524	6	-0.1773492	0.5759563	0.4615674
524	8	-0.20514	0.5774595	0.5285674
525	1	1.275851	0.1435936	0.4637061
525	2	0.4333539	0.4400365	0.008814264
525	3	1.275851	0.1435936	0.4637061
525	4	-0.20514	0.5774595	0.5285674
525	5	-0.2998874	0.5470521	1.109097
525	6	-0.1773492	0.5759563	0.4615674
525	8	-0.20514	0.5774595	0.5285674
526	1	1.275851	0.1435936	0.4637061
526	2	0.4333539	0.4400365	0.008814264
526	3	1.275851	0.1435936	0.4637061
526	4	-0.20514	0.5774595	0.5285674
526	5	-0.2998874	0.5470521	1.109097
526	6	-0.1773492	0.5759563	0.4615674
526	8	-0.20514	0.5774595	0.5285674
527	1	1.274575	0.1436739	0.466673
527	2	0.439077	0.4383542	0.008620527
527	3	1.274575	0.1436739	0.466673
527	4	-0.1664043	0.5754424	0.434407
527	5	-0.3031602	0.5483668	1.105714
527	6	-0.237052	0.577416	0.623038
527	8	-0.1664043	0.5754424	0.434407
528	1	-0.1850226	0.5791542	0.4524907
528	2	-0.1850226	0.5791542	0.4524907
528	3	-0.1850226	0.5791542	0.4524907
528	4	1.116785	0.2267157	0.1087502
528	5	0.8379894	0.2273569	0.9239677
528	6	1.161142	0.1755095	0.4854659
528	8	1.116785	0.2267157	0.1087502
529	1	-0.1850226	0.5791542	0.4524907
529	2	-0.1850226	0.5791542	0.4524907
529	3	-0.1850226	0.5791542	0.4524907
529	4	1.116785	0.2267157	0.1087502
529	5	0.8379894	0.2273569	0.9239677
529	6	1.161142	0.1755095	0.4854659
529	8	1.116785	0.2267157	0.1087502
530	1	-0.1794254	0.5775555	0.4518387
530	2	-0.1794254	0.5775555	0.4518387
530	3	-0.1794254	0.5775555	0.4518387
530	5	1.010819	0.1924291	0.7607836
530	6	1.232221	0.1677256	0.3531428
530	8	1.080534	0.2398347	0.08557423
531	1	-0.1927657	0.5812932	0.4541115
531	2	-0.1927657	0.5812932	0.4541115
531	3	-0.1927657	0.5812932	0.4541115
531	5	1.234938	0.1849328	0.1746209
531	6	1.187330	0.2038872	0.1270838
531	7	0.9605132	0.1969198	0.8645252
532	1	-0.1661941	0.5788904	0.3996193
532	2	-0.1661941	0.5788904	0.3996193
532	3	-0.1661941	0.5788904	0.3996193
532	5	1.202297	0.1634525	0.4836677
532	6	1.271949	0.1604524	0.3081431
532	7	1.202297	0.1634525	0.4836677
533	1	-0.1661941	0.5788904	0.3996193
533	2	-0.1661941	0.5788904	0.3996193
533	3	-0.1661941	0.5788904	0.3996193
533	5	1.202297	0.1634525	0.4836677
533	6	1.271949	0.1604524	0.3081431
533	7	1.202297	0.1634525	0.4836677
534	1	-0.1661941	0.5788904	0.3996193
534	2	-0.1661941	0.5788904	0.3996193
534	3	-0.1661941	0.5788904	0.3996193
534	5	1.202297	0.1634525	0.4836677
534	6	1.271949	0.1604524	0.3081431
534	7	1.202297	0.1634525	0.4836677
535	1	1.120904	0.1941041	0.4197782
535	2	1.120904	0.1941041	0.4197782
535	3	1.120904	0.1941041	0.4197782
536	1	-0.1127780	0.5631094	0.3985927
536	2	-0.1127780	0.5631094	0.3985927
536	3	-0.1127780	0.5631094	0.3985927
536	4	-0.1127780	0.5631094	0.3985927
536	5	1.145014	0.1868927	0.420192
536	6	-0.1127780	0.5631094	0.3985927
536	7	1.145014	0.1868927	0.420192
536	8	-0.1127780	0.5631094	0.3985927
537	1	-0.1127780	0.5631094	0.3985927
537	2	-0.1127780	0.5631094	0.3985927
537	3	-0.1127780	0.5631094	0.3985927
537	4	-0.1127780	0.5631094	0.3985927
537	5	1.145014	0.1868927	0.420192
537	6	-0.1127780	0.5631094	0.3985927
537	7	1.145014	0.1868927	0.420192
537	8	-0.1127780	0.5631094	0.3985927
