1	1	-0.2311752	0.5508096	0.8693769
1	3	-0.2311752	0.5508096	0.8693769
1	4	1.089862	0.2321568	0.1341706
1	8	-0.2311752	0.5508096	0.8693769
2	1	-0.04880687	0.4531282	1.299941
2	3	-0.04880687	0.4531282	1.299941
2	4	0.500537	0.3101657	1.097795
2	6	0.5120775	0.4175896	-0.0007343087
2	8	-0.04880687	0.4531282	1.299941
3	1	0.0476385	0.4245444	1.298983
3	3	0.0476385	0.4245444	1.298983
3	4	0.7048062	0.2657860	0.9356255
3	5	1.233583	0.1762263	0.2648912
3	6	0.1649340	0.5167258	0.03985413
3	8	0.0476385	0.4245444	1.298983
4	1	0.0476385	0.4245444	1.298983
4	3	0.0476385	0.4245444	1.298983
4	4	0.7048062	0.2657860	0.9356255
4	5	1.233583	0.1762263	0.2648912
4	6	0.1649340	0.5167258	0.03985413
4	8	0.0476385	0.4245444	1.298983
5	1	0.0476385	0.4245444	1.298983
5	3	0.0476385	0.4245444	1.298983
5	4	0.7048062	0.2657860	0.9356255
5	5	1.233583	0.1762263	0.2648912
5	6	0.1649340	0.5167258	0.03985413
5	8	0.0476385	0.4245444	1.298983
6	1	0.0476385	0.4245444	1.298983
6	3	0.0476385	0.4245444	1.298983
6	4	0.7048062	0.2657860	0.9356255
6	5	1.233583	0.1762263	0.2648912
6	6	0.1649340	0.5167258	0.03985413
6	8	0.0476385	0.4245444	1.298983
7	1	0.0476385	0.4245444	1.298983
7	3	0.0476385	0.4245444	1.298983
7	4	0.7048062	0.2657860	0.9356255
7	5	1.233583	0.1762263	0.2648912
7	6	0.1649340	0.5167258	0.03985413
7	8	0.0476385	0.4245444	1.298983
8	1	0.0476385	0.4245444	1.298983
8	3	0.0476385	0.4245444	1.298983
8	4	0.7048062	0.2657860	0.9356255
8	5	1.233583	0.1762263	0.2648912
8	6	0.1649340	0.5167258	0.03985413
8	8	0.0476385	0.4245444	1.298983
9	1	0.0476385	0.4245444	1.298983
9	3	0.0476385	0.4245444	1.298983
9	4	0.7048062	0.2657860	0.9356255
9	5	1.233583	0.1762263	0.2648912
9	6	0.1649340	0.5167258	0.03985413
9	8	0.0476385	0.4245444	1.298983
10	1	-0.2307815	0.5299259	1.075165
10	3	-0.2307815	0.5299259	1.075165
10	4	0.9418067	0.2815179	0.08132234
10	5	0.9812972	0.2712899	0.06630461
10	8	-0.2307815	0.5299259	1.075165
11	1	-0.2307815	0.5299259	1.075165
11	3	-0.2307815	0.5299259	1.075165
11	4	0.9418067	0.2815179	0.08132234
11	5	0.9812972	0.2712899	0.06630461
11	8	-0.2307815	0.5299259	1.075165
12	1	-0.2307815	0.5299259	1.075165
12	3	-0.2307815	0.5299259	1.075165
12	4	0.9418067	0.2815179	0.08132234
12	5	0.9812972	0.2712899	0.06630461
12	8	-0.2307815	0.5299259	1.075165
13	1	-0.2323894	0.5305973	1.073250
13	3	-0.2323894	0.5305973	1.073250
13	4	0.9438207	0.280816	0.08234329
13	5	0.9835927	0.2705063	0.0673053
13	7	0.9438207	0.2808160	0.0823433
13	8	-0.2323894	0.5305973	1.073250
14	1	-0.2184372	0.5135358	1.201207
14	3	-0.2184372	0.5135358	1.201207
14	4	1.243218	0.1735219	0.2632981
14	5	0.1040189	0.5308191	0.07970441
14	7	1.243218	0.1735219	0.2632981
14	8	-0.2156928	0.5144743	1.183818
15	1	-0.2184372	0.5135358	1.201207
15	3	-0.2184372	0.5135358	1.201207
15	4	1.243218	0.1735219	0.2632981
15	5	0.1040189	0.5308191	0.07970441
15	7	1.243218	0.1735219	0.2632981
15	8	-0.2156928	0.5144743	1.183818
16	1	-0.2184372	0.5135358	1.201207
16	3	-0.2184372	0.5135358	1.201207
16	4	1.243218	0.1735219	0.2632981
16	5	0.1040189	0.5308191	0.07970441
16	7	1.243218	0.1735219	0.2632981
16	8	-0.2156928	0.5144743	1.183818
17	4	1.162288	0.1694711	0.5419267
17	6	-0.3430783	0.5590757	1.117227
17	8	0.5296169	0.4114795	0.008127834
18	4	1.097534	0.1860028	0.5689261
18	5	-0.1584888	0.477103	1.385579
18	6	-0.1673072	0.5836151	0.3560798
18	7	1.097534	0.1860028	0.5689261
18	8	0.8217386	0.3234484	0.01963457
19	1	-0.1010866	0.4619805	1.36628
19	3	-0.1010866	0.4619805	1.36628
19	4	0.8850303	0.3024669	0.04104022
19	5	1.217012	0.1623264	0.4514639
19	6	-0.3035552	0.5392513	1.197209
19	7	0.8850303	0.3024669	0.04104022
19	8	0.1745991	0.5136349	0.04200213
20	1	-0.2708443	0.534695	1.145965
20	2	-0.1985631	0.4927891	1.34823
20	3	-0.2708443	0.534695	1.145965
20	4	1.196193	0.2002395	0.1371137
20	5	0.3394961	0.3439039	1.238030
20	6	-0.1281589	0.5767483	0.3087624
20	7	1.196193	0.2002395	0.1371137
20	8	0.6888968	0.3645337	0.003963977
21	1	-0.2708443	0.534695	1.145965
21	2	-0.1985631	0.4927891	1.34823
21	3	-0.2708443	0.534695	1.145965
21	4	1.196193	0.2002395	0.1371137
21	5	0.3394961	0.3439039	1.238030
21	6	-0.1281589	0.5767483	0.3087624
21	7	1.196193	0.2002395	0.1371137
21	8	0.6888968	0.3645337	0.003963977
22	1	0.4665372	0.3171467	1.128810
22	2	0.2126905	0.375411	1.299487
22	3	0.4665372	0.3171467	1.128810
22	5	-0.2792073	0.549187	1.027
22	6	1.261252	0.164216	0.3023715
22	7	-0.1431867	0.577923	0.3414067
22	8	0.5196422	0.4157225	-0.004524071
23	1	-0.2816188	0.5501208	1.024853
23	2	-0.3042802	0.5647943	0.9462255
23	3	-0.2816188	0.5501208	1.024853
23	4	0.6075939	0.3882834	0.00820348
23	5	-0.2222938	0.5695753	0.6572458
23	6	0.06750008	0.416936	1.315849
23	7	0.6075939	0.3882834	0.00820348
23	8	1.299666	0.1341743	0.4868685
24	1	0.1591042	0.3934421	1.278718
24	2	0.5081196	0.3058597	1.118120
24	3	0.1591042	0.3934421	1.278718
24	4	1.160618	0.2112654	0.1326849
24	5	1.213521	0.1829269	0.2576091
24	6	-0.3368972	0.564756	1.042722
24	7	1.160618	0.2112654	0.1326849
24	8	0.06705151	0.5428849	0.06907597
25	1	0.1591042	0.3934421	1.278718
25	2	0.5081196	0.3058597	1.118120
25	3	0.1591042	0.3934421	1.278718
25	4	1.160618	0.2112654	0.1326849
25	5	1.213521	0.1829269	0.2576091
25	6	-0.3368972	0.564756	1.042722
25	7	1.160618	0.2112654	0.1326849
25	8	0.06705151	0.5428849	0.06907597
26	1	0.3791754	0.3376335	1.183237
26	2	-0.05043084	0.4528694	1.307291
26	3	0.3791754	0.3376335	1.183237
26	5	-0.2941781	0.5563916	0.9997225
26	6	1.290087	0.1496046	0.3621894
26	7	-0.2890636	0.5630827	0.9183459
26	8	0.4074278	0.4498575	-0.01210592
27	2	0.7175956	0.2610995	0.9443773
27	3	1.089542	0.1870315	0.5822833
27	5	0.06504992	0.4139754	1.352407
27	6	1.094490	0.2374437	0.06814214
27	7	0.01171158	0.429375	1.356985
27	8	-0.04904449	0.5713127	0.1294873
28	3	1.118698	0.1811026	0.5551192
28	5	0.1982103	0.3777516	1.318964
28	6	1.098272	0.2362006	0.06931616
28	7	0.1528999	0.3894829	1.336236
28	8	-0.08335019	0.5775589	0.1686845
29	1	0.2555884	0.3671729	1.254709
29	3	0.2555884	0.3671729	1.254709
29	5	-0.2990067	0.5595123	0.9830279
29	6	1.239383	0.1538055	0.4699772
29	7	-0.2952451	0.5651728	0.9158494
29	8	0.4693826	0.4315297	-0.01305839
30	1	0.2555884	0.3671729	1.254709
30	3	0.2555884	0.3671729	1.254709
30	5	-0.2990067	0.5595123	0.9830279
30	6	1.239383	0.1538055	0.4699772
30	7	-0.2952451	0.5651728	0.9158494
30	8	0.4693826	0.4315297	-0.01305839
31	1	0.2555884	0.3671729	1.254709
31	3	0.2555884	0.3671729	1.254709
31	5	-0.2990067	0.5595123	0.9830279
31	6	1.239383	0.1538055	0.4699772
31	7	-0.2952451	0.5651728	0.9158494
31	8	0.4693826	0.4315297	-0.01305839
32	1	0.2555884	0.3671729	1.254709
32	3	0.2555884	0.3671729	1.254709
32	5	-0.2990067	0.5595123	0.9830279
32	6	1.239383	0.1538055	0.4699772
32	7	-0.2952451	0.5651728	0.9158494
32	8	0.4693826	0.4315297	-0.01305839
33	1	0.2555884	0.3671729	1.254709
33	3	0.2555884	0.3671729	1.254709
33	5	-0.2990067	0.5595123	0.9830279
33	6	1.239383	0.1538055	0.4699772
33	7	-0.2952451	0.5651728	0.9158494
33	8	0.4693826	0.4315297	-0.01305839
53	1	-0.1930889	0.5008541	1.252178
53	3	-0.1930889	0.5008541	1.252178
53	4	1.261489	0.1539315	0.4035855
53	5	0.1771976	0.3899914	1.259595
53	6	-0.1930889	0.5008541	1.252178
53	7	-0.1927931	0.50132	1.246689
53	8	0.4271283	0.4441543	-0.01364459
54	3	0.1891093	0.3850735	1.273227
54	4	0.6623606	0.2722079	0.997068
54	5	-0.2962962	0.5689862	0.881158
54	6	0.1891093	0.3850735	1.273227
54	7	0.6623606	0.2722079	0.997068
54	8	0.4734239	0.430461	-0.01437706
55	1	0.1865183	0.3867149	1.264596
55	3	0.1865183	0.3867149	1.264596
55	4	0.7153027	0.2615085	0.9470813
55	5	-0.2841375	0.5727246	0.808282
55	6	0.1865183	0.3867149	1.264596
55	7	0.7153027	0.2615085	0.9470813
55	8	0.4759026	0.4298545	-0.01567111
56	1	0.1865183	0.3867149	1.264596
56	3	0.1865183	0.3867149	1.264596
56	4	0.7153027	0.2615085	0.9470813
56	5	-0.2841375	0.5727246	0.808282
56	6	0.1865183	0.3867149	1.264596
56	7	0.7153027	0.2615085	0.9470813
56	8	0.4759026	0.4298545	-0.01567111
70	4	1.220656	0.1805961	0.2596816
70	5	-0.2585152	0.5837658	0.6233641
70	7	1.220656	0.1805961	0.2596816
71	5	-0.1577893	0.5765727	0.3978195
71	7	1.219157	0.1647158	0.4214655
72	5	-0.1577893	0.5765727	0.3978195
72	7	1.219157	0.1647158	0.4214655
73	5	-0.1577893	0.5765727	0.3978195
73	7	1.219157	0.1647158	0.4214655
74	5	-0.1577893	0.5765727	0.3978195
74	7	1.219157	0.1647158	0.4214655
75	5	-0.1577893	0.5765727	0.3978195
75	7	1.219157	0.1647158	0.4214655
76	5	-0.1577893	0.5765727	0.3978195
76	7	1.219157	0.1647158	0.4214655
77	5	-0.1577893	0.5765727	0.3978195
77	7	1.219157	0.1647158	0.4214655
78	5	-0.1577893	0.5765727	0.3978195
78	7	1.219157	0.1647158	0.4214655
79	5	-0.1577893	0.5765727	0.3978195
79	7	1.219157	0.1647158	0.4214655
80	5	-0.1577893	0.5765727	0.3978195
80	7	1.219157	0.1647158	0.4214655
81	5	-0.1577893	0.5765727	0.3978195
81	7	1.219157	0.1647158	0.4214655
88	5	-0.1577893	0.5765727	0.3978195
88	7	1.219157	0.1647158	0.4214655
89	5	-0.1577893	0.5765727	0.3978195
89	7	1.219157	0.1647158	0.4214655
90	5	-0.1577893	0.5765727	0.3978195
90	7	1.219157	0.1647158	0.4214655
91	5	-0.1577893	0.5765727	0.3978195
91	7	1.219157	0.1647158	0.4214655
92	5	-0.1577893	0.5765727	0.3978195
92	7	1.219157	0.1647158	0.4214655
93	5	-0.1577893	0.5765727	0.3978195
93	7	1.219157	0.1647158	0.4214655
94	5	-0.1577893	0.5765727	0.3978195
94	7	1.219157	0.1647158	0.4214655
95	5	-0.1577893	0.5765727	0.3978195
95	7	1.219157	0.1647158	0.4214655
96	1	-0.0741785	0.4397388	1.507391
96	3	-0.0741785	0.4397388	1.507391
96	4	0.8960567	0.3005621	0.02742181
96	5	0.05765913	0.5434584	0.09107057
96	7	0.8960567	0.3005621	0.02742181
97	1	-0.08365286	0.4443804	1.489314
97	3	-0.08365286	0.4443804	1.489314
97	4	0.7057388	0.3583679	0.01543299
97	5	0.3423072	0.4658864	0.02095602
97	7	0.7057388	0.3583679	0.01543299
98	1	-0.08365286	0.4443804	1.489314
98	3	-0.08365286	0.4443804	1.489314
98	4	0.7057388	0.3583679	0.01543299
98	5	0.3423072	0.4658864	0.02095602
98	7	0.7057388	0.3583679	0.01543299
99	1	-0.08365286	0.4443804	1.489314
99	3	-0.08365286	0.4443804	1.489314
99	4	0.7057388	0.3583679	0.01543299
99	5	0.3423072	0.4658864	0.02095602
99	7	0.7057388	0.3583679	0.01543299
100	1	-0.08365286	0.4443804	1.489314
100	3	-0.08365286	0.4443804	1.489314
100	4	0.7057388	0.3583679	0.01543299
100	5	0.3423072	0.4658864	0.02095602
100	7	0.7057388	0.3583679	0.01543299
101	1	-0.08365286	0.4443804	1.489314
101	3	-0.08365286	0.4443804	1.489314
101	4	0.7057388	0.3583679	0.01543299
101	5	0.3423072	0.4658864	0.02095602
101	7	0.7057388	0.3583679	0.01543299
102	1	0.2147382	0.368069	1.366209
102	3	0.2147382	0.368069	1.366209
102	5	0.2354663	0.4965369	0.03206829
102	7	0.5097577	0.4176668	0.005336498
103	1	0.01757079	0.4137849	1.49421
103	3	0.01757079	0.4137849	1.49421
103	4	0.8590944	0.3111823	0.03110351
103	5	0.845866	0.3152005	0.03026773
103	6	-0.08760242	0.5749163	0.2074025
103	7	0.8590944	0.3111823	0.03110351
104	1	-0.009732397	0.4210102	1.503069
104	3	-0.009732397	0.4210102	1.503069
104	4	0.7326388	0.3498731	0.02034232
104	5	0.6892996	0.3629579	0.01839235
104	6	0.04987694	0.5434779	0.1138101
104	7	0.7326388	0.3498731	0.02034232
105	1	-0.009732397	0.4210102	1.503069
105	3	-0.009732397	0.4210102	1.503069
105	4	0.7326388	0.3498731	0.02034232
105	5	0.6892996	0.3629579	0.01839235
105	6	0.04987694	0.5434779	0.1138101
105	7	0.7326388	0.3498731	0.02034232
106	1	-0.009732397	0.4210102	1.503069
106	3	-0.009732397	0.4210102	1.503069
106	4	0.7326388	0.3498731	0.02034232
106	5	0.6892996	0.3629579	0.01839235
106	6	0.04987694	0.5434779	0.1138101
106	7	0.7326388	0.3498731	0.02034232
107	1	0.2647151	0.3526260	1.371967
107	3	0.2647151	0.3526260	1.371967
107	5	0.555825	0.4035116	0.009854701
107	6	0.006300457	0.5536279	0.1416423
107	7	0.555825	0.4035116	0.009854701
108	1	0.2647151	0.3526260	1.371967
108	3	0.2647151	0.3526260	1.371967
108	5	0.555825	0.4035116	0.009854701
108	6	0.006300457	0.5536279	0.1416423
108	7	0.555825	0.4035116	0.009854701
109	1	-0.009732397	0.4210102	1.503069
109	3	-0.009732397	0.4210102	1.503069
109	4	0.7326388	0.3498731	0.02034232
109	5	0.6892996	0.3629579	0.01839235
109	6	0.04987694	0.5434779	0.1138101
109	7	0.7326388	0.3498731	0.02034232
110	1	0.05902492	0.40605	1.448699
110	2	0.05858411	0.4065024	1.445515
110	3	0.05902492	0.40605	1.448699
110	4	0.6489871	0.3757463	0.01046032
110	5	0.6128405	0.3865368	0.01005099
110	6	0.07640955	0.5380106	0.08980125
110	7	0.6489871	0.3757463	0.01046032
111	1	0.05902492	0.40605	1.448699
111	2	0.05858411	0.4065024	1.445515
111	3	0.05902492	0.40605	1.448699
111	4	0.6489871	0.3757463	0.01046032
111	5	0.6128405	0.3865368	0.01005099
111	6	0.07640955	0.5380106	0.08980125
111	7	0.6489871	0.3757463	0.01046032
112	1	0.05902492	0.40605	1.448699
112	2	0.05858411	0.4065024	1.445515
112	3	0.05902492	0.40605	1.448699
112	4	0.6489871	0.3757463	0.01046032
112	5	0.6128405	0.3865368	0.01005099
112	6	0.07640955	0.5380106	0.08980125
112	7	0.6489871	0.3757463	0.01046032
113	1	0.05902492	0.40605	1.448699
113	2	0.05858411	0.4065024	1.445515
113	3	0.05902492	0.40605	1.448699
113	4	0.6489871	0.3757463	0.01046032
113	5	0.6128405	0.3865368	0.01005099
113	6	0.07640955	0.5380106	0.08980125
113	7	0.6489871	0.3757463	0.01046032
114	1	-0.0536758	0.4402934	1.441476
114	2	-0.05332971	0.4405644	1.437771
114	3	-0.0536758	0.4402934	1.441476
114	4	0.7837264	0.3353078	0.01412969
114	6	0.2112736	0.5034846	0.03451283
114	7	0.7837264	0.3353078	0.01412969
115	1	-0.0536758	0.4402934	1.441476
115	2	-0.05332971	0.4405644	1.437771
115	3	-0.0536758	0.4402934	1.441476
115	4	0.7837264	0.3353078	0.01412969
115	6	0.2112736	0.5034846	0.03451283
115	7	0.7837264	0.3353078	0.01412969
116	1	-0.0536758	0.4402934	1.441476
116	2	-0.05332971	0.4405644	1.437771
116	3	-0.0536758	0.4402934	1.441476
116	4	0.7837264	0.3353078	0.01412969
116	6	0.2112736	0.5034846	0.03451283
116	7	0.7837264	0.3353078	0.01412969
117	1	-0.0536758	0.4402934	1.441476
117	2	-0.05332971	0.4405644	1.437771
117	3	-0.0536758	0.4402934	1.441476
117	4	0.7837264	0.3353078	0.01412969
117	6	0.2112736	0.5034846	0.03451283
117	7	0.7837264	0.3353078	0.01412969
118	1	-0.0536758	0.4402934	1.441476
118	2	-0.05332971	0.4405644	1.437771
118	3	-0.0536758	0.4402934	1.441476
118	4	0.7837264	0.3353078	0.01412969
118	6	0.2112736	0.5034846	0.03451283
118	7	0.7837264	0.3353078	0.01412969
119	1	0.05902492	0.40605	1.448699
119	2	0.05858411	0.4065024	1.445515
119	3	0.05902492	0.40605	1.448699
119	4	0.6489871	0.3757463	0.01046032
119	5	0.6128405	0.3865368	0.01005099
119	6	0.07640955	0.5380106	0.08980125
119	7	0.6489871	0.3757463	0.01046032
120	1	0.1931377	0.3738318	1.372756
120	2	0.1927063	0.3742495	1.369887
120	3	0.1931377	0.3738318	1.372756
120	4	0.5702983	0.3997136	0.004840439
120	5	0.5702983	0.3997136	0.004840439
120	6	0.07880494	0.5379541	0.08330167
121	1	0.1931377	0.3738318	1.372756
121	2	0.1927063	0.3742495	1.369887
121	3	0.1931377	0.3738318	1.372756
121	4	0.5702983	0.3997136	0.004840439
121	5	0.5702983	0.3997136	0.004840439
121	6	0.07880494	0.5379541	0.08330167
122	1	0.1931377	0.3738318	1.372756
122	2	0.1927063	0.3742495	1.369887
122	3	0.1931377	0.3738318	1.372756
122	4	0.5702983	0.3997136	0.004840439
122	5	0.5702983	0.3997136	0.004840439
122	6	0.07880494	0.5379541	0.08330167
123	1	0.1931377	0.3738318	1.372756
123	2	0.1927063	0.3742495	1.369887
123	3	0.1931377	0.3738318	1.372756
123	4	0.5702983	0.3997136	0.004840439
123	5	0.5702983	0.3997136	0.004840439
123	6	0.07880494	0.5379541	0.08330167
124	1	0.1931377	0.3738318	1.372756
124	2	0.1927063	0.3742495	1.369887
124	3	0.1931377	0.3738318	1.372756
124	4	0.5702983	0.3997136	0.004840439
124	5	0.5702983	0.3997136	0.004840439
124	6	0.07880494	0.5379541	0.08330167
125	1	0.1931377	0.3738318	1.372756
125	2	0.1927063	0.3742495	1.369887
125	3	0.1931377	0.3738318	1.372756
125	4	0.5702983	0.3997136	0.004840439
125	5	0.5702983	0.3997136	0.004840439
125	6	0.07880494	0.5379541	0.08330167
126	1	0.1931377	0.3738318	1.372756
126	2	0.1927063	0.3742495	1.369887
126	3	0.1931377	0.3738318	1.372756
126	4	0.5702983	0.3997136	0.004840439
126	5	0.5702983	0.3997136	0.004840439
126	6	0.07880494	0.5379541	0.08330167
127	1	-0.03542350	0.4385446	1.405019
127	2	0.4661133	0.3104022	1.196893
127	3	-0.03542350	0.4385446	1.405019
127	4	0.4413285	0.4382737	0.002783004
127	5	0.4413285	0.4382737	0.002783004
128	1	-0.03542350	0.4385446	1.405019
128	2	0.4661133	0.3104022	1.196893
128	3	-0.03542350	0.4385446	1.405019
128	4	0.4413285	0.4382737	0.002783004
128	5	0.4413285	0.4382737	0.002783004
129	2	0.873825	0.223893	0.8526914
129	3	0.2424849	0.3662458	1.30251
129	5	0.1617167	0.5177818	0.03887061
130	2	0.281934	0.3481529	1.365552
130	3	0.281934	0.3481529	1.365552
130	4	0.4370602	0.4384219	0.01389262
130	5	0.1314418	0.5234054	0.07235922
130	6	0.4370602	0.4384219	0.01389262
158	2	1.120904	0.1941041	0.4197782
158	3	1.120904	0.1941041	0.4197782
159	2	1.120904	0.1941041	0.4197782
159	3	1.120904	0.1941041	0.4197782
160	1	1.120904	0.1941041	0.4197782
160	2	1.120904	0.1941041	0.4197782
160	3	1.120904	0.1941041	0.4197782
161	1	1.120904	0.1941041	0.4197782
161	2	1.120904	0.1941041	0.4197782
161	3	1.120904	0.1941041	0.4197782
162	1	1.120904	0.1941041	0.4197782
162	2	1.120904	0.1941041	0.4197782
162	3	1.120904	0.1941041	0.4197782
163	1	0.9082195	0.2185070	0.8047085
163	2	0.9082195	0.2185070	0.8047085
163	3	0.9082195	0.2185070	0.8047085
163	4	-0.2837442	0.555275	0.9800404
163	5	-0.2518398	0.582834	0.6129258
163	6	-0.2837442	0.555275	0.9800404
163	8	0.5855046	0.3972106	-0.01516672
164	1	0.9082195	0.2185070	0.8047085
164	2	0.9082195	0.2185070	0.8047085
164	3	0.9082195	0.2185070	0.8047085
164	4	-0.2837442	0.555275	0.9800404
164	5	-0.2518398	0.582834	0.6129258
164	6	-0.2837442	0.555275	0.9800404
164	8	0.5855046	0.3972106	-0.01516672
165	1	0.9082195	0.2185070	0.8047085
165	2	0.9082195	0.2185070	0.8047085
165	3	0.9082195	0.2185070	0.8047085
165	4	-0.2837442	0.555275	0.9800404
165	5	-0.2518398	0.582834	0.6129258
165	6	-0.2837442	0.555275	0.9800404
165	8	0.5855046	0.3972106	-0.01516672
166	1	0.9082195	0.2185070	0.8047085
166	2	0.9082195	0.2185070	0.8047085
166	3	0.9082195	0.2185070	0.8047085
166	4	-0.2837442	0.555275	0.9800404
166	5	-0.2518398	0.582834	0.6129258
166	6	-0.2837442	0.555275	0.9800404
166	8	0.5855046	0.3972106	-0.01516672
167	1	-0.1218956	0.4693158	1.354912
167	2	-0.1218956	0.4693158	1.354912
167	3	-0.1218956	0.4693158	1.354912
167	4	0.02748824	0.5453577	0.1611590
167	5	0.2497038	0.4917167	0.03787844
167	6	0.02748824	0.5453577	0.1611590
167	7	0.02748824	0.5453577	0.1611590
167	8	1.444962	0.1164148	0.2346902
168	1	-0.1218956	0.4693158	1.354912
168	2	-0.1218956	0.4693158	1.354912
168	3	-0.1218956	0.4693158	1.354912
168	4	0.02748824	0.5453577	0.1611590
168	5	0.2497038	0.4917167	0.03787844
168	6	0.02748824	0.5453577	0.1611590
168	7	0.02748824	0.5453577	0.1611590
168	8	1.444962	0.1164148	0.2346902
169	1	-0.1218956	0.4693158	1.354912
169	2	-0.1218956	0.4693158	1.354912
169	3	-0.1218956	0.4693158	1.354912
169	4	0.02748824	0.5453577	0.1611590
169	5	0.2497038	0.4917167	0.03787844
169	6	0.02748824	0.5453577	0.1611590
169	7	0.02748824	0.5453577	0.1611590
169	8	1.444962	0.1164148	0.2346902
170	1	-0.1218956	0.4693158	1.354912
170	2	-0.1218956	0.4693158	1.354912
170	3	-0.1218956	0.4693158	1.354912
170	4	0.02748824	0.5453577	0.1611590
170	5	0.2497038	0.4917167	0.03787844
170	6	0.02748824	0.5453577	0.1611590
170	7	0.02748824	0.5453577	0.1611590
170	8	1.444962	0.1164148	0.2346902
171	1	-0.1218956	0.4693158	1.354912
171	2	-0.1218956	0.4693158	1.354912
171	3	-0.1218956	0.4693158	1.354912
171	4	0.02748824	0.5453577	0.1611590
171	5	0.2497038	0.4917167	0.03787844
171	6	0.02748824	0.5453577	0.1611590
171	7	0.02748824	0.5453577	0.1611590
171	8	1.444962	0.1164148	0.2346902
172	1	0.2350647	0.3700858	1.286324
172	2	0.2350647	0.3700858	1.286324
172	3	0.2350647	0.3700858	1.286324
172	4	1.202978	0.2007578	0.1119840
172	8	0.01658084	0.5564195	0.08368403
173	1	0.2350647	0.3700858	1.286324
173	2	0.2350647	0.3700858	1.286324
173	3	0.2350647	0.3700858	1.286324
173	4	1.202978	0.2007578	0.1119840
173	8	0.01658084	0.5564195	0.08368403
174	1	-0.01933009	0.4332826	1.409738
174	2	-0.01933009	0.4332826	1.409738
174	3	-0.01933009	0.4332826	1.409738
174	4	0.06493925	0.5380135	0.1235730
174	5	0.08698869	0.5332195	0.1061036
174	6	0.2728803	0.4858983	0.02723822
174	7	0.06493925	0.5380135	0.1235730
174	8	1.427030	0.1244911	0.2075027
175	1	-0.01933009	0.4332826	1.409738
175	2	-0.01933009	0.4332826	1.409738
175	3	-0.01933009	0.4332826	1.409738
175	4	0.06493925	0.5380135	0.1235730
175	5	0.08698869	0.5332195	0.1061036
175	6	0.2728803	0.4858983	0.02723822
175	7	0.06493925	0.5380135	0.1235730
175	8	1.427030	0.1244911	0.2075027
176	1	-0.01933009	0.4332826	1.409738
176	2	-0.01933009	0.4332826	1.409738
176	3	-0.01933009	0.4332826	1.409738
176	4	0.06493925	0.5380135	0.1235730
176	5	0.08698869	0.5332195	0.1061036
176	6	0.2728803	0.4858983	0.02723822
176	7	0.06493925	0.5380135	0.1235730
176	8	1.427030	0.1244911	0.2075027
177	1	-0.01933009	0.4332826	1.409738
177	2	-0.01933009	0.4332826	1.409738
177	3	-0.01933009	0.4332826	1.409738
177	4	0.06493925	0.5380135	0.1235730
177	5	0.08698869	0.5332195	0.1061036
177	6	0.2728803	0.4858983	0.02723822
177	7	0.06493925	0.5380135	0.1235730
177	8	1.427030	0.1244911	0.2075027
180	7	-0.1577893	0.5765727	0.3978195
180	8	1.219157	0.1647158	0.4214655
181	7	-0.1577893	0.5765727	0.3978195
181	8	1.219157	0.1647158	0.4214655
182	1	0.7613955	0.254851	0.8772254
182	2	0.7613955	0.254851	0.8772254
182	3	0.7613955	0.254851	0.8772254
182	4	0.7613955	0.254851	0.8772254
182	5	-0.2617387	0.5381017	1.085372
182	7	0.7613955	0.254851	0.8772254
182	8	0.2347925	0.4971596	0.02788371
183	1	0.4834294	0.3157675	1.092698
183	2	0.4834294	0.3157675	1.092698
183	3	0.4834294	0.3157675	1.092698
183	4	0.4834294	0.3157675	1.092698
183	5	0.2206659	0.380933	1.221264
183	6	-0.1575434	0.5774872	0.388032
183	7	0.4834294	0.3157675	1.092698
183	8	0.5988558	0.3914610	0.002464537
184	1	0.4834294	0.3157675	1.092698
184	2	0.4834294	0.3157675	1.092698
184	3	0.4834294	0.3157675	1.092698
184	4	0.4834294	0.3157675	1.092698
184	5	0.2206659	0.380933	1.221264
184	6	-0.1575434	0.5774872	0.388032
184	7	0.4834294	0.3157675	1.092698
184	8	0.5988558	0.3914610	0.002464537
185	1	0.4834294	0.3157675	1.092698
185	2	0.4834294	0.3157675	1.092698
185	3	0.4834294	0.3157675	1.092698
185	4	0.4834294	0.3157675	1.092698
185	5	0.2206659	0.380933	1.221264
185	6	-0.1575434	0.5774872	0.388032
185	7	0.4834294	0.3157675	1.092698
185	8	0.5988558	0.3914610	0.002464537
186	1	0.4834294	0.3157675	1.092698
186	2	0.4834294	0.3157675	1.092698
186	3	0.4834294	0.3157675	1.092698
186	4	0.4834294	0.3157675	1.092698
186	5	0.2206659	0.380933	1.221264
186	6	-0.1575434	0.5774872	0.388032
186	7	0.4834294	0.3157675	1.092698
186	8	0.5988558	0.3914610	0.002464537
187	1	0.4834294	0.3157675	1.092698
187	2	0.4834294	0.3157675	1.092698
187	3	0.4834294	0.3157675	1.092698
187	4	0.4834294	0.3157675	1.092698
187	5	0.2206659	0.380933	1.221264
187	6	-0.1575434	0.5774872	0.388032
187	7	0.4834294	0.3157675	1.092698
187	8	0.5988558	0.3914610	0.002464537
188	1	0.4834294	0.3157675	1.092698
188	2	0.4834294	0.3157675	1.092698
188	3	0.4834294	0.3157675	1.092698
188	4	0.4834294	0.3157675	1.092698
188	5	0.2206659	0.380933	1.221264
188	6	-0.1575434	0.5774872	0.388032
188	7	0.4834294	0.3157675	1.092698
188	8	0.5988558	0.3914610	0.002464537
189	1	0.4834294	0.3157675	1.092698
189	2	0.4834294	0.3157675	1.092698
189	3	0.4834294	0.3157675	1.092698
189	4	0.4834294	0.3157675	1.092698
189	5	0.2206659	0.380933	1.221264
189	6	-0.1575434	0.5774872	0.388032
189	7	0.4834294	0.3157675	1.092698
189	8	0.5988558	0.3914610	0.002464537
190	1	0.4834294	0.3157675	1.092698
190	2	0.4834294	0.3157675	1.092698
190	3	0.4834294	0.3157675	1.092698
190	4	0.4834294	0.3157675	1.092698
190	5	0.2206659	0.380933	1.221264
190	6	-0.1575434	0.5774872	0.388032
190	7	0.4834294	0.3157675	1.092698
190	8	0.5988558	0.3914610	0.002464537
191	1	0.7613955	0.254851	0.8772254
191	2	0.7613955	0.254851	0.8772254
191	3	0.7613955	0.254851	0.8772254
191	4	0.7613955	0.254851	0.8772254
191	5	-0.2617387	0.5381017	1.085372
191	7	0.7613955	0.254851	0.8772254
191	8	0.2347925	0.4971596	0.02788371
192	1	0.7613955	0.254851	0.8772254
192	2	0.7613955	0.254851	0.8772254
192	3	0.7613955	0.254851	0.8772254
192	4	0.7613955	0.254851	0.8772254
192	5	-0.2617387	0.5381017	1.085372
192	7	0.7613955	0.254851	0.8772254
192	8	0.2347925	0.4971596	0.02788371
193	1	0.7613955	0.254851	0.8772254
193	2	0.7613955	0.254851	0.8772254
193	3	0.7613955	0.254851	0.8772254
193	4	0.7613955	0.254851	0.8772254
193	5	-0.2617387	0.5381017	1.085372
193	7	0.7613955	0.254851	0.8772254
193	8	0.2347925	0.4971596	0.02788371
194	1	0.7613955	0.254851	0.8772254
194	2	0.7613955	0.254851	0.8772254
194	3	0.7613955	0.254851	0.8772254
194	4	0.7613955	0.254851	0.8772254
194	5	-0.2617387	0.5381017	1.085372
194	7	0.7613955	0.254851	0.8772254
194	8	0.2347925	0.4971596	0.02788371
195	1	0.7613955	0.254851	0.8772254
195	2	0.7613955	0.254851	0.8772254
195	3	0.7613955	0.254851	0.8772254
195	4	0.7613955	0.254851	0.8772254
195	5	-0.2617387	0.5381017	1.085372
195	7	0.7613955	0.254851	0.8772254
195	8	0.2347925	0.4971596	0.02788371
196	1	0.2624626	0.3684106	1.222186
196	2	0.2624626	0.3684106	1.222186
196	3	0.2624626	0.3684106	1.222186
196	4	0.2624626	0.3684106	1.222186
196	5	0.0928506	0.4142421	1.267840
196	6	-0.09062863	0.569267	0.2723019
196	8	0.791801	0.3330317	0.01289053
197	1	0.2624626	0.3684106	1.222186
197	2	0.2624626	0.3684106	1.222186
197	3	0.2624626	0.3684106	1.222186
197	4	0.2624626	0.3684106	1.222186
197	5	0.0928506	0.4142421	1.267840
197	6	-0.09062863	0.569267	0.2723019
197	8	0.791801	0.3330317	0.01289053
198	1	0.5413964	0.3014972	1.063289
198	2	0.5413964	0.3014972	1.063289
198	3	0.5413964	0.3014972	1.063289
198	4	0.5413964	0.3014972	1.063289
198	5	-0.2529355	0.5618344	0.8242508
198	6	-0.1389031	0.5746798	0.3609222
198	8	0.7062149	0.3590897	0.006877602
199	1	0.5413964	0.3014972	1.063289
199	2	0.5413964	0.3014972	1.063289
199	3	0.5413964	0.3014972	1.063289
199	4	0.5413964	0.3014972	1.063289
199	5	-0.2529355	0.5618344	0.8242508
199	6	-0.1389031	0.5746798	0.3609222
199	8	0.7062149	0.3590897	0.006877602
200	1	0.5413964	0.3014972	1.063289
200	2	0.5413964	0.3014972	1.063289
200	3	0.5413964	0.3014972	1.063289
200	4	0.5413964	0.3014972	1.063289
200	5	-0.2529355	0.5618344	0.8242508
200	6	-0.1389031	0.5746798	0.3609222
200	8	0.7062149	0.3590897	0.006877602
201	1	0.5413964	0.3014972	1.063289
201	2	0.5413964	0.3014972	1.063289
201	3	0.5413964	0.3014972	1.063289
201	4	0.5413964	0.3014972	1.063289
201	5	-0.2529355	0.5618344	0.8242508
201	6	-0.1389031	0.5746798	0.3609222
201	8	0.7062149	0.3590897	0.006877602
202	1	0.5413964	0.3014972	1.063289
202	2	0.5413964	0.3014972	1.063289
202	3	0.5413964	0.3014972	1.063289
202	4	0.5413964	0.3014972	1.063289
202	5	-0.2529355	0.5618344	0.8242508
202	6	-0.1389031	0.5746798	0.3609222
202	8	0.7062149	0.3590897	0.006877602
203	1	0.5413964	0.3014972	1.063289
203	2	0.5413964	0.3014972	1.063289
203	3	0.5413964	0.3014972	1.063289
203	4	0.5413964	0.3014972	1.063289
203	5	-0.2529355	0.5618344	0.8242508
203	6	-0.1389031	0.5746798	0.3609222
203	8	0.7062149	0.3590897	0.006877602
204	4	0.4814268	0.3116522	1.139380
204	5	-0.2059178	0.5078082	1.221072
204	6	-0.2032865	0.5762938	0.5346564
204	8	0.876121	0.3066088	0.02624999
205	4	0.4814268	0.3116522	1.139380
205	5	-0.2059178	0.5078082	1.221072
205	6	-0.2032865	0.5762938	0.5346564
205	8	0.876121	0.3066088	0.02624999
206	4	0.4814268	0.3116522	1.139380
206	5	-0.2059178	0.5078082	1.221072
206	6	-0.2032865	0.5762938	0.5346564
206	8	0.876121	0.3066088	0.02624999
207	4	0.4814268	0.3116522	1.139380
207	5	-0.2059178	0.5078082	1.221072
207	6	-0.2032865	0.5762938	0.5346564
207	8	0.876121	0.3066088	0.02624999
208	4	1.210714	0.1796599	0.2982569
208	5	1.198769	0.1794571	0.3354668
208	6	-0.1663196	0.4835865	1.344407
208	7	1.210714	0.1796599	0.2982569
208	8	-0.02739655	0.5611467	0.1664349
209	4	1.210714	0.1796599	0.2982569
209	5	1.198769	0.1794571	0.3354668
209	6	-0.1663196	0.4835865	1.344407
209	7	1.210714	0.1796599	0.2982569
209	8	-0.02739655	0.5611467	0.1664349
210	5	-0.1577893	0.5765727	0.3978195
210	8	1.219157	0.1647158	0.4214655
211	5	-0.1577893	0.5765727	0.3978195
211	8	1.219157	0.1647158	0.4214655
212	4	0.9894572	0.2068572	0.6807565
212	5	-0.01073402	0.4392188	1.325582
212	7	0.9894572	0.2068572	0.6807565
212	8	0.1254812	0.5257053	0.06713359
213	4	0.9894572	0.2068572	0.6807565
213	5	-0.01073402	0.4392188	1.325582
213	7	0.9894572	0.2068572	0.6807565
213	8	0.1254812	0.5257053	0.06713359
214	4	0.9894572	0.2068572	0.6807565
214	5	-0.01073402	0.4392188	1.325582
214	7	0.9894572	0.2068572	0.6807565
214	8	0.1254812	0.5257053	0.06713359
215	4	0.9894572	0.2068572	0.6807565
215	5	-0.01073402	0.4392188	1.325582
215	7	0.9894572	0.2068572	0.6807565
215	8	0.1254812	0.5257053	0.06713359
216	4	0.9894572	0.2068572	0.6807565
216	5	-0.01073402	0.4392188	1.325582
216	7	0.9894572	0.2068572	0.6807565
216	8	0.1254812	0.5257053	0.06713359
217	4	0.9894572	0.2068572	0.6807565
217	5	-0.01073402	0.4392188	1.325582
217	7	0.9894572	0.2068572	0.6807565
217	8	0.1254812	0.5257053	0.06713359
218	4	0.8948495	0.2216429	0.8130321
218	5	0.1784607	0.3838766	1.316467
218	7	0.8948495	0.2216429	0.8130321
218	8	0.09662236	0.5363354	0.04683738
219	4	1.263530	0.1614794	0.3227754
219	7	1.263530	0.1614794	0.3227754
219	8	-0.2690112	0.5967045	0.5260774
220	7	1.286442	0.1445901	0.4226210
220	8	-0.1893259	0.5860055	0.3972779
221	7	1.286442	0.1445901	0.4226210
221	8	-0.1893259	0.5860055	0.3972779
222	7	1.286442	0.1445901	0.4226210
222	8	-0.1893259	0.5860055	0.3972779
223	7	1.286442	0.1445901	0.4226210
223	8	-0.1893259	0.5860055	0.3972779
224	7	1.286442	0.1445901	0.4226210
224	8	-0.1893259	0.5860055	0.3972779
225	7	1.286442	0.1445901	0.4226210
225	8	-0.1893259	0.5860055	0.3972779
226	7	1.286442	0.1445901	0.4226210
226	8	-0.1893259	0.5860055	0.3972779
227	7	1.286442	0.1445901	0.4226210
227	8	-0.1893259	0.5860055	0.3972779
228	7	1.286442	0.1445901	0.4226210
228	8	-0.1893259	0.5860055	0.3972779
229	7	1.286442	0.1445901	0.4226210
229	8	-0.1893259	0.5860055	0.3972779
234	1	0.08945139	0.3959627	1.458997
234	2	0.08945139	0.3959627	1.458997
234	3	0.08945139	0.3959627	1.458997
234	4	0.6718774	0.3692399	0.007481389
234	5	0.6561168	0.3739359	0.007390025
234	7	0.6718774	0.3692399	0.007481389
234	8	-0.03990949	0.5655135	0.1600351
235	3	0.1863873	0.3609857	1.519947
235	4	0.7849868	0.3331457	0.03184063
235	5	0.765209	0.3391464	0.03065907
235	6	0.5247589	0.4111999	0.0252147
235	7	0.7849868	0.3331457	0.03184063
235	8	-0.2288181	0.5867248	0.5065279
236	3	0.1863873	0.3609857	1.519947
236	4	0.7849868	0.3331457	0.03184063
236	5	0.765209	0.3391464	0.03065907
236	6	0.5247589	0.4111999	0.0252147
236	7	0.7849868	0.3331457	0.03184063
236	8	-0.2288181	0.5867248	0.5065279
237	3	0.1863873	0.3609857	1.519947
237	4	0.7849868	0.3331457	0.03184063
237	5	0.765209	0.3391464	0.03065907
237	6	0.5247589	0.4111999	0.0252147
237	7	0.7849868	0.3331457	0.03184063
237	8	-0.2288181	0.5867248	0.5065279
238	1	0.1815729	0.3703520	1.441319
238	2	0.1803672	0.3709410	1.439035
238	3	0.1815729	0.3703520	1.441319
238	4	0.6103543	0.3874007	0.008815758
238	5	0.5944058	0.3921259	0.008989007
238	6	0.4499371	0.4345975	0.01384420
238	7	0.6103543	0.3874007	0.008815758
238	8	-0.1098957	0.5774019	0.2484668
239	1	0.1815729	0.3703520	1.441319
239	2	0.1803672	0.3709410	1.439035
239	3	0.1815729	0.3703520	1.441319
239	4	0.6103543	0.3874007	0.008815758
239	5	0.5944058	0.3921259	0.008989007
239	6	0.4499371	0.4345975	0.01384420
239	7	0.6103543	0.3874007	0.008815758
239	8	-0.1098957	0.5774019	0.2484668
240	1	0.1815729	0.3703520	1.441319
240	2	0.1803672	0.3709410	1.439035
240	3	0.1815729	0.3703520	1.441319
240	4	0.6103543	0.3874007	0.008815758
240	5	0.5944058	0.3921259	0.008989007
240	6	0.4499371	0.4345975	0.01384420
240	7	0.6103543	0.3874007	0.008815758
240	8	-0.1098957	0.5774019	0.2484668
241	1	0.1815729	0.3703520	1.441319
241	2	0.1803672	0.3709410	1.439035
241	3	0.1815729	0.3703520	1.441319
241	4	0.6103543	0.3874007	0.008815758
241	5	0.5944058	0.3921259	0.008989007
241	6	0.4499371	0.4345975	0.01384420
241	7	0.6103543	0.3874007	0.008815758
241	8	-0.1098957	0.5774019	0.2484668
242	1	0.1815729	0.3703520	1.441319
242	2	0.1803672	0.3709410	1.439035
242	3	0.1815729	0.3703520	1.441319
242	4	0.6103543	0.3874007	0.008815758
242	5	0.5944058	0.3921259	0.008989007
242	6	0.4499371	0.4345975	0.01384420
242	7	0.6103543	0.3874007	0.008815758
242	8	-0.1098957	0.5774019	0.2484668
243	1	0.1815729	0.3703520	1.441319
243	2	0.1803672	0.3709410	1.439035
243	3	0.1815729	0.3703520	1.441319
243	4	0.6103543	0.3874007	0.008815758
243	5	0.5944058	0.3921259	0.008989007
243	6	0.4499371	0.4345975	0.01384420
243	7	0.6103543	0.3874007	0.008815758
243	8	-0.1098957	0.5774019	0.2484668
244	1	0.1815729	0.3703520	1.441319
244	2	0.1803672	0.3709410	1.439035
244	3	0.1815729	0.3703520	1.441319
244	4	0.6103543	0.3874007	0.008815758
244	5	0.5944058	0.3921259	0.008989007
244	6	0.4499371	0.4345975	0.01384420
244	7	0.6103543	0.3874007	0.008815758
244	8	-0.1098957	0.5774019	0.2484668
245	1	0.405569	0.3182834	1.297210
245	2	0.4039573	0.3189258	1.295594
245	3	0.405569	0.3182834	1.297210
245	5	0.4744046	0.4280854	0.006274272
245	6	0.4001763	0.4495595	0.01221579
245	7	0.4744046	0.4280854	0.006274272
245	8	-0.1381495	0.5819421	0.2867348
246	3	1.286442	0.1445901	0.4226210
246	8	-0.1893259	0.5860055	0.3972779
247	1	0.1872683	0.3823337	1.305802
247	2	0.9045042	0.2190348	0.8104261
247	3	0.1872683	0.3823337	1.305802
247	8	0.223339	0.5021889	0.01179693
248	1	0.1872683	0.3823337	1.305802
248	2	0.9045042	0.2190348	0.8104261
248	3	0.1872683	0.3823337	1.305802
248	8	0.223339	0.5021889	0.01179693
249	1	0.1872683	0.3823337	1.305802
249	2	0.9045042	0.2190348	0.8104261
249	3	0.1872683	0.3823337	1.305802
249	8	0.223339	0.5021889	0.01179693
250	1	0.1872683	0.3823337	1.305802
250	2	0.9045042	0.2190348	0.8104261
250	3	0.1872683	0.3823337	1.305802
250	8	0.223339	0.5021889	0.01179693
271	1	1.120904	0.1941041	0.4197782
271	2	1.120904	0.1941041	0.4197782
271	3	1.120904	0.1941041	0.4197782
271	8	1.120904	0.1941041	0.4197782
272	1	1.120904	0.1941041	0.4197782
272	2	1.120904	0.1941041	0.4197782
272	3	1.120904	0.1941041	0.4197782
272	8	1.120904	0.1941041	0.4197782
273	1	1.120904	0.1941041	0.4197782
273	2	1.120904	0.1941041	0.4197782
273	3	1.120904	0.1941041	0.4197782
273	8	1.120904	0.1941041	0.4197782
274	1	1.120904	0.1941041	0.4197782
274	2	1.120904	0.1941041	0.4197782
274	3	1.120904	0.1941041	0.4197782
274	8	1.120904	0.1941041	0.4197782
275	1	1.120904	0.1941041	0.4197782
275	2	1.120904	0.1941041	0.4197782
275	3	1.120904	0.1941041	0.4197782
275	8	1.120904	0.1941041	0.4197782
276	1	-0.1437242	0.4737746	1.375053
276	2	-0.1437242	0.4737746	1.375053
276	3	-0.1437242	0.4737746	1.375053
276	5	0.9063241	0.2975206	0.02730522
276	6	0.3260016	0.4714150	0.01422057
276	7	0.9063241	0.2975206	0.02730522
276	8	-0.1437242	0.4737746	1.375053
277	1	-0.1815803	0.4853791	1.371614
277	2	-0.1815803	0.4853791	1.371614
277	5	1.012449	0.2616695	0.0698381
277	6	0.3527533	0.4636059	0.01277123
277	7	0.9795675	0.2744185	0.04039884
277	8	-0.1815803	0.4853791	1.371614
278	1	-0.1285591	0.5678296	0.3983215
278	2	-0.1285591	0.5678296	0.3983215
278	5	1.146793	0.1863604	0.4202228
278	7	1.212507	0.1667048	0.4213513
278	8	-0.1285591	0.5678296	0.3983215
279	1	-0.1556532	0.4919659	1.229938
279	2	-0.1556532	0.491966	1.229938
279	3	-0.1556532	0.4919660	1.229938
279	5	0.7732322	0.3356458	0.04170482
279	7	0.795252	0.3305327	0.02748495
279	8	-0.1556532	0.491966	1.229938
280	1	-0.1538554	0.4870351	1.273502
280	2	-0.1538554	0.4870351	1.273502
280	3	-0.1538554	0.4870351	1.273502
280	4	0.6848061	0.3637811	0.02347653
280	5	-0.0341688	0.556378	0.2336476
280	6	1.215373	0.1902066	0.1800136
280	7	0.6848061	0.3637811	0.02347653
280	8	-0.1538554	0.4870351	1.273502
281	1	-0.1538554	0.4870351	1.273502
281	2	-0.1538554	0.4870351	1.273502
281	3	-0.1538554	0.4870351	1.273502
281	4	0.6848061	0.3637811	0.02347653
281	5	-0.0341688	0.556378	0.2336476
281	6	1.215373	0.1902066	0.1800136
281	7	0.6848061	0.3637811	0.02347653
281	8	-0.1538554	0.4870351	1.273502
282	1	-0.1538554	0.4870351	1.273502
282	2	-0.1538554	0.4870351	1.273502
282	3	-0.1538554	0.4870351	1.273502
282	4	0.6848061	0.3637811	0.02347653
282	5	-0.0341688	0.556378	0.2336476
282	6	1.215373	0.1902066	0.1800136
282	7	0.6848061	0.3637811	0.02347653
282	8	-0.1538554	0.4870351	1.273502
283	1	-0.2358753	0.5306581	1.082919
283	2	-0.2358753	0.5306581	1.082919
283	3	-0.2358753	0.5306581	1.082919
283	4	0.9566138	0.2777637	0.0748902
283	5	-0.2358753	0.5306581	1.082919
283	6	0.9959344	0.2675355	0.06037492
283	7	0.9566138	0.2777637	0.0748902
283	8	-0.2358753	0.5306581	1.082919
284	1	1.120904	0.1941041	0.4197782
284	2	1.120904	0.1941041	0.4197782
284	3	1.120904	0.1941041	0.4197782
284	5	1.120904	0.1941041	0.4197782
284	8	1.120904	0.1941041	0.4197782
285	1	1.120904	0.1941041	0.4197782
285	2	1.120904	0.1941041	0.4197782
285	3	1.120904	0.1941041	0.4197782
285	5	1.120904	0.1941041	0.4197782
285	8	1.120904	0.1941041	0.4197782
286	1	1.120904	0.1941041	0.4197782
286	2	1.120904	0.1941041	0.4197782
286	3	1.120904	0.1941041	0.4197782
286	4	1.120904	0.1941041	0.4197782
286	5	1.120904	0.1941041	0.4197782
286	6	1.120904	0.1941041	0.4197782
286	7	1.120904	0.1941041	0.4197782
286	8	1.120904	0.1941041	0.4197782
287	1	1.120904	0.1941041	0.4197782
287	2	1.120904	0.1941041	0.4197782
287	3	1.120904	0.1941041	0.4197782
287	4	1.120904	0.1941041	0.4197782
287	5	1.120904	0.1941041	0.4197782
287	6	1.120904	0.1941041	0.4197782
287	7	1.120904	0.1941041	0.4197782
287	8	1.120904	0.1941041	0.4197782
288	1	1.120904	0.1941041	0.4197782
288	2	1.120904	0.1941041	0.4197782
288	3	1.120904	0.1941041	0.4197782
288	4	1.120904	0.1941041	0.4197782
288	5	1.120904	0.1941041	0.4197782
288	6	1.120904	0.1941041	0.4197782
288	7	1.120904	0.1941041	0.4197782
288	8	1.120904	0.1941041	0.4197782
289	1	1.120904	0.1941041	0.4197782
289	2	1.120904	0.1941041	0.4197782
289	3	1.120904	0.1941041	0.4197782
289	5	1.120904	0.1941041	0.4197782
289	6	1.120904	0.1941041	0.4197782
289	8	1.120904	0.1941041	0.4197782
290	1	-0.005367193	0.4434431	1.267906
290	2	-0.00536719	0.4434431	1.267906
290	3	-0.005367201	0.4434431	1.267906
290	5	0.5941447	0.3903491	0.02736646
290	6	0.5941447	0.3903491	0.02736646
290	8	-0.005367201	0.4434431	1.267906
291	1	-0.005367193	0.4434431	1.267906
291	2	-0.00536719	0.4434431	1.267906
291	3	-0.005367201	0.4434431	1.267906
291	5	0.5941447	0.3903491	0.02736646
291	6	0.5941447	0.3903491	0.02736646
291	8	-0.005367201	0.4434431	1.267906
292	5	-0.1197424	0.5651925	0.3984729
292	6	-0.1197424	0.5651925	0.3984729
292	8	1.164178	0.1811604	0.4205213
293	5	-0.1416502	0.5717453	0.3980967
293	6	-0.1416502	0.5717453	0.3980967
293	8	1.25262	0.1547067	0.4220401
294	5	-0.1416502	0.5717453	0.3980967
294	6	-0.1416502	0.5717453	0.3980967
294	8	1.25262	0.1547067	0.4220401
295	5	-0.1416502	0.5717453	0.3980967
295	6	-0.1416502	0.5717453	0.3980967
295	8	1.25262	0.1547067	0.4220401
296	5	-0.1416502	0.5717453	0.3980967
296	6	-0.1416502	0.5717453	0.3980967
296	8	1.25262	0.1547067	0.4220401
297	5	-0.1416502	0.5717453	0.3980967
297	6	-0.1416502	0.5717453	0.3980967
297	8	1.25262	0.1547067	0.4220401
298	4	0.7393932	0.2574222	0.9165834
298	5	-0.2383031	0.5251621	1.144537
298	6	-0.2383031	0.5251621	1.144537
298	7	0.7393932	0.2574222	0.9165834
298	8	0.471957	0.428909	0.005325112
299	4	0.6044329	0.2856208	1.034858
299	5	-0.214566	0.51003	1.224539
299	6	-0.214566	0.51003	1.224539
299	7	0.6044329	0.2856208	1.034858
299	8	0.4778626	0.4281364	-0.004421971
300	4	0.9328628	0.2158842	0.7580787
300	5	0.09591926	0.407409	1.32651
300	7	0.9328628	0.2158842	0.7580787
300	8	0.1109213	0.5310841	0.05673799
302	1	0.1686598	0.3749703	1.433607
302	2	0.1686598	0.3749703	1.433607
302	3	0.1686598	0.3749703	1.433607
302	4	0.6952686	0.3621193	0.009113021
302	5	0.6918229	0.3631232	0.009318453
302	6	0.6665333	0.3705222	0.01052228
302	7	0.6952686	0.3621193	0.009113021
302	8	-0.2888705	0.6009008	0.5430163
303	1	0.1686598	0.3749703	1.433607
303	2	0.1686598	0.3749703	1.433607
303	3	0.1686598	0.3749703	1.433607
303	4	0.6952686	0.3621193	0.009113021
303	5	0.6918229	0.3631232	0.009318453
303	6	0.6665333	0.3705222	0.01052228
303	7	0.6952686	0.3621193	0.009113021
303	8	-0.2888705	0.6009008	0.5430163
304	1	0.1686598	0.3749703	1.433607
304	2	0.1686598	0.3749703	1.433607
304	3	0.1686598	0.3749703	1.433607
304	4	0.6952686	0.3621193	0.009113021
304	5	0.6918229	0.3631232	0.009318453
304	6	0.6665333	0.3705222	0.01052228
304	7	0.6952686	0.3621193	0.009113021
304	8	-0.2888705	0.6009008	0.5430163
305	1	0.1686598	0.3749703	1.433607
305	2	0.1686598	0.3749703	1.433607
305	3	0.1686598	0.3749703	1.433607
305	4	0.6952686	0.3621193	0.009113021
305	5	0.6918229	0.3631232	0.009318453
305	6	0.6665333	0.3705222	0.01052228
305	7	0.6952686	0.3621193	0.009113021
305	8	-0.2888705	0.6009008	0.5430163
306	1	0.05086599	0.4057016	1.476195
306	2	0.05086599	0.4057016	1.476195
306	3	0.05086599	0.4057016	1.476195
306	4	0.6300313	0.3817242	0.007081695
306	5	0.5964425	0.3917305	0.006906265
306	6	0.1003849	0.5325801	0.07296282
306	7	0.6300313	0.3817242	0.007081695
307	1	0.05086599	0.4057016	1.476195
307	2	0.05086599	0.4057016	1.476195
307	3	0.05086599	0.4057016	1.476195
307	4	0.6300313	0.3817242	0.007081695
307	5	0.5964425	0.3917305	0.006906265
307	6	0.1003849	0.5325801	0.07296282
307	7	0.6300313	0.3817242	0.007081695
308	3	1.286442	0.1445901	0.4226210
308	7	-0.1893259	0.5860055	0.3972779
309	3	1.25262	0.1547067	0.4220401
309	7	-0.1736806	0.5813259	0.3975466
310	3	1.25262	0.1547067	0.4220401
310	7	-0.1736806	0.5813259	0.3975466
311	1	-0.048806	0.4471427	1.359252
311	3	-0.048806	0.4471427	1.359252
311	7	0.6074393	0.3890471	0.001091404
312	1	-0.048806	0.4471427	1.359252
312	3	-0.048806	0.4471427	1.359252
312	7	0.6074393	0.3890471	0.001091404
313	1	-0.048806	0.4471427	1.359252
313	3	-0.048806	0.4471427	1.359252
313	7	0.6074393	0.3890471	0.001091404
314	1	-0.063767	0.448428	1.390604
314	3	-0.063767	0.448428	1.390604
314	7	0.611306	0.3886478	-0.006346435
315	1	-0.1397744	0.4765246	1.336162
315	2	0.4723246	0.3124084	1.158709
315	3	-0.1397744	0.4765246	1.336162
315	7	0.5333355	0.4123222	-0.01118058
316	1	-0.1397744	0.4765246	1.336162
316	2	0.4723246	0.3124084	1.158709
316	3	-0.1397744	0.4765246	1.336162
316	7	0.5333355	0.4123222	-0.01118058
317	1	-0.1397744	0.4765246	1.336162
317	2	0.4723246	0.3124084	1.158709
317	3	-0.1397744	0.4765246	1.336162
317	7	0.5333355	0.4123222	-0.01118058
318	1	0.0601031	0.4099935	1.406444
318	2	0.547184	0.2905348	1.154866
318	3	0.0601031	0.4099935	1.406444
318	5	0.3649243	0.4608886	0.003832705
318	7	0.3649243	0.4608886	0.003832705
319	1	0.0601031	0.4099935	1.406444
319	2	0.547184	0.2905348	1.154866
319	3	0.0601031	0.4099935	1.406444
319	5	0.3649243	0.4608886	0.003832705
319	7	0.3649243	0.4608886	0.003832705
320	1	0.0601031	0.4099935	1.406444
320	2	0.547184	0.2905348	1.154866
320	3	0.0601031	0.4099935	1.406444
320	5	0.3649243	0.4608886	0.003832705
320	7	0.3649243	0.4608886	0.003832705
321	1	0.0601031	0.4099935	1.406444
321	2	0.547184	0.2905348	1.154866
321	3	0.0601031	0.4099935	1.406444
321	5	0.3649243	0.4608886	0.003832705
321	7	0.3649243	0.4608886	0.003832705
322	1	0.0601031	0.4099935	1.406444
322	2	0.547184	0.2905348	1.154866
322	3	0.0601031	0.4099935	1.406444
322	5	0.3649243	0.4608886	0.003832705
322	7	0.3649243	0.4608886	0.003832705
323	1	0.1040373	0.3873989	1.500878
323	5	0.614507	0.3857535	0.01290181
323	7	0.2476534	0.4922121	0.0390117
324	1	0.2074654	0.3679144	1.389173
324	3	0.2074654	0.3679144	1.389173
324	5	0.2448266	0.4943578	0.0260786
324	7	0.4956225	0.4221465	0.002599488
325	1	0.2074654	0.3679144	1.389173
325	3	0.2074654	0.3679144	1.389173
325	5	0.2448266	0.4943578	0.0260786
325	7	0.4956225	0.4221465	0.002599488
326	1	0.2074654	0.3679144	1.389173
326	3	0.2074654	0.3679144	1.389173
326	5	0.2448266	0.4943578	0.0260786
326	7	0.4956225	0.4221465	0.002599488
327	1	-0.063767	0.448428	1.390604
327	3	-0.063767	0.448428	1.390604
327	7	0.611306	0.3886478	-0.006346435
328	1	-0.063767	0.448428	1.390604
328	3	-0.063767	0.448428	1.390604
328	7	0.611306	0.3886478	-0.006346435
329	1	-0.063767	0.448428	1.390604
329	3	-0.063767	0.448428	1.390604
329	7	0.611306	0.3886478	-0.006346435
330	1	-0.063767	0.448428	1.390604
330	3	-0.063767	0.448428	1.390604
330	7	0.611306	0.3886478	-0.006346435
331	1	-0.063767	0.448428	1.390604
331	3	-0.063767	0.448428	1.390604
331	7	0.611306	0.3886478	-0.006346435
332	1	0.07651424	0.4015041	1.442209
332	2	-0.1474279	0.4657227	1.465758
332	3	0.07651424	0.4015041	1.442209
332	4	0.5852625	0.3954794	0.002701920
332	5	0.3896959	0.453106	0.007955585
332	7	0.5852625	0.3954794	0.002701920
333	1	0.07651424	0.4015041	1.442209
333	2	-0.1474279	0.4657227	1.465758
333	3	0.07651424	0.4015041	1.442209
333	4	0.5852625	0.3954794	0.002701920
333	5	0.3896959	0.453106	0.007955585
333	7	0.5852625	0.3954794	0.002701920
334	1	0.07651424	0.4015041	1.442209
334	2	-0.1474279	0.4657227	1.465758
334	3	0.07651424	0.4015041	1.442209
334	4	0.5852625	0.3954794	0.002701920
334	5	0.3896959	0.453106	0.007955585
334	7	0.5852625	0.3954794	0.002701920
335	1	0.07651424	0.4015041	1.442209
335	2	-0.1474279	0.4657227	1.465758
335	3	0.07651424	0.4015041	1.442209
335	4	0.5852625	0.3954794	0.002701920
335	5	0.3896959	0.453106	0.007955585
335	7	0.5852625	0.3954794	0.002701920
336	1	0.07651424	0.4015041	1.442209
336	2	-0.1474279	0.4657227	1.465758
336	3	0.07651424	0.4015041	1.442209
336	4	0.5852625	0.3954794	0.002701920
336	5	0.3896959	0.453106	0.007955585
336	7	0.5852625	0.3954794	0.002701920
337	1	0.07651424	0.4015041	1.442209
337	2	-0.1474279	0.4657227	1.465758
337	3	0.07651424	0.4015041	1.442209
337	4	0.5852625	0.3954794	0.002701920
337	5	0.3896959	0.453106	0.007955585
337	7	0.5852625	0.3954794	0.002701920
338	1	0.07651424	0.4015041	1.442209
338	2	-0.1474279	0.4657227	1.465758
338	3	0.07651424	0.4015041	1.442209
338	4	0.5852625	0.3954794	0.002701920
338	5	0.3896959	0.453106	0.007955585
338	7	0.5852625	0.3954794	0.002701920
339	1	0.07651424	0.4015041	1.442209
339	2	-0.1474279	0.4657227	1.465758
339	3	0.07651424	0.4015041	1.442209
339	4	0.5852625	0.3954794	0.002701920
339	5	0.3896959	0.453106	0.007955585
339	7	0.5852625	0.3954794	0.002701920
340	1	0.07651424	0.4015041	1.442209
340	2	-0.1474279	0.4657227	1.465758
340	3	0.07651424	0.4015041	1.442209
340	4	0.5852625	0.3954794	0.002701920
340	5	0.3896959	0.453106	0.007955585
340	7	0.5852625	0.3954794	0.002701920
341	1	0.07651424	0.4015041	1.442209
341	2	-0.1474279	0.4657227	1.465758
341	3	0.07651424	0.4015041	1.442209
341	4	0.5852625	0.3954794	0.002701920
341	5	0.3896959	0.453106	0.007955585
341	7	0.5852625	0.3954794	0.002701920
342	1	-0.02209236	0.4301297	1.449122
342	2	-0.02256091	0.4306031	1.445811
342	3	-0.02209236	0.4301297	1.449122
342	4	0.908239	0.2976896	0.01998766
342	7	0.908239	0.2976896	0.01998766
342	8	-0.006597667	0.5600222	0.1162863
343	1	-0.02209236	0.4301297	1.449122
343	2	-0.02256091	0.4306031	1.445811
343	3	-0.02209236	0.4301297	1.449122
343	4	0.908239	0.2976896	0.01998766
343	7	0.908239	0.2976896	0.01998766
343	8	-0.006597667	0.5600222	0.1162863
344	1	-0.02209236	0.4301297	1.449122
344	2	-0.02256091	0.4306031	1.445811
344	3	-0.02209236	0.4301297	1.449122
344	4	0.908239	0.2976896	0.01998766
344	7	0.908239	0.2976896	0.01998766
344	8	-0.006597667	0.5600222	0.1162863
345	1	0.2105267	0.3722455	1.337232
345	2	0.2114191	0.3723118	1.333945
345	3	0.2105267	0.3722455	1.337232
345	7	0.8425796	0.3187058	0.005215848
345	8	0.01859003	0.55469	0.0949018
346	2	0.2081283	0.3694	1.372497
346	3	0.2081283	0.3694	1.372497
346	7	0.8977965	0.3012342	0.01563540
346	8	-0.01564357	0.5612713	0.1305655
347	2	0.2081283	0.3694	1.372497
347	3	0.2081283	0.3694	1.372497
347	7	0.8977965	0.3012342	0.01563540
347	8	-0.01564357	0.5612713	0.1305655
348	2	0.00547891	0.4147858	1.519924
348	3	0.00547891	0.4147858	1.519924
348	4	1.055119	0.2500020	0.0597146
348	6	-0.01947916	0.5598956	0.1555008
348	7	0.3219442	0.4715458	0.02488102
348	8	0.8163572	0.3246728	0.02335963
349	2	0.02906337	0.4075214	1.522411
349	3	0.02906337	0.4075214	1.522411
349	4	0.6671771	0.3699345	0.01444955
349	6	0.04253530	0.5455496	0.1149158
349	7	0.6671771	0.3699345	0.01444955
349	8	0.6593704	0.3722741	0.01426999
350	2	0.02866209	0.4075159	1.523648
350	3	0.02866209	0.4075159	1.523648
350	4	0.6664922	0.3701493	0.01433877
350	6	0.04337994	0.5453706	0.1142002
350	7	0.6664922	0.3701493	0.01433877
350	8	0.6587011	0.3724841	0.01416153
351	4	1.171599	0.2005456	0.2065550
351	6	-0.3016433	0.5592359	0.9935357
351	7	1.171599	0.2005456	0.2065550
351	8	0.7157595	0.3534430	0.03470755
352	4	1.111559	0.2248042	0.1430942
352	5	0.1419029	0.5182007	0.09310818
352	6	-0.2476182	0.5145616	1.277034
352	7	1.111559	0.2248042	0.1430942
352	8	1.111559	0.2248042	0.1430942
353	4	1.111559	0.2248042	0.1430942
353	5	0.1419029	0.5182007	0.09310818
353	6	-0.2476182	0.5145616	1.277034
353	7	1.111559	0.2248042	0.1430942
353	8	1.111559	0.2248042	0.1430942
354	4	1.111559	0.2248042	0.1430942
354	5	0.1419029	0.5182007	0.09310818
354	6	-0.2476182	0.5145616	1.277034
354	7	1.111559	0.2248042	0.1430942
354	8	1.111559	0.2248042	0.1430942
355	4	1.115268	0.1875615	0.5012204
355	5	-0.09420413	0.4668473	1.297771
355	6	0.09953444	0.5303289	0.09777756
355	8	1.115268	0.1875615	0.5012204
356	4	1.115268	0.1875615	0.5012204
356	5	-0.09420413	0.4668473	1.297771
356	6	0.09953444	0.5303289	0.09777756
356	8	1.115268	0.1875615	0.5012204
357	4	1.115268	0.1875615	0.5012204
357	5	-0.09420413	0.4668473	1.297771
357	6	0.09953444	0.5303289	0.09777756
357	8	1.115268	0.1875615	0.5012204
358	4	1.115268	0.1875615	0.5012204
358	5	-0.09420413	0.4668473	1.297771
358	6	0.09953444	0.5303289	0.09777756
358	8	1.115268	0.1875615	0.5012204
359	2	1.133222	0.1835495	0.4880706
359	3	1.133222	0.1835495	0.4880706
359	4	0.9747204	0.2145417	0.648034
359	5	-0.2703167	0.5448819	1.043463
359	6	0.06534296	0.5394702	0.1079488
359	7	0.9747204	0.2145417	0.648034
359	8	0.9747204	0.2145417	0.648034
360	2	1.133222	0.1835495	0.4880706
360	3	1.133222	0.1835495	0.4880706
360	4	0.9747204	0.2145417	0.648034
360	5	-0.2703167	0.5448819	1.043463
360	6	0.06534296	0.5394702	0.1079488
360	7	0.9747204	0.2145417	0.648034
360	8	0.9747204	0.2145417	0.648034
361	2	1.133222	0.1835495	0.4880706
361	3	1.133222	0.1835495	0.4880706
361	4	0.9747204	0.2145417	0.648034
361	5	-0.2703167	0.5448819	1.043463
361	6	0.06534296	0.5394702	0.1079488
361	7	0.9747204	0.2145417	0.648034
361	8	0.9747204	0.2145417	0.648034
362	2	1.133222	0.1835495	0.4880706
362	3	1.133222	0.1835495	0.4880706
362	4	0.9747204	0.2145417	0.648034
362	5	-0.2703167	0.5448819	1.043463
362	6	0.06534296	0.5394702	0.1079488
362	7	0.9747204	0.2145417	0.648034
362	8	0.9747204	0.2145417	0.648034
363	2	1.133222	0.1835495	0.4880706
363	3	1.133222	0.1835495	0.4880706
363	4	0.9747204	0.2145417	0.648034
363	5	-0.2703167	0.5448819	1.043463
363	6	0.06534296	0.5394702	0.1079488
363	7	0.9747204	0.2145417	0.648034
363	8	0.9747204	0.2145417	0.648034
364	2	0.1092589	0.4076549	1.284763
364	3	0.1092589	0.4076549	1.284763
364	4	0.125559	0.4072389	1.240851
364	6	0.4764078	0.4268662	0.01245209
364	8	0.125559	0.4072389	1.240851
365	2	0.1092589	0.4076549	1.284763
365	3	0.1092589	0.4076549	1.284763
365	4	0.125559	0.4072389	1.240851
365	6	0.4764078	0.4268662	0.01245209
365	8	0.125559	0.4072389	1.240851
366	2	0.04228097	0.4267454	1.292959
366	3	0.04228095	0.4267455	1.292959
366	4	0.06133445	0.4255798	1.248362
366	5	0.06133447	0.4255798	1.248362
366	6	0.5392876	0.4083642	0.01050124
366	7	0.0613345	0.4255798	1.248362
366	8	0.06133447	0.4255798	1.248362
367	2	0.4421728	0.323337	1.139265
367	3	0.4421727	0.323337	1.139265
367	6	0.2469458	0.4922908	0.04031698
368	2	0.1626985	0.3845601	1.356143
368	3	0.1626985	0.3845601	1.356143
368	4	0.6347234	0.3782400	0.0277826
368	5	0.6347234	0.3782400	0.0277826
368	6	-0.2333691	0.5808691	0.5779667
368	7	0.6347234	0.3782400	0.0277826
368	8	0.7753888	0.3371196	0.0207452
369	1	-0.09396902	0.4660309	1.305168
369	2	-0.09396902	0.4660309	1.305168
369	3	-0.09396902	0.4660309	1.305168
369	4	1.093567	0.2325434	0.1194226
369	5	1.093567	0.2325434	0.1194226
369	6	0.1535736	0.5176586	0.06408783
369	7	1.093567	0.2325434	0.1194226
369	8	-0.1665228	0.4989141	1.193117
370	1	-0.09396902	0.4660309	1.305168
370	2	-0.09396902	0.4660309	1.305168
370	3	-0.09396902	0.4660309	1.305168
370	4	1.093567	0.2325434	0.1194226
370	5	1.093567	0.2325434	0.1194226
370	6	0.1535736	0.5176586	0.06408783
370	7	1.093567	0.2325434	0.1194226
370	8	-0.1665228	0.4989141	1.193117
371	1	-0.09396902	0.4660309	1.305168
371	2	-0.09396902	0.4660309	1.305168
371	3	-0.09396902	0.4660309	1.305168
371	4	1.093567	0.2325434	0.1194226
371	5	1.093567	0.2325434	0.1194226
371	6	0.1535736	0.5176586	0.06408783
371	7	1.093567	0.2325434	0.1194226
371	8	-0.1665228	0.4989141	1.193117
372	1	-0.09396902	0.4660309	1.305168
372	2	-0.09396902	0.4660309	1.305168
372	3	-0.09396902	0.4660309	1.305168
372	4	1.093567	0.2325434	0.1194226
372	5	1.093567	0.2325434	0.1194226
372	6	0.1535736	0.5176586	0.06408783
372	7	1.093567	0.2325434	0.1194226
372	8	-0.1665228	0.4989141	1.193117
373	1	-0.09396902	0.4660309	1.305168
373	2	-0.09396902	0.4660309	1.305168
373	3	-0.09396902	0.4660309	1.305168
373	4	1.093567	0.2325434	0.1194226
373	5	1.093567	0.2325434	0.1194226
373	6	0.1535736	0.5176586	0.06408783
373	7	1.093567	0.2325434	0.1194226
373	8	-0.1665228	0.4989141	1.193117
374	1	-0.09396902	0.4660309	1.305168
374	2	-0.09396902	0.4660309	1.305168
374	3	-0.09396902	0.4660309	1.305168
374	4	1.093567	0.2325434	0.1194226
374	5	1.093567	0.2325434	0.1194226
374	6	0.1535736	0.5176586	0.06408783
374	7	1.093567	0.2325434	0.1194226
374	8	-0.1665228	0.4989141	1.193117
375	1	-0.09396902	0.4660309	1.305168
375	2	-0.09396902	0.4660309	1.305168
375	3	-0.09396902	0.4660309	1.305168
375	4	1.093567	0.2325434	0.1194226
375	5	1.093567	0.2325434	0.1194226
375	6	0.1535736	0.5176586	0.06408783
375	7	1.093567	0.2325434	0.1194226
375	8	-0.1665228	0.4989141	1.193117
376	1	-0.09396902	0.4660309	1.305168
376	2	-0.09396902	0.4660309	1.305168
376	3	-0.09396902	0.4660309	1.305168
376	4	1.093567	0.2325434	0.1194226
376	5	1.093567	0.2325434	0.1194226
376	6	0.1535736	0.5176586	0.06408783
376	7	1.093567	0.2325434	0.1194226
376	8	-0.1665228	0.4989141	1.193117
377	1	-0.09396902	0.4660309	1.305168
377	2	-0.09396902	0.4660309	1.305168
377	3	-0.09396902	0.4660309	1.305168
377	4	1.093567	0.2325434	0.1194226
377	5	1.093567	0.2325434	0.1194226
377	6	0.1535736	0.5176586	0.06408783
377	7	1.093567	0.2325434	0.1194226
377	8	-0.1665228	0.4989141	1.193117
378	1	-0.09396902	0.4660309	1.305168
378	2	-0.09396902	0.4660309	1.305168
378	3	-0.09396902	0.4660309	1.305168
378	4	1.093567	0.2325434	0.1194226
378	5	1.093567	0.2325434	0.1194226
378	6	0.1535736	0.5176586	0.06408783
378	7	1.093567	0.2325434	0.1194226
378	8	-0.1665228	0.4989141	1.193117
379	1	-0.151988	0.4891816	1.246729
379	2	-0.151988	0.4891816	1.246729
379	3	-0.151988	0.4891816	1.246729
379	4	1.035014	0.2532767	0.08651076
379	5	1.035014	0.2532767	0.08651076
379	6	0.2387318	0.4952565	0.03513319
379	7	1.035014	0.2532767	0.08651076
379	8	-0.1536734	0.4712883	1.429009
380	1	-0.151988	0.4891816	1.246729
380	2	-0.151988	0.4891816	1.246729
380	3	-0.151988	0.4891816	1.246729
380	4	1.035014	0.2532767	0.08651076
380	5	1.035014	0.2532767	0.08651076
380	6	0.2387318	0.4952565	0.03513319
380	7	1.035014	0.2532767	0.08651076
380	8	-0.1536734	0.4712883	1.429009
381	1	-0.151988	0.4891816	1.246729
381	2	-0.151988	0.4891816	1.246729
381	3	-0.151988	0.4891816	1.246729
381	4	1.035014	0.2532767	0.08651076
381	5	1.035014	0.2532767	0.08651076
381	6	0.2387318	0.4952565	0.03513319
381	7	1.035014	0.2532767	0.08651076
381	8	-0.1536734	0.4712883	1.429009
382	1	-0.151988	0.4891816	1.246729
382	2	-0.151988	0.4891816	1.246729
382	3	-0.151988	0.4891816	1.246729
382	4	1.035014	0.2532767	0.08651076
382	5	1.035014	0.2532767	0.08651076
382	6	0.2387318	0.4952565	0.03513319
382	7	1.035014	0.2532767	0.08651076
382	8	-0.1536734	0.4712883	1.429009
383	5	1.142463	0.1876557	0.4201484
383	6	-0.1307521	0.5684856	0.3982838
383	7	1.142463	0.1876557	0.4201484
