1	1	1.120904	0.1941041	0.4197782
1	2	1.120904	0.1941041	0.4197782
1	3	1.120904	0.1941041	0.4197782
1	4	1.120904	0.1941041	0.4197782
1	5	1.120904	0.1941041	0.4197782
1	6	1.120904	0.1941041	0.4197782
1	7	1.120904	0.1941041	0.4197782
1	8	1.120904	0.1941041	0.4197782
1	9	1.120904	0.1941041	0.4197782
1	10	1.120904	0.1941041	0.4197782
1	11	1.120904	0.1941041	0.4197782
1	12	1.120904	0.1941041	0.4197782
2	1	1.120904	0.1941041	0.4197782
2	2	1.120904	0.1941041	0.4197782
2	3	1.120904	0.1941041	0.4197782
2	4	1.120904	0.1941041	0.4197782
2	5	1.120904	0.1941041	0.4197782
2	6	1.120904	0.1941041	0.4197782
2	7	1.120904	0.1941041	0.4197782
2	8	1.120904	0.1941041	0.4197782
2	9	1.120904	0.1941041	0.4197782
2	10	1.120904	0.1941041	0.4197782
2	11	1.120904	0.1941041	0.4197782
2	12	1.120904	0.1941041	0.4197782
3	1	1.120904	0.1941041	0.4197782
3	2	1.120904	0.1941041	0.4197782
3	3	1.120904	0.1941041	0.4197782
3	4	1.120904	0.1941041	0.4197782
3	5	1.120904	0.1941041	0.4197782
3	6	1.120904	0.1941041	0.4197782
3	7	1.120904	0.1941041	0.4197782
3	8	1.120904	0.1941041	0.4197782
3	9	1.120904	0.1941041	0.4197782
3	10	1.120904	0.1941041	0.4197782
3	11	1.120904	0.1941041	0.4197782
3	12	1.120904	0.1941041	0.4197782
4	1	1.120904	0.1941041	0.4197782
4	2	1.120904	0.1941041	0.4197782
4	3	1.120904	0.1941041	0.4197782
4	4	1.120904	0.1941041	0.4197782
4	5	1.120904	0.1941041	0.4197782
4	6	1.120904	0.1941041	0.4197782
4	7	1.120904	0.1941041	0.4197782
4	8	1.120904	0.1941041	0.4197782
4	9	1.120904	0.1941041	0.4197782
4	10	1.120904	0.1941041	0.4197782
4	11	1.120904	0.1941041	0.4197782
4	12	1.120904	0.1941041	0.4197782
5	1	1.120904	0.1941041	0.4197782
5	2	1.120904	0.1941041	0.4197782
5	3	1.120904	0.1941041	0.4197782
5	4	1.120904	0.1941041	0.4197782
5	5	1.120904	0.1941041	0.4197782
5	6	1.120904	0.1941041	0.4197782
5	7	1.120904	0.1941041	0.4197782
5	8	1.120904	0.1941041	0.4197782
5	9	1.120904	0.1941041	0.4197782
5	10	1.120904	0.1941041	0.4197782
5	11	1.120904	0.1941041	0.4197782
5	12	1.120904	0.1941041	0.4197782
6	1	1.120904	0.1941041	0.4197782
6	2	1.120904	0.1941041	0.4197782
6	3	1.120904	0.1941041	0.4197782
6	4	1.120904	0.1941041	0.4197782
6	5	1.120904	0.1941041	0.4197782
6	6	1.120904	0.1941041	0.4197782
6	7	1.120904	0.1941041	0.4197782
6	8	1.120904	0.1941041	0.4197782
6	9	1.120904	0.1941041	0.4197782
6	10	1.120904	0.1941041	0.4197782
6	11	1.120904	0.1941041	0.4197782
6	12	1.120904	0.1941041	0.4197782
9	1	1.192314	0.1727996	0.4204624
9	2	-0.1161523	0.5640674	0.3990429
9	3	-0.1161523	0.5640674	0.3990429
9	4	-0.1161523	0.5640674	0.3990429
9	5	-0.1161523	0.5640674	0.3990429
9	6	-0.1161523	0.5640674	0.3990429
9	7	-0.1161523	0.5640674	0.3990429
9	8	-0.1161523	0.5640674	0.3990429
9	9	1.192314	0.1727996	0.4204624
9	10	-0.1161523	0.5640674	0.3990429
9	11	-0.1161523	0.5640674	0.3990429
9	12	-0.1161523	0.5640674	0.3990429
10	1	1.192314	0.1727996	0.4204624
10	2	-0.1161523	0.5640674	0.3990429
10	3	-0.1161523	0.5640674	0.3990429
10	4	-0.1161523	0.5640674	0.3990429
10	5	-0.1161523	0.5640674	0.3990429
10	6	-0.1161523	0.5640674	0.3990429
10	7	-0.1161523	0.5640674	0.3990429
10	8	-0.1161523	0.5640674	0.3990429
10	9	1.192314	0.1727996	0.4204624
10	10	-0.1161523	0.5640674	0.3990429
10	11	-0.1161523	0.5640674	0.3990429
10	12	-0.1161523	0.5640674	0.3990429
11	1	1.192314	0.1727996	0.4204624
11	2	-0.1161523	0.5640674	0.3990429
11	3	-0.1161523	0.5640674	0.3990429
11	4	-0.1161523	0.5640674	0.3990429
11	5	-0.1161523	0.5640674	0.3990429
11	6	-0.1161523	0.5640674	0.3990429
11	7	-0.1161523	0.5640674	0.3990429
11	8	-0.1161523	0.5640674	0.3990429
11	9	1.192314	0.1727996	0.4204624
11	10	-0.1161523	0.5640674	0.3990429
11	11	-0.1161523	0.5640674	0.3990429
11	12	-0.1161523	0.5640674	0.3990429
12	2	-0.1128667	0.5630794	0.3991505
12	3	-0.1128666	0.5630794	0.3991504
12	4	-0.1128667	0.5630794	0.3991505
12	5	-0.1128667	0.5630794	0.3991505
12	6	-0.1128667	0.5630794	0.3991505
12	7	-0.1128667	0.5630794	0.3991505
12	8	-0.1128667	0.5630794	0.3991505
12	9	1.198896	0.1708372	0.420512
12	10	-0.1128667	0.5630794	0.3991505
12	11	-0.1128667	0.5630794	0.3991505
12	12	-0.1128667	0.5630794	0.3991505
13	2	-0.1128667	0.5630794	0.3991505
13	3	-0.1128666	0.5630794	0.3991504
13	4	-0.1128667	0.5630794	0.3991505
13	5	-0.1128667	0.5630794	0.3991505
13	6	-0.1128667	0.5630794	0.3991505
13	7	-0.1128667	0.5630794	0.3991505
13	8	-0.1128667	0.5630794	0.3991505
13	9	1.198896	0.1708372	0.420512
13	10	-0.1128667	0.5630794	0.3991505
13	11	-0.1128667	0.5630794	0.3991505
13	12	-0.1128667	0.5630794	0.3991505
14	1	1.120904	0.1941041	0.4197782
14	2	1.120904	0.1941041	0.4197782
14	3	1.120904	0.1941041	0.4197782
14	4	1.120904	0.1941041	0.4197782
14	5	1.120904	0.1941041	0.4197782
14	6	1.120904	0.1941041	0.4197782
14	7	1.120904	0.1941041	0.4197782
14	8	1.120904	0.1941041	0.4197782
14	9	1.120904	0.1941041	0.4197782
14	10	1.120904	0.1941041	0.4197782
14	11	1.120904	0.1941041	0.4197782
14	12	1.120904	0.1941041	0.4197782
15	1	1.120904	0.1941041	0.4197782
15	2	1.120904	0.1941041	0.4197782
15	3	1.120904	0.1941041	0.4197782
15	4	1.120904	0.1941041	0.4197782
15	5	1.120904	0.1941041	0.4197782
15	6	1.120904	0.1941041	0.4197782
15	7	1.120904	0.1941041	0.4197782
15	8	1.120904	0.1941041	0.4197782
15	9	1.120904	0.1941041	0.4197782
15	10	1.120904	0.1941041	0.4197782
15	11	1.120904	0.1941041	0.4197782
15	12	1.120904	0.1941041	0.4197782
16	1	1.120904	0.1941041	0.4197782
16	2	1.120904	0.1941041	0.4197782
16	3	1.120904	0.1941041	0.4197782
16	4	1.120904	0.1941041	0.4197782
16	5	1.120904	0.1941041	0.4197782
16	6	1.120904	0.1941041	0.4197782
16	7	1.120904	0.1941041	0.4197782
16	8	1.120904	0.1941041	0.4197782
16	9	1.120904	0.1941041	0.4197782
16	10	1.120904	0.1941041	0.4197782
16	11	1.120904	0.1941041	0.4197782
16	12	1.120904	0.1941041	0.4197782
18	1	-0.1210599	0.565258	0.401706
18	2	-0.1210598	0.565258	0.4017058
18	3	-0.1210599	0.565258	0.401706
18	4	-0.1426582	0.5717018	0.4014983
18	5	-0.1210599	0.565258	0.401706
18	6	-0.1210599	0.565258	0.401706
18	7	-0.1210599	0.565258	0.401706
18	8	-0.1210599	0.565258	0.401706
18	9	-0.1210599	0.565258	0.401706
18	10	1.410018	0.1080523	0.4205329
18	11	-0.1210599	0.565258	0.401706
18	12	-0.1210599	0.565258	0.401706
19	1	-0.1210599	0.565258	0.401706
19	2	-0.1210598	0.565258	0.4017058
19	3	-0.1210599	0.565258	0.401706
19	4	-0.1426582	0.5717018	0.4014983
19	5	-0.1210599	0.565258	0.401706
19	6	-0.1210599	0.565258	0.401706
19	7	-0.1210599	0.565258	0.401706
19	8	-0.1210599	0.565258	0.401706
19	9	-0.1210599	0.565258	0.401706
19	10	1.410018	0.1080523	0.4205329
19	11	-0.1210599	0.565258	0.401706
19	12	-0.1210599	0.565258	0.401706
20	1	-0.1210599	0.565258	0.401706
20	2	-0.1210598	0.565258	0.4017058
20	3	-0.1210599	0.565258	0.401706
20	4	-0.1426582	0.5717018	0.4014983
20	5	-0.1210599	0.565258	0.401706
20	6	-0.1210599	0.565258	0.401706
20	7	-0.1210599	0.565258	0.401706
20	8	-0.1210599	0.565258	0.401706
20	9	-0.1210599	0.565258	0.401706
20	10	1.410018	0.1080523	0.4205329
20	11	-0.1210599	0.565258	0.401706
20	12	-0.1210599	0.565258	0.401706
22	1	1.120904	0.1941041	0.4197782
22	2	1.120904	0.1941041	0.4197782
22	3	1.120904	0.1941041	0.4197782
22	4	1.120904	0.1941041	0.4197782
22	5	1.120904	0.1941041	0.4197782
22	6	1.120904	0.1941041	0.4197782
22	7	1.120904	0.1941041	0.4197782
22	8	1.120904	0.1941041	0.4197782
22	9	1.120904	0.1941041	0.4197782
22	10	1.120904	0.1941041	0.4197782
22	11	1.120904	0.1941041	0.4197782
22	12	1.120904	0.1941041	0.4197782
23	1	1.120904	0.1941041	0.4197782
23	2	1.120904	0.1941041	0.4197782
23	3	1.120904	0.1941041	0.4197782
23	4	1.120904	0.1941041	0.4197782
23	5	1.120904	0.1941041	0.4197782
23	6	1.120904	0.1941041	0.4197782
23	7	1.120904	0.1941041	0.4197782
23	8	1.120904	0.1941041	0.4197782
23	9	1.120904	0.1941041	0.4197782
23	10	1.120904	0.1941041	0.4197782
23	11	1.120904	0.1941041	0.4197782
23	12	1.120904	0.1941041	0.4197782
24	1	1.120904	0.1941041	0.4197782
24	2	1.120904	0.1941041	0.4197782
24	3	1.120904	0.1941041	0.4197782
24	4	1.120904	0.1941041	0.4197782
24	5	1.120904	0.1941041	0.4197782
24	6	1.120904	0.1941041	0.4197782
24	7	1.120904	0.1941041	0.4197782
24	8	1.120904	0.1941041	0.4197782
24	9	1.120904	0.1941041	0.4197782
24	10	1.120904	0.1941041	0.4197782
24	11	1.120904	0.1941041	0.4197782
24	12	1.120904	0.1941041	0.4197782
25	1	1.120904	0.1941041	0.4197782
25	2	1.120904	0.1941041	0.4197782
25	3	1.120904	0.1941041	0.4197782
25	4	1.120904	0.1941041	0.4197782
25	5	1.120904	0.1941041	0.4197782
25	6	1.120904	0.1941041	0.4197782
25	7	1.120904	0.1941041	0.4197782
25	8	1.120904	0.1941041	0.4197782
25	9	1.120904	0.1941041	0.4197782
25	10	1.120904	0.1941041	0.4197782
25	11	1.120904	0.1941041	0.4197782
25	12	1.120904	0.1941041	0.4197782
26	1	1.120904	0.1941041	0.4197782
26	2	1.120904	0.1941041	0.4197782
26	3	1.120904	0.1941041	0.4197782
26	4	1.120904	0.1941041	0.4197782
26	5	1.120904	0.1941041	0.4197782
26	6	1.120904	0.1941041	0.4197782
26	7	1.120904	0.1941041	0.4197782
26	8	1.120904	0.1941041	0.4197782
26	9	1.120904	0.1941041	0.4197782
26	10	1.120904	0.1941041	0.4197782
26	11	1.120904	0.1941041	0.4197782
26	12	1.120904	0.1941041	0.4197782
27	1	1.120904	0.1941041	0.4197782
27	2	1.120904	0.1941041	0.4197782
27	3	1.120904	0.1941041	0.4197782
27	4	1.120904	0.1941041	0.4197782
27	5	1.120904	0.1941041	0.4197782
27	6	1.120904	0.1941041	0.4197782
27	7	1.120904	0.1941041	0.4197782
27	8	1.120904	0.1941041	0.4197782
27	9	1.120904	0.1941041	0.4197782
27	10	1.120904	0.1941041	0.4197782
27	11	1.120904	0.1941041	0.4197782
27	12	1.120904	0.1941041	0.4197782
28	1	1.120904	0.1941041	0.4197782
28	2	1.120904	0.1941041	0.4197782
28	3	1.120904	0.1941041	0.4197782
28	4	1.120904	0.1941041	0.4197782
28	5	1.120904	0.1941041	0.4197782
28	6	1.120904	0.1941041	0.4197782
28	7	1.120904	0.1941041	0.4197782
28	8	1.120904	0.1941041	0.4197782
28	9	1.120904	0.1941041	0.4197782
28	10	1.120904	0.1941041	0.4197782
28	11	1.120904	0.1941041	0.4197782
28	12	1.120904	0.1941041	0.4197782
29	1	1.120904	0.1941041	0.4197782
29	2	1.120904	0.1941041	0.4197782
29	3	1.120904	0.1941041	0.4197782
29	4	1.120904	0.1941041	0.4197782
29	5	1.120904	0.1941041	0.4197782
29	6	1.120904	0.1941041	0.4197782
29	7	1.120904	0.1941041	0.4197782
29	8	1.120904	0.1941041	0.4197782
29	9	1.120904	0.1941041	0.4197782
29	10	1.120904	0.1941041	0.4197782
29	11	1.120904	0.1941041	0.4197782
29	12	1.120904	0.1941041	0.4197782
30	3	1.152922	0.1845717	0.4198865
30	9	-0.1142971	0.5635203	0.3989973
30	11	-0.1142971	0.5635203	0.3989973
30	12	-0.1142971	0.5635203	0.3989973
31	3	1.142074	0.1877719	0.4201418
31	9	-0.1195437	0.565133	0.3984763
32	3	1.142074	0.1877719	0.4201418
32	9	-0.1195437	0.565133	0.3984763
33	3	1.142074	0.1877719	0.4201418
33	9	-0.1195437	0.565133	0.3984763
34	3	1.206494	0.1685033	0.421248
34	9	-0.1516661	0.5747411	0.3979247
35	3	1.206494	0.1685033	0.421248
35	9	-0.1516661	0.5747411	0.3979247
36	3	1.206494	0.1685033	0.421248
36	9	-0.1516661	0.5747411	0.3979247
43	1	1.188122	0.174036	0.4205615
43	2	-0.1397152	0.5711293	0.3984986
43	3	1.231578	0.1610398	0.4212901
43	7	-0.1397152	0.5711293	0.3984986
43	8	-0.1397152	0.5711293	0.3984986
43	9	1.188122	0.174036	0.4205615
43	10	-0.1397152	0.5711293	0.3984986
44	1	-0.3073457	0.5702731	0.9009668
44	2	0.03635447	0.5457934	0.1307134
44	3	-0.3250220	0.548247	1.171324
44	4	1.375696	0.1190520	0.4126750
44	5	1.326066	0.1332110	0.4186178
44	6	1.326066	0.1332110	0.4186178
44	7	0.03635447	0.5457934	0.1307134
44	8	0.03635447	0.5457934	0.1307134
44	9	-0.3073457	0.5702731	0.9009668
44	10	0.03635447	0.5457934	0.1307134
45	1	-0.3045342	0.5681813	0.9134103
45	2	0.05645973	0.5411746	0.1172368
45	3	-0.3144926	0.544605	1.176387
45	4	1.344581	0.1307364	0.3885795
45	5	1.344581	0.1307364	0.3885795
45	6	1.344581	0.1307364	0.3885795
45	7	0.05645973	0.5411746	0.1172368
45	8	0.05645973	0.5411746	0.1172368
45	9	-0.3045342	0.5681813	0.9134103
45	10	0.05645973	0.5411746	0.1172368
45	11	-0.09497238	0.4715134	1.253795
45	12	-0.09497238	0.4715134	1.253795
46	1	-0.3045342	0.5681813	0.9134103
46	2	0.05645973	0.5411746	0.1172368
46	3	-0.3144926	0.544605	1.176387
46	4	1.344581	0.1307364	0.3885795
46	5	1.344581	0.1307364	0.3885795
46	6	1.344581	0.1307364	0.3885795
46	7	0.05645973	0.5411746	0.1172368
46	8	0.05645973	0.5411746	0.1172368
46	9	-0.3045342	0.5681813	0.9134103
46	10	0.05645973	0.5411746	0.1172368
46	11	-0.09497238	0.4715134	1.253795
46	12	-0.09497238	0.4715134	1.253795
47	1	-0.1580302	0.5765092	0.3991583
47	2	-0.1580302	0.5765092	0.3991582
47	3	-0.1580302	0.5765092	0.3991583
47	4	1.327852	0.1323547	0.4218408
47	5	1.327852	0.1323547	0.4218408
47	6	1.327852	0.1323547	0.4218408
47	7	-0.1580302	0.5765092	0.3991583
47	9	-0.1580302	0.5765092	0.3991583
47	10	-0.1580302	0.5765092	0.3991583
47	11	-0.1151615	0.5636993	0.3997709
47	12	-0.1151615	0.5636993	0.3997709
48	1	1.120904	0.1941041	0.4197782
48	2	1.120904	0.1941041	0.4197782
48	3	1.120904	0.1941041	0.4197782
48	4	1.120904	0.1941041	0.4197782
48	5	1.120904	0.1941041	0.4197782
48	6	1.120904	0.1941041	0.4197782
48	7	1.120904	0.1941041	0.4197782
48	8	1.120904	0.1941041	0.4197782
48	9	1.120904	0.1941041	0.4197782
48	10	1.120904	0.1941041	0.4197782
48	11	1.120904	0.1941041	0.4197782
48	12	1.120904	0.1941041	0.4197782
49	1	1.120904	0.1941041	0.4197782
49	2	1.120904	0.1941041	0.4197782
49	3	1.120904	0.1941041	0.4197782
49	4	1.120904	0.1941041	0.4197782
49	5	1.120904	0.1941041	0.4197782
49	6	1.120904	0.1941041	0.4197782
49	7	1.120904	0.1941041	0.4197782
49	8	1.120904	0.1941041	0.4197782
49	9	1.120904	0.1941041	0.4197782
49	10	1.120904	0.1941041	0.4197782
49	11	1.120904	0.1941041	0.4197782
49	12	1.120904	0.1941041	0.4197782
50	1	1.120904	0.1941041	0.4197782
50	2	1.120904	0.1941041	0.4197782
50	3	1.120904	0.1941041	0.4197782
50	4	1.120904	0.1941041	0.4197782
50	5	1.120904	0.1941041	0.4197782
50	6	1.120904	0.1941041	0.4197782
50	7	1.120904	0.1941041	0.4197782
50	8	1.120904	0.1941041	0.4197782
50	9	1.120904	0.1941041	0.4197782
50	10	1.120904	0.1941041	0.4197782
50	11	1.120904	0.1941041	0.4197782
50	12	1.120904	0.1941041	0.4197782
51	1	1.120904	0.1941041	0.4197782
51	2	1.120904	0.1941041	0.4197782
51	3	1.120904	0.1941041	0.4197782
51	4	1.120904	0.1941041	0.4197782
51	5	1.120904	0.1941041	0.4197782
51	6	1.120904	0.1941041	0.4197782
51	7	1.120904	0.1941041	0.4197782
51	8	1.120904	0.1941041	0.4197782
51	9	1.120904	0.1941041	0.4197782
51	10	1.120904	0.1941041	0.4197782
51	11	1.120904	0.1941041	0.4197782
51	12	1.120904	0.1941041	0.4197782
52	1	1.120904	0.1941041	0.4197782
52	2	1.120904	0.1941041	0.4197782
52	3	1.120904	0.1941041	0.4197782
52	4	1.120904	0.1941041	0.4197782
52	5	1.120904	0.1941041	0.4197782
52	6	1.120904	0.1941041	0.4197782
52	7	1.120904	0.1941041	0.4197782
52	8	1.120904	0.1941041	0.4197782
52	9	1.120904	0.1941041	0.4197782
52	10	1.120904	0.1941041	0.4197782
52	11	1.120904	0.1941041	0.4197782
52	12	1.120904	0.1941041	0.4197782
53	1	1.120904	0.1941041	0.4197782
53	2	1.120904	0.1941041	0.4197782
53	3	1.120904	0.1941041	0.4197782
53	4	1.120904	0.1941041	0.4197782
53	5	1.120904	0.1941041	0.4197782
53	6	1.120904	0.1941041	0.4197782
53	7	1.120904	0.1941041	0.4197782
53	8	1.120904	0.1941041	0.4197782
53	9	1.120904	0.1941041	0.4197782
53	10	1.120904	0.1941041	0.4197782
53	11	1.120904	0.1941041	0.4197782
53	12	1.120904	0.1941041	0.4197782
54	1	1.120904	0.1941041	0.4197782
54	3	1.120904	0.1941041	0.4197782
54	4	1.120904	0.1941041	0.4197782
54	5	1.120904	0.1941041	0.4197782
54	6	1.120904	0.1941041	0.4197782
54	7	1.120904	0.1941041	0.4197782
54	8	1.120904	0.1941041	0.4197782
54	9	1.120904	0.1941041	0.4197782
54	10	1.120904	0.1941041	0.4197782
54	11	1.120904	0.1941041	0.4197782
54	12	1.120904	0.1941041	0.4197782
55	1	1.120904	0.1941041	0.4197782
55	3	1.120904	0.1941041	0.4197782
55	4	1.120904	0.1941041	0.4197782
55	5	1.120904	0.1941041	0.4197782
55	6	1.120904	0.1941041	0.4197782
55	7	1.120904	0.1941041	0.4197782
55	8	1.120904	0.1941041	0.4197782
55	9	1.120904	0.1941041	0.4197782
55	10	1.120904	0.1941041	0.4197782
55	11	1.120904	0.1941041	0.4197782
55	12	1.120904	0.1941041	0.4197782
56	1	1.131470	0.1909437	0.4199597
56	2	-0.1673668	0.5794374	0.397655
56	3	1.131470	0.1909437	0.4199597
56	4	1.131470	0.1909437	0.4199597
56	5	1.131470	0.1909437	0.4199597
56	6	1.131470	0.1909437	0.4199597
56	7	1.131470	0.1909437	0.4199597
56	8	1.131470	0.1909437	0.4199597
56	9	1.131470	0.1909437	0.4199597
56	10	1.131470	0.1909437	0.4199597
56	11	1.131470	0.1909437	0.4199597
56	12	1.131470	0.1909437	0.4199597
57	1	1.120904	0.1941041	0.4197782
57	2	1.120904	0.1941041	0.4197782
57	3	1.120904	0.1941041	0.4197782
57	4	1.120904	0.1941041	0.4197782
57	5	1.120904	0.1941041	0.4197782
57	6	1.120904	0.1941041	0.4197782
57	7	1.120904	0.1941041	0.4197782
57	8	1.120904	0.1941041	0.4197782
57	9	1.120904	0.1941041	0.4197782
57	10	1.120904	0.1941041	0.4197782
57	11	1.120904	0.1941041	0.4197782
57	12	1.120904	0.1941041	0.4197782
58	1	1.120904	0.1941041	0.4197782
58	2	1.120904	0.1941041	0.4197782
58	3	1.120904	0.1941041	0.4197782
58	4	1.120904	0.1941041	0.4197782
58	5	1.120904	0.1941041	0.4197782
58	6	1.120904	0.1941041	0.4197782
58	7	1.120904	0.1941041	0.4197782
58	8	1.120904	0.1941041	0.4197782
58	9	1.120904	0.1941041	0.4197782
58	10	1.120904	0.1941041	0.4197782
58	11	1.120904	0.1941041	0.4197782
58	12	1.120904	0.1941041	0.4197782
59	1	1.120904	0.1941041	0.4197782
59	2	1.120904	0.1941041	0.4197782
59	3	1.120904	0.1941041	0.4197782
59	4	1.120904	0.1941041	0.4197782
59	5	1.120904	0.1941041	0.4197782
59	6	1.120904	0.1941041	0.4197782
59	7	1.120904	0.1941041	0.4197782
59	8	1.120904	0.1941041	0.4197782
59	9	1.120904	0.1941041	0.4197782
59	10	1.120904	0.1941041	0.4197782
59	11	1.120904	0.1941041	0.4197782
59	12	1.120904	0.1941041	0.4197782
60	1	1.120904	0.1941041	0.4197782
60	2	1.120904	0.1941041	0.4197782
60	3	1.120904	0.1941041	0.4197782
60	4	1.120904	0.1941041	0.4197782
60	5	1.120904	0.1941041	0.4197782
60	6	1.120904	0.1941041	0.4197782
60	7	1.120904	0.1941041	0.4197782
60	8	1.120904	0.1941041	0.4197782
60	9	1.120904	0.1941041	0.4197782
60	10	1.120904	0.1941041	0.4197782
60	11	1.120904	0.1941041	0.4197782
60	12	1.120904	0.1941041	0.4197782
61	1	1.120904	0.1941041	0.4197782
61	2	1.120904	0.1941041	0.4197782
61	3	1.120904	0.1941041	0.4197782
61	4	1.120904	0.1941041	0.4197782
61	5	1.120904	0.1941041	0.4197782
61	6	1.120904	0.1941041	0.4197782
61	7	1.120904	0.1941041	0.4197782
61	8	1.120904	0.1941041	0.4197782
61	9	1.120904	0.1941041	0.4197782
61	10	1.120904	0.1941041	0.4197782
61	11	1.120904	0.1941041	0.4197782
61	12	1.120904	0.1941041	0.4197782
62	1	1.120904	0.1941041	0.4197782
62	2	1.120904	0.1941041	0.4197782
62	3	1.120904	0.1941041	0.4197782
62	4	1.120904	0.1941041	0.4197782
62	5	1.120904	0.1941041	0.4197782
62	6	1.120904	0.1941041	0.4197782
62	7	1.120904	0.1941041	0.4197782
62	8	1.120904	0.1941041	0.4197782
62	9	1.120904	0.1941041	0.4197782
62	10	1.120904	0.1941041	0.4197782
62	11	1.120904	0.1941041	0.4197782
62	12	1.120904	0.1941041	0.4197782
63	1	1.120904	0.1941041	0.4197782
63	2	1.120904	0.1941041	0.4197782
63	3	1.120904	0.1941041	0.4197782
63	4	1.120904	0.1941041	0.4197782
63	5	1.120904	0.1941041	0.4197782
63	6	1.120904	0.1941041	0.4197782
63	7	1.120904	0.1941041	0.4197782
63	8	1.120904	0.1941041	0.4197782
63	9	1.120904	0.1941041	0.4197782
63	10	1.120904	0.1941041	0.4197782
63	11	1.120904	0.1941041	0.4197782
63	12	1.120904	0.1941041	0.4197782
64	1	1.120904	0.1941041	0.4197782
64	2	1.120904	0.1941041	0.4197782
64	3	1.120904	0.1941041	0.4197782
64	4	1.120904	0.1941041	0.4197782
64	5	1.120904	0.1941041	0.4197782
64	6	1.120904	0.1941041	0.4197782
64	7	1.120904	0.1941041	0.4197782
64	8	1.120904	0.1941041	0.4197782
64	9	1.120904	0.1941041	0.4197782
64	10	1.120904	0.1941041	0.4197782
64	11	1.120904	0.1941041	0.4197782
64	12	1.120904	0.1941041	0.4197782
65	1	1.120904	0.1941041	0.4197782
65	2	1.120904	0.1941041	0.4197782
65	3	1.120904	0.1941041	0.4197782
65	4	1.120904	0.1941041	0.4197782
65	5	1.120904	0.1941041	0.4197782
65	6	1.120904	0.1941041	0.4197782
65	7	1.120904	0.1941041	0.4197782
65	8	1.120904	0.1941041	0.4197782
65	9	1.120904	0.1941041	0.4197782
65	10	1.120904	0.1941041	0.4197782
65	11	1.120904	0.1941041	0.4197782
65	12	1.120904	0.1941041	0.4197782
66	1	1.120904	0.1941041	0.4197782
66	2	1.120904	0.1941041	0.4197782
66	3	1.120904	0.1941041	0.4197782
66	4	1.120904	0.1941041	0.4197782
66	5	1.120904	0.1941041	0.4197782
66	6	1.120904	0.1941041	0.4197782
66	7	1.120904	0.1941041	0.4197782
66	8	1.120904	0.1941041	0.4197782
66	9	1.120904	0.1941041	0.4197782
66	10	1.120904	0.1941041	0.4197782
66	11	1.120904	0.1941041	0.4197782
66	12	1.120904	0.1941041	0.4197782
67	1	1.120904	0.1941041	0.4197782
67	2	1.120904	0.1941041	0.4197782
67	3	1.120904	0.1941041	0.4197782
67	4	1.120904	0.1941041	0.4197782
67	5	1.120904	0.1941041	0.4197782
67	6	1.120904	0.1941041	0.4197782
67	7	1.120904	0.1941041	0.4197782
67	8	1.120904	0.1941041	0.4197782
67	9	1.120904	0.1941041	0.4197782
67	10	1.120904	0.1941041	0.4197782
67	11	1.120904	0.1941041	0.4197782
67	12	1.120904	0.1941041	0.4197782
68	1	1.120904	0.1941041	0.4197782
68	2	1.120904	0.1941041	0.4197782
68	3	1.120904	0.1941041	0.4197782
68	4	1.120904	0.1941041	0.4197782
68	5	1.120904	0.1941041	0.4197782
68	6	1.120904	0.1941041	0.4197782
68	7	1.120904	0.1941041	0.4197782
68	8	1.120904	0.1941041	0.4197782
68	9	1.120904	0.1941041	0.4197782
68	10	1.120904	0.1941041	0.4197782
68	11	1.120904	0.1941041	0.4197782
68	12	1.120904	0.1941041	0.4197782
69	1	1.120904	0.1941041	0.4197782
69	2	1.120904	0.1941041	0.4197782
69	3	1.120904	0.1941041	0.4197782
69	4	1.120904	0.1941041	0.4197782
69	5	1.120904	0.1941041	0.4197782
69	6	1.120904	0.1941041	0.4197782
69	7	1.120904	0.1941041	0.4197782
69	8	1.120904	0.1941041	0.4197782
69	9	1.120904	0.1941041	0.4197782
69	10	1.120904	0.1941041	0.4197782
69	11	1.120904	0.1941041	0.4197782
69	12	1.120904	0.1941041	0.4197782
70	1	1.120904	0.1941041	0.4197782
70	2	1.120904	0.1941041	0.4197782
70	3	1.120904	0.1941041	0.4197782
70	4	1.120904	0.1941041	0.4197782
70	5	1.120904	0.1941041	0.4197782
70	6	1.120904	0.1941041	0.4197782
70	7	1.120904	0.1941041	0.4197782
70	8	1.120904	0.1941041	0.4197782
70	9	1.120904	0.1941041	0.4197782
70	10	1.120904	0.1941041	0.4197782
70	11	1.120904	0.1941041	0.4197782
70	12	1.120904	0.1941041	0.4197782
71	1	1.120904	0.1941041	0.4197782
71	2	1.120904	0.1941041	0.4197782
71	3	1.120904	0.1941041	0.4197782
71	4	1.120904	0.1941041	0.4197782
71	5	1.120904	0.1941041	0.4197782
71	6	1.120904	0.1941041	0.4197782
71	7	1.120904	0.1941041	0.4197782
71	8	1.120904	0.1941041	0.4197782
71	9	1.120904	0.1941041	0.4197782
71	10	1.120904	0.1941041	0.4197782
71	11	1.120904	0.1941041	0.4197782
71	12	1.120904	0.1941041	0.4197782
72	1	1.120904	0.1941041	0.4197782
72	2	1.120904	0.1941041	0.4197782
72	3	1.120904	0.1941041	0.4197782
72	4	1.120904	0.1941041	0.4197782
72	5	1.120904	0.1941041	0.4197782
72	6	1.120904	0.1941041	0.4197782
72	7	1.120904	0.1941041	0.4197782
72	8	1.120904	0.1941041	0.4197782
72	9	1.120904	0.1941041	0.4197782
72	10	1.120904	0.1941041	0.4197782
72	11	1.120904	0.1941041	0.4197782
72	12	1.120904	0.1941041	0.4197782
73	1	1.120904	0.1941041	0.4197782
73	2	1.120904	0.1941041	0.4197782
73	3	1.120904	0.1941041	0.4197782
73	4	1.120904	0.1941041	0.4197782
73	5	1.120904	0.1941041	0.4197782
73	6	1.120904	0.1941041	0.4197782
73	7	1.120904	0.1941041	0.4197782
73	8	1.120904	0.1941041	0.4197782
73	9	1.120904	0.1941041	0.4197782
73	10	1.120904	0.1941041	0.4197782
73	11	1.120904	0.1941041	0.4197782
73	12	1.120904	0.1941041	0.4197782
74	1	1.120904	0.1941041	0.4197782
74	2	1.120904	0.1941041	0.4197782
74	3	1.120904	0.1941041	0.4197782
74	4	1.120904	0.1941041	0.4197782
74	5	1.120904	0.1941041	0.4197782
74	6	1.120904	0.1941041	0.4197782
74	7	1.120904	0.1941041	0.4197782
74	8	1.120904	0.1941041	0.4197782
74	9	1.120904	0.1941041	0.4197782
74	10	1.120904	0.1941041	0.4197782
74	11	1.120904	0.1941041	0.4197782
74	12	1.120904	0.1941041	0.4197782
75	1	1.120904	0.1941041	0.4197782
75	2	1.120904	0.1941041	0.4197782
75	3	1.120904	0.1941041	0.4197782
75	4	1.120904	0.1941041	0.4197782
75	5	1.120904	0.1941041	0.4197782
75	6	1.120904	0.1941041	0.4197782
75	7	1.120904	0.1941041	0.4197782
75	8	1.120904	0.1941041	0.4197782
75	9	1.120904	0.1941041	0.4197782
75	10	1.120904	0.1941041	0.4197782
75	11	1.120904	0.1941041	0.4197782
75	12	1.120904	0.1941041	0.4197782
76	1	1.120904	0.1941041	0.4197782
76	2	1.120904	0.1941041	0.4197782
76	3	1.120904	0.1941041	0.4197782
76	4	1.120904	0.1941041	0.4197782
76	5	1.120904	0.1941041	0.4197782
76	6	1.120904	0.1941041	0.4197782
76	7	1.120904	0.1941041	0.4197782
76	8	1.120904	0.1941041	0.4197782
76	9	1.120904	0.1941041	0.4197782
76	10	1.120904	0.1941041	0.4197782
76	11	1.120904	0.1941041	0.4197782
76	12	1.120904	0.1941041	0.4197782
77	1	1.120904	0.1941041	0.4197782
77	2	1.120904	0.1941041	0.4197782
77	3	1.120904	0.1941041	0.4197782
77	4	1.120904	0.1941041	0.4197782
77	5	1.120904	0.1941041	0.4197782
77	6	1.120904	0.1941041	0.4197782
77	7	1.120904	0.1941041	0.4197782
77	8	1.120904	0.1941041	0.4197782
77	9	1.120904	0.1941041	0.4197782
77	10	1.120904	0.1941041	0.4197782
77	11	1.120904	0.1941041	0.4197782
77	12	1.120904	0.1941041	0.4197782
78	1	1.120904	0.1941041	0.4197782
78	2	1.120904	0.1941041	0.4197782
78	3	1.120904	0.1941041	0.4197782
78	4	1.120904	0.1941041	0.4197782
78	5	1.120904	0.1941041	0.4197782
78	6	1.120904	0.1941041	0.4197782
78	7	1.120904	0.1941041	0.4197782
78	8	1.120904	0.1941041	0.4197782
78	9	1.120904	0.1941041	0.4197782
78	10	1.120904	0.1941041	0.4197782
78	11	1.120904	0.1941041	0.4197782
78	12	1.120904	0.1941041	0.4197782
79	1	1.120904	0.1941041	0.4197782
79	2	1.120904	0.1941041	0.4197782
79	3	1.120904	0.1941041	0.4197782
79	4	1.120904	0.1941041	0.4197782
79	5	1.120904	0.1941041	0.4197782
79	6	1.120904	0.1941041	0.4197782
79	7	1.120904	0.1941041	0.4197782
79	8	1.120904	0.1941041	0.4197782
79	9	1.120904	0.1941041	0.4197782
79	10	1.120904	0.1941041	0.4197782
79	11	1.120904	0.1941041	0.4197782
79	12	1.120904	0.1941041	0.4197782
80	1	1.120904	0.1941041	0.4197782
80	2	1.120904	0.1941041	0.4197782
80	3	1.120904	0.1941041	0.4197782
80	4	1.120904	0.1941041	0.4197782
80	5	1.120904	0.1941041	0.4197782
80	6	1.120904	0.1941041	0.4197782
80	7	1.120904	0.1941041	0.4197782
80	8	1.120904	0.1941041	0.4197782
80	9	1.120904	0.1941041	0.4197782
80	10	1.120904	0.1941041	0.4197782
80	11	1.120904	0.1941041	0.4197782
80	12	1.120904	0.1941041	0.4197782
81	1	1.120904	0.1941041	0.4197782
81	2	1.120904	0.1941041	0.4197782
81	3	1.120904	0.1941041	0.4197782
81	4	1.120904	0.1941041	0.4197782
81	5	1.120904	0.1941041	0.4197782
81	6	1.120904	0.1941041	0.4197782
81	7	1.120904	0.1941041	0.4197782
81	8	1.120904	0.1941041	0.4197782
81	9	1.120904	0.1941041	0.4197782
81	10	1.120904	0.1941041	0.4197782
81	11	1.120904	0.1941041	0.4197782
81	12	1.120904	0.1941041	0.4197782
82	1	1.120904	0.1941041	0.4197782
82	2	1.120904	0.1941041	0.4197782
82	3	1.120904	0.1941041	0.4197782
82	4	1.120904	0.1941041	0.4197782
82	5	1.120904	0.1941041	0.4197782
82	6	1.120904	0.1941041	0.4197782
82	7	1.120904	0.1941041	0.4197782
82	8	1.120904	0.1941041	0.4197782
82	9	1.120904	0.1941041	0.4197782
82	10	1.120904	0.1941041	0.4197782
82	11	1.120904	0.1941041	0.4197782
82	12	1.120904	0.1941041	0.4197782
83	1	1.120904	0.1941041	0.4197782
83	2	1.120904	0.1941041	0.4197782
83	3	1.120904	0.1941041	0.4197782
83	4	1.120904	0.1941041	0.4197782
83	5	1.120904	0.1941041	0.4197782
83	6	1.120904	0.1941041	0.4197782
83	7	1.120904	0.1941041	0.4197782
83	8	1.120904	0.1941041	0.4197782
83	9	1.120904	0.1941041	0.4197782
83	10	1.120904	0.1941041	0.4197782
83	11	1.120904	0.1941041	0.4197782
83	12	1.120904	0.1941041	0.4197782
84	1	1.120904	0.1941041	0.4197782
84	2	1.120904	0.1941041	0.4197782
84	3	1.120904	0.1941041	0.4197782
84	4	1.120904	0.1941041	0.4197782
84	5	1.120904	0.1941041	0.4197782
84	6	1.120904	0.1941041	0.4197782
84	7	1.120904	0.1941041	0.4197782
84	8	1.120904	0.1941041	0.4197782
84	9	1.120904	0.1941041	0.4197782
84	10	1.120904	0.1941041	0.4197782
84	11	1.120904	0.1941041	0.4197782
84	12	1.120904	0.1941041	0.4197782
85	1	1.120904	0.1941041	0.4197782
85	2	1.120904	0.1941041	0.4197782
85	3	1.120904	0.1941041	0.4197782
85	4	1.120904	0.1941041	0.4197782
85	5	1.120904	0.1941041	0.4197782
85	6	1.120904	0.1941041	0.4197782
85	7	1.120904	0.1941041	0.4197782
85	8	1.120904	0.1941041	0.4197782
85	9	1.120904	0.1941041	0.4197782
85	10	1.120904	0.1941041	0.4197782
85	11	1.120904	0.1941041	0.4197782
85	12	1.120904	0.1941041	0.4197782
86	1	1.120904	0.1941041	0.4197782
86	2	1.120904	0.1941041	0.4197782
86	3	1.120904	0.1941041	0.4197782
86	4	1.120904	0.1941041	0.4197782
86	5	1.120904	0.1941041	0.4197782
86	6	1.120904	0.1941041	0.4197782
86	7	1.120904	0.1941041	0.4197782
86	8	1.120904	0.1941041	0.4197782
86	9	1.120904	0.1941041	0.4197782
86	10	1.120904	0.1941041	0.4197782
86	11	1.120904	0.1941041	0.4197782
86	12	1.120904	0.1941041	0.4197782
87	1	1.166068	0.1857306	0.3696658
87	2	-0.03384961	0.4393173	1.392724
87	3	1.155657	0.2073474	0.1861332
87	4	1.155657	0.2073474	0.1861332
87	5	1.155657	0.2073474	0.1861332
87	6	1.155657	0.2073474	0.1861332
87	7	1.155657	0.2073474	0.1861332
87	8	1.155657	0.2073474	0.1861332
87	9	1.166068	0.1857306	0.3696658
87	10	-0.2278453	0.5999079	0.3730233
87	11	1.166068	0.1857306	0.3696658
87	12	1.166068	0.1857306	0.3696658
88	1	1.166068	0.1857306	0.3696658
88	2	-0.03384961	0.4393173	1.392724
88	3	1.155657	0.2073474	0.1861332
88	4	1.155657	0.2073474	0.1861332
88	5	1.155657	0.2073474	0.1861332
88	6	1.155657	0.2073474	0.1861332
88	7	1.155657	0.2073474	0.1861332
88	8	1.155657	0.2073474	0.1861332
88	9	1.166068	0.1857306	0.3696658
88	10	-0.2278453	0.5999079	0.3730233
88	11	1.166068	0.1857306	0.3696658
88	12	1.166068	0.1857306	0.3696658
89	3	1.120904	0.1941041	0.4197782
89	4	1.120904	0.1941041	0.4197782
89	5	1.120904	0.1941041	0.4197782
89	6	1.120904	0.1941041	0.4197782
89	7	1.120904	0.1941041	0.4197782
89	8	1.120904	0.1941041	0.4197782
90	3	1.120904	0.1941041	0.4197782
90	4	1.120904	0.1941041	0.4197782
90	5	1.120904	0.1941041	0.4197782
90	6	1.120904	0.1941041	0.4197782
90	7	1.120904	0.1941041	0.4197782
90	8	1.120904	0.1941041	0.4197782
91	3	1.120904	0.1941041	0.4197782
91	4	1.120904	0.1941041	0.4197782
91	5	1.120904	0.1941041	0.4197782
91	6	1.120904	0.1941041	0.4197782
91	7	1.120904	0.1941041	0.4197782
91	8	1.120904	0.1941041	0.4197782
92	3	1.120904	0.1941041	0.4197782
92	4	1.120904	0.1941041	0.4197782
92	5	1.120904	0.1941041	0.4197782
92	6	1.120904	0.1941041	0.4197782
92	7	1.120904	0.1941041	0.4197782
92	8	1.120904	0.1941041	0.4197782
93	3	1.120904	0.1941041	0.4197782
93	4	1.120904	0.1941041	0.4197782
93	5	1.120904	0.1941041	0.4197782
93	6	1.120904	0.1941041	0.4197782
93	7	1.120904	0.1941041	0.4197782
93	8	1.120904	0.1941041	0.4197782
94	3	1.120904	0.1941041	0.4197782
94	4	1.120904	0.1941041	0.4197782
94	5	1.120904	0.1941041	0.4197782
94	6	1.120904	0.1941041	0.4197782
94	7	1.120904	0.1941041	0.4197782
94	8	1.120904	0.1941041	0.4197782
95	3	1.120904	0.1941041	0.4197782
95	4	1.120904	0.1941041	0.4197782
95	5	1.120904	0.1941041	0.4197782
95	6	1.120904	0.1941041	0.4197782
95	7	1.120904	0.1941041	0.4197782
95	8	1.120904	0.1941041	0.4197782
96	3	1.120904	0.1941041	0.4197782
96	4	1.120904	0.1941041	0.4197782
96	5	1.120904	0.1941041	0.4197782
96	6	1.120904	0.1941041	0.4197782
96	7	1.120904	0.1941041	0.4197782
96	8	1.120904	0.1941041	0.4197782
97	3	1.120904	0.1941041	0.4197782
97	4	1.120904	0.1941041	0.4197782
97	5	1.120904	0.1941041	0.4197782
97	6	1.120904	0.1941041	0.4197782
97	7	1.120904	0.1941041	0.4197782
97	8	1.120904	0.1941041	0.4197782
98	3	1.120904	0.1941041	0.4197782
98	4	1.120904	0.1941041	0.4197782
98	5	1.120904	0.1941041	0.4197782
98	6	1.120904	0.1941041	0.4197782
98	7	1.120904	0.1941041	0.4197782
98	8	1.120904	0.1941041	0.4197782
99	3	1.120904	0.1941041	0.4197782
99	4	1.120904	0.1941041	0.4197782
99	5	1.120904	0.1941041	0.4197782
99	6	1.120904	0.1941041	0.4197782
99	7	1.120904	0.1941041	0.4197782
99	8	1.120904	0.1941041	0.4197782
100	3	1.120904	0.1941041	0.4197782
100	4	1.120904	0.1941041	0.4197782
100	5	1.120904	0.1941041	0.4197782
100	6	1.120904	0.1941041	0.4197782
100	7	1.120904	0.1941041	0.4197782
100	8	1.120904	0.1941041	0.4197782
101	3	1.120904	0.1941041	0.4197782
101	4	1.120904	0.1941041	0.4197782
101	5	1.120904	0.1941041	0.4197782
101	6	1.120904	0.1941041	0.4197782
101	7	1.120904	0.1941041	0.4197782
101	8	1.120904	0.1941041	0.4197782
102	3	1.254734	0.1541013	0.4218108
102	4	-0.1601900	0.5772647	0.3980358
102	5	-0.1601900	0.5772647	0.3980358
102	6	-0.1601900	0.5772647	0.3980358
102	8	1.299127	0.1408241	0.4225614
103	3	1.254734	0.1541013	0.4218108
103	4	-0.1601900	0.5772647	0.3980358
103	5	-0.1601900	0.5772647	0.3980358
103	6	-0.1601900	0.5772647	0.3980358
103	8	1.299127	0.1408241	0.4225614
104	3	1.197894	0.1710904	0.4209538
104	5	-0.1869876	0.58529	0.3974778
104	6	-0.1869876	0.58529	0.3974777
104	7	1.241485	0.1580527	0.4216955
104	8	1.241485	0.1580527	0.4216955
105	3	1.215488	0.1616409	0.4627473
105	4	-0.01141742	0.5616472	0.1143872
105	5	-0.3222271	0.5737616	0.9102507
105	6	-0.3222271	0.5737616	0.9102507
105	7	1.307562	0.1489157	0.3175207
105	8	1.307562	0.1489157	0.3175207
106	3	1.206688	0.1684872	0.4208372
106	7	-0.1305433	0.5683833	0.3986825
106	8	-0.1305433	0.5683833	0.3986825
107	3	1.264911	0.1510302	0.4222512
107	7	-0.1446112	0.572631	0.3980458
107	8	-0.1446112	0.572631	0.3980458
108	3	1.335835	0.1298864	0.4227762
108	4	-0.02072743	0.555325	0.2044724
108	5	-0.2064513	0.5748672	0.55812
108	6	-0.2064513	0.5748672	0.55812
108	7	0.07907451	0.5310959	0.1504695
108	8	0.07907451	0.5310959	0.1504695
109	3	1.364068	0.1220762	0.4169726
109	4	-0.1745890	0.5736773	0.4760174
109	5	-0.2131713	0.5743065	0.5834793
109	6	-0.2131713	0.5743065	0.5834793
109	7	0.1490442	0.5166348	0.0875811
110	3	1.364068	0.1220762	0.4169726
110	4	-0.1745890	0.5736773	0.4760174
110	5	-0.2131713	0.5743065	0.5834793
110	6	-0.2131713	0.5743065	0.5834793
110	7	0.1490442	0.5166348	0.0875811
111	3	1.364798	0.1218826	0.4167381
111	4	-0.02870336	0.5565484	0.2158529
111	5	-0.2131894	0.5742504	0.5840884
111	6	-0.2131894	0.5742504	0.5840884
111	7	-0.06062163	0.5601148	0.2745704
112	3	1.362887	0.1211739	0.4293946
112	4	-0.01252101	0.5519276	0.2139558
112	5	-0.2280169	0.5729589	0.640581
112	6	-0.2280169	0.5729589	0.640581
112	7	-0.01252101	0.5519276	0.2139558
112	8	-0.01252101	0.5519276	0.2139558
113	3	1.362887	0.1211739	0.4293946
113	4	-0.01252101	0.5519276	0.2139558
113	5	-0.2280169	0.5729589	0.640581
113	6	-0.2280169	0.5729589	0.640581
113	7	-0.01252101	0.5519276	0.2139558
113	8	-0.01252101	0.5519276	0.2139558
114	3	1.362887	0.1211739	0.4293946
114	4	-0.01252101	0.5519276	0.2139558
114	5	-0.2280169	0.5729589	0.640581
114	6	-0.2280169	0.5729589	0.640581
114	7	-0.01252101	0.5519276	0.2139558
114	8	-0.01252101	0.5519276	0.2139558
115	3	1.367884	0.1202301	0.4240195
115	4	-0.1490261	0.5739515	0.39797
115	7	-0.1490261	0.5739515	0.39797
115	8	-0.1490261	0.5739515	0.39797
116	4	1.120904	0.1941041	0.4197782
116	5	1.120904	0.1941041	0.4197782
116	6	1.120904	0.1941041	0.4197782
116	7	1.120904	0.1941041	0.4197782
116	8	1.120904	0.1941041	0.4197782
117	4	1.120904	0.1941041	0.4197782
117	5	1.120904	0.1941041	0.4197782
117	6	1.120904	0.1941041	0.4197782
117	7	1.120904	0.1941041	0.4197782
117	8	1.120904	0.1941041	0.4197782
118	4	1.120904	0.1941041	0.4197782
118	5	1.120904	0.1941041	0.4197782
118	6	1.120904	0.1941041	0.4197782
118	7	1.120904	0.1941041	0.4197782
118	8	1.120904	0.1941041	0.4197782
119	4	1.120904	0.1941041	0.4197782
119	5	1.120904	0.1941041	0.4197782
119	6	1.120904	0.1941041	0.4197782
119	7	1.120904	0.1941041	0.4197782
119	8	1.120904	0.1941041	0.4197782
120	4	1.120904	0.1941041	0.4197782
120	5	1.120904	0.1941041	0.4197782
120	6	1.120904	0.1941041	0.4197782
120	7	1.120904	0.1941041	0.4197782
120	8	1.120904	0.1941041	0.4197782
121	4	1.120904	0.1941041	0.4197782
121	5	1.120904	0.1941041	0.4197782
121	6	1.120904	0.1941041	0.4197782
121	7	1.120904	0.1941041	0.4197782
121	8	1.120904	0.1941041	0.4197782
122	3	1.358486	0.1230624	0.4236479
122	4	-0.1322319	0.5689107	0.3984321
122	5	-0.1322319	0.5689107	0.3984321
122	6	-0.1322319	0.5689107	0.3984321
122	7	-0.1322319	0.5689107	0.3984321
122	8	-0.1322319	0.5689107	0.3984321
123	3	1.358486	0.1230624	0.4236479
123	4	-0.1322319	0.5689107	0.3984321
123	5	-0.1322319	0.5689107	0.3984321
123	6	-0.1322319	0.5689107	0.3984321
123	7	-0.1322319	0.5689107	0.3984321
123	8	-0.1322319	0.5689107	0.3984321
124	1	-0.2829834	0.5853925	0.679348
124	2	-0.2542575	0.5831342	0.6170755
124	3	-0.0932309	0.5648693	0.3235497
124	4	1.258341	0.1531014	0.4210892
124	5	1.258341	0.1531014	0.4210892
124	6	1.258341	0.1531014	0.4210892
124	7	1.258341	0.1531014	0.4210892
124	8	1.258341	0.1531014	0.4210892
124	9	-0.2829834	0.5853925	0.679348
124	10	0.311901	0.4775073	-0.004598983
124	11	-0.2899305	0.5632318	0.9194224
124	12	-0.2899305	0.5632318	0.9194224
125	1	-0.2923879	0.5870496	0.6906403
125	2	-0.2620835	0.585531	0.6163862
125	3	1.253931	0.1568815	0.396626
125	4	1.253931	0.1568815	0.396626
125	5	1.253931	0.1568815	0.396626
125	6	1.253931	0.1568815	0.396626
125	7	1.253931	0.1568815	0.396626
125	8	1.253931	0.1568815	0.396626
125	9	-0.2923879	0.5870496	0.6906403
125	10	0.2543879	0.4940574	0.000880108
125	11	-0.2920257	0.5705628	0.8529495
125	12	-0.2920257	0.5705628	0.8529495
126	1	-0.2923879	0.5870496	0.6906403
126	2	-0.2620835	0.585531	0.6163862
126	3	1.253931	0.1568815	0.396626
126	4	1.253931	0.1568815	0.396626
126	5	1.253931	0.1568815	0.396626
126	6	1.253931	0.1568815	0.396626
126	7	1.253931	0.1568815	0.396626
126	8	1.253931	0.1568815	0.396626
126	9	-0.2923879	0.5870496	0.6906403
126	10	0.2543879	0.4940574	0.000880108
126	11	-0.2920257	0.5705628	0.8529495
126	12	-0.2920257	0.5705628	0.8529495
127	9	-0.1621598	0.5778799	0.3977444
127	10	1.228273	0.1619891	0.421622
128	1	0.1306078	0.5259782	0.04932138
128	2	-0.09266036	0.5740298	0.2310927
128	3	1.210540	0.1638891	0.4550523
128	4	1.210540	0.1638891	0.4550523
128	5	1.210540	0.1638891	0.4550523
128	6	1.210540	0.1638891	0.4550523
128	7	1.210540	0.1638891	0.4550523
128	8	1.210540	0.1638891	0.4550523
128	9	-0.2055897	0.5847217	0.4579277
128	10	-0.404175	0.5923408	0.9676284
129	1	-0.1681935	0.578824	0.4061691
129	2	-0.04537635	0.564382	0.1873577
129	3	1.267548	0.1554850	0.3703379
129	4	1.267548	0.1554850	0.3703379
129	5	1.267548	0.1554850	0.3703379
129	6	1.267548	0.1554850	0.3703379
129	7	1.267548	0.1554850	0.3703379
129	8	1.267548	0.1554850	0.3703379
129	9	-0.06068062	0.5660876	0.2155565
129	10	0.04114119	0.5494053	0.08081593
129	11	-0.3597573	0.5530967	1.225626
129	12	-0.3597573	0.5530967	1.225626
130	1	-0.2866961	0.583638	0.7076748
130	2	-0.1263197	0.5772372	0.2984979
130	3	1.275875	0.1513403	0.386871
130	4	1.275875	0.1513403	0.386871
130	5	1.275875	0.1513403	0.386871
130	6	1.275875	0.1513403	0.386871
130	7	1.275875	0.1513403	0.386871
130	8	1.275875	0.1513403	0.386871
130	9	-0.2866961	0.583638	0.7076748
130	10	0.0653653	0.5437493	0.06547919
130	11	-0.2866961	0.583638	0.7076748
130	12	-0.2866961	0.583638	0.7076748
131	1	-0.2866961	0.583638	0.7076748
131	2	-0.1263197	0.5772372	0.2984979
131	3	1.275875	0.1513403	0.386871
131	4	1.275875	0.1513403	0.386871
131	5	1.275875	0.1513403	0.386871
131	6	1.275875	0.1513403	0.386871
131	7	1.275875	0.1513403	0.386871
131	8	1.275875	0.1513403	0.386871
131	9	-0.2866961	0.583638	0.7076748
131	10	0.0653653	0.5437493	0.06547919
131	11	-0.2866961	0.583638	0.7076748
131	12	-0.2866961	0.583638	0.7076748
132	3	1.120904	0.1941041	0.4197782
132	4	1.120904	0.1941041	0.4197782
132	5	1.120904	0.1941041	0.4197782
132	6	1.120904	0.1941041	0.4197782
132	7	1.120904	0.1941041	0.4197782
132	8	1.120904	0.1941041	0.4197782
133	3	1.120904	0.1941041	0.4197782
133	4	1.120904	0.1941041	0.4197782
133	5	1.120904	0.1941041	0.4197782
133	6	1.120904	0.1941041	0.4197782
133	7	1.120904	0.1941041	0.4197782
133	8	1.120904	0.1941041	0.4197782
134	3	1.120904	0.1941041	0.4197782
134	4	1.120904	0.1941041	0.4197782
134	5	1.120904	0.1941041	0.4197782
134	6	1.120904	0.1941041	0.4197782
134	7	1.120904	0.1941041	0.4197782
134	8	1.120904	0.1941041	0.4197782
135	3	1.120904	0.1941041	0.4197782
135	4	1.120904	0.1941041	0.4197782
135	5	1.120904	0.1941041	0.4197782
135	6	1.120904	0.1941041	0.4197782
135	7	1.120904	0.1941041	0.4197782
135	8	1.120904	0.1941041	0.4197782
136	3	1.120904	0.1941041	0.4197782
136	4	1.120904	0.1941041	0.4197782
136	5	1.120904	0.1941041	0.4197782
136	6	1.120904	0.1941041	0.4197782
136	7	1.120904	0.1941041	0.4197782
136	8	1.120904	0.1941041	0.4197782
137	3	1.120904	0.1941041	0.4197782
137	4	1.120904	0.1941041	0.4197782
137	5	1.120904	0.1941041	0.4197782
137	6	1.120904	0.1941041	0.4197782
137	7	1.120904	0.1941041	0.4197782
137	8	1.120904	0.1941041	0.4197782
138	3	1.120904	0.1941041	0.4197782
138	4	1.120904	0.1941041	0.4197782
138	5	1.120904	0.1941041	0.4197782
138	6	1.120904	0.1941041	0.4197782
138	7	1.120904	0.1941041	0.4197782
138	8	1.120904	0.1941041	0.4197782
139	3	1.120904	0.1941041	0.4197782
139	4	1.120904	0.1941041	0.4197782
139	5	1.120904	0.1941041	0.4197782
139	6	1.120904	0.1941041	0.4197782
139	7	1.120904	0.1941041	0.4197782
139	8	1.120904	0.1941041	0.4197782
140	3	1.120904	0.1941041	0.4197782
140	4	1.120904	0.1941041	0.4197782
140	5	1.120904	0.1941041	0.4197782
140	6	1.120904	0.1941041	0.4197782
140	7	1.120904	0.1941041	0.4197782
140	8	1.120904	0.1941041	0.4197782
141	3	1.120904	0.1941041	0.4197782
141	4	1.120904	0.1941041	0.4197782
141	5	1.120904	0.1941041	0.4197782
141	6	1.120904	0.1941041	0.4197782
141	7	1.120904	0.1941041	0.4197782
141	8	1.120904	0.1941041	0.4197782
142	3	1.120904	0.1941041	0.4197782
142	4	1.120904	0.1941041	0.4197782
142	5	1.120904	0.1941041	0.4197782
142	6	1.120904	0.1941041	0.4197782
142	7	1.120904	0.1941041	0.4197782
142	8	1.120904	0.1941041	0.4197782
143	3	1.120904	0.1941041	0.4197782
143	4	1.120904	0.1941041	0.4197782
143	5	1.120904	0.1941041	0.4197782
143	6	1.120904	0.1941041	0.4197782
143	7	1.120904	0.1941041	0.4197782
143	8	1.120904	0.1941041	0.4197782
144	3	1.120904	0.1941041	0.4197782
144	4	1.120904	0.1941041	0.4197782
144	5	1.120904	0.1941041	0.4197782
144	6	1.120904	0.1941041	0.4197782
144	7	1.120904	0.1941041	0.4197782
144	8	1.120904	0.1941041	0.4197782
145	3	1.120904	0.1941041	0.4197782
145	4	1.120904	0.1941041	0.4197782
145	5	1.120904	0.1941041	0.4197782
145	6	1.120904	0.1941041	0.4197782
145	7	1.120904	0.1941041	0.4197782
145	8	1.120904	0.1941041	0.4197782
146	3	1.120904	0.1941041	0.4197782
146	4	1.120904	0.1941041	0.4197782
146	5	1.120904	0.1941041	0.4197782
146	6	1.120904	0.1941041	0.4197782
146	7	1.120904	0.1941041	0.4197782
146	8	1.120904	0.1941041	0.4197782
147	1	-0.1593657	0.5743476	0.4245145
147	2	-0.1478820	0.5711026	0.42283
147	3	1.183026	0.1779918	0.3963808
147	4	1.183026	0.1779918	0.3963808
147	5	1.183026	0.1779918	0.3963808
147	6	1.183026	0.1779918	0.3963808
147	7	1.183026	0.1779918	0.3963808
147	8	1.183026	0.1779918	0.3963808
147	9	-0.1593657	0.5743476	0.4245145
147	10	1.139850	0.1907738	0.3969483
147	11	-0.1478820	0.5711026	0.42283
147	12	-0.1478820	0.5711026	0.42283
148	1	-0.1593657	0.5743476	0.4245145
148	2	-0.1478820	0.5711026	0.42283
148	3	1.183026	0.1779918	0.3963808
148	4	1.183026	0.1779918	0.3963808
148	5	1.183026	0.1779918	0.3963808
148	6	1.183026	0.1779918	0.3963808
148	7	1.183026	0.1779918	0.3963808
148	8	1.183026	0.1779918	0.3963808
148	9	-0.1593657	0.5743476	0.4245145
148	10	1.139850	0.1907738	0.3969483
148	11	-0.1478820	0.5711026	0.42283
148	12	-0.1478820	0.5711026	0.42283
149	1	1.120904	0.1941041	0.4197782
149	2	1.120904	0.1941041	0.4197782
149	3	1.120904	0.1941041	0.4197782
149	4	1.120904	0.1941041	0.4197782
149	5	1.120904	0.1941041	0.4197782
149	6	1.120904	0.1941041	0.4197782
149	7	1.120904	0.1941041	0.4197782
149	8	1.120904	0.1941041	0.4197782
149	9	1.120904	0.1941041	0.4197782
149	10	1.120904	0.1941041	0.4197782
149	11	1.120904	0.1941041	0.4197782
149	12	1.120904	0.1941041	0.4197782
150	1	1.120904	0.1941041	0.4197782
150	2	1.120904	0.1941041	0.4197782
150	3	1.120904	0.1941041	0.4197782
150	4	1.120904	0.1941041	0.4197782
150	5	1.120904	0.1941041	0.4197782
150	6	1.120904	0.1941041	0.4197782
150	7	1.120904	0.1941041	0.4197782
150	8	1.120904	0.1941041	0.4197782
150	9	1.120904	0.1941041	0.4197782
150	10	1.120904	0.1941041	0.4197782
150	11	1.120904	0.1941041	0.4197782
150	12	1.120904	0.1941041	0.4197782
151	1	1.120904	0.1941041	0.4197782
151	2	1.120904	0.1941041	0.4197782
151	3	1.120904	0.1941041	0.4197782
151	4	1.120904	0.1941041	0.4197782
151	5	1.120904	0.1941041	0.4197782
151	6	1.120904	0.1941041	0.4197782
151	7	1.120904	0.1941041	0.4197782
151	8	1.120904	0.1941041	0.4197782
151	9	1.120904	0.1941041	0.4197782
151	10	1.120904	0.1941041	0.4197782
151	11	1.120904	0.1941041	0.4197782
151	12	1.120904	0.1941041	0.4197782
152	1	1.120904	0.1941041	0.4197782
152	2	1.120904	0.1941041	0.4197782
152	3	1.120904	0.1941041	0.4197782
152	4	1.120904	0.1941041	0.4197782
152	5	1.120904	0.1941041	0.4197782
152	6	1.120904	0.1941041	0.4197782
152	7	1.120904	0.1941041	0.4197782
152	8	1.120904	0.1941041	0.4197782
152	9	1.120904	0.1941041	0.4197782
152	10	1.120904	0.1941041	0.4197782
152	11	1.120904	0.1941041	0.4197782
152	12	1.120904	0.1941041	0.4197782
153	1	1.120904	0.1941041	0.4197782
153	2	1.120904	0.1941041	0.4197782
153	3	1.120904	0.1941041	0.4197782
153	4	1.120904	0.1941041	0.4197782
153	5	1.120904	0.1941041	0.4197782
153	6	1.120904	0.1941041	0.4197782
153	7	1.120904	0.1941041	0.4197782
153	8	1.120904	0.1941041	0.4197782
153	9	1.120904	0.1941041	0.4197782
153	10	1.120904	0.1941041	0.4197782
153	11	1.120904	0.1941041	0.4197782
153	12	1.120904	0.1941041	0.4197782
154	1	1.120904	0.1941041	0.4197782
154	2	1.120904	0.1941041	0.4197782
154	3	1.120904	0.1941041	0.4197782
154	4	1.120904	0.1941041	0.4197782
154	5	1.120904	0.1941041	0.4197782
154	6	1.120904	0.1941041	0.4197782
154	7	1.120904	0.1941041	0.4197782
154	8	1.120904	0.1941041	0.4197782
154	9	1.120904	0.1941041	0.4197782
154	10	1.120904	0.1941041	0.4197782
154	11	1.120904	0.1941041	0.4197782
154	12	1.120904	0.1941041	0.4197782
155	1	1.120904	0.1941041	0.4197782
155	2	1.120904	0.1941041	0.4197782
155	3	1.120904	0.1941041	0.4197782
155	4	1.120904	0.1941041	0.4197782
155	5	1.120904	0.1941041	0.4197782
155	6	1.120904	0.1941041	0.4197782
155	7	1.120904	0.1941041	0.4197782
155	8	1.120904	0.1941041	0.4197782
155	9	1.120904	0.1941041	0.4197782
155	10	1.120904	0.1941041	0.4197782
155	11	1.120904	0.1941041	0.4197782
155	12	1.120904	0.1941041	0.4197782
156	1	1.120904	0.1941041	0.4197782
156	2	1.120904	0.1941041	0.4197782
156	3	1.120904	0.1941041	0.4197782
156	4	1.120904	0.1941041	0.4197782
156	5	1.120904	0.1941041	0.4197782
156	6	1.120904	0.1941041	0.4197782
156	7	1.120904	0.1941041	0.4197782
156	8	1.120904	0.1941041	0.4197782
156	9	1.120904	0.1941041	0.4197782
156	10	1.120904	0.1941041	0.4197782
156	11	1.120904	0.1941041	0.4197782
156	12	1.120904	0.1941041	0.4197782
157	1	1.120904	0.1941041	0.4197782
157	2	1.120904	0.1941041	0.4197782
157	3	1.120904	0.1941041	0.4197782
157	4	1.120904	0.1941041	0.4197782
157	5	1.120904	0.1941041	0.4197782
157	6	1.120904	0.1941041	0.4197782
157	7	1.120904	0.1941041	0.4197782
157	8	1.120904	0.1941041	0.4197782
157	9	1.120904	0.1941041	0.4197782
157	10	1.120904	0.1941041	0.4197782
157	11	1.120904	0.1941041	0.4197782
157	12	1.120904	0.1941041	0.4197782
158	1	1.120904	0.1941041	0.4197782
158	2	1.120904	0.1941041	0.4197782
158	3	1.120904	0.1941041	0.4197782
158	4	1.120904	0.1941041	0.4197782
158	5	1.120904	0.1941041	0.4197782
158	6	1.120904	0.1941041	0.4197782
158	7	1.120904	0.1941041	0.4197782
158	8	1.120904	0.1941041	0.4197782
158	9	1.120904	0.1941041	0.4197782
158	10	1.120904	0.1941041	0.4197782
158	11	1.120904	0.1941041	0.4197782
158	12	1.120904	0.1941041	0.4197782
159	1	1.120904	0.1941041	0.4197782
159	2	1.120904	0.1941041	0.4197782
159	3	1.120904	0.1941041	0.4197782
159	4	1.120904	0.1941041	0.4197782
159	5	1.120904	0.1941041	0.4197782
159	6	1.120904	0.1941041	0.4197782
159	7	1.120904	0.1941041	0.4197782
159	8	1.120904	0.1941041	0.4197782
159	9	1.120904	0.1941041	0.4197782
159	10	1.120904	0.1941041	0.4197782
159	11	1.120904	0.1941041	0.4197782
159	12	1.120904	0.1941041	0.4197782
160	1	1.120904	0.1941041	0.4197782
160	2	1.120904	0.1941041	0.4197782
160	3	1.120904	0.1941041	0.4197782
160	4	1.120904	0.1941041	0.4197782
160	5	1.120904	0.1941041	0.4197782
160	6	1.120904	0.1941041	0.4197782
160	7	1.120904	0.1941041	0.4197782
160	8	1.120904	0.1941041	0.4197782
160	9	1.120904	0.1941041	0.4197782
160	10	1.120904	0.1941041	0.4197782
160	11	1.120904	0.1941041	0.4197782
160	12	1.120904	0.1941041	0.4197782
161	1	1.120904	0.1941041	0.4197782
161	2	1.120904	0.1941041	0.4197782
161	3	1.120904	0.1941041	0.4197782
161	4	1.120904	0.1941041	0.4197782
161	5	1.120904	0.1941041	0.4197782
161	6	1.120904	0.1941041	0.4197782
161	7	1.120904	0.1941041	0.4197782
161	8	1.120904	0.1941041	0.4197782
161	9	1.120904	0.1941041	0.4197782
161	11	1.120904	0.1941041	0.4197782
161	12	1.120904	0.1941041	0.4197782
