1	1	1.142496	0.1876457	0.420149
1	6	-0.1197596	0.5651976	0.3984726
33	1	1.267841	0.150154	0.4223015
33	4	-0.1807723	0.5834471	0.3974248
34	1	1.267841	0.150154	0.4223015
34	4	-0.1807723	0.5834471	0.3974248
35	1	1.267841	0.150154	0.4223015
35	4	-0.1807723	0.5834471	0.3974248
36	1	1.267841	0.150154	0.4223015
36	4	-0.1807723	0.5834471	0.3974248
37	1	1.267841	0.150154	0.4223015
37	4	-0.1807723	0.5834471	0.3974248
38	1	1.267841	0.150154	0.4223015
38	4	-0.1807723	0.5834471	0.3974248
39	1	1.267841	0.150154	0.4223015
39	4	-0.1807723	0.5834471	0.3974248
40	1	1.267841	0.150154	0.4223015
40	4	-0.1807723	0.5834471	0.3974248
41	1	1.267841	0.150154	0.4223015
41	4	-0.1807723	0.5834471	0.3974248
42	1	1.267841	0.150154	0.4223015
42	4	-0.1807723	0.5834471	0.3974248
43	1	1.267841	0.150154	0.4223015
43	4	-0.1807723	0.5834471	0.3974248
44	1	1.267841	0.150154	0.4223015
44	4	-0.1807723	0.5834471	0.3974248
45	1	1.267841	0.150154	0.4223015
45	4	-0.1807723	0.5834471	0.3974248
46	1	1.267841	0.150154	0.4223015
46	4	-0.1807723	0.5834471	0.3974248
47	1	1.267841	0.150154	0.4223015
47	4	-0.1807723	0.5834471	0.3974248
48	1	1.267841	0.150154	0.4223015
48	4	-0.1807723	0.5834471	0.3974248
49	1	1.267841	0.150154	0.4223015
49	4	-0.1807723	0.5834471	0.3974248
50	1	1.267841	0.150154	0.4223015
50	4	-0.1807723	0.5834471	0.3974248
51	1	1.267841	0.150154	0.4223015
51	4	-0.1807723	0.5834471	0.3974248
52	1	1.267841	0.150154	0.4223015
52	4	-0.1807723	0.5834471	0.3974248
53	1	1.267841	0.150154	0.4223015
53	4	-0.1807723	0.5834471	0.3974248
54	1	1.267841	0.150154	0.4223015
54	4	-0.1807723	0.5834471	0.3974248
55	1	1.267841	0.150154	0.4223015
55	4	-0.1807723	0.5834471	0.3974248
56	1	1.267841	0.150154	0.4223015
56	4	-0.1807723	0.5834471	0.3974248
57	1	1.267841	0.150154	0.4223015
57	4	-0.1807723	0.5834471	0.3974248
58	1	1.267841	0.150154	0.4223015
58	4	-0.1807723	0.5834471	0.3974248
59	1	1.267841	0.150154	0.4223015
59	4	-0.1807723	0.5834471	0.3974248
60	1	1.267841	0.150154	0.4223015
60	4	-0.1807723	0.5834471	0.3974248
61	1	1.267841	0.150154	0.4223015
61	4	-0.1807723	0.5834471	0.3974248
62	1	1.267841	0.150154	0.4223015
62	4	-0.1807723	0.5834471	0.3974248
63	1	1.267841	0.150154	0.4223015
63	4	-0.1807723	0.5834471	0.3974248
64	1	1.267841	0.150154	0.4223015
64	4	-0.1807723	0.5834471	0.3974248
65	1	1.267841	0.150154	0.4223015
65	4	-0.1807723	0.5834471	0.3974248
66	1	1.267841	0.150154	0.4223015
66	4	-0.1807723	0.5834471	0.3974248
67	1	1.267841	0.150154	0.4223015
67	4	-0.1807723	0.5834471	0.3974248
68	1	1.267841	0.150154	0.4223015
68	4	-0.1807723	0.5834471	0.3974248
69	1	1.267841	0.150154	0.4223015
69	4	-0.1807723	0.5834471	0.3974248
70	1	1.267841	0.150154	0.4223015
70	4	-0.1807723	0.5834471	0.3974248
71	1	1.267841	0.150154	0.4223015
71	4	-0.1807723	0.5834471	0.3974248
72	1	1.267841	0.150154	0.4223015
72	4	-0.1807723	0.5834471	0.3974248
73	1	1.267841	0.150154	0.4223015
73	4	-0.1807723	0.5834471	0.3974248
74	1	1.267841	0.150154	0.4223015
74	4	-0.1807723	0.5834471	0.3974248
75	1	1.267841	0.150154	0.4223015
75	4	-0.1807723	0.5834471	0.3974248
76	1	1.267841	0.150154	0.4223015
76	4	-0.1807723	0.5834471	0.3974248
77	1	1.267841	0.150154	0.4223015
77	4	-0.1807723	0.5834471	0.3974248
78	1	1.267841	0.150154	0.4223015
78	4	-0.1807723	0.5834471	0.3974248
79	1	1.267841	0.150154	0.4223015
79	4	-0.1807723	0.5834471	0.3974248
80	1	1.267841	0.150154	0.4223015
80	4	-0.1807723	0.5834471	0.3974248
81	1	1.267841	0.150154	0.4223015
81	4	-0.1807723	0.5834471	0.3974248
82	1	1.267841	0.150154	0.4223015
82	4	-0.1807723	0.5834471	0.3974248
83	1	1.267841	0.150154	0.4223015
83	4	-0.1807723	0.5834471	0.3974248
84	1	1.267841	0.150154	0.4223015
84	4	-0.1807723	0.5834471	0.3974248
85	1	1.267841	0.150154	0.4223015
85	4	-0.1807723	0.5834471	0.3974248
86	1	1.267841	0.150154	0.4223015
86	4	-0.1807723	0.5834471	0.3974248
87	1	1.267841	0.150154	0.4223015
87	4	-0.1807723	0.5834471	0.3974248
88	1	1.267841	0.150154	0.4223015
88	4	-0.1807723	0.5834471	0.3974248
89	1	1.267841	0.150154	0.4223015
89	4	-0.1807723	0.5834471	0.3974248
90	1	1.267841	0.150154	0.4223015
90	4	-0.1807723	0.5834471	0.3974248
91	1	1.267841	0.150154	0.4223015
91	4	-0.1807723	0.5834471	0.3974248
92	1	1.267841	0.150154	0.4223015
92	4	-0.1807723	0.5834471	0.3974248
93	1	1.267841	0.150154	0.4223015
93	4	-0.1807723	0.5834471	0.3974248
94	1	1.267841	0.150154	0.4223015
94	4	-0.1807723	0.5834471	0.3974248
95	1	1.267841	0.150154	0.4223015
95	4	-0.1807723	0.5834471	0.3974248
96	1	1.267841	0.150154	0.4223015
96	4	-0.1807723	0.5834471	0.3974248
97	1	1.267841	0.150154	0.4223015
97	4	-0.1807723	0.5834471	0.3974248
98	1	1.267841	0.150154	0.4223015
98	4	-0.1807723	0.5834471	0.3974248
99	1	1.267841	0.150154	0.4223015
99	4	-0.1807723	0.5834471	0.3974248
100	1	1.267841	0.150154	0.4223015
100	4	-0.1807723	0.5834471	0.3974248
101	1	1.267841	0.150154	0.4223015
101	4	-0.1807723	0.5834471	0.3974248
102	1	1.267841	0.150154	0.4223015
102	4	-0.1807723	0.5834471	0.3974248
103	1	1.267841	0.150154	0.4223015
103	4	-0.1807723	0.5834471	0.3974248
104	1	1.267841	0.150154	0.4223015
104	4	-0.1807723	0.5834471	0.3974248
105	1	1.200846	0.1701927	0.421151
105	4	-0.1489151	0.5739183	0.3979719
106	1	1.200846	0.1701927	0.421151
106	4	-0.1489151	0.5739183	0.3979719
107	1	1.200846	0.1701927	0.421151
107	4	-0.1489151	0.5739183	0.3979719
108	1	1.200846	0.1701927	0.421151
108	4	-0.1489151	0.5739183	0.3979719
109	1	1.200846	0.1701927	0.421151
109	4	-0.1489151	0.5739183	0.3979719
110	1	1.200846	0.1701927	0.421151
110	4	-0.1489151	0.5739183	0.3979719
111	1	1.200846	0.1701927	0.421151
111	4	-0.1489151	0.5739183	0.3979719
112	1	1.200846	0.1701927	0.421151
112	4	-0.1489151	0.5739183	0.3979719
113	1	1.200846	0.1701927	0.421151
113	4	-0.1489151	0.5739183	0.3979719
114	1	1.200846	0.1701927	0.421151
114	4	-0.1489151	0.5739183	0.3979719
115	1	1.200846	0.1701927	0.421151
115	4	-0.1489151	0.5739183	0.3979719
116	1	1.200846	0.1701927	0.421151
116	4	-0.1489151	0.5739183	0.3979719
117	1	1.200846	0.1701927	0.421151
117	4	-0.1489151	0.5739183	0.3979719
118	1	1.200846	0.1701927	0.421151
118	4	-0.1489151	0.5739183	0.3979719
119	1	1.200846	0.1701927	0.421151
119	4	-0.1489151	0.5739183	0.3979719
120	1	1.200846	0.1701927	0.421151
120	4	-0.1489151	0.5739183	0.3979719
121	1	1.200846	0.1701927	0.421151
121	4	-0.1489151	0.5739183	0.3979719
122	1	1.200846	0.1701927	0.421151
122	4	-0.1489151	0.5739183	0.3979719
123	1	1.200846	0.1701927	0.421151
123	4	-0.1489151	0.5739183	0.3979719
124	1	1.200846	0.1701927	0.421151
124	4	-0.1489151	0.5739183	0.3979719
125	1	1.200846	0.1701927	0.421151
125	4	-0.1489151	0.5739183	0.3979719
126	1	1.200846	0.1701927	0.421151
126	4	-0.1489151	0.5739183	0.3979719
127	1	1.200846	0.1701927	0.421151
127	4	-0.1489151	0.5739183	0.3979719
128	1	1.200846	0.1701927	0.421151
128	4	-0.1489151	0.5739183	0.3979719
129	1	1.200846	0.1701927	0.421151
129	4	-0.1489151	0.5739183	0.3979719
130	1	1.200846	0.1701927	0.421151
130	4	-0.1489151	0.5739183	0.3979719
131	1	1.200846	0.1701927	0.421151
131	4	-0.1489151	0.5739183	0.3979719
132	1	1.200846	0.1701927	0.421151
132	4	-0.1489151	0.5739183	0.3979719
133	1	1.200846	0.1701927	0.421151
133	4	-0.1489151	0.5739183	0.3979719
134	1	1.200846	0.1701927	0.421151
134	4	-0.1489151	0.5739183	0.3979719
135	1	1.200846	0.1701927	0.421151
135	4	-0.1489151	0.5739183	0.3979719
136	1	1.200846	0.1701927	0.421151
136	4	-0.1489151	0.5739183	0.3979719
137	1	1.200846	0.1701927	0.421151
137	4	-0.1489151	0.5739183	0.3979719
138	1	1.200846	0.1701927	0.421151
138	4	-0.1489151	0.5739183	0.3979719
139	1	1.200846	0.1701927	0.421151
139	4	-0.1489151	0.5739183	0.3979719
140	1	1.200846	0.1701927	0.421151
140	4	-0.1489151	0.5739183	0.3979719
141	1	1.200846	0.1701927	0.421151
141	4	-0.1489151	0.5739183	0.3979719
142	1	1.200846	0.1701927	0.421151
142	4	-0.1489151	0.5739183	0.3979719
143	1	1.200846	0.1701927	0.421151
143	4	-0.1489151	0.5739183	0.3979719
144	1	1.200846	0.1701927	0.421151
144	4	-0.1489151	0.5739183	0.3979719
145	1	1.200846	0.1701927	0.421151
145	4	-0.1489151	0.5739183	0.3979719
146	1	1.200846	0.1701927	0.421151
146	4	-0.1489151	0.5739183	0.3979719
147	1	1.200846	0.1701927	0.421151
147	4	-0.1489151	0.5739183	0.3979719
148	1	1.200846	0.1701927	0.421151
148	4	-0.1489151	0.5739183	0.3979719
149	1	1.200846	0.1701927	0.421151
149	4	-0.1489151	0.5739183	0.3979719
150	1	1.200846	0.1701927	0.421151
150	4	-0.1489151	0.5739183	0.3979719
151	1	1.200846	0.1701927	0.421151
151	4	-0.1489151	0.5739183	0.3979719
152	1	1.200846	0.1701927	0.421151
152	4	-0.1489151	0.5739183	0.3979719
153	1	1.200846	0.1701927	0.421151
153	4	-0.1489151	0.5739183	0.3979719
154	1	1.200846	0.1701927	0.421151
154	4	-0.1489151	0.5739183	0.3979719
155	1	1.200846	0.1701927	0.421151
155	4	-0.1489151	0.5739183	0.3979719
156	1	1.200846	0.1701927	0.421151
156	4	-0.1489151	0.5739183	0.3979719
157	1	1.200846	0.1701927	0.421151
157	4	-0.1489151	0.5739183	0.3979719
158	1	1.200846	0.1701927	0.421151
158	4	-0.1489151	0.5739183	0.3979719
159	1	1.200846	0.1701927	0.421151
159	4	-0.1489151	0.5739183	0.3979719
160	1	1.200846	0.1701927	0.421151
160	4	-0.1489151	0.5739183	0.3979719
161	1	1.200846	0.1701927	0.421151
161	4	-0.1489151	0.5739183	0.3979719
162	1	1.200846	0.1701927	0.421151
162	4	-0.1489151	0.5739183	0.3979719
163	1	1.200846	0.1701927	0.421151
163	4	-0.1489151	0.5739183	0.3979719
164	1	1.200846	0.1701927	0.421151
164	4	-0.1489151	0.5739183	0.3979719
165	1	1.200846	0.1701927	0.421151
165	4	-0.1489151	0.5739183	0.3979719
166	1	1.200846	0.1701927	0.421151
166	4	-0.1489151	0.5739183	0.3979719
167	1	1.200846	0.1701927	0.421151
167	4	-0.1489151	0.5739183	0.3979719
168	1	1.200846	0.1701927	0.421151
168	4	-0.1489151	0.5739183	0.3979719
169	1	1.200846	0.1701927	0.421151
169	4	-0.1489151	0.5739183	0.3979719
170	1	1.200846	0.1701927	0.421151
170	4	-0.1489151	0.5739183	0.3979719
171	1	1.200846	0.1701927	0.421151
171	4	-0.1489151	0.5739183	0.3979719
172	1	1.200846	0.1701927	0.421151
172	4	-0.1489151	0.5739183	0.3979719
173	1	1.200846	0.1701927	0.421151
173	4	-0.1489151	0.5739183	0.3979719
174	1	1.200846	0.1701927	0.421151
174	4	-0.1489151	0.5739183	0.3979719
175	1	1.200846	0.1701927	0.421151
175	4	-0.1489151	0.5739183	0.3979719
176	1	1.200846	0.1701927	0.421151
176	4	-0.1489151	0.5739183	0.3979719
177	1	1.200846	0.1701927	0.421151
177	4	-0.1489151	0.5739183	0.3979719
178	1	1.200846	0.1701927	0.421151
178	4	-0.1489151	0.5739183	0.3979719
179	1	1.200846	0.1701927	0.421151
179	4	-0.1489151	0.5739183	0.3979719
180	1	1.200846	0.1701927	0.421151
180	4	-0.1489151	0.5739183	0.3979719
181	1	1.200846	0.1701927	0.421151
181	4	-0.1489151	0.5739183	0.3979719
182	1	1.200846	0.1701927	0.421151
182	4	-0.1489151	0.5739183	0.3979719
183	1	1.200846	0.1701927	0.421151
183	4	-0.1489151	0.5739183	0.3979719
184	1	1.200846	0.1701927	0.421151
184	4	-0.1489151	0.5739183	0.3979719
185	1	1.200846	0.1701927	0.421151
185	4	-0.1489151	0.5739183	0.3979719
186	1	1.252829	0.1546442	0.4220437
186	4	-0.1737785	0.5813552	0.3975449
187	1	1.267841	0.150154	0.4223015
187	4	-0.1807723	0.5834471	0.3974248
188	1	1.267841	0.150154	0.4223015
188	4	-0.1807723	0.5834471	0.3974248
189	1	1.267841	0.150154	0.4223015
189	4	-0.1807723	0.5834471	0.3974248
190	1	1.267841	0.150154	0.4223015
190	4	-0.1807723	0.5834471	0.3974248
191	1	1.267841	0.150154	0.4223015
191	4	-0.1807723	0.5834471	0.3974248
192	1	1.267841	0.150154	0.4223015
192	4	-0.1807723	0.5834471	0.3974248
193	1	1.267841	0.150154	0.4223015
193	4	-0.1807723	0.5834471	0.3974248
194	1	1.267841	0.150154	0.4223015
194	4	-0.1807723	0.5834471	0.3974248
195	1	1.267841	0.150154	0.4223015
195	4	-0.1807723	0.5834471	0.3974248
196	1	1.267841	0.150154	0.4223015
196	4	-0.1807723	0.5834471	0.3974248
197	1	1.267841	0.150154	0.4223015
197	4	-0.1807723	0.5834471	0.3974248
198	1	1.267841	0.150154	0.4223015
198	4	-0.1807723	0.5834471	0.3974248
199	1	1.267841	0.150154	0.4223015
199	4	-0.1807723	0.5834471	0.3974248
200	1	1.267841	0.150154	0.4223015
200	4	-0.1807723	0.5834471	0.3974248
201	1	1.267841	0.150154	0.4223015
201	4	-0.1807723	0.5834471	0.3974248
202	1	1.267841	0.150154	0.4223015
202	4	-0.1807723	0.5834471	0.3974248
203	1	1.267841	0.150154	0.4223015
203	4	-0.1807723	0.5834471	0.3974248
204	1	1.267841	0.150154	0.4223015
204	4	-0.1807723	0.5834471	0.3974248
205	1	1.267841	0.150154	0.4223015
205	4	-0.1807723	0.5834471	0.3974248
206	1	1.267841	0.150154	0.4223015
206	4	-0.1807723	0.5834471	0.3974248
207	1	1.267841	0.150154	0.4223015
207	4	-0.1807723	0.5834471	0.3974248
208	1	1.267841	0.150154	0.4223015
208	4	-0.1807723	0.5834471	0.3974248
209	1	1.267841	0.150154	0.4223015
209	4	-0.1807723	0.5834471	0.3974248
210	1	1.267841	0.150154	0.4223015
210	4	-0.1807723	0.5834471	0.3974248
304	1	1.267841	0.150154	0.4223015
304	4	-0.1807723	0.5834471	0.3974248
305	1	1.267841	0.150154	0.4223015
305	4	-0.1807723	0.5834471	0.3974248
306	1	1.267841	0.150154	0.4223015
306	4	-0.1807723	0.5834471	0.3974248
307	1	1.267841	0.150154	0.4223015
307	4	-0.1807723	0.5834471	0.3974248
308	1	1.267841	0.150154	0.4223015
308	4	-0.1807723	0.5834471	0.3974248
309	1	1.267841	0.150154	0.4223015
309	4	-0.1807723	0.5834471	0.3974248
310	1	1.267841	0.150154	0.4223015
310	4	-0.1807723	0.5834471	0.3974248
311	1	1.267841	0.150154	0.4223015
311	4	-0.1807723	0.5834471	0.3974248
312	1	1.267841	0.150154	0.4223015
312	4	-0.1807723	0.5834471	0.3974248
313	1	1.267841	0.150154	0.4223015
313	4	-0.1807723	0.5834471	0.3974248
314	1	1.267841	0.150154	0.4223015
314	4	-0.1807723	0.5834471	0.3974248
315	1	1.267841	0.150154	0.4223015
315	4	-0.1807723	0.5834471	0.3974248
316	1	1.267841	0.150154	0.4223015
316	4	-0.1807723	0.5834471	0.3974248
317	1	1.267841	0.150154	0.4223015
317	4	-0.1807723	0.5834471	0.3974248
318	1	1.267841	0.150154	0.4223015
318	4	-0.1807723	0.5834471	0.3974248
319	1	1.267841	0.150154	0.4223015
319	4	-0.1807723	0.5834471	0.3974248
320	1	1.267841	0.150154	0.4223015
320	4	-0.1807723	0.5834471	0.3974248
321	1	1.267841	0.150154	0.4223015
321	4	-0.1807723	0.5834471	0.3974248
322	1	1.267841	0.150154	0.4223015
322	4	-0.1807723	0.5834471	0.3974248
323	1	1.267841	0.150154	0.4223015
323	4	-0.1807723	0.5834471	0.3974248
324	1	1.267841	0.150154	0.4223015
324	4	-0.1807723	0.5834471	0.3974248
325	1	1.267841	0.150154	0.4223015
325	4	-0.1807723	0.5834471	0.3974248
326	1	1.267841	0.150154	0.4223015
326	4	-0.1807723	0.5834471	0.3974248
327	1	1.267841	0.150154	0.4223015
327	4	-0.1807723	0.5834471	0.3974248
328	1	1.267841	0.150154	0.4223015
328	4	-0.1807723	0.5834471	0.3974248
329	1	1.267841	0.150154	0.4223015
329	4	-0.1807723	0.5834471	0.3974248
330	1	1.200846	0.1701927	0.421151
330	4	-0.1489151	0.5739183	0.3979719
331	1	1.200846	0.1701927	0.421151
331	4	-0.1489151	0.5739183	0.3979719
332	1	1.200846	0.1701927	0.421151
332	4	-0.1489151	0.5739183	0.3979719
333	1	1.200846	0.1701927	0.421151
333	4	-0.1489151	0.5739183	0.3979719
334	1	1.200846	0.1701927	0.421151
334	4	-0.1489151	0.5739183	0.3979719
335	1	1.200846	0.1701927	0.421151
335	4	-0.1489151	0.5739183	0.3979719
336	1	1.200846	0.1701927	0.421151
336	4	-0.1489151	0.5739183	0.3979719
337	1	1.200846	0.1701927	0.421151
337	4	-0.1489151	0.5739183	0.3979719
338	1	1.200846	0.1701927	0.421151
338	4	-0.1489151	0.5739183	0.3979719
339	1	1.200846	0.1701927	0.421151
339	4	-0.1489151	0.5739183	0.3979719
340	1	1.200846	0.1701927	0.421151
340	4	-0.1489151	0.5739183	0.3979719
341	1	1.200846	0.1701927	0.421151
341	4	-0.1489151	0.5739183	0.3979719
342	1	1.200846	0.1701927	0.421151
342	4	-0.1489151	0.5739183	0.3979719
343	1	1.200846	0.1701927	0.421151
343	4	-0.1489151	0.5739183	0.3979719
344	1	1.200846	0.1701927	0.421151
344	4	-0.1489151	0.5739183	0.3979719
345	1	1.200846	0.1701927	0.421151
345	4	-0.1489151	0.5739183	0.3979719
346	1	-0.1631963	0.5781899	0.3977266
346	4	1.230444	0.1613396	0.4216593
347	1	1.252829	0.1546442	0.4220437
347	4	-0.1737785	0.5813552	0.3975449
348	1	1.252829	0.1546442	0.4220437
348	4	-0.1737785	0.5813552	0.3975449
349	1	1.252829	0.1546442	0.4220437
349	4	-0.1737785	0.5813552	0.3975449
350	1	1.252829	0.1546442	0.4220437
350	4	-0.1737785	0.5813552	0.3975449
351	1	1.252829	0.1546442	0.4220437
351	4	-0.1737785	0.5813552	0.3975449
352	1	1.252829	0.1546442	0.4220437
352	4	-0.1737785	0.5813552	0.3975449
353	1	1.252829	0.1546442	0.4220437
353	4	-0.1737785	0.5813552	0.3975449
354	1	1.252829	0.1546442	0.4220437
354	4	-0.1737785	0.5813552	0.3975449
355	1	1.252829	0.1546442	0.4220437
355	4	-0.1737785	0.5813552	0.3975449
356	1	1.252829	0.1546442	0.4220437
356	4	-0.1737785	0.5813552	0.3975449
357	1	1.252829	0.1546442	0.4220437
357	4	-0.1737785	0.5813552	0.3975449
358	1	1.252829	0.1546442	0.4220437
358	4	-0.1737785	0.5813552	0.3975449
359	1	1.252829	0.1546442	0.4220437
359	4	-0.1737785	0.5813552	0.3975449
360	1	1.252829	0.1546442	0.4220437
360	4	-0.1737785	0.5813552	0.3975449
361	1	1.252829	0.1546442	0.4220437
361	4	-0.1737785	0.5813552	0.3975449
362	1	1.252829	0.1546442	0.4220437
362	4	-0.1737785	0.5813552	0.3975449
363	1	1.252829	0.1546442	0.4220437
363	4	-0.1737785	0.5813552	0.3975449
364	1	1.252829	0.1546442	0.4220437
364	4	-0.1737785	0.5813552	0.3975449
365	1	1.252829	0.1546442	0.4220437
365	4	-0.1737785	0.5813552	0.3975449
366	1	1.252829	0.1546442	0.4220437
366	4	-0.1737785	0.5813552	0.3975449
367	1	1.267841	0.150154	0.4223015
367	4	-0.1807723	0.5834471	0.3974248
368	1	1.267841	0.150154	0.4223015
368	4	-0.1807723	0.5834471	0.3974248
369	1	1.267841	0.150154	0.4223015
369	4	-0.1807723	0.5834471	0.3974248
370	1	1.267841	0.150154	0.4223015
370	4	-0.1807723	0.5834471	0.3974248
371	1	1.267841	0.150154	0.4223015
371	4	-0.1807723	0.5834471	0.3974248
372	1	1.267841	0.150154	0.4223015
372	4	-0.1807723	0.5834471	0.3974248
373	1	1.267841	0.150154	0.4223015
373	4	-0.1807723	0.5834471	0.3974248
374	1	1.267841	0.150154	0.4223015
374	4	-0.1807723	0.5834471	0.3974248
375	1	1.267841	0.150154	0.4223015
375	4	-0.1807723	0.5834471	0.3974248
376	1	1.267841	0.150154	0.4223015
376	4	-0.1807723	0.5834471	0.3974248
377	1	1.267841	0.150154	0.4223015
377	4	-0.1807723	0.5834471	0.3974248
378	1	1.267841	0.150154	0.4223015
378	4	-0.1807723	0.5834471	0.3974248
379	1	1.267841	0.150154	0.4223015
379	4	-0.1807723	0.5834471	0.3974248
380	1	1.267841	0.150154	0.4223015
380	4	-0.1807723	0.5834471	0.3974248
381	1	1.267841	0.150154	0.4223015
381	4	-0.1807723	0.5834471	0.3974248
382	1	1.267841	0.150154	0.4223015
382	4	-0.1807723	0.5834471	0.3974248
383	1	1.267841	0.150154	0.4223015
383	4	-0.1807723	0.5834471	0.3974248
384	1	1.267841	0.150154	0.4223015
384	4	-0.1807723	0.5834471	0.3974248
385	1	1.267841	0.150154	0.4223015
385	4	-0.1807723	0.5834471	0.3974248
386	1	1.267841	0.150154	0.4223015
386	4	-0.1807723	0.5834471	0.3974248
387	1	1.267841	0.150154	0.4223015
387	4	-0.1807723	0.5834471	0.3974248
388	1	1.267841	0.150154	0.4223015
388	4	-0.1807723	0.5834471	0.3974248
389	1	1.267841	0.150154	0.4223015
389	4	-0.1807723	0.5834471	0.3974248
390	1	1.267841	0.150154	0.4223015
390	4	-0.1807723	0.5834471	0.3974248
391	1	1.267841	0.150154	0.4223015
391	4	-0.1807723	0.5834471	0.3974248
392	1	1.267841	0.150154	0.4223015
392	4	-0.1807723	0.5834471	0.3974248
393	1	1.267841	0.150154	0.4223015
393	4	-0.1807723	0.5834471	0.3974248
394	1	1.267841	0.150154	0.4223015
394	4	-0.1807723	0.5834471	0.3974248
395	1	1.267841	0.150154	0.4223015
395	4	-0.1807723	0.5834471	0.3974248
396	1	1.267841	0.150154	0.4223015
396	4	-0.1807723	0.5834471	0.3974248
397	1	1.267841	0.150154	0.4223015
397	4	-0.1807723	0.5834471	0.3974248
398	1	1.267841	0.150154	0.4223015
398	4	-0.1807723	0.5834471	0.3974248
399	1	1.267841	0.150154	0.4223015
399	4	-0.1807723	0.5834471	0.3974248
400	1	1.267841	0.150154	0.4223015
400	4	-0.1807723	0.5834471	0.3974248
401	1	1.267841	0.150154	0.4223015
401	4	-0.1807723	0.5834471	0.3974248
402	1	1.267841	0.150154	0.4223015
402	4	-0.1807723	0.5834471	0.3974248
403	1	1.267841	0.150154	0.4223015
403	4	-0.1807723	0.5834471	0.3974248
404	1	1.267841	0.150154	0.4223015
404	4	-0.1807723	0.5834471	0.3974248
405	1	1.267841	0.150154	0.4223015
405	4	-0.1807723	0.5834471	0.3974248
406	1	1.267841	0.150154	0.4223015
406	4	-0.1807723	0.5834471	0.3974248
407	1	1.267841	0.150154	0.4223015
407	4	-0.1807723	0.5834471	0.3974248
408	1	1.267841	0.150154	0.4223015
408	4	-0.1807723	0.5834471	0.3974248
409	1	1.267841	0.150154	0.4223015
409	4	-0.1807723	0.5834471	0.3974248
410	1	1.267841	0.150154	0.4223015
410	4	-0.1807723	0.5834471	0.3974248
411	1	1.024516	0.2604006	0.04685127
411	4	-0.1939803	0.5873966	0.3972084
411	6	0.4638455	0.3071313	1.235990
412	1	1.024516	0.2604006	0.04685127
412	4	-0.1939803	0.5873966	0.3972084
412	6	0.4638455	0.3071313	1.235990
413	1	1.024516	0.2604006	0.04685127
413	4	-0.1939803	0.5873966	0.3972084
413	6	0.4638455	0.3071313	1.235990
414	1	1.024516	0.2604006	0.04685127
414	4	-0.1939803	0.5873966	0.3972084
414	6	0.4638455	0.3071313	1.235990
415	1	1.024516	0.2604006	0.04685127
415	4	-0.1939803	0.5873966	0.3972084
415	6	0.4638455	0.3071313	1.235990
416	1	1.024516	0.2604006	0.04685127
416	4	-0.1939803	0.5873966	0.3972084
416	6	0.4638455	0.3071313	1.235990
417	1	1.024516	0.2604006	0.04685127
417	4	-0.1939803	0.5873966	0.3972084
417	6	0.4638455	0.3071313	1.235990
418	1	1.024516	0.2604006	0.04685127
418	4	-0.1939803	0.5873966	0.3972084
418	6	0.4638455	0.3071313	1.235990
419	1	1.024516	0.2604006	0.04685127
419	4	-0.1939803	0.5873966	0.3972084
419	6	0.4638455	0.3071313	1.235990
420	1	1.024516	0.2604006	0.04685127
420	4	-0.1939803	0.5873966	0.3972084
420	6	0.4638455	0.3071313	1.235990
421	1	1.024516	0.2604006	0.04685127
421	4	-0.1939803	0.5873966	0.3972084
421	6	0.4638455	0.3071313	1.235990
422	1	1.024516	0.2604006	0.04685127
422	4	-0.1939803	0.5873966	0.3972084
422	6	0.4638455	0.3071313	1.235990
423	1	1.024516	0.2604006	0.04685127
423	4	-0.1939803	0.5873966	0.3972084
423	6	0.4638455	0.3071313	1.235990
424	1	1.024516	0.2604006	0.04685127
424	4	-0.1939803	0.5873966	0.3972084
424	6	0.4638455	0.3071313	1.235990
425	1	1.024516	0.2604006	0.04685127
425	4	-0.1939803	0.5873966	0.3972084
425	6	0.4638455	0.3071313	1.235990
426	1	1.024516	0.2604006	0.04685127
426	4	-0.1939803	0.5873966	0.3972084
426	6	0.4638455	0.3071313	1.235990
427	1	1.024516	0.2604006	0.04685127
427	4	-0.1939803	0.5873966	0.3972084
427	6	0.4638455	0.3071313	1.235990
428	1	1.024516	0.2604006	0.04685127
428	4	-0.1939803	0.5873966	0.3972084
428	6	0.4638455	0.3071313	1.235990
429	1	1.024516	0.2604006	0.04685127
429	4	-0.1939803	0.5873966	0.3972084
429	6	0.4638455	0.3071313	1.235990
430	1	1.024516	0.2604006	0.04685127
430	4	-0.1939803	0.5873966	0.3972084
430	6	0.4638455	0.3071313	1.235990
431	1	1.024516	0.2604006	0.04685127
431	4	-0.1939803	0.5873966	0.3972084
431	6	0.4638455	0.3071313	1.235990
432	1	1.024516	0.2604006	0.04685127
432	4	-0.1939803	0.5873966	0.3972084
432	6	0.4638455	0.3071313	1.235990
433	1	1.024516	0.2604006	0.04685127
433	4	-0.1939803	0.5873966	0.3972084
433	6	0.4638455	0.3071313	1.235990
434	1	1.024516	0.2604006	0.04685127
434	4	-0.1939803	0.5873966	0.3972084
434	6	0.4638455	0.3071313	1.235990
435	1	1.024516	0.2604006	0.04685127
435	4	-0.1939803	0.5873966	0.3972084
435	6	0.4638455	0.3071313	1.235990
436	1	1.024516	0.2604006	0.04685127
436	4	-0.1939803	0.5873966	0.3972084
436	6	0.4638455	0.3071313	1.235990
437	1	1.024516	0.2604006	0.04685127
437	4	-0.1939803	0.5873966	0.3972084
437	6	0.4638455	0.3071313	1.235990
438	1	1.024516	0.2604006	0.04685127
438	4	-0.1939803	0.5873966	0.3972084
438	6	0.4638455	0.3071313	1.235990
439	1	1.024516	0.2604006	0.04685127
439	4	-0.1939803	0.5873966	0.3972084
439	6	0.4638455	0.3071313	1.235990
440	1	1.024516	0.2604006	0.04685127
440	4	-0.1939803	0.5873966	0.3972084
440	6	0.4638455	0.3071313	1.235990
441	1	1.024516	0.2604006	0.04685127
441	4	-0.1939803	0.5873966	0.3972084
441	6	0.4638455	0.3071313	1.235990
442	1	1.024516	0.2604006	0.04685127
442	4	-0.1939803	0.5873966	0.3972084
442	6	0.4638455	0.3071313	1.235990
443	1	1.024516	0.2604006	0.04685127
443	4	-0.1939803	0.5873966	0.3972084
443	6	0.4638455	0.3071313	1.235990
444	1	1.024516	0.2604006	0.04685127
444	4	-0.1939803	0.5873966	0.3972084
444	6	0.4638455	0.3071313	1.235990
445	1	1.024516	0.2604006	0.04685127
445	4	-0.1939803	0.5873966	0.3972084
445	6	0.4638455	0.3071313	1.235990
446	1	1.024516	0.2604006	0.04685127
446	4	-0.1939803	0.5873966	0.3972084
446	6	0.4638455	0.3071313	1.235990
447	1	1.024516	0.2604006	0.04685127
447	4	-0.1939803	0.5873966	0.3972084
447	6	0.4638455	0.3071313	1.235990
448	1	1.024516	0.2604006	0.04685127
448	4	-0.1939803	0.5873966	0.3972084
448	6	0.4638455	0.3071313	1.235990
449	1	1.024516	0.2604006	0.04685127
449	4	-0.1939803	0.5873966	0.3972084
449	6	0.4638455	0.3071313	1.235990
450	1	1.024516	0.2604006	0.04685127
450	4	-0.1939803	0.5873966	0.3972084
450	6	0.4638455	0.3071313	1.235990
451	1	1.024516	0.2604006	0.04685127
451	4	-0.1939803	0.5873966	0.3972084
451	6	0.4638455	0.3071313	1.235990
452	1	1.024516	0.2604006	0.04685127
452	4	-0.1939803	0.5873966	0.3972084
452	6	0.4638455	0.3071313	1.235990
453	1	1.024516	0.2604006	0.04685127
453	4	-0.1939803	0.5873966	0.3972084
453	6	0.4638455	0.3071313	1.235990
454	1	1.024516	0.2604006	0.04685127
454	4	-0.1939803	0.5873966	0.3972084
454	6	0.4638455	0.3071313	1.235990
455	1	1.024516	0.2604006	0.04685127
455	4	-0.1939803	0.5873966	0.3972084
455	6	0.4638455	0.3071313	1.235990
456	1	1.024516	0.2604006	0.04685127
456	4	-0.1939803	0.5873966	0.3972084
456	6	0.4638455	0.3071313	1.235990
457	1	1.024516	0.2604006	0.04685127
457	4	-0.1939803	0.5873966	0.3972084
457	6	0.4638455	0.3071313	1.235990
458	1	1.024516	0.2604006	0.04685127
458	4	-0.1939803	0.5873966	0.3972084
458	6	0.4638455	0.3071313	1.235990
459	1	1.024516	0.2604006	0.04685127
459	4	-0.1939803	0.5873966	0.3972084
459	6	0.4638455	0.3071313	1.235990
460	1	1.024516	0.2604006	0.04685127
460	4	-0.1939803	0.5873966	0.3972084
460	6	0.4638455	0.3071313	1.235990
461	1	1.024516	0.2604006	0.04685127
461	4	-0.1939803	0.5873966	0.3972084
461	6	0.4638455	0.3071313	1.235990
462	1	1.024516	0.2604006	0.04685127
462	4	-0.1939803	0.5873966	0.3972084
462	6	0.4638455	0.3071313	1.235990
463	1	1.024516	0.2604006	0.04685127
463	4	-0.1939803	0.5873966	0.3972084
463	6	0.4638455	0.3071313	1.235990
464	1	1.024516	0.2604006	0.04685127
464	4	-0.1939803	0.5873966	0.3972084
464	6	0.4638455	0.3071313	1.235990
465	1	1.024516	0.2604006	0.04685127
465	4	-0.1939803	0.5873966	0.3972084
465	6	0.4638455	0.3071313	1.235990
466	1	1.024516	0.2604006	0.04685127
466	4	-0.1939803	0.5873966	0.3972084
466	6	0.4638455	0.3071313	1.235990
467	1	1.024516	0.2604006	0.04685127
467	4	-0.1939803	0.5873966	0.3972084
467	6	0.4638455	0.3071313	1.235990
468	1	1.024516	0.2604006	0.04685127
468	4	-0.1939803	0.5873966	0.3972084
468	6	0.4638455	0.3071313	1.235990
469	1	1.024516	0.2604006	0.04685127
469	4	-0.1939803	0.5873966	0.3972084
469	6	0.4638455	0.3071313	1.235990
470	1	1.024516	0.2604006	0.04685127
470	4	-0.1939803	0.5873966	0.3972084
470	6	0.4638455	0.3071313	1.235990
471	1	1.024516	0.2604006	0.04685127
471	4	-0.1939803	0.5873966	0.3972084
471	6	0.4638455	0.3071313	1.235990
472	1	1.024516	0.2604006	0.04685127
472	4	-0.1939803	0.5873966	0.3972084
472	6	0.4638455	0.3071313	1.235990
473	1	1.024516	0.2604006	0.04685127
473	4	-0.1939803	0.5873966	0.3972084
473	6	0.4638455	0.3071313	1.235990
474	1	1.024516	0.2604006	0.04685127
474	4	-0.1939803	0.5873966	0.3972084
474	6	0.4638455	0.3071313	1.235990
475	1	1.024516	0.2604006	0.04685127
475	4	-0.1939803	0.5873966	0.3972084
475	6	0.4638455	0.3071313	1.235990
476	1	1.024516	0.2604006	0.04685127
476	4	-0.1939803	0.5873966	0.3972084
476	6	0.4638455	0.3071313	1.235990
477	1	1.024516	0.2604006	0.04685127
477	4	-0.1939803	0.5873966	0.3972084
477	6	0.4638455	0.3071313	1.235990
478	1	1.024516	0.2604006	0.04685127
478	4	-0.1939803	0.5873966	0.3972084
478	6	0.4638455	0.3071313	1.235990
492	1	1.024516	0.2604006	0.04685127
492	4	-0.1939803	0.5873966	0.3972084
492	6	0.4638455	0.3071313	1.235990
493	1	1.024516	0.2604006	0.04685127
493	4	-0.1939803	0.5873966	0.3972084
493	6	0.4638455	0.3071313	1.235990
494	1	1.024516	0.2604006	0.04685127
494	4	-0.1939803	0.5873966	0.3972084
494	6	0.4638455	0.3071313	1.235990
495	1	1.024516	0.2604006	0.04685127
495	4	-0.1939803	0.5873966	0.3972084
495	6	0.4638455	0.3071313	1.235990
496	1	1.024516	0.2604006	0.04685127
496	4	-0.1939803	0.5873966	0.3972084
496	6	0.4638455	0.3071313	1.235990
497	1	1.024516	0.2604006	0.04685127
497	4	-0.1939803	0.5873966	0.3972084
497	6	0.4638455	0.3071313	1.235990
498	1	1.024516	0.2604006	0.04685127
498	4	-0.1939803	0.5873966	0.3972084
498	6	0.4638455	0.3071313	1.235990
499	1	1.024516	0.2604006	0.04685127
499	4	-0.1939803	0.5873966	0.3972084
499	6	0.4638455	0.3071313	1.235990
500	1	1.024516	0.2604006	0.04685127
500	4	-0.1939803	0.5873966	0.3972084
500	6	0.4638455	0.3071313	1.235990
501	1	1.024516	0.2604006	0.04685127
501	4	-0.1939803	0.5873966	0.3972084
501	6	0.4638455	0.3071313	1.235990
502	1	1.024516	0.2604006	0.04685127
502	4	-0.1939803	0.5873966	0.3972084
502	6	0.4638455	0.3071313	1.235990
503	1	1.024516	0.2604006	0.04685127
503	4	-0.1939803	0.5873966	0.3972084
503	6	0.4638455	0.3071313	1.235990
504	1	1.024516	0.2604006	0.04685127
504	4	-0.1939803	0.5873966	0.3972084
504	6	0.4638455	0.3071313	1.235990
505	1	1.024516	0.2604006	0.04685127
505	4	-0.1939803	0.5873966	0.3972084
505	6	0.4638455	0.3071313	1.235990
506	1	1.024516	0.2604006	0.04685127
506	4	-0.1939803	0.5873966	0.3972084
506	6	0.4638455	0.3071313	1.235990
507	1	1.024516	0.2604006	0.04685127
507	4	-0.1939803	0.5873966	0.3972084
507	6	0.4638455	0.3071313	1.235990
508	1	1.024516	0.2604006	0.04685127
508	4	-0.1939803	0.5873966	0.3972084
508	6	0.4638455	0.3071313	1.235990
509	1	1.024516	0.2604006	0.04685127
509	4	-0.1939803	0.5873966	0.3972084
509	6	0.4638455	0.3071313	1.235990
510	1	1.024516	0.2604006	0.04685127
510	4	-0.1939803	0.5873966	0.3972084
510	6	0.4638455	0.3071313	1.235990
511	1	1.024516	0.2604006	0.04685127
511	4	-0.1939803	0.5873966	0.3972084
511	6	0.4638455	0.3071313	1.235990
512	1	1.024516	0.2604006	0.04685127
512	4	-0.1939803	0.5873966	0.3972084
512	6	0.4638455	0.3071313	1.235990
513	1	1.024516	0.2604006	0.04685127
513	4	-0.1939803	0.5873966	0.3972084
513	6	0.4638455	0.3071313	1.235990
514	1	1.024516	0.2604006	0.04685127
514	4	-0.1939803	0.5873966	0.3972084
514	6	0.4638455	0.3071313	1.235990
515	1	1.024516	0.2604006	0.04685127
515	4	-0.1939803	0.5873966	0.3972084
515	6	0.4638455	0.3071313	1.235990
516	1	1.024516	0.2604006	0.04685127
516	4	-0.1939803	0.5873966	0.3972084
516	6	0.4638455	0.3071313	1.235990
517	1	1.024516	0.2604006	0.04685127
517	4	-0.1939803	0.5873966	0.3972084
517	6	0.4638455	0.3071313	1.235990
518	1	1.024516	0.2604006	0.04685127
518	4	-0.1939803	0.5873966	0.3972084
518	6	0.4638455	0.3071313	1.235990
519	1	1.024516	0.2604006	0.04685127
519	4	-0.1939803	0.5873966	0.3972084
519	6	0.4638455	0.3071313	1.235990
520	1	1.024516	0.2604006	0.04685127
520	4	-0.1939803	0.5873966	0.3972084
520	6	0.4638455	0.3071313	1.235990
521	1	1.024516	0.2604006	0.04685127
521	4	-0.1939803	0.5873966	0.3972084
521	6	0.4638455	0.3071313	1.235990
522	1	1.024516	0.2604006	0.04685127
522	4	-0.1939803	0.5873966	0.3972084
522	6	0.4638455	0.3071313	1.235990
523	1	1.024516	0.2604006	0.04685127
523	4	-0.1939803	0.5873966	0.3972084
523	6	0.4638455	0.3071313	1.235990
524	1	1.024516	0.2604006	0.04685127
524	4	-0.1939803	0.5873966	0.3972084
524	6	0.4638455	0.3071313	1.235990
525	1	1.024516	0.2604006	0.04685127
525	4	-0.1939803	0.5873966	0.3972084
525	6	0.4638455	0.3071313	1.235990
526	1	1.024516	0.2604006	0.04685127
526	4	-0.1939803	0.5873966	0.3972084
526	6	0.4638455	0.3071313	1.235990
527	1	1.024516	0.2604006	0.04685127
527	4	-0.1939803	0.5873966	0.3972084
527	6	0.4638455	0.3071313	1.235990
528	1	1.024516	0.2604006	0.04685127
528	4	-0.1939803	0.5873966	0.3972084
528	6	0.4638455	0.3071313	1.235990
529	1	1.024516	0.2604006	0.04685127
529	4	-0.1939803	0.5873966	0.3972084
529	6	0.4638455	0.3071313	1.235990
530	1	1.024516	0.2604006	0.04685127
530	4	-0.1939803	0.5873966	0.3972084
530	6	0.4638455	0.3071313	1.235990
531	1	1.024516	0.2604006	0.04685127
531	4	-0.1939803	0.5873966	0.3972084
531	6	0.4638455	0.3071313	1.235990
532	1	1.024516	0.2604006	0.04685127
532	4	-0.1939803	0.5873966	0.3972084
532	6	0.4638455	0.3071313	1.235990
533	1	1.024516	0.2604006	0.04685127
533	4	-0.1939803	0.5873966	0.3972084
533	6	0.4638455	0.3071313	1.235990
534	1	1.024516	0.2604006	0.04685127
534	4	-0.1939803	0.5873966	0.3972084
534	6	0.4638455	0.3071313	1.235990
535	1	1.024516	0.2604006	0.04685127
535	4	-0.1939803	0.5873966	0.3972084
535	6	0.4638455	0.3071313	1.235990
536	1	1.024516	0.2604006	0.04685127
536	4	-0.1939803	0.5873966	0.3972084
536	6	0.4638455	0.3071313	1.235990
537	1	1.024516	0.2604006	0.04685127
537	4	-0.1939803	0.5873966	0.3972084
537	6	0.4638455	0.3071313	1.235990
538	1	1.024516	0.2604006	0.04685127
538	4	-0.1939803	0.5873966	0.3972084
538	6	0.4638455	0.3071313	1.235990
539	1	1.024516	0.2604006	0.04685127
539	4	-0.1939803	0.5873966	0.3972084
539	6	0.4638455	0.3071313	1.235990
540	1	1.024516	0.2604006	0.04685127
540	4	-0.1939803	0.5873966	0.3972084
540	6	0.4638455	0.3071313	1.235990
541	1	1.024516	0.2604006	0.04685127
541	4	-0.1939803	0.5873966	0.3972084
541	6	0.4638455	0.3071313	1.235990
542	1	1.024516	0.2604006	0.04685127
542	4	-0.1939803	0.5873966	0.3972084
542	6	0.4638455	0.3071313	1.235990
543	1	1.024516	0.2604006	0.04685127
543	4	-0.1939803	0.5873966	0.3972084
543	6	0.4638455	0.3071313	1.235990
544	1	1.024516	0.2604006	0.04685127
544	4	-0.1939803	0.5873966	0.3972084
544	6	0.4638455	0.3071313	1.235990
545	1	1.024516	0.2604006	0.04685127
545	4	-0.1939803	0.5873966	0.3972084
545	6	0.4638455	0.3071313	1.235990
546	1	1.024516	0.2604006	0.04685127
546	4	-0.1939803	0.5873966	0.3972084
546	6	0.4638455	0.3071313	1.235990
552	1	-0.1525039	0.5749917	0.3979103
552	4	-0.1525039	0.5749917	0.3979103
552	6	1.298079	0.1411094	0.4228208
553	1	-0.1525039	0.5749917	0.3979103
553	4	-0.1525039	0.5749917	0.3979103
553	6	1.298079	0.1411094	0.4228208
554	1	-0.1525039	0.5749917	0.3979103
554	4	-0.1525039	0.5749917	0.3979103
554	6	1.298079	0.1411094	0.4228208
555	1	-0.1525039	0.5749917	0.3979103
555	4	-0.1525039	0.5749917	0.3979103
555	6	1.298079	0.1411094	0.4228208
556	1	-0.1525039	0.5749917	0.3979103
556	4	-0.1525039	0.5749917	0.3979103
556	6	1.298079	0.1411094	0.4228208
557	1	-0.1525039	0.5749917	0.3979103
557	4	-0.1525039	0.5749917	0.3979103
557	6	1.298079	0.1411094	0.4228208
558	1	-0.1525039	0.5749917	0.3979103
558	4	-0.1525039	0.5749917	0.3979103
558	6	1.298079	0.1411094	0.4228208
559	1	-0.1525039	0.5749917	0.3979103
559	4	-0.1525039	0.5749917	0.3979103
559	6	1.298079	0.1411094	0.4228208
560	1	-0.1525039	0.5749917	0.3979103
560	4	-0.1525039	0.5749917	0.3979103
560	6	1.298079	0.1411094	0.4228208
561	1	-0.1525039	0.5749917	0.3979103
561	4	-0.1525039	0.5749917	0.3979103
561	6	1.298079	0.1411094	0.4228208
562	1	-0.00797188	0.4308192	1.400678
562	4	-0.00797188	0.4308192	1.400678
562	6	1.219776	0.1965249	0.1044264
562	15	0.05627484	0.5448149	0.08170786
563	1	-0.02826512	0.435793	1.411192
563	4	-0.02826512	0.435793	1.411192
563	6	1.161588	0.2157984	0.08490952
563	15	0.1179695	0.5289931	0.05668846
564	1	-0.03182465	0.4350817	1.428730
564	4	-0.03182465	0.4350817	1.428730
564	6	0.8284104	0.3211	0.02324526
564	15	0.3467007	0.465405	0.01277965
565	1	-0.03182465	0.4350817	1.428730
565	4	-0.03182465	0.4350817	1.428730
565	6	0.8284104	0.3211	0.02324526
565	15	0.3467007	0.465405	0.01277965
566	1	0.3808216	0.4570024	-0.004504274
566	2	0.2207481	0.3802438	1.227852
566	3	0.2207481	0.3802438	1.227852
566	4	0.3808216	0.4570024	-0.004504272
566	5	0.2101081	0.3796147	1.265441
566	6	0.2207481	0.3802438	1.227852
566	7	0.2207481	0.3802438	1.227852
566	8	0.2207481	0.3802438	1.227852
566	9	0.2207481	0.3802438	1.227852
566	10	0.2207481	0.3802438	1.227852
566	11	0.2207481	0.3802438	1.227852
566	12	0.2207481	0.3802438	1.227852
566	13	0.2207481	0.3802438	1.227852
566	14	0.2101081	0.3796147	1.265441
566	15	0.2101081	0.3796147	1.265441
567	1	0.3808216	0.4570024	-0.004504274
567	2	0.2207481	0.3802438	1.227852
567	3	0.2207481	0.3802438	1.227852
567	4	0.3808216	0.4570024	-0.004504272
567	5	0.2101081	0.3796147	1.265441
567	6	0.2207481	0.3802438	1.227852
567	7	0.2207481	0.3802438	1.227852
567	8	0.2207481	0.3802438	1.227852
567	9	0.2207481	0.3802438	1.227852
567	10	0.2207481	0.3802438	1.227852
567	11	0.2207481	0.3802438	1.227852
567	12	0.2207481	0.3802438	1.227852
567	13	0.2207481	0.3802438	1.227852
567	14	0.2101081	0.3796147	1.265441
567	15	0.2101081	0.3796147	1.265441
568	1	0.3808216	0.4570024	-0.004504274
568	2	0.2207481	0.3802438	1.227852
568	3	0.2207481	0.3802438	1.227852
568	4	0.3808216	0.4570024	-0.004504272
568	5	0.2101081	0.3796147	1.265441
568	6	0.2207481	0.3802438	1.227852
568	7	0.2207481	0.3802438	1.227852
568	8	0.2207481	0.3802438	1.227852
568	9	0.2207481	0.3802438	1.227852
568	10	0.2207481	0.3802438	1.227852
568	11	0.2207481	0.3802438	1.227852
568	12	0.2207481	0.3802438	1.227852
568	13	0.2207481	0.3802438	1.227852
568	14	0.2101081	0.3796147	1.265441
568	15	0.2101081	0.3796147	1.265441
569	1	0.3808216	0.4570024	-0.004504274
569	2	0.2207481	0.3802438	1.227852
569	3	0.2207481	0.3802438	1.227852
569	4	0.3808216	0.4570024	-0.004504272
569	5	0.2101081	0.3796147	1.265441
569	6	0.2207481	0.3802438	1.227852
569	7	0.2207481	0.3802438	1.227852
569	8	0.2207481	0.3802438	1.227852
569	9	0.2207481	0.3802438	1.227852
569	10	0.2207481	0.3802438	1.227852
569	11	0.2207481	0.3802438	1.227852
569	12	0.2207481	0.3802438	1.227852
569	13	0.2207481	0.3802438	1.227852
569	14	0.2101081	0.3796147	1.265441
569	15	0.2101081	0.3796147	1.265441
570	1	0.3808216	0.4570024	-0.004504274
570	2	0.2207481	0.3802438	1.227852
570	3	0.2207481	0.3802438	1.227852
570	4	0.3808216	0.4570024	-0.004504272
570	5	0.2101081	0.3796147	1.265441
570	6	0.2207481	0.3802438	1.227852
570	7	0.2207481	0.3802438	1.227852
570	8	0.2207481	0.3802438	1.227852
570	9	0.2207481	0.3802438	1.227852
570	10	0.2207481	0.3802438	1.227852
570	11	0.2207481	0.3802438	1.227852
570	12	0.2207481	0.3802438	1.227852
570	13	0.2207481	0.3802438	1.227852
570	14	0.2101081	0.3796147	1.265441
570	15	0.2101081	0.3796147	1.265441
571	1	-0.3887746	0.5728277	1.115611
571	2	0.2013935	0.5052427	0.04620538
571	3	-0.2669554	0.5638452	0.8456394
571	4	-0.3887746	0.5728277	1.115611
571	5	0.2334717	0.4973795	0.02959655
571	6	1.090644	0.1846351	0.602784
571	7	1.090644	0.1846351	0.602784
571	8	1.090644	0.1846351	0.602784
571	9	1.090644	0.1846351	0.602784
571	10	1.090644	0.1846351	0.602784
571	11	1.090644	0.1846351	0.602784
571	12	1.090644	0.1846351	0.602784
571	13	1.090644	0.1846351	0.602784
571	14	0.2334717	0.4973795	0.02959655
571	15	0.2334717	0.4973795	0.02959655
572	1	0.02682077	0.5523892	0.09344645
572	2	1.110220	0.231371	0.0819663
572	4	0.02682077	0.5523892	0.09344645
572	5	1.174525	0.2112856	0.0915039
572	6	-0.1276186	0.4724889	1.340333
572	7	-0.1276186	0.4724889	1.340333
572	8	-0.1276186	0.4724889	1.340333
572	9	-0.1276186	0.4724889	1.340333
572	10	-0.1276186	0.4724889	1.340333
572	11	-0.1276186	0.4724889	1.340333
572	12	-0.1276186	0.4724889	1.340333
572	13	-0.1276186	0.4724889	1.340333
572	14	1.174525	0.2112856	0.0915039
572	15	1.174525	0.2112856	0.0915039
573	1	1.260326	0.1524018	0.4221725
573	2	-0.1702633	0.5803037	0.3976053
573	4	1.260326	0.1524018	0.4221725
573	15	-0.184251	0.5844876	0.3973651
574	1	1.260326	0.1524018	0.4221725
574	2	-0.1702633	0.5803037	0.3976053
574	4	1.260326	0.1524018	0.4221725
574	15	-0.184251	0.5844876	0.3973651
575	1	0.3808216	0.4570024	-0.004504274
575	2	0.2207481	0.3802438	1.227852
575	3	0.2207481	0.3802438	1.227852
575	4	0.3808216	0.4570024	-0.004504272
575	5	0.2101081	0.3796147	1.265441
575	6	0.2207481	0.3802438	1.227852
575	7	0.2207481	0.3802438	1.227852
575	8	0.2207481	0.3802438	1.227852
575	9	0.2207481	0.3802438	1.227852
575	10	0.2207481	0.3802438	1.227852
575	11	0.2207481	0.3802438	1.227852
575	12	0.2207481	0.3802438	1.227852
575	13	0.2207481	0.3802438	1.227852
575	14	0.2101081	0.3796147	1.265441
575	15	0.2101081	0.3796147	1.265441
576	1	0.3808216	0.4570024	-0.004504274
576	2	0.2207481	0.3802438	1.227852
576	3	0.2207481	0.3802438	1.227852
576	4	0.3808216	0.4570024	-0.004504272
576	5	0.2101081	0.3796147	1.265441
576	6	0.2207481	0.3802438	1.227852
576	7	0.2207481	0.3802438	1.227852
576	8	0.2207481	0.3802438	1.227852
576	9	0.2207481	0.3802438	1.227852
576	10	0.2207481	0.3802438	1.227852
576	11	0.2207481	0.3802438	1.227852
576	12	0.2207481	0.3802438	1.227852
576	13	0.2207481	0.3802438	1.227852
576	14	0.2101081	0.3796147	1.265441
576	15	0.2101081	0.3796147	1.265441
577	1	0.3808216	0.4570024	-0.004504274
577	2	0.2207481	0.3802438	1.227852
577	3	0.2207481	0.3802438	1.227852
577	4	0.3808216	0.4570024	-0.004504272
577	5	0.2101081	0.3796147	1.265441
577	6	0.2207481	0.3802438	1.227852
577	7	0.2207481	0.3802438	1.227852
577	8	0.2207481	0.3802438	1.227852
577	9	0.2207481	0.3802438	1.227852
577	10	0.2207481	0.3802438	1.227852
577	11	0.2207481	0.3802438	1.227852
577	12	0.2207481	0.3802438	1.227852
577	13	0.2207481	0.3802438	1.227852
577	14	0.2101081	0.3796147	1.265441
577	15	0.2101081	0.3796147	1.265441
578	1	0.3808216	0.4570024	-0.004504274
578	2	0.2207481	0.3802438	1.227852
578	3	0.2207481	0.3802438	1.227852
578	4	0.3808216	0.4570024	-0.004504272
578	5	0.2101081	0.3796147	1.265441
578	6	0.2207481	0.3802438	1.227852
578	7	0.2207481	0.3802438	1.227852
578	8	0.2207481	0.3802438	1.227852
578	9	0.2207481	0.3802438	1.227852
578	10	0.2207481	0.3802438	1.227852
578	11	0.2207481	0.3802438	1.227852
578	12	0.2207481	0.3802438	1.227852
578	13	0.2207481	0.3802438	1.227852
578	14	0.2101081	0.3796147	1.265441
578	15	0.2101081	0.3796147	1.265441
579	1	0.3808216	0.4570024	-0.004504274
579	2	0.2207481	0.3802438	1.227852
579	3	0.2207481	0.3802438	1.227852
579	4	0.3808216	0.4570024	-0.004504272
579	5	0.2101081	0.3796147	1.265441
579	6	0.2207481	0.3802438	1.227852
579	7	0.2207481	0.3802438	1.227852
579	8	0.2207481	0.3802438	1.227852
579	9	0.2207481	0.3802438	1.227852
579	10	0.2207481	0.3802438	1.227852
579	11	0.2207481	0.3802438	1.227852
579	12	0.2207481	0.3802438	1.227852
579	13	0.2207481	0.3802438	1.227852
579	14	0.2101081	0.3796147	1.265441
579	15	0.2101081	0.3796147	1.265441
580	1	0.3808216	0.4570024	-0.004504274
580	2	0.2207481	0.3802438	1.227852
580	3	0.2207481	0.3802438	1.227852
580	4	0.3808216	0.4570024	-0.004504272
580	5	0.2101081	0.3796147	1.265441
580	6	0.2207481	0.3802438	1.227852
580	7	0.2207481	0.3802438	1.227852
580	8	0.2207481	0.3802438	1.227852
580	9	0.2207481	0.3802438	1.227852
580	10	0.2207481	0.3802438	1.227852
580	11	0.2207481	0.3802438	1.227852
580	12	0.2207481	0.3802438	1.227852
580	13	0.2207481	0.3802438	1.227852
580	14	0.2101081	0.3796147	1.265441
580	15	0.2101081	0.3796147	1.265441
581	1	0.3808216	0.4570024	-0.004504274
581	2	0.2207481	0.3802438	1.227852
581	3	0.2207481	0.3802438	1.227852
581	4	0.3808216	0.4570024	-0.004504272
581	5	0.2101081	0.3796147	1.265441
581	6	0.2207481	0.3802438	1.227852
581	7	0.2207481	0.3802438	1.227852
581	8	0.2207481	0.3802438	1.227852
581	9	0.2207481	0.3802438	1.227852
581	10	0.2207481	0.3802438	1.227852
581	11	0.2207481	0.3802438	1.227852
581	12	0.2207481	0.3802438	1.227852
581	13	0.2207481	0.3802438	1.227852
581	14	0.2101081	0.3796147	1.265441
581	15	0.2101081	0.3796147	1.265441
582	1	0.3808216	0.4570024	-0.004504274
582	2	0.2207481	0.3802438	1.227852
582	3	0.2207481	0.3802438	1.227852
582	4	0.3808216	0.4570024	-0.004504272
582	5	0.2101081	0.3796147	1.265441
582	6	0.2207481	0.3802438	1.227852
582	7	0.2207481	0.3802438	1.227852
582	8	0.2207481	0.3802438	1.227852
582	9	0.2207481	0.3802438	1.227852
582	10	0.2207481	0.3802438	1.227852
582	11	0.2207481	0.3802438	1.227852
582	12	0.2207481	0.3802438	1.227852
582	13	0.2207481	0.3802438	1.227852
582	14	0.2101081	0.3796147	1.265441
582	15	0.2101081	0.3796147	1.265441
583	1	0.3808216	0.4570024	-0.004504274
583	2	0.2207481	0.3802438	1.227852
583	3	0.2207481	0.3802438	1.227852
583	4	0.3808216	0.4570024	-0.004504272
583	5	0.2101081	0.3796147	1.265441
583	6	0.2207481	0.3802438	1.227852
583	7	0.2207481	0.3802438	1.227852
583	8	0.2207481	0.3802438	1.227852
583	9	0.2207481	0.3802438	1.227852
583	10	0.2207481	0.3802438	1.227852
583	11	0.2207481	0.3802438	1.227852
583	12	0.2207481	0.3802438	1.227852
583	13	0.2207481	0.3802438	1.227852
583	14	0.2101081	0.3796147	1.265441
583	15	0.2101081	0.3796147	1.265441
584	1	0.3808216	0.4570024	-0.004504274
584	2	0.2207481	0.3802438	1.227852
584	3	0.2207481	0.3802438	1.227852
584	4	0.3808216	0.4570024	-0.004504272
584	5	0.2101081	0.3796147	1.265441
584	6	0.2207481	0.3802438	1.227852
584	7	0.2207481	0.3802438	1.227852
584	8	0.2207481	0.3802438	1.227852
584	9	0.2207481	0.3802438	1.227852
584	10	0.2207481	0.3802438	1.227852
584	11	0.2207481	0.3802438	1.227852
584	12	0.2207481	0.3802438	1.227852
584	13	0.2207481	0.3802438	1.227852
584	14	0.2101081	0.3796147	1.265441
584	15	0.2101081	0.3796147	1.265441
585	1	0.3808216	0.4570024	-0.004504274
585	2	0.2207481	0.3802438	1.227852
585	3	0.2207481	0.3802438	1.227852
585	4	0.3808216	0.4570024	-0.004504272
585	5	0.2101081	0.3796147	1.265441
585	6	0.2207481	0.3802438	1.227852
585	7	0.2207481	0.3802438	1.227852
585	8	0.2207481	0.3802438	1.227852
585	9	0.2207481	0.3802438	1.227852
585	10	0.2207481	0.3802438	1.227852
585	11	0.2207481	0.3802438	1.227852
585	12	0.2207481	0.3802438	1.227852
585	13	0.2207481	0.3802438	1.227852
585	14	0.2101081	0.3796147	1.265441
585	15	0.2101081	0.3796147	1.265441
586	1	0.3808216	0.4570024	-0.004504274
586	2	0.2207481	0.3802438	1.227852
586	3	0.2207481	0.3802438	1.227852
586	4	0.3808216	0.4570024	-0.004504272
586	5	0.2101081	0.3796147	1.265441
586	6	0.2207481	0.3802438	1.227852
586	7	0.2207481	0.3802438	1.227852
586	8	0.2207481	0.3802438	1.227852
586	9	0.2207481	0.3802438	1.227852
586	10	0.2207481	0.3802438	1.227852
586	11	0.2207481	0.3802438	1.227852
586	12	0.2207481	0.3802438	1.227852
586	13	0.2207481	0.3802438	1.227852
586	14	0.2101081	0.3796147	1.265441
586	15	0.2101081	0.3796147	1.265441
587	1	0.3808216	0.4570024	-0.004504274
587	2	0.2207481	0.3802438	1.227852
587	3	0.2207481	0.3802438	1.227852
587	4	0.3808216	0.4570024	-0.004504272
587	5	0.2101081	0.3796147	1.265441
587	6	0.2207481	0.3802438	1.227852
587	7	0.2207481	0.3802438	1.227852
587	8	0.2207481	0.3802438	1.227852
587	9	0.2207481	0.3802438	1.227852
587	10	0.2207481	0.3802438	1.227852
587	11	0.2207481	0.3802438	1.227852
587	12	0.2207481	0.3802438	1.227852
587	13	0.2207481	0.3802438	1.227852
587	14	0.2101081	0.3796147	1.265441
587	15	0.2101081	0.3796147	1.265441
588	1	0.3808216	0.4570024	-0.004504274
588	2	0.2207481	0.3802438	1.227852
588	3	0.2207481	0.3802438	1.227852
588	4	0.3808216	0.4570024	-0.004504272
588	5	0.2101081	0.3796147	1.265441
588	6	0.2207481	0.3802438	1.227852
588	7	0.2207481	0.3802438	1.227852
588	8	0.2207481	0.3802438	1.227852
588	9	0.2207481	0.3802438	1.227852
588	10	0.2207481	0.3802438	1.227852
588	11	0.2207481	0.3802438	1.227852
588	12	0.2207481	0.3802438	1.227852
588	13	0.2207481	0.3802438	1.227852
588	14	0.2101081	0.3796147	1.265441
588	15	0.2101081	0.3796147	1.265441
589	1	0.3808216	0.4570024	-0.004504274
589	2	0.2207481	0.3802438	1.227852
589	3	0.2207481	0.3802438	1.227852
589	4	0.3808216	0.4570024	-0.004504272
589	5	0.2101081	0.3796147	1.265441
589	6	0.2207481	0.3802438	1.227852
589	7	0.2207481	0.3802438	1.227852
589	8	0.2207481	0.3802438	1.227852
589	9	0.2207481	0.3802438	1.227852
589	10	0.2207481	0.3802438	1.227852
589	11	0.2207481	0.3802438	1.227852
589	12	0.2207481	0.3802438	1.227852
589	13	0.2207481	0.3802438	1.227852
589	14	0.2101081	0.3796147	1.265441
589	15	0.2101081	0.3796147	1.265441
590	3	1.282924	0.1456424	0.4225605
590	15	-0.1877176	0.5855245	0.3973055
591	3	1.282924	0.1456424	0.4225605
591	15	-0.1877176	0.5855245	0.3973055
952	3	1.282924	0.1456424	0.4225605
952	15	-0.1877176	0.5855245	0.3973055
953	3	1.282924	0.1456424	0.4225605
953	15	-0.1877176	0.5855245	0.3973055
954	3	1.282924	0.1456424	0.4225605
954	15	-0.1877176	0.5855245	0.3973055
955	3	1.282924	0.1456424	0.4225605
955	15	-0.1877176	0.5855245	0.3973055
956	3	1.282924	0.1456424	0.4225605
956	15	-0.1877176	0.5855245	0.3973055
957	3	1.282924	0.1456424	0.4225605
957	15	-0.1877176	0.5855245	0.3973055
958	3	1.282924	0.1456424	0.4225605
958	15	-0.1877176	0.5855245	0.3973055
959	3	1.282924	0.1456424	0.4225605
959	15	-0.1877176	0.5855245	0.3973055
960	3	1.282924	0.1456424	0.4225605
960	15	-0.1877176	0.5855245	0.3973055
961	3	1.282924	0.1456424	0.4225605
961	15	-0.1877176	0.5855245	0.3973055
962	3	1.282924	0.1456424	0.4225605
962	15	-0.1877176	0.5855245	0.3973055
963	3	1.282924	0.1456424	0.4225605
963	15	-0.1877176	0.5855245	0.3973055
964	3	1.282924	0.1456424	0.4225605
964	15	-0.1877176	0.5855245	0.3973055
965	3	1.282924	0.1456424	0.4225605
965	15	-0.1877176	0.5855245	0.3973055
966	3	1.282924	0.1456424	0.4225605
966	15	-0.1877176	0.5855245	0.3973055
967	3	1.282924	0.1456424	0.4225605
967	15	-0.1877176	0.5855245	0.3973055
968	3	1.282924	0.1456424	0.4225605
968	15	-0.1877176	0.5855245	0.3973055
969	3	1.282924	0.1456424	0.4225605
969	15	-0.1877176	0.5855245	0.3973055
970	3	1.282924	0.1456424	0.4225605
970	15	-0.1877176	0.5855245	0.3973055
971	3	1.282924	0.1456424	0.4225605
971	15	-0.1877176	0.5855245	0.3973055
972	3	1.282924	0.1456424	0.4225605
972	15	-0.1877176	0.5855245	0.3973055
973	3	1.282924	0.1456424	0.4225605
973	15	-0.1877176	0.5855245	0.3973055
974	3	1.282924	0.1456424	0.4225605
974	15	-0.1877176	0.5855245	0.3973055
975	3	1.282924	0.1456424	0.4225605
975	15	-0.1877176	0.5855245	0.3973055
976	3	1.282924	0.1456424	0.4225605
976	15	-0.1877176	0.5855245	0.3973055
977	3	1.282924	0.1456424	0.4225605
977	15	-0.1877176	0.5855245	0.3973055
978	3	1.282924	0.1456424	0.4225605
978	15	-0.1877176	0.5855245	0.3973055
979	3	1.282924	0.1456424	0.4225605
979	15	-0.1877176	0.5855245	0.3973055
980	3	1.282924	0.1456424	0.4225605
980	15	-0.1877176	0.5855245	0.3973055
981	3	1.282924	0.1456424	0.4225605
981	15	-0.1877176	0.5855245	0.3973055
982	3	1.282924	0.1456424	0.4225605
982	15	-0.1877176	0.5855245	0.3973055
983	3	1.282924	0.1456424	0.4225605
983	15	-0.1877176	0.5855245	0.3973055
984	3	1.282924	0.1456424	0.4225605
984	15	-0.1877176	0.5855245	0.3973055
985	3	1.282924	0.1456424	0.4225605
985	15	-0.1877176	0.5855245	0.3973055
986	3	1.282924	0.1456424	0.4225605
986	15	-0.1877176	0.5855245	0.3973055
987	3	1.282924	0.1456424	0.4225605
987	15	-0.1877176	0.5855245	0.3973055
988	3	1.282924	0.1456424	0.4225605
988	15	-0.1877176	0.5855245	0.3973055
989	3	1.282924	0.1456424	0.4225605
989	15	-0.1877176	0.5855245	0.3973055
990	3	1.282924	0.1456424	0.4225605
990	15	-0.1877176	0.5855245	0.3973055
991	3	1.282924	0.1456424	0.4225605
991	15	-0.1877176	0.5855245	0.3973055
992	3	1.282924	0.1456424	0.4225605
992	15	-0.1877176	0.5855245	0.3973055
993	3	1.282924	0.1456424	0.4225605
993	15	-0.1877176	0.5855245	0.3973055
994	1	0.05850802	0.544801	0.07526436
994	2	0.1115895	0.4086928	1.267610
994	3	0.3113160	0.4737801	0.03405897
994	4	0.05850802	0.544801	0.07526436
994	5	0.503897	0.3062319	1.126876
994	6	0.1962737	0.3834929	1.267778
994	7	0.1962737	0.3834929	1.267778
994	8	0.1962737	0.3834929	1.267778
994	9	0.1962737	0.3834929	1.267778
994	10	0.1962737	0.3834929	1.267778
994	11	0.1962737	0.3834929	1.267778
994	12	0.1962737	0.3834929	1.267778
994	13	0.1962737	0.3834929	1.267778
994	14	0.503897	0.3062319	1.126876
994	15	1.045052	0.2573254	0.01681082
995	1	0.05850802	0.544801	0.07526436
995	2	0.1115895	0.4086928	1.267610
995	3	0.3113160	0.4737801	0.03405897
995	4	0.05850802	0.544801	0.07526436
995	5	0.503897	0.3062319	1.126876
995	6	0.1962737	0.3834929	1.267778
995	7	0.1962737	0.3834929	1.267778
995	8	0.1962737	0.3834929	1.267778
995	9	0.1962737	0.3834929	1.267778
995	10	0.1962737	0.3834929	1.267778
995	11	0.1962737	0.3834929	1.267778
995	12	0.1962737	0.3834929	1.267778
995	13	0.1962737	0.3834929	1.267778
995	14	0.503897	0.3062319	1.126876
995	15	1.045052	0.2573254	0.01681082
996	1	0.05850802	0.544801	0.07526436
996	2	0.1115895	0.4086928	1.267610
996	3	0.3113160	0.4737801	0.03405897
996	4	0.05850802	0.544801	0.07526436
996	5	0.503897	0.3062319	1.126876
996	6	0.1962737	0.3834929	1.267778
996	7	0.1962737	0.3834929	1.267778
996	8	0.1962737	0.3834929	1.267778
996	9	0.1962737	0.3834929	1.267778
996	10	0.1962737	0.3834929	1.267778
996	11	0.1962737	0.3834929	1.267778
996	12	0.1962737	0.3834929	1.267778
996	13	0.1962737	0.3834929	1.267778
996	14	0.503897	0.3062319	1.126876
996	15	1.045052	0.2573254	0.01681082
997	1	0.05850802	0.544801	0.07526436
997	2	0.1115895	0.4086928	1.267610
997	3	0.3113160	0.4737801	0.03405897
997	4	0.05850802	0.544801	0.07526436
997	5	0.503897	0.3062319	1.126876
997	6	0.1962737	0.3834929	1.267778
997	7	0.1962737	0.3834929	1.267778
997	8	0.1962737	0.3834929	1.267778
997	9	0.1962737	0.3834929	1.267778
997	10	0.1962737	0.3834929	1.267778
997	11	0.1962737	0.3834929	1.267778
997	12	0.1962737	0.3834929	1.267778
997	13	0.1962737	0.3834929	1.267778
997	14	0.503897	0.3062319	1.126876
997	15	1.045052	0.2573254	0.01681082
998	1	0.7970958	0.3318492	0.009004999
998	3	0.8010398	0.3273770	0.0416998
998	4	0.7970958	0.3318492	0.009004999
998	5	-0.1654279	0.5906056	0.281269
998	6	0.4852755	0.3090757	1.153570
998	7	0.4849032	0.3092254	1.153184
998	8	0.4849032	0.3092254	1.153184
998	9	0.4807521	0.3099415	1.158320
998	10	0.4849032	0.3092254	1.153184
998	11	0.5266691	0.3011842	1.109790
998	12	0.5266691	0.3011842	1.109790
998	13	0.5261955	0.3014819	1.108236
998	14	-0.1654279	0.5906056	0.281269
998	15	0.3652107	0.4588619	0.02307233
999	13	1.334899	0.1429002	0.2965738
999	14	-0.3175195	0.5228494	1.400894
999	15	0.2008484	0.5066493	0.03387326
1000	13	1.334899	0.1429002	0.2965738
1000	14	-0.3175195	0.5228494	1.400894
1000	15	0.2008484	0.5066493	0.03387326
1001	13	1.334899	0.1429002	0.2965738
1001	14	-0.3175195	0.5228494	1.400894
1001	15	0.2008484	0.5066493	0.03387326
1002	13	1.334899	0.1429002	0.2965738
1002	14	-0.3175195	0.5228494	1.400894
1002	15	0.2008484	0.5066493	0.03387326
1003	13	1.334899	0.1429002	0.2965738
1003	14	-0.3175195	0.5228494	1.400894
1003	15	0.2008484	0.5066493	0.03387326
1004	5	-0.2147104	0.4906603	1.416909
1004	13	1.300419	0.1691535	0.1380217
1004	14	-0.1975847	0.4885907	1.386952
1004	15	0.2075118	0.5055613	0.02501911
1005	5	-0.2087007	0.4900515	1.405233
1005	13	1.298874	0.1699173	0.1350053
1005	14	-0.2087007	0.4900515	1.405233
1005	15	0.2127306	0.504171	0.02341739
1006	5	-0.2087007	0.4900515	1.405233
1006	13	1.298874	0.1699173	0.1350053
1006	14	-0.2087007	0.4900515	1.405233
1006	15	0.2127306	0.504171	0.02341739
1007	5	-0.1646036	0.4667111	1.506577
1007	13	1.290932	0.1697725	0.1598462
1007	15	0.05232756	0.5448208	0.09328157
1008	5	-0.2087007	0.4900515	1.405233
1008	13	1.298874	0.1699173	0.1350053
1008	14	-0.2087007	0.4900515	1.405233
1008	15	0.2127306	0.504171	0.02341739
1009	5	-0.2087007	0.4900515	1.405233
1009	13	1.298874	0.1699173	0.1350053
1009	14	-0.2087007	0.4900515	1.405233
1009	15	0.2127306	0.504171	0.02341739
1010	5	-0.2087007	0.4900515	1.405233
1010	13	1.298874	0.1699173	0.1350053
1010	14	-0.2087007	0.4900515	1.405233
1010	15	0.2127306	0.504171	0.02341739
1011	5	-0.2087007	0.4900515	1.405233
1011	13	1.298874	0.1699173	0.1350053
1011	14	-0.2087007	0.4900515	1.405233
1011	15	0.2127306	0.504171	0.02341739
1012	3	1.206276	0.1993299	0.1164136
1012	5	-0.2540988	0.501891	1.421690
1012	13	1.206276	0.1993299	0.1164136
1012	14	-0.2540988	0.501891	1.421690
1012	15	0.1012958	0.5338259	0.05793282
1013	3	1.347446	0.136581	0.3222185
1013	5	-0.3125542	0.5239672	1.375185
1013	13	0.5571688	0.4035568	0.005447088
1013	14	-0.3125542	0.5239672	1.375185
1013	15	0.4095512	0.4472328	0.007645343
1014	3	1.347446	0.136581	0.3222185
1014	5	-0.3125542	0.5239672	1.375185
1014	13	0.5571688	0.4035568	0.005447088
1014	14	-0.3125542	0.5239672	1.375185
1014	15	0.4095512	0.4472328	0.007645343
1015	3	1.347446	0.136581	0.3222185
1015	5	-0.3125542	0.5239672	1.375185
1015	13	0.5571688	0.4035568	0.005447088
1015	14	-0.3125542	0.5239672	1.375185
1015	15	0.4095512	0.4472328	0.007645343
1016	3	1.347446	0.136581	0.3222185
1016	5	-0.3125542	0.5239672	1.375185
1016	13	0.5571688	0.4035568	0.005447088
1016	14	-0.3125542	0.5239672	1.375185
1016	15	0.4095512	0.4472328	0.007645343
1017	3	1.347446	0.136581	0.3222185
1017	5	-0.3125542	0.5239672	1.375185
1017	13	0.5571688	0.4035568	0.005447088
1017	14	-0.3125542	0.5239672	1.375185
1017	15	0.4095512	0.4472328	0.007645343
1018	3	1.347446	0.136581	0.3222185
1018	5	-0.3125542	0.5239672	1.375185
1018	13	0.5571688	0.4035568	0.005447088
1018	14	-0.3125542	0.5239672	1.375185
1018	15	0.4095512	0.4472328	0.007645343
1019	3	1.347446	0.136581	0.3222185
1019	5	-0.3125542	0.5239672	1.375185
1019	13	0.5571688	0.4035568	0.005447088
1019	14	-0.3125542	0.5239672	1.375185
1019	15	0.4095512	0.4472328	0.007645343
1020	3	1.347446	0.136581	0.3222185
1020	5	-0.3125542	0.5239672	1.375185
1020	13	0.5571688	0.4035568	0.005447088
1020	14	-0.3125542	0.5239672	1.375185
1020	15	0.4095512	0.4472328	0.007645343
1021	3	0.8207407	0.3234349	0.02270864
1021	5	-0.3225993	0.5250195	1.394359
1021	13	1.116830	0.2294320	0.08170226
1021	14	-0.3225993	0.5250195	1.394359
1021	15	0.6608347	0.3722139	0.01055153
1022	3	0.8207407	0.3234349	0.02270864
1022	5	-0.3225993	0.5250195	1.394359
1022	13	1.116830	0.2294320	0.08170226
1022	14	-0.3225993	0.5250195	1.394359
1022	15	0.6608347	0.3722139	0.01055153
1023	3	0.8207407	0.3234349	0.02270864
1023	5	-0.3225993	0.5250195	1.394359
1023	13	1.116830	0.2294320	0.08170226
1023	14	-0.3225993	0.5250195	1.394359
1023	15	0.6608347	0.3722139	0.01055153
1024	3	0.8207407	0.3234349	0.02270864
1024	5	-0.3225993	0.5250195	1.394359
1024	13	1.116830	0.2294320	0.08170226
1024	14	-0.3225993	0.5250195	1.394359
1024	15	0.6608347	0.3722139	0.01055153
1025	3	0.8898615	0.3007149	0.04416378
1025	13	1.225466	0.1858426	0.1935168
1025	14	-0.4048529	0.5554441	1.335255
1025	15	0.6623689	0.3708206	0.01983774
1026	3	0.8898615	0.3007149	0.04416378
1026	13	1.225466	0.1858426	0.1935168
1026	14	-0.4048529	0.5554441	1.335255
1026	15	0.6623689	0.3708206	0.01983774
1027	3	0.8898615	0.3007149	0.04416378
1027	13	1.225466	0.1858426	0.1935168
1027	14	-0.4048529	0.5554441	1.335255
1027	15	0.6623689	0.3708206	0.01983774
1028	3	0.8898615	0.3007149	0.04416378
1028	13	1.225466	0.1858426	0.1935168
1028	14	-0.4048529	0.5554441	1.335255
1028	15	0.6623689	0.3708206	0.01983774
1029	3	0.8898615	0.3007149	0.04416378
1029	13	1.225466	0.1858426	0.1935168
1029	14	-0.4048529	0.5554441	1.335255
1029	15	0.6623689	0.3708206	0.01983774
1030	3	0.8207407	0.3234349	0.02270864
1030	5	-0.3225993	0.5250195	1.394359
1030	13	1.116830	0.2294320	0.08170226
1030	14	-0.3225993	0.5250195	1.394359
1030	15	0.6608347	0.3722139	0.01055153
1031	3	0.8207407	0.3234349	0.02270864
1031	5	-0.3225993	0.5250195	1.394359
1031	13	1.116830	0.2294320	0.08170226
1031	14	-0.3225993	0.5250195	1.394359
1031	15	0.6608347	0.3722139	0.01055153
1032	3	0.8207407	0.3234349	0.02270864
1032	5	-0.3225993	0.5250195	1.394359
1032	13	1.116830	0.2294320	0.08170226
1032	14	-0.3225993	0.5250195	1.394359
1032	15	0.6608347	0.3722139	0.01055153
1033	3	0.8207407	0.3234349	0.02270864
1033	5	-0.3225993	0.5250195	1.394359
1033	13	1.116830	0.2294320	0.08170226
1033	14	-0.3225993	0.5250195	1.394359
1033	15	0.6608347	0.3722139	0.01055153
1034	3	0.8207407	0.3234349	0.02270864
1034	5	-0.3225993	0.5250195	1.394359
1034	13	1.116830	0.2294320	0.08170226
1034	14	-0.3225993	0.5250195	1.394359
1034	15	0.6608347	0.3722139	0.01055153
1035	3	0.8207407	0.3234349	0.02270864
1035	5	-0.3225993	0.5250195	1.394359
1035	13	1.116830	0.2294320	0.08170226
1035	14	-0.3225993	0.5250195	1.394359
1035	15	0.6608347	0.3722139	0.01055153
1036	3	0.8207407	0.3234349	0.02270864
1036	5	-0.3225993	0.5250195	1.394359
1036	13	1.116830	0.2294320	0.08170226
1036	14	-0.3225993	0.5250195	1.394359
1036	15	0.6608347	0.3722139	0.01055153
1037	3	0.8207407	0.3234349	0.02270864
1037	5	-0.3225993	0.5250195	1.394359
1037	13	1.116830	0.2294320	0.08170226
1037	14	-0.3225993	0.5250195	1.394359
1037	15	0.6608347	0.3722139	0.01055153
1038	3	1.147575	0.2186899	0.09755025
1038	5	-0.3775823	0.5686151	1.124374
1038	13	1.147575	0.2186899	0.09755025
1038	14	-0.3775823	0.5686151	1.124374
1038	15	1.015657	0.2622962	0.05417456
1039	3	1.147575	0.2186899	0.09755025
1039	5	-0.3775823	0.5686151	1.124374
1039	13	1.147575	0.2186899	0.09755025
1039	14	-0.3775823	0.5686151	1.124374
1039	15	1.015657	0.2622962	0.05417456
1040	3	0.9633529	0.2773808	0.05882614
1040	13	0.9633529	0.2773808	0.05882614
1040	14	-0.4163705	0.5691333	1.233542
1040	15	1.152729	0.2137512	0.1313000
1041	3	0.9633529	0.2773808	0.05882614
1041	13	0.9633529	0.2773808	0.05882614
1041	14	-0.4163705	0.5691333	1.233542
1041	15	1.152729	0.2137512	0.1313000
1042	3	0.9633529	0.2773808	0.05882614
1042	13	0.9633529	0.2773808	0.05882614
1042	14	-0.4163705	0.5691333	1.233542
1042	15	1.152729	0.2137512	0.1313000
1043	3	0.9633529	0.2773808	0.05882614
1043	13	0.9633529	0.2773808	0.05882614
1043	14	-0.4163705	0.5691333	1.233542
1043	15	1.152729	0.2137512	0.1313000
1044	1	0.8578879	0.3138872	0.007854956
1044	2	0.4164756	0.3283197	1.165615
1044	3	0.4164756	0.3283197	1.165615
1044	4	0.8578879	0.3138872	0.007854956
1044	5	-0.0661694	0.5750976	0.1424457
1044	6	0.4164756	0.3283197	1.165615
1044	7	0.4164756	0.3283197	1.165615
1044	8	0.4164756	0.3283197	1.165615
1044	9	0.4164756	0.3283197	1.165615
1044	10	0.4164756	0.3283197	1.165615
1044	11	0.4164756	0.3283197	1.165615
1044	12	0.4164756	0.3283197	1.165615
1044	13	0.4164756	0.3283197	1.165615
1044	14	-0.0661694	0.5750976	0.1424457
1044	15	0.08909435	0.4084056	1.336747
1045	5	1.120904	0.1941041	0.4197782
1045	14	1.120904	0.1941041	0.4197782
1046	5	1.120904	0.1941041	0.4197782
1046	14	1.120904	0.1941041	0.4197782
1047	5	1.120904	0.1941041	0.4197782
1047	14	1.120904	0.1941041	0.4197782
1048	5	1.120904	0.1941041	0.4197782
1048	14	1.120904	0.1941041	0.4197782
