1	1	0.1610451	0.5120879	0.09727368
1	4	0.1610451	0.5120879	0.09727368
1	7	-0.2285478	0.5707214	0.6643176
1	8	1.039294	0.2511132	0.09533749
1	10	0.7016795	0.2645037	0.9575458
2	1	-0.2557824	0.536299	1.085685
2	4	-0.2557824	0.536299	1.085685
2	7	1.289671	0.1520203	0.3394771
2	10	0.1094331	0.5281196	0.09050007
3	1	-0.2557824	0.536299	1.085685
3	4	-0.2557824	0.536299	1.085685
3	7	1.289671	0.1520203	0.3394771
3	10	0.1094331	0.5281196	0.09050007
4	1	-0.2669068	0.5457604	1.024708
4	4	-0.2669068	0.5457604	1.024708
4	7	1.301026	0.1469048	0.3567074
4	10	0.1030588	0.5298286	0.09234891
5	1	-0.2669068	0.5457604	1.024708
5	4	-0.2669068	0.5457604	1.024708
5	7	1.301026	0.1469048	0.3567074
5	10	0.1030588	0.5298286	0.09234891
6	1	-0.2669068	0.5457604	1.024708
6	4	-0.2669068	0.5457604	1.024708
6	7	1.301026	0.1469048	0.3567074
6	10	0.1030588	0.5298286	0.09234891
7	4	0.2604534	0.3633327	1.278427
7	7	-0.1177248	0.5755507	0.2898826
7	10	1.228925	0.1880096	0.1618508
8	4	0.2604534	0.3633327	1.278427
8	7	-0.1177248	0.5755507	0.2898826
8	10	1.228925	0.1880096	0.1618508
9	4	-0.1580847	0.576661	0.3978144
9	7	1.219771	0.1645321	0.421476
10	4	-0.1580847	0.576661	0.3978144
10	7	1.219771	0.1645321	0.421476
11	4	-0.1580847	0.576661	0.3978144
11	7	1.219771	0.1645321	0.421476
12	1	-0.1418533	0.5718054	0.3980998
12	4	-0.1418533	0.5718054	0.3980998
12	7	1.253451	0.1544589	0.4220473
13	1	-0.1418533	0.5718054	0.3980998
13	4	-0.1418533	0.5718054	0.3980998
13	7	1.253451	0.1544589	0.4220473
14	1	-0.1418533	0.5718054	0.3980998
14	4	-0.1418533	0.5718054	0.3980998
14	7	1.253451	0.1544589	0.4220473
15	1	-0.1418533	0.5718054	0.3980998
15	4	-0.1418533	0.5718054	0.3980998
15	7	1.253451	0.1544589	0.4220473
16	1	-0.1418533	0.5718054	0.3980998
16	4	-0.1418533	0.5718054	0.3980998
16	7	1.253451	0.1544589	0.4220473
17	1	-0.1418533	0.5718054	0.3980998
17	4	-0.1418533	0.5718054	0.3980998
17	7	1.253451	0.1544589	0.4220473
18	1	-0.1418533	0.5718054	0.3980998
18	4	-0.1418533	0.5718054	0.3980998
18	7	1.253451	0.1544589	0.4220473
19	1	-0.1418533	0.5718054	0.3980998
19	4	-0.1418533	0.5718054	0.3980998
19	7	1.253451	0.1544589	0.4220473
20	1	-0.1418533	0.5718054	0.3980998
20	4	-0.1418533	0.5718054	0.3980998
20	7	1.253451	0.1544589	0.4220473
21	1	-0.1418533	0.5718054	0.3980998
21	4	-0.1418533	0.5718054	0.3980998
21	7	1.253451	0.1544589	0.4220473
22	1	-0.1418533	0.5718054	0.3980998
22	4	-0.1418533	0.5718054	0.3980998
22	7	1.253451	0.1544589	0.4220473
23	1	-0.1418533	0.5718054	0.3980998
23	4	-0.1418533	0.5718054	0.3980998
23	7	1.253451	0.1544589	0.4220473
24	1	-0.1418533	0.5718054	0.3980998
24	4	-0.1418533	0.5718054	0.3980998
24	7	1.253451	0.1544589	0.4220473
25	1	-0.1418533	0.5718054	0.3980998
25	4	-0.1418533	0.5718054	0.3980998
25	7	1.253451	0.1544589	0.4220473
26	1	-0.1418533	0.5718054	0.3980998
26	4	-0.1418533	0.5718054	0.3980998
26	7	1.253451	0.1544589	0.4220473
27	1	-0.1418533	0.5718054	0.3980998
27	4	-0.1418533	0.5718054	0.3980998
27	7	1.253451	0.1544589	0.4220473
28	1	-0.1418533	0.5718054	0.3980998
28	4	-0.1418533	0.5718054	0.3980998
28	7	1.253451	0.1544589	0.4220473
29	1	-0.1418533	0.5718054	0.3980998
29	4	-0.1418533	0.5718054	0.3980998
29	7	1.253451	0.1544589	0.4220473
30	1	-0.1483742	0.5737565	0.3979812
30	4	-0.1483742	0.5737565	0.3979812
30	7	1.280651	0.1463224	0.4225215
31	1	-0.1516229	0.5747278	0.3979291
31	4	-0.1516229	0.5747278	0.3979291
31	7	1.294342	0.1422277	0.4227525
32	1	-0.2444500	0.5363205	1.052077
32	2	-0.2575764	0.5626123	0.8302182
32	4	-0.2444500	0.5363205	1.052077
32	5	-0.2575764	0.5626123	0.8302182
32	7	1.359928	0.1236703	0.4133768
32	8	-0.1965800	0.5737199	0.5403991
32	10	0.3814941	0.4547927	0.01541142
33	1	-0.2444500	0.5363205	1.052077
33	2	-0.2575764	0.5626123	0.8302182
33	4	-0.2444500	0.5363205	1.052077
33	5	-0.2575764	0.5626123	0.8302182
33	7	1.359928	0.1236703	0.4133768
33	8	-0.1965800	0.5737199	0.5403991
33	10	0.3814941	0.4547927	0.01541142
34	1	-0.2444500	0.5363205	1.052077
34	2	-0.2575764	0.5626123	0.8302182
34	4	-0.2444500	0.5363205	1.052077
34	5	-0.2575764	0.5626123	0.8302182
34	7	1.359928	0.1236703	0.4133768
34	8	-0.1965800	0.5737199	0.5403991
34	10	0.3814941	0.4547927	0.01541142
35	1	-0.2612484	0.5663765	0.8037375
35	4	-0.2612484	0.5663765	0.8037375
35	7	1.338524	0.1323186	0.3907478
35	8	0.03221004	0.5465558	0.1353719
449	1	-0.2499136	0.5755947	0.678988
449	4	-0.2499136	0.5755947	0.678988
449	7	1.360219	0.1223730	0.4253739
449	8	0.1080220	0.5284155	0.09172683
450	1	-0.2158476	0.5767141	0.5675075
450	4	-0.2158476	0.5767141	0.5675075
450	7	1.363382	0.1217288	0.4224352
450	8	0.006785555	0.5508261	0.1679776
451	1	-0.2158476	0.5767141	0.5675075
451	4	-0.2158476	0.5767141	0.5675075
451	7	1.363382	0.1217288	0.4224352
451	8	0.006785555	0.5508261	0.1679776
452	1	-0.2158476	0.5767141	0.5675075
452	4	-0.2158476	0.5767141	0.5675075
452	7	1.363382	0.1217288	0.4224352
452	8	0.006785555	0.5508261	0.1679776
453	1	-0.1453764	0.5727197	0.3994212
453	3	-0.1451168	0.5726422	0.3994249
453	4	-0.1453764	0.5727197	0.3994212
453	6	-0.1451168	0.5726422	0.3994249
453	7	0.8508148	0.2114538	1.043765
453	8	-0.1453764	0.5727197	0.3994212
453	9	-0.1321587	0.5687703	0.3996076
453	11	1.295761	0.1750071	0.09374338
454	1	-0.1453764	0.5727197	0.3994212
454	3	-0.1451168	0.5726422	0.3994249
454	4	-0.1453764	0.5727197	0.3994212
454	6	-0.1451168	0.5726422	0.3994249
454	7	0.8508148	0.2114538	1.043765
454	8	-0.1453764	0.5727197	0.3994212
454	9	-0.1321587	0.5687703	0.3996076
454	11	1.295761	0.1750071	0.09374338
455	1	-0.1420567	0.5717289	0.399457
455	3	-0.1410095	0.571416	0.3994718
455	4	-0.1420567	0.5717289	0.399457
455	6	-0.1410095	0.571416	0.3994718
455	7	0.8726866	0.2062645	1.030736
455	8	-0.1420567	0.5717289	0.399457
455	9	-0.1283785	0.5676418	0.3996504
455	10	-0.1386991	0.5707257	0.3995044
455	11	1.309792	0.1704590	0.09746498
456	1	-0.1364187	0.5700266	0.3997121
456	2	-0.1364187	0.5700266	0.3997121
456	3	-0.1352631	0.5696813	0.399728
456	4	-0.1364187	0.5700266	0.3997121
456	5	-0.1364187	0.5700266	0.3997121
456	6	-0.1352631	0.5696813	0.399728
456	7	0.9075567	0.197984	1.010035
456	8	-0.1364187	0.5700266	0.3997121
456	9	-0.1211840	0.565475	0.3999218
456	10	-0.1330198	0.5690111	0.3997588
456	11	1.331797	0.1633195	0.1033672
457	1	-0.1364187	0.5700266	0.3997121
457	2	-0.1364187	0.5700266	0.3997121
457	3	-0.1352631	0.5696813	0.399728
457	4	-0.1364187	0.5700266	0.3997121
457	5	-0.1364187	0.5700266	0.3997121
457	6	-0.1352631	0.5696813	0.399728
457	7	0.9075567	0.197984	1.010035
457	8	-0.1364187	0.5700266	0.3997121
457	9	-0.1211840	0.565475	0.3999218
457	10	-0.1330198	0.5690111	0.3997588
457	11	1.331797	0.1633195	0.1033672
530	1	-0.1364187	0.5700266	0.3997121
530	2	-0.1364187	0.5700266	0.3997121
530	3	-0.1352631	0.5696813	0.399728
530	4	-0.1364187	0.5700266	0.3997121
530	5	-0.1364187	0.5700266	0.3997121
530	6	-0.1352631	0.5696813	0.399728
530	7	0.9075567	0.197984	1.010035
530	8	-0.1364187	0.5700266	0.3997121
530	9	-0.1211840	0.565475	0.3999218
530	10	-0.1330198	0.5690111	0.3997588
530	11	1.331797	0.1633195	0.1033672
531	1	-0.1364187	0.5700266	0.3997121
531	2	-0.1364187	0.5700266	0.3997121
531	3	-0.1352631	0.5696813	0.399728
531	4	-0.1364187	0.5700266	0.3997121
531	5	-0.1364187	0.5700266	0.3997121
531	6	-0.1352631	0.5696813	0.399728
531	7	0.9075567	0.197984	1.010035
531	8	-0.1364187	0.5700266	0.3997121
531	9	-0.1211840	0.565475	0.3999218
531	10	-0.1330198	0.5690111	0.3997588
531	11	1.331797	0.1633195	0.1033672
532	1	-0.1364187	0.5700266	0.3997121
532	2	-0.1364187	0.5700266	0.3997121
532	3	-0.1352631	0.5696813	0.399728
532	4	-0.1364187	0.5700266	0.3997121
532	5	-0.1364187	0.5700266	0.3997121
532	6	-0.1352631	0.5696813	0.399728
532	7	0.9075567	0.197984	1.010035
532	8	-0.1364187	0.5700266	0.3997121
532	9	-0.1211840	0.565475	0.3999218
532	10	-0.1330198	0.5690111	0.3997588
532	11	1.331797	0.1633195	0.1033672
533	1	-0.1364187	0.5700266	0.3997121
533	2	-0.1364187	0.5700266	0.3997121
533	3	-0.1352631	0.5696813	0.399728
533	4	-0.1364187	0.5700266	0.3997121
533	5	-0.1364187	0.5700266	0.3997121
533	6	-0.1352631	0.5696813	0.399728
533	7	0.9075567	0.197984	1.010035
533	8	-0.1364187	0.5700266	0.3997121
533	9	-0.1211840	0.565475	0.3999218
533	10	-0.1330198	0.5690111	0.3997588
533	11	1.331797	0.1633195	0.1033672
534	1	-0.1364187	0.5700266	0.3997121
534	2	-0.1364187	0.5700266	0.3997121
534	3	-0.1352631	0.5696813	0.399728
534	4	-0.1364187	0.5700266	0.3997121
534	5	-0.1364187	0.5700266	0.3997121
534	6	-0.1352631	0.5696813	0.399728
534	7	0.9075567	0.197984	1.010035
534	8	-0.1364187	0.5700266	0.3997121
534	9	-0.1211840	0.565475	0.3999218
534	10	-0.1330198	0.5690111	0.3997588
534	11	1.331797	0.1633195	0.1033672
535	1	-0.1364187	0.5700266	0.3997121
535	2	-0.1364187	0.5700266	0.3997121
535	3	-0.1352631	0.5696813	0.399728
535	4	-0.1364187	0.5700266	0.3997121
535	5	-0.1364187	0.5700266	0.3997121
535	6	-0.1352631	0.5696813	0.399728
535	7	0.9075567	0.197984	1.010035
535	8	-0.1364187	0.5700266	0.3997121
535	9	-0.1211840	0.565475	0.3999218
535	10	-0.1330198	0.5690111	0.3997588
535	11	1.331797	0.1633195	0.1033672
536	1	-0.1366143	0.570085	0.3997094
536	2	-0.1366143	0.570085	0.3997094
536	3	-0.1343161	0.5693984	0.399741
536	4	-0.1366143	0.570085	0.3997094
536	5	-0.1366143	0.570085	0.3997094
536	6	-0.1343161	0.5693984	0.399741
536	7	0.9060654	0.1983391	1.010910
536	8	-0.1366143	0.570085	0.3997094
536	9	-0.1218485	0.5656735	0.3999126
536	10	-0.1327563	0.5689324	0.3997624
536	11	1.330839	0.1636308	0.1031059
537	1	-0.1366143	0.570085	0.3997094
537	2	-0.1366143	0.570085	0.3997094
537	3	-0.1343161	0.5693984	0.399741
537	4	-0.1366143	0.570085	0.3997094
537	5	-0.1366143	0.570085	0.3997094
537	6	-0.1343161	0.5693984	0.399741
537	7	0.9060654	0.1983391	1.010910
537	8	-0.1366143	0.570085	0.3997094
537	9	-0.1218485	0.5656735	0.3999126
537	10	-0.1327563	0.5689324	0.3997624
537	11	1.330839	0.1636308	0.1031059
560	1	-0.1790250	0.5764926	0.4611917
560	2	-0.1790250	0.5764926	0.4611917
560	3	0.9610216	0.2783403	0.05618768
560	4	-0.1790250	0.5764926	0.4611917
560	5	-0.1790250	0.5764926	0.4611917
560	6	0.9610216	0.2783403	0.05618768
560	7	0.4546271	0.2966868	1.366655
560	8	-0.1790250	0.5764926	0.4611917
560	9	1.224080	0.1917703	0.1388621
560	10	-0.2428039	0.5777262	0.6369138
560	11	1.318979	0.1579617	0.1942343
561	1	-0.1790250	0.5764926	0.4611917
561	2	-0.1790250	0.5764926	0.4611917
561	3	0.9610216	0.2783403	0.05618768
561	4	-0.1790250	0.5764926	0.4611917
561	5	-0.1790250	0.5764926	0.4611917
561	6	0.9610216	0.2783403	0.05618768
561	7	0.4546271	0.2966868	1.366655
561	8	-0.1790250	0.5764926	0.4611917
561	9	1.224080	0.1917703	0.1388621
561	10	-0.2428039	0.5777262	0.6369138
561	11	1.318979	0.1579617	0.1942343
562	1	-0.1790250	0.5764926	0.4611917
562	2	-0.1790250	0.5764926	0.4611917
562	3	0.9610216	0.2783403	0.05618768
562	4	-0.1790250	0.5764926	0.4611917
562	5	-0.1790250	0.5764926	0.4611917
562	6	0.9610216	0.2783403	0.05618768
562	7	0.4546271	0.2966868	1.366655
562	8	-0.1790250	0.5764926	0.4611917
562	9	1.224080	0.1917703	0.1388621
562	10	-0.2428039	0.5777262	0.6369138
562	11	1.318979	0.1579617	0.1942343
563	1	-0.1790250	0.5764926	0.4611917
563	2	-0.1790250	0.5764926	0.4611917
563	3	0.9610216	0.2783403	0.05618768
563	4	-0.1790250	0.5764926	0.4611917
563	5	-0.1790250	0.5764926	0.4611917
563	6	0.9610216	0.2783403	0.05618768
563	7	0.4546271	0.2966868	1.366655
563	8	-0.1790250	0.5764926	0.4611917
563	9	1.224080	0.1917703	0.1388621
563	10	-0.2428039	0.5777262	0.6369138
563	11	1.318979	0.1579617	0.1942343
564	1	-0.1790250	0.5764926	0.4611917
564	2	-0.1790250	0.5764926	0.4611917
564	3	0.9610216	0.2783403	0.05618768
564	4	-0.1790250	0.5764926	0.4611917
564	5	-0.1790250	0.5764926	0.4611917
564	6	0.9610216	0.2783403	0.05618768
564	7	0.4546271	0.2966868	1.366655
564	8	-0.1790250	0.5764926	0.4611917
564	9	1.224080	0.1917703	0.1388621
564	10	-0.2428039	0.5777262	0.6369138
564	11	1.318979	0.1579617	0.1942343
565	1	-0.1790250	0.5764926	0.4611917
565	2	-0.1790250	0.5764926	0.4611917
565	3	0.9610216	0.2783403	0.05618768
565	4	-0.1790250	0.5764926	0.4611917
565	5	-0.1790250	0.5764926	0.4611917
565	6	0.9610216	0.2783403	0.05618768
565	7	0.4546271	0.2966868	1.366655
565	8	-0.1790250	0.5764926	0.4611917
565	9	1.224080	0.1917703	0.1388621
565	10	-0.2428039	0.5777262	0.6369138
565	11	1.318979	0.1579617	0.1942343
566	1	-0.1790250	0.5764926	0.4611917
566	2	-0.1790250	0.5764926	0.4611917
566	3	0.9610216	0.2783403	0.05618768
566	4	-0.1790250	0.5764926	0.4611917
566	5	-0.1790250	0.5764926	0.4611917
566	6	0.9610216	0.2783403	0.05618768
566	7	0.4546271	0.2966868	1.366655
566	8	-0.1790250	0.5764926	0.4611917
566	9	1.224080	0.1917703	0.1388621
566	10	-0.2428039	0.5777262	0.6369138
566	11	1.318979	0.1579617	0.1942343
567	2	-0.2102784	0.5724467	0.5933839
567	4	-0.2102784	0.5724467	0.5933839
567	5	-0.2102784	0.5724467	0.5933839
567	7	1.389789	0.1135622	0.4255468
567	8	-0.2052238	0.5725319	0.577644
567	10	0.2068067	0.5022899	0.05951515
568	1	-0.2714683	0.5514488	0.981781
568	2	-0.2714683	0.5514488	0.981781
568	3	0.2808784	0.4812925	0.04931064
568	4	-0.2714683	0.5514488	0.981781
568	5	-0.2714683	0.5514488	0.981781
568	6	0.2808784	0.4812925	0.04931064
568	7	1.344824	0.1162230	0.5316845
568	8	-0.2705607	0.5450581	1.042436
568	9	0.5258341	0.4112907	0.02114593
568	10	-0.2622933	0.5515576	0.9536653
568	11	0.7129069	0.3563950	0.01386081
569	1	-0.2714683	0.5514488	0.981781
569	2	-0.2714683	0.5514488	0.981781
569	3	0.2808784	0.4812925	0.04931064
569	4	-0.2714683	0.5514488	0.981781
569	5	-0.2714683	0.5514488	0.981781
569	6	0.2808784	0.4812925	0.04931064
569	7	1.344824	0.1162230	0.5316845
569	8	-0.2705607	0.5450581	1.042436
569	9	0.5258341	0.4112907	0.02114593
569	10	-0.2622933	0.5515576	0.9536653
569	11	0.7129069	0.3563950	0.01386081
598	1	-0.2603810	0.5581871	0.8823348
598	2	-0.2603810	0.5581871	0.8823348
598	3	-0.08202358	0.5618466	0.3204773
598	4	-0.2603810	0.5581871	0.8823348
598	5	-0.2603810	0.5581871	0.8823348
598	6	-0.08202358	0.5618466	0.3204773
598	7	1.371585	0.1122023	0.4926675
598	8	-0.2605091	0.5566429	0.8980153
598	9	0.3982861	0.4479832	0.03340608
598	10	-0.2256311	0.5660284	0.7022288
598	11	0.650806	0.3753381	0.009145363
599	7	1.280651	0.1463224	0.4225215
599	8	-0.1866759	0.5852129	0.3973234
635	1	-0.2563804	0.5479734	0.9717587
635	2	-0.2563804	0.5479734	0.9717587
635	3	0.0003759463	0.5500107	0.1949456
635	4	-0.2563804	0.5479734	0.9717587
635	5	-0.2563804	0.5479734	0.9717587
635	6	0.0003759463	0.5500107	0.1949456
635	7	1.400374	0.1121384	0.4084619
635	8	-0.03250952	0.4406489	1.375579
635	9	0.2608056	0.4871234	0.05068041
635	10	-0.2379328	0.5593356	0.8048024
635	11	0.543644	0.4072432	0.008772348
636	1	-0.2563804	0.5479734	0.9717587
636	2	-0.2563804	0.5479734	0.9717587
636	3	0.0003759463	0.5500107	0.1949456
636	4	-0.2563804	0.5479734	0.9717587
636	5	-0.2563804	0.5479734	0.9717587
636	6	0.0003759463	0.5500107	0.1949456
636	7	1.400374	0.1121384	0.4084619
636	8	-0.03250952	0.4406489	1.375579
636	9	0.2608056	0.4871234	0.05068041
636	10	-0.2379328	0.5593356	0.8048024
636	11	0.543644	0.4072432	0.008772348
637	1	-0.2038727	0.5129866	1.163729
637	2	-0.2038727	0.5129866	1.163729
637	3	-0.06009408	0.5610452	0.2637958
637	4	-0.2038727	0.5129866	1.163729
637	5	-0.2038727	0.5129866	1.163729
637	6	-0.06009408	0.5610452	0.2637958
637	7	1.405842	0.1139202	0.3746921
637	8	-0.04818903	0.4455168	1.373546
637	9	0.1731094	0.5106592	0.07588033
637	10	-0.2358573	0.5630436	0.761941
637	11	0.4796691	0.4262249	0.009196996
638	1	-0.2038727	0.5129866	1.163729
638	2	-0.2038727	0.5129866	1.163729
638	3	-0.06009408	0.5610452	0.2637958
638	4	-0.2038727	0.5129866	1.163729
638	5	-0.2038727	0.5129866	1.163729
638	6	-0.06009408	0.5610452	0.2637958
638	7	1.405842	0.1139202	0.3746921
638	8	-0.04818903	0.4455168	1.373546
638	9	0.1731094	0.5106592	0.07588033
638	10	-0.2358573	0.5630436	0.761941
638	11	0.4796691	0.4262249	0.009196996
639	1	-0.2038727	0.5129866	1.163729
639	2	-0.2038727	0.5129866	1.163729
639	3	-0.06009408	0.5610452	0.2637958
639	4	-0.2038727	0.5129866	1.163729
639	5	-0.2038727	0.5129866	1.163729
639	6	-0.06009408	0.5610452	0.2637958
639	7	1.405842	0.1139202	0.3746921
639	8	-0.04818903	0.4455168	1.373546
639	9	0.1731094	0.5106592	0.07588033
639	10	-0.2358573	0.5630436	0.761941
639	11	0.4796691	0.4262249	0.009196996
640	1	-0.09375236	0.4721734	1.243660
640	2	-0.09375236	0.4721734	1.243660
640	3	-0.1583474	0.5751666	0.4133977
640	4	-0.09375236	0.4721734	1.243660
640	5	-0.09375236	0.4721734	1.243660
640	6	-0.1583474	0.5751666	0.4133977
640	7	1.385440	0.1229568	0.3452672
640	8	-0.06500462	0.4517153	1.361675
640	9	1.204786	0.1858537	0.2543472
640	10	-0.2238279	0.5668046	0.6892224
640	11	0.3299759	0.4700109	0.01642274
641	1	-0.09375236	0.4721734	1.243660
641	2	-0.09375236	0.4721734	1.243660
641	3	-0.1583474	0.5751666	0.4133977
641	4	-0.09375236	0.4721734	1.243660
641	5	-0.09375236	0.4721734	1.243660
641	6	-0.1583474	0.5751666	0.4133977
641	7	1.385440	0.1229568	0.3452672
641	8	-0.06500462	0.4517153	1.361675
641	9	1.204786	0.1858537	0.2543472
641	10	-0.2238279	0.5668046	0.6892224
641	11	0.3299759	0.4700109	0.01642274
642	1	-0.2216131	0.5279728	1.067502
642	2	-0.2216131	0.5279728	1.067502
642	3	0.04762296	0.5432016	0.1231901
642	4	-0.2216131	0.5279728	1.067502
642	5	-0.2216131	0.5279728	1.067502
642	6	0.04762296	0.5432016	0.1231901
642	7	1.382799	0.125019	0.3326124
642	8	-0.1187994	0.4641802	1.396679
642	9	1.070713	0.2413031	0.09996315
642	10	-0.2601866	0.5572267	0.8912795
643	1	-0.02342361	0.5540488	0.2250643
643	2	-0.02342361	0.5540488	0.2250643
643	3	-0.2988176	0.5484357	1.092234
643	4	-0.02342361	0.5540488	0.2250643
643	5	-0.02342361	0.5540488	0.2250643
643	6	-0.2988176	0.5484357	1.092234
643	7	1.105911	0.236298	0.04583964
643	8	-0.1169995	0.5651914	0.3904007
643	9	0.4564016	0.4314461	0.02602288
643	10	-0.2109396	0.5712747	0.6069462
643	11	1.079089	0.1636081	0.8452026
644	1	-0.02342361	0.5540488	0.2250643
644	2	-0.02342361	0.5540488	0.2250643
644	3	-0.2988176	0.5484357	1.092234
644	4	-0.02342361	0.5540488	0.2250643
644	5	-0.02342361	0.5540488	0.2250643
644	6	-0.2988176	0.5484357	1.092234
644	7	1.105911	0.236298	0.04583964
644	8	-0.1169995	0.5651914	0.3904007
644	9	0.4564016	0.4314461	0.02602288
644	10	-0.2109396	0.5712747	0.6069462
644	11	1.079089	0.1636081	0.8452026
645	1	-0.02342361	0.5540488	0.2250643
645	2	-0.02342361	0.5540488	0.2250643
645	3	-0.2988176	0.5484357	1.092234
645	4	-0.02342361	0.5540488	0.2250643
645	5	-0.02342361	0.5540488	0.2250643
645	6	-0.2988176	0.5484357	1.092234
645	7	1.105911	0.236298	0.04583964
645	8	-0.1169995	0.5651914	0.3904007
645	9	0.4564016	0.4314461	0.02602288
645	10	-0.2109396	0.5712747	0.6069462
645	11	1.079089	0.1636081	0.8452026
646	1	-0.1389724	0.5701777	0.4057395
646	2	-0.1389724	0.5701777	0.4057395
646	3	-0.2853109	0.559345	0.9443258
646	4	-0.1389724	0.5701777	0.4057395
646	5	-0.1389724	0.5701777	0.4057395
646	6	-0.2853109	0.559345	0.9443258
646	7	1.213203	0.2018535	0.07099393
646	8	0.0313344	0.5423884	0.1792488
646	9	0.6597061	0.3712963	0.0229704
646	10	-0.1115068	0.5672782	0.3535352
646	11	0.9644576	0.1864846	0.9563097
647	1	-0.1389724	0.5701777	0.4057395
647	2	-0.1389724	0.5701777	0.4057395
647	3	-0.2853109	0.559345	0.9443258
647	4	-0.1389724	0.5701777	0.4057395
647	5	-0.1389724	0.5701777	0.4057395
647	6	-0.2853109	0.559345	0.9443258
647	7	1.213203	0.2018535	0.07099393
647	8	0.0313344	0.5423884	0.1792488
647	9	0.6597061	0.3712963	0.0229704
647	10	-0.1115068	0.5672782	0.3535352
647	11	0.9644576	0.1864846	0.9563097
648	1	-0.1389724	0.5701777	0.4057395
648	2	-0.1389724	0.5701777	0.4057395
648	3	-0.2853109	0.559345	0.9443258
648	4	-0.1389724	0.5701777	0.4057395
648	5	-0.1389724	0.5701777	0.4057395
648	6	-0.2853109	0.559345	0.9443258
648	7	1.213203	0.2018535	0.07099393
648	8	0.0313344	0.5423884	0.1792488
648	9	0.6597061	0.3712963	0.0229704
648	10	-0.1115068	0.5672782	0.3535352
648	11	0.9644576	0.1864846	0.9563097
649	1	-0.1260878	0.5690337	0.3791075
649	2	-0.1260878	0.5690337	0.3791075
649	3	-0.2861687	0.5530807	1.008929
649	4	-0.1260878	0.5690337	0.3791075
649	5	-0.1260878	0.5690337	0.3791075
649	6	-0.2861687	0.5530807	1.008929
649	7	1.203282	0.2051123	0.06793541
649	8	-0.001552679	0.5489794	0.2108487
649	9	0.6386145	0.3776008	0.02264965
649	10	-0.1259774	0.5689912	0.3792026
649	11	0.9804407	0.1834044	0.9397334
650	1	-0.1247021	0.568891	0.3764375
650	2	-0.1247021	0.568891	0.3764375
650	3	-0.2836138	0.5490495	1.041348
650	4	-0.1247021	0.568891	0.3764375
650	5	-0.1247021	0.568891	0.3764375
650	6	-0.2836138	0.5490495	1.041348
650	7	1.205046	0.2045632	0.06817974
650	8	-0.03810934	0.5561749	0.2472719
650	9	0.6632244	0.3701601	0.02386136
650	10	-0.1235069	0.5687974	0.3738436
650	11	0.9859864	0.1822684	0.9346478
651	1	-0.1247021	0.568891	0.3764375
651	2	-0.1247021	0.568891	0.3764375
651	3	-0.2836138	0.5490495	1.041348
651	4	-0.1247021	0.568891	0.3764375
651	5	-0.1247021	0.568891	0.3764375
651	6	-0.2836138	0.5490495	1.041348
651	7	1.205046	0.2045632	0.06817974
651	8	-0.03810934	0.5561749	0.2472719
651	9	0.6632244	0.3701601	0.02386136
651	10	-0.1235069	0.5687974	0.3738436
651	11	0.9859864	0.1822684	0.9346478
652	1	-0.1247021	0.568891	0.3764375
652	2	-0.1247021	0.568891	0.3764375
652	3	-0.2836138	0.5490495	1.041348
652	4	-0.1247021	0.568891	0.3764375
652	5	-0.1247021	0.568891	0.3764375
652	6	-0.2836138	0.5490495	1.041348
652	7	1.205046	0.2045632	0.06817974
652	8	-0.03810934	0.5561749	0.2472719
652	9	0.6632244	0.3701601	0.02386136
652	10	-0.1235069	0.5687974	0.3738436
652	11	0.9859864	0.1822684	0.9346478
653	1	-0.1247021	0.568891	0.3764375
653	2	-0.1247021	0.568891	0.3764375
653	3	-0.2836138	0.5490495	1.041348
653	4	-0.1247021	0.568891	0.3764375
653	5	-0.1247021	0.568891	0.3764375
653	6	-0.2836138	0.5490495	1.041348
653	7	1.205046	0.2045632	0.06817974
653	8	-0.03810934	0.5561749	0.2472719
653	9	0.6632244	0.3701601	0.02386136
653	10	-0.1235069	0.5687974	0.3738436
653	11	0.9859864	0.1822684	0.9346478
654	1	-0.1247021	0.568891	0.3764375
654	2	-0.1247021	0.568891	0.3764375
654	3	-0.2836138	0.5490495	1.041348
654	4	-0.1247021	0.568891	0.3764375
654	5	-0.1247021	0.568891	0.3764375
654	6	-0.2836138	0.5490495	1.041348
654	7	1.205046	0.2045632	0.06817974
654	8	-0.03810934	0.5561749	0.2472719
654	9	0.6632244	0.3701601	0.02386136
654	10	-0.1235069	0.5687974	0.3738436
654	11	0.9859864	0.1822684	0.9346478
655	1	-0.1247021	0.568891	0.3764375
655	2	-0.1247021	0.568891	0.3764375
655	3	-0.2836138	0.5490495	1.041348
655	4	-0.1247021	0.568891	0.3764375
655	5	-0.1247021	0.568891	0.3764375
655	6	-0.2836138	0.5490495	1.041348
655	7	1.205046	0.2045632	0.06817974
655	8	-0.03810934	0.5561749	0.2472719
655	9	0.6632244	0.3701601	0.02386136
655	10	-0.1235069	0.5687974	0.3738436
655	11	0.9859864	0.1822684	0.9346478
656	1	-0.139077	0.5708207	0.3996763
656	2	-0.139077	0.5708207	0.3996763
656	3	-0.1265798	0.567087	0.3998482
656	4	-0.139077	0.5708207	0.3996763
656	5	-0.139077	0.5708207	0.3996763
656	6	-0.1265798	0.567087	0.3998482
656	7	0.8899091	0.2021831	1.020429
656	8	-0.1320496	0.5687211	0.3997729
656	9	-0.1199101	0.5650943	0.3999401
656	10	-0.1391948	0.5708559	0.3996747
656	11	1.320468	0.1669991	0.1002910
657	1	-0.139077	0.5708207	0.3996763
657	2	-0.139077	0.5708207	0.3996763
657	3	-0.1265798	0.567087	0.3998482
657	4	-0.139077	0.5708207	0.3996763
657	5	-0.139077	0.5708207	0.3996763
657	6	-0.1265798	0.567087	0.3998482
657	7	0.8899091	0.2021831	1.020429
657	8	-0.1320496	0.5687211	0.3997729
657	9	-0.1199101	0.5650943	0.3999401
657	10	-0.1391948	0.5708559	0.3996747
657	11	1.320468	0.1669991	0.1002910
658	1	-0.139077	0.5708207	0.3996763
658	2	-0.139077	0.5708207	0.3996763
658	3	-0.1265798	0.567087	0.3998482
658	4	-0.139077	0.5708207	0.3996763
658	5	-0.139077	0.5708207	0.3996763
658	6	-0.1265798	0.567087	0.3998482
658	7	0.8899091	0.2021831	1.020429
658	8	-0.1320496	0.5687211	0.3997729
658	9	-0.1199101	0.5650943	0.3999401
658	10	-0.1391948	0.5708559	0.3996747
658	11	1.320468	0.1669991	0.1002910
716	3	-0.1646679	0.578499	0.3990004
716	6	-0.1646679	0.578499	0.3990004
716	7	0.706204	0.2456556	1.130989
716	9	-0.1577846	0.5764421	0.3990993
716	11	1.203109	0.2048508	0.07103795
717	3	-0.1646679	0.578499	0.3990004
717	6	-0.1646679	0.578499	0.3990004
717	7	0.706204	0.2456556	1.130989
717	9	-0.1577846	0.5764421	0.3990993
717	11	1.203109	0.2048508	0.07103795
718	3	-0.1646679	0.578499	0.3990004
718	6	-0.1646679	0.578499	0.3990004
718	7	0.706204	0.2456556	1.130989
718	9	-0.1577846	0.5764421	0.3990993
718	11	1.203109	0.2048508	0.07103795
719	3	-0.1646679	0.578499	0.3990004
719	6	-0.1646679	0.578499	0.3990004
719	7	0.706204	0.2456556	1.130989
719	9	-0.1577846	0.5764421	0.3990993
719	11	1.203109	0.2048508	0.07103795
720	3	-0.1650890	0.5786248	0.3989947
720	6	-0.1650890	0.5786248	0.3989947
720	7	0.7004181	0.2470246	1.134473
720	9	-0.1554589	0.5757471	0.399133
720	11	1.199357	0.2060518	0.07019289
721	3	-0.1650890	0.5786248	0.3989947
721	6	-0.1650890	0.5786248	0.3989947
721	7	0.7004181	0.2470246	1.134473
721	9	-0.1554589	0.5757471	0.399133
721	11	1.199357	0.2060518	0.07019289
722	3	-0.1650890	0.5786248	0.3989947
722	6	-0.1650890	0.5786248	0.3989947
722	7	0.7004181	0.2470246	1.134473
722	9	-0.1554589	0.5757471	0.399133
722	11	1.199357	0.2060518	0.07019289
723	3	-0.1650890	0.5786248	0.3989947
723	6	-0.1650890	0.5786248	0.3989947
723	7	0.7004181	0.2470246	1.134473
723	9	-0.1554589	0.5757471	0.399133
723	11	1.199357	0.2060518	0.07019289
724	3	-0.1650890	0.5786248	0.3989947
724	6	-0.1650890	0.5786248	0.3989947
724	7	0.7004181	0.2470246	1.134473
724	9	-0.1554589	0.5757471	0.399133
724	11	1.199357	0.2060518	0.07019289
725	3	-0.1650890	0.5786248	0.3989947
725	6	-0.1650890	0.5786248	0.3989947
725	7	0.7004181	0.2470246	1.134473
725	9	-0.1554589	0.5757471	0.399133
725	11	1.199357	0.2060518	0.07019289
726	3	-0.1781851	0.5824692	0.3994913
726	6	-0.1781851	0.5824692	0.3994913
726	7	0.6092367	0.2686721	1.188655
726	9	1.127451	0.1923217	0.4181483
726	11	1.138204	0.2255432	0.05724996
727	3	-0.1781851	0.5824692	0.3994913
727	6	-0.1781851	0.5824692	0.3994913
727	7	0.6092367	0.2686721	1.188655
727	9	1.127451	0.1923217	0.4181483
727	11	1.138204	0.2255432	0.05724996
728	3	-0.1781851	0.5824692	0.3994913
728	6	-0.1781851	0.5824692	0.3994913
728	7	0.6092367	0.2686721	1.188655
728	9	1.127451	0.1923217	0.4181483
728	11	1.138204	0.2255432	0.05724996
729	3	-0.1781851	0.5824692	0.3994913
729	6	-0.1781851	0.5824692	0.3994913
729	7	0.6092367	0.2686721	1.188655
729	9	1.127451	0.1923217	0.4181483
729	11	1.138204	0.2255432	0.05724996
730	3	-0.1781851	0.5824692	0.3994913
730	6	-0.1781851	0.5824692	0.3994913
730	7	0.6092367	0.2686721	1.188655
730	9	1.127451	0.1923217	0.4181483
730	11	1.138204	0.2255432	0.05724996
731	3	-0.1781851	0.5824692	0.3994913
731	6	-0.1781851	0.5824692	0.3994913
731	7	0.6092367	0.2686721	1.188655
731	9	1.127451	0.1923217	0.4181483
731	11	1.138204	0.2255432	0.05724996
732	3	-0.1781851	0.5824692	0.3994913
732	6	-0.1781851	0.5824692	0.3994913
732	7	0.6092367	0.2686721	1.188655
732	9	1.127451	0.1923217	0.4181483
732	11	1.138204	0.2255432	0.05724996
733	3	-0.1781851	0.5824692	0.3994913
733	6	-0.1781851	0.5824692	0.3994913
733	7	0.6092367	0.2686721	1.188655
733	9	1.127451	0.1923217	0.4181483
733	11	1.138204	0.2255432	0.05724996
734	3	-0.1781851	0.5824692	0.3994913
734	6	-0.1781851	0.5824692	0.3994913
734	7	0.6092367	0.2686721	1.188655
734	9	1.127451	0.1923217	0.4181483
734	11	1.138204	0.2255432	0.05724996
735	3	0.5974357	0.3921832	-0.0005075055
735	7	-0.3398188	0.5859984	0.8408301
735	11	0.9625303	0.1970776	0.857017
736	3	0.5974357	0.3921832	-0.0005075055
736	7	-0.3398188	0.5859984	0.8408301
736	11	0.9625303	0.1970776	0.857017
737	3	-0.1746037	0.5814175	0.3993591
737	6	-0.1746037	0.5814175	0.3993591
737	7	0.5899492	0.2732595	1.200033
737	11	1.125787	0.2294774	0.05485675
738	3	-0.1774118	0.5822564	0.3993205
738	6	-0.1774118	0.5822564	0.3993205
738	7	0.6152856	0.2672282	1.185138
738	11	1.142591	0.2241497	0.05813281
739	3	-0.1774118	0.5822564	0.3993205
739	6	-0.1774118	0.5822564	0.3993205
739	7	0.6152856	0.2672282	1.185138
739	11	1.142591	0.2241497	0.05813281
740	3	-0.1774118	0.5822564	0.3993205
740	6	-0.1774118	0.5822564	0.3993205
740	7	0.6152856	0.2672282	1.185138
740	11	1.142591	0.2241497	0.05813281
741	3	-0.1774118	0.5822564	0.3993205
741	6	-0.1774118	0.5822564	0.3993205
741	7	0.6152856	0.2672282	1.185138
741	11	1.142591	0.2241497	0.05813281
742	3	-0.1774118	0.5822564	0.3993205
742	6	-0.1774118	0.5822564	0.3993205
742	7	0.6152856	0.2672282	1.185138
742	11	1.142591	0.2241497	0.05813281
743	3	-0.1774118	0.5822564	0.3993205
743	6	-0.1774118	0.5822564	0.3993205
743	7	0.6152856	0.2672282	1.185138
743	11	1.142591	0.2241497	0.05813281
744	3	-0.1774118	0.5822564	0.3993205
744	6	-0.1774118	0.5822564	0.3993205
744	7	0.6152856	0.2672282	1.185138
744	11	1.142591	0.2241497	0.05813281
745	3	-0.1774118	0.5822564	0.3993205
745	6	-0.1774118	0.5822564	0.3993205
745	7	0.6152856	0.2672282	1.185138
745	11	1.142591	0.2241497	0.05813281
746	3	-0.1774118	0.5822564	0.3993205
746	6	-0.1774118	0.5822564	0.3993205
746	7	0.6152856	0.2672282	1.185138
746	11	1.142591	0.2241497	0.05813281
747	3	-0.1774118	0.5822564	0.3993205
747	6	-0.1774118	0.5822564	0.3993205
747	7	0.6152856	0.2672282	1.185138
747	11	1.142591	0.2241497	0.05813281
748	3	-0.1774118	0.5822564	0.3993205
748	6	-0.1774118	0.5822564	0.3993205
748	7	0.6152856	0.2672282	1.185138
748	11	1.142591	0.2241497	0.05813281
749	3	-0.1774118	0.5822564	0.3993205
749	6	-0.1774118	0.5822564	0.3993205
749	7	0.6152856	0.2672282	1.185138
749	11	1.142591	0.2241497	0.05813281
750	3	-0.1774118	0.5822564	0.3993205
750	6	-0.1774118	0.5822564	0.3993205
750	7	0.6152856	0.2672282	1.185138
750	11	1.142591	0.2241497	0.05813281
751	3	-0.1774118	0.5822564	0.3993205
751	6	-0.1774118	0.5822564	0.3993205
751	7	0.6152856	0.2672282	1.185138
751	11	1.142591	0.2241497	0.05813281
752	3	-0.1774118	0.5822564	0.3993205
752	6	-0.1774118	0.5822564	0.3993205
752	7	0.6152856	0.2672282	1.185138
752	11	1.142591	0.2241497	0.05813281
753	3	1.280651	0.1463224	0.4225215
753	11	-0.1866759	0.5852129	0.3973234
754	3	1.280651	0.1463224	0.4225215
754	11	-0.1866759	0.5852129	0.3973234
755	3	-0.1613016	0.5776232	0.3977594
755	6	-0.1613016	0.5776232	0.3977594
755	11	1.335760	0.1298389	0.4234676
756	3	-0.1613016	0.5776232	0.3977594
756	6	-0.1613016	0.5776232	0.3977594
756	11	1.335760	0.1298389	0.4234676
757	3	-0.1613016	0.5776232	0.3977594
757	6	-0.1613016	0.5776232	0.3977594
757	11	1.335760	0.1298389	0.4234676
758	3	-0.1613016	0.5776232	0.3977594
758	6	-0.1613016	0.5776232	0.3977594
758	11	1.335760	0.1298389	0.4234676
759	3	-0.1613016	0.5776232	0.3977594
759	6	-0.1613016	0.5776232	0.3977594
759	11	1.335760	0.1298389	0.4234676
760	3	-0.1613016	0.5776232	0.3977594
760	6	-0.1613016	0.5776232	0.3977594
760	11	1.335760	0.1298389	0.4234676
761	3	-0.1613016	0.5776232	0.3977594
761	6	-0.1613016	0.5776232	0.3977594
761	11	1.335760	0.1298389	0.4234676
762	3	-0.1613016	0.5776232	0.3977594
762	6	-0.1613016	0.5776232	0.3977594
762	11	1.335760	0.1298389	0.4234676
763	6	1.280651	0.1463224	0.4225215
763	11	-0.1866759	0.5852129	0.3973234
764	6	1.280651	0.1463224	0.4225215
764	11	-0.1866759	0.5852129	0.3973234
765	6	1.280651	0.1463224	0.4225215
765	11	-0.1866759	0.5852129	0.3973234
766	6	1.280651	0.1463224	0.4225215
766	11	-0.1866759	0.5852129	0.3973234
767	6	1.280651	0.1463224	0.4225215
767	11	-0.1866759	0.5852129	0.3973234
768	6	1.280651	0.1463224	0.4225215
768	11	-0.1866759	0.5852129	0.3973234
769	6	1.280651	0.1463224	0.4225215
769	11	-0.1866759	0.5852129	0.3973234
770	6	1.280651	0.1463224	0.4225215
770	11	-0.1866759	0.5852129	0.3973234
771	6	1.280651	0.1463224	0.4225215
771	11	-0.1866759	0.5852129	0.3973234
772	6	1.280651	0.1463224	0.4225215
772	11	-0.1866759	0.5852129	0.3973234
773	6	1.280651	0.1463224	0.4225215
773	11	-0.1866759	0.5852129	0.3973234
774	3	-0.1613016	0.5776232	0.3977594
774	6	-0.1613016	0.5776232	0.3977594
774	11	1.335760	0.1298389	0.4234676
775	3	-0.1613016	0.5776232	0.3977594
775	6	-0.1613016	0.5776232	0.3977594
775	11	1.335760	0.1298389	0.4234676
776	3	-0.1613016	0.5776232	0.3977594
776	6	-0.1613016	0.5776232	0.3977594
776	11	1.335760	0.1298389	0.4234676
777	3	-0.1613016	0.5776232	0.3977594
777	6	-0.1613016	0.5776232	0.3977594
777	11	1.335760	0.1298389	0.4234676
778	3	-0.1613016	0.5776232	0.3977594
778	6	-0.1613016	0.5776232	0.3977594
778	11	1.335760	0.1298389	0.4234676
779	3	-0.1613016	0.5776232	0.3977594
779	6	-0.1613016	0.5776232	0.3977594
779	11	1.335760	0.1298389	0.4234676
780	3	-0.1613016	0.5776232	0.3977594
780	6	-0.1613016	0.5776232	0.3977594
780	11	1.335760	0.1298389	0.4234676
781	3	-0.1613016	0.5776232	0.3977594
781	6	-0.1613016	0.5776232	0.3977594
781	11	1.335760	0.1298389	0.4234676
782	3	-0.1613016	0.5776232	0.3977594
782	6	-0.1613016	0.5776232	0.3977594
782	11	1.335760	0.1298389	0.4234676
783	3	-0.1613016	0.5776232	0.3977594
783	6	-0.1613016	0.5776232	0.3977594
783	11	1.335760	0.1298389	0.4234676
784	3	-0.1613016	0.5776232	0.3977594
784	6	-0.1613016	0.5776232	0.3977594
784	11	1.335760	0.1298389	0.4234676
785	6	1.280651	0.1463224	0.4225215
785	11	-0.1866759	0.5852129	0.3973234
786	6	1.280651	0.1463224	0.4225215
786	11	-0.1866759	0.5852129	0.3973234
787	6	1.280651	0.1463224	0.4225215
787	11	-0.1866759	0.5852129	0.3973234
788	6	1.280651	0.1463224	0.4225215
788	11	-0.1866759	0.5852129	0.3973234
789	6	1.280651	0.1463224	0.4225215
789	11	-0.1866759	0.5852129	0.3973234
790	6	1.280651	0.1463224	0.4225215
790	11	-0.1866759	0.5852129	0.3973234
791	6	1.280651	0.1463224	0.4225215
791	11	-0.1866759	0.5852129	0.3973234
792	6	1.280651	0.1463224	0.4225215
792	11	-0.1866759	0.5852129	0.3973234
793	6	1.280651	0.1463224	0.4225215
793	11	-0.1866759	0.5852129	0.3973234
794	6	1.280651	0.1463224	0.4225215
794	11	-0.1866759	0.5852129	0.3973234
795	6	1.280651	0.1463224	0.4225215
795	11	-0.1866759	0.5852129	0.3973234
796	3	-0.1774118	0.5822564	0.3993205
796	6	-0.1774118	0.5822564	0.3993205
796	7	0.6152856	0.2672282	1.185138
796	11	1.142591	0.2241497	0.05813281
797	3	-0.1774118	0.5822564	0.3993205
797	6	-0.1774118	0.5822564	0.3993205
797	7	0.6152856	0.2672282	1.185138
797	11	1.142591	0.2241497	0.05813281
798	3	-0.1774118	0.5822564	0.3993205
798	6	-0.1774118	0.5822564	0.3993205
798	7	0.6152856	0.2672282	1.185138
798	11	1.142591	0.2241497	0.05813281
799	6	0.5974319	0.3921844	-0.0005075679
799	7	-0.3398197	0.5859982	0.840835
799	11	0.9625351	0.1970767	0.8570123
800	6	0.5974319	0.3921844	-0.0005075679
800	7	-0.3398197	0.5859982	0.840835
800	11	0.9625351	0.1970767	0.8570123
801	6	0.5974319	0.3921844	-0.0005075679
801	7	-0.3398197	0.5859982	0.840835
801	11	0.9625351	0.1970767	0.8570123
802	6	0.5974319	0.3921844	-0.0005075679
802	7	-0.3398197	0.5859982	0.840835
802	11	0.9625351	0.1970767	0.8570123
803	3	-0.1746037	0.5814175	0.3993591
803	6	-0.1746037	0.5814175	0.3993591
803	7	0.5899492	0.2732595	1.200033
803	11	1.125787	0.2294774	0.05485675
804	3	-0.1746037	0.5814175	0.3993591
804	6	-0.1746037	0.5814175	0.3993591
804	7	0.5899492	0.2732595	1.200033
804	11	1.125787	0.2294774	0.05485675
805	3	-0.1774118	0.5822564	0.3993205
805	6	-0.1774118	0.5822564	0.3993205
805	7	0.6152856	0.2672282	1.185138
805	11	1.142591	0.2241497	0.05813281
806	3	-0.1774118	0.5822564	0.3993205
806	6	-0.1774118	0.5822564	0.3993205
806	7	0.6152856	0.2672282	1.185138
806	11	1.142591	0.2241497	0.05813281
807	3	-0.1774118	0.5822564	0.3993205
807	6	-0.1774118	0.5822564	0.3993205
807	7	0.6152856	0.2672282	1.185138
807	11	1.142591	0.2241497	0.05813281
808	3	-0.1774118	0.5822564	0.3993205
808	6	-0.1774118	0.5822564	0.3993205
808	7	0.6152856	0.2672282	1.185138
808	11	1.142591	0.2241497	0.05813281
809	3	-0.1774118	0.5822564	0.3993205
809	6	-0.1774118	0.5822564	0.3993205
809	7	0.6152856	0.2672282	1.185138
809	11	1.142591	0.2241497	0.05813281
810	3	-0.1774118	0.5822564	0.3993205
810	6	-0.1774118	0.5822564	0.3993205
810	7	0.6152856	0.2672282	1.185138
810	11	1.142591	0.2241497	0.05813281
811	3	-0.1774118	0.5822564	0.3993205
811	6	-0.1774118	0.5822564	0.3993205
811	7	0.6152856	0.2672282	1.185138
811	11	1.142591	0.2241497	0.05813281
812	3	-0.1774118	0.5822564	0.3993205
812	6	-0.1774118	0.5822564	0.3993205
812	7	0.6152856	0.2672282	1.185138
812	11	1.142591	0.2241497	0.05813281
813	3	-0.1774118	0.5822564	0.3993205
813	6	-0.1774118	0.5822564	0.3993205
813	7	0.6152856	0.2672282	1.185138
813	11	1.142591	0.2241497	0.05813281
814	3	-0.1774118	0.5822564	0.3993205
814	6	-0.1774118	0.5822564	0.3993205
814	7	0.6152856	0.2672282	1.185138
814	11	1.142591	0.2241497	0.05813281
815	3	-0.1774118	0.5822564	0.3993205
815	6	-0.1774118	0.5822564	0.3993205
815	7	0.6152856	0.2672282	1.185138
815	11	1.142591	0.2241497	0.05813281
816	3	0.5974357	0.3921832	-0.0005075055
816	7	-0.3398188	0.5859984	0.8408301
816	11	0.9625303	0.1970776	0.857017
817	3	-0.1774118	0.5822564	0.3993205
817	6	-0.1774118	0.5822564	0.3993205
817	7	0.6152856	0.2672282	1.185138
817	11	1.142591	0.2241497	0.05813281
818	3	-0.1774118	0.5822564	0.3993205
818	6	-0.1774118	0.5822564	0.3993205
818	7	0.6152856	0.2672282	1.185138
818	11	1.142591	0.2241497	0.05813281
819	3	-0.1774118	0.5822564	0.3993205
819	6	-0.1774118	0.5822564	0.3993205
819	7	0.6152856	0.2672282	1.185138
819	11	1.142591	0.2241497	0.05813281
820	3	-0.1774118	0.5822564	0.3993205
820	6	-0.1774118	0.5822564	0.3993205
820	7	0.6152856	0.2672282	1.185138
820	11	1.142591	0.2241497	0.05813281
821	3	-0.1774118	0.5822564	0.3993205
821	6	-0.1774118	0.5822564	0.3993205
821	7	0.6152856	0.2672282	1.185138
821	11	1.142591	0.2241497	0.05813281
822	3	-0.1774118	0.5822564	0.3993205
822	6	-0.1774118	0.5822564	0.3993205
822	7	0.6152856	0.2672282	1.185138
822	11	1.142591	0.2241497	0.05813281
823	3	-0.1774118	0.5822564	0.3993205
823	6	-0.1774118	0.5822564	0.3993205
823	7	0.6152856	0.2672282	1.185138
823	11	1.142591	0.2241497	0.05813281
824	3	-0.1774118	0.5822564	0.3993205
824	6	-0.1774118	0.5822564	0.3993205
824	7	0.6152856	0.2672282	1.185138
824	11	1.142591	0.2241497	0.05813281
825	3	-0.1774118	0.5822564	0.3993205
825	6	-0.1774118	0.5822564	0.3993205
825	7	0.6152856	0.2672282	1.185138
825	11	1.142591	0.2241497	0.05813281
826	3	-0.1774118	0.5822564	0.3993205
826	6	-0.1774118	0.5822564	0.3993205
826	7	0.6152856	0.2672282	1.185138
826	11	1.142591	0.2241497	0.05813281
827	3	-0.1774118	0.5822564	0.3993205
827	6	-0.1774118	0.5822564	0.3993205
827	7	0.6152856	0.2672282	1.185138
827	11	1.142591	0.2241497	0.05813281
828	3	-0.1774118	0.5822564	0.3993205
828	6	-0.1774118	0.5822564	0.3993205
828	7	0.6152856	0.2672282	1.185138
828	11	1.142591	0.2241497	0.05813281
829	3	-0.1774118	0.5822564	0.3993205
829	6	-0.1774118	0.5822564	0.3993205
829	7	0.6152856	0.2672282	1.185138
829	11	1.142591	0.2241497	0.05813281
830	3	-0.1774118	0.5822564	0.3993205
830	6	-0.1774118	0.5822564	0.3993205
830	7	0.6152856	0.2672282	1.185138
830	11	1.142591	0.2241497	0.05813281
831	3	-0.1774118	0.5822564	0.3993205
831	6	-0.1774118	0.5822564	0.3993205
831	7	0.6152856	0.2672282	1.185138
831	11	1.142591	0.2241497	0.05813281
832	3	-0.1774118	0.5822564	0.3993205
832	6	-0.1774118	0.5822564	0.3993205
832	7	0.6152856	0.2672282	1.185138
832	11	1.142591	0.2241497	0.05813281
833	3	-0.1774118	0.5822564	0.3993205
833	6	-0.1774118	0.5822564	0.3993205
833	7	0.6152856	0.2672282	1.185138
833	11	1.142591	0.2241497	0.05813281
834	3	-0.1774118	0.5822564	0.3993205
834	6	-0.1774118	0.5822564	0.3993205
834	7	0.6152856	0.2672282	1.185138
834	11	1.142591	0.2241497	0.05813281
835	3	-0.1774118	0.5822564	0.3993205
835	6	-0.1774118	0.5822564	0.3993205
835	7	0.6152856	0.2672282	1.185138
835	11	1.142591	0.2241497	0.05813281
836	3	-0.1774118	0.5822564	0.3993205
836	6	-0.1774118	0.5822564	0.3993205
836	7	0.6152856	0.2672282	1.185138
836	11	1.142591	0.2241497	0.05813281
837	3	-0.1774118	0.5822564	0.3993205
837	6	-0.1774118	0.5822564	0.3993205
837	7	0.6152856	0.2672282	1.185138
837	11	1.142591	0.2241497	0.05813281
838	3	-0.1774118	0.5822564	0.3993205
838	6	-0.1774118	0.5822564	0.3993205
838	7	0.6152856	0.2672282	1.185138
838	11	1.142591	0.2241497	0.05813281
839	3	-0.1774118	0.5822564	0.3993205
839	6	-0.1774118	0.5822564	0.3993205
839	7	0.6152856	0.2672282	1.185138
839	11	1.142591	0.2241497	0.05813281
840	3	-0.1774118	0.5822564	0.3993205
840	6	-0.1774118	0.5822564	0.3993205
840	7	0.6152856	0.2672282	1.185138
840	11	1.142591	0.2241497	0.05813281
841	3	-0.1774118	0.5822564	0.3993205
841	6	-0.1774118	0.5822564	0.3993205
841	7	0.6152856	0.2672282	1.185138
841	11	1.142591	0.2241497	0.05813281
842	3	-0.1774118	0.5822564	0.3993205
842	6	-0.1774118	0.5822564	0.3993205
842	7	0.6152856	0.2672282	1.185138
842	11	1.142591	0.2241497	0.05813281
843	3	-0.1774118	0.5822564	0.3993205
843	6	-0.1774118	0.5822564	0.3993205
843	7	0.6152856	0.2672282	1.185138
843	11	1.142591	0.2241497	0.05813281
844	3	-0.1774118	0.5822564	0.3993205
844	6	-0.1774118	0.5822564	0.3993205
844	7	0.6152856	0.2672282	1.185138
844	11	1.142591	0.2241497	0.05813281
845	6	0.5974319	0.3921844	-0.0005075679
845	7	-0.3398197	0.5859982	0.840835
845	11	0.9625351	0.1970767	0.8570123
846	1	-0.2496157	0.5767532	0.6666294
846	2	-0.2496157	0.5767532	0.6666294
846	3	0.6943456	0.3624871	0.008187375
846	4	-0.2496157	0.5767532	0.6666294
846	5	-0.2496157	0.5767532	0.6666294
846	6	0.6943456	0.3624871	0.008187375
846	7	1.103798	0.1685246	0.7236692
846	8	-0.2366459	0.5758492	0.6373678
846	9	1.263651	0.1677446	0.2603357
846	10	-0.2501579	0.5768165	0.6676003
846	11	1.103798	0.1685246	0.7236692
847	1	-0.2496157	0.5767532	0.6666294
847	2	-0.2496157	0.5767532	0.6666294
847	3	0.6943456	0.3624871	0.008187375
847	4	-0.2496157	0.5767532	0.6666294
847	5	-0.2496157	0.5767532	0.6666294
847	6	0.6943456	0.3624871	0.008187375
847	7	1.103798	0.1685246	0.7236692
847	8	-0.2366459	0.5758492	0.6373678
847	9	1.263651	0.1677446	0.2603357
847	10	-0.2501579	0.5768165	0.6676003
847	11	1.103798	0.1685246	0.7236692
848	3	1.120904	0.1941041	0.4197782
848	6	1.120904	0.1941041	0.4197782
849	3	1.120904	0.1941041	0.4197782
849	6	1.120904	0.1941041	0.4197782
850	3	1.120904	0.1941041	0.4197782
850	6	1.120904	0.1941041	0.4197782
851	3	1.120904	0.1941041	0.4197782
851	6	1.120904	0.1941041	0.4197782
852	3	1.120904	0.1941041	0.4197782
852	6	1.120904	0.1941041	0.4197782
853	3	1.120904	0.1941041	0.4197782
853	6	1.120904	0.1941041	0.4197782
854	3	1.120904	0.1941041	0.4197782
854	6	1.120904	0.1941041	0.4197782
855	3	1.120904	0.1941041	0.4197782
855	6	1.120904	0.1941041	0.4197782
856	3	1.120904	0.1941041	0.4197782
856	6	1.120904	0.1941041	0.4197782
857	3	1.120904	0.1941041	0.4197782
857	6	1.120904	0.1941041	0.4197782
858	3	1.120904	0.1941041	0.4197782
858	6	1.120904	0.1941041	0.4197782
859	3	1.120904	0.1941041	0.4197782
859	6	1.120904	0.1941041	0.4197782
860	3	1.120904	0.1941041	0.4197782
860	6	1.120904	0.1941041	0.4197782
861	3	1.120904	0.1941041	0.4197782
861	6	1.120904	0.1941041	0.4197782
862	3	1.120904	0.1941041	0.4197782
862	6	1.120904	0.1941041	0.4197782
863	3	1.120904	0.1941041	0.4197782
863	6	1.120904	0.1941041	0.4197782
864	3	1.120904	0.1941041	0.4197782
864	6	1.120904	0.1941041	0.4197782
865	3	1.120904	0.1941041	0.4197782
865	6	1.120904	0.1941041	0.4197782
866	3	1.120904	0.1941041	0.4197782
866	6	1.120904	0.1941041	0.4197782
867	3	1.120904	0.1941041	0.4197782
867	6	1.120904	0.1941041	0.4197782
868	3	1.120904	0.1941041	0.4197782
868	6	1.120904	0.1941041	0.4197782
869	3	1.120904	0.1941041	0.4197782
869	6	1.120904	0.1941041	0.4197782
870	3	1.120904	0.1941041	0.4197782
870	6	1.120904	0.1941041	0.4197782
871	3	1.120904	0.1941041	0.4197782
871	6	1.120904	0.1941041	0.4197782
872	3	1.120904	0.1941041	0.4197782
872	6	1.120904	0.1941041	0.4197782
880	3	1.120904	0.1941041	0.4197782
880	6	1.120904	0.1941041	0.4197782
881	3	1.120904	0.1941041	0.4197782
881	6	1.120904	0.1941041	0.4197782
882	3	1.120904	0.1941041	0.4197782
882	6	1.120904	0.1941041	0.4197782
883	3	1.120904	0.1941041	0.4197782
883	6	1.120904	0.1941041	0.4197782
884	3	1.120904	0.1941041	0.4197782
884	6	1.120904	0.1941041	0.4197782
885	3	1.120904	0.1941041	0.4197782
885	6	1.120904	0.1941041	0.4197782
886	3	1.120904	0.1941041	0.4197782
886	6	1.120904	0.1941041	0.4197782
887	3	1.120904	0.1941041	0.4197782
887	6	1.120904	0.1941041	0.4197782
888	3	1.120904	0.1941041	0.4197782
888	6	1.120904	0.1941041	0.4197782
889	3	1.120904	0.1941041	0.4197782
889	6	1.120904	0.1941041	0.4197782
890	3	1.120904	0.1941041	0.4197782
890	6	1.120904	0.1941041	0.4197782
891	3	1.120904	0.1941041	0.4197782
891	6	1.120904	0.1941041	0.4197782
892	3	1.120904	0.1941041	0.4197782
892	6	1.120904	0.1941041	0.4197782
893	3	1.120904	0.1941041	0.4197782
893	6	1.120904	0.1941041	0.4197782
894	3	1.120904	0.1941041	0.4197782
894	6	1.120904	0.1941041	0.4197782
895	3	1.120904	0.1941041	0.4197782
895	6	1.120904	0.1941041	0.4197782
896	3	1.120904	0.1941041	0.4197782
896	6	1.120904	0.1941041	0.4197782
897	3	1.120904	0.1941041	0.4197782
897	6	1.120904	0.1941041	0.4197782
898	3	1.120904	0.1941041	0.4197782
898	6	1.120904	0.1941041	0.4197782
899	3	1.120904	0.1941041	0.4197782
899	6	1.120904	0.1941041	0.4197782
900	3	1.120904	0.1941041	0.4197782
900	6	1.120904	0.1941041	0.4197782
901	3	1.120904	0.1941041	0.4197782
901	6	1.120904	0.1941041	0.4197782
903	3	1.120904	0.1941041	0.4197782
903	6	1.120904	0.1941041	0.4197782
904	3	1.120904	0.1941041	0.4197782
904	6	1.120904	0.1941041	0.4197782
905	3	1.120904	0.1941041	0.4197782
905	6	1.120904	0.1941041	0.4197782
906	3	1.120904	0.1941041	0.4197782
906	6	1.120904	0.1941041	0.4197782
907	3	1.120904	0.1941041	0.4197782
907	6	1.120904	0.1941041	0.4197782
908	3	1.120904	0.1941041	0.4197782
908	6	1.120904	0.1941041	0.4197782
909	3	1.120904	0.1941041	0.4197782
909	6	1.120904	0.1941041	0.4197782
910	3	1.120904	0.1941041	0.4197782
910	6	1.120904	0.1941041	0.4197782
911	3	1.120904	0.1941041	0.4197782
911	6	1.120904	0.1941041	0.4197782
912	3	1.120904	0.1941041	0.4197782
912	6	1.120904	0.1941041	0.4197782
913	3	1.120904	0.1941041	0.4197782
913	6	1.120904	0.1941041	0.4197782
914	3	1.120904	0.1941041	0.4197782
914	6	1.120904	0.1941041	0.4197782
915	3	1.120904	0.1941041	0.4197782
915	6	1.120904	0.1941041	0.4197782
916	3	1.120904	0.1941041	0.4197782
916	6	1.120904	0.1941041	0.4197782
917	3	1.120904	0.1941041	0.4197782
917	6	1.120904	0.1941041	0.4197782
918	3	1.120904	0.1941041	0.4197782
918	6	1.120904	0.1941041	0.4197782
919	3	1.120904	0.1941041	0.4197782
919	6	1.120904	0.1941041	0.4197782
920	3	1.120904	0.1941041	0.4197782
920	6	1.120904	0.1941041	0.4197782
921	3	1.120904	0.1941041	0.4197782
921	6	1.120904	0.1941041	0.4197782
922	3	1.120904	0.1941041	0.4197782
922	6	1.120904	0.1941041	0.4197782
923	3	1.120904	0.1941041	0.4197782
923	6	1.120904	0.1941041	0.4197782
924	3	1.120904	0.1941041	0.4197782
924	6	1.120904	0.1941041	0.4197782
925	3	1.120904	0.1941041	0.4197782
925	6	1.120904	0.1941041	0.4197782
926	3	1.120904	0.1941041	0.4197782
926	6	1.120904	0.1941041	0.4197782
927	3	1.120904	0.1941041	0.4197782
927	6	1.120904	0.1941041	0.4197782
928	3	1.120904	0.1941041	0.4197782
928	6	1.120904	0.1941041	0.4197782
929	3	1.120904	0.1941041	0.4197782
929	6	1.120904	0.1941041	0.4197782
930	3	1.120904	0.1941041	0.4197782
930	6	1.120904	0.1941041	0.4197782
941	3	1.120904	0.1941041	0.4197782
941	6	1.120904	0.1941041	0.4197782
942	3	1.120904	0.1941041	0.4197782
942	6	1.120904	0.1941041	0.4197782
968	3	1.120904	0.1941041	0.4197782
968	6	1.120904	0.1941041	0.4197782
969	3	1.120904	0.1941041	0.4197782
969	6	1.120904	0.1941041	0.4197782
970	3	1.120904	0.1941041	0.4197782
970	6	1.120904	0.1941041	0.4197782
971	3	1.120904	0.1941041	0.4197782
971	6	1.120904	0.1941041	0.4197782
1033	3	1.280651	0.1463224	0.4225215
1033	11	-0.1866759	0.5852129	0.3973234
1034	3	1.280651	0.1463224	0.4225215
1034	11	-0.1866759	0.5852129	0.3973234
1035	3	1.280651	0.1463224	0.4225215
1035	11	-0.1866759	0.5852129	0.3973234
1036	3	1.280651	0.1463224	0.4225215
1036	11	-0.1866759	0.5852129	0.3973234
1037	3	1.280651	0.1463224	0.4225215
1037	11	-0.1866759	0.5852129	0.3973234
1038	3	1.280651	0.1463224	0.4225215
1038	11	-0.1866759	0.5852129	0.3973234
1039	3	1.280651	0.1463224	0.4225215
1039	11	-0.1866759	0.5852129	0.3973234
1040	3	1.280651	0.1463224	0.4225215
1040	11	-0.1866759	0.5852129	0.3973234
1041	3	1.280651	0.1463224	0.4225215
1041	11	-0.1866759	0.5852129	0.3973234
1042	3	1.280651	0.1463224	0.4225215
1042	11	-0.1866759	0.5852129	0.3973234
1043	3	1.280651	0.1463224	0.4225215
1043	11	-0.1866759	0.5852129	0.3973234
1044	3	1.280651	0.1463224	0.4225215
1044	11	-0.1866759	0.5852129	0.3973234
1045	3	1.280651	0.1463224	0.4225215
1045	11	-0.1866759	0.5852129	0.3973234
1046	3	-0.1613016	0.5776232	0.3977594
1046	6	-0.1613016	0.5776232	0.3977594
1046	11	1.335760	0.1298389	0.4234676
1047	3	-0.1613016	0.5776232	0.3977594
1047	6	-0.1613016	0.5776232	0.3977594
1047	11	1.335760	0.1298389	0.4234676
1048	3	-0.1613016	0.5776232	0.3977594
1048	6	-0.1613016	0.5776232	0.3977594
1048	11	1.335760	0.1298389	0.4234676
1049	3	-0.1613016	0.5776232	0.3977594
1049	6	-0.1613016	0.5776232	0.3977594
1049	11	1.335760	0.1298389	0.4234676
1050	3	-0.1613016	0.5776232	0.3977594
1050	6	-0.1613016	0.5776232	0.3977594
1050	11	1.335760	0.1298389	0.4234676
1051	3	-0.1613016	0.5776232	0.3977594
1051	6	-0.1613016	0.5776232	0.3977594
1051	11	1.335760	0.1298389	0.4234676
1052	3	-0.1613016	0.5776232	0.3977594
1052	6	-0.1613016	0.5776232	0.3977594
1052	11	1.335760	0.1298389	0.4234676
1053	6	1.280651	0.1463224	0.4225215
1053	11	-0.1866759	0.5852129	0.3973234
1054	3	-0.1613016	0.5776232	0.3977594
1054	6	-0.1613016	0.5776232	0.3977594
1054	11	1.335760	0.1298389	0.4234676
1055	3	-0.1613016	0.5776232	0.3977594
1055	6	-0.1613016	0.5776232	0.3977594
1055	11	1.335760	0.1298389	0.4234676
1056	3	-0.1613016	0.5776232	0.3977594
1056	6	-0.1613016	0.5776232	0.3977594
1056	11	1.335760	0.1298389	0.4234676
1057	6	1.280651	0.1463224	0.4225215
1057	11	-0.1866759	0.5852129	0.3973234
1058	3	-0.1613016	0.5776232	0.3977594
1058	6	-0.1613016	0.5776232	0.3977594
1058	11	1.335760	0.1298389	0.4234676
1059	3	-0.1613016	0.5776232	0.3977594
1059	6	-0.1613016	0.5776232	0.3977594
1059	11	1.335760	0.1298389	0.4234676
1060	3	-0.1613016	0.5776232	0.3977594
1060	6	-0.1613016	0.5776232	0.3977594
1060	11	1.335760	0.1298389	0.4234676
1061	3	-0.1613016	0.5776232	0.3977594
1061	6	-0.1613016	0.5776232	0.3977594
1061	11	1.335760	0.1298389	0.4234676
1062	3	-0.1613016	0.5776232	0.3977594
1062	6	-0.1613016	0.5776232	0.3977594
1062	11	1.335760	0.1298389	0.4234676
1063	3	-0.1613016	0.5776232	0.3977594
1063	6	-0.1613016	0.5776232	0.3977594
1063	11	1.335760	0.1298389	0.4234676
1064	3	-0.1613016	0.5776232	0.3977594
1064	6	-0.1613016	0.5776232	0.3977594
1064	11	1.335760	0.1298389	0.4234676
1065	3	-0.1613016	0.5776232	0.3977594
1065	6	-0.1613016	0.5776232	0.3977594
1065	11	1.335760	0.1298389	0.4234676
1066	3	-0.1613016	0.5776232	0.3977594
1066	6	-0.1613016	0.5776232	0.3977594
1066	11	1.335760	0.1298389	0.4234676
1067	3	-0.1613016	0.5776232	0.3977594
1067	6	-0.1613016	0.5776232	0.3977594
1067	11	1.335760	0.1298389	0.4234676
1068	3	-0.1613016	0.5776232	0.3977594
1068	6	-0.1613016	0.5776232	0.3977594
1068	11	1.335760	0.1298389	0.4234676
1069	3	-0.1613016	0.5776232	0.3977594
1069	6	-0.1613016	0.5776232	0.3977594
1069	11	1.335760	0.1298389	0.4234676
1070	6	1.280651	0.1463224	0.4225215
1070	11	-0.1866759	0.5852129	0.3973234
1071	3	-0.3201607	0.5711088	0.9304497
1071	6	0.06890339	0.5390498	0.1016227
1071	11	1.329622	0.1318729	0.4213978
1072	3	-0.3201607	0.5711088	0.9304497
1072	6	0.06890339	0.5390498	0.1016227
1072	11	1.329622	0.1318729	0.4213978
1073	3	-0.1613016	0.5776232	0.3977594
1073	6	-0.1613016	0.5776232	0.3977594
1073	11	1.335760	0.1298389	0.4234676
1074	3	-0.1613016	0.5776232	0.3977594
1074	6	-0.1613016	0.5776232	0.3977594
1074	11	1.335760	0.1298389	0.4234676
1075	3	-0.1613016	0.5776232	0.3977594
1075	6	-0.1613016	0.5776232	0.3977594
1075	11	1.335760	0.1298389	0.4234676
1076	3	-0.1613016	0.5776232	0.3977594
1076	6	-0.1613016	0.5776232	0.3977594
1076	11	1.335760	0.1298389	0.4234676
1077	3	-0.1613016	0.5776232	0.3977594
1077	6	-0.1613016	0.5776232	0.3977594
1077	11	1.335760	0.1298389	0.4234676
1078	3	-0.1613016	0.5776232	0.3977594
1078	6	-0.1613016	0.5776232	0.3977594
1078	11	1.335760	0.1298389	0.4234676
1079	3	-0.1613016	0.5776232	0.3977594
1079	6	-0.1613016	0.5776232	0.3977594
1079	11	1.335760	0.1298389	0.4234676
1080	3	-0.1613016	0.5776232	0.3977594
1080	6	-0.1613016	0.5776232	0.3977594
1080	11	1.335760	0.1298389	0.4234676
1081	3	-0.1613016	0.5776232	0.3977594
1081	6	-0.1613016	0.5776232	0.3977594
1081	11	1.335760	0.1298389	0.4234676
1082	3	-0.1613016	0.5776232	0.3977594
1082	6	-0.1613016	0.5776232	0.3977594
1082	11	1.335760	0.1298389	0.4234676
1083	3	-0.1613016	0.5776232	0.3977594
1083	6	-0.1613016	0.5776232	0.3977594
1083	11	1.335760	0.1298389	0.4234676
1084	3	-0.1613016	0.5776232	0.3977594
1084	6	-0.1613016	0.5776232	0.3977594
1084	11	1.335760	0.1298389	0.4234676
1085	3	-0.1613016	0.5776232	0.3977594
1085	6	-0.1613016	0.5776232	0.3977594
1085	11	1.335760	0.1298389	0.4234676
1086	3	-0.1613016	0.5776232	0.3977594
1086	6	-0.1613016	0.5776232	0.3977594
1086	11	1.335760	0.1298389	0.4234676
1087	3	-0.1613016	0.5776232	0.3977594
1087	6	-0.1613016	0.5776232	0.3977594
1087	11	1.335760	0.1298389	0.4234676
1088	3	-0.1774118	0.5822564	0.3993205
1088	6	-0.1774118	0.5822564	0.3993205
1088	7	0.6152856	0.2672282	1.185138
1088	11	1.142591	0.2241497	0.05813281
1089	3	-0.1774118	0.5822564	0.3993205
1089	6	-0.1774118	0.5822564	0.3993205
1089	7	0.6152856	0.2672282	1.185138
1089	11	1.142591	0.2241497	0.05813281
1090	3	-0.1774118	0.5822564	0.3993205
1090	6	-0.1774118	0.5822564	0.3993205
1090	7	0.6152856	0.2672282	1.185138
1090	11	1.142591	0.2241497	0.05813281
1091	3	-0.1781851	0.5824692	0.3994913
1091	6	-0.1781851	0.5824692	0.3994913
1091	7	0.6092367	0.2686721	1.188655
1091	9	1.127451	0.1923217	0.4181483
1091	11	1.138204	0.2255432	0.05724996
1092	3	-0.1781851	0.5824692	0.3994913
1092	6	-0.1781851	0.5824692	0.3994913
1092	7	0.6092367	0.2686721	1.188655
1092	9	1.127451	0.1923217	0.4181483
1092	11	1.138204	0.2255432	0.05724996
1093	3	-0.1781851	0.5824692	0.3994913
1093	6	-0.1781851	0.5824692	0.3994913
1093	7	0.6092367	0.2686721	1.188655
1093	9	1.127451	0.1923217	0.4181483
1093	11	1.138204	0.2255432	0.05724996
1094	3	-0.1781851	0.5824692	0.3994913
1094	6	-0.1781851	0.5824692	0.3994913
1094	7	0.6092367	0.2686721	1.188655
1094	9	1.127451	0.1923217	0.4181483
1094	11	1.138204	0.2255432	0.05724996
1095	3	-0.1781851	0.5824692	0.3994913
1095	6	-0.1781851	0.5824692	0.3994913
1095	7	0.6092367	0.2686721	1.188655
1095	9	1.127451	0.1923217	0.4181483
1095	11	1.138204	0.2255432	0.05724996
1096	3	-0.1781851	0.5824692	0.3994913
1096	6	-0.1781851	0.5824692	0.3994913
1096	7	0.6092367	0.2686721	1.188655
1096	9	1.127451	0.1923217	0.4181483
1096	11	1.138204	0.2255432	0.05724996
1097	3	-0.1781851	0.5824692	0.3994913
1097	6	-0.1781851	0.5824692	0.3994913
1097	7	0.6092367	0.2686721	1.188655
1097	9	1.127451	0.1923217	0.4181483
1097	11	1.138204	0.2255432	0.05724996
1098	3	-0.1781851	0.5824692	0.3994913
1098	6	-0.1781851	0.5824692	0.3994913
1098	7	0.6092367	0.2686721	1.188655
1098	9	1.127451	0.1923217	0.4181483
1098	11	1.138204	0.2255432	0.05724996
1106	3	-0.1781851	0.5824692	0.3994913
1106	6	-0.1781851	0.5824692	0.3994913
1106	7	0.6092367	0.2686721	1.188655
1106	9	1.127451	0.1923217	0.4181483
1106	11	1.138204	0.2255432	0.05724996
1107	3	-0.1781851	0.5824692	0.3994913
1107	6	-0.1781851	0.5824692	0.3994913
1107	7	0.6092367	0.2686721	1.188655
1107	9	1.127451	0.1923217	0.4181483
1107	11	1.138204	0.2255432	0.05724996
1108	3	-0.1781851	0.5824692	0.3994913
1108	6	-0.1781851	0.5824692	0.3994913
1108	7	0.6092367	0.2686721	1.188655
1108	9	1.127451	0.1923217	0.4181483
1108	11	1.138204	0.2255432	0.05724996
1109	3	-0.1781851	0.5824692	0.3994913
1109	6	-0.1781851	0.5824692	0.3994913
1109	7	0.6092367	0.2686721	1.188655
1109	9	1.127451	0.1923217	0.4181483
1109	11	1.138204	0.2255432	0.05724996
1110	3	-0.1781851	0.5824692	0.3994913
1110	6	-0.1781851	0.5824692	0.3994913
1110	7	0.6092367	0.2686721	1.188655
1110	9	1.127451	0.1923217	0.4181483
1110	11	1.138204	0.2255432	0.05724996
1111	3	-0.1781851	0.5824692	0.3994913
1111	6	-0.1781851	0.5824692	0.3994913
1111	7	0.6092367	0.2686721	1.188655
1111	9	1.127451	0.1923217	0.4181483
1111	11	1.138204	0.2255432	0.05724996
1112	3	-0.1781851	0.5824692	0.3994913
1112	6	-0.1781851	0.5824692	0.3994913
1112	7	0.6092367	0.2686721	1.188655
1112	9	1.127451	0.1923217	0.4181483
1112	11	1.138204	0.2255432	0.05724996
1113	3	-0.1781851	0.5824692	0.3994913
1113	6	-0.1781851	0.5824692	0.3994913
1113	7	0.6092367	0.2686721	1.188655
1113	9	1.127451	0.1923217	0.4181483
1113	11	1.138204	0.2255432	0.05724996
1114	3	-0.1781851	0.5824692	0.3994913
1114	6	-0.1781851	0.5824692	0.3994913
1114	7	0.6092367	0.2686721	1.188655
1114	9	1.127451	0.1923217	0.4181483
1114	11	1.138204	0.2255432	0.05724996
1115	3	-0.1781851	0.5824692	0.3994913
1115	6	-0.1781851	0.5824692	0.3994913
1115	7	0.6092367	0.2686721	1.188655
1115	9	1.127451	0.1923217	0.4181483
1115	11	1.138204	0.2255432	0.05724996
1116	3	-0.1781851	0.5824692	0.3994913
1116	6	-0.1781851	0.5824692	0.3994913
1116	7	0.6092367	0.2686721	1.188655
1116	9	1.127451	0.1923217	0.4181483
1116	11	1.138204	0.2255432	0.05724996
1117	3	-0.1781851	0.5824692	0.3994913
1117	6	-0.1781851	0.5824692	0.3994913
1117	7	0.6092367	0.2686721	1.188655
1117	9	1.127451	0.1923217	0.4181483
1117	11	1.138204	0.2255432	0.05724996
1118	3	-0.1774118	0.5822564	0.3993205
1118	6	-0.1774118	0.5822564	0.3993205
1118	7	0.6152856	0.2672282	1.185138
1118	11	1.142591	0.2241497	0.05813281
1119	3	-0.1774118	0.5822564	0.3993205
1119	6	-0.1774118	0.5822564	0.3993205
1119	7	0.6152856	0.2672282	1.185138
1119	11	1.142591	0.2241497	0.05813281
1120	3	-0.1774118	0.5822564	0.3993205
1120	6	-0.1774118	0.5822564	0.3993205
1120	7	0.6152856	0.2672282	1.185138
1120	11	1.142591	0.2241497	0.05813281
1121	3	-0.1774118	0.5822564	0.3993205
1121	6	-0.1774118	0.5822564	0.3993205
1121	7	0.6152856	0.2672282	1.185138
1121	11	1.142591	0.2241497	0.05813281
1122	3	-0.1774118	0.5822564	0.3993205
1122	6	-0.1774118	0.5822564	0.3993205
1122	7	0.6152856	0.2672282	1.185138
1122	11	1.142591	0.2241497	0.05813281
1123	3	-0.1774118	0.5822564	0.3993205
1123	6	-0.1774118	0.5822564	0.3993205
1123	7	0.6152856	0.2672282	1.185138
1123	11	1.142591	0.2241497	0.05813281
1124	3	-0.1774118	0.5822564	0.3993205
1124	6	-0.1774118	0.5822564	0.3993205
1124	7	0.6152856	0.2672282	1.185138
1124	11	1.142591	0.2241497	0.05813281
1125	3	-0.1774118	0.5822564	0.3993205
1125	6	-0.1774118	0.5822564	0.3993205
1125	7	0.6152856	0.2672282	1.185138
1125	11	1.142591	0.2241497	0.05813281
1126	3	-0.1774118	0.5822564	0.3993205
1126	6	-0.1774118	0.5822564	0.3993205
1126	7	0.6152856	0.2672282	1.185138
1126	11	1.142591	0.2241497	0.05813281
1127	3	-0.1613015	0.5776232	0.3977594
1127	6	-0.1613015	0.5776232	0.3977594
1127	7	1.335760	0.1298389	0.4234677
1128	3	-0.1613015	0.5776232	0.3977594
1128	6	-0.1613015	0.5776232	0.3977594
1128	7	1.335760	0.1298389	0.4234677
1129	3	-0.1613015	0.5776232	0.3977594
1129	6	-0.1613015	0.5776232	0.3977594
1129	7	1.335760	0.1298389	0.4234677
1130	3	-0.1613015	0.5776232	0.3977594
1130	6	-0.1613015	0.5776232	0.3977594
1130	7	1.335760	0.1298389	0.4234677
1131	3	-0.1613015	0.5776232	0.3977594
1131	6	-0.1613015	0.5776232	0.3977594
1131	7	1.335760	0.1298389	0.4234677
1132	3	-0.1613015	0.5776232	0.3977594
1132	6	-0.1613015	0.5776232	0.3977594
1132	7	1.335760	0.1298389	0.4234677
1133	3	-0.1613015	0.5776232	0.3977594
1133	6	-0.1613015	0.5776232	0.3977594
1133	7	1.335760	0.1298389	0.4234677
1134	3	-0.1613015	0.5776232	0.3977594
1134	6	-0.1613015	0.5776232	0.3977594
1134	7	1.335760	0.1298389	0.4234677
1135	3	-0.1613015	0.5776232	0.3977594
1135	6	-0.1613015	0.5776232	0.3977594
1135	7	1.335760	0.1298389	0.4234677
1136	3	-0.1613015	0.5776232	0.3977594
1136	6	-0.1613015	0.5776232	0.3977594
1136	7	1.335760	0.1298389	0.4234677
1137	3	-0.1613015	0.5776232	0.3977594
1137	6	-0.1613015	0.5776232	0.3977594
1137	7	1.335760	0.1298389	0.4234677
1138	3	-0.1613015	0.5776232	0.3977594
1138	6	-0.1613015	0.5776232	0.3977594
1138	7	1.335760	0.1298389	0.4234677
1139	3	-0.1613015	0.5776232	0.3977594
1139	6	-0.1613015	0.5776232	0.3977594
1139	7	1.335760	0.1298389	0.4234677
1140	3	-0.1613015	0.5776232	0.3977594
1140	6	-0.1613015	0.5776232	0.3977594
1140	7	1.335760	0.1298389	0.4234677
1141	3	-0.1613015	0.5776232	0.3977594
1141	6	-0.1613015	0.5776232	0.3977594
1141	7	1.335760	0.1298389	0.4234677
1142	3	-0.1613015	0.5776232	0.3977594
1142	6	-0.1613015	0.5776232	0.3977594
1142	7	1.335760	0.1298389	0.4234677
1143	3	-0.1613015	0.5776232	0.3977594
1143	6	-0.1613015	0.5776232	0.3977594
1143	7	1.335760	0.1298389	0.4234677
1144	3	-0.1613015	0.5776232	0.3977594
1144	6	-0.1613015	0.5776232	0.3977594
1144	7	1.335760	0.1298389	0.4234677
1145	3	-0.1613015	0.5776232	0.3977594
1145	6	-0.1613015	0.5776232	0.3977594
1145	7	1.335760	0.1298389	0.4234677
1146	3	-0.1613015	0.5776232	0.3977594
1146	6	-0.1613015	0.5776232	0.3977594
1146	7	1.335760	0.1298389	0.4234677
1147	3	-0.1613015	0.5776232	0.3977594
1147	6	-0.1613015	0.5776232	0.3977594
1147	7	1.335760	0.1298389	0.4234677
1148	3	-0.1613015	0.5776232	0.3977594
1148	6	-0.1613015	0.5776232	0.3977594
1148	7	1.335760	0.1298389	0.4234677
1149	3	-0.1613015	0.5776232	0.3977594
1149	6	-0.1613015	0.5776232	0.3977594
1149	7	1.335760	0.1298389	0.4234677
1150	3	-0.1774118	0.5822564	0.3993205
1150	6	-0.1774118	0.5822564	0.3993205
1150	7	0.6152856	0.2672282	1.185138
1150	11	1.142591	0.2241497	0.05813281
1151	3	-0.1774118	0.5822564	0.3993205
1151	6	-0.1774118	0.5822564	0.3993205
1151	7	0.6152856	0.2672282	1.185138
1151	11	1.142591	0.2241497	0.05813281
1152	3	-0.1774118	0.5822564	0.3993205
1152	6	-0.1774118	0.5822564	0.3993205
1152	7	0.6152856	0.2672282	1.185138
1152	11	1.142591	0.2241497	0.05813281
1153	3	-0.1774118	0.5822564	0.3993205
1153	6	-0.1774118	0.5822564	0.3993205
1153	7	0.6152856	0.2672282	1.185138
1153	11	1.142591	0.2241497	0.05813281
1154	3	-0.1774118	0.5822564	0.3993205
1154	6	-0.1774118	0.5822564	0.3993205
1154	7	0.6152856	0.2672282	1.185138
1154	11	1.142591	0.2241497	0.05813281
1155	3	-0.1774118	0.5822564	0.3993205
1155	6	-0.1774118	0.5822564	0.3993205
1155	7	0.6152856	0.2672282	1.185138
1155	11	1.142591	0.2241497	0.05813281
1156	3	-0.1774118	0.5822564	0.3993205
1156	6	-0.1774118	0.5822564	0.3993205
1156	7	0.6152856	0.2672282	1.185138
1156	11	1.142591	0.2241497	0.05813281
1157	3	-0.1774118	0.5822564	0.3993205
1157	6	-0.1774118	0.5822564	0.3993205
1157	7	0.6152856	0.2672282	1.185138
1157	11	1.142591	0.2241497	0.05813281
1158	3	-0.1774118	0.5822564	0.3993205
1158	6	-0.1774118	0.5822564	0.3993205
1158	7	0.6152856	0.2672282	1.185138
1158	11	1.142591	0.2241497	0.05813281
1159	3	-0.1774118	0.5822564	0.3993205
1159	6	-0.1774118	0.5822564	0.3993205
1159	7	0.6152856	0.2672282	1.185138
1159	11	1.142591	0.2241497	0.05813281
1160	3	-0.1774118	0.5822564	0.3993205
1160	6	-0.1774118	0.5822564	0.3993205
1160	7	0.6152856	0.2672282	1.185138
1160	11	1.142591	0.2241497	0.05813281
1161	3	-0.1774118	0.5822564	0.3993205
1161	6	-0.1774118	0.5822564	0.3993205
1161	7	0.6152856	0.2672282	1.185138
1161	11	1.142591	0.2241497	0.05813281
1162	3	-0.1774118	0.5822564	0.3993205
1162	6	-0.1774118	0.5822564	0.3993205
1162	7	0.6152856	0.2672282	1.185138
1162	11	1.142591	0.2241497	0.05813281
1163	3	-0.1774118	0.5822564	0.3993205
1163	6	-0.1774118	0.5822564	0.3993205
1163	7	0.6152856	0.2672282	1.185138
1163	11	1.142591	0.2241497	0.05813281
1164	3	-0.1774118	0.5822564	0.3993205
1164	6	-0.1774118	0.5822564	0.3993205
1164	7	0.6152856	0.2672282	1.185138
1164	11	1.142591	0.2241497	0.05813281
1165	3	-0.1774118	0.5822564	0.3993205
1165	6	-0.1774118	0.5822564	0.3993205
1165	7	0.6152856	0.2672282	1.185138
1165	11	1.142591	0.2241497	0.05813281
1166	6	0.5974319	0.3921844	-0.0005075679
1166	7	-0.3398197	0.5859982	0.840835
1166	11	0.9625351	0.1970767	0.8570123
1167	6	0.5974319	0.3921844	-0.0005075679
1167	7	-0.3398197	0.5859982	0.840835
1167	11	0.9625351	0.1970767	0.8570123
1168	6	0.5974319	0.3921844	-0.0005075679
1168	7	-0.3398197	0.5859982	0.840835
1168	11	0.9625351	0.1970767	0.8570123
1169	3	-0.1774118	0.5822564	0.3993205
1169	6	-0.1774118	0.5822564	0.3993205
1169	7	0.6152856	0.2672282	1.185138
1169	11	1.142591	0.2241497	0.05813281
1170	3	-0.1774118	0.5822564	0.3993205
1170	6	-0.1774118	0.5822564	0.3993205
1170	7	0.6152856	0.2672282	1.185138
1170	11	1.142591	0.2241497	0.05813281
1171	3	-0.1774118	0.5822564	0.3993205
1171	6	-0.1774118	0.5822564	0.3993205
1171	7	0.6152856	0.2672282	1.185138
1171	11	1.142591	0.2241497	0.05813281
1172	3	-0.1774118	0.5822564	0.3993205
1172	6	-0.1774118	0.5822564	0.3993205
1172	7	0.6152856	0.2672282	1.185138
1172	11	1.142591	0.2241497	0.05813281
1173	3	-0.1774118	0.5822564	0.3993205
1173	6	-0.1774118	0.5822564	0.3993205
1173	7	0.6152856	0.2672282	1.185138
1173	11	1.142591	0.2241497	0.05813281
1174	3	-0.1774118	0.5822564	0.3993205
1174	6	-0.1774118	0.5822564	0.3993205
1174	7	0.6152856	0.2672282	1.185138
1174	11	1.142591	0.2241497	0.05813281
1175	3	-0.1774118	0.5822564	0.3993205
1175	6	-0.1774118	0.5822564	0.3993205
1175	7	0.6152856	0.2672282	1.185138
1175	11	1.142591	0.2241497	0.05813281
1176	3	-0.1774118	0.5822564	0.3993205
1176	6	-0.1774118	0.5822564	0.3993205
1176	7	0.6152856	0.2672282	1.185138
1176	11	1.142591	0.2241497	0.05813281
1177	3	-0.1774118	0.5822564	0.3993205
1177	6	-0.1774118	0.5822564	0.3993205
1177	7	0.6152856	0.2672282	1.185138
1177	11	1.142591	0.2241497	0.05813281
1178	3	-0.1774118	0.5822564	0.3993205
1178	6	-0.1774118	0.5822564	0.3993205
1178	7	0.6152856	0.2672282	1.185138
1178	11	1.142591	0.2241497	0.05813281
1179	3	-0.1774118	0.5822564	0.3993205
1179	6	-0.1774118	0.5822564	0.3993205
1179	7	0.6152856	0.2672282	1.185138
1179	11	1.142591	0.2241497	0.05813281
1180	3	-0.1774118	0.5822564	0.3993205
1180	6	-0.1774118	0.5822564	0.3993205
1180	7	0.6152856	0.2672282	1.185138
1180	11	1.142591	0.2241497	0.05813281
1181	3	-0.1774118	0.5822564	0.3993205
1181	6	-0.1774118	0.5822564	0.3993205
1181	7	0.6152856	0.2672282	1.185138
1181	11	1.142591	0.2241497	0.05813281
1182	3	-0.1774118	0.5822564	0.3993205
1182	6	-0.1774118	0.5822564	0.3993205
1182	7	0.6152856	0.2672282	1.185138
1182	11	1.142591	0.2241497	0.05813281
1183	3	-0.1774118	0.5822564	0.3993205
1183	6	-0.1774118	0.5822564	0.3993205
1183	7	0.6152856	0.2672282	1.185138
1183	11	1.142591	0.2241497	0.05813281
1184	3	-0.1774118	0.5822564	0.3993205
1184	6	-0.1774118	0.5822564	0.3993205
1184	7	0.6152856	0.2672282	1.185138
1184	11	1.142591	0.2241497	0.05813281
1185	3	-0.1774118	0.5822564	0.3993205
1185	6	-0.1774118	0.5822564	0.3993205
1185	7	0.6152856	0.2672282	1.185138
1185	11	1.142591	0.2241497	0.05813281
1186	3	-0.1774118	0.5822564	0.3993205
1186	6	-0.1774118	0.5822564	0.3993205
1186	7	0.6152856	0.2672282	1.185138
1186	11	1.142591	0.2241497	0.05813281
1187	3	-0.1774118	0.5822564	0.3993205
1187	6	-0.1774118	0.5822564	0.3993205
1187	7	0.6152856	0.2672282	1.185138
1187	11	1.142591	0.2241497	0.05813281
1188	3	-0.1774118	0.5822564	0.3993205
1188	6	-0.1774118	0.5822564	0.3993205
1188	7	0.6152856	0.2672282	1.185138
1188	11	1.142591	0.2241497	0.05813281
1189	3	-0.1774118	0.5822564	0.3993205
1189	6	-0.1774118	0.5822564	0.3993205
1189	7	0.6152856	0.2672282	1.185138
1189	11	1.142591	0.2241497	0.05813281
1190	3	-0.1774118	0.5822564	0.3993205
1190	6	-0.1774118	0.5822564	0.3993205
1190	7	0.6152856	0.2672282	1.185138
1190	11	1.142591	0.2241497	0.05813281
1191	3	-0.1774118	0.5822564	0.3993205
1191	6	-0.1774118	0.5822564	0.3993205
1191	7	0.6152856	0.2672282	1.185138
1191	11	1.142591	0.2241497	0.05813281
1192	3	-0.1774118	0.5822564	0.3993205
1192	6	-0.1774118	0.5822564	0.3993205
1192	7	0.6152856	0.2672282	1.185138
1192	11	1.142591	0.2241497	0.05813281
1193	3	-0.1781851	0.5824692	0.3994913
1193	6	-0.1781851	0.5824692	0.3994913
1193	7	0.6092367	0.2686721	1.188655
1193	9	1.127451	0.1923217	0.4181483
1193	11	1.138204	0.2255432	0.05724996
1194	3	-0.1781851	0.5824692	0.3994913
1194	6	-0.1781851	0.5824692	0.3994913
1194	7	0.6092367	0.2686721	1.188655
1194	9	1.127451	0.1923217	0.4181483
1194	11	1.138204	0.2255432	0.05724996
1195	3	-0.1781851	0.5824692	0.3994913
1195	6	-0.1781851	0.5824692	0.3994913
1195	7	0.6092367	0.2686721	1.188655
1195	9	1.127451	0.1923217	0.4181483
1195	11	1.138204	0.2255432	0.05724996
1196	3	-0.1781851	0.5824692	0.3994913
1196	6	-0.1781851	0.5824692	0.3994913
1196	7	0.6092367	0.2686721	1.188655
1196	9	1.127451	0.1923217	0.4181483
1196	11	1.138204	0.2255432	0.05724996
1197	3	-0.1781851	0.5824692	0.3994913
1197	6	-0.1781851	0.5824692	0.3994913
1197	7	0.6092367	0.2686721	1.188655
1197	9	1.127451	0.1923217	0.4181483
1197	11	1.138204	0.2255432	0.05724996
1198	3	-0.1781851	0.5824692	0.3994913
1198	6	-0.1781851	0.5824692	0.3994913
1198	7	0.6092367	0.2686721	1.188655
1198	9	1.127451	0.1923217	0.4181483
1198	11	1.138204	0.2255432	0.05724996
1199	3	-0.1781851	0.5824692	0.3994913
1199	6	-0.1781851	0.5824692	0.3994913
1199	7	0.6092367	0.2686721	1.188655
1199	9	1.127451	0.1923217	0.4181483
1199	11	1.138204	0.2255432	0.05724996
1200	3	-0.1781851	0.5824692	0.3994913
1200	6	-0.1781851	0.5824692	0.3994913
1200	7	0.6092367	0.2686721	1.188655
1200	9	1.127451	0.1923217	0.4181483
1200	11	1.138204	0.2255432	0.05724996
1201	6	-0.1681471	0.579532	0.3990165
1201	7	0.5304518	0.2874735	1.23451
1201	9	-0.1681471	0.579532	0.3990165
1201	11	1.086818	0.2417813	0.04776614
1202	3	-0.1781851	0.5824692	0.3994913
1202	6	-0.1781851	0.5824692	0.3994913
1202	7	0.6092367	0.2686721	1.188655
1202	9	1.127451	0.1923217	0.4181483
1202	11	1.138204	0.2255432	0.05724996
1203	3	-0.1781851	0.5824692	0.3994913
1203	6	-0.1781851	0.5824692	0.3994913
1203	7	0.6092367	0.2686721	1.188655
1203	9	1.127451	0.1923217	0.4181483
1203	11	1.138204	0.2255432	0.05724996
1204	3	-0.1781851	0.5824692	0.3994913
1204	6	-0.1781851	0.5824692	0.3994913
1204	7	0.6092367	0.2686721	1.188655
1204	9	1.127451	0.1923217	0.4181483
1204	11	1.138204	0.2255432	0.05724996
1205	3	-0.1781851	0.5824692	0.3994913
1205	6	-0.1781851	0.5824692	0.3994913
1205	7	0.6092367	0.2686721	1.188655
1205	9	1.127451	0.1923217	0.4181483
1205	11	1.138204	0.2255432	0.05724996
1206	3	-0.1781851	0.5824692	0.3994913
1206	6	-0.1781851	0.5824692	0.3994913
1206	7	0.6092367	0.2686721	1.188655
1206	9	1.127451	0.1923217	0.4181483
1206	11	1.138204	0.2255432	0.05724996
1207	3	-0.1781851	0.5824692	0.3994913
1207	6	-0.1781851	0.5824692	0.3994913
1207	7	0.6092367	0.2686721	1.188655
1207	9	1.127451	0.1923217	0.4181483
1207	11	1.138204	0.2255432	0.05724996
1208	3	-0.1781851	0.5824692	0.3994913
1208	6	-0.1781851	0.5824692	0.3994913
1208	7	0.6092367	0.2686721	1.188655
1208	9	1.127451	0.1923217	0.4181483
1208	11	1.138204	0.2255432	0.05724996
1209	3	-0.1781851	0.5824692	0.3994913
1209	6	-0.1781851	0.5824692	0.3994913
1209	7	0.6092367	0.2686721	1.188655
1209	9	1.127451	0.1923217	0.4181483
1209	11	1.138204	0.2255432	0.05724996
1210	3	-0.1781851	0.5824692	0.3994913
1210	6	-0.1781851	0.5824692	0.3994913
1210	7	0.6092367	0.2686721	1.188655
1210	9	1.127451	0.1923217	0.4181483
1210	11	1.138204	0.2255432	0.05724996
1211	3	-0.1781851	0.5824692	0.3994913
1211	6	-0.1781851	0.5824692	0.3994913
1211	7	0.6092367	0.2686721	1.188655
1211	9	1.127451	0.1923217	0.4181483
1211	11	1.138204	0.2255432	0.05724996
1212	3	-0.1781851	0.5824692	0.3994913
1212	6	-0.1781851	0.5824692	0.3994913
1212	7	0.6092367	0.2686721	1.188655
1212	9	1.127451	0.1923217	0.4181483
1212	11	1.138204	0.2255432	0.05724996
1213	3	-0.1681481	0.5795321	0.3990186
1213	7	0.5304555	0.2874726	1.234507
1213	9	-0.1681481	0.5795321	0.3990186
1213	11	1.086816	0.241782	0.04776562
1214	3	-0.1681481	0.5795321	0.3990186
1214	7	0.5304555	0.2874726	1.234507
1214	9	-0.1681481	0.5795321	0.3990186
1214	11	1.086816	0.241782	0.04776562
1215	3	-0.1751296	0.5815564	0.3995319
1215	6	-0.1753568	0.5816243	0.399529
1215	7	0.5850122	0.2744414	1.20287
1215	9	1.126323	0.1926591	0.4181301
1215	11	1.122111	0.2306425	0.0541426
1216	3	-0.1781851	0.5824692	0.3994913
1216	6	-0.1781851	0.5824692	0.3994913
1216	7	0.6092367	0.2686721	1.188655
1216	9	1.127451	0.1923217	0.4181483
1216	11	1.138204	0.2255432	0.05724996
1217	3	-0.1781851	0.5824692	0.3994913
1217	6	-0.1781851	0.5824692	0.3994913
1217	7	0.6092367	0.2686721	1.188655
1217	9	1.127451	0.1923217	0.4181483
1217	11	1.138204	0.2255432	0.05724996
1218	3	-0.1781851	0.5824692	0.3994913
1218	6	-0.1781851	0.5824692	0.3994913
1218	7	0.6092367	0.2686721	1.188655
1218	9	1.127451	0.1923217	0.4181483
1218	11	1.138204	0.2255432	0.05724996
1219	3	-0.1781851	0.5824692	0.3994913
1219	6	-0.1781851	0.5824692	0.3994913
1219	7	0.6092367	0.2686721	1.188655
1219	9	1.127451	0.1923217	0.4181483
1219	11	1.138204	0.2255432	0.05724996
1220	3	-0.1781851	0.5824692	0.3994913
1220	6	-0.1781851	0.5824692	0.3994913
1220	7	0.6092367	0.2686721	1.188655
1220	9	1.127451	0.1923217	0.4181483
1220	11	1.138204	0.2255432	0.05724996
1221	3	-0.1781851	0.5824692	0.3994913
1221	6	-0.1781851	0.5824692	0.3994913
1221	7	0.6092367	0.2686721	1.188655
1221	9	1.127451	0.1923217	0.4181483
1221	11	1.138204	0.2255432	0.05724996
1222	3	-0.1781851	0.5824692	0.3994913
1222	6	-0.1781851	0.5824692	0.3994913
1222	7	0.6092367	0.2686721	1.188655
1222	9	1.127451	0.1923217	0.4181483
1222	11	1.138204	0.2255432	0.05724996
1223	3	-0.1781851	0.5824692	0.3994913
1223	6	-0.1781851	0.5824692	0.3994913
1223	7	0.6092367	0.2686721	1.188655
1223	9	1.127451	0.1923217	0.4181483
1223	11	1.138204	0.2255432	0.05724996
1224	3	-0.1781851	0.5824692	0.3994913
1224	6	-0.1781851	0.5824692	0.3994913
1224	7	0.6092367	0.2686721	1.188655
1224	9	1.127451	0.1923217	0.4181483
1224	11	1.138204	0.2255432	0.05724996
1225	3	-0.1781851	0.5824692	0.3994913
1225	6	-0.1781851	0.5824692	0.3994913
1225	7	0.6092367	0.2686721	1.188655
1225	9	1.127451	0.1923217	0.4181483
1225	11	1.138204	0.2255432	0.05724996
1226	3	-0.1781851	0.5824692	0.3994913
1226	6	-0.1781851	0.5824692	0.3994913
1226	7	0.6092367	0.2686721	1.188655
1226	9	1.127451	0.1923217	0.4181483
1226	11	1.138204	0.2255432	0.05724996
1227	3	-0.1781851	0.5824692	0.3994913
1227	6	-0.1781851	0.5824692	0.3994913
1227	7	0.6092367	0.2686721	1.188655
1227	9	1.127451	0.1923217	0.4181483
1227	11	1.138204	0.2255432	0.05724996
1228	3	-0.1781851	0.5824692	0.3994913
1228	6	-0.1781851	0.5824692	0.3994913
1228	7	0.6092367	0.2686721	1.188655
1228	9	1.127451	0.1923217	0.4181483
1228	11	1.138204	0.2255432	0.05724996
1229	3	-0.1781851	0.5824692	0.3994913
1229	6	-0.1781851	0.5824692	0.3994913
1229	7	0.6092367	0.2686721	1.188655
1229	9	1.127451	0.1923217	0.4181483
1229	11	1.138204	0.2255432	0.05724996
1230	3	-0.1781851	0.5824692	0.3994913
1230	6	-0.1781851	0.5824692	0.3994913
1230	7	0.6092367	0.2686721	1.188655
1230	9	1.127451	0.1923217	0.4181483
1230	11	1.138204	0.2255432	0.05724996
1231	3	-0.1781851	0.5824692	0.3994913
1231	6	-0.1781851	0.5824692	0.3994913
1231	7	0.6092367	0.2686721	1.188655
1231	9	1.127451	0.1923217	0.4181483
1231	11	1.138204	0.2255432	0.05724996
1232	3	-0.1781851	0.5824692	0.3994913
1232	6	-0.1781851	0.5824692	0.3994913
1232	7	0.6092367	0.2686721	1.188655
1232	9	1.127451	0.1923217	0.4181483
1232	11	1.138204	0.2255432	0.05724996
1233	3	-0.1781851	0.5824692	0.3994913
1233	6	-0.1781851	0.5824692	0.3994913
1233	7	0.6092367	0.2686721	1.188655
1233	9	1.127451	0.1923217	0.4181483
1233	11	1.138204	0.2255432	0.05724996
1234	3	-0.1781851	0.5824692	0.3994913
1234	6	-0.1781851	0.5824692	0.3994913
1234	7	0.6092367	0.2686721	1.188655
1234	9	1.127451	0.1923217	0.4181483
1234	11	1.138204	0.2255432	0.05724996
1235	3	-0.1781851	0.5824692	0.3994913
1235	6	-0.1781851	0.5824692	0.3994913
1235	7	0.6092367	0.2686721	1.188655
1235	9	1.127451	0.1923217	0.4181483
1235	11	1.138204	0.2255432	0.05724996
1236	3	-0.1774118	0.5822564	0.3993205
1236	6	-0.1774118	0.5822564	0.3993205
1236	7	0.6152856	0.2672282	1.185138
1236	11	1.142591	0.2241497	0.05813281
1237	3	-0.1774118	0.5822564	0.3993205
1237	6	-0.1774118	0.5822564	0.3993205
1237	7	0.6152856	0.2672282	1.185138
1237	11	1.142591	0.2241497	0.05813281
1238	3	-0.1774118	0.5822564	0.3993205
1238	6	-0.1774118	0.5822564	0.3993205
1238	7	0.6152856	0.2672282	1.185138
1238	11	1.142591	0.2241497	0.05813281
1239	3	0.5974357	0.3921832	-0.0005075055
1239	7	-0.3398188	0.5859984	0.8408301
1239	11	0.9625303	0.1970776	0.857017
1240	3	0.5974357	0.3921832	-0.0005075055
1240	7	-0.3398188	0.5859984	0.8408301
1240	11	0.9625303	0.1970776	0.857017
1241	3	0.5974357	0.3921832	-0.0005075055
1241	7	-0.3398188	0.5859984	0.8408301
1241	11	0.9625303	0.1970776	0.857017
1242	3	0.5974357	0.3921832	-0.0005075055
1242	7	-0.3398188	0.5859984	0.8408301
1242	11	0.9625303	0.1970776	0.857017
1243	3	0.5974357	0.3921832	-0.0005075055
1243	7	-0.3398188	0.5859984	0.8408301
1243	11	0.9625303	0.1970776	0.857017
1244	3	0.5974357	0.3921832	-0.0005075055
1244	7	-0.3398188	0.5859984	0.8408301
1244	11	0.9625303	0.1970776	0.857017
1245	3	0.5974357	0.3921832	-0.0005075055
1245	7	-0.3398188	0.5859984	0.8408301
1245	11	0.9625303	0.1970776	0.857017
1246	3	0.5974357	0.3921832	-0.0005075055
1246	7	-0.3398188	0.5859984	0.8408301
1246	11	0.9625303	0.1970776	0.857017
1247	3	0.5974357	0.3921832	-0.0005075055
1247	7	-0.3398188	0.5859984	0.8408301
1247	11	0.9625303	0.1970776	0.857017
1248	3	1.280651	0.1463224	0.4225215
1248	11	-0.1866759	0.5852129	0.3973234
1249	3	1.280651	0.1463224	0.4225215
1249	11	-0.1866759	0.5852129	0.3973234
1250	3	1.280651	0.1463224	0.4225215
1250	11	-0.1866759	0.5852129	0.3973234
1251	3	1.280651	0.1463224	0.4225215
1251	11	-0.1866759	0.5852129	0.3973234
1252	3	-0.1613016	0.5776232	0.3977594
1252	6	-0.1613016	0.5776232	0.3977594
1252	11	1.335760	0.1298389	0.4234676
1253	3	-0.1613016	0.5776232	0.3977594
1253	6	-0.1613016	0.5776232	0.3977594
1253	11	1.335760	0.1298389	0.4234676
1254	3	-0.1613016	0.5776232	0.3977594
1254	6	-0.1613016	0.5776232	0.3977594
1254	11	1.335760	0.1298389	0.4234676
1255	3	-0.1613016	0.5776232	0.3977594
1255	6	-0.1613016	0.5776232	0.3977594
1255	11	1.335760	0.1298389	0.4234676
1256	3	-0.1613016	0.5776232	0.3977594
1256	6	-0.1613016	0.5776232	0.3977594
1256	11	1.335760	0.1298389	0.4234676
1257	3	-0.1613016	0.5776232	0.3977594
1257	6	-0.1613016	0.5776232	0.3977594
1257	11	1.335760	0.1298389	0.4234676
1258	3	1.280651	0.1463224	0.4225215
1258	11	-0.1866759	0.5852129	0.3973234
1259	3	1.280651	0.1463224	0.4225215
1259	11	-0.1866759	0.5852129	0.3973234
1260	3	-0.1774118	0.5822564	0.3993205
1260	6	-0.1774118	0.5822564	0.3993205
1260	7	0.6152856	0.2672282	1.185138
1260	11	1.142591	0.2241497	0.05813281
1261	3	-0.1774118	0.5822564	0.3993205
1261	6	-0.1774118	0.5822564	0.3993205
1261	7	0.6152856	0.2672282	1.185138
1261	11	1.142591	0.2241497	0.05813281
1262	3	-0.1774118	0.5822564	0.3993205
1262	6	-0.1774118	0.5822564	0.3993205
1262	7	0.6152856	0.2672282	1.185138
1262	11	1.142591	0.2241497	0.05813281
1263	3	-0.1774118	0.5822564	0.3993205
1263	6	-0.1774118	0.5822564	0.3993205
1263	7	0.6152856	0.2672282	1.185138
1263	11	1.142591	0.2241497	0.05813281
1264	3	-0.1774118	0.5822564	0.3993205
1264	6	-0.1774118	0.5822564	0.3993205
1264	7	0.6152856	0.2672282	1.185138
1264	11	1.142591	0.2241497	0.05813281
1265	3	-0.1774118	0.5822564	0.3993205
1265	6	-0.1774118	0.5822564	0.3993205
1265	7	0.6152856	0.2672282	1.185138
1265	11	1.142591	0.2241497	0.05813281
1266	3	-0.1774118	0.5822564	0.3993205
1266	6	-0.1774118	0.5822564	0.3993205
1266	7	0.6152856	0.2672282	1.185138
1266	11	1.142591	0.2241497	0.05813281
1267	3	0.5974357	0.3921832	-0.0005075055
1267	7	-0.3398188	0.5859984	0.8408301
1267	11	0.9625303	0.1970776	0.857017
1268	3	-0.1774118	0.5822564	0.3993205
1268	6	-0.1774118	0.5822564	0.3993205
1268	7	0.6152856	0.2672282	1.185138
1268	11	1.142591	0.2241497	0.05813281
1269	3	-0.1774118	0.5822564	0.3993205
1269	6	-0.1774118	0.5822564	0.3993205
1269	7	0.6152856	0.2672282	1.185138
1269	11	1.142591	0.2241497	0.05813281
1270	6	0.5974319	0.3921844	-0.0005075679
1270	7	-0.3398197	0.5859982	0.840835
1270	11	0.9625351	0.1970767	0.8570123
1271	6	0.5974319	0.3921844	-0.0005075679
1271	7	-0.3398197	0.5859982	0.840835
1271	11	0.9625351	0.1970767	0.8570123
1272	3	-0.1774118	0.5822564	0.3993205
1272	6	-0.1774118	0.5822564	0.3993205
1272	7	0.6152856	0.2672282	1.185138
1272	11	1.142591	0.2241497	0.05813281
1273	3	-0.1774118	0.5822564	0.3993205
1273	6	-0.1774118	0.5822564	0.3993205
1273	7	0.6152856	0.2672282	1.185138
1273	11	1.142591	0.2241497	0.05813281
1274	3	-0.1166089	0.5750478	0.2915773
1274	6	-0.1166089	0.5750478	0.2915773
1274	7	0.3369544	0.3322032	1.361468
1274	11	1.262972	0.1837139	0.1040859
1275	3	-0.1166089	0.5750478	0.2915773
1275	6	-0.1166089	0.5750478	0.2915773
1275	7	0.3369544	0.3322032	1.361468
1275	11	1.262972	0.1837139	0.1040859
1276	3	-0.1166089	0.5750478	0.2915773
1276	6	-0.1166089	0.5750478	0.2915773
1276	7	0.3369544	0.3322032	1.361468
1276	11	1.262972	0.1837139	0.1040859
1277	3	-0.1580859	0.5766611	0.397817
1277	6	-0.1580859	0.5766611	0.397817
1277	7	1.321896	0.1339861	0.4232269
1278	3	-0.1166089	0.5750478	0.2915773
1278	6	-0.1166089	0.5750478	0.2915773
1278	7	0.3369544	0.3322032	1.361468
1278	11	1.262972	0.1837139	0.1040859
1279	3	0.04546041	0.5432288	0.1292932
1279	6	0.04546041	0.5432288	0.1292932
1279	7	-0.2937858	0.5278563	1.281338
1279	11	1.368432	0.1232822	0.3921603
1280	3	0.04546041	0.5432288	0.1292932
1280	6	0.04546041	0.5432288	0.1292932
1280	7	-0.2937858	0.5278563	1.281338
1280	11	1.368432	0.1232822	0.3921603
1281	3	0.04546041	0.5432288	0.1292932
1281	6	0.04546041	0.5432288	0.1292932
1281	7	-0.2937858	0.5278563	1.281338
1281	11	1.368432	0.1232822	0.3921603
1282	3	0.04546041	0.5432288	0.1292932
1282	6	0.04546041	0.5432288	0.1292932
1282	7	-0.2937858	0.5278563	1.281338
1282	11	1.368432	0.1232822	0.3921603
1283	3	0.04546041	0.5432288	0.1292932
1283	6	0.04546041	0.5432288	0.1292932
1283	7	-0.2937858	0.5278563	1.281338
1283	11	1.368432	0.1232822	0.3921603
1284	3	0.04546041	0.5432288	0.1292932
1284	6	0.04546041	0.5432288	0.1292932
1284	7	-0.2937858	0.5278563	1.281338
1284	11	1.368432	0.1232822	0.3921603
1285	3	0.04546041	0.5432288	0.1292932
1285	6	0.04546041	0.5432288	0.1292932
1285	7	-0.2937858	0.5278563	1.281338
1285	11	1.368432	0.1232822	0.3921603
1286	3	0.04546041	0.5432288	0.1292932
1286	6	0.04546041	0.5432288	0.1292932
1286	7	-0.2937858	0.5278563	1.281338
1286	11	1.368432	0.1232822	0.3921603
1287	3	0.04546041	0.5432288	0.1292932
1287	6	0.04546041	0.5432288	0.1292932
1287	7	-0.2937858	0.5278563	1.281338
1287	11	1.368432	0.1232822	0.3921603
1288	3	0.04546041	0.5432288	0.1292932
1288	6	0.04546041	0.5432288	0.1292932
1288	7	-0.2937858	0.5278563	1.281338
1288	11	1.368432	0.1232822	0.3921603
1289	3	0.04546041	0.5432288	0.1292932
1289	6	0.04546041	0.5432288	0.1292932
1289	7	-0.2937858	0.5278563	1.281338
1289	11	1.368432	0.1232822	0.3921603
1290	3	0.04546041	0.5432288	0.1292932
1290	6	0.04546041	0.5432288	0.1292932
1290	7	-0.2937858	0.5278563	1.281338
1290	11	1.368432	0.1232822	0.3921603
1291	3	0.04546041	0.5432288	0.1292932
1291	6	0.04546041	0.5432288	0.1292932
1291	7	-0.2937858	0.5278563	1.281338
1291	11	1.368432	0.1232822	0.3921603
1292	3	0.1186368	0.5256066	0.08828143
1292	6	0.1186368	0.5256066	0.08828143
1292	7	-0.265431	0.5183625	1.291860
1292	9	-0.2507950	0.5691067	0.7458779
1292	11	1.381089	0.1193161	0.3941668
1293	3	0.1912156	0.5071008	0.05778555
1293	6	0.1912156	0.5071008	0.05778555
1293	7	-0.2869416	0.5313194	1.226852
1293	9	-0.2942797	0.5596545	0.9676884
1293	11	1.374908	0.1188376	0.4171224
1294	3	0.1912156	0.5071008	0.05778555
1294	6	0.1912156	0.5071008	0.05778555
1294	7	-0.2869416	0.5313194	1.226852
1294	9	-0.2942797	0.5596545	0.9676884
1294	11	1.374908	0.1188376	0.4171224
1295	3	0.1912156	0.5071008	0.05778555
1295	6	0.1912156	0.5071008	0.05778555
1295	7	-0.2869416	0.5313194	1.226852
1295	9	-0.2942797	0.5596545	0.9676884
1295	11	1.374908	0.1188376	0.4171224
1296	3	0.1912156	0.5071008	0.05778555
1296	6	0.1912156	0.5071008	0.05778555
1296	7	-0.2869416	0.5313194	1.226852
1296	9	-0.2942797	0.5596545	0.9676884
1296	11	1.374908	0.1188376	0.4171224
1297	3	0.1912156	0.5071008	0.05778555
1297	6	0.1912156	0.5071008	0.05778555
1297	7	-0.2869416	0.5313194	1.226852
1297	9	-0.2942797	0.5596545	0.9676884
1297	11	1.374908	0.1188376	0.4171224
1298	3	0.1912156	0.5071008	0.05778555
1298	6	0.1912156	0.5071008	0.05778555
1298	7	-0.2869416	0.5313194	1.226852
1298	9	-0.2942797	0.5596545	0.9676884
1298	11	1.374908	0.1188376	0.4171224
1299	3	0.1912156	0.5071008	0.05778555
1299	6	0.1912156	0.5071008	0.05778555
1299	7	-0.2869416	0.5313194	1.226852
1299	9	-0.2942797	0.5596545	0.9676884
1299	11	1.374908	0.1188376	0.4171224
1300	3	0.9825527	0.272739	0.04824474
1300	7	0.7268267	0.2541944	0.9856015
1300	9	1.042291	0.1927442	0.6649169
1300	11	-0.2291954	0.5959855	0.4158703
1301	3	0.9825527	0.272739	0.04824474
1301	7	0.7268267	0.2541944	0.9856015
1301	9	1.042291	0.1927442	0.6649169
1301	11	-0.2291954	0.5959855	0.4158703
1302	3	0.9825527	0.272739	0.04824474
1302	7	0.7268267	0.2541944	0.9856015
1302	9	1.042291	0.1927442	0.6649169
1302	11	-0.2291954	0.5959855	0.4158703
1303	3	0.9825527	0.272739	0.04824474
1303	7	0.7268267	0.2541944	0.9856015
1303	9	1.042291	0.1927442	0.6649169
1303	11	-0.2291954	0.5959855	0.4158703
1304	3	0.9825527	0.272739	0.04824474
1304	7	0.7268267	0.2541944	0.9856015
1304	9	1.042291	0.1927442	0.6649169
1304	11	-0.2291954	0.5959855	0.4158703
1305	3	0.9825527	0.272739	0.04824474
1305	7	0.7268267	0.2541944	0.9856015
1305	9	1.042291	0.1927442	0.6649169
1305	11	-0.2291954	0.5959855	0.4158703
1306	3	0.1912156	0.5071008	0.05778555
1306	6	0.1912156	0.5071008	0.05778555
1306	7	-0.2869416	0.5313194	1.226852
1306	9	-0.2942797	0.5596545	0.9676884
1306	11	1.374908	0.1188376	0.4171224
1307	3	0.1912156	0.5071008	0.05778555
1307	6	0.1912156	0.5071008	0.05778555
1307	7	-0.2869416	0.5313194	1.226852
1307	9	-0.2942797	0.5596545	0.9676884
1307	11	1.374908	0.1188376	0.4171224
1308	3	-0.2746582	0.5732084	0.7755538
1308	6	-0.2746582	0.5732084	0.7755538
1308	9	0.2026479	0.5045236	0.0496351
1308	11	1.353454	0.1235344	0.4337990
1309	1	-0.1721574	0.5778925	0.4270815
1309	2	-0.1721574	0.5778925	0.4270815
1309	3	1.098291	0.2363124	0.068151
1309	4	-0.1721574	0.5778925	0.4270815
1309	5	-0.1721574	0.5778925	0.4270815
1309	6	1.098291	0.2363124	0.068151
1309	7	0.5902623	0.2737261	1.194487
1309	8	-0.1671865	0.5765771	0.4254681
1309	9	1.239151	0.1894976	0.1169700
1309	10	-0.1724381	0.5779693	0.4271468
1309	11	0.5902623	0.2737261	1.194487
1350	1	-0.1397880	0.5750647	0.3597155
1350	2	-0.1397880	0.5750647	0.3597155
1350	3	1.266708	0.1761946	0.1675896
1350	4	-0.1397880	0.5750647	0.3597155
1350	5	-0.1397880	0.5750647	0.3597155
1350	6	1.266708	0.1761946	0.1675896
1350	7	0.1921151	0.3596133	1.516668
1350	8	-0.1373121	0.5739732	0.3632356
1350	9	1.307624	0.1537332	0.2695990
1350	10	-0.1399732	0.575133	0.3595838
1350	11	1.258452	0.1698728	0.2545642
