1	1	1.016529	0.2577009	0.09714173
1	2	-0.1963046	0.5880176	0.3979045
1	3	1.030018	0.2040493	0.5890549
1	4	1.030018	0.2040493	0.5890549
1	5	1.030018	0.2040493	0.5890549
1	6	1.030018	0.2040493	0.5890549
1	8	1.030018	0.2040493	0.5890549
1	9	1.016529	0.2577009	0.09714173
1	10	1.030018	0.2040493	0.5890549
1	11	1.030018	0.2040493	0.5890549
1	12	1.030018	0.2040493	0.5890549
2	1	1.048463	0.2468939	0.1101282
2	2	-0.1955118	0.587769	0.3980316
2	4	1.030156	0.2037823	0.5912931
2	5	1.030156	0.2037823	0.5912931
2	6	1.030156	0.2037823	0.5912931
2	8	1.030156	0.2037823	0.5912931
2	9	1.048463	0.2468939	0.1101282
2	10	1.030156	0.2037823	0.5912931
2	11	1.030156	0.2037823	0.5912931
2	12	1.030156	0.2037823	0.5912931
3	1	1.190596	0.1854232	0.3004315
3	4	-0.03170274	0.5569684	0.2205289
3	8	-0.2327554	0.5239356	1.140342
3	9	1.190596	0.1854232	0.3004315
3	11	1.144798	0.1907816	0.3822907
3	12	1.144798	0.1907816	0.3822907
4	1	1.193298	0.1952436	0.1951506
4	4	-0.1027261	0.5698224	0.3024482
4	8	-0.1179525	0.5688497	0.3569567
4	9	1.193298	0.1952436	0.1951506
4	11	0.3733007	0.3410539	1.166654
4	12	0.3733007	0.3410539	1.166654
5	1	1.193298	0.1952436	0.1951506
5	4	-0.1027261	0.5698224	0.3024482
5	8	-0.1179525	0.5688497	0.3569567
5	9	1.193298	0.1952436	0.1951506
5	11	0.3733007	0.3410539	1.166654
5	12	0.3733007	0.3410539	1.166654
6	1	1.179101	0.1995044	0.1947656
6	8	-0.04640323	0.5606856	0.2270137
6	9	1.179101	0.1995044	0.1947656
6	11	-0.06208342	0.4590388	1.280494
6	12	-0.06208342	0.4590388	1.280494
7	1	1.179101	0.1995044	0.1947656
7	8	-0.04640323	0.5606856	0.2270137
7	9	1.179101	0.1995044	0.1947656
7	11	-0.06208342	0.4590388	1.280494
7	12	-0.06208342	0.4590388	1.280494
10	11	1.120904	0.1941041	0.4197782
10	12	1.120904	0.1941041	0.4197782
11	11	1.120904	0.1941041	0.4197782
11	12	1.120904	0.1941041	0.4197782
12	11	1.120904	0.1941041	0.4197782
12	12	1.120904	0.1941041	0.4197782
13	11	1.120904	0.1941041	0.4197782
13	12	1.120904	0.1941041	0.4197782
14	11	1.120904	0.1941041	0.4197782
14	12	1.120904	0.1941041	0.4197782
15	11	1.120904	0.1941041	0.4197782
15	12	1.120904	0.1941041	0.4197782
17	11	1.231267	0.1610937	0.4216734
17	12	-0.1635883	0.5783072	0.3977199
18	11	1.120904	0.1941041	0.4197782
18	12	1.120904	0.1941041	0.4197782
19	11	1.120904	0.1941041	0.4197782
19	12	1.120904	0.1941041	0.4197782
20	11	1.120904	0.1941041	0.4197782
20	12	1.120904	0.1941041	0.4197782
21	11	1.120904	0.1941041	0.4197782
21	12	1.120904	0.1941041	0.4197782
22	11	1.120904	0.1941041	0.4197782
22	12	1.120904	0.1941041	0.4197782
23	11	1.120904	0.1941041	0.4197782
23	12	1.120904	0.1941041	0.4197782
24	11	1.120904	0.1941041	0.4197782
24	12	1.120904	0.1941041	0.4197782
31	11	1.120904	0.1941041	0.4197782
31	12	1.120904	0.1941041	0.4197782
32	11	1.120904	0.1941041	0.4197782
32	12	1.120904	0.1941041	0.4197782
33	11	1.120904	0.1941041	0.4197782
33	12	1.120904	0.1941041	0.4197782
34	11	1.120904	0.1941041	0.4197782
34	12	1.120904	0.1941041	0.4197782
35	11	1.120904	0.1941041	0.4197782
35	12	1.120904	0.1941041	0.4197782
36	11	1.120904	0.1941041	0.4197782
36	12	1.120904	0.1941041	0.4197782
37	11	1.120904	0.1941041	0.4197782
37	12	1.120904	0.1941041	0.4197782
38	11	1.120904	0.1941041	0.4197782
38	12	1.120904	0.1941041	0.4197782
39	11	1.120904	0.1941041	0.4197782
39	12	1.120904	0.1941041	0.4197782
40	11	1.120904	0.1941041	0.4197782
40	12	1.120904	0.1941041	0.4197782
41	11	1.120904	0.1941041	0.4197782
41	12	1.120904	0.1941041	0.4197782
42	11	1.120904	0.1941041	0.4197782
42	12	1.120904	0.1941041	0.4197782
43	11	1.120904	0.1941041	0.4197782
43	12	1.120904	0.1941041	0.4197782
44	11	1.120904	0.1941041	0.4197782
44	12	1.120904	0.1941041	0.4197782
45	11	1.120904	0.1941041	0.4197782
45	12	1.120904	0.1941041	0.4197782
46	11	1.120904	0.1941041	0.4197782
46	12	1.120904	0.1941041	0.4197782
47	11	1.120904	0.1941041	0.4197782
47	12	1.120904	0.1941041	0.4197782
48	11	1.120904	0.1941041	0.4197782
48	12	1.120904	0.1941041	0.4197782
49	11	1.120904	0.1941041	0.4197782
49	12	1.120904	0.1941041	0.4197782
50	11	1.120904	0.1941041	0.4197782
50	12	1.120904	0.1941041	0.4197782
51	11	1.120904	0.1941041	0.4197782
51	12	1.120904	0.1941041	0.4197782
52	11	1.120904	0.1941041	0.4197782
52	12	1.120904	0.1941041	0.4197782
55	11	1.231267	0.1610937	0.4216734
55	12	-0.1635883	0.5783072	0.3977199
56	11	1.120904	0.1941041	0.4197782
56	12	1.120904	0.1941041	0.4197782
57	11	1.120904	0.1941041	0.4197782
57	12	1.120904	0.1941041	0.4197782
58	11	1.120904	0.1941041	0.4197782
58	12	1.120904	0.1941041	0.4197782
59	11	1.120904	0.1941041	0.4197782
59	12	1.120904	0.1941041	0.4197782
60	11	1.120904	0.1941041	0.4197782
60	12	1.120904	0.1941041	0.4197782
61	11	1.120904	0.1941041	0.4197782
61	12	1.120904	0.1941041	0.4197782
62	11	1.120904	0.1941041	0.4197782
62	12	1.120904	0.1941041	0.4197782
63	11	1.120904	0.1941041	0.4197782
63	12	1.120904	0.1941041	0.4197782
64	10	1.145083	0.1868720	0.4201934
64	12	-0.1210810	0.5655929	0.3984499
65	10	1.145083	0.1868720	0.4201934
65	12	-0.1210810	0.5655929	0.3984499
66	10	1.153187	0.1844482	0.4203319
66	11	-0.1169435	0.5643552	0.3985216
66	12	-0.1169435	0.5643552	0.3985216
67	10	1.153187	0.1844482	0.4203319
67	11	-0.1169435	0.5643552	0.3985216
67	12	-0.1169435	0.5643552	0.3985216
68	10	1.153187	0.1844482	0.4203319
68	11	-0.1169435	0.5643552	0.3985216
68	12	-0.1169435	0.5643552	0.3985216
80	11	1.120904	0.1941041	0.4197782
80	12	1.120904	0.1941041	0.4197782
81	11	1.120904	0.1941041	0.4197782
81	12	1.120904	0.1941041	0.4197782
82	11	1.120904	0.1941041	0.4197782
82	12	1.120904	0.1941041	0.4197782
83	11	1.120904	0.1941041	0.4197782
83	12	1.120904	0.1941041	0.4197782
84	11	1.120904	0.1941041	0.4197782
84	12	1.120904	0.1941041	0.4197782
85	11	1.120904	0.1941041	0.4197782
85	12	1.120904	0.1941041	0.4197782
86	11	1.120904	0.1941041	0.4197782
86	12	1.120904	0.1941041	0.4197782
87	11	1.120904	0.1941041	0.4197782
87	12	1.120904	0.1941041	0.4197782
88	11	1.120904	0.1941041	0.4197782
88	12	1.120904	0.1941041	0.4197782
89	11	1.120904	0.1941041	0.4197782
89	12	1.120904	0.1941041	0.4197782
90	11	1.120904	0.1941041	0.4197782
90	12	1.120904	0.1941041	0.4197782
91	11	1.120904	0.1941041	0.4197782
91	12	1.120904	0.1941041	0.4197782
92	11	1.120904	0.1941041	0.4197782
92	12	1.120904	0.1941041	0.4197782
93	11	1.120904	0.1941041	0.4197782
93	12	1.120904	0.1941041	0.4197782
126	11	1.120904	0.1941041	0.4197782
126	12	1.120904	0.1941041	0.4197782
127	11	1.120904	0.1941041	0.4197782
127	12	1.120904	0.1941041	0.4197782
128	11	1.120904	0.1941041	0.4197782
128	12	1.120904	0.1941041	0.4197782
129	11	1.120904	0.1941041	0.4197782
129	12	1.120904	0.1941041	0.4197782
130	11	1.120904	0.1941041	0.4197782
130	12	1.120904	0.1941041	0.4197782
134	11	1.120904	0.1941041	0.4197782
134	12	1.120904	0.1941041	0.4197782
135	11	1.120904	0.1941041	0.4197782
135	12	1.120904	0.1941041	0.4197782
136	11	1.120904	0.1941041	0.4197782
136	12	1.120904	0.1941041	0.4197782
137	11	1.120904	0.1941041	0.4197782
137	12	1.120904	0.1941041	0.4197782
138	11	1.120904	0.1941041	0.4197782
138	12	1.120904	0.1941041	0.4197782
139	11	1.120904	0.1941041	0.4197782
139	12	1.120904	0.1941041	0.4197782
140	11	1.120904	0.1941041	0.4197782
140	12	1.120904	0.1941041	0.4197782
141	11	1.120904	0.1941041	0.4197782
141	12	1.120904	0.1941041	0.4197782
142	2	1.252148	0.1548483	0.4220288
142	11	-0.1415370	0.5717112	0.3981016
142	12	-0.1415370	0.5717112	0.3981016
143	2	1.252148	0.1548483	0.4220288
143	11	-0.1415370	0.5717112	0.3981016
143	12	-0.1415370	0.5717112	0.3981016
144	2	1.252148	0.1548483	0.4220288
144	11	-0.1415370	0.5717112	0.3981016
144	12	-0.1415370	0.5717112	0.3981016
145	2	1.252148	0.1548483	0.4220288
145	11	-0.1415370	0.5717112	0.3981016
145	12	-0.1415370	0.5717112	0.3981016
146	2	1.252148	0.1548483	0.4220288
146	11	-0.1415370	0.5717112	0.3981016
146	12	-0.1415370	0.5717112	0.3981016
147	2	1.252148	0.1548483	0.4220288
147	11	-0.1415370	0.5717112	0.3981016
147	12	-0.1415370	0.5717112	0.3981016
148	2	1.252148	0.1548483	0.4220288
148	11	-0.1415370	0.5717112	0.3981016
148	12	-0.1415370	0.5717112	0.3981016
149	2	1.193388	0.1609448	0.5347716
149	9	0.4815697	0.4250282	0.01545463
149	11	-0.2706578	0.5662048	0.8331672
149	12	-0.2706578	0.5662048	0.8331672
150	1	0.9001965	0.2974588	0.04597517
150	2	-0.1809082	0.5833999	0.3982928
150	9	0.9001965	0.2974588	0.04597517
150	11	0.3457455	0.3432869	1.225728
150	12	0.3457455	0.3432869	1.225728
151	1	0.9001965	0.2974588	0.04597517
151	2	-0.1809082	0.5833999	0.3982928
151	9	0.9001965	0.2974588	0.04597517
151	11	0.3457455	0.3432869	1.225728
151	12	0.3457455	0.3432869	1.225728
152	1	0.9001965	0.2974588	0.04597517
152	2	-0.1809082	0.5833999	0.3982928
152	9	0.9001965	0.2974588	0.04597517
152	11	0.3457455	0.3432869	1.225728
152	12	0.3457455	0.3432869	1.225728
153	1	0.9001965	0.2974588	0.04597517
153	2	-0.1809082	0.5833999	0.3982928
153	9	0.9001965	0.2974588	0.04597517
153	11	0.3457455	0.3432869	1.225728
153	12	0.3457455	0.3432869	1.225728
154	1	0.9001965	0.2974588	0.04597517
154	2	-0.1809082	0.5833999	0.3982928
154	9	0.9001965	0.2974588	0.04597517
154	11	0.3457455	0.3432869	1.225728
154	12	0.3457455	0.3432869	1.225728
155	1	0.4550852	0.4325349	0.01911345
155	2	-0.3099118	0.5829896	0.7825137
155	9	0.4550852	0.4325349	0.01911345
155	10	0.8641481	0.2300161	0.8205307
155	11	0.8627096	0.2299612	0.8253136
155	12	0.8627096	0.2299612	0.8253136
156	1	0.4550852	0.4325349	0.01911345
156	2	-0.3099118	0.5829896	0.7825137
156	9	0.4550852	0.4325349	0.01911345
156	10	0.8641481	0.2300161	0.8205307
156	11	0.8627096	0.2299612	0.8253136
156	12	0.8627096	0.2299612	0.8253136
157	1	0.4550852	0.4325349	0.01911345
157	2	-0.3099118	0.5829896	0.7825137
157	9	0.4550852	0.4325349	0.01911345
157	10	0.8641481	0.2300161	0.8205307
157	11	0.8627096	0.2299612	0.8253136
157	12	0.8627096	0.2299612	0.8253136
159	11	1.231267	0.1610937	0.4216734
159	12	-0.1635883	0.5783072	0.3977199
160	11	1.120904	0.1941041	0.4197782
160	12	1.120904	0.1941041	0.4197782
161	11	1.120904	0.1941041	0.4197782
161	12	1.120904	0.1941041	0.4197782
162	11	1.120904	0.1941041	0.4197782
162	12	1.120904	0.1941041	0.4197782
163	11	1.120904	0.1941041	0.4197782
163	12	1.120904	0.1941041	0.4197782
164	11	1.120904	0.1941041	0.4197782
164	12	1.120904	0.1941041	0.4197782
165	11	1.120904	0.1941041	0.4197782
165	12	1.120904	0.1941041	0.4197782
166	11	1.120904	0.1941041	0.4197782
166	12	1.120904	0.1941041	0.4197782
167	11	1.120904	0.1941041	0.4197782
167	12	1.120904	0.1941041	0.4197782
168	11	1.120904	0.1941041	0.4197782
168	12	1.120904	0.1941041	0.4197782
169	11	1.120904	0.1941041	0.4197782
169	12	1.120904	0.1941041	0.4197782
170	11	1.120904	0.1941041	0.4197782
170	12	1.120904	0.1941041	0.4197782
171	11	1.120904	0.1941041	0.4197782
171	12	1.120904	0.1941041	0.4197782
172	11	1.120904	0.1941041	0.4197782
172	12	1.120904	0.1941041	0.4197782
173	11	1.120904	0.1941041	0.4197782
173	12	1.120904	0.1941041	0.4197782
174	11	1.120904	0.1941041	0.4197782
174	12	1.120904	0.1941041	0.4197782
175	11	1.120904	0.1941041	0.4197782
175	12	1.120904	0.1941041	0.4197782
176	11	1.120904	0.1941041	0.4197782
176	12	1.120904	0.1941041	0.4197782
177	11	1.120904	0.1941041	0.4197782
177	12	1.120904	0.1941041	0.4197782
178	11	1.120904	0.1941041	0.4197782
178	12	1.120904	0.1941041	0.4197782
179	11	1.120904	0.1941041	0.4197782
179	12	1.120904	0.1941041	0.4197782
180	11	1.120904	0.1941041	0.4197782
180	12	1.120904	0.1941041	0.4197782
181	11	1.120904	0.1941041	0.4197782
181	12	1.120904	0.1941041	0.4197782
182	11	1.120904	0.1941041	0.4197782
182	12	1.120904	0.1941041	0.4197782
183	11	1.120904	0.1941041	0.4197782
183	12	1.120904	0.1941041	0.4197782
184	11	1.120904	0.1941041	0.4197782
184	12	1.120904	0.1941041	0.4197782
185	11	1.120904	0.1941041	0.4197782
185	12	1.120904	0.1941041	0.4197782
186	11	1.120904	0.1941041	0.4197782
186	12	1.120904	0.1941041	0.4197782
187	11	1.120904	0.1941041	0.4197782
187	12	1.120904	0.1941041	0.4197782
188	11	1.120904	0.1941041	0.4197782
188	12	1.120904	0.1941041	0.4197782
189	11	1.120904	0.1941041	0.4197782
189	12	1.120904	0.1941041	0.4197782
192	11	1.120904	0.1941041	0.4197782
192	12	1.120904	0.1941041	0.4197782
193	11	1.120904	0.1941041	0.4197782
193	12	1.120904	0.1941041	0.4197782
194	11	1.120904	0.1941041	0.4197782
194	12	1.120904	0.1941041	0.4197782
195	11	1.120904	0.1941041	0.4197782
195	12	1.120904	0.1941041	0.4197782
196	11	1.120904	0.1941041	0.4197782
196	12	1.120904	0.1941041	0.4197782
197	11	1.120904	0.1941041	0.4197782
197	12	1.120904	0.1941041	0.4197782
198	11	1.120904	0.1941041	0.4197782
198	12	1.120904	0.1941041	0.4197782
199	11	1.120904	0.1941041	0.4197782
199	12	1.120904	0.1941041	0.4197782
200	11	1.120904	0.1941041	0.4197782
200	12	1.120904	0.1941041	0.4197782
201	11	1.120904	0.1941041	0.4197782
201	12	1.120904	0.1941041	0.4197782
202	11	1.120904	0.1941041	0.4197782
202	12	1.120904	0.1941041	0.4197782
203	11	1.120904	0.1941041	0.4197782
203	12	1.120904	0.1941041	0.4197782
212	2	1.337063	0.1294489	0.4234903
212	11	-0.1616028	0.5777133	0.397754
212	12	-0.1616028	0.5777133	0.397754
213	2	1.252148	0.1548483	0.4220288
213	11	-0.1415370	0.5717112	0.3981016
213	12	-0.1415370	0.5717112	0.3981016
214	2	1.252148	0.1548483	0.4220288
214	11	-0.1415370	0.5717112	0.3981016
214	12	-0.1415370	0.5717112	0.3981016
215	2	1.252148	0.1548483	0.4220288
215	11	-0.1415370	0.5717112	0.3981016
215	12	-0.1415370	0.5717112	0.3981016
216	2	1.252148	0.1548483	0.4220288
216	11	-0.1415370	0.5717112	0.3981016
216	12	-0.1415370	0.5717112	0.3981016
217	2	1.252148	0.1548483	0.4220288
217	11	-0.1415370	0.5717112	0.3981016
217	12	-0.1415370	0.5717112	0.3981016
218	2	1.252148	0.1548483	0.4220288
218	11	-0.1415370	0.5717112	0.3981016
218	12	-0.1415370	0.5717112	0.3981016
219	2	1.252148	0.1548483	0.4220288
219	11	-0.1415370	0.5717112	0.3981016
219	12	-0.1415370	0.5717112	0.3981016
220	2	1.252148	0.1548483	0.4220288
220	11	-0.1415370	0.5717112	0.3981016
220	12	-0.1415370	0.5717112	0.3981016
221	2	1.252148	0.1548483	0.4220288
221	11	-0.1415370	0.5717112	0.3981016
221	12	-0.1415370	0.5717112	0.3981016
222	2	1.252148	0.1548483	0.4220288
222	11	-0.1415370	0.5717112	0.3981016
222	12	-0.1415370	0.5717112	0.3981016
223	2	1.252148	0.1548483	0.4220288
223	11	-0.1415370	0.5717112	0.3981016
223	12	-0.1415370	0.5717112	0.3981016
224	2	1.252148	0.1548483	0.4220288
224	11	-0.1415370	0.5717112	0.3981016
224	12	-0.1415370	0.5717112	0.3981016
225	2	1.252148	0.1548483	0.4220288
225	11	-0.1415370	0.5717112	0.3981016
225	12	-0.1415370	0.5717112	0.3981016
226	2	1.252148	0.1548483	0.4220288
226	11	-0.1415370	0.5717112	0.3981016
226	12	-0.1415370	0.5717112	0.3981016
227	2	1.252148	0.1548483	0.4220288
227	11	-0.1415370	0.5717112	0.3981016
227	12	-0.1415370	0.5717112	0.3981016
228	2	1.252148	0.1548483	0.4220288
228	11	-0.1415370	0.5717112	0.3981016
228	12	-0.1415370	0.5717112	0.3981016
229	2	1.252148	0.1548483	0.4220288
229	11	-0.1415370	0.5717112	0.3981016
229	12	-0.1415370	0.5717112	0.3981016
230	2	1.252148	0.1548483	0.4220288
230	11	-0.1415370	0.5717112	0.3981016
230	12	-0.1415370	0.5717112	0.3981016
231	2	1.252148	0.1548483	0.4220288
231	11	-0.1415370	0.5717112	0.3981016
231	12	-0.1415370	0.5717112	0.3981016
232	2	1.252148	0.1548483	0.4220288
232	11	-0.1415370	0.5717112	0.3981016
232	12	-0.1415370	0.5717112	0.3981016
233	2	1.252148	0.1548483	0.4220288
233	11	-0.1415370	0.5717112	0.3981016
233	12	-0.1415370	0.5717112	0.3981016
234	2	1.252148	0.1548483	0.4220288
234	11	-0.1415370	0.5717112	0.3981016
234	12	-0.1415370	0.5717112	0.3981016
235	2	1.252148	0.1548483	0.4220288
235	11	-0.1415370	0.5717112	0.3981016
235	12	-0.1415370	0.5717112	0.3981016
236	2	1.252148	0.1548483	0.4220288
236	11	-0.1415370	0.5717112	0.3981016
236	12	-0.1415370	0.5717112	0.3981016
237	2	1.252148	0.1548483	0.4220288
237	11	-0.1415370	0.5717112	0.3981016
237	12	-0.1415370	0.5717112	0.3981016
238	2	1.218805	0.1648210	0.4214594
238	11	-0.1576201	0.576522	0.3978224
239	2	1.218805	0.1648210	0.4214594
239	11	-0.1576201	0.576522	0.3978224
240	2	1.252148	0.1548483	0.4220288
240	11	-0.1415370	0.5717112	0.3981016
240	12	-0.1415370	0.5717112	0.3981016
241	2	1.252148	0.1548483	0.4220288
241	11	-0.1415370	0.5717112	0.3981016
241	12	-0.1415370	0.5717112	0.3981016
242	2	1.252148	0.1548483	0.4220288
242	11	-0.1415370	0.5717112	0.3981016
242	12	-0.1415370	0.5717112	0.3981016
243	2	1.252148	0.1548483	0.4220288
243	11	-0.1415370	0.5717112	0.3981016
243	12	-0.1415370	0.5717112	0.3981016
244	2	1.252148	0.1548483	0.4220288
244	11	-0.1415370	0.5717112	0.3981016
244	12	-0.1415370	0.5717112	0.3981016
245	2	1.252148	0.1548483	0.4220288
245	11	-0.1415370	0.5717112	0.3981016
245	12	-0.1415370	0.5717112	0.3981016
246	2	1.252148	0.1548483	0.4220288
246	11	-0.1415370	0.5717112	0.3981016
246	12	-0.1415370	0.5717112	0.3981016
247	2	1.252148	0.1548483	0.4220288
247	11	-0.1415370	0.5717112	0.3981016
247	12	-0.1415370	0.5717112	0.3981016
248	2	1.252148	0.1548483	0.4220288
248	11	-0.1415370	0.5717112	0.3981016
248	12	-0.1415370	0.5717112	0.3981016
249	2	1.252148	0.1548483	0.4220288
249	11	-0.1415370	0.5717112	0.3981016
249	12	-0.1415370	0.5717112	0.3981016
250	2	1.252148	0.1548483	0.4220288
250	11	-0.1415370	0.5717112	0.3981016
250	12	-0.1415370	0.5717112	0.3981016
251	2	1.252148	0.1548483	0.4220288
251	11	-0.1415370	0.5717112	0.3981016
251	12	-0.1415370	0.5717112	0.3981016
252	2	1.252148	0.1548483	0.4220288
252	11	-0.1415370	0.5717112	0.3981016
252	12	-0.1415370	0.5717112	0.3981016
253	2	1.252148	0.1548483	0.4220288
253	11	-0.1415370	0.5717112	0.3981016
253	12	-0.1415370	0.5717112	0.3981016
254	2	1.252148	0.1548483	0.4220288
254	11	-0.1415370	0.5717112	0.3981016
254	12	-0.1415370	0.5717112	0.3981016
255	2	1.252148	0.1548483	0.4220288
255	11	-0.1415370	0.5717112	0.3981016
255	12	-0.1415370	0.5717112	0.3981016
256	2	1.252148	0.1548483	0.4220288
256	11	-0.1415370	0.5717112	0.3981016
256	12	-0.1415370	0.5717112	0.3981016
257	2	1.252148	0.1548483	0.4220288
257	11	-0.1415370	0.5717112	0.3981016
257	12	-0.1415370	0.5717112	0.3981016
258	2	1.252148	0.1548483	0.4220288
258	11	-0.1415370	0.5717112	0.3981016
258	12	-0.1415370	0.5717112	0.3981016
259	2	1.252148	0.1548483	0.4220288
259	11	-0.1415370	0.5717112	0.3981016
259	12	-0.1415370	0.5717112	0.3981016
260	2	1.218805	0.1648210	0.4214594
260	11	-0.1576201	0.576522	0.3978224
261	2	1.252148	0.1548483	0.4220288
261	11	-0.1415370	0.5717112	0.3981016
261	12	-0.1415370	0.5717112	0.3981016
262	2	1.252148	0.1548483	0.4220288
262	11	-0.1415370	0.5717112	0.3981016
262	12	-0.1415370	0.5717112	0.3981016
263	2	1.252148	0.1548483	0.4220288
263	11	-0.1415370	0.5717112	0.3981016
263	12	-0.1415370	0.5717112	0.3981016
264	2	1.252148	0.1548483	0.4220288
264	11	-0.1415370	0.5717112	0.3981016
264	12	-0.1415370	0.5717112	0.3981016
265	2	1.252148	0.1548483	0.4220288
265	11	-0.1415370	0.5717112	0.3981016
265	12	-0.1415370	0.5717112	0.3981016
266	2	1.252148	0.1548483	0.4220288
266	11	-0.1415370	0.5717112	0.3981016
266	12	-0.1415370	0.5717112	0.3981016
267	2	1.252148	0.1548483	0.4220288
267	11	-0.1415370	0.5717112	0.3981016
267	12	-0.1415370	0.5717112	0.3981016
268	2	1.252148	0.1548483	0.4220288
268	11	-0.1415370	0.5717112	0.3981016
268	12	-0.1415370	0.5717112	0.3981016
269	2	1.252148	0.1548483	0.4220288
269	11	-0.1415370	0.5717112	0.3981016
269	12	-0.1415370	0.5717112	0.3981016
270	2	1.252148	0.1548483	0.4220288
270	11	-0.1415370	0.5717112	0.3981016
270	12	-0.1415370	0.5717112	0.3981016
271	2	1.252148	0.1548483	0.4220288
271	11	-0.1415370	0.5717112	0.3981016
271	12	-0.1415370	0.5717112	0.3981016
272	2	1.252148	0.1548483	0.4220288
272	11	-0.1415370	0.5717112	0.3981016
272	12	-0.1415370	0.5717112	0.3981016
273	2	1.252148	0.1548483	0.4220288
273	11	-0.1415370	0.5717112	0.3981016
273	12	-0.1415370	0.5717112	0.3981016
274	2	1.252148	0.1548483	0.4220288
274	11	-0.1415370	0.5717112	0.3981016
274	12	-0.1415370	0.5717112	0.3981016
275	2	1.252148	0.1548483	0.4220288
275	11	-0.1415370	0.5717112	0.3981016
275	12	-0.1415370	0.5717112	0.3981016
276	2	1.252148	0.1548483	0.4220288
276	11	-0.1415370	0.5717112	0.3981016
276	12	-0.1415370	0.5717112	0.3981016
277	2	1.252148	0.1548483	0.4220288
277	11	-0.1415370	0.5717112	0.3981016
277	12	-0.1415370	0.5717112	0.3981016
278	2	1.252148	0.1548483	0.4220288
278	11	-0.1415370	0.5717112	0.3981016
278	12	-0.1415370	0.5717112	0.3981016
279	2	1.252148	0.1548483	0.4220288
279	11	-0.1415370	0.5717112	0.3981016
279	12	-0.1415370	0.5717112	0.3981016
280	2	1.252148	0.1548483	0.4220288
280	11	-0.1415370	0.5717112	0.3981016
280	12	-0.1415370	0.5717112	0.3981016
281	2	1.252148	0.1548483	0.4220288
281	11	-0.1415370	0.5717112	0.3981016
281	12	-0.1415370	0.5717112	0.3981016
282	2	1.252148	0.1548483	0.4220288
282	11	-0.1415370	0.5717112	0.3981016
282	12	-0.1415370	0.5717112	0.3981016
283	2	1.252148	0.1548483	0.4220288
283	11	-0.1415370	0.5717112	0.3981016
283	12	-0.1415370	0.5717112	0.3981016
285	10	1.285844	0.1447691	0.4226107
285	11	-0.1496088	0.5741258	0.39796
285	12	-0.1496088	0.5741258	0.39796
286	10	1.285844	0.1447691	0.4226107
286	11	-0.1496088	0.5741258	0.39796
286	12	-0.1496088	0.5741258	0.39796
287	10	1.285844	0.1447691	0.4226107
287	11	-0.1496088	0.5741258	0.39796
287	12	-0.1496088	0.5741258	0.39796
288	10	1.285844	0.1447691	0.4226107
288	11	-0.1496088	0.5741258	0.39796
288	12	-0.1496088	0.5741258	0.39796
289	10	1.285844	0.1447691	0.4226107
289	11	-0.1496088	0.5741258	0.39796
289	12	-0.1496088	0.5741258	0.39796
290	10	1.285844	0.1447691	0.4226107
290	11	-0.1496088	0.5741258	0.39796
290	12	-0.1496088	0.5741258	0.39796
291	10	1.285844	0.1447691	0.4226107
291	11	-0.1496088	0.5741258	0.39796
291	12	-0.1496088	0.5741258	0.39796
292	10	1.285844	0.1447691	0.4226107
292	11	-0.1496088	0.5741258	0.39796
292	12	-0.1496088	0.5741258	0.39796
293	11	1.120904	0.1941041	0.4197782
293	12	1.120904	0.1941041	0.4197782
294	11	1.120904	0.1941041	0.4197782
294	12	1.120904	0.1941041	0.4197782
295	11	1.120904	0.1941041	0.4197782
295	12	1.120904	0.1941041	0.4197782
296	11	1.120904	0.1941041	0.4197782
296	12	1.120904	0.1941041	0.4197782
297	11	1.120904	0.1941041	0.4197782
297	12	1.120904	0.1941041	0.4197782
298	11	1.120904	0.1941041	0.4197782
298	12	1.120904	0.1941041	0.4197782
299	11	1.120904	0.1941041	0.4197782
299	12	1.120904	0.1941041	0.4197782
300	11	1.120904	0.1941041	0.4197782
300	12	1.120904	0.1941041	0.4197782
301	11	1.120904	0.1941041	0.4197782
301	12	1.120904	0.1941041	0.4197782
302	11	1.120904	0.1941041	0.4197782
302	12	1.120904	0.1941041	0.4197782
306	2	1.169459	0.1795810	0.420612
306	12	-0.1334005	0.5692777	0.3982383
307	2	1.169459	0.1795810	0.420612
307	12	-0.1334005	0.5692777	0.3982383
308	2	1.169459	0.1795810	0.420612
308	12	-0.1334005	0.5692777	0.3982383
309	2	1.137002	0.1892892	0.4200546
309	11	-0.1127898	0.5631129	0.3985923
309	12	-0.1127898	0.5631129	0.3985923
310	2	1.137002	0.1892892	0.4200546
310	11	-0.1127898	0.5631129	0.3985923
310	12	-0.1127898	0.5631129	0.3985923
311	2	1.137002	0.1892892	0.4200546
311	11	-0.1127898	0.5631129	0.3985923
311	12	-0.1127898	0.5631129	0.3985923
312	2	1.137002	0.1892892	0.4200546
312	11	-0.1127898	0.5631129	0.3985923
312	12	-0.1127898	0.5631129	0.3985923
313	2	1.137002	0.1892892	0.4200546
313	11	-0.1127898	0.5631129	0.3985923
313	12	-0.1127898	0.5631129	0.3985923
314	2	1.137002	0.1892892	0.4200546
314	11	-0.1127898	0.5631129	0.3985923
314	12	-0.1127898	0.5631129	0.3985923
315	2	1.204371	0.1863548	0.2506043
315	10	-0.1824999	0.5836747	0.4002603
315	11	1.110157	0.1868158	0.5236732
315	12	1.110157	0.1868158	0.5236732
316	2	1.204371	0.1863548	0.2506043
316	10	-0.1824999	0.5836747	0.4002603
316	11	1.110157	0.1868158	0.5236732
316	12	1.110157	0.1868158	0.5236732
317	2	1.139020	0.1886855	0.4200893
317	10	-0.1117489	0.5628016	0.3986101
317	11	-0.1117489	0.5628016	0.3986101
317	12	-0.1117489	0.5628016	0.3986101
318	2	1.139020	0.1886855	0.4200893
318	10	-0.1117489	0.5628016	0.3986101
318	11	-0.1117489	0.5628016	0.3986101
318	12	-0.1117489	0.5628016	0.3986101
319	2	1.139020	0.1886855	0.4200893
319	10	-0.1117489	0.5628016	0.3986101
319	11	-0.1117489	0.5628016	0.3986101
319	12	-0.1117489	0.5628016	0.3986101
320	2	1.139020	0.1886855	0.4200893
320	10	-0.1117489	0.5628016	0.3986101
320	11	-0.1117489	0.5628016	0.3986101
320	12	-0.1117489	0.5628016	0.3986101
321	2	1.139020	0.1886855	0.4200893
321	10	-0.1117489	0.5628016	0.3986101
321	11	-0.1117489	0.5628016	0.3986101
321	12	-0.1117489	0.5628016	0.3986101
322	2	1.139020	0.1886855	0.4200893
322	10	-0.1117489	0.5628016	0.3986101
322	11	-0.1117489	0.5628016	0.3986101
322	12	-0.1117489	0.5628016	0.3986101
323	2	1.139020	0.1886855	0.4200893
323	10	-0.1117489	0.5628016	0.3986101
323	11	-0.1117489	0.5628016	0.3986101
323	12	-0.1117489	0.5628016	0.3986101
324	2	1.139020	0.1886855	0.4200893
324	10	-0.1117489	0.5628016	0.3986101
324	11	-0.1117489	0.5628016	0.3986101
324	12	-0.1117489	0.5628016	0.3986101
325	2	1.258023	0.1639923	0.3141015
325	4	-0.2183366	0.5937644	0.4058815
325	7	-0.1536116	0.575799	0.3931749
325	8	-0.1536116	0.575799	0.3931749
325	10	1.203456	0.1656146	0.4588287
325	11	1.203456	0.1656146	0.4588287
325	12	1.203456	0.1656146	0.4588287
326	2	1.258023	0.1639923	0.3141015
326	4	-0.2183366	0.5937644	0.4058815
326	7	-0.1536116	0.575799	0.3931749
326	8	-0.1536116	0.575799	0.3931749
326	10	1.203456	0.1656146	0.4588287
326	11	1.203456	0.1656146	0.4588287
326	12	1.203456	0.1656146	0.4588287
327	2	1.248606	0.1678690	0.3034362
327	4	-0.1880864	0.5848698	0.4048797
327	7	-0.1611240	0.577533	0.39813
327	8	-0.1611240	0.577533	0.39813
327	10	1.191163	0.1689889	0.4616152
327	11	1.191163	0.1689889	0.4616152
327	12	1.191163	0.1689889	0.4616152
328	1	1.360138	0.1492652	0.1591217
328	2	0.3168096	0.3461019	1.283102
328	3	0.05487718	0.5424632	0.1091309
328	4	-0.03686322	0.5624265	0.1816492
328	5	-0.08974326	0.5687114	0.2751993
328	6	-0.08974326	0.5687114	0.2751993
328	7	-0.08974326	0.5687114	0.2751993
328	8	-0.08974326	0.5687114	0.2751993
328	9	1.360138	0.1492652	0.1591217
328	10	0.3152101	0.3463982	1.284880
328	11	0.3152101	0.3463982	1.284880
328	12	0.3152101	0.3463982	1.284880
329	1	0.1049723	0.5298133	0.0868619
329	2	-0.272516	0.5701552	0.7994963
329	3	1.201983	0.1730626	0.3893631
329	4	1.242570	0.1580041	0.4189818
329	5	1.201983	0.1730626	0.3893631
329	6	1.201983	0.1730626	0.3893631
329	7	1.201983	0.1730626	0.3893631
329	8	1.201983	0.1730626	0.3893631
329	9	0.1049723	0.5298133	0.0868619
329	10	-0.2747198	0.5699031	0.8084895
329	11	-0.2747198	0.5699031	0.8084895
329	12	-0.2747198	0.5699031	0.8084895
330	1	1.206505	0.168524	0.4210101
330	2	-0.1149709	0.5637432	0.3987741
330	3	-0.1149710	0.5637432	0.3987741
330	4	-0.1396161	0.5711135	0.3983635
330	5	-0.1149709	0.5637432	0.3987741
330	6	-0.1149709	0.5637432	0.3987741
330	7	-0.1149709	0.5637432	0.3987741
330	8	-0.1149709	0.5637432	0.3987741
330	9	1.206505	0.168524	0.4210101
330	10	-0.1149709	0.5637432	0.3987741
330	11	-0.1149709	0.5637432	0.3987741
330	12	-0.1149709	0.5637432	0.3987741
331	1	1.206505	0.168524	0.4210101
331	2	-0.1149709	0.5637432	0.3987741
331	3	-0.1149710	0.5637432	0.3987741
331	4	-0.1396161	0.5711135	0.3983635
331	5	-0.1149709	0.5637432	0.3987741
331	6	-0.1149709	0.5637432	0.3987741
331	7	-0.1149709	0.5637432	0.3987741
331	8	-0.1149709	0.5637432	0.3987741
331	9	1.206505	0.168524	0.4210101
331	10	-0.1149709	0.5637432	0.3987741
331	11	-0.1149709	0.5637432	0.3987741
331	12	-0.1149709	0.5637432	0.3987741
332	1	1.206505	0.168524	0.4210101
332	2	-0.1149709	0.5637432	0.3987741
332	3	-0.1149710	0.5637432	0.3987741
332	4	-0.1396161	0.5711135	0.3983635
332	5	-0.1149709	0.5637432	0.3987741
332	6	-0.1149709	0.5637432	0.3987741
332	7	-0.1149709	0.5637432	0.3987741
332	8	-0.1149709	0.5637432	0.3987741
332	9	1.206505	0.168524	0.4210101
332	10	-0.1149709	0.5637432	0.3987741
332	11	-0.1149709	0.5637432	0.3987741
332	12	-0.1149709	0.5637432	0.3987741
333	1	1.214436	0.1661602	0.4210643
333	2	-0.111032	0.5625579	0.3989121
333	3	-0.111032	0.5625579	0.3989121
333	4	-0.1357686	0.5699551	0.3985041
333	5	-0.1110321	0.5625579	0.3989122
333	6	-0.1110320	0.5625579	0.3989121
333	7	-0.1110320	0.5625579	0.3989121
333	8	-0.1110320	0.5625579	0.3989121
333	10	-0.1110320	0.5625579	0.3989121
333	11	-0.1110320	0.5625579	0.3989121
333	12	-0.1110320	0.5625579	0.3989121
334	1	1.208971	0.1677838	0.4210799
334	2	-0.1137119	0.5633692	0.3987693
334	3	-0.1137119	0.5633692	0.3987693
334	5	-0.1137119	0.5633692	0.3987693
334	6	-0.1137119	0.5633692	0.3987693
334	7	-0.1137119	0.5633692	0.3987693
334	8	-0.1137119	0.5633692	0.3987693
334	10	-0.1137119	0.5633692	0.3987693
334	11	-0.1137119	0.5633692	0.3987693
334	12	-0.1137119	0.5633692	0.3987693
335	1	1.200829	0.1702108	0.4210229
335	2	-0.1177524	0.5645852	0.3986263
335	3	-0.1177524	0.5645852	0.3986262
335	5	-0.1177524	0.5645852	0.3986262
335	6	-0.1177524	0.5645852	0.3986262
335	7	-0.1177524	0.5645852	0.3986263
335	8	-0.1177524	0.5645852	0.3986263
335	9	1.200829	0.1702108	0.4210229
335	10	-0.1177524	0.5645852	0.3986262
335	11	-0.1177524	0.5645852	0.3986262
335	12	-0.1177524	0.5645852	0.3986262
336	1	1.202354	0.1697602	0.4209926
336	2	-0.1170233	0.5643619	0.3986908
336	3	-0.1170233	0.5643619	0.3986908
336	4	-0.1170233	0.5643619	0.3986908
336	5	-0.1170233	0.5643619	0.3986908
336	6	-0.1170233	0.5643619	0.3986908
336	7	-0.1170233	0.5643619	0.3986908
336	8	-0.1170233	0.5643619	0.3986908
336	9	1.202354	0.1697602	0.4209926
336	10	-0.1170233	0.5643619	0.3986908
336	11	-0.1170233	0.5643619	0.3986908
336	12	-0.1170233	0.5643619	0.3986908
337	1	1.202354	0.1697602	0.4209926
337	2	-0.1170233	0.5643619	0.3986908
337	3	-0.1170233	0.5643619	0.3986908
337	4	-0.1170233	0.5643619	0.3986908
337	5	-0.1170233	0.5643619	0.3986908
337	6	-0.1170233	0.5643619	0.3986908
337	7	-0.1170233	0.5643619	0.3986908
337	8	-0.1170233	0.5643619	0.3986908
337	9	1.202354	0.1697602	0.4209926
337	10	-0.1170233	0.5643619	0.3986908
337	11	-0.1170233	0.5643619	0.3986908
337	12	-0.1170233	0.5643619	0.3986908
340	1	1.120904	0.1941041	0.4197782
340	2	1.120904	0.1941041	0.4197782
340	3	1.120904	0.1941041	0.4197782
340	4	1.120904	0.1941041	0.4197782
340	5	1.120904	0.1941041	0.4197782
340	6	1.120904	0.1941041	0.4197782
340	7	1.120904	0.1941041	0.4197782
340	8	1.120904	0.1941041	0.4197782
340	9	1.120904	0.1941041	0.4197782
340	10	1.120904	0.1941041	0.4197782
340	11	1.120904	0.1941041	0.4197782
340	12	1.120904	0.1941041	0.4197782
341	1	1.120904	0.1941041	0.4197782
341	2	1.120904	0.1941041	0.4197782
341	3	1.120904	0.1941041	0.4197782
341	4	1.120904	0.1941041	0.4197782
341	5	1.120904	0.1941041	0.4197782
341	6	1.120904	0.1941041	0.4197782
341	7	1.120904	0.1941041	0.4197782
341	8	1.120904	0.1941041	0.4197782
341	9	1.120904	0.1941041	0.4197782
341	10	1.120904	0.1941041	0.4197782
341	11	1.120904	0.1941041	0.4197782
341	12	1.120904	0.1941041	0.4197782
342	1	1.120904	0.1941041	0.4197782
342	2	1.120904	0.1941041	0.4197782
342	3	1.120904	0.1941041	0.4197782
342	4	1.120904	0.1941041	0.4197782
342	5	1.120904	0.1941041	0.4197782
342	6	1.120904	0.1941041	0.4197782
342	7	1.120904	0.1941041	0.4197782
342	8	1.120904	0.1941041	0.4197782
342	9	1.120904	0.1941041	0.4197782
342	10	1.120904	0.1941041	0.4197782
342	11	1.120904	0.1941041	0.4197782
342	12	1.120904	0.1941041	0.4197782
344	1	-0.1086206	0.5618658	0.3986639
344	2	-0.1086206	0.5618658	0.3986639
344	3	1.120904	0.1941041	0.4197782
344	4	-0.1334005	0.5692777	0.3982383
344	5	1.120904	0.1941041	0.4197782
344	6	1.120904	0.1941041	0.4197782
344	7	1.120904	0.1941041	0.4197782
344	8	1.120904	0.1941041	0.4197782
344	9	1.120904	0.1941041	0.4197782
344	10	1.169459	0.1795810	0.420612
344	11	-0.1086206	0.5618658	0.3986639
344	12	-0.1086206	0.5618658	0.3986639
345	1	-0.1086206	0.5618658	0.3986639
345	2	-0.1086206	0.5618658	0.3986639
345	3	1.120904	0.1941041	0.4197782
345	4	-0.1334005	0.5692777	0.3982383
345	5	1.120904	0.1941041	0.4197782
345	6	1.120904	0.1941041	0.4197782
345	7	1.120904	0.1941041	0.4197782
345	8	1.120904	0.1941041	0.4197782
345	9	1.120904	0.1941041	0.4197782
345	10	1.169459	0.1795810	0.420612
345	11	-0.1086206	0.5618658	0.3986639
345	12	-0.1086206	0.5618658	0.3986639
346	1	-0.1086206	0.5618658	0.3986639
346	2	-0.1086206	0.5618658	0.3986639
346	3	1.120904	0.1941041	0.4197782
346	4	-0.1334005	0.5692777	0.3982383
346	5	1.120904	0.1941041	0.4197782
346	6	1.120904	0.1941041	0.4197782
346	7	1.120904	0.1941041	0.4197782
346	8	1.120904	0.1941041	0.4197782
346	9	1.120904	0.1941041	0.4197782
346	10	1.169459	0.1795810	0.420612
346	11	-0.1086206	0.5618658	0.3986639
346	12	-0.1086206	0.5618658	0.3986639
348	1	1.120904	0.1941041	0.4197782
348	2	1.120904	0.1941041	0.4197782
348	3	1.120904	0.1941041	0.4197782
348	4	1.120904	0.1941041	0.4197782
348	5	1.120904	0.1941041	0.4197782
348	6	1.120904	0.1941041	0.4197782
348	7	1.120904	0.1941041	0.4197782
348	8	1.120904	0.1941041	0.4197782
348	9	1.120904	0.1941041	0.4197782
348	10	1.120904	0.1941041	0.4197782
348	11	1.120904	0.1941041	0.4197782
348	12	1.120904	0.1941041	0.4197782
349	1	1.120904	0.1941041	0.4197782
349	2	1.120904	0.1941041	0.4197782
349	3	1.120904	0.1941041	0.4197782
349	4	1.120904	0.1941041	0.4197782
349	5	1.120904	0.1941041	0.4197782
349	6	1.120904	0.1941041	0.4197782
349	7	1.120904	0.1941041	0.4197782
349	8	1.120904	0.1941041	0.4197782
349	9	1.120904	0.1941041	0.4197782
349	10	1.120904	0.1941041	0.4197782
349	11	1.120904	0.1941041	0.4197782
349	12	1.120904	0.1941041	0.4197782
350	1	1.120904	0.1941041	0.4197782
350	2	1.120904	0.1941041	0.4197782
350	3	1.120904	0.1941041	0.4197782
350	4	1.120904	0.1941041	0.4197782
350	5	1.120904	0.1941041	0.4197782
350	6	1.120904	0.1941041	0.4197782
350	7	1.120904	0.1941041	0.4197782
350	8	1.120904	0.1941041	0.4197782
350	9	1.120904	0.1941041	0.4197782
350	10	1.120904	0.1941041	0.4197782
350	11	1.120904	0.1941041	0.4197782
350	12	1.120904	0.1941041	0.4197782
351	1	1.120904	0.1941041	0.4197782
351	2	1.120904	0.1941041	0.4197782
351	3	1.120904	0.1941041	0.4197782
351	4	1.120904	0.1941041	0.4197782
351	5	1.120904	0.1941041	0.4197782
351	6	1.120904	0.1941041	0.4197782
351	7	1.120904	0.1941041	0.4197782
351	8	1.120904	0.1941041	0.4197782
351	9	1.120904	0.1941041	0.4197782
351	10	1.120904	0.1941041	0.4197782
351	11	1.120904	0.1941041	0.4197782
351	12	1.120904	0.1941041	0.4197782
352	1	1.120904	0.1941041	0.4197782
352	2	1.120904	0.1941041	0.4197782
352	3	1.120904	0.1941041	0.4197782
352	4	1.120904	0.1941041	0.4197782
352	5	1.120904	0.1941041	0.4197782
352	6	1.120904	0.1941041	0.4197782
352	7	1.120904	0.1941041	0.4197782
352	8	1.120904	0.1941041	0.4197782
352	9	1.120904	0.1941041	0.4197782
352	10	1.120904	0.1941041	0.4197782
352	11	1.120904	0.1941041	0.4197782
352	12	1.120904	0.1941041	0.4197782
353	1	1.120904	0.1941041	0.4197782
353	2	1.120904	0.1941041	0.4197782
353	3	1.120904	0.1941041	0.4197782
353	4	1.120904	0.1941041	0.4197782
353	5	1.120904	0.1941041	0.4197782
353	6	1.120904	0.1941041	0.4197782
353	7	1.120904	0.1941041	0.4197782
353	8	1.120904	0.1941041	0.4197782
353	9	1.120904	0.1941041	0.4197782
353	10	1.120904	0.1941041	0.4197782
353	11	1.120904	0.1941041	0.4197782
353	12	1.120904	0.1941041	0.4197782
354	1	1.120904	0.1941041	0.4197782
354	2	1.120904	0.1941041	0.4197782
354	3	1.120904	0.1941041	0.4197782
354	4	1.120904	0.1941041	0.4197782
354	5	1.120904	0.1941041	0.4197782
354	6	1.120904	0.1941041	0.4197782
354	7	1.120904	0.1941041	0.4197782
354	8	1.120904	0.1941041	0.4197782
354	9	1.120904	0.1941041	0.4197782
354	10	1.120904	0.1941041	0.4197782
354	11	1.120904	0.1941041	0.4197782
354	12	1.120904	0.1941041	0.4197782
355	1	1.120904	0.1941041	0.4197782
355	2	1.120904	0.1941041	0.4197782
355	3	1.120904	0.1941041	0.4197782
355	4	1.120904	0.1941041	0.4197782
355	5	1.120904	0.1941041	0.4197782
355	6	1.120904	0.1941041	0.4197782
355	7	1.120904	0.1941041	0.4197782
355	8	1.120904	0.1941041	0.4197782
355	9	1.120904	0.1941041	0.4197782
355	10	1.120904	0.1941041	0.4197782
355	11	1.120904	0.1941041	0.4197782
355	12	1.120904	0.1941041	0.4197782
363	1	-0.1814496	0.5845974	0.3880214
363	2	-0.1480827	0.5714451	0.420027
363	3	1.137560	0.1696253	0.6132699
363	4	1.283531	0.1516447	0.3612922
363	5	1.283531	0.1516447	0.3612922
363	6	1.283531	0.1516447	0.3612922
363	7	-0.1480827	0.5714451	0.420027
363	8	-0.1480827	0.5714451	0.420027
363	9	-0.1814496	0.5845974	0.3880214
363	10	-0.1480827	0.5714451	0.420027
364	1	-0.08780747	0.5716378	0.2404955
364	2	-0.1453287	0.5694214	0.4319659
364	3	1.281695	0.1476922	0.4058723
364	4	1.287967	0.1467103	0.3971192
364	5	1.287967	0.1467103	0.3971192
364	6	1.287967	0.1467103	0.3971192
364	7	-0.1453287	0.5694214	0.4319659
364	8	-0.1453287	0.5694214	0.4319659
364	9	-0.08780747	0.5716378	0.2404955
364	10	-0.1453287	0.5694214	0.4319659
364	11	-0.2730165	0.5745151	0.7577667
364	12	-0.2730165	0.5745151	0.7577667
365	1	-0.08780747	0.5716378	0.2404955
365	2	-0.1453287	0.5694214	0.4319659
365	3	1.281695	0.1476922	0.4058723
365	4	1.287967	0.1467103	0.3971192
365	5	1.287967	0.1467103	0.3971192
365	6	1.287967	0.1467103	0.3971192
365	7	-0.1453287	0.5694214	0.4319659
365	8	-0.1453287	0.5694214	0.4319659
365	9	-0.08780747	0.5716378	0.2404955
365	10	-0.1453287	0.5694214	0.4319659
365	11	-0.2730165	0.5745151	0.7577667
365	12	-0.2730165	0.5745151	0.7577667
366	1	1.239007	0.1797413	0.2140733
366	2	-0.1380014	0.5647417	0.4567466
366	3	-0.1820149	0.5893888	0.3422071
366	7	-0.1380014	0.5647417	0.4567466
366	8	-0.1380014	0.5647417	0.4567466
366	9	1.239007	0.1797413	0.2140733
366	10	-0.1380014	0.5647417	0.4567466
366	11	0.503328	0.3092529	1.098616
366	12	0.503328	0.3092529	1.098616
380	1	1.120904	0.1941041	0.4197782
380	2	1.120904	0.1941041	0.4197782
380	3	1.120904	0.1941041	0.4197782
380	4	1.120904	0.1941041	0.4197782
380	5	1.120904	0.1941041	0.4197782
380	6	1.120904	0.1941041	0.4197782
380	7	1.120904	0.1941041	0.4197782
380	9	1.120904	0.1941041	0.4197782
380	10	1.120904	0.1941041	0.4197782
380	11	1.120904	0.1941041	0.4197782
380	12	1.120904	0.1941041	0.4197782
381	1	1.120904	0.1941041	0.4197782
381	2	1.120904	0.1941041	0.4197782
381	3	1.120904	0.1941041	0.4197782
381	4	1.120904	0.1941041	0.4197782
381	5	1.120904	0.1941041	0.4197782
381	6	1.120904	0.1941041	0.4197782
381	7	1.120904	0.1941041	0.4197782
381	8	1.120904	0.1941041	0.4197782
381	9	1.120904	0.1941041	0.4197782
381	10	1.120904	0.1941041	0.4197782
381	11	1.120904	0.1941041	0.4197782
381	12	1.120904	0.1941041	0.4197782
382	1	1.120904	0.1941041	0.4197782
382	2	1.120904	0.1941041	0.4197782
382	3	1.120904	0.1941041	0.4197782
382	4	1.120904	0.1941041	0.4197782
382	5	1.120904	0.1941041	0.4197782
382	6	1.120904	0.1941041	0.4197782
382	7	1.120904	0.1941041	0.4197782
382	8	1.120904	0.1941041	0.4197782
382	9	1.120904	0.1941041	0.4197782
382	10	1.120904	0.1941041	0.4197782
382	11	1.120904	0.1941041	0.4197782
382	12	1.120904	0.1941041	0.4197782
383	1	1.120904	0.1941041	0.4197782
383	2	1.120904	0.1941041	0.4197782
383	3	1.120904	0.1941041	0.4197782
383	4	1.120904	0.1941041	0.4197782
383	5	1.120904	0.1941041	0.4197782
383	6	1.120904	0.1941041	0.4197782
383	7	1.120904	0.1941041	0.4197782
383	8	1.120904	0.1941041	0.4197782
383	9	1.120904	0.1941041	0.4197782
383	10	1.120904	0.1941041	0.4197782
383	11	1.120904	0.1941041	0.4197782
383	12	1.120904	0.1941041	0.4197782
384	1	1.120904	0.1941041	0.4197782
384	2	1.120904	0.1941041	0.4197782
384	3	1.120904	0.1941041	0.4197782
384	4	1.120904	0.1941041	0.4197782
384	5	1.120904	0.1941041	0.4197782
384	6	1.120904	0.1941041	0.4197782
384	7	1.120904	0.1941041	0.4197782
384	8	1.120904	0.1941041	0.4197782
384	9	1.120904	0.1941041	0.4197782
384	10	1.120904	0.1941041	0.4197782
384	11	1.120904	0.1941041	0.4197782
384	12	1.120904	0.1941041	0.4197782
385	1	1.120904	0.1941041	0.4197782
385	2	1.120904	0.1941041	0.4197782
385	3	1.120904	0.1941041	0.4197782
385	4	1.120904	0.1941041	0.4197782
385	5	1.120904	0.1941041	0.4197782
385	6	1.120904	0.1941041	0.4197782
385	7	1.120904	0.1941041	0.4197782
385	8	1.120904	0.1941041	0.4197782
385	9	1.120904	0.1941041	0.4197782
385	10	1.120904	0.1941041	0.4197782
385	11	1.120904	0.1941041	0.4197782
385	12	1.120904	0.1941041	0.4197782
386	1	1.120904	0.1941041	0.4197782
386	2	1.120904	0.1941041	0.4197782
386	3	1.120904	0.1941041	0.4197782
386	4	1.120904	0.1941041	0.4197782
386	5	1.120904	0.1941041	0.4197782
386	6	1.120904	0.1941041	0.4197782
386	7	1.120904	0.1941041	0.4197782
386	8	1.120904	0.1941041	0.4197782
386	9	1.120904	0.1941041	0.4197782
386	10	1.120904	0.1941041	0.4197782
386	11	1.120904	0.1941041	0.4197782
386	12	1.120904	0.1941041	0.4197782
387	1	1.120904	0.1941041	0.4197782
387	3	1.120904	0.1941041	0.4197782
387	4	1.120904	0.1941041	0.4197782
387	5	1.120904	0.1941041	0.4197782
387	6	1.120904	0.1941041	0.4197782
387	7	1.120904	0.1941041	0.4197782
387	8	1.120904	0.1941041	0.4197782
387	9	1.120904	0.1941041	0.4197782
387	10	1.120904	0.1941041	0.4197782
387	11	1.120904	0.1941041	0.4197782
387	12	1.120904	0.1941041	0.4197782
388	1	1.120904	0.1941041	0.4197782
388	3	1.120904	0.1941041	0.4197782
388	4	1.120904	0.1941041	0.4197782
388	5	1.120904	0.1941041	0.4197782
388	6	1.120904	0.1941041	0.4197782
388	7	1.120904	0.1941041	0.4197782
388	8	1.120904	0.1941041	0.4197782
388	9	1.120904	0.1941041	0.4197782
388	10	1.120904	0.1941041	0.4197782
388	11	1.120904	0.1941041	0.4197782
388	12	1.120904	0.1941041	0.4197782
389	1	1.130960	0.1910975	0.4199399
389	2	-0.1645855	0.5786042	0.3977151
389	3	1.130960	0.1910975	0.4199399
389	4	1.130960	0.1910975	0.4199399
389	5	1.130960	0.1910975	0.4199399
389	6	1.130960	0.1910975	0.4199399
389	7	1.130960	0.1910975	0.4199399
389	8	1.130960	0.1910975	0.4199399
389	9	1.130960	0.1910975	0.4199399
389	10	1.130960	0.1910975	0.4199399
389	11	1.130960	0.1910975	0.4199399
389	12	1.130960	0.1910975	0.4199399
390	1	1.120904	0.1941041	0.4197782
390	2	1.120904	0.1941041	0.4197782
390	3	1.120904	0.1941041	0.4197782
390	4	1.120904	0.1941041	0.4197782
390	5	1.120904	0.1941041	0.4197782
390	6	1.120904	0.1941041	0.4197782
390	7	1.120904	0.1941041	0.4197782
390	8	1.120904	0.1941041	0.4197782
390	9	1.120904	0.1941041	0.4197782
390	10	1.120904	0.1941041	0.4197782
390	11	1.120904	0.1941041	0.4197782
390	12	1.120904	0.1941041	0.4197782
391	1	1.120904	0.1941041	0.4197782
391	2	1.120904	0.1941041	0.4197782
391	3	1.120904	0.1941041	0.4197782
391	4	1.120904	0.1941041	0.4197782
391	5	1.120904	0.1941041	0.4197782
391	6	1.120904	0.1941041	0.4197782
391	7	1.120904	0.1941041	0.4197782
391	8	1.120904	0.1941041	0.4197782
391	9	1.120904	0.1941041	0.4197782
391	10	1.120904	0.1941041	0.4197782
391	11	1.120904	0.1941041	0.4197782
391	12	1.120904	0.1941041	0.4197782
392	1	1.120904	0.1941041	0.4197782
392	2	1.120904	0.1941041	0.4197782
392	3	1.120904	0.1941041	0.4197782
392	4	1.120904	0.1941041	0.4197782
392	5	1.120904	0.1941041	0.4197782
392	6	1.120904	0.1941041	0.4197782
392	7	1.120904	0.1941041	0.4197782
392	8	1.120904	0.1941041	0.4197782
392	9	1.120904	0.1941041	0.4197782
392	10	1.120904	0.1941041	0.4197782
392	11	1.120904	0.1941041	0.4197782
392	12	1.120904	0.1941041	0.4197782
393	1	1.120904	0.1941041	0.4197782
393	2	1.120904	0.1941041	0.4197782
393	3	1.120904	0.1941041	0.4197782
393	4	1.120904	0.1941041	0.4197782
393	5	1.120904	0.1941041	0.4197782
393	6	1.120904	0.1941041	0.4197782
393	7	1.120904	0.1941041	0.4197782
393	8	1.120904	0.1941041	0.4197782
393	9	1.120904	0.1941041	0.4197782
393	10	1.120904	0.1941041	0.4197782
393	11	1.120904	0.1941041	0.4197782
393	12	1.120904	0.1941041	0.4197782
394	1	1.120904	0.1941041	0.4197782
394	2	1.120904	0.1941041	0.4197782
394	3	1.120904	0.1941041	0.4197782
394	4	1.120904	0.1941041	0.4197782
394	5	1.120904	0.1941041	0.4197782
394	6	1.120904	0.1941041	0.4197782
394	7	1.120904	0.1941041	0.4197782
394	8	1.120904	0.1941041	0.4197782
394	9	1.120904	0.1941041	0.4197782
394	10	1.120904	0.1941041	0.4197782
394	11	1.120904	0.1941041	0.4197782
394	12	1.120904	0.1941041	0.4197782
395	1	1.120904	0.1941041	0.4197782
395	2	1.120904	0.1941041	0.4197782
395	3	1.120904	0.1941041	0.4197782
395	4	1.120904	0.1941041	0.4197782
395	5	1.120904	0.1941041	0.4197782
395	6	1.120904	0.1941041	0.4197782
395	7	1.120904	0.1941041	0.4197782
395	8	1.120904	0.1941041	0.4197782
395	9	1.120904	0.1941041	0.4197782
395	10	1.120904	0.1941041	0.4197782
395	11	1.120904	0.1941041	0.4197782
395	12	1.120904	0.1941041	0.4197782
396	1	1.120904	0.1941041	0.4197782
396	2	1.120904	0.1941041	0.4197782
396	3	1.120904	0.1941041	0.4197782
396	4	1.120904	0.1941041	0.4197782
396	5	1.120904	0.1941041	0.4197782
396	6	1.120904	0.1941041	0.4197782
396	7	1.120904	0.1941041	0.4197782
396	8	1.120904	0.1941041	0.4197782
396	9	1.120904	0.1941041	0.4197782
396	10	1.120904	0.1941041	0.4197782
396	11	1.120904	0.1941041	0.4197782
396	12	1.120904	0.1941041	0.4197782
397	1	1.120904	0.1941041	0.4197782
397	2	1.120904	0.1941041	0.4197782
397	3	1.120904	0.1941041	0.4197782
397	4	1.120904	0.1941041	0.4197782
397	5	1.120904	0.1941041	0.4197782
397	6	1.120904	0.1941041	0.4197782
397	7	1.120904	0.1941041	0.4197782
397	8	1.120904	0.1941041	0.4197782
397	9	1.120904	0.1941041	0.4197782
397	10	1.120904	0.1941041	0.4197782
397	11	1.120904	0.1941041	0.4197782
397	12	1.120904	0.1941041	0.4197782
398	1	1.120904	0.1941041	0.4197782
398	2	1.120904	0.1941041	0.4197782
398	3	1.120904	0.1941041	0.4197782
398	4	1.120904	0.1941041	0.4197782
398	5	1.120904	0.1941041	0.4197782
398	6	1.120904	0.1941041	0.4197782
398	7	1.120904	0.1941041	0.4197782
398	8	1.120904	0.1941041	0.4197782
398	9	1.120904	0.1941041	0.4197782
398	10	1.120904	0.1941041	0.4197782
398	11	1.120904	0.1941041	0.4197782
398	12	1.120904	0.1941041	0.4197782
399	1	1.120904	0.1941041	0.4197782
399	2	1.120904	0.1941041	0.4197782
399	3	1.120904	0.1941041	0.4197782
399	4	1.120904	0.1941041	0.4197782
399	5	1.120904	0.1941041	0.4197782
399	6	1.120904	0.1941041	0.4197782
399	7	1.120904	0.1941041	0.4197782
399	8	1.120904	0.1941041	0.4197782
399	9	1.120904	0.1941041	0.4197782
399	10	1.120904	0.1941041	0.4197782
399	11	1.120904	0.1941041	0.4197782
399	12	1.120904	0.1941041	0.4197782
400	1	1.120904	0.1941041	0.4197782
400	2	1.120904	0.1941041	0.4197782
400	3	1.120904	0.1941041	0.4197782
400	4	1.120904	0.1941041	0.4197782
400	5	1.120904	0.1941041	0.4197782
400	6	1.120904	0.1941041	0.4197782
400	7	1.120904	0.1941041	0.4197782
400	8	1.120904	0.1941041	0.4197782
400	9	1.120904	0.1941041	0.4197782
400	10	1.120904	0.1941041	0.4197782
400	11	1.120904	0.1941041	0.4197782
400	12	1.120904	0.1941041	0.4197782
401	1	1.120904	0.1941041	0.4197782
401	2	1.120904	0.1941041	0.4197782
401	3	1.120904	0.1941041	0.4197782
401	4	1.120904	0.1941041	0.4197782
401	5	1.120904	0.1941041	0.4197782
401	6	1.120904	0.1941041	0.4197782
401	7	1.120904	0.1941041	0.4197782
401	8	1.120904	0.1941041	0.4197782
401	9	1.120904	0.1941041	0.4197782
401	10	1.120904	0.1941041	0.4197782
401	11	1.120904	0.1941041	0.4197782
401	12	1.120904	0.1941041	0.4197782
402	1	1.120904	0.1941041	0.4197782
402	2	1.120904	0.1941041	0.4197782
402	3	1.120904	0.1941041	0.4197782
402	4	1.120904	0.1941041	0.4197782
402	5	1.120904	0.1941041	0.4197782
402	6	1.120904	0.1941041	0.4197782
402	7	1.120904	0.1941041	0.4197782
402	8	1.120904	0.1941041	0.4197782
402	9	1.120904	0.1941041	0.4197782
402	10	1.120904	0.1941041	0.4197782
402	11	1.120904	0.1941041	0.4197782
402	12	1.120904	0.1941041	0.4197782
403	1	1.120904	0.1941041	0.4197782
403	2	1.120904	0.1941041	0.4197782
403	3	1.120904	0.1941041	0.4197782
403	4	1.120904	0.1941041	0.4197782
403	5	1.120904	0.1941041	0.4197782
403	6	1.120904	0.1941041	0.4197782
403	7	1.120904	0.1941041	0.4197782
403	8	1.120904	0.1941041	0.4197782
403	9	1.120904	0.1941041	0.4197782
403	10	1.120904	0.1941041	0.4197782
403	11	1.120904	0.1941041	0.4197782
403	12	1.120904	0.1941041	0.4197782
404	1	1.120904	0.1941041	0.4197782
404	2	1.120904	0.1941041	0.4197782
404	3	1.120904	0.1941041	0.4197782
404	4	1.120904	0.1941041	0.4197782
404	5	1.120904	0.1941041	0.4197782
404	6	1.120904	0.1941041	0.4197782
404	7	1.120904	0.1941041	0.4197782
404	8	1.120904	0.1941041	0.4197782
404	9	1.120904	0.1941041	0.4197782
404	10	1.120904	0.1941041	0.4197782
404	11	1.120904	0.1941041	0.4197782
404	12	1.120904	0.1941041	0.4197782
405	1	1.120904	0.1941041	0.4197782
405	2	1.120904	0.1941041	0.4197782
405	3	1.120904	0.1941041	0.4197782
405	4	1.120904	0.1941041	0.4197782
405	5	1.120904	0.1941041	0.4197782
405	6	1.120904	0.1941041	0.4197782
405	7	1.120904	0.1941041	0.4197782
405	8	1.120904	0.1941041	0.4197782
405	9	1.120904	0.1941041	0.4197782
405	10	1.120904	0.1941041	0.4197782
405	11	1.120904	0.1941041	0.4197782
405	12	1.120904	0.1941041	0.4197782
406	1	1.120904	0.1941041	0.4197782
406	2	1.120904	0.1941041	0.4197782
406	3	1.120904	0.1941041	0.4197782
406	4	1.120904	0.1941041	0.4197782
406	5	1.120904	0.1941041	0.4197782
406	6	1.120904	0.1941041	0.4197782
406	7	1.120904	0.1941041	0.4197782
406	8	1.120904	0.1941041	0.4197782
406	9	1.120904	0.1941041	0.4197782
406	10	1.120904	0.1941041	0.4197782
406	11	1.120904	0.1941041	0.4197782
406	12	1.120904	0.1941041	0.4197782
407	1	1.120904	0.1941041	0.4197782
407	2	1.120904	0.1941041	0.4197782
407	3	1.120904	0.1941041	0.4197782
407	4	1.120904	0.1941041	0.4197782
407	5	1.120904	0.1941041	0.4197782
407	6	1.120904	0.1941041	0.4197782
407	7	1.120904	0.1941041	0.4197782
407	8	1.120904	0.1941041	0.4197782
407	9	1.120904	0.1941041	0.4197782
407	10	1.120904	0.1941041	0.4197782
407	11	1.120904	0.1941041	0.4197782
407	12	1.120904	0.1941041	0.4197782
408	1	1.120904	0.1941041	0.4197782
408	2	1.120904	0.1941041	0.4197782
408	3	1.120904	0.1941041	0.4197782
408	4	1.120904	0.1941041	0.4197782
408	5	1.120904	0.1941041	0.4197782
408	6	1.120904	0.1941041	0.4197782
408	7	1.120904	0.1941041	0.4197782
408	8	1.120904	0.1941041	0.4197782
408	9	1.120904	0.1941041	0.4197782
408	10	1.120904	0.1941041	0.4197782
408	11	1.120904	0.1941041	0.4197782
408	12	1.120904	0.1941041	0.4197782
409	1	1.120904	0.1941041	0.4197782
409	2	1.120904	0.1941041	0.4197782
409	3	1.120904	0.1941041	0.4197782
409	4	1.120904	0.1941041	0.4197782
409	5	1.120904	0.1941041	0.4197782
409	6	1.120904	0.1941041	0.4197782
409	7	1.120904	0.1941041	0.4197782
409	8	1.120904	0.1941041	0.4197782
409	9	1.120904	0.1941041	0.4197782
409	10	1.120904	0.1941041	0.4197782
409	11	1.120904	0.1941041	0.4197782
409	12	1.120904	0.1941041	0.4197782
410	1	1.120904	0.1941041	0.4197782
410	2	1.120904	0.1941041	0.4197782
410	3	1.120904	0.1941041	0.4197782
410	4	1.120904	0.1941041	0.4197782
410	5	1.120904	0.1941041	0.4197782
410	6	1.120904	0.1941041	0.4197782
410	7	1.120904	0.1941041	0.4197782
410	8	1.120904	0.1941041	0.4197782
410	9	1.120904	0.1941041	0.4197782
410	10	1.120904	0.1941041	0.4197782
410	11	1.120904	0.1941041	0.4197782
410	12	1.120904	0.1941041	0.4197782
411	1	1.120904	0.1941041	0.4197782
411	2	1.120904	0.1941041	0.4197782
411	3	1.120904	0.1941041	0.4197782
411	4	1.120904	0.1941041	0.4197782
411	5	1.120904	0.1941041	0.4197782
411	6	1.120904	0.1941041	0.4197782
411	7	1.120904	0.1941041	0.4197782
411	8	1.120904	0.1941041	0.4197782
411	9	1.120904	0.1941041	0.4197782
411	10	1.120904	0.1941041	0.4197782
411	11	1.120904	0.1941041	0.4197782
411	12	1.120904	0.1941041	0.4197782
412	1	1.120904	0.1941041	0.4197782
412	2	1.120904	0.1941041	0.4197782
412	3	1.120904	0.1941041	0.4197782
412	4	1.120904	0.1941041	0.4197782
412	5	1.120904	0.1941041	0.4197782
412	6	1.120904	0.1941041	0.4197782
412	7	1.120904	0.1941041	0.4197782
412	8	1.120904	0.1941041	0.4197782
412	9	1.120904	0.1941041	0.4197782
412	10	1.120904	0.1941041	0.4197782
412	11	1.120904	0.1941041	0.4197782
412	12	1.120904	0.1941041	0.4197782
413	1	1.120904	0.1941041	0.4197782
413	2	1.120904	0.1941041	0.4197782
413	3	1.120904	0.1941041	0.4197782
413	4	1.120904	0.1941041	0.4197782
413	5	1.120904	0.1941041	0.4197782
413	6	1.120904	0.1941041	0.4197782
413	7	1.120904	0.1941041	0.4197782
413	8	1.120904	0.1941041	0.4197782
413	9	1.120904	0.1941041	0.4197782
413	10	1.120904	0.1941041	0.4197782
413	11	1.120904	0.1941041	0.4197782
413	12	1.120904	0.1941041	0.4197782
414	1	1.120904	0.1941041	0.4197782
414	2	1.120904	0.1941041	0.4197782
414	3	1.120904	0.1941041	0.4197782
414	4	1.120904	0.1941041	0.4197782
414	5	1.120904	0.1941041	0.4197782
414	6	1.120904	0.1941041	0.4197782
414	7	1.120904	0.1941041	0.4197782
414	8	1.120904	0.1941041	0.4197782
414	9	1.120904	0.1941041	0.4197782
414	10	1.120904	0.1941041	0.4197782
414	11	1.120904	0.1941041	0.4197782
414	12	1.120904	0.1941041	0.4197782
415	1	1.120904	0.1941041	0.4197782
415	2	1.120904	0.1941041	0.4197782
415	3	1.120904	0.1941041	0.4197782
415	4	1.120904	0.1941041	0.4197782
415	5	1.120904	0.1941041	0.4197782
415	6	1.120904	0.1941041	0.4197782
415	7	1.120904	0.1941041	0.4197782
415	8	1.120904	0.1941041	0.4197782
415	9	1.120904	0.1941041	0.4197782
415	10	1.120904	0.1941041	0.4197782
415	11	1.120904	0.1941041	0.4197782
415	12	1.120904	0.1941041	0.4197782
416	1	1.120904	0.1941041	0.4197782
416	2	1.120904	0.1941041	0.4197782
416	3	1.120904	0.1941041	0.4197782
416	4	1.120904	0.1941041	0.4197782
416	5	1.120904	0.1941041	0.4197782
416	6	1.120904	0.1941041	0.4197782
416	7	1.120904	0.1941041	0.4197782
416	8	1.120904	0.1941041	0.4197782
416	9	1.120904	0.1941041	0.4197782
416	10	1.120904	0.1941041	0.4197782
416	11	1.120904	0.1941041	0.4197782
416	12	1.120904	0.1941041	0.4197782
417	1	1.120904	0.1941041	0.4197782
417	2	1.120904	0.1941041	0.4197782
417	3	1.120904	0.1941041	0.4197782
417	4	1.120904	0.1941041	0.4197782
417	5	1.120904	0.1941041	0.4197782
417	6	1.120904	0.1941041	0.4197782
417	7	1.120904	0.1941041	0.4197782
417	8	1.120904	0.1941041	0.4197782
417	9	1.120904	0.1941041	0.4197782
417	10	1.120904	0.1941041	0.4197782
417	11	1.120904	0.1941041	0.4197782
417	12	1.120904	0.1941041	0.4197782
418	1	1.120904	0.1941041	0.4197782
418	2	1.120904	0.1941041	0.4197782
418	3	1.120904	0.1941041	0.4197782
418	4	1.120904	0.1941041	0.4197782
418	5	1.120904	0.1941041	0.4197782
418	6	1.120904	0.1941041	0.4197782
418	7	1.120904	0.1941041	0.4197782
418	8	1.120904	0.1941041	0.4197782
418	9	1.120904	0.1941041	0.4197782
418	10	1.120904	0.1941041	0.4197782
418	11	1.120904	0.1941041	0.4197782
418	12	1.120904	0.1941041	0.4197782
419	1	1.120904	0.1941041	0.4197782
419	2	1.120904	0.1941041	0.4197782
419	3	1.120904	0.1941041	0.4197782
419	4	1.120904	0.1941041	0.4197782
419	5	1.120904	0.1941041	0.4197782
419	6	1.120904	0.1941041	0.4197782
419	7	1.120904	0.1941041	0.4197782
419	8	1.120904	0.1941041	0.4197782
419	9	1.120904	0.1941041	0.4197782
419	10	1.120904	0.1941041	0.4197782
419	11	1.120904	0.1941041	0.4197782
419	12	1.120904	0.1941041	0.4197782
420	1	0.9202927	0.2894113	0.06650112
420	2	-0.1973940	0.5881391	0.3999106
420	3	0.5172734	0.3087837	1.062171
420	4	0.5172734	0.3087837	1.062171
420	5	0.5172734	0.3087837	1.062171
420	6	0.5172734	0.3087837	1.062171
420	7	0.5172734	0.3087837	1.062171
420	8	0.5172734	0.3087837	1.062171
420	9	0.9202927	0.2894113	0.06650112
420	10	0.9202927	0.2894113	0.06650112
420	11	0.9202927	0.2894113	0.06650112
420	12	0.9202927	0.2894113	0.06650112
421	3	1.120904	0.1941041	0.4197782
421	4	1.120904	0.1941041	0.4197782
421	5	1.120904	0.1941041	0.4197782
421	6	1.120904	0.1941041	0.4197782
421	7	1.120904	0.1941041	0.4197782
421	8	1.120904	0.1941041	0.4197782
422	3	1.120904	0.1941041	0.4197782
422	4	1.120904	0.1941041	0.4197782
422	5	1.120904	0.1941041	0.4197782
422	6	1.120904	0.1941041	0.4197782
422	7	1.120904	0.1941041	0.4197782
422	8	1.120904	0.1941041	0.4197782
423	3	1.120904	0.1941041	0.4197782
423	4	1.120904	0.1941041	0.4197782
423	5	1.120904	0.1941041	0.4197782
423	6	1.120904	0.1941041	0.4197782
423	7	1.120904	0.1941041	0.4197782
423	8	1.120904	0.1941041	0.4197782
424	3	1.120904	0.1941041	0.4197782
424	4	1.120904	0.1941041	0.4197782
424	5	1.120904	0.1941041	0.4197782
424	6	1.120904	0.1941041	0.4197782
424	7	1.120904	0.1941041	0.4197782
424	8	1.120904	0.1941041	0.4197782
425	3	1.120904	0.1941041	0.4197782
425	4	1.120904	0.1941041	0.4197782
425	5	1.120904	0.1941041	0.4197782
425	6	1.120904	0.1941041	0.4197782
425	7	1.120904	0.1941041	0.4197782
425	8	1.120904	0.1941041	0.4197782
426	3	1.120904	0.1941041	0.4197782
426	4	1.120904	0.1941041	0.4197782
426	5	1.120904	0.1941041	0.4197782
426	6	1.120904	0.1941041	0.4197782
426	7	1.120904	0.1941041	0.4197782
426	8	1.120904	0.1941041	0.4197782
427	3	1.120904	0.1941041	0.4197782
427	4	1.120904	0.1941041	0.4197782
427	5	1.120904	0.1941041	0.4197782
427	6	1.120904	0.1941041	0.4197782
427	7	1.120904	0.1941041	0.4197782
427	8	1.120904	0.1941041	0.4197782
428	3	1.120904	0.1941041	0.4197782
428	4	1.120904	0.1941041	0.4197782
428	5	1.120904	0.1941041	0.4197782
428	6	1.120904	0.1941041	0.4197782
428	7	1.120904	0.1941041	0.4197782
428	8	1.120904	0.1941041	0.4197782
429	3	1.120904	0.1941041	0.4197782
429	4	1.120904	0.1941041	0.4197782
429	5	1.120904	0.1941041	0.4197782
429	6	1.120904	0.1941041	0.4197782
429	7	1.120904	0.1941041	0.4197782
429	8	1.120904	0.1941041	0.4197782
430	3	1.120904	0.1941041	0.4197782
430	4	1.120904	0.1941041	0.4197782
430	5	1.120904	0.1941041	0.4197782
430	6	1.120904	0.1941041	0.4197782
430	7	1.120904	0.1941041	0.4197782
430	8	1.120904	0.1941041	0.4197782
431	3	1.120904	0.1941041	0.4197782
431	4	1.120904	0.1941041	0.4197782
431	5	1.120904	0.1941041	0.4197782
431	6	1.120904	0.1941041	0.4197782
431	7	1.120904	0.1941041	0.4197782
431	8	1.120904	0.1941041	0.4197782
432	3	1.120904	0.1941041	0.4197782
432	4	1.120904	0.1941041	0.4197782
432	5	1.120904	0.1941041	0.4197782
432	6	1.120904	0.1941041	0.4197782
432	7	1.120904	0.1941041	0.4197782
432	8	1.120904	0.1941041	0.4197782
433	3	1.120904	0.1941041	0.4197782
433	4	1.120904	0.1941041	0.4197782
433	5	1.120904	0.1941041	0.4197782
433	6	1.120904	0.1941041	0.4197782
433	7	1.120904	0.1941041	0.4197782
433	8	1.120904	0.1941041	0.4197782
434	3	1.120904	0.1941041	0.4197782
434	4	1.120904	0.1941041	0.4197782
434	5	1.120904	0.1941041	0.4197782
434	6	1.120904	0.1941041	0.4197782
434	7	1.120904	0.1941041	0.4197782
434	8	1.120904	0.1941041	0.4197782
435	3	1.120904	0.1941041	0.4197782
435	8	1.120904	0.1941041	0.4197782
436	3	1.164568	0.1810439	0.420528
436	4	-0.1358476	0.5700097	0.3981963
436	5	-0.1358476	0.5700097	0.3981963
436	6	-0.1358476	0.5700097	0.3981963
436	8	1.238767	0.1588501	0.4218022
437	3	1.145085	0.1868718	0.4201878
437	4	-0.1455828	0.572921	0.3980351
437	5	-0.1455828	0.572921	0.3980351
437	6	-0.1455828	0.572921	0.3980351
437	7	1.218808	0.1648207	0.4214534
437	8	1.218808	0.1648207	0.4214534
438	3	1.130556	0.1912181	0.4199362
438	5	-0.1528247	0.5750868	0.3979132
438	6	-0.1528247	0.5750868	0.3979132
438	7	1.203922	0.1692736	0.4211954
438	8	1.203922	0.1692736	0.4211954
439	3	1.164139	0.1756065	0.4756741
439	4	-0.2185375	0.5918539	0.4254062
439	5	0.795551	0.3303155	0.02875625
439	6	0.795551	0.3303155	0.02875625
439	7	0.2965574	0.3544037	1.260516
439	8	0.2965574	0.3544037	1.260516
440	7	1.120904	0.1941041	0.4197782
440	8	1.120904	0.1941041	0.4197782
441	3	-0.1169581	0.5643565	0.3985525
441	4	-0.1169581	0.5643565	0.3985525
441	5	1.153201	0.184447	0.4203004
441	6	1.153201	0.184447	0.4203004
441	7	-0.1169581	0.5643565	0.3985525
441	8	-0.1169581	0.5643565	0.3985525
442	3	-0.1186093	0.5648516	0.3985118
442	4	-0.1186093	0.5648516	0.3985118
442	5	1.149951	0.1854178	0.4202574
442	6	1.149951	0.1854178	0.4202574
442	7	-0.1186093	0.5648516	0.3985118
443	3	-0.1186093	0.5648516	0.3985118
443	4	-0.1186093	0.5648516	0.3985118
443	5	1.149951	0.1854178	0.4202574
443	6	1.149951	0.1854178	0.4202574
443	7	-0.1186093	0.5648516	0.3985118
444	3	-0.1186093	0.5648516	0.3985118
444	4	-0.1186093	0.5648516	0.3985118
444	5	1.149951	0.1854178	0.4202574
444	6	1.149951	0.1854178	0.4202574
444	7	-0.1186093	0.5648516	0.3985118
445	3	-0.1169581	0.5643565	0.3985525
445	4	-0.1169581	0.5643565	0.3985525
445	5	1.153201	0.184447	0.4203004
445	6	1.153201	0.184447	0.4203004
445	7	-0.1169581	0.5643565	0.3985525
445	8	-0.1169581	0.5643565	0.3985525
446	3	-0.1169581	0.5643565	0.3985525
446	4	-0.1169581	0.5643565	0.3985525
446	5	1.153201	0.184447	0.4203004
446	6	1.153201	0.184447	0.4203004
446	7	-0.1169581	0.5643565	0.3985525
446	8	-0.1169581	0.5643565	0.3985525
447	3	-0.1169581	0.5643565	0.3985525
447	4	-0.1169581	0.5643565	0.3985525
447	5	1.153201	0.184447	0.4203004
447	6	1.153201	0.184447	0.4203004
447	7	-0.1169581	0.5643565	0.3985525
447	8	-0.1169581	0.5643565	0.3985525
448	3	1.120904	0.1941041	0.4197782
448	4	1.120904	0.1941041	0.4197782
448	7	1.120904	0.1941041	0.4197782
448	8	1.120904	0.1941041	0.4197782
449	3	-0.1169581	0.5643565	0.3985525
449	4	-0.1169581	0.5643565	0.3985525
449	5	1.153201	0.184447	0.4203004
449	6	1.153201	0.184447	0.4203004
449	7	-0.1169581	0.5643565	0.3985525
449	8	-0.1169581	0.5643565	0.3985525
450	3	-0.1169581	0.5643565	0.3985525
450	4	-0.1169581	0.5643565	0.3985525
450	5	1.153201	0.184447	0.4203004
450	6	1.153201	0.184447	0.4203004
450	7	-0.1169581	0.5643565	0.3985525
450	8	-0.1169581	0.5643565	0.3985525
451	1	1.109304	0.1824041	0.5699031
451	2	0.6484236	0.3765985	0.003676455
451	3	-0.1948625	0.5748032	0.5246034
451	4	-0.1948625	0.5748032	0.5246034
451	5	-0.1948625	0.5748032	0.5246034
451	6	-0.1948625	0.5748032	0.5246034
451	7	-0.1948625	0.5748032	0.5246034
451	8	-0.1948625	0.5748032	0.5246034
451	9	1.109304	0.1824041	0.5699031
451	10	1.109304	0.1824041	0.5699031
451	11	1.109304	0.1824041	0.5699031
451	12	1.109304	0.1824041	0.5699031
452	1	1.109304	0.1824041	0.5699031
452	2	0.6484236	0.3765985	0.003676455
452	3	-0.1948625	0.5748032	0.5246034
452	4	-0.1948625	0.5748032	0.5246034
452	5	-0.1948625	0.5748032	0.5246034
452	6	-0.1948625	0.5748032	0.5246034
452	7	-0.1948625	0.5748032	0.5246034
452	8	-0.1948625	0.5748032	0.5246034
452	9	1.109304	0.1824041	0.5699031
452	10	1.109304	0.1824041	0.5699031
452	11	1.109304	0.1824041	0.5699031
452	12	1.109304	0.1824041	0.5699031
453	1	1.106600	0.1836464	0.5655606
453	2	0.5935402	0.3930291	0.002590038
453	4	-0.2076628	0.5757677	0.5527668
453	5	-0.2076628	0.5757677	0.5527668
453	6	-0.2076628	0.5757677	0.5527668
453	7	-0.2076628	0.5757677	0.5527668
453	8	-0.2076628	0.5757677	0.5527668
453	9	1.106600	0.1836464	0.5655606
453	10	1.106600	0.1836464	0.5655606
453	11	1.106600	0.1836464	0.5655606
453	12	1.106600	0.1836464	0.5655606
454	1	1.194085	0.1722263	0.4209224
454	4	-0.1456326	0.5729251	0.3981408
454	5	-0.1456326	0.5729251	0.3981408
454	6	-0.1456326	0.5729251	0.3981408
454	7	-0.1456326	0.5729251	0.3981408
454	8	-0.1456326	0.5729251	0.3981408
454	9	1.194085	0.1722263	0.4209224
454	10	1.194085	0.1722263	0.4209224
454	11	1.194085	0.1722263	0.4209224
454	12	1.194085	0.1722263	0.4209224
455	2	1.397598	0.1091821	0.4459392
455	4	-0.2502377	0.5243952	1.187306
455	5	-0.2502377	0.5243952	1.187306
455	6	-0.2502377	0.5243952	1.187306
455	7	-0.2502377	0.5243952	1.187306
455	8	-0.2502377	0.5243952	1.187306
455	9	0.3912389	0.4510013	0.02426539
455	10	0.3912389	0.4510013	0.02426539
455	11	0.3912389	0.4510013	0.02426539
455	12	0.3912389	0.4510013	0.02426539
456	1	-0.0759015	0.5737368	0.1846094
456	2	-0.3644069	0.5996121	0.7783821
456	4	0.9996625	0.2013219	0.7055354
456	5	0.9996625	0.2013219	0.7055354
456	6	0.9996625	0.2013219	0.7055354
456	7	0.9996625	0.2013219	0.7055354
456	8	0.9996625	0.2013219	0.7055354
456	9	0.7061119	0.3577799	0.02016072
456	10	0.7061119	0.3577799	0.02016072
457	1	-0.0759015	0.5737368	0.1846094
457	2	-0.3644069	0.5996121	0.7783821
457	4	0.9996625	0.2013219	0.7055354
457	5	0.9996625	0.2013219	0.7055354
457	6	0.9996625	0.2013219	0.7055354
457	7	0.9996625	0.2013219	0.7055354
457	8	0.9996625	0.2013219	0.7055354
457	9	0.7061119	0.3577799	0.02016072
457	10	0.7061119	0.3577799	0.02016072
458	1	1.099032	0.1841557	0.582816
458	2	0.6660644	0.3712814	0.004381038
458	3	-0.1916132	0.5746582	0.5164652
458	4	-0.1916132	0.5746582	0.5164652
458	5	-0.1916132	0.5746582	0.5164652
458	6	-0.1916132	0.5746582	0.5164652
458	7	-0.1916132	0.5746582	0.5164652
458	8	-0.1916132	0.5746582	0.5164652
458	9	1.099032	0.1841557	0.582816
458	10	1.099032	0.1841557	0.582816
458	11	1.100307	0.1842008	0.5786129
458	12	1.100307	0.1842008	0.5786129
459	1	1.099032	0.1841557	0.582816
459	2	0.6660644	0.3712814	0.004381038
459	3	-0.1916132	0.5746582	0.5164652
459	4	-0.1916132	0.5746582	0.5164652
459	5	-0.1916132	0.5746582	0.5164652
459	6	-0.1916132	0.5746582	0.5164652
459	7	-0.1916132	0.5746582	0.5164652
459	8	-0.1916132	0.5746582	0.5164652
459	9	1.099032	0.1841557	0.582816
459	10	1.099032	0.1841557	0.582816
459	11	1.100307	0.1842008	0.5786129
459	12	1.100307	0.1842008	0.5786129
460	3	1.120904	0.1941041	0.4197782
460	4	1.120904	0.1941041	0.4197782
460	5	1.120904	0.1941041	0.4197782
460	6	1.120904	0.1941041	0.4197782
460	7	1.120904	0.1941041	0.4197782
460	8	1.120904	0.1941041	0.4197782
461	3	1.120904	0.1941041	0.4197782
461	4	1.120904	0.1941041	0.4197782
461	5	1.120904	0.1941041	0.4197782
461	6	1.120904	0.1941041	0.4197782
461	7	1.120904	0.1941041	0.4197782
461	8	1.120904	0.1941041	0.4197782
462	3	1.120904	0.1941041	0.4197782
462	4	1.120904	0.1941041	0.4197782
462	5	1.120904	0.1941041	0.4197782
462	6	1.120904	0.1941041	0.4197782
462	7	1.120904	0.1941041	0.4197782
462	8	1.120904	0.1941041	0.4197782
463	3	1.120904	0.1941041	0.4197782
463	4	1.120904	0.1941041	0.4197782
463	5	1.120904	0.1941041	0.4197782
463	6	1.120904	0.1941041	0.4197782
463	7	1.120904	0.1941041	0.4197782
463	8	1.120904	0.1941041	0.4197782
464	3	1.120904	0.1941041	0.4197782
464	4	1.120904	0.1941041	0.4197782
464	5	1.120904	0.1941041	0.4197782
464	6	1.120904	0.1941041	0.4197782
464	7	1.120904	0.1941041	0.4197782
464	8	1.120904	0.1941041	0.4197782
465	3	1.120904	0.1941041	0.4197782
465	4	1.120904	0.1941041	0.4197782
465	5	1.120904	0.1941041	0.4197782
465	6	1.120904	0.1941041	0.4197782
465	7	1.120904	0.1941041	0.4197782
465	8	1.120904	0.1941041	0.4197782
466	3	1.120904	0.1941041	0.4197782
466	4	1.120904	0.1941041	0.4197782
466	5	1.120904	0.1941041	0.4197782
466	6	1.120904	0.1941041	0.4197782
466	7	1.120904	0.1941041	0.4197782
466	8	1.120904	0.1941041	0.4197782
467	3	1.120904	0.1941041	0.4197782
467	4	1.120904	0.1941041	0.4197782
467	5	1.120904	0.1941041	0.4197782
467	6	1.120904	0.1941041	0.4197782
467	7	1.120904	0.1941041	0.4197782
467	8	1.120904	0.1941041	0.4197782
468	3	1.120904	0.1941041	0.4197782
468	4	1.120904	0.1941041	0.4197782
468	5	1.120904	0.1941041	0.4197782
468	6	1.120904	0.1941041	0.4197782
468	7	1.120904	0.1941041	0.4197782
468	8	1.120904	0.1941041	0.4197782
469	3	1.120904	0.1941041	0.4197782
469	4	1.120904	0.1941041	0.4197782
469	5	1.120904	0.1941041	0.4197782
469	6	1.120904	0.1941041	0.4197782
469	7	1.120904	0.1941041	0.4197782
469	8	1.120904	0.1941041	0.4197782
470	3	1.120904	0.1941041	0.4197782
470	4	1.120904	0.1941041	0.4197782
470	5	1.120904	0.1941041	0.4197782
470	6	1.120904	0.1941041	0.4197782
470	7	1.120904	0.1941041	0.4197782
470	8	1.120904	0.1941041	0.4197782
471	3	1.120904	0.1941041	0.4197782
471	4	1.120904	0.1941041	0.4197782
471	5	1.120904	0.1941041	0.4197782
471	6	1.120904	0.1941041	0.4197782
471	7	1.120904	0.1941041	0.4197782
471	8	1.120904	0.1941041	0.4197782
472	3	1.120904	0.1941041	0.4197782
472	4	1.120904	0.1941041	0.4197782
472	5	1.120904	0.1941041	0.4197782
472	6	1.120904	0.1941041	0.4197782
472	7	1.120904	0.1941041	0.4197782
472	8	1.120904	0.1941041	0.4197782
473	3	1.120904	0.1941041	0.4197782
473	4	1.120904	0.1941041	0.4197782
473	5	1.120904	0.1941041	0.4197782
473	6	1.120904	0.1941041	0.4197782
473	7	1.120904	0.1941041	0.4197782
473	8	1.120904	0.1941041	0.4197782
474	3	1.120904	0.1941041	0.4197782
474	4	1.120904	0.1941041	0.4197782
474	5	1.120904	0.1941041	0.4197782
474	6	1.120904	0.1941041	0.4197782
474	7	1.120904	0.1941041	0.4197782
474	8	1.120904	0.1941041	0.4197782
475	3	1.120904	0.1941041	0.4197782
475	4	1.120904	0.1941041	0.4197782
475	5	1.120904	0.1941041	0.4197782
475	6	1.120904	0.1941041	0.4197782
475	7	1.120904	0.1941041	0.4197782
475	8	1.120904	0.1941041	0.4197782
476	3	1.120904	0.1941041	0.4197782
476	4	1.120904	0.1941041	0.4197782
476	5	1.120904	0.1941041	0.4197782
476	6	1.120904	0.1941041	0.4197782
476	7	1.120904	0.1941041	0.4197782
476	8	1.120904	0.1941041	0.4197782
477	3	1.120904	0.1941041	0.4197782
477	4	1.120904	0.1941041	0.4197782
477	5	1.120904	0.1941041	0.4197782
477	6	1.120904	0.1941041	0.4197782
477	7	1.120904	0.1941041	0.4197782
477	8	1.120904	0.1941041	0.4197782
478	3	1.120904	0.1941041	0.4197782
478	4	1.120904	0.1941041	0.4197782
478	5	1.120904	0.1941041	0.4197782
478	6	1.120904	0.1941041	0.4197782
478	7	1.120904	0.1941041	0.4197782
478	8	1.120904	0.1941041	0.4197782
479	1	1.105917	0.1818803	0.5850747
479	2	0.7292294	0.3522362	0.006972072
479	3	-0.1737333	0.5731247	0.4789719
479	4	-0.1737333	0.5731247	0.4789719
479	5	-0.1737333	0.5731247	0.4789719
479	6	-0.1737333	0.5731247	0.4789719
479	7	-0.1737333	0.5731247	0.4789719
479	8	-0.1737333	0.5731247	0.4789719
479	9	1.105917	0.1818803	0.5850747
479	10	1.105917	0.1818803	0.5850747
479	11	0.7449636	0.2566966	0.9073592
479	12	0.7449636	0.2566966	0.9073592
480	1	1.071739	0.1871894	0.6331815
480	2	0.8076444	0.3283635	0.01246163
480	3	-0.1493177	0.5713	0.4251048
480	4	-0.1493177	0.5713	0.4251048
480	5	-0.1493177	0.5713	0.4251048
480	6	-0.1493177	0.5713	0.4251048
480	7	-0.1493177	0.5713	0.4251048
480	8	-0.1493177	0.5713	0.4251048
480	9	1.071739	0.1871894	0.6331815
480	10	0.7325577	0.2590413	0.9206827
480	11	0.7325577	0.2590413	0.9206827
480	12	0.7325577	0.2590413	0.9206827
481	1	1.071739	0.1871894	0.6331815
481	2	0.8076444	0.3283635	0.01246163
481	3	-0.1493177	0.5713	0.4251048
481	4	-0.1493177	0.5713	0.4251048
481	5	-0.1493177	0.5713	0.4251048
481	6	-0.1493177	0.5713	0.4251048
481	7	-0.1493177	0.5713	0.4251048
481	8	-0.1493177	0.5713	0.4251048
481	9	1.071739	0.1871894	0.6331815
481	10	0.7325577	0.2590413	0.9206827
481	11	0.7325577	0.2590413	0.9206827
481	12	0.7325577	0.2590413	0.9206827
482	1	1.120904	0.1941041	0.4197782
482	2	1.120904	0.1941041	0.4197782
482	3	1.120904	0.1941041	0.4197782
482	4	1.120904	0.1941041	0.4197782
482	5	1.120904	0.1941041	0.4197782
482	6	1.120904	0.1941041	0.4197782
482	7	1.120904	0.1941041	0.4197782
482	8	1.120904	0.1941041	0.4197782
482	9	1.120904	0.1941041	0.4197782
482	10	1.120904	0.1941041	0.4197782
482	11	1.120904	0.1941041	0.4197782
482	12	1.120904	0.1941041	0.4197782
483	1	1.120904	0.1941041	0.4197782
483	2	1.120904	0.1941041	0.4197782
483	3	1.120904	0.1941041	0.4197782
483	4	1.120904	0.1941041	0.4197782
483	5	1.120904	0.1941041	0.4197782
483	6	1.120904	0.1941041	0.4197782
483	7	1.120904	0.1941041	0.4197782
483	8	1.120904	0.1941041	0.4197782
483	9	1.120904	0.1941041	0.4197782
483	10	1.120904	0.1941041	0.4197782
483	11	1.120904	0.1941041	0.4197782
483	12	1.120904	0.1941041	0.4197782
484	1	1.120904	0.1941041	0.4197782
484	2	1.120904	0.1941041	0.4197782
484	3	1.120904	0.1941041	0.4197782
484	4	1.120904	0.1941041	0.4197782
484	5	1.120904	0.1941041	0.4197782
484	6	1.120904	0.1941041	0.4197782
484	7	1.120904	0.1941041	0.4197782
484	8	1.120904	0.1941041	0.4197782
484	9	1.120904	0.1941041	0.4197782
484	10	1.120904	0.1941041	0.4197782
484	11	1.120904	0.1941041	0.4197782
484	12	1.120904	0.1941041	0.4197782
485	1	1.120904	0.1941041	0.4197782
485	2	1.120904	0.1941041	0.4197782
485	3	1.120904	0.1941041	0.4197782
485	4	1.120904	0.1941041	0.4197782
485	5	1.120904	0.1941041	0.4197782
485	6	1.120904	0.1941041	0.4197782
485	7	1.120904	0.1941041	0.4197782
485	8	1.120904	0.1941041	0.4197782
485	9	1.120904	0.1941041	0.4197782
485	10	1.120904	0.1941041	0.4197782
485	11	1.120904	0.1941041	0.4197782
485	12	1.120904	0.1941041	0.4197782
486	1	1.120904	0.1941041	0.4197782
486	2	1.120904	0.1941041	0.4197782
486	3	1.120904	0.1941041	0.4197782
486	4	1.120904	0.1941041	0.4197782
486	5	1.120904	0.1941041	0.4197782
486	6	1.120904	0.1941041	0.4197782
486	7	1.120904	0.1941041	0.4197782
486	8	1.120904	0.1941041	0.4197782
486	9	1.120904	0.1941041	0.4197782
486	10	1.120904	0.1941041	0.4197782
486	11	1.120904	0.1941041	0.4197782
486	12	1.120904	0.1941041	0.4197782
487	1	1.120904	0.1941041	0.4197782
487	2	1.120904	0.1941041	0.4197782
487	3	1.120904	0.1941041	0.4197782
487	4	1.120904	0.1941041	0.4197782
487	5	1.120904	0.1941041	0.4197782
487	6	1.120904	0.1941041	0.4197782
487	7	1.120904	0.1941041	0.4197782
487	8	1.120904	0.1941041	0.4197782
487	9	1.120904	0.1941041	0.4197782
487	10	1.120904	0.1941041	0.4197782
487	11	1.120904	0.1941041	0.4197782
487	12	1.120904	0.1941041	0.4197782
488	1	1.120904	0.1941041	0.4197782
488	2	1.120904	0.1941041	0.4197782
488	3	1.120904	0.1941041	0.4197782
488	4	1.120904	0.1941041	0.4197782
488	5	1.120904	0.1941041	0.4197782
488	6	1.120904	0.1941041	0.4197782
488	7	1.120904	0.1941041	0.4197782
488	8	1.120904	0.1941041	0.4197782
488	9	1.120904	0.1941041	0.4197782
488	10	1.120904	0.1941041	0.4197782
488	11	1.120904	0.1941041	0.4197782
488	12	1.120904	0.1941041	0.4197782
489	1	1.120904	0.1941041	0.4197782
489	2	1.120904	0.1941041	0.4197782
489	3	1.120904	0.1941041	0.4197782
489	4	1.120904	0.1941041	0.4197782
489	5	1.120904	0.1941041	0.4197782
489	6	1.120904	0.1941041	0.4197782
489	7	1.120904	0.1941041	0.4197782
489	8	1.120904	0.1941041	0.4197782
489	9	1.120904	0.1941041	0.4197782
489	10	1.120904	0.1941041	0.4197782
489	11	1.120904	0.1941041	0.4197782
489	12	1.120904	0.1941041	0.4197782
490	1	1.120904	0.1941041	0.4197782
490	2	1.120904	0.1941041	0.4197782
490	3	1.120904	0.1941041	0.4197782
490	4	1.120904	0.1941041	0.4197782
490	5	1.120904	0.1941041	0.4197782
490	6	1.120904	0.1941041	0.4197782
490	7	1.120904	0.1941041	0.4197782
490	8	1.120904	0.1941041	0.4197782
490	9	1.120904	0.1941041	0.4197782
490	10	1.120904	0.1941041	0.4197782
490	11	1.120904	0.1941041	0.4197782
490	12	1.120904	0.1941041	0.4197782
491	1	1.120904	0.1941041	0.4197782
491	2	1.120904	0.1941041	0.4197782
491	3	1.120904	0.1941041	0.4197782
491	4	1.120904	0.1941041	0.4197782
491	5	1.120904	0.1941041	0.4197782
491	6	1.120904	0.1941041	0.4197782
491	7	1.120904	0.1941041	0.4197782
491	8	1.120904	0.1941041	0.4197782
491	9	1.120904	0.1941041	0.4197782
491	10	1.120904	0.1941041	0.4197782
491	11	1.120904	0.1941041	0.4197782
491	12	1.120904	0.1941041	0.4197782
492	1	1.120904	0.1941041	0.4197782
492	2	1.120904	0.1941041	0.4197782
492	3	1.120904	0.1941041	0.4197782
492	4	1.120904	0.1941041	0.4197782
492	5	1.120904	0.1941041	0.4197782
492	6	1.120904	0.1941041	0.4197782
492	7	1.120904	0.1941041	0.4197782
492	8	1.120904	0.1941041	0.4197782
492	9	1.120904	0.1941041	0.4197782
492	10	1.120904	0.1941041	0.4197782
492	11	1.120904	0.1941041	0.4197782
492	12	1.120904	0.1941041	0.4197782
493	1	1.120904	0.1941041	0.4197782
493	2	1.120904	0.1941041	0.4197782
493	3	1.120904	0.1941041	0.4197782
493	4	1.120904	0.1941041	0.4197782
493	5	1.120904	0.1941041	0.4197782
493	6	1.120904	0.1941041	0.4197782
493	7	1.120904	0.1941041	0.4197782
493	8	1.120904	0.1941041	0.4197782
493	9	1.120904	0.1941041	0.4197782
493	11	1.120904	0.1941041	0.4197782
493	12	1.120904	0.1941041	0.4197782
494	2	1.120904	0.1941041	0.4197782
494	3	1.120904	0.1941041	0.4197782
494	4	1.120904	0.1941041	0.4197782
494	5	1.120904	0.1941041	0.4197782
494	6	1.120904	0.1941041	0.4197782
494	7	1.120904	0.1941041	0.4197782
495	2	1.120904	0.1941041	0.4197782
495	4	1.120904	0.1941041	0.4197782
495	5	1.120904	0.1941041	0.4197782
495	6	1.120904	0.1941041	0.4197782
495	7	1.120904	0.1941041	0.4197782
495	8	1.120904	0.1941041	0.4197782
496	4	1.120904	0.1941041	0.4197782
496	5	1.120904	0.1941041	0.4197782
496	6	1.120904	0.1941041	0.4197782
496	7	1.120904	0.1941041	0.4197782
496	8	1.120904	0.1941041	0.4197782
497	4	1.120904	0.1941041	0.4197782
497	5	1.120904	0.1941041	0.4197782
497	6	1.120904	0.1941041	0.4197782
497	7	1.120904	0.1941041	0.4197782
498	4	-0.1211067	0.565595	0.3985044
498	5	-0.1211067	0.565595	0.3985045
498	6	-0.1211067	0.565595	0.3985044
498	7	1.19406	0.1722284	0.4209764
499	4	1.120904	0.1941041	0.4197782
499	5	1.120904	0.1941041	0.4197782
499	6	1.120904	0.1941041	0.4197782
500	4	1.120904	0.1941041	0.4197782
500	5	1.120904	0.1941041	0.4197782
500	6	1.120904	0.1941041	0.4197782
501	4	1.120904	0.1941041	0.4197782
501	5	1.120904	0.1941041	0.4197782
501	6	1.120904	0.1941041	0.4197782
508	4	1.153187	0.1844482	0.4203311
508	5	-0.1169439	0.5643553	0.3985224
508	6	-0.1169439	0.5643553	0.3985224
509	4	1.153187	0.1844482	0.4203311
509	5	-0.1169439	0.5643553	0.3985224
509	6	-0.1169439	0.5643553	0.3985224
510	4	1.153187	0.1844482	0.4203311
510	5	-0.1169439	0.5643553	0.3985224
510	6	-0.1169439	0.5643553	0.3985224
511	4	1.153187	0.1844482	0.4203311
511	5	-0.1169439	0.5643553	0.3985224
511	6	-0.1169439	0.5643553	0.3985224
512	4	1.153187	0.1844482	0.4203311
512	5	-0.1169439	0.5643553	0.3985224
512	6	-0.1169439	0.5643553	0.3985224
513	5	1.120904	0.1941041	0.4197782
513	6	1.120904	0.1941041	0.4197782
514	5	1.120904	0.1941041	0.4197782
514	6	1.120904	0.1941041	0.4197782
515	5	1.120904	0.1941041	0.4197782
515	6	1.120904	0.1941041	0.4197782
516	4	1.153187	0.1844482	0.4203311
516	5	-0.1169439	0.5643553	0.3985224
516	6	-0.1169439	0.5643553	0.3985224
517	4	1.153187	0.1844482	0.4203311
517	5	-0.1169439	0.5643553	0.3985224
517	6	-0.1169439	0.5643553	0.3985224
518	4	1.153187	0.1844482	0.4203311
518	5	-0.1169439	0.5643553	0.3985224
518	6	-0.1169439	0.5643553	0.3985224
519	4	1.153187	0.1844482	0.4203311
519	5	-0.1169439	0.5643553	0.3985224
519	6	-0.1169439	0.5643553	0.3985224
520	4	1.153187	0.1844482	0.4203311
520	5	-0.1169439	0.5643553	0.3985224
520	6	-0.1169439	0.5643553	0.3985224
521	5	1.120904	0.1941041	0.4197782
521	6	1.120904	0.1941041	0.4197782
522	4	1.268951	0.1498221	0.4223204
522	5	-0.1455800	0.5729207	0.3980293
522	6	-0.1455800	0.5729207	0.3980293
523	4	1.268951	0.1498221	0.4223204
523	5	-0.1455800	0.5729207	0.3980293
523	6	-0.1455800	0.5729207	0.3980293
524	4	1.268951	0.1498221	0.4223204
524	5	-0.1455800	0.5729207	0.3980293
524	6	-0.1455800	0.5729207	0.3980293
525	4	1.231267	0.1610937	0.4216734
525	6	-0.1635883	0.5783072	0.3977199
526	4	1.231267	0.1610937	0.4216734
526	6	-0.1635883	0.5783072	0.3977199
527	4	1.231267	0.1610937	0.4216734
527	6	-0.1635883	0.5783072	0.3977199
528	4	1.231267	0.1610937	0.4216734
528	6	-0.1635883	0.5783072	0.3977199
529	4	1.231267	0.1610937	0.4216734
529	6	-0.1635883	0.5783072	0.3977199
530	4	1.231267	0.1610937	0.4216734
530	6	-0.1635883	0.5783072	0.3977199
531	4	1.231267	0.1610937	0.4216734
531	6	-0.1635883	0.5783072	0.3977199
532	4	1.231267	0.1610937	0.4216734
532	6	-0.1635883	0.5783072	0.3977199
533	4	0.59236	0.3926608	0.009718026
533	5	-0.3018029	0.5775553	0.8124692
533	6	0.9288772	0.2101213	0.826931
534	4	1.268951	0.1498221	0.4223204
534	5	-0.1455800	0.5729207	0.3980293
534	6	-0.1455800	0.5729207	0.3980293
535	4	1.268951	0.1498221	0.4223204
535	5	-0.1455800	0.5729207	0.3980293
535	6	-0.1455800	0.5729207	0.3980293
536	4	1.252149	0.1548482	0.4220268
536	5	-0.1415379	0.5717112	0.3981035
536	6	-0.1415379	0.5717112	0.3981035
537	4	1.252149	0.1548482	0.4220268
537	5	-0.1415379	0.5717112	0.3981035
537	6	-0.1415379	0.5717112	0.3981035
538	4	1.120904	0.1941041	0.4197782
538	5	1.120904	0.1941041	0.4197782
538	6	1.120904	0.1941041	0.4197782
539	4	1.120904	0.1941041	0.4197782
539	5	1.120904	0.1941041	0.4197782
539	6	1.120904	0.1941041	0.4197782
540	4	1.120904	0.1941041	0.4197782
540	5	1.120904	0.1941041	0.4197782
540	6	1.120904	0.1941041	0.4197782
541	4	1.120904	0.1941041	0.4197782
541	5	1.120904	0.1941041	0.4197782
541	6	1.120904	0.1941041	0.4197782
542	4	1.120904	0.1941041	0.4197782
542	5	1.120904	0.1941041	0.4197782
542	6	1.120904	0.1941041	0.4197782
543	4	1.120904	0.1941041	0.4197782
543	5	1.120904	0.1941041	0.4197782
543	6	1.120904	0.1941041	0.4197782
