1	1	1.374866	0.1181419	0.4241394
1	2	-0.1702482	0.5802992	0.3976055
1	3	-0.1702482	0.5802992	0.3976055
2	1	1.408068	0.108211	0.4247096
2	2	-0.1551759	0.575791	0.3978644
2	3	-0.1551759	0.575791	0.3978644
2	4	-0.1551759	0.575791	0.3978644
3	2	1.120904	0.1941041	0.4197782
3	3	1.120904	0.1941041	0.4197782
3	4	1.120904	0.1941041	0.4197782
4	2	1.120904	0.1941041	0.4197782
4	3	1.120904	0.1941041	0.4197782
4	4	1.120904	0.1941041	0.4197782
5	1	1.408068	0.108211	0.4247096
5	2	-0.1551759	0.575791	0.3978644
5	3	-0.1551759	0.575791	0.3978644
5	4	-0.1551759	0.575791	0.3978644
6	1	1.408068	0.108211	0.4247096
6	2	-0.1551759	0.575791	0.3978644
6	3	-0.1551759	0.575791	0.3978644
6	4	-0.1551759	0.575791	0.3978644
7	1	1.408068	0.108211	0.4247096
7	2	-0.1551759	0.575791	0.3978644
7	3	-0.1551759	0.575791	0.3978644
7	4	-0.1551759	0.575791	0.3978644
8	1	1.408068	0.108211	0.4247096
8	2	-0.1551759	0.575791	0.3978644
8	3	-0.1551759	0.575791	0.3978644
8	4	-0.1551759	0.575791	0.3978644
9	1	0.6024278	0.3912417	-0.0058881
9	2	-0.3610018	0.5909165	0.854517
9	4	0.9791602	0.1900622	0.8775313
10	1	0.6024278	0.3912417	-0.0058881
10	2	-0.3610018	0.5909165	0.854517
10	4	0.9791602	0.1900622	0.8775313
11	1	0.6024278	0.3912417	-0.0058881
11	2	-0.3610018	0.5909165	0.854517
11	4	0.9791602	0.1900622	0.8775313
12	1	0.6024278	0.3912417	-0.0058881
12	2	-0.3610018	0.5909165	0.854517
12	4	0.9791602	0.1900622	0.8775313
13	1	1.309443	0.1377103	0.4230159
13	4	-0.1997335	0.5891185	0.3970992
14	1	1.309443	0.1377103	0.4230159
14	4	-0.1997335	0.5891185	0.3970992
42	1	1.213737	0.166337	0.4213724
42	2	-0.2423374	0.6018617	0.3963676
42	3	1.213737	0.166337	0.4213724
42	4	1.213737	0.166337	0.4213724
43	1	1.120904	0.1941041	0.4197782
43	2	1.120904	0.1941041	0.4197782
43	3	1.120904	0.1941041	0.4197782
43	4	1.120904	0.1941041	0.4197782
44	1	1.120904	0.1941041	0.4197782
44	2	1.120904	0.1941041	0.4197782
44	3	1.120904	0.1941041	0.4197782
44	4	1.120904	0.1941041	0.4197782
45	1	1.120904	0.1941041	0.4197782
45	2	1.120904	0.1941041	0.4197782
45	3	1.120904	0.1941041	0.4197782
45	4	1.120904	0.1941041	0.4197782
46	1	1.120904	0.1941041	0.4197782
46	2	1.120904	0.1941041	0.4197782
46	3	1.120904	0.1941041	0.4197782
46	4	1.120904	0.1941041	0.4197782
47	1	1.120904	0.1941041	0.4197782
47	2	1.120904	0.1941041	0.4197782
47	3	1.120904	0.1941041	0.4197782
47	4	1.120904	0.1941041	0.4197782
48	1	1.120904	0.1941041	0.4197782
48	2	1.120904	0.1941041	0.4197782
48	3	1.120904	0.1941041	0.4197782
48	4	1.120904	0.1941041	0.4197782
49	1	1.120904	0.1941041	0.4197782
49	2	1.120904	0.1941041	0.4197782
49	3	1.120904	0.1941041	0.4197782
49	4	1.120904	0.1941041	0.4197782
50	1	1.120904	0.1941041	0.4197782
50	2	1.120904	0.1941041	0.4197782
50	3	1.120904	0.1941041	0.4197782
50	4	1.120904	0.1941041	0.4197782
51	1	1.120904	0.1941041	0.4197782
51	2	1.120904	0.1941041	0.4197782
51	3	1.120904	0.1941041	0.4197782
51	4	1.120904	0.1941041	0.4197782
52	2	1.120904	0.1941041	0.4197782
52	4	1.120904	0.1941041	0.4197782
53	2	1.120904	0.1941041	0.4197782
53	4	1.120904	0.1941041	0.4197782
54	2	1.213737	0.166337	0.4213724
54	4	-0.1551758	0.575791	0.3978644
55	2	1.309443	0.1377103	0.4230159
55	4	-0.1997335	0.5891185	0.3970992
56	1	0.6024278	0.3912417	-0.0058881
56	2	-0.3610018	0.5909165	0.854517
56	4	0.9791602	0.1900622	0.8775313
57	1	1.309443	0.1377103	0.4230159
57	4	-0.1997335	0.5891185	0.3970992
58	1	1.213737	0.166337	0.4213724
58	4	-0.1551758	0.575791	0.3978644
59	1	1.182476	0.1756876	0.4208355
59	3	-0.1702482	0.5802992	0.3976055
59	4	1.182476	0.1756876	0.4208356
60	1	1.182476	0.1756876	0.4208355
60	3	-0.1702482	0.5802992	0.3976055
60	4	1.182476	0.1756876	0.4208356
61	1	1.120904	0.1941041	0.4197782
61	2	1.120904	0.1941041	0.4197782
61	3	1.120904	0.1941041	0.4197782
61	4	1.120904	0.1941041	0.4197782
62	1	1.120904	0.1941041	0.4197782
62	2	1.120904	0.1941041	0.4197782
62	3	1.120904	0.1941041	0.4197782
62	4	1.120904	0.1941041	0.4197782
63	1	1.120904	0.1941041	0.4197782
63	2	1.120904	0.1941041	0.4197782
63	3	1.120904	0.1941041	0.4197782
63	4	1.120904	0.1941041	0.4197782
64	1	1.120904	0.1941041	0.4197782
64	2	1.120904	0.1941041	0.4197782
64	3	1.120904	0.1941041	0.4197782
64	4	1.120904	0.1941041	0.4197782
65	1	1.120904	0.1941041	0.4197782
65	2	1.120904	0.1941041	0.4197782
65	3	1.120904	0.1941041	0.4197782
65	4	1.120904	0.1941041	0.4197782
66	1	1.120904	0.1941041	0.4197782
66	2	1.120904	0.1941041	0.4197782
66	3	1.120904	0.1941041	0.4197782
66	4	1.120904	0.1941041	0.4197782
67	1	1.120904	0.1941041	0.4197782
67	2	1.120904	0.1941041	0.4197782
67	3	1.120904	0.1941041	0.4197782
67	4	1.120904	0.1941041	0.4197782
68	1	1.120904	0.1941041	0.4197782
68	3	1.120904	0.1941041	0.4197782
68	4	1.120904	0.1941041	0.4197782
69	1	1.120904	0.1941041	0.4197782
69	3	1.120904	0.1941041	0.4197782
69	4	1.120904	0.1941041	0.4197782
70	1	1.120904	0.1941041	0.4197782
70	3	1.120904	0.1941041	0.4197782
70	4	1.120904	0.1941041	0.4197782
71	1	1.120904	0.1941041	0.4197782
71	3	1.120904	0.1941041	0.4197782
71	4	1.120904	0.1941041	0.4197782
72	1	1.120904	0.1941041	0.4197782
72	3	1.120904	0.1941041	0.4197782
72	4	1.120904	0.1941041	0.4197782
73	1	1.120904	0.1941041	0.4197782
73	3	1.120904	0.1941041	0.4197782
73	4	1.120904	0.1941041	0.4197782
74	1	1.120904	0.1941041	0.4197782
74	3	1.120904	0.1941041	0.4197782
74	4	1.120904	0.1941041	0.4197782
75	1	1.120904	0.1941041	0.4197782
75	3	1.120904	0.1941041	0.4197782
76	1	1.120904	0.1941041	0.4197782
76	3	1.120904	0.1941041	0.4197782
77	1	1.245318	0.1568909	0.4219147
77	2	-0.2283505	0.5976781	0.3966078
77	3	1.245318	0.1568909	0.4219147
78	1	1.245318	0.1568909	0.4219147
78	2	-0.2283505	0.5976781	0.3966078
78	3	1.245318	0.1568909	0.4219147
79	1	1.245318	0.1568909	0.4219147
79	2	-0.2283505	0.5976781	0.3966078
79	3	1.245318	0.1568909	0.4219147
80	1	1.245318	0.1568909	0.4219147
80	2	-0.2283505	0.5976781	0.3966078
80	3	1.245318	0.1568909	0.4219147
81	1	1.245318	0.1568909	0.4219147
81	2	-0.2283505	0.5976781	0.3966078
81	3	1.245318	0.1568909	0.4219147
82	1	1.245318	0.1568909	0.4219147
82	2	-0.2283505	0.5976781	0.3966078
82	3	1.245318	0.1568909	0.4219147
83	1	1.245318	0.1568909	0.4219147
83	2	-0.2283505	0.5976781	0.3966078
83	3	1.245318	0.1568909	0.4219147
84	1	1.213737	0.166337	0.4213724
84	2	-0.2423374	0.6018617	0.3963676
84	3	1.213737	0.166337	0.4213724
84	4	1.213737	0.166337	0.4213724
85	1	1.213737	0.166337	0.4213724
85	2	-0.2423374	0.6018617	0.3963676
85	3	1.213737	0.166337	0.4213724
85	4	1.213737	0.166337	0.4213724
86	1	1.213737	0.166337	0.4213724
86	2	-0.2423374	0.6018617	0.3963676
86	3	1.213737	0.166337	0.4213724
86	4	1.213737	0.166337	0.4213724
87	1	1.213737	0.166337	0.4213724
87	2	-0.2423374	0.6018617	0.3963676
87	3	1.213737	0.166337	0.4213724
87	4	1.213737	0.166337	0.4213724
88	1	1.213737	0.166337	0.4213724
88	2	-0.2423374	0.6018617	0.3963676
88	3	1.213737	0.166337	0.4213724
88	4	1.213737	0.166337	0.4213724
89	1	1.120904	0.1941041	0.4197782
89	4	1.120904	0.1941041	0.4197782
90	1	1.120904	0.1941041	0.4197782
90	4	1.120904	0.1941041	0.4197782
91	1	1.120904	0.1941041	0.4197782
91	4	1.120904	0.1941041	0.4197782
92	1	1.120904	0.1941041	0.4197782
92	3	1.120904	0.1941041	0.4197782
92	4	1.120904	0.1941041	0.4197782
93	1	1.120904	0.1941041	0.4197782
93	3	1.120904	0.1941041	0.4197782
93	4	1.120904	0.1941041	0.4197782
94	1	1.120904	0.1941041	0.4197782
94	3	1.120904	0.1941041	0.4197782
94	4	1.120904	0.1941041	0.4197782
95	1	1.120904	0.1941041	0.4197782
95	3	1.120904	0.1941041	0.4197782
95	4	1.120904	0.1941041	0.4197782
96	1	1.120904	0.1941041	0.4197782
96	3	1.120904	0.1941041	0.4197782
96	4	1.120904	0.1941041	0.4197782
97	1	1.120904	0.1941041	0.4197782
97	3	1.120904	0.1941041	0.4197782
97	4	1.120904	0.1941041	0.4197782
98	1	1.120904	0.1941041	0.4197782
98	3	1.120904	0.1941041	0.4197782
98	4	1.120904	0.1941041	0.4197782
99	1	1.120904	0.1941041	0.4197782
99	3	1.120904	0.1941041	0.4197782
99	4	1.120904	0.1941041	0.4197782
100	1	1.120904	0.1941041	0.4197782
100	3	1.120904	0.1941041	0.4197782
100	4	1.120904	0.1941041	0.4197782
101	1	1.120904	0.1941041	0.4197782
101	3	1.120904	0.1941041	0.4197782
101	4	1.120904	0.1941041	0.4197782
102	1	1.120904	0.1941041	0.4197782
102	3	1.120904	0.1941041	0.4197782
102	4	1.120904	0.1941041	0.4197782
103	1	1.120904	0.1941041	0.4197782
103	3	1.120904	0.1941041	0.4197782
103	4	1.120904	0.1941041	0.4197782
104	1	1.120904	0.1941041	0.4197782
104	3	1.120904	0.1941041	0.4197782
104	4	1.120904	0.1941041	0.4197782
105	1	1.120904	0.1941041	0.4197782
105	3	1.120904	0.1941041	0.4197782
105	4	1.120904	0.1941041	0.4197782
106	1	1.120904	0.1941041	0.4197782
106	3	1.120904	0.1941041	0.4197782
106	4	1.120904	0.1941041	0.4197782
107	1	1.213737	0.166337	0.4213724
107	2	-0.2423374	0.6018617	0.3963676
107	3	1.213737	0.166337	0.4213724
107	4	1.213737	0.166337	0.4213724
108	1	1.213737	0.166337	0.4213724
108	2	-0.2423374	0.6018617	0.3963676
108	3	1.213737	0.166337	0.4213724
108	4	1.213737	0.166337	0.4213724
109	1	1.213737	0.166337	0.4213724
109	2	-0.2423374	0.6018617	0.3963676
109	3	1.213737	0.166337	0.4213724
109	4	1.213737	0.166337	0.4213724
110	1	1.213737	0.166337	0.4213724
110	2	-0.2423374	0.6018617	0.3963676
110	3	1.213737	0.166337	0.4213724
110	4	1.213737	0.166337	0.4213724
111	1	1.213737	0.166337	0.4213724
111	2	-0.2423374	0.6018617	0.3963676
111	3	1.213737	0.166337	0.4213724
111	4	1.213737	0.166337	0.4213724
112	1	1.213737	0.166337	0.4213724
112	2	-0.2423374	0.6018617	0.3963676
112	3	1.213737	0.166337	0.4213724
112	4	1.213737	0.166337	0.4213724
113	2	1.374866	0.1181419	0.4241394
113	3	-0.1702482	0.5802992	0.3976055
113	4	-0.1702482	0.5802992	0.3976055
114	2	1.374866	0.1181419	0.4241394
114	3	-0.1702482	0.5802992	0.3976055
114	4	-0.1702482	0.5802992	0.3976055
115	2	1.374866	0.1181419	0.4241394
115	3	-0.1702482	0.5802992	0.3976055
115	4	-0.1702482	0.5802992	0.3976055
116	1	1.170187	0.216561	0.05201119
116	2	0.617445	0.2626355	1.224286
116	3	-0.1879878	0.5856053	0.3973009
116	4	-0.1879878	0.5856053	0.3973009
117	1	1.170187	0.216561	0.05201119
117	2	0.617445	0.2626355	1.224286
117	3	-0.1879878	0.5856053	0.3973009
117	4	-0.1879878	0.5856053	0.3973009
118	1	1.309443	0.1377103	0.4230159
118	4	-0.1997335	0.5891185	0.3970992
119	1	1.309443	0.1377103	0.4230159
119	4	-0.1997335	0.5891185	0.3970992
120	1	1.309443	0.1377103	0.4230159
120	4	-0.1997335	0.5891185	0.3970992
122	2	1.309443	0.1377103	0.4230159
122	4	-0.1997335	0.5891185	0.3970992
123	2	1.309443	0.1377103	0.4230159
123	4	-0.1997335	0.5891185	0.3970992
124	2	1.309443	0.1377103	0.4230159
124	4	-0.1997335	0.5891185	0.3970992
125	2	1.309443	0.1377103	0.4230159
125	4	-0.1997335	0.5891185	0.3970992
126	2	1.309443	0.1377103	0.4230159
126	4	-0.1997335	0.5891185	0.3970992
127	2	1.309443	0.1377103	0.4230159
127	4	-0.1997335	0.5891185	0.3970992
128	2	1.309443	0.1377103	0.4230159
128	4	-0.1997335	0.5891185	0.3970992
129	2	1.309443	0.1377103	0.4230159
129	4	-0.1997335	0.5891185	0.3970992
130	1	1.245318	0.1568909	0.4219147
130	2	-0.2283505	0.5976781	0.3966078
130	4	1.245318	0.1568909	0.4219147
131	1	1.245318	0.1568909	0.4219147
131	2	-0.2283505	0.5976781	0.3966078
131	4	1.245318	0.1568909	0.4219147
132	1	1.245318	0.1568909	0.4219147
132	2	-0.2283505	0.5976781	0.3966078
132	4	1.245318	0.1568909	0.4219147
133	1	1.245318	0.1568909	0.4219147
133	2	-0.2283505	0.5976781	0.3966078
133	4	1.245318	0.1568909	0.4219147
134	1	1.245318	0.1568909	0.4219147
134	2	-0.2283505	0.5976781	0.3966078
134	4	1.245318	0.1568909	0.4219147
135	1	1.245318	0.1568909	0.4219147
135	2	-0.2283505	0.5976781	0.3966078
135	4	1.245318	0.1568909	0.4219147
136	1	1.245318	0.1568909	0.4219147
136	2	-0.2283505	0.5976781	0.3966078
136	4	1.245318	0.1568909	0.4219147
137	1	1.245318	0.1568909	0.4219147
137	2	-0.2283505	0.5976781	0.3966078
137	4	1.245318	0.1568909	0.4219147
138	1	1.245318	0.1568909	0.4219147
138	2	-0.2283505	0.5976781	0.3966078
138	4	1.245318	0.1568909	0.4219147
139	1	1.245318	0.1568909	0.4219147
139	2	-0.2283505	0.5976781	0.3966078
139	4	1.245318	0.1568909	0.4219147
140	1	1.245318	0.1568909	0.4219147
140	2	-0.2283505	0.5976781	0.3966078
140	4	1.245318	0.1568909	0.4219147
141	1	1.213737	0.166337	0.4213724
141	2	-0.2423374	0.6018617	0.3963676
141	3	1.213737	0.166337	0.4213724
141	4	1.213737	0.166337	0.4213724
142	1	1.213737	0.166337	0.4213724
142	2	-0.2423374	0.6018617	0.3963676
142	3	1.213737	0.166337	0.4213724
142	4	1.213737	0.166337	0.4213724
143	1	1.213737	0.166337	0.4213724
143	2	-0.2423374	0.6018617	0.3963676
143	3	1.213737	0.166337	0.4213724
143	4	1.213737	0.166337	0.4213724
144	1	1.213737	0.166337	0.4213724
144	2	-0.2423374	0.6018617	0.3963676
144	3	1.213737	0.166337	0.4213724
144	4	1.213737	0.166337	0.4213724
145	1	1.213737	0.166337	0.4213724
145	2	-0.2423374	0.6018617	0.3963676
145	3	1.213737	0.166337	0.4213724
145	4	1.213737	0.166337	0.4213724
148	1	1.120904	0.1941041	0.4197782
148	2	1.120904	0.1941041	0.4197782
148	3	1.120904	0.1941041	0.4197782
148	4	1.120904	0.1941041	0.4197782
149	1	1.120904	0.1941041	0.4197782
149	2	1.120904	0.1941041	0.4197782
149	4	1.120904	0.1941041	0.4197782
150	1	1.120904	0.1941041	0.4197782
150	2	1.120904	0.1941041	0.4197782
150	3	1.120904	0.1941041	0.4197782
150	4	1.120904	0.1941041	0.4197782
