1	1	1.120904	0.1941041	0.4197782
1	2	1.120904	0.1941041	0.4197782
1	3	1.120904	0.1941041	0.4197782
1	4	1.120904	0.1941041	0.4197782
1	5	1.120904	0.1941041	0.4197782
1	6	1.120904	0.1941041	0.4197782
1	7	1.120904	0.1941041	0.4197782
1	8	1.120904	0.1941041	0.4197782
1	9	1.120904	0.1941041	0.4197782
1	10	1.120904	0.1941041	0.4197782
1	11	1.120904	0.1941041	0.4197782
1	12	1.120904	0.1941041	0.4197782
1	13	1.120904	0.1941041	0.4197782
1	14	1.120904	0.1941041	0.4197782
1	15	1.120904	0.1941041	0.4197782
1	16	1.120904	0.1941041	0.4197782
1	17	1.120904	0.1941041	0.4197782
1	18	1.120904	0.1941041	0.4197782
1	19	1.120904	0.1941041	0.4197782
1	20	1.120904	0.1941041	0.4197782
1	21	1.120904	0.1941041	0.4197782
1	22	1.120904	0.1941041	0.4197782
1	23	1.120904	0.1941041	0.4197782
1	24	1.120904	0.1941041	0.4197782
1	25	1.120904	0.1941041	0.4197782
1	26	1.120904	0.1941041	0.4197782
1	27	1.120904	0.1941041	0.4197782
1	28	1.120904	0.1941041	0.4197782
1	29	1.120904	0.1941041	0.4197782
1	30	1.120904	0.1941041	0.4197782
1	31	1.120904	0.1941041	0.4197782
1	32	1.120904	0.1941041	0.4197782
1	33	1.120904	0.1941041	0.4197782
1	34	1.120904	0.1941041	0.4197782
1	35	1.120904	0.1941041	0.4197782
1	36	1.120904	0.1941041	0.4197782
1	37	1.120904	0.1941041	0.4197782
2	1	1.120904	0.1941041	0.4197782
2	2	1.120904	0.1941041	0.4197782
2	3	1.120904	0.1941041	0.4197782
2	4	1.120904	0.1941041	0.4197782
2	5	1.120904	0.1941041	0.4197782
2	6	1.120904	0.1941041	0.4197782
2	7	1.120904	0.1941041	0.4197782
2	8	1.120904	0.1941041	0.4197782
2	9	1.120904	0.1941041	0.4197782
2	10	1.120904	0.1941041	0.4197782
2	11	1.120904	0.1941041	0.4197782
2	12	1.120904	0.1941041	0.4197782
2	13	1.120904	0.1941041	0.4197782
2	14	1.120904	0.1941041	0.4197782
2	15	1.120904	0.1941041	0.4197782
2	16	1.120904	0.1941041	0.4197782
2	17	1.120904	0.1941041	0.4197782
2	18	1.120904	0.1941041	0.4197782
2	19	1.120904	0.1941041	0.4197782
2	20	1.120904	0.1941041	0.4197782
2	21	1.120904	0.1941041	0.4197782
2	22	1.120904	0.1941041	0.4197782
2	23	1.120904	0.1941041	0.4197782
2	24	1.120904	0.1941041	0.4197782
2	25	1.120904	0.1941041	0.4197782
2	26	1.120904	0.1941041	0.4197782
2	27	1.120904	0.1941041	0.4197782
2	28	1.120904	0.1941041	0.4197782
2	29	1.120904	0.1941041	0.4197782
2	30	1.120904	0.1941041	0.4197782
2	31	1.120904	0.1941041	0.4197782
2	32	1.120904	0.1941041	0.4197782
2	33	1.120904	0.1941041	0.4197782
2	34	1.120904	0.1941041	0.4197782
2	35	1.120904	0.1941041	0.4197782
2	36	1.120904	0.1941041	0.4197782
2	37	1.120904	0.1941041	0.4197782
3	1	1.161682	0.1926943	0.3135828
3	2	1.161682	0.1926943	0.3135828
3	3	1.161682	0.1926943	0.3135828
3	4	1.161682	0.1926943	0.3135828
3	5	1.161682	0.1926943	0.3135828
3	6	1.161682	0.1926943	0.3135828
3	7	1.161682	0.1926943	0.3135828
3	8	1.161682	0.1926943	0.3135828
3	9	1.161682	0.1926943	0.3135828
3	10	1.161682	0.1926943	0.3135828
3	11	1.161682	0.1926943	0.3135828
3	12	1.161682	0.1926943	0.3135828
3	13	1.161682	0.1926943	0.3135828
3	14	1.161682	0.1926943	0.3135828
3	15	1.161682	0.1926943	0.3135828
3	16	1.161682	0.1926943	0.3135828
3	17	1.161682	0.1926943	0.3135828
3	18	1.161682	0.1926943	0.3135828
3	19	1.161682	0.1926943	0.3135828
3	20	1.161682	0.1926943	0.3135828
3	21	1.161682	0.1926943	0.3135828
3	22	1.161682	0.1926943	0.3135828
3	23	1.161682	0.1926943	0.3135828
3	24	1.161682	0.1926943	0.3135828
3	25	1.161682	0.1926943	0.3135828
3	26	1.161682	0.1926943	0.3135828
3	27	1.161682	0.1926943	0.3135828
3	28	1.161682	0.1926943	0.3135828
3	29	1.161682	0.1926943	0.3135828
3	30	1.161682	0.1926943	0.3135828
3	31	1.161682	0.1926943	0.3135828
3	32	1.161682	0.1926943	0.3135828
3	33	1.161682	0.1926943	0.3135828
3	34	1.161682	0.1926943	0.3135828
3	35	1.161682	0.1926943	0.3135828
3	36	-0.3119469	0.6054637	0.5658028
3	37	1.161682	0.1926943	0.3135828
4	1	1.161682	0.1926943	0.3135828
4	2	1.161682	0.1926943	0.3135828
4	3	1.161682	0.1926943	0.3135828
4	4	1.161682	0.1926943	0.3135828
4	5	1.161682	0.1926943	0.3135828
4	6	1.161682	0.1926943	0.3135828
4	7	1.161682	0.1926943	0.3135828
4	8	1.161682	0.1926943	0.3135828
4	9	1.161682	0.1926943	0.3135828
4	10	1.161682	0.1926943	0.3135828
4	11	1.161682	0.1926943	0.3135828
4	12	1.161682	0.1926943	0.3135828
4	13	1.161682	0.1926943	0.3135828
4	14	1.161682	0.1926943	0.3135828
4	15	1.161682	0.1926943	0.3135828
4	16	1.161682	0.1926943	0.3135828
4	17	1.161682	0.1926943	0.3135828
4	18	1.161682	0.1926943	0.3135828
4	19	1.161682	0.1926943	0.3135828
4	20	1.161682	0.1926943	0.3135828
4	21	1.161682	0.1926943	0.3135828
4	22	1.161682	0.1926943	0.3135828
4	23	1.161682	0.1926943	0.3135828
4	24	1.161682	0.1926943	0.3135828
4	25	1.161682	0.1926943	0.3135828
4	26	1.161682	0.1926943	0.3135828
4	27	1.161682	0.1926943	0.3135828
4	28	1.161682	0.1926943	0.3135828
4	29	1.161682	0.1926943	0.3135828
4	30	1.161682	0.1926943	0.3135828
4	31	1.161682	0.1926943	0.3135828
4	32	1.161682	0.1926943	0.3135828
4	33	1.161682	0.1926943	0.3135828
4	34	1.161682	0.1926943	0.3135828
4	35	1.161682	0.1926943	0.3135828
4	36	-0.3119469	0.6054637	0.5658028
4	37	1.161682	0.1926943	0.3135828
5	1	1.164491	0.1953976	0.278515
5	2	1.164491	0.1953976	0.278515
5	3	1.164491	0.1953976	0.278515
5	4	1.164491	0.1953976	0.278515
5	5	1.164491	0.1953976	0.278515
5	6	1.164491	0.1953976	0.278515
5	7	1.164491	0.1953976	0.278515
5	8	1.164491	0.1953976	0.278515
5	9	1.164491	0.1953976	0.278515
5	10	1.164491	0.1953976	0.278515
5	11	1.164491	0.1953976	0.278515
5	12	1.164491	0.1953976	0.278515
5	13	1.164491	0.1953976	0.278515
5	14	1.164491	0.1953976	0.278515
5	15	1.164491	0.1953976	0.278515
5	16	1.164491	0.1953976	0.278515
5	17	1.164491	0.1953976	0.278515
5	18	1.164491	0.1953976	0.278515
5	19	1.164491	0.1953976	0.278515
5	20	1.164491	0.1953976	0.278515
5	21	1.164491	0.1953976	0.278515
5	22	1.164491	0.1953976	0.278515
5	23	1.164491	0.1953976	0.278515
5	24	1.164491	0.1953976	0.278515
5	25	1.164491	0.1953976	0.278515
5	26	1.164491	0.1953976	0.278515
5	27	1.164491	0.1953976	0.278515
5	28	1.164491	0.1953976	0.278515
5	29	-0.2127284	0.4949283	1.368775
5	30	1.164491	0.1953976	0.278515
5	31	1.164491	0.1953976	0.278515
5	32	1.164491	0.1953976	0.278515
5	33	1.164491	0.1953976	0.278515
5	34	1.164491	0.1953976	0.278515
5	35	1.095704	0.2289224	0.1490069
5	36	-0.2085747	0.5985142	0.3300466
5	37	1.095704	0.2289224	0.1490069
6	1	1.164491	0.1953976	0.278515
6	2	1.164491	0.1953976	0.278515
6	3	1.164491	0.1953976	0.278515
6	4	1.164491	0.1953976	0.278515
6	5	1.164491	0.1953976	0.278515
6	6	1.164491	0.1953976	0.278515
6	7	1.164491	0.1953976	0.278515
6	8	1.164491	0.1953976	0.278515
6	9	1.164491	0.1953976	0.278515
6	10	1.164491	0.1953976	0.278515
6	11	1.164491	0.1953976	0.278515
6	12	1.164491	0.1953976	0.278515
6	13	1.164491	0.1953976	0.278515
6	14	1.164491	0.1953976	0.278515
6	15	1.164491	0.1953976	0.278515
6	16	1.164491	0.1953976	0.278515
6	17	1.164491	0.1953976	0.278515
6	18	1.164491	0.1953976	0.278515
6	19	1.164491	0.1953976	0.278515
6	20	1.164491	0.1953976	0.278515
6	21	1.164491	0.1953976	0.278515
6	22	1.164491	0.1953976	0.278515
6	23	1.164491	0.1953976	0.278515
6	24	1.164491	0.1953976	0.278515
6	25	1.164491	0.1953976	0.278515
6	26	1.164491	0.1953976	0.278515
6	27	1.164491	0.1953976	0.278515
6	28	1.164491	0.1953976	0.278515
6	29	-0.2127284	0.4949283	1.368775
6	30	1.164491	0.1953976	0.278515
6	31	1.164491	0.1953976	0.278515
6	32	1.164491	0.1953976	0.278515
6	33	1.164491	0.1953976	0.278515
6	34	1.164491	0.1953976	0.278515
6	35	1.095704	0.2289224	0.1490069
6	36	-0.2085747	0.5985142	0.3300466
6	37	1.095704	0.2289224	0.1490069
7	1	1.164491	0.1953976	0.278515
7	2	1.164491	0.1953976	0.278515
7	3	1.164491	0.1953976	0.278515
7	4	1.164491	0.1953976	0.278515
7	5	1.164491	0.1953976	0.278515
7	6	1.164491	0.1953976	0.278515
7	7	1.164491	0.1953976	0.278515
7	8	1.164491	0.1953976	0.278515
7	9	1.164491	0.1953976	0.278515
7	10	1.164491	0.1953976	0.278515
7	11	1.164491	0.1953976	0.278515
7	12	1.164491	0.1953976	0.278515
7	13	1.164491	0.1953976	0.278515
7	14	1.164491	0.1953976	0.278515
7	15	1.164491	0.1953976	0.278515
7	16	1.164491	0.1953976	0.278515
7	17	1.164491	0.1953976	0.278515
7	18	1.164491	0.1953976	0.278515
7	19	1.164491	0.1953976	0.278515
7	20	1.164491	0.1953976	0.278515
7	21	1.164491	0.1953976	0.278515
7	22	1.164491	0.1953976	0.278515
7	23	1.164491	0.1953976	0.278515
7	24	1.164491	0.1953976	0.278515
7	25	1.164491	0.1953976	0.278515
7	26	1.164491	0.1953976	0.278515
7	27	1.164491	0.1953976	0.278515
7	28	1.164491	0.1953976	0.278515
7	29	-0.2127284	0.4949283	1.368775
7	30	1.164491	0.1953976	0.278515
7	31	1.164491	0.1953976	0.278515
7	32	1.164491	0.1953976	0.278515
7	33	1.164491	0.1953976	0.278515
7	34	1.164491	0.1953976	0.278515
7	35	1.095704	0.2289224	0.1490069
7	36	-0.2085747	0.5985142	0.3300466
7	37	1.095704	0.2289224	0.1490069
8	1	1.163690	0.1933258	0.3014073
8	2	1.163690	0.1933258	0.3014073
8	3	1.163690	0.1933258	0.3014073
8	4	1.163690	0.1933258	0.3014073
8	5	1.163690	0.1933258	0.3014073
8	6	1.163690	0.1933258	0.3014073
8	7	1.163690	0.1933258	0.3014073
8	8	1.163690	0.1933258	0.3014073
8	9	1.163690	0.1933258	0.3014073
8	10	1.163690	0.1933258	0.3014073
8	11	1.163690	0.1933258	0.3014073
8	12	1.163690	0.1933258	0.3014073
8	13	1.163690	0.1933258	0.3014073
8	14	1.163690	0.1933258	0.3014073
8	15	1.163690	0.1933258	0.3014073
8	16	1.163690	0.1933258	0.3014073
8	17	1.163690	0.1933258	0.3014073
8	18	1.163690	0.1933258	0.3014073
8	19	1.163690	0.1933258	0.3014073
8	20	1.163690	0.1933258	0.3014073
8	21	1.163690	0.1933258	0.3014073
8	22	1.163690	0.1933258	0.3014073
8	23	1.163690	0.1933258	0.3014073
8	24	1.163690	0.1933258	0.3014073
8	25	1.163690	0.1933258	0.3014073
8	26	1.163690	0.1933258	0.3014073
8	27	1.163690	0.1933258	0.3014073
8	28	1.163690	0.1933258	0.3014073
8	29	-0.1320432	0.4696010	1.381990
8	30	1.163690	0.1933258	0.3014073
8	31	1.163690	0.1933258	0.3014073
8	32	1.163690	0.1933258	0.3014073
8	33	1.163690	0.1933258	0.3014073
8	34	1.163690	0.1933258	0.3014073
8	35	0.7775187	0.3340989	0.04440255
8	36	-0.2435265	0.6018974	0.399518
8	37	0.7775187	0.3340989	0.04440255
9	1	1.163690	0.1933258	0.3014073
9	2	1.163690	0.1933258	0.3014073
9	3	1.163690	0.1933258	0.3014073
9	4	1.163690	0.1933258	0.3014073
9	5	1.163690	0.1933258	0.3014073
9	6	1.163690	0.1933258	0.3014073
9	7	1.163690	0.1933258	0.3014073
9	8	1.163690	0.1933258	0.3014073
9	9	1.163690	0.1933258	0.3014073
9	10	1.163690	0.1933258	0.3014073
9	11	1.163690	0.1933258	0.3014073
9	12	1.163690	0.1933258	0.3014073
9	13	1.163690	0.1933258	0.3014073
9	14	1.163690	0.1933258	0.3014073
9	15	1.163690	0.1933258	0.3014073
9	16	1.163690	0.1933258	0.3014073
9	17	1.163690	0.1933258	0.3014073
9	18	1.163690	0.1933258	0.3014073
9	19	1.163690	0.1933258	0.3014073
9	20	1.163690	0.1933258	0.3014073
9	21	1.163690	0.1933258	0.3014073
9	22	1.163690	0.1933258	0.3014073
9	23	1.163690	0.1933258	0.3014073
9	24	1.163690	0.1933258	0.3014073
9	25	1.163690	0.1933258	0.3014073
9	26	1.163690	0.1933258	0.3014073
9	27	1.163690	0.1933258	0.3014073
9	28	1.163690	0.1933258	0.3014073
9	29	-0.1320432	0.4696010	1.381990
9	30	1.163690	0.1933258	0.3014073
9	31	1.163690	0.1933258	0.3014073
9	32	1.163690	0.1933258	0.3014073
9	33	1.163690	0.1933258	0.3014073
9	34	1.163690	0.1933258	0.3014073
9	35	0.7775187	0.3340989	0.04440255
9	36	-0.2435265	0.6018974	0.399518
9	37	0.7775187	0.3340989	0.04440255
10	1	1.163690	0.1933258	0.3014073
10	2	1.163690	0.1933258	0.3014073
10	3	1.163690	0.1933258	0.3014073
10	4	1.163690	0.1933258	0.3014073
10	5	1.163690	0.1933258	0.3014073
10	6	1.163690	0.1933258	0.3014073
10	7	1.163690	0.1933258	0.3014073
10	8	1.163690	0.1933258	0.3014073
10	9	1.163690	0.1933258	0.3014073
10	10	1.163690	0.1933258	0.3014073
10	11	1.163690	0.1933258	0.3014073
10	12	1.163690	0.1933258	0.3014073
10	13	1.163690	0.1933258	0.3014073
10	14	1.163690	0.1933258	0.3014073
10	15	1.163690	0.1933258	0.3014073
10	16	1.163690	0.1933258	0.3014073
10	17	1.163690	0.1933258	0.3014073
10	18	1.163690	0.1933258	0.3014073
10	19	1.163690	0.1933258	0.3014073
10	20	1.163690	0.1933258	0.3014073
10	21	1.163690	0.1933258	0.3014073
10	22	1.163690	0.1933258	0.3014073
10	23	1.163690	0.1933258	0.3014073
10	24	1.163690	0.1933258	0.3014073
10	25	1.163690	0.1933258	0.3014073
10	26	1.163690	0.1933258	0.3014073
10	27	1.163690	0.1933258	0.3014073
10	28	1.163690	0.1933258	0.3014073
10	29	-0.1320432	0.4696010	1.381990
10	30	1.163690	0.1933258	0.3014073
10	31	1.163690	0.1933258	0.3014073
10	32	1.163690	0.1933258	0.3014073
10	33	1.163690	0.1933258	0.3014073
10	34	1.163690	0.1933258	0.3014073
10	35	0.7775187	0.3340989	0.04440255
10	36	-0.2435265	0.6018974	0.399518
10	37	0.7775187	0.3340989	0.04440255
11	1	1.163690	0.1933258	0.3014073
11	2	1.163690	0.1933258	0.3014073
11	3	1.163690	0.1933258	0.3014073
11	4	1.163690	0.1933258	0.3014073
11	5	1.163690	0.1933258	0.3014073
11	6	1.163690	0.1933258	0.3014073
11	7	1.163690	0.1933258	0.3014073
11	8	1.163690	0.1933258	0.3014073
11	9	1.163690	0.1933258	0.3014073
11	10	1.163690	0.1933258	0.3014073
11	11	1.163690	0.1933258	0.3014073
11	12	1.163690	0.1933258	0.3014073
11	13	1.163690	0.1933258	0.3014073
11	14	1.163690	0.1933258	0.3014073
11	15	1.163690	0.1933258	0.3014073
11	16	1.163690	0.1933258	0.3014073
11	17	1.163690	0.1933258	0.3014073
11	18	1.163690	0.1933258	0.3014073
11	19	1.163690	0.1933258	0.3014073
11	20	1.163690	0.1933258	0.3014073
11	21	1.163690	0.1933258	0.3014073
11	22	1.163690	0.1933258	0.3014073
11	23	1.163690	0.1933258	0.3014073
11	24	1.163690	0.1933258	0.3014073
11	25	1.163690	0.1933258	0.3014073
11	26	1.163690	0.1933258	0.3014073
11	27	1.163690	0.1933258	0.3014073
11	28	1.163690	0.1933258	0.3014073
11	29	-0.1320432	0.4696010	1.381990
11	30	1.163690	0.1933258	0.3014073
11	31	1.163690	0.1933258	0.3014073
11	32	1.163690	0.1933258	0.3014073
11	33	1.163690	0.1933258	0.3014073
11	34	1.163690	0.1933258	0.3014073
11	35	0.7775187	0.3340989	0.04440255
11	36	-0.2435265	0.6018974	0.399518
11	37	0.7775187	0.3340989	0.04440255
12	1	1.163690	0.1933258	0.3014073
12	2	1.163690	0.1933258	0.3014073
12	3	1.163690	0.1933258	0.3014073
12	4	1.163690	0.1933258	0.3014073
12	5	1.163690	0.1933258	0.3014073
12	6	1.163690	0.1933258	0.3014073
12	7	1.163690	0.1933258	0.3014073
12	8	1.163690	0.1933258	0.3014073
12	9	1.163690	0.1933258	0.3014073
12	10	1.163690	0.1933258	0.3014073
12	11	1.163690	0.1933258	0.3014073
12	12	1.163690	0.1933258	0.3014073
12	13	1.163690	0.1933258	0.3014073
12	14	1.163690	0.1933258	0.3014073
12	15	1.163690	0.1933258	0.3014073
12	16	1.163690	0.1933258	0.3014073
12	17	1.163690	0.1933258	0.3014073
12	18	1.163690	0.1933258	0.3014073
12	19	1.163690	0.1933258	0.3014073
12	20	1.163690	0.1933258	0.3014073
12	21	1.163690	0.1933258	0.3014073
12	22	1.163690	0.1933258	0.3014073
12	23	1.163690	0.1933258	0.3014073
12	24	1.163690	0.1933258	0.3014073
12	25	1.163690	0.1933258	0.3014073
12	26	1.163690	0.1933258	0.3014073
12	27	1.163690	0.1933258	0.3014073
12	28	1.163690	0.1933258	0.3014073
12	29	-0.1320432	0.4696010	1.381990
12	30	1.163690	0.1933258	0.3014073
12	31	1.163690	0.1933258	0.3014073
12	32	1.163690	0.1933258	0.3014073
12	33	1.163690	0.1933258	0.3014073
12	34	1.163690	0.1933258	0.3014073
12	35	0.7775187	0.3340989	0.04440255
12	36	-0.2435265	0.6018974	0.399518
12	37	0.7775187	0.3340989	0.04440255
13	1	1.163690	0.1933258	0.3014073
13	2	1.163690	0.1933258	0.3014073
13	3	1.163690	0.1933258	0.3014073
13	4	1.163690	0.1933258	0.3014073
13	5	1.163690	0.1933258	0.3014073
13	6	1.163690	0.1933258	0.3014073
13	7	1.163690	0.1933258	0.3014073
13	8	1.163690	0.1933258	0.3014073
13	9	1.163690	0.1933258	0.3014073
13	10	1.163690	0.1933258	0.3014073
13	11	1.163690	0.1933258	0.3014073
13	12	1.163690	0.1933258	0.3014073
13	13	1.163690	0.1933258	0.3014073
13	14	1.163690	0.1933258	0.3014073
13	15	1.163690	0.1933258	0.3014073
13	16	1.163690	0.1933258	0.3014073
13	17	1.163690	0.1933258	0.3014073
13	18	1.163690	0.1933258	0.3014073
13	19	1.163690	0.1933258	0.3014073
13	20	1.163690	0.1933258	0.3014073
13	21	1.163690	0.1933258	0.3014073
13	22	1.163690	0.1933258	0.3014073
13	23	1.163690	0.1933258	0.3014073
13	24	1.163690	0.1933258	0.3014073
13	25	1.163690	0.1933258	0.3014073
13	26	1.163690	0.1933258	0.3014073
13	27	1.163690	0.1933258	0.3014073
13	28	1.163690	0.1933258	0.3014073
13	29	-0.1320432	0.4696010	1.381990
13	30	1.163690	0.1933258	0.3014073
13	31	1.163690	0.1933258	0.3014073
13	32	1.163690	0.1933258	0.3014073
13	33	1.163690	0.1933258	0.3014073
13	34	1.163690	0.1933258	0.3014073
13	35	0.7775187	0.3340989	0.04440255
13	36	-0.2435265	0.6018974	0.399518
13	37	0.7775187	0.3340989	0.04440255
14	1	1.163690	0.1933258	0.3014073
14	2	1.163690	0.1933258	0.3014073
14	3	1.163690	0.1933258	0.3014073
14	4	1.163690	0.1933258	0.3014073
14	5	1.163690	0.1933258	0.3014073
14	6	1.163690	0.1933258	0.3014073
14	7	1.163690	0.1933258	0.3014073
14	8	1.163690	0.1933258	0.3014073
14	9	1.163690	0.1933258	0.3014073
14	10	1.163690	0.1933258	0.3014073
14	11	1.163690	0.1933258	0.3014073
14	12	1.163690	0.1933258	0.3014073
14	13	1.163690	0.1933258	0.3014073
14	14	1.163690	0.1933258	0.3014073
14	15	1.163690	0.1933258	0.3014073
14	16	1.163690	0.1933258	0.3014073
14	17	1.163690	0.1933258	0.3014073
14	18	1.163690	0.1933258	0.3014073
14	19	1.163690	0.1933258	0.3014073
14	20	1.163690	0.1933258	0.3014073
14	21	1.163690	0.1933258	0.3014073
14	22	1.163690	0.1933258	0.3014073
14	23	1.163690	0.1933258	0.3014073
14	24	1.163690	0.1933258	0.3014073
14	25	1.163690	0.1933258	0.3014073
14	26	1.163690	0.1933258	0.3014073
14	27	1.163690	0.1933258	0.3014073
14	28	1.163690	0.1933258	0.3014073
14	29	-0.1320432	0.4696010	1.381990
14	30	1.163690	0.1933258	0.3014073
14	31	1.163690	0.1933258	0.3014073
14	32	1.163690	0.1933258	0.3014073
14	33	1.163690	0.1933258	0.3014073
14	34	1.163690	0.1933258	0.3014073
14	35	0.7775187	0.3340989	0.04440255
14	36	-0.2435265	0.6018974	0.399518
14	37	0.7775187	0.3340989	0.04440255
15	1	1.163690	0.1933258	0.3014073
15	2	1.163690	0.1933258	0.3014073
15	3	1.163690	0.1933258	0.3014073
15	4	1.163690	0.1933258	0.3014073
15	5	1.163690	0.1933258	0.3014073
15	6	1.163690	0.1933258	0.3014073
15	7	1.163690	0.1933258	0.3014073
15	8	1.163690	0.1933258	0.3014073
15	9	1.163690	0.1933258	0.3014073
15	10	1.163690	0.1933258	0.3014073
15	11	1.163690	0.1933258	0.3014073
15	12	1.163690	0.1933258	0.3014073
15	13	1.163690	0.1933258	0.3014073
15	14	1.163690	0.1933258	0.3014073
15	15	1.163690	0.1933258	0.3014073
15	16	1.163690	0.1933258	0.3014073
15	17	1.163690	0.1933258	0.3014073
15	18	1.163690	0.1933258	0.3014073
15	19	1.163690	0.1933258	0.3014073
15	20	1.163690	0.1933258	0.3014073
15	21	1.163690	0.1933258	0.3014073
15	22	1.163690	0.1933258	0.3014073
15	23	1.163690	0.1933258	0.3014073
15	24	1.163690	0.1933258	0.3014073
15	25	1.163690	0.1933258	0.3014073
15	26	1.163690	0.1933258	0.3014073
15	27	1.163690	0.1933258	0.3014073
15	28	1.163690	0.1933258	0.3014073
15	29	-0.1320432	0.4696010	1.381990
15	30	1.163690	0.1933258	0.3014073
15	31	1.163690	0.1933258	0.3014073
15	32	1.163690	0.1933258	0.3014073
15	33	1.163690	0.1933258	0.3014073
15	34	1.163690	0.1933258	0.3014073
15	35	0.7775187	0.3340989	0.04440255
15	36	-0.2435265	0.6018974	0.399518
15	37	0.7775187	0.3340989	0.04440255
16	1	1.169124	0.1914573	0.3039087
16	2	1.169124	0.1914573	0.3039087
16	3	1.169124	0.1914573	0.3039087
16	4	1.169124	0.1914573	0.3039087
16	5	1.169124	0.1914573	0.3039087
16	6	1.169124	0.1914573	0.3039087
16	7	1.169124	0.1914573	0.3039087
16	8	1.169124	0.1914573	0.3039087
16	9	1.169124	0.1914573	0.3039087
16	10	1.169124	0.1914573	0.3039087
16	11	1.169124	0.1914573	0.3039087
16	12	1.169124	0.1914573	0.3039087
16	13	1.169124	0.1914573	0.3039087
16	14	1.169124	0.1914573	0.3039087
16	15	1.169124	0.1914573	0.3039087
16	16	1.169124	0.1914573	0.3039087
16	17	1.169124	0.1914573	0.3039087
16	18	1.169124	0.1914573	0.3039087
16	19	1.169124	0.1914573	0.3039087
16	20	1.169124	0.1914573	0.3039087
16	21	1.169124	0.1914573	0.3039087
16	22	1.169124	0.1914573	0.3039087
16	23	1.169124	0.1914573	0.3039087
16	24	1.169124	0.1914573	0.3039087
16	25	1.169124	0.1914573	0.3039087
16	26	1.169124	0.1914573	0.3039087
16	27	1.169124	0.1914573	0.3039087
16	28	1.169124	0.1914573	0.3039087
16	29	-0.1703376	0.5662335	0.5372533
16	30	1.169124	0.1914573	0.3039087
16	31	1.169124	0.1914573	0.3039087
16	32	1.169124	0.1914573	0.3039087
16	33	1.169124	0.1914573	0.3039087
16	34	1.169124	0.1914573	0.3039087
16	35	-0.1169455	0.5851316	0.1926438
16	36	-0.4411857	0.5852144	1.147313
16	37	1.168556	0.1916203	0.3039686
18	1	1.159139	0.191285	0.3350415
18	2	1.159139	0.191285	0.3350415
18	3	1.159139	0.191285	0.3350415
18	4	1.159139	0.191285	0.3350415
18	5	1.159139	0.191285	0.3350415
18	6	1.159139	0.191285	0.3350415
18	7	1.159139	0.191285	0.3350415
18	8	1.159139	0.191285	0.3350415
18	9	1.159139	0.191285	0.3350415
18	10	1.159139	0.191285	0.3350415
18	11	1.159139	0.191285	0.3350415
18	12	1.159139	0.191285	0.3350415
18	13	1.159139	0.191285	0.3350415
18	14	1.159139	0.191285	0.3350415
18	15	1.159139	0.191285	0.3350415
18	16	1.159139	0.191285	0.3350415
18	17	1.159139	0.191285	0.3350415
18	18	1.159139	0.191285	0.3350415
18	19	1.159139	0.191285	0.3350415
18	20	1.159139	0.191285	0.3350415
18	21	1.159139	0.191285	0.3350415
18	22	1.159139	0.191285	0.3350415
18	23	1.159139	0.191285	0.3350415
18	24	1.159139	0.191285	0.3350415
18	25	1.159139	0.191285	0.3350415
18	26	1.159139	0.191285	0.3350415
18	27	1.159139	0.191285	0.3350415
18	28	1.159139	0.191285	0.3350415
18	29	-0.2071491	0.4960743	1.340977
18	30	1.159139	0.191285	0.3350415
18	31	1.159139	0.191285	0.3350415
18	32	1.159139	0.191285	0.3350415
18	33	1.159139	0.191285	0.3350415
18	34	1.159139	0.191285	0.3350415
18	35	-0.1873733	0.5953454	0.2989698
18	37	0.8595972	0.3084984	0.05621819
19	1	1.168962	0.1916144	0.3028290
19	2	1.168962	0.1916144	0.3028290
19	3	1.168962	0.1916144	0.3028290
19	4	1.168962	0.1916144	0.3028290
19	5	1.168962	0.1916144	0.3028290
19	6	1.168962	0.1916144	0.3028290
19	7	1.168962	0.1916144	0.3028290
19	8	1.168962	0.1916144	0.3028290
19	9	1.168962	0.1916144	0.3028290
19	10	1.168962	0.1916144	0.3028290
19	11	1.168962	0.1916144	0.3028290
19	12	1.168962	0.1916144	0.3028290
19	13	1.168962	0.1916144	0.3028290
19	14	1.168962	0.1916144	0.3028290
19	15	1.168962	0.1916144	0.3028290
19	16	1.168962	0.1916144	0.3028290
19	17	1.168962	0.1916144	0.3028290
19	18	1.168962	0.1916144	0.3028290
19	19	1.168962	0.1916144	0.3028290
19	20	1.168962	0.1916144	0.3028290
19	21	1.168962	0.1916144	0.3028290
19	22	1.168962	0.1916144	0.3028290
19	23	1.168962	0.1916144	0.3028290
19	24	1.168962	0.1916144	0.3028290
19	25	1.168962	0.1916144	0.3028290
19	26	1.168962	0.1916144	0.3028290
19	27	1.168962	0.1916144	0.3028290
19	28	1.168962	0.1916144	0.3028290
19	29	-0.1506556	0.5661432	0.4801487
19	30	1.168962	0.1916144	0.3028290
19	31	1.168962	0.1916144	0.3028290
19	32	1.168962	0.1916144	0.3028290
19	33	1.168962	0.1916144	0.3028290
19	34	1.168962	0.1916144	0.3028290
19	35	-0.1086760	0.5831883	0.1875310
19	36	-0.4416961	0.5849098	1.151835
19	37	1.168233	0.1916020	0.3051014
20	1	1.168962	0.1916144	0.3028290
20	2	1.168962	0.1916144	0.3028290
20	3	1.168962	0.1916144	0.3028290
20	4	1.168962	0.1916144	0.3028290
20	5	1.168962	0.1916144	0.3028290
20	6	1.168962	0.1916144	0.3028290
20	7	1.168962	0.1916144	0.3028290
20	8	1.168962	0.1916144	0.3028290
20	9	1.168962	0.1916144	0.3028290
20	10	1.168962	0.1916144	0.3028290
20	11	1.168962	0.1916144	0.3028290
20	12	1.168962	0.1916144	0.3028290
20	13	1.168962	0.1916144	0.3028290
20	14	1.168962	0.1916144	0.3028290
20	15	1.168962	0.1916144	0.3028290
20	16	1.168962	0.1916144	0.3028290
20	17	1.168962	0.1916144	0.3028290
20	18	1.168962	0.1916144	0.3028290
20	19	1.168962	0.1916144	0.3028290
20	20	1.168962	0.1916144	0.3028290
20	21	1.168962	0.1916144	0.3028290
20	22	1.168962	0.1916144	0.3028290
20	23	1.168962	0.1916144	0.3028290
20	24	1.168962	0.1916144	0.3028290
20	25	1.168962	0.1916144	0.3028290
20	26	1.168962	0.1916144	0.3028290
20	27	1.168962	0.1916144	0.3028290
20	28	1.168962	0.1916144	0.3028290
20	29	-0.1506556	0.5661432	0.4801487
20	30	1.168962	0.1916144	0.3028290
20	31	1.168962	0.1916144	0.3028290
20	32	1.168962	0.1916144	0.3028290
20	33	1.168962	0.1916144	0.3028290
20	34	1.168962	0.1916144	0.3028290
20	35	-0.1086760	0.5831883	0.1875310
20	36	-0.4416961	0.5849098	1.151835
20	37	1.168233	0.1916020	0.3051014
21	1	1.168962	0.1916144	0.3028290
21	2	1.168962	0.1916144	0.3028290
21	3	1.168962	0.1916144	0.3028290
21	4	1.168962	0.1916144	0.3028290
21	5	1.168962	0.1916144	0.3028290
21	6	1.168962	0.1916144	0.3028290
21	7	1.168962	0.1916144	0.3028290
21	8	1.168962	0.1916144	0.3028290
21	9	1.168962	0.1916144	0.3028290
21	10	1.168962	0.1916144	0.3028290
21	11	1.168962	0.1916144	0.3028290
21	12	1.168962	0.1916144	0.3028290
21	13	1.168962	0.1916144	0.3028290
21	14	1.168962	0.1916144	0.3028290
21	15	1.168962	0.1916144	0.3028290
21	16	1.168962	0.1916144	0.3028290
21	17	1.168962	0.1916144	0.3028290
21	18	1.168962	0.1916144	0.3028290
21	19	1.168962	0.1916144	0.3028290
21	20	1.168962	0.1916144	0.3028290
21	21	1.168962	0.1916144	0.3028290
21	22	1.168962	0.1916144	0.3028290
21	23	1.168962	0.1916144	0.3028290
21	24	1.168962	0.1916144	0.3028290
21	25	1.168962	0.1916144	0.3028290
21	26	1.168962	0.1916144	0.3028290
21	27	1.168962	0.1916144	0.3028290
21	28	1.168962	0.1916144	0.3028290
21	29	-0.1506556	0.5661432	0.4801487
21	30	1.168962	0.1916144	0.3028290
21	31	1.168962	0.1916144	0.3028290
21	32	1.168962	0.1916144	0.3028290
21	33	1.168962	0.1916144	0.3028290
21	34	1.168962	0.1916144	0.3028290
21	35	-0.1086760	0.5831883	0.1875310
21	36	-0.4416961	0.5849098	1.151835
21	37	1.168233	0.1916020	0.3051014
22	1	1.168962	0.1916144	0.3028290
22	2	1.168962	0.1916144	0.3028290
22	3	1.168962	0.1916144	0.3028290
22	4	1.168962	0.1916144	0.3028290
22	5	1.168962	0.1916144	0.3028290
22	6	1.168962	0.1916144	0.3028290
22	7	1.168962	0.1916144	0.3028290
22	8	1.168962	0.1916144	0.3028290
22	9	1.168962	0.1916144	0.3028290
22	10	1.168962	0.1916144	0.3028290
22	11	1.168962	0.1916144	0.3028290
22	12	1.168962	0.1916144	0.3028290
22	13	1.168962	0.1916144	0.3028290
22	14	1.168962	0.1916144	0.3028290
22	15	1.168962	0.1916144	0.3028290
22	16	1.168962	0.1916144	0.3028290
22	17	1.168962	0.1916144	0.3028290
22	18	1.168962	0.1916144	0.3028290
22	19	1.168962	0.1916144	0.3028290
22	20	1.168962	0.1916144	0.3028290
22	21	1.168962	0.1916144	0.3028290
22	22	1.168962	0.1916144	0.3028290
22	23	1.168962	0.1916144	0.3028290
22	24	1.168962	0.1916144	0.3028290
22	25	1.168962	0.1916144	0.3028290
22	26	1.168962	0.1916144	0.3028290
22	27	1.168962	0.1916144	0.3028290
22	28	1.168962	0.1916144	0.3028290
22	29	-0.1506556	0.5661432	0.4801487
22	30	1.168962	0.1916144	0.3028290
22	31	1.168962	0.1916144	0.3028290
22	32	1.168962	0.1916144	0.3028290
22	33	1.168962	0.1916144	0.3028290
22	34	1.168962	0.1916144	0.3028290
22	35	-0.1086760	0.5831883	0.1875310
22	36	-0.4416961	0.5849098	1.151835
22	37	1.168233	0.1916020	0.3051014
23	1	1.168962	0.1916144	0.3028290
23	2	1.168962	0.1916144	0.3028290
23	3	1.168962	0.1916144	0.3028290
23	4	1.168962	0.1916144	0.3028290
23	5	1.168962	0.1916144	0.3028290
23	6	1.168962	0.1916144	0.3028290
23	7	1.168962	0.1916144	0.3028290
23	8	1.168962	0.1916144	0.3028290
23	9	1.168962	0.1916144	0.3028290
23	10	1.168962	0.1916144	0.3028290
23	11	1.168962	0.1916144	0.3028290
23	12	1.168962	0.1916144	0.3028290
23	13	1.168962	0.1916144	0.3028290
23	14	1.168962	0.1916144	0.3028290
23	15	1.168962	0.1916144	0.3028290
23	16	1.168962	0.1916144	0.3028290
23	17	1.168962	0.1916144	0.3028290
23	18	1.168962	0.1916144	0.3028290
23	19	1.168962	0.1916144	0.3028290
23	20	1.168962	0.1916144	0.3028290
23	21	1.168962	0.1916144	0.3028290
23	22	1.168962	0.1916144	0.3028290
23	23	1.168962	0.1916144	0.3028290
23	24	1.168962	0.1916144	0.3028290
23	25	1.168962	0.1916144	0.3028290
23	26	1.168962	0.1916144	0.3028290
23	27	1.168962	0.1916144	0.3028290
23	28	1.168962	0.1916144	0.3028290
23	29	-0.1506556	0.5661432	0.4801487
23	30	1.168962	0.1916144	0.3028290
23	31	1.168962	0.1916144	0.3028290
23	32	1.168962	0.1916144	0.3028290
23	33	1.168962	0.1916144	0.3028290
23	34	1.168962	0.1916144	0.3028290
23	35	-0.1086760	0.5831883	0.1875310
23	36	-0.4416961	0.5849098	1.151835
23	37	1.168233	0.1916020	0.3051014
24	1	1.168962	0.1916144	0.3028290
24	2	1.168962	0.1916144	0.3028290
24	3	1.168962	0.1916144	0.3028290
24	4	1.168962	0.1916144	0.3028290
24	5	1.168962	0.1916144	0.3028290
24	6	1.168962	0.1916144	0.3028290
24	7	1.168962	0.1916144	0.3028290
24	8	1.168962	0.1916144	0.3028290
24	9	1.168962	0.1916144	0.3028290
24	10	1.168962	0.1916144	0.3028290
24	11	1.168962	0.1916144	0.3028290
24	12	1.168962	0.1916144	0.3028290
24	13	1.168962	0.1916144	0.3028290
24	14	1.168962	0.1916144	0.3028290
24	15	1.168962	0.1916144	0.3028290
24	16	1.168962	0.1916144	0.3028290
24	17	1.168962	0.1916144	0.3028290
24	18	1.168962	0.1916144	0.3028290
24	19	1.168962	0.1916144	0.3028290
24	20	1.168962	0.1916144	0.3028290
24	21	1.168962	0.1916144	0.3028290
24	22	1.168962	0.1916144	0.3028290
24	23	1.168962	0.1916144	0.3028290
24	24	1.168962	0.1916144	0.3028290
24	25	1.168962	0.1916144	0.3028290
24	26	1.168962	0.1916144	0.3028290
24	27	1.168962	0.1916144	0.3028290
24	28	1.168962	0.1916144	0.3028290
24	29	-0.1506556	0.5661432	0.4801487
24	30	1.168962	0.1916144	0.3028290
24	31	1.168962	0.1916144	0.3028290
24	32	1.168962	0.1916144	0.3028290
24	33	1.168962	0.1916144	0.3028290
24	34	1.168962	0.1916144	0.3028290
24	35	-0.1086760	0.5831883	0.1875310
24	36	-0.4416961	0.5849098	1.151835
24	37	1.168233	0.1916020	0.3051014
25	1	1.168962	0.1916144	0.3028290
25	2	1.168962	0.1916144	0.3028290
25	3	1.168962	0.1916144	0.3028290
25	4	1.168962	0.1916144	0.3028290
25	5	1.168962	0.1916144	0.3028290
25	6	1.168962	0.1916144	0.3028290
25	7	1.168962	0.1916144	0.3028290
25	8	1.168962	0.1916144	0.3028290
25	9	1.168962	0.1916144	0.3028290
25	10	1.168962	0.1916144	0.3028290
25	11	1.168962	0.1916144	0.3028290
25	12	1.168962	0.1916144	0.3028290
25	13	1.168962	0.1916144	0.3028290
25	14	1.168962	0.1916144	0.3028290
25	15	1.168962	0.1916144	0.3028290
25	16	1.168962	0.1916144	0.3028290
25	17	1.168962	0.1916144	0.3028290
25	18	1.168962	0.1916144	0.3028290
25	19	1.168962	0.1916144	0.3028290
25	20	1.168962	0.1916144	0.3028290
25	21	1.168962	0.1916144	0.3028290
25	22	1.168962	0.1916144	0.3028290
25	23	1.168962	0.1916144	0.3028290
25	24	1.168962	0.1916144	0.3028290
25	25	1.168962	0.1916144	0.3028290
25	26	1.168962	0.1916144	0.3028290
25	27	1.168962	0.1916144	0.3028290
25	28	1.168962	0.1916144	0.3028290
25	29	-0.1506556	0.5661432	0.4801487
25	30	1.168962	0.1916144	0.3028290
25	31	1.168962	0.1916144	0.3028290
25	32	1.168962	0.1916144	0.3028290
25	33	1.168962	0.1916144	0.3028290
25	34	1.168962	0.1916144	0.3028290
25	35	-0.1086760	0.5831883	0.1875310
25	36	-0.4416961	0.5849098	1.151835
25	37	1.168233	0.1916020	0.3051014
26	1	1.168962	0.1916144	0.3028290
26	2	1.168962	0.1916144	0.3028290
26	3	1.168962	0.1916144	0.3028290
26	4	1.168962	0.1916144	0.3028290
26	5	1.168962	0.1916144	0.3028290
26	6	1.168962	0.1916144	0.3028290
26	7	1.168962	0.1916144	0.3028290
26	8	1.168962	0.1916144	0.3028290
26	9	1.168962	0.1916144	0.3028290
26	10	1.168962	0.1916144	0.3028290
26	11	1.168962	0.1916144	0.3028290
26	12	1.168962	0.1916144	0.3028290
26	13	1.168962	0.1916144	0.3028290
26	14	1.168962	0.1916144	0.3028290
26	15	1.168962	0.1916144	0.3028290
26	16	1.168962	0.1916144	0.3028290
26	17	1.168962	0.1916144	0.3028290
26	18	1.168962	0.1916144	0.3028290
26	19	1.168962	0.1916144	0.3028290
26	20	1.168962	0.1916144	0.3028290
26	21	1.168962	0.1916144	0.3028290
26	22	1.168962	0.1916144	0.3028290
26	23	1.168962	0.1916144	0.3028290
26	24	1.168962	0.1916144	0.3028290
26	25	1.168962	0.1916144	0.3028290
26	26	1.168962	0.1916144	0.3028290
26	27	1.168962	0.1916144	0.3028290
26	28	1.168962	0.1916144	0.3028290
26	29	-0.1506556	0.5661432	0.4801487
26	30	1.168962	0.1916144	0.3028290
26	31	1.168962	0.1916144	0.3028290
26	32	1.168962	0.1916144	0.3028290
26	33	1.168962	0.1916144	0.3028290
26	34	1.168962	0.1916144	0.3028290
26	35	-0.1086760	0.5831883	0.1875310
26	36	-0.4416961	0.5849098	1.151835
26	37	1.168233	0.1916020	0.3051014
27	1	1.168962	0.1916144	0.3028290
27	2	1.168962	0.1916144	0.3028290
27	3	1.168962	0.1916144	0.3028290
27	4	1.168962	0.1916144	0.3028290
27	5	1.168962	0.1916144	0.3028290
27	6	1.168962	0.1916144	0.3028290
27	7	1.168962	0.1916144	0.3028290
27	8	1.168962	0.1916144	0.3028290
27	9	1.168962	0.1916144	0.3028290
27	10	1.168962	0.1916144	0.3028290
27	11	1.168962	0.1916144	0.3028290
27	12	1.168962	0.1916144	0.3028290
27	13	1.168962	0.1916144	0.3028290
27	14	1.168962	0.1916144	0.3028290
27	15	1.168962	0.1916144	0.3028290
27	16	1.168962	0.1916144	0.3028290
27	17	1.168962	0.1916144	0.3028290
27	18	1.168962	0.1916144	0.3028290
27	19	1.168962	0.1916144	0.3028290
27	20	1.168962	0.1916144	0.3028290
27	21	1.168962	0.1916144	0.3028290
27	22	1.168962	0.1916144	0.3028290
27	23	1.168962	0.1916144	0.3028290
27	24	1.168962	0.1916144	0.3028290
27	25	1.168962	0.1916144	0.3028290
27	26	1.168962	0.1916144	0.3028290
27	27	1.168962	0.1916144	0.3028290
27	28	1.168962	0.1916144	0.3028290
27	29	-0.1506556	0.5661432	0.4801487
27	30	1.168962	0.1916144	0.3028290
27	31	1.168962	0.1916144	0.3028290
27	32	1.168962	0.1916144	0.3028290
27	33	1.168962	0.1916144	0.3028290
27	34	1.168962	0.1916144	0.3028290
27	35	-0.1086760	0.5831883	0.1875310
27	36	-0.4416961	0.5849098	1.151835
27	37	1.168233	0.1916020	0.3051014
28	1	1.168962	0.1916144	0.3028290
28	2	1.168962	0.1916144	0.3028290
28	3	1.168962	0.1916144	0.3028290
28	4	1.168962	0.1916144	0.3028290
28	5	1.168962	0.1916144	0.3028290
28	6	1.168962	0.1916144	0.3028290
28	7	1.168962	0.1916144	0.3028290
28	8	1.168962	0.1916144	0.3028290
28	9	1.168962	0.1916144	0.3028290
28	10	1.168962	0.1916144	0.3028290
28	11	1.168962	0.1916144	0.3028290
28	12	1.168962	0.1916144	0.3028290
28	13	1.168962	0.1916144	0.3028290
28	14	1.168962	0.1916144	0.3028290
28	15	1.168962	0.1916144	0.3028290
28	16	1.168962	0.1916144	0.3028290
28	17	1.168962	0.1916144	0.3028290
28	18	1.168962	0.1916144	0.3028290
28	19	1.168962	0.1916144	0.3028290
28	20	1.168962	0.1916144	0.3028290
28	21	1.168962	0.1916144	0.3028290
28	22	1.168962	0.1916144	0.3028290
28	23	1.168962	0.1916144	0.3028290
28	24	1.168962	0.1916144	0.3028290
28	25	1.168962	0.1916144	0.3028290
28	26	1.168962	0.1916144	0.3028290
28	27	1.168962	0.1916144	0.3028290
28	28	1.168962	0.1916144	0.3028290
28	29	-0.1506556	0.5661432	0.4801487
28	30	1.168962	0.1916144	0.3028290
28	31	1.168962	0.1916144	0.3028290
28	32	1.168962	0.1916144	0.3028290
28	33	1.168962	0.1916144	0.3028290
28	34	1.168962	0.1916144	0.3028290
28	35	-0.1086760	0.5831883	0.1875310
28	36	-0.4416961	0.5849098	1.151835
28	37	1.168233	0.1916020	0.3051014
29	1	1.168962	0.1916144	0.3028290
29	2	1.168962	0.1916144	0.3028290
29	3	1.168962	0.1916144	0.3028290
29	4	1.168962	0.1916144	0.3028290
29	5	1.168962	0.1916144	0.3028290
29	6	1.168962	0.1916144	0.3028290
29	7	1.168962	0.1916144	0.3028290
29	8	1.168962	0.1916144	0.3028290
29	9	1.168962	0.1916144	0.3028290
29	10	1.168962	0.1916144	0.3028290
29	11	1.168962	0.1916144	0.3028290
29	12	1.168962	0.1916144	0.3028290
29	13	1.168962	0.1916144	0.3028290
29	14	1.168962	0.1916144	0.3028290
29	15	1.168962	0.1916144	0.3028290
29	16	1.168962	0.1916144	0.3028290
29	17	1.168962	0.1916144	0.3028290
29	18	1.168962	0.1916144	0.3028290
29	19	1.168962	0.1916144	0.3028290
29	20	1.168962	0.1916144	0.3028290
29	21	1.168962	0.1916144	0.3028290
29	22	1.168962	0.1916144	0.3028290
29	23	1.168962	0.1916144	0.3028290
29	24	1.168962	0.1916144	0.3028290
29	25	1.168962	0.1916144	0.3028290
29	26	1.168962	0.1916144	0.3028290
29	27	1.168962	0.1916144	0.3028290
29	28	1.168962	0.1916144	0.3028290
29	29	-0.1506556	0.5661432	0.4801487
29	30	1.168962	0.1916144	0.3028290
29	31	1.168962	0.1916144	0.3028290
29	32	1.168962	0.1916144	0.3028290
29	33	1.168962	0.1916144	0.3028290
29	34	1.168962	0.1916144	0.3028290
29	35	-0.1086760	0.5831883	0.1875310
29	36	-0.4416961	0.5849098	1.151835
29	37	1.168233	0.1916020	0.3051014
30	1	1.168962	0.1916144	0.3028290
30	2	1.168962	0.1916144	0.3028290
30	3	1.168962	0.1916144	0.3028290
30	4	1.168962	0.1916144	0.3028290
30	5	1.168962	0.1916144	0.3028290
30	6	1.168962	0.1916144	0.3028290
30	7	1.168962	0.1916144	0.3028290
30	8	1.168962	0.1916144	0.3028290
30	9	1.168962	0.1916144	0.3028290
30	10	1.168962	0.1916144	0.3028290
30	11	1.168962	0.1916144	0.3028290
30	12	1.168962	0.1916144	0.3028290
30	13	1.168962	0.1916144	0.3028290
30	14	1.168962	0.1916144	0.3028290
30	15	1.168962	0.1916144	0.3028290
30	16	1.168962	0.1916144	0.3028290
30	17	1.168962	0.1916144	0.3028290
30	18	1.168962	0.1916144	0.3028290
30	19	1.168962	0.1916144	0.3028290
30	20	1.168962	0.1916144	0.3028290
30	21	1.168962	0.1916144	0.3028290
30	22	1.168962	0.1916144	0.3028290
30	23	1.168962	0.1916144	0.3028290
30	24	1.168962	0.1916144	0.3028290
30	25	1.168962	0.1916144	0.3028290
30	26	1.168962	0.1916144	0.3028290
30	27	1.168962	0.1916144	0.3028290
30	28	1.168962	0.1916144	0.3028290
30	29	-0.1506556	0.5661432	0.4801487
30	30	1.168962	0.1916144	0.3028290
30	31	1.168962	0.1916144	0.3028290
30	32	1.168962	0.1916144	0.3028290
30	33	1.168962	0.1916144	0.3028290
30	34	1.168962	0.1916144	0.3028290
30	35	-0.1086760	0.5831883	0.1875310
30	36	-0.4416961	0.5849098	1.151835
30	37	1.168233	0.1916020	0.3051014
31	1	1.168962	0.1916144	0.3028290
31	2	1.168962	0.1916144	0.3028290
31	3	1.168962	0.1916144	0.3028290
31	4	1.168962	0.1916144	0.3028290
31	5	1.168962	0.1916144	0.3028290
31	6	1.168962	0.1916144	0.3028290
31	7	1.168962	0.1916144	0.3028290
31	8	1.168962	0.1916144	0.3028290
31	9	1.168962	0.1916144	0.3028290
31	10	1.168962	0.1916144	0.3028290
31	11	1.168962	0.1916144	0.3028290
31	12	1.168962	0.1916144	0.3028290
31	13	1.168962	0.1916144	0.3028290
31	14	1.168962	0.1916144	0.3028290
31	15	1.168962	0.1916144	0.3028290
31	16	1.168962	0.1916144	0.3028290
31	17	1.168962	0.1916144	0.3028290
31	18	1.168962	0.1916144	0.3028290
31	19	1.168962	0.1916144	0.3028290
31	20	1.168962	0.1916144	0.3028290
31	21	1.168962	0.1916144	0.3028290
31	22	1.168962	0.1916144	0.3028290
31	23	1.168962	0.1916144	0.3028290
31	24	1.168962	0.1916144	0.3028290
31	25	1.168962	0.1916144	0.3028290
31	26	1.168962	0.1916144	0.3028290
31	27	1.168962	0.1916144	0.3028290
31	28	1.168962	0.1916144	0.3028290
31	29	-0.1506556	0.5661432	0.4801487
31	30	1.168962	0.1916144	0.3028290
31	31	1.168962	0.1916144	0.3028290
31	32	1.168962	0.1916144	0.3028290
31	33	1.168962	0.1916144	0.3028290
31	34	1.168962	0.1916144	0.3028290
31	35	-0.1086760	0.5831883	0.1875310
31	36	-0.4416961	0.5849098	1.151835
31	37	1.168233	0.1916020	0.3051014
32	1	1.168962	0.1916144	0.3028290
32	2	1.168962	0.1916144	0.3028290
32	3	1.168962	0.1916144	0.3028290
32	4	1.168962	0.1916144	0.3028290
32	5	1.168962	0.1916144	0.3028290
32	6	1.168962	0.1916144	0.3028290
32	7	1.168962	0.1916144	0.3028290
32	8	1.168962	0.1916144	0.3028290
32	9	1.168962	0.1916144	0.3028290
32	10	1.168962	0.1916144	0.3028290
32	11	1.168962	0.1916144	0.3028290
32	12	1.168962	0.1916144	0.3028290
32	13	1.168962	0.1916144	0.3028290
32	14	1.168962	0.1916144	0.3028290
32	15	1.168962	0.1916144	0.3028290
32	16	1.168962	0.1916144	0.3028290
32	17	1.168962	0.1916144	0.3028290
32	18	1.168962	0.1916144	0.3028290
32	19	1.168962	0.1916144	0.3028290
32	20	1.168962	0.1916144	0.3028290
32	21	1.168962	0.1916144	0.3028290
32	22	1.168962	0.1916144	0.3028290
32	23	1.168962	0.1916144	0.3028290
32	24	1.168962	0.1916144	0.3028290
32	25	1.168962	0.1916144	0.3028290
32	26	1.168962	0.1916144	0.3028290
32	27	1.168962	0.1916144	0.3028290
32	28	1.168962	0.1916144	0.3028290
32	29	-0.1506556	0.5661432	0.4801487
32	30	1.168962	0.1916144	0.3028290
32	31	1.168962	0.1916144	0.3028290
32	32	1.168962	0.1916144	0.3028290
32	33	1.168962	0.1916144	0.3028290
32	34	1.168962	0.1916144	0.3028290
32	35	-0.1086760	0.5831883	0.1875310
32	36	-0.4416961	0.5849098	1.151835
32	37	1.168233	0.1916020	0.3051014
33	1	1.172195	0.1903676	0.3056584
33	2	1.172195	0.1903676	0.3056584
33	3	1.172195	0.1903676	0.3056584
33	4	1.172195	0.1903676	0.3056584
33	5	1.172195	0.1903676	0.3056584
33	6	1.172195	0.1903676	0.3056584
33	7	1.172195	0.1903676	0.3056584
33	8	1.172195	0.1903676	0.3056584
33	9	1.172195	0.1903676	0.3056584
33	10	1.172195	0.1903676	0.3056584
33	11	1.172195	0.1903676	0.3056584
33	12	1.172195	0.1903676	0.3056584
33	13	1.172195	0.1903676	0.3056584
33	14	1.172195	0.1903676	0.3056584
33	15	1.172195	0.1903676	0.3056584
33	16	1.172195	0.1903676	0.3056584
33	17	1.172195	0.1903676	0.3056584
33	18	1.172195	0.1903676	0.3056584
33	19	1.172195	0.1903676	0.3056584
33	20	1.172195	0.1903676	0.3056584
33	21	1.172195	0.1903676	0.3056584
33	22	1.172195	0.1903676	0.3056584
33	23	1.172195	0.1903676	0.3056584
33	24	1.172195	0.1903676	0.3056584
33	25	1.172195	0.1903676	0.3056584
33	26	1.172195	0.1903676	0.3056584
33	27	1.172195	0.1903676	0.3056584
33	28	1.172195	0.1903676	0.3056584
33	29	-0.3454484	0.5822272	0.8947901
33	30	1.172195	0.1903676	0.3056584
33	31	1.172195	0.1903676	0.3056584
33	32	1.172195	0.1903676	0.3056584
33	33	1.172195	0.1903676	0.3056584
33	34	1.172195	0.1903676	0.3056584
33	35	-0.4037591	0.5865815	1.023474
33	36	-0.07995226	0.5781873	0.1524447
33	37	1.130411	0.2168909	0.1659549
34	1	1.172223	0.1903244	0.3060042
34	2	1.172223	0.1903244	0.3060042
34	3	1.172223	0.1903244	0.3060042
34	4	1.172223	0.1903244	0.3060042
34	5	1.172223	0.1903244	0.3060042
34	6	1.172223	0.1903244	0.3060042
34	7	1.172223	0.1903244	0.3060042
34	8	1.172223	0.1903244	0.3060042
34	9	1.172223	0.1903244	0.3060042
34	10	1.172223	0.1903244	0.3060042
34	11	1.172223	0.1903244	0.3060042
34	12	1.172223	0.1903244	0.3060042
34	13	1.172223	0.1903244	0.3060042
34	14	1.172223	0.1903244	0.3060042
34	15	1.172223	0.1903244	0.3060042
34	16	1.172223	0.1903244	0.3060042
34	17	1.172223	0.1903244	0.3060042
34	18	1.172223	0.1903244	0.3060042
34	19	1.172223	0.1903244	0.3060042
34	20	1.172223	0.1903244	0.3060042
34	21	1.172223	0.1903244	0.3060042
34	22	1.172223	0.1903244	0.3060042
34	23	1.172223	0.1903244	0.3060042
34	24	1.172223	0.1903244	0.3060042
34	25	1.172223	0.1903244	0.3060042
34	26	1.172223	0.1903244	0.3060042
34	27	1.172223	0.1903244	0.3060042
34	28	1.172223	0.1903244	0.3060042
34	29	-0.3450665	0.5822591	0.8933485
34	30	1.172264	0.1904647	0.3044936
34	31	1.172223	0.1903244	0.3060042
34	32	1.172264	0.1904647	0.3044936
34	33	1.172223	0.1903244	0.3060042
34	34	1.172223	0.1903244	0.3060042
34	35	-0.4038292	0.586586	1.023636
34	36	-0.07970354	0.5781359	0.1522206
34	37	1.119854	0.220836	0.1579722
35	1	1.173422	0.1907079	0.298672
35	2	1.173422	0.1907079	0.298672
35	3	1.173422	0.1907079	0.298672
35	4	1.173422	0.1907079	0.298672
35	5	1.173422	0.1907079	0.298672
35	6	1.173422	0.1907079	0.298672
35	7	1.173422	0.1907079	0.298672
35	8	1.173422	0.1907079	0.298672
35	9	1.173422	0.1907079	0.298672
35	10	1.173422	0.1907079	0.298672
35	11	1.173422	0.1907079	0.298672
35	12	1.173422	0.1907079	0.298672
35	13	1.173422	0.1907079	0.298672
35	14	1.173422	0.1907079	0.298672
35	15	1.173422	0.1907079	0.298672
35	16	1.173422	0.1907079	0.298672
35	17	1.173422	0.1907079	0.298672
35	18	1.173422	0.1907079	0.298672
35	19	1.169111	0.189643	0.3219275
35	20	1.169111	0.189643	0.3219275
35	21	1.169111	0.189643	0.3219275
35	22	1.169111	0.189643	0.3219275
35	23	1.170243	0.189718	0.3178483
35	24	1.170243	0.189718	0.3178483
35	25	1.171159	0.1898033	0.3143038
35	26	1.163838	0.1895039	0.3388443
35	27	1.163838	0.1895039	0.3388443
35	28	1.163838	0.1895039	0.3388443
35	29	-0.3449683	0.5819041	0.8965774
35	30	1.173053	0.1910841	0.2960288
35	31	1.173422	0.1907079	0.298672
35	32	1.173053	0.1910841	0.2960288
35	33	1.173422	0.1907079	0.298672
35	34	1.173422	0.1907079	0.298672
35	35	-0.4036467	0.5863358	1.025578
35	36	-0.07945857	0.5780564	0.1522863
35	37	1.105364	0.2262603	0.146919
36	1	1.169641	0.1885775	0.3309251
36	2	1.169641	0.1885775	0.3309251
36	3	1.169641	0.1885775	0.3309251
36	4	1.169641	0.1885775	0.3309251
36	5	1.169641	0.1885775	0.3309251
36	6	1.169641	0.1885775	0.3309251
36	7	1.169641	0.1885775	0.3309251
36	8	1.169641	0.1885775	0.3309251
36	9	1.169641	0.1885775	0.3309251
36	10	1.169641	0.1885775	0.3309251
36	11	1.169641	0.1885775	0.3309251
36	12	1.169641	0.1885775	0.3309251
36	13	1.169641	0.1885775	0.3309251
36	14	1.169641	0.1885775	0.3309251
36	15	1.169641	0.1885775	0.3309251
36	16	1.169641	0.1885775	0.3309251
36	17	1.169641	0.1885775	0.3309251
36	18	1.169641	0.1885775	0.3309251
36	29	-0.4115961	0.5735909	1.175300
36	30	1.080880	0.2346722	0.1357129
36	31	1.169641	0.1885775	0.3309251
36	32	1.080880	0.2346722	0.1357129
36	33	1.169641	0.1885775	0.3309251
36	34	1.169641	0.1885775	0.3309251
36	37	-0.1033879	0.5821175	0.1825591
37	1	1.157497	0.2020602	0.2331047
37	2	1.157497	0.2020602	0.2331047
37	3	1.157497	0.2020602	0.2331047
37	4	1.157497	0.2020602	0.2331047
37	5	1.157497	0.2020602	0.2331047
37	6	1.157497	0.2020602	0.2331047
37	7	1.157497	0.2020602	0.2331047
37	8	1.157497	0.2020602	0.2331047
37	9	1.157497	0.2020602	0.2331047
37	10	1.157497	0.2020602	0.2331047
37	11	1.157497	0.2020602	0.2331047
37	12	1.157497	0.2020602	0.2331047
37	13	1.157497	0.2020602	0.2331047
37	14	1.157497	0.2020602	0.2331047
37	15	1.157497	0.2020602	0.2331047
37	16	1.157497	0.2020602	0.2331047
37	17	1.157497	0.2020602	0.2331047
37	18	1.157497	0.2020602	0.2331047
37	29	-0.3250261	0.5994543	0.6638959
37	30	0.9896883	0.2118439	0.6306596
37	31	1.157497	0.2020602	0.2331047
37	32	0.9896883	0.2118439	0.6306596
37	33	1.157497	0.2020602	0.2331047
37	34	1.157497	0.2020602	0.2331047
38	29	1.248966	0.1557995	0.4219774
38	30	-0.1719657	0.580813	0.3975760
39	1	0.4267158	0.4411802	0.01704313
39	2	0.4267158	0.4411802	0.01704313
39	3	0.1206674	0.3954301	1.372286
39	4	1.178169	0.192002	0.2718575
39	5	1.178169	0.192002	0.2718575
39	6	1.178169	0.192002	0.2718575
39	7	1.178169	0.192002	0.2718575
39	8	1.178169	0.192002	0.2718575
39	9	1.178169	0.192002	0.2718575
39	10	1.178169	0.192002	0.2718575
39	11	1.178169	0.192002	0.2718575
39	12	1.178169	0.192002	0.2718575
39	13	1.178169	0.192002	0.2718575
39	14	1.178169	0.192002	0.2718575
39	15	1.178169	0.192002	0.2718575
39	16	1.178169	0.192002	0.2718575
39	17	0.1206511	0.3954307	1.372328
39	18	0.1206511	0.3954307	1.372328
39	29	-0.3088858	0.6007378	0.603614
39	30	0.3710195	0.4578634	0.01584918
39	31	0.4267158	0.4411802	0.01704313
39	32	0.3710195	0.4578634	0.01584918
39	33	0.05188225	0.4138321	1.392630
39	34	0.05188225	0.4138321	1.392630
40	1	0.1232930	0.5264966	0.06574068
40	2	0.1232930	0.5264966	0.06574068
40	3	-0.2800715	0.5241388	1.277763
40	17	-0.2801150	0.5241481	1.277799
40	18	-0.2801150	0.5241481	1.277799
40	19	1.202948	0.1678590	0.438084
40	20	1.202948	0.1678590	0.438084
40	21	1.202948	0.1678590	0.438084
40	22	1.202948	0.1678590	0.438084
40	23	1.218401	0.1660544	0.4104301
40	24	1.218401	0.1660544	0.4104301
40	25	1.231409	0.1647984	0.3845416
40	26	1.140192	0.1770281	0.5321559
40	27	1.140192	0.1770281	0.5321559
40	28	1.140192	0.1770281	0.5321559
40	29	-0.05076511	0.5597369	0.2492689
40	30	0.1228470	0.5275355	0.05675948
40	31	0.1232930	0.5264966	0.06574068
40	32	0.1228470	0.5275355	0.05675948
40	33	-0.2794547	0.5240073	1.277248
40	34	-0.2794547	0.5240073	1.277248
41	1	1.085028	0.2408301	0.06246846
41	2	1.085028	0.2408301	0.06246846
41	3	-0.04605611	0.563246	0.2006183
41	17	-0.04606326	0.56325	0.2006002
41	18	-0.04606326	0.56325	0.2006002
41	19	0.01517273	0.4283552	1.356892
41	20	0.01517273	0.4283552	1.356892
41	21	0.01517273	0.4283552	1.356892
41	22	0.01517273	0.4283552	1.356892
41	23	0.04769495	0.4189084	1.354666
41	24	0.04769495	0.4189084	1.354666
41	25	0.08057851	0.4095676	1.350327
41	26	-0.07808374	0.4569637	1.348207
41	27	-0.07808374	0.4569637	1.348207
41	28	-0.07808374	0.4569637	1.348207
41	30	1.117070	0.231439	0.06110654
41	31	1.085028	0.2408301	0.06246846
41	32	1.117070	0.231439	0.06110654
41	33	-0.04595618	0.5631903	0.2008762
41	34	-0.04595618	0.5631903	0.2008762
42	1	0.9605926	0.1978879	0.8546975
42	2	0.9605926	0.1978879	0.8546975
42	3	0.1063897	0.5260423	0.1200540
42	4	0.52024	0.4129499	0.02118955
42	5	0.52024	0.4129499	0.02118955
42	6	0.52024	0.4129499	0.02118955
42	7	0.52024	0.4129499	0.02118955
42	8	0.52024	0.4129499	0.02118955
42	9	0.52024	0.4129499	0.02118955
42	10	0.52024	0.4129499	0.02118955
42	11	0.52024	0.4129499	0.02118955
42	12	0.52024	0.4129499	0.02118955
42	13	0.52024	0.4129499	0.02118955
42	14	0.52024	0.4129499	0.02118955
42	15	0.52024	0.4129499	0.02118955
42	16	0.52024	0.4129499	0.02118955
42	17	0.1801046	0.50787	0.0829056
42	18	0.1801046	0.50787	0.0829056
42	19	-0.3005789	0.5581062	1.001595
42	20	-0.3005789	0.5581062	1.001595
42	21	-0.3005789	0.5581062	1.001595
42	22	-0.3005789	0.5581062	1.001595
42	23	-0.3005789	0.5581062	1.001595
42	24	-0.3005789	0.5581062	1.001595
42	25	-0.3005789	0.5581062	1.001595
42	26	-0.3005789	0.5581062	1.001595
42	27	-0.3005789	0.5581062	1.001595
42	28	-0.3005789	0.5581062	1.001595
42	30	1.013525	0.1843048	0.8333174
42	31	0.9605926	0.1978879	0.8546975
42	32	1.013525	0.1843048	0.8333174
42	33	-0.1250180	0.5662918	0.4031254
42	34	-0.1250180	0.5662918	0.4031254
42	35	0.9740591	0.2765954	0.03505877
43	1	0.9605926	0.1978879	0.8546975
43	2	0.9605926	0.1978879	0.8546975
43	3	0.1063897	0.5260423	0.1200540
43	4	0.52024	0.4129499	0.02118955
43	5	0.52024	0.4129499	0.02118955
43	6	0.52024	0.4129499	0.02118955
43	7	0.52024	0.4129499	0.02118955
43	8	0.52024	0.4129499	0.02118955
43	9	0.52024	0.4129499	0.02118955
43	10	0.52024	0.4129499	0.02118955
43	11	0.52024	0.4129499	0.02118955
43	12	0.52024	0.4129499	0.02118955
43	13	0.52024	0.4129499	0.02118955
43	14	0.52024	0.4129499	0.02118955
43	15	0.52024	0.4129499	0.02118955
43	16	0.52024	0.4129499	0.02118955
43	17	0.1801046	0.50787	0.0829056
43	18	0.1801046	0.50787	0.0829056
43	19	-0.3005789	0.5581062	1.001595
43	20	-0.3005789	0.5581062	1.001595
43	21	-0.3005789	0.5581062	1.001595
43	22	-0.3005789	0.5581062	1.001595
43	23	-0.3005789	0.5581062	1.001595
43	24	-0.3005789	0.5581062	1.001595
43	25	-0.3005789	0.5581062	1.001595
43	26	-0.3005789	0.5581062	1.001595
43	27	-0.3005789	0.5581062	1.001595
43	28	-0.3005789	0.5581062	1.001595
43	30	1.013525	0.1843048	0.8333174
43	31	0.9605926	0.1978879	0.8546975
43	32	1.013525	0.1843048	0.8333174
43	33	-0.1250180	0.5662918	0.4031254
43	34	-0.1250180	0.5662918	0.4031254
43	35	0.9740591	0.2765954	0.03505877
44	4	0.959978	0.2779209	0.06341899
44	5	0.959978	0.2779209	0.06341899
44	6	0.959978	0.2779209	0.06341899
44	7	0.959978	0.2779209	0.06341899
44	8	0.959978	0.2779209	0.06341899
44	9	0.959978	0.2779209	0.06341899
44	10	0.959978	0.2779209	0.06341899
44	11	0.959978	0.2779209	0.06341899
44	12	0.959978	0.2779209	0.06341899
44	13	0.959978	0.2779209	0.06341899
44	14	0.959978	0.2779209	0.06341899
44	15	0.959978	0.2779209	0.06341899
44	16	0.959978	0.2779209	0.06341899
44	17	1.174271	0.1968311	0.2354906
44	18	1.174271	0.1968311	0.2354906
44	19	0.02320732	0.4253259	1.363234
44	20	0.02320732	0.4253259	1.363234
44	21	0.02320732	0.4253259	1.363234
44	22	0.02320732	0.4253259	1.363234
44	23	0.02320732	0.4253259	1.363234
44	24	0.02320732	0.4253259	1.363234
44	25	0.02320732	0.4253259	1.363234
44	26	0.02320732	0.4253259	1.363234
44	27	0.02320732	0.4253259	1.363234
44	28	0.02320732	0.4253259	1.363234
44	30	-0.1781890	0.5898218	0.3266412
44	31	-0.1786877	0.5874554	0.3515609
44	32	-0.1781890	0.5898218	0.3266412
44	33	0.553975	0.3012706	1.028468
44	34	0.553975	0.3012706	1.028468
44	35	0.5949081	0.3926229	0.002584204
45	1	1.066811	0.1735573	0.782791
45	2	1.066811	0.1735573	0.782791
45	4	0.4450251	0.4351119	0.02322211
45	5	0.4450251	0.4351119	0.02322211
45	6	0.4450251	0.4351119	0.02322211
45	7	0.4450251	0.4351119	0.02322211
45	8	0.4450251	0.4351119	0.02322211
45	9	0.4450251	0.4351119	0.02322211
45	10	0.4450251	0.4351119	0.02322211
45	11	0.4450251	0.4351119	0.02322211
45	12	0.4450251	0.4351119	0.02322211
45	13	0.4450251	0.4351119	0.02322211
45	14	0.4450251	0.4351119	0.02322211
45	15	0.4450251	0.4351119	0.02322211
45	16	0.4450251	0.4351119	0.02322211
45	17	0.1278893	0.5211787	0.1048938
45	18	0.1278893	0.5211787	0.1048938
45	19	-0.3019677	0.55714	1.015261
45	20	-0.3019677	0.55714	1.015261
45	21	-0.3019677	0.55714	1.015261
45	22	-0.3019677	0.55714	1.015261
45	23	-0.3019677	0.55714	1.015261
45	24	-0.3019677	0.55714	1.015261
45	25	-0.3019677	0.55714	1.015261
45	26	-0.3019677	0.55714	1.015261
45	27	-0.3019677	0.55714	1.015261
45	28	-0.3019677	0.55714	1.015261
45	30	1.066787	0.1735661	0.7827748
45	31	1.049968	0.1778605	0.7897831
45	32	1.066787	0.1735661	0.7827748
45	33	-0.1301964	0.5672265	0.4091234
45	34	-0.1301964	0.5672265	0.4091234
45	35	0.9737187	0.2767053	0.03497360
46	1	1.066811	0.1735573	0.782791
46	2	1.066811	0.1735573	0.782791
46	4	0.4450251	0.4351119	0.02322211
46	5	0.4450251	0.4351119	0.02322211
46	6	0.4450251	0.4351119	0.02322211
46	7	0.4450251	0.4351119	0.02322211
46	8	0.4450251	0.4351119	0.02322211
46	9	0.4450251	0.4351119	0.02322211
46	10	0.4450251	0.4351119	0.02322211
46	11	0.4450251	0.4351119	0.02322211
46	12	0.4450251	0.4351119	0.02322211
46	13	0.4450251	0.4351119	0.02322211
46	14	0.4450251	0.4351119	0.02322211
46	15	0.4450251	0.4351119	0.02322211
46	16	0.4450251	0.4351119	0.02322211
46	17	0.1278893	0.5211787	0.1048938
46	18	0.1278893	0.5211787	0.1048938
46	19	-0.3019677	0.55714	1.015261
46	20	-0.3019677	0.55714	1.015261
46	21	-0.3019677	0.55714	1.015261
46	22	-0.3019677	0.55714	1.015261
46	23	-0.3019677	0.55714	1.015261
46	24	-0.3019677	0.55714	1.015261
46	25	-0.3019677	0.55714	1.015261
46	26	-0.3019677	0.55714	1.015261
46	27	-0.3019677	0.55714	1.015261
46	28	-0.3019677	0.55714	1.015261
46	30	1.066787	0.1735661	0.7827748
46	31	1.049968	0.1778605	0.7897831
46	32	1.066787	0.1735661	0.7827748
46	33	-0.1301964	0.5672265	0.4091234
46	34	-0.1301964	0.5672265	0.4091234
46	35	0.9737187	0.2767053	0.03497360
47	33	1.167122	0.1720704	0.5019237
47	34	1.167122	0.1720704	0.5019237
47	35	-0.1573881	0.5844975	0.3181053
48	3	0.8995894	0.2969267	0.05303697
48	4	0.8995894	0.2969267	0.05303697
48	5	0.8995894	0.2969267	0.05303697
48	6	0.8995894	0.2969267	0.05303697
48	7	0.8995894	0.2969267	0.05303697
48	8	0.8995894	0.2969267	0.05303697
48	9	0.8995894	0.2969267	0.05303697
48	10	0.8995894	0.2969267	0.05303697
48	11	0.8995894	0.2969267	0.05303697
48	12	0.8995894	0.2969267	0.05303697
48	13	0.8995894	0.2969267	0.05303697
48	14	0.8995894	0.2969267	0.05303697
48	15	0.8995894	0.2969267	0.05303697
48	16	0.8995894	0.2969267	0.05303697
48	17	0.8995894	0.2969267	0.05303697
48	18	0.8995894	0.2969267	0.05303697
48	19	-0.01195277	0.4347124	1.373829
48	20	-0.01195277	0.4347124	1.373829
48	21	-0.01195277	0.4347124	1.373829
48	22	-0.01195277	0.4347124	1.373829
48	23	-0.01195277	0.4347124	1.373829
48	24	-0.01195277	0.4347124	1.373829
48	25	-0.01195277	0.4347124	1.373829
48	26	-0.01195277	0.4347124	1.373829
48	27	-0.01195277	0.4347124	1.373829
48	28	-0.01195277	0.4347124	1.373829
48	29	-0.0947235	0.5678461	0.2984492
48	33	0.908124	0.2942261	0.05464867
48	34	0.908124	0.2942261	0.05464867
48	35	-0.1935178	0.5893357	0.3766305
48	36	-0.02224236	0.553956	0.2225024
48	37	-0.1990407	0.5922753	0.3637752
49	3	1.098464	0.1935057	0.4918351
49	4	1.098464	0.1935057	0.4918351
49	5	1.098464	0.1935057	0.4918351
49	6	1.098464	0.1935057	0.4918351
49	7	1.098464	0.1935057	0.4918351
49	8	1.098464	0.1935057	0.4918351
49	9	1.098464	0.1935057	0.4918351
49	10	1.098464	0.1935057	0.4918351
49	11	1.098464	0.1935057	0.4918351
49	12	1.098464	0.1935057	0.4918351
49	13	1.098464	0.1935057	0.4918351
49	14	1.098464	0.1935057	0.4918351
49	15	1.098464	0.1935057	0.4918351
49	16	1.098464	0.1935057	0.4918351
49	17	1.098464	0.1935057	0.4918351
49	18	1.098464	0.1935057	0.4918351
49	19	1.178499	0.1950511	0.2406714
49	20	1.178499	0.1950511	0.2406714
49	21	1.178499	0.1950511	0.2406714
49	22	1.178499	0.1950511	0.2406714
49	23	1.178499	0.1950511	0.2406714
49	24	1.178499	0.1950511	0.2406714
49	25	1.178499	0.1950511	0.2406714
49	26	1.178499	0.1950511	0.2406714
49	27	1.178499	0.1950511	0.2406714
49	28	1.178499	0.1950511	0.2406714
49	29	-0.3317704	0.5814768	0.8619195
49	33	1.153138	0.1874163	0.3910638
49	34	1.153138	0.1874163	0.3910638
49	35	-0.332955	0.5820736	0.8594965
49	36	-0.3170089	0.5727088	0.9053056
49	37	0.05776855	0.5470946	0.05471455
50	1	0.7388755	0.3475168	0.02531361
50	2	0.7388755	0.3475168	0.02531361
50	3	0.7439983	0.2600781	0.8766945
50	4	0.7439983	0.2600781	0.8766945
50	5	0.7439983	0.2600781	0.8766945
50	6	0.7439983	0.2600781	0.8766945
50	7	0.7439983	0.2600781	0.8766945
50	8	0.7439983	0.2600781	0.8766945
50	9	0.7439983	0.2600781	0.8766945
50	10	0.7439983	0.2600781	0.8766945
50	11	0.7439983	0.2600781	0.8766945
50	12	0.7439983	0.2600781	0.8766945
50	13	0.7439983	0.2600781	0.8766945
50	14	0.7439983	0.2600781	0.8766945
50	15	0.7439983	0.2600781	0.8766945
50	16	0.7439983	0.2600781	0.8766945
50	17	0.7439983	0.2600781	0.8766945
50	18	0.7439983	0.2600781	0.8766945
50	19	1.151155	0.2071666	0.2011915
50	20	1.151155	0.2071666	0.2011915
50	21	1.151155	0.2071666	0.2011915
50	22	1.151155	0.2071666	0.2011915
50	23	1.151155	0.2071666	0.2011915
50	24	1.151155	0.2071666	0.2011915
50	25	1.151155	0.2071666	0.2011915
50	26	1.151155	0.2071666	0.2011915
50	27	1.151155	0.2071666	0.2011915
50	28	1.151155	0.2071666	0.2011915
50	29	-0.3411464	0.5559085	1.142919
50	30	0.7240608	0.3522469	0.02209731
50	31	0.7388755	0.3475168	0.02531361
50	32	0.7240608	0.3522469	0.02209731
50	33	1.010695	0.2079219	0.6076218
50	34	1.010695	0.2079219	0.6076218
50	35	-0.3019498	0.5238828	1.344772
50	36	-0.3019498	0.5238828	1.344772
50	37	-0.1551237	0.5910438	0.2465622
51	1	0.7388755	0.3475168	0.02531361
51	2	0.7388755	0.3475168	0.02531361
51	3	0.7439983	0.2600781	0.8766945
51	4	0.7439983	0.2600781	0.8766945
51	5	0.7439983	0.2600781	0.8766945
51	6	0.7439983	0.2600781	0.8766945
51	7	0.7439983	0.2600781	0.8766945
51	8	0.7439983	0.2600781	0.8766945
51	9	0.7439983	0.2600781	0.8766945
51	10	0.7439983	0.2600781	0.8766945
51	11	0.7439983	0.2600781	0.8766945
51	12	0.7439983	0.2600781	0.8766945
51	13	0.7439983	0.2600781	0.8766945
51	14	0.7439983	0.2600781	0.8766945
51	15	0.7439983	0.2600781	0.8766945
51	16	0.7439983	0.2600781	0.8766945
51	17	0.7439983	0.2600781	0.8766945
51	18	0.7439983	0.2600781	0.8766945
51	19	1.151155	0.2071666	0.2011915
51	20	1.151155	0.2071666	0.2011915
51	21	1.151155	0.2071666	0.2011915
51	22	1.151155	0.2071666	0.2011915
51	23	1.151155	0.2071666	0.2011915
51	24	1.151155	0.2071666	0.2011915
51	25	1.151155	0.2071666	0.2011915
51	26	1.151155	0.2071666	0.2011915
51	27	1.151155	0.2071666	0.2011915
51	28	1.151155	0.2071666	0.2011915
51	29	-0.3411464	0.5559085	1.142919
51	30	0.7240608	0.3522469	0.02209731
51	31	0.7388755	0.3475168	0.02531361
51	32	0.7240608	0.3522469	0.02209731
51	33	1.010695	0.2079219	0.6076218
51	34	1.010695	0.2079219	0.6076218
51	35	-0.3019498	0.5238828	1.344772
51	36	-0.3019498	0.5238828	1.344772
51	37	-0.1551237	0.5910438	0.2465622
52	1	0.7388755	0.3475168	0.02531361
52	2	0.7388755	0.3475168	0.02531361
52	3	0.7439983	0.2600781	0.8766945
52	4	0.7439983	0.2600781	0.8766945
52	5	0.7439983	0.2600781	0.8766945
52	6	0.7439983	0.2600781	0.8766945
52	7	0.7439983	0.2600781	0.8766945
52	8	0.7439983	0.2600781	0.8766945
52	9	0.7439983	0.2600781	0.8766945
52	10	0.7439983	0.2600781	0.8766945
52	11	0.7439983	0.2600781	0.8766945
52	12	0.7439983	0.2600781	0.8766945
52	13	0.7439983	0.2600781	0.8766945
52	14	0.7439983	0.2600781	0.8766945
52	15	0.7439983	0.2600781	0.8766945
52	16	0.7439983	0.2600781	0.8766945
52	17	0.7439983	0.2600781	0.8766945
52	18	0.7439983	0.2600781	0.8766945
52	19	1.151155	0.2071666	0.2011915
52	20	1.151155	0.2071666	0.2011915
52	21	1.151155	0.2071666	0.2011915
52	22	1.151155	0.2071666	0.2011915
52	23	1.151155	0.2071666	0.2011915
52	24	1.151155	0.2071666	0.2011915
52	25	1.151155	0.2071666	0.2011915
52	26	1.151155	0.2071666	0.2011915
52	27	1.151155	0.2071666	0.2011915
52	28	1.151155	0.2071666	0.2011915
52	29	-0.3411464	0.5559085	1.142919
52	30	0.7240608	0.3522469	0.02209731
52	31	0.7388755	0.3475168	0.02531361
52	32	0.7240608	0.3522469	0.02209731
52	33	1.010695	0.2079219	0.6076218
52	34	1.010695	0.2079219	0.6076218
52	35	-0.3019498	0.5238828	1.344772
52	36	-0.3019498	0.5238828	1.344772
52	37	-0.1551237	0.5910438	0.2465622
53	1	0.7388755	0.3475168	0.02531361
53	2	0.7388755	0.3475168	0.02531361
53	3	0.7439983	0.2600781	0.8766945
53	4	0.7439983	0.2600781	0.8766945
53	5	0.7439983	0.2600781	0.8766945
53	6	0.7439983	0.2600781	0.8766945
53	7	0.7439983	0.2600781	0.8766945
53	8	0.7439983	0.2600781	0.8766945
53	9	0.7439983	0.2600781	0.8766945
53	10	0.7439983	0.2600781	0.8766945
53	11	0.7439983	0.2600781	0.8766945
53	12	0.7439983	0.2600781	0.8766945
53	13	0.7439983	0.2600781	0.8766945
53	14	0.7439983	0.2600781	0.8766945
53	15	0.7439983	0.2600781	0.8766945
53	16	0.7439983	0.2600781	0.8766945
53	17	0.7439983	0.2600781	0.8766945
53	18	0.7439983	0.2600781	0.8766945
53	19	1.151155	0.2071666	0.2011915
53	20	1.151155	0.2071666	0.2011915
53	21	1.151155	0.2071666	0.2011915
53	22	1.151155	0.2071666	0.2011915
53	23	1.151155	0.2071666	0.2011915
53	24	1.151155	0.2071666	0.2011915
53	25	1.151155	0.2071666	0.2011915
53	26	1.151155	0.2071666	0.2011915
53	27	1.151155	0.2071666	0.2011915
53	28	1.151155	0.2071666	0.2011915
53	29	-0.3411464	0.5559085	1.142919
53	30	0.7240608	0.3522469	0.02209731
53	31	0.7388755	0.3475168	0.02531361
53	32	0.7240608	0.3522469	0.02209731
53	33	1.010695	0.2079219	0.6076218
53	34	1.010695	0.2079219	0.6076218
53	35	-0.3019498	0.5238828	1.344772
53	36	-0.3019498	0.5238828	1.344772
53	37	-0.1551237	0.5910438	0.2465622
54	1	0.7157914	0.3545124	0.02401570
54	2	0.7157914	0.3545124	0.02401570
54	3	0.7212566	0.2649107	0.8958221
54	4	0.7212566	0.2649107	0.8958221
54	5	0.7212566	0.2649107	0.8958221
54	6	0.7212566	0.2649107	0.8958221
54	7	0.7212566	0.2649107	0.8958221
54	8	0.7212566	0.2649107	0.8958221
54	9	0.7212566	0.2649107	0.8958221
54	10	0.7212566	0.2649107	0.8958221
54	11	0.7212566	0.2649107	0.8958221
54	12	0.7212566	0.2649107	0.8958221
54	13	0.7212566	0.2649107	0.8958221
54	14	0.7212566	0.2649107	0.8958221
54	15	0.7212566	0.2649107	0.8958221
54	16	0.7212566	0.2649107	0.8958221
54	17	0.7212566	0.2649107	0.8958221
54	18	0.7212566	0.2649107	0.8958221
54	19	1.148867	0.2080675	0.1990036
54	20	1.148867	0.2080675	0.1990036
54	21	1.148867	0.2080675	0.1990036
54	22	1.148867	0.2080675	0.1990036
54	23	1.148867	0.2080675	0.1990036
54	24	1.148867	0.2080675	0.1990036
54	25	1.148867	0.2080675	0.1990036
54	26	1.148867	0.2080675	0.1990036
54	27	1.148867	0.2080675	0.1990036
54	28	1.148867	0.2080675	0.1990036
54	29	-0.3417072	0.5535594	1.167850
54	30	0.701018	0.3592118	0.02098248
54	31	0.7157914	0.3545124	0.02401570
54	32	0.701018	0.3592118	0.02098248
54	33	0.9913143	0.2114035	0.6302326
54	34	0.9913143	0.2114035	0.6302326
54	35	-0.2645035	0.5116919	1.355230
54	36	-0.2645035	0.5116919	1.355230
54	37	-0.1645305	0.5924266	0.2605796
55	1	0.7157914	0.3545124	0.02401570
55	2	0.7157914	0.3545124	0.02401570
55	3	0.7212566	0.2649107	0.8958221
55	4	0.7212566	0.2649107	0.8958221
55	5	0.7212566	0.2649107	0.8958221
55	6	0.7212566	0.2649107	0.8958221
55	7	0.7212566	0.2649107	0.8958221
55	8	0.7212566	0.2649107	0.8958221
55	9	0.7212566	0.2649107	0.8958221
55	10	0.7212566	0.2649107	0.8958221
55	11	0.7212566	0.2649107	0.8958221
55	12	0.7212566	0.2649107	0.8958221
55	13	0.7212566	0.2649107	0.8958221
55	14	0.7212566	0.2649107	0.8958221
55	15	0.7212566	0.2649107	0.8958221
55	16	0.7212566	0.2649107	0.8958221
55	17	0.7212566	0.2649107	0.8958221
55	18	0.7212566	0.2649107	0.8958221
55	19	1.148867	0.2080675	0.1990036
55	20	1.148867	0.2080675	0.1990036
55	21	1.148867	0.2080675	0.1990036
55	22	1.148867	0.2080675	0.1990036
55	23	1.148867	0.2080675	0.1990036
55	24	1.148867	0.2080675	0.1990036
55	25	1.148867	0.2080675	0.1990036
55	26	1.148867	0.2080675	0.1990036
55	27	1.148867	0.2080675	0.1990036
55	28	1.148867	0.2080675	0.1990036
55	29	-0.3417072	0.5535594	1.167850
55	30	0.701018	0.3592118	0.02098248
55	31	0.7157914	0.3545124	0.02401570
55	32	0.701018	0.3592118	0.02098248
55	33	0.9913143	0.2114035	0.6302326
55	34	0.9913143	0.2114035	0.6302326
55	35	-0.2645035	0.5116919	1.355230
55	36	-0.2645035	0.5116919	1.355230
55	37	-0.1645305	0.5924266	0.2605796
56	1	0.1209242	0.3999077	1.327159
56	2	0.1209242	0.3999077	1.327159
56	3	1.033913	0.2515719	0.1066504
56	4	1.033913	0.2515719	0.1066504
56	5	1.033913	0.2515719	0.1066504
56	6	1.033913	0.2515719	0.1066504
56	7	1.033913	0.2515719	0.1066504
56	8	1.033913	0.2515719	0.1066504
56	9	1.033913	0.2515719	0.1066504
56	10	1.033913	0.2515719	0.1066504
56	11	1.033913	0.2515719	0.1066504
56	12	1.033913	0.2515719	0.1066504
56	13	1.033913	0.2515719	0.1066504
56	14	1.033913	0.2515719	0.1066504
56	15	1.033913	0.2515719	0.1066504
56	16	1.033913	0.2515719	0.1066504
56	17	1.033913	0.2515719	0.1066504
56	18	1.033913	0.2515719	0.1066504
56	19	1.075646	0.196678	0.5276405
56	20	1.075646	0.196678	0.5276405
56	21	1.075646	0.196678	0.5276405
56	22	1.075646	0.196678	0.5276405
56	23	1.075646	0.196678	0.5276405
56	24	1.075646	0.196678	0.5276405
56	25	0.7076014	0.2668209	0.9171327
56	26	1.075646	0.196678	0.5276405
56	27	1.075646	0.196678	0.5276405
56	28	1.075646	0.196678	0.5276405
56	29	-0.2598898	0.5943216	0.522811
56	30	0.08628961	0.4081265	1.347777
56	31	0.1209242	0.3999077	1.327159
56	32	0.08628961	0.4081265	1.347777
56	33	1.137866	0.2130532	0.1820179
56	34	1.137866	0.2130532	0.1820179
56	35	0.3603949	0.4612284	0.01381278
56	36	0.3603949	0.4612284	0.01381278
56	37	-0.2805573	0.5994526	0.5328702
57	11	1.223586	0.1664153	0.3915722
57	35	-0.1447879	0.5696824	0.4277849
57	36	-0.1447879	0.5696824	0.4277849
58	1	0.5836286	0.2897183	1.055561
58	2	0.5836286	0.2897183	1.055561
58	3	1.171917	0.1968267	0.2424716
58	4	1.171917	0.1968267	0.2424716
58	5	1.171917	0.1968267	0.2424716
58	6	1.171917	0.1968267	0.2424716
58	7	1.171917	0.1968267	0.2424716
58	8	1.171917	0.1968267	0.2424716
58	9	1.171917	0.1968267	0.2424716
58	10	1.152984	0.2067595	0.1998353
58	11	0.0713428	0.5381683	0.1031696
58	12	1.171917	0.1968267	0.2424716
58	14	1.171917	0.1968267	0.2424716
58	15	1.171917	0.1968267	0.2424716
58	16	1.171917	0.1968267	0.2424716
58	17	1.171917	0.1968267	0.2424716
58	18	1.171917	0.1968267	0.2424716
58	19	1.124699	0.1886899	0.4622459
58	20	1.124699	0.1886899	0.4622459
58	21	1.124699	0.1886899	0.4622459
58	22	1.124699	0.1886899	0.4622459
58	23	1.124699	0.1886899	0.4622459
58	24	1.124699	0.1886899	0.4622459
58	26	1.124699	0.1886899	0.4622459
58	27	1.124699	0.1886899	0.4622459
58	28	1.124699	0.1886899	0.4622459
58	29	-0.0060291	0.5584226	0.1304624
58	30	0.5488637	0.2965652	1.090158
58	31	0.5836286	0.2897183	1.055561
58	32	0.5488637	0.2965652	1.090158
58	33	1.177360	0.1913381	0.2808193
58	34	1.177360	0.1913381	0.2808193
58	35	-0.01565053	0.5609552	0.1337185
58	36	-0.01565053	0.5609552	0.1337185
58	37	-0.4340259	0.5839865	1.138382
59	1	0.2878323	0.3612859	1.218028
59	2	0.2878323	0.3612859	1.218028
59	3	1.024385	0.2542520	0.1081678
59	4	1.024385	0.2542520	0.1081678
59	5	1.024385	0.2542520	0.1081678
59	6	1.024385	0.2542520	0.1081678
59	7	1.024385	0.2542520	0.1081678
59	8	1.024385	0.2542520	0.1081678
59	9	1.024385	0.2542520	0.1081678
59	10	1.024385	0.2542520	0.1081678
59	11	1.024385	0.2542520	0.1081678
59	12	1.024385	0.2542520	0.1081678
59	14	1.024385	0.2542520	0.1081678
59	15	1.024385	0.2542520	0.1081678
59	16	1.024385	0.2542520	0.1081678
59	17	1.024385	0.2542520	0.1081678
59	18	1.024385	0.2542520	0.1081678
59	19	1.058303	0.2004957	0.5409178
59	20	1.058303	0.2004957	0.5409178
59	21	1.058303	0.2004957	0.5409178
59	22	1.058303	0.2004957	0.5409178
59	23	1.058303	0.2004957	0.5409178
59	24	1.058303	0.2004957	0.5409178
59	26	1.058303	0.2004957	0.5409178
59	27	1.058303	0.2004957	0.5409178
59	28	1.058303	0.2004957	0.5409178
59	29	0.4346874	0.4379673	0.02538987
59	30	0.2455756	0.3709215	1.247068
59	31	0.2878323	0.3612859	1.218028
59	32	0.2455756	0.3709215	1.247068
59	33	1.096768	0.2284161	0.1508876
59	34	1.096768	0.2284161	0.1508876
59	35	0.4346874	0.4379673	0.02538987
59	36	0.4346874	0.4379673	0.02538987
59	37	-0.3325086	0.6053059	0.6279592
60	1	0.2965225	0.3590977	1.214103
60	2	0.2965225	0.3590977	1.214103
60	3	1.019836	0.2557773	0.1064579
60	4	1.019836	0.2557773	0.1064579
60	5	1.019836	0.2557773	0.1064579
60	6	1.019836	0.2557773	0.1064579
60	7	1.019836	0.2557773	0.1064579
60	8	1.019836	0.2557773	0.1064579
60	9	1.019836	0.2557773	0.1064579
60	10	1.019836	0.2557773	0.1064579
60	11	1.019836	0.2557773	0.1064579
60	12	1.019836	0.2557773	0.1064579
60	14	1.019836	0.2557773	0.1064579
60	15	1.019836	0.2557773	0.1064579
60	16	1.019836	0.2557773	0.1064579
60	17	1.019836	0.2557773	0.1064579
60	18	1.019836	0.2557773	0.1064579
60	19	1.046151	0.2024585	0.5572758
60	20	1.046151	0.2024585	0.5572758
60	21	1.046151	0.2024585	0.5572758
60	22	1.046151	0.2024585	0.5572758
60	23	1.046151	0.2024585	0.5572758
60	24	1.046151	0.2024585	0.5572758
60	25	1.046151	0.2024585	0.5572758
60	26	1.046151	0.2024585	0.5572758
60	27	1.046151	0.2024585	0.5572758
60	28	1.046151	0.2024585	0.5572758
60	29	0.4206884	0.4420243	0.02643987
60	30	0.2965225	0.3590977	1.214103
60	31	0.2965225	0.3590977	1.214103
60	32	0.2965225	0.3590977	1.214103
60	33	1.096453	0.2284950	0.1510338
60	34	1.096453	0.2284950	0.1510338
60	35	0.4206884	0.4420243	0.02643987
60	36	0.4206884	0.4420243	0.02643987
60	37	-0.3387285	0.6052756	0.6465888
61	1	1.113972	0.1932124	0.4490435
61	2	1.113972	0.1932124	0.4490434
61	3	1.113972	0.1932124	0.4490435
61	4	1.113972	0.1932124	0.4490435
61	5	1.113972	0.1932124	0.4490435
61	6	1.113972	0.1932124	0.4490435
61	7	1.113972	0.1932124	0.4490435
61	8	1.113972	0.1932124	0.4490434
61	9	1.113972	0.1932124	0.4490434
61	10	1.113972	0.1932124	0.4490435
61	11	1.113972	0.1932124	0.4490434
61	12	1.113972	0.1932124	0.4490435
61	14	1.113972	0.1932124	0.4490434
61	15	1.113972	0.1932124	0.4490435
61	16	1.113972	0.1932124	0.4490435
61	17	1.113972	0.1932124	0.4490434
61	18	1.113972	0.1932124	0.4490435
61	19	1.113972	0.1932125	0.4490435
61	20	1.113972	0.1932124	0.4490435
61	21	1.113972	0.1932124	0.4490434
61	22	1.113972	0.1932124	0.4490434
61	23	1.113972	0.1932124	0.4490435
61	24	1.113972	0.1932124	0.4490435
61	25	1.113972	0.1932124	0.4490434
61	26	1.113972	0.1932124	0.4490435
61	27	1.113972	0.1932124	0.4490435
61	28	1.113972	0.1932125	0.4490435
61	29	1.113972	0.1932124	0.4490435
61	30	1.113972	0.1932124	0.4490434
61	31	1.113972	0.1932124	0.4490434
61	32	1.113972	0.1932124	0.4490434
61	33	1.113972	0.1932124	0.4490435
61	34	1.113972	0.1932124	0.4490435
61	35	1.113972	0.1932124	0.4490435
61	36	1.113972	0.1932124	0.4490434
61	37	-0.2243107	0.6002051	0.3596619
62	1	1.113972	0.1932124	0.4490435
62	2	1.113972	0.1932124	0.4490434
62	3	1.113972	0.1932124	0.4490435
62	4	1.113972	0.1932124	0.4490435
62	5	1.113972	0.1932124	0.4490435
62	6	1.113972	0.1932124	0.4490435
62	7	1.113972	0.1932124	0.4490435
62	8	1.113972	0.1932124	0.4490434
62	9	1.113972	0.1932124	0.4490434
62	10	1.113972	0.1932124	0.4490435
62	11	1.113972	0.1932124	0.4490434
62	12	1.113972	0.1932124	0.4490435
62	14	1.113972	0.1932124	0.4490434
62	15	1.113972	0.1932124	0.4490435
62	16	1.113972	0.1932124	0.4490435
62	17	1.113972	0.1932124	0.4490434
62	18	1.113972	0.1932124	0.4490435
62	19	1.113972	0.1932125	0.4490435
62	20	1.113972	0.1932124	0.4490435
62	21	1.113972	0.1932124	0.4490434
62	22	1.113972	0.1932124	0.4490434
62	23	1.113972	0.1932124	0.4490435
62	24	1.113972	0.1932124	0.4490435
62	25	1.113972	0.1932124	0.4490434
62	26	1.113972	0.1932124	0.4490435
62	27	1.113972	0.1932124	0.4490435
62	28	1.113972	0.1932125	0.4490435
62	29	1.113972	0.1932124	0.4490435
62	30	1.113972	0.1932124	0.4490434
62	31	1.113972	0.1932124	0.4490434
62	32	1.113972	0.1932124	0.4490434
62	33	1.113972	0.1932124	0.4490435
62	34	1.113972	0.1932124	0.4490435
62	35	1.113972	0.1932124	0.4490435
62	36	1.113972	0.1932124	0.4490434
62	37	-0.2243107	0.6002051	0.3596619
63	1	1.142063	0.1904097	0.3940354
63	2	1.142063	0.1904097	0.3940354
63	3	1.142063	0.1904097	0.3940354
63	4	1.142063	0.1904097	0.3940354
63	5	1.142063	0.1904097	0.3940354
63	6	1.142063	0.1904097	0.3940354
63	7	1.142063	0.1904097	0.3940354
63	8	1.142063	0.1904097	0.3940354
63	9	1.142063	0.1904097	0.3940354
63	10	1.142063	0.1904097	0.3940354
63	11	1.142063	0.1904097	0.3940354
63	12	1.142063	0.1904097	0.3940354
63	13	-0.3447530	0.5531152	1.181228
63	14	1.142063	0.1904097	0.3940354
63	15	1.142063	0.1904097	0.3940354
63	16	1.142063	0.1904097	0.3940354
63	17	1.142063	0.1904097	0.3940354
63	18	1.142063	0.1904097	0.3940354
63	19	1.142063	0.1904097	0.3940354
63	20	1.142063	0.1904097	0.3940354
63	21	1.142063	0.1904097	0.3940354
63	22	1.142063	0.1904097	0.3940354
63	23	1.142063	0.1904097	0.3940354
63	24	1.142063	0.1904097	0.3940354
63	25	1.142063	0.1904097	0.3940354
63	26	1.142063	0.1904097	0.3940354
63	27	1.142063	0.1904097	0.3940354
63	28	1.142063	0.1904097	0.3940354
63	29	1.142063	0.1904097	0.3940354
63	30	1.142063	0.1904097	0.3940354
63	31	1.142063	0.1904097	0.3940354
63	32	1.142063	0.1904097	0.3940354
63	33	1.142063	0.1904097	0.3940354
63	34	1.142063	0.1904097	0.3940354
63	35	1.142063	0.1904097	0.3940354
63	36	1.142063	0.1904097	0.3940354
63	37	-0.08515334	0.5794861	0.1549009
64	1	1.116157	0.1930141	0.4445685
64	2	1.116157	0.1930141	0.4445684
64	3	1.116157	0.1930141	0.4445685
64	4	1.116157	0.1930141	0.4445685
64	5	1.116157	0.1930141	0.4445685
64	6	1.116157	0.1930141	0.4445685
64	7	1.116157	0.1930141	0.4445685
64	8	1.116157	0.1930141	0.4445685
64	9	1.116157	0.1930141	0.4445685
64	10	1.116157	0.1930141	0.4445685
64	11	1.116157	0.1930141	0.4445685
64	12	1.116157	0.1930141	0.4445685
64	13	1.116157	0.1930141	0.4445685
64	14	1.116157	0.1930141	0.4445685
64	15	1.116157	0.1930141	0.4445685
64	16	1.116157	0.1930141	0.4445685
64	17	1.116157	0.1930141	0.4445685
64	18	1.116157	0.1930141	0.4445685
64	19	1.116157	0.1930141	0.4445685
64	20	1.116157	0.1930141	0.4445685
64	21	1.116157	0.1930141	0.4445685
64	22	1.116157	0.1930141	0.4445685
64	23	1.116157	0.1930141	0.4445685
64	24	1.116157	0.1930141	0.4445685
64	25	1.116157	0.1930141	0.4445685
64	26	1.116157	0.1930141	0.4445685
64	27	1.116157	0.1930141	0.4445685
64	28	1.116157	0.1930141	0.4445685
64	29	1.116157	0.1930141	0.4445685
64	30	1.116157	0.1930141	0.4445685
64	31	1.116157	0.1930141	0.4445685
64	32	1.116157	0.1930141	0.4445685
64	33	1.116157	0.1930141	0.4445685
64	34	1.116157	0.1930141	0.4445685
64	35	1.116157	0.1930141	0.4445685
64	36	1.116157	0.1930141	0.4445685
64	37	-0.2271267	0.6004978	0.36506
