1	1	1.120904	0.1941041	0.4197782
1	2	1.120904	0.1941041	0.4197782
1	3	1.120904	0.1941041	0.4197782
1	4	1.120904	0.1941041	0.4197782
1	5	1.120904	0.1941041	0.4197782
1	6	1.120904	0.1941041	0.4197782
1	7	1.120904	0.1941041	0.4197782
1	8	1.120904	0.1941041	0.4197782
1	9	1.120904	0.1941041	0.4197782
1	10	1.120904	0.1941041	0.4197782
1	11	1.120904	0.1941041	0.4197782
1	12	1.120904	0.1941041	0.4197782
1	13	1.120904	0.1941041	0.4197782
1	14	1.120904	0.1941041	0.4197782
1	15	1.120904	0.1941041	0.4197782
1	16	1.120904	0.1941041	0.4197782
1	17	1.120904	0.1941041	0.4197782
1	18	1.120904	0.1941041	0.4197782
1	19	1.120904	0.1941041	0.4197782
1	20	1.120904	0.1941041	0.4197782
1	21	1.120904	0.1941041	0.4197782
1	22	1.120904	0.1941041	0.4197782
1	23	1.120904	0.1941041	0.4197782
1	24	1.120904	0.1941041	0.4197782
2	1	1.120904	0.1941041	0.4197782
2	2	1.120904	0.1941041	0.4197782
2	3	1.120904	0.1941041	0.4197782
2	4	1.120904	0.1941041	0.4197782
2	5	1.120904	0.1941041	0.4197782
2	6	1.120904	0.1941041	0.4197782
2	7	1.120904	0.1941041	0.4197782
2	8	1.120904	0.1941041	0.4197782
2	9	1.120904	0.1941041	0.4197782
2	10	1.120904	0.1941041	0.4197782
2	11	1.120904	0.1941041	0.4197782
2	12	1.120904	0.1941041	0.4197782
2	13	1.120904	0.1941041	0.4197782
2	14	1.120904	0.1941041	0.4197782
2	15	1.120904	0.1941041	0.4197782
2	16	1.120904	0.1941041	0.4197782
2	17	1.120904	0.1941041	0.4197782
2	18	1.120904	0.1941041	0.4197782
2	19	1.120904	0.1941041	0.4197782
2	20	1.120904	0.1941041	0.4197782
2	21	1.120904	0.1941041	0.4197782
2	22	1.120904	0.1941041	0.4197782
2	23	1.120904	0.1941041	0.4197782
2	24	1.120904	0.1941041	0.4197782
3	1	1.120904	0.1941041	0.4197782
3	2	1.120904	0.1941041	0.4197782
3	3	1.120904	0.1941041	0.4197782
3	4	1.120904	0.1941041	0.4197782
3	5	1.120904	0.1941041	0.4197782
3	6	1.120904	0.1941041	0.4197782
3	7	1.120904	0.1941041	0.4197782
3	8	1.120904	0.1941041	0.4197782
3	9	1.120904	0.1941041	0.4197782
3	10	1.120904	0.1941041	0.4197782
3	11	1.120904	0.1941041	0.4197782
3	12	1.120904	0.1941041	0.4197782
3	13	1.120904	0.1941041	0.4197782
3	14	1.120904	0.1941041	0.4197782
3	15	1.120904	0.1941041	0.4197782
3	16	1.120904	0.1941041	0.4197782
3	17	1.120904	0.1941041	0.4197782
3	18	1.120904	0.1941041	0.4197782
3	19	1.120904	0.1941041	0.4197782
3	20	1.120904	0.1941041	0.4197782
3	21	1.120904	0.1941041	0.4197782
3	22	1.120904	0.1941041	0.4197782
3	23	1.120904	0.1941041	0.4197782
3	24	1.120904	0.1941041	0.4197782
4	1	1.120904	0.1941041	0.4197782
4	2	1.120904	0.1941041	0.4197782
4	3	1.120904	0.1941041	0.4197782
4	4	1.120904	0.1941041	0.4197782
4	5	1.120904	0.1941041	0.4197782
4	6	1.120904	0.1941041	0.4197782
4	7	1.120904	0.1941041	0.4197782
4	8	1.120904	0.1941041	0.4197782
4	9	1.120904	0.1941041	0.4197782
4	10	1.120904	0.1941041	0.4197782
4	11	1.120904	0.1941041	0.4197782
4	12	1.120904	0.1941041	0.4197782
4	13	1.120904	0.1941041	0.4197782
4	14	1.120904	0.1941041	0.4197782
4	15	1.120904	0.1941041	0.4197782
4	16	1.120904	0.1941041	0.4197782
4	17	1.120904	0.1941041	0.4197782
4	18	1.120904	0.1941041	0.4197782
4	19	1.120904	0.1941041	0.4197782
4	20	1.120904	0.1941041	0.4197782
4	21	1.120904	0.1941041	0.4197782
4	22	1.120904	0.1941041	0.4197782
4	23	1.120904	0.1941041	0.4197782
4	24	1.120904	0.1941041	0.4197782
5	1	1.132123	0.1926618	0.4010112
5	2	1.132123	0.1926618	0.4010112
5	3	1.132123	0.1926618	0.4010112
5	4	1.132123	0.1926618	0.4010112
5	5	1.132123	0.1926618	0.4010112
5	6	1.132123	0.1926618	0.4010112
5	7	1.132123	0.1926618	0.4010112
5	8	1.132123	0.1926618	0.4010112
5	9	1.132123	0.1926618	0.4010112
5	10	1.132123	0.1926618	0.4010112
5	11	1.132123	0.1926618	0.4010112
5	12	1.132123	0.1926618	0.4010112
5	13	1.132123	0.1926618	0.4010112
5	14	1.132123	0.1926618	0.4010112
5	15	-0.002228991	0.5506262	0.1965231
5	16	-0.2236434	0.5253367	1.099607
5	17	1.132123	0.1926618	0.4010112
5	18	1.132123	0.1926618	0.4010112
5	19	1.132123	0.1926618	0.4010112
5	20	1.132123	0.1926618	0.4010112
5	21	1.132123	0.1926618	0.4010112
5	22	1.132123	0.1926618	0.4010112
5	23	1.132123	0.1926618	0.4010112
5	24	0.8535947	0.2390371	0.7622357
6	15	1.243530	0.1574256	0.4218828
6	17	-0.1394480	0.5710865	0.3981356
6	18	-0.1394480	0.5710865	0.3981356
7	1	-0.3039414	0.5446983	1.144369
7	2	-0.1346229	0.5828272	0.267572
7	3	-0.3039414	0.5446983	1.144369
7	4	-0.3039414	0.5446983	1.144369
7	5	-0.3039414	0.5446983	1.144369
7	6	-0.3039414	0.5446983	1.144369
7	7	0.6492023	0.372948	0.03755638
7	8	0.6492023	0.372948	0.03755638
7	9	0.6492023	0.372948	0.03755638
7	10	0.6492023	0.372948	0.03755638
7	11	0.6492023	0.372948	0.03755638
7	12	0.6492023	0.372948	0.03755638
7	13	0.6492023	0.372948	0.03755638
7	14	0.6492023	0.372948	0.03755638
7	15	1.321202	0.1561517	0.2056206
7	16	1.229577	0.1873253	0.166708
7	17	1.137598	0.2179817	0.1339668
7	18	1.137598	0.2179817	0.1339668
7	19	1.137864	0.2179495	0.1335030
7	20	0.6492023	0.372948	0.03755638
7	21	1.062284	0.2425797	0.1121528
7	22	0.6492023	0.372948	0.03755638
7	23	0.6492023	0.372948	0.03755638
7	24	1.173133	0.2058914	0.1490621
8	1	-0.3039414	0.5446983	1.144369
8	2	-0.1346229	0.5828272	0.267572
8	3	-0.3039414	0.5446983	1.144369
8	4	-0.3039414	0.5446983	1.144369
8	5	-0.3039414	0.5446983	1.144369
8	6	-0.3039414	0.5446983	1.144369
8	7	0.6492023	0.372948	0.03755638
8	8	0.6492023	0.372948	0.03755638
8	9	0.6492023	0.372948	0.03755638
8	10	0.6492023	0.372948	0.03755638
8	11	0.6492023	0.372948	0.03755638
8	12	0.6492023	0.372948	0.03755638
8	13	0.6492023	0.372948	0.03755638
8	14	0.6492023	0.372948	0.03755638
8	15	1.321202	0.1561517	0.2056206
8	16	1.229577	0.1873253	0.166708
8	17	1.137598	0.2179817	0.1339668
8	18	1.137598	0.2179817	0.1339668
8	19	1.137864	0.2179495	0.1335030
8	20	0.6492023	0.372948	0.03755638
8	21	1.062284	0.2425797	0.1121528
8	22	0.6492023	0.372948	0.03755638
8	23	0.6492023	0.372948	0.03755638
8	24	1.173133	0.2058914	0.1490621
9	1	-0.3039414	0.5446983	1.144369
9	2	-0.1346229	0.5828272	0.267572
9	3	-0.3039414	0.5446983	1.144369
9	4	-0.3039414	0.5446983	1.144369
9	5	-0.3039414	0.5446983	1.144369
9	6	-0.3039414	0.5446983	1.144369
9	7	0.6492023	0.372948	0.03755638
9	8	0.6492023	0.372948	0.03755638
9	9	0.6492023	0.372948	0.03755638
9	10	0.6492023	0.372948	0.03755638
9	11	0.6492023	0.372948	0.03755638
9	12	0.6492023	0.372948	0.03755638
9	13	0.6492023	0.372948	0.03755638
9	14	0.6492023	0.372948	0.03755638
9	15	1.321202	0.1561517	0.2056206
9	16	1.229577	0.1873253	0.166708
9	17	1.137598	0.2179817	0.1339668
9	18	1.137598	0.2179817	0.1339668
9	19	1.137864	0.2179495	0.1335030
9	20	0.6492023	0.372948	0.03755638
9	21	1.062284	0.2425797	0.1121528
9	22	0.6492023	0.372948	0.03755638
9	23	0.6492023	0.372948	0.03755638
9	24	1.173133	0.2058914	0.1490621
10	1	-0.2513501	0.5175135	1.258779
10	2	-0.1530422	0.5841925	0.3083213
10	3	-0.2513501	0.5175135	1.258779
10	4	-0.2513501	0.5175135	1.258779
10	5	-0.2513501	0.5175135	1.258779
10	6	-0.2513501	0.5175135	1.258779
10	7	0.7834344	0.3320027	0.04774264
10	8	0.7834344	0.3320027	0.04774264
10	9	0.7834344	0.3320027	0.04774264
10	10	0.7834344	0.3320027	0.04774264
10	11	0.7834344	0.3320027	0.04774264
10	12	0.7834344	0.3320027	0.04774264
10	13	0.7834344	0.3320027	0.04774264
10	14	0.7834344	0.3320027	0.04774264
10	17	1.151390	0.2147687	0.1251641
10	18	1.151390	0.2147687	0.1251641
10	19	1.154095	0.2139059	0.1257436
10	20	0.7834344	0.3320027	0.04774264
10	21	1.082136	0.2366590	0.112324
10	22	0.7834344	0.3320027	0.04774264
10	23	0.7834344	0.3320027	0.04774264
10	24	1.171154	0.2086125	0.1279281
11	1	1.120904	0.1941041	0.4197782
11	3	1.120904	0.1941041	0.4197782
11	4	1.120904	0.1941041	0.4197782
11	5	1.120904	0.1941041	0.4197782
11	6	1.120904	0.1941041	0.4197782
12	1	1.120904	0.1941041	0.4197782
12	3	1.120904	0.1941041	0.4197782
12	4	1.120904	0.1941041	0.4197782
12	5	1.120904	0.1941041	0.4197782
12	6	1.120904	0.1941041	0.4197782
13	1	1.120904	0.1941041	0.4197782
13	3	1.120904	0.1941041	0.4197782
13	4	1.120904	0.1941041	0.4197782
13	5	1.120904	0.1941041	0.4197782
13	6	1.120904	0.1941041	0.4197782
14	1	-0.2596497	0.5387964	1.072333
14	3	-0.2596497	0.5387964	1.072333
14	4	-0.2596497	0.5387964	1.072333
14	5	-0.2596497	0.5387964	1.072333
14	6	-0.2596497	0.5387964	1.072333
14	7	0.9636491	0.2741104	0.0903615
14	8	0.9636491	0.2741104	0.0903615
14	9	0.9636491	0.2741104	0.0903615
14	10	0.9636491	0.2741104	0.0903615
14	11	0.9636491	0.2741104	0.0903615
14	12	0.9636491	0.2741104	0.0903615
14	13	0.9636491	0.2741104	0.0903615
14	14	0.9636491	0.2741104	0.0903615
14	17	0.9636491	0.2741104	0.0903615
14	18	0.9636491	0.2741104	0.0903615
14	19	0.9754545	0.2710384	0.08601477
14	20	1.034388	0.2555638	0.06569033
14	21	0.9872531	0.2679587	0.08176339
14	22	0.9636486	0.2741105	0.09036134
14	23	0.9636486	0.2741105	0.09036134
14	24	1.022612	0.2586741	0.06957072
15	1	-0.2520824	0.5417065	1.021195
15	3	-0.2520824	0.5417065	1.021195
15	4	-0.2520824	0.5417065	1.021195
15	5	-0.2520824	0.5417065	1.021195
15	6	-0.2520824	0.5417065	1.021195
15	7	1.001505	0.2622513	0.0963244
15	8	1.001505	0.2622513	0.0963244
15	9	1.001505	0.2622513	0.0963244
15	10	1.001505	0.2622513	0.0963244
15	11	1.001505	0.2622513	0.0963244
15	12	1.001505	0.2622513	0.0963244
15	13	1.001505	0.2622513	0.0963244
15	14	1.001505	0.2622513	0.0963244
15	17	1.001505	0.2622513	0.0963244
15	18	1.001505	0.2622513	0.0963244
15	22	1.001505	0.2622513	0.0963244
15	23	1.001505	0.2622513	0.0963244
16	1	-0.2587732	0.539949	1.058328
16	3	-0.2587732	0.539949	1.058328
16	4	-0.2587732	0.539949	1.058328
16	5	-0.2587732	0.539949	1.058328
16	6	-0.2587732	0.539949	1.058328
16	7	0.9740746	0.2708043	0.09240087
16	8	0.9740747	0.2708042	0.09240088
16	9	0.9740746	0.2708043	0.09240086
16	10	0.9740747	0.2708042	0.09240088
16	11	0.9740747	0.2708042	0.09240088
16	12	0.9740746	0.2708043	0.09240086
16	13	0.9740747	0.2708042	0.09240088
16	14	0.9740746	0.2708043	0.09240087
16	15	1.094471	0.2389529	0.05324137
16	16	0.9740746	0.2708043	0.09240087
16	17	0.9740746	0.2708043	0.09240086
16	18	0.9740746	0.2708043	0.09240087
16	19	0.9740746	0.2708043	0.09240087
16	20	0.9740746	0.2708043	0.09240087
16	21	0.9740747	0.2708042	0.09240088
16	22	0.9740746	0.2708043	0.09240087
16	23	0.9740746	0.2708043	0.09240087
16	24	0.9740746	0.2708043	0.09240087
17	1	-0.2643228	0.5473068	1.00177
17	2	1.013819	0.2574518	0.1075959
17	3	-0.2643228	0.5473068	1.00177
17	4	-0.2643228	0.5473068	1.00177
17	5	-0.2643228	0.5473068	1.00177
17	6	-0.2643228	0.5473068	1.00177
17	7	1.013819	0.2574518	0.1075959
17	8	1.013819	0.2574518	0.1075959
17	9	1.013819	0.2574518	0.1075959
17	10	1.013819	0.2574518	0.1075959
17	11	1.013819	0.2574518	0.1075959
17	12	1.013819	0.2574518	0.1075959
17	13	1.013819	0.2574518	0.1075959
17	14	1.013819	0.2574518	0.1075959
17	15	1.146821	0.2218441	0.06851378
17	16	1.013819	0.2574518	0.1075959
17	17	1.013819	0.2574518	0.1075959
17	18	1.013819	0.2574518	0.1075959
17	19	1.013819	0.2574518	0.1075959
17	20	1.013819	0.2574518	0.1075959
17	21	1.013819	0.2574518	0.1075959
17	22	1.013819	0.2574518	0.1075959
17	23	1.013819	0.2574518	0.1075959
17	24	1.013819	0.2574518	0.1075959
18	1	-0.1258332	0.5640257	0.4279835
18	2	-0.1258332	0.5640257	0.4279835
18	3	-0.1258332	0.5640257	0.4279835
18	4	-0.1258332	0.5640257	0.4279835
18	5	-0.1258332	0.5640257	0.4279835
18	6	-0.1258332	0.5640257	0.4279835
18	7	-0.1258332	0.5640257	0.4279835
18	8	-0.1258332	0.5640257	0.4279835
18	9	-0.1258332	0.5640257	0.4279835
18	10	-0.1258332	0.5640257	0.4279835
18	11	-0.1258332	0.5640257	0.4279835
18	12	-0.1258332	0.5640257	0.4279835
18	13	-0.1258332	0.5640257	0.4279835
18	14	-0.1258332	0.5640257	0.4279835
18	15	1.313296	0.1399836	0.3891357
18	16	-0.1258332	0.5640257	0.4279835
18	17	-0.1258332	0.5640257	0.4279835
18	18	-0.1258332	0.5640257	0.4279835
18	19	-0.1258332	0.5640257	0.4279835
18	20	-0.1258332	0.5640257	0.4279835
18	21	-0.1258332	0.5640257	0.4279835
18	22	-0.1258332	0.5640257	0.4279835
18	23	-0.1258332	0.5640257	0.4279835
18	24	-0.1258332	0.5640257	0.4279835
19	1	-0.1258332	0.5640257	0.4279835
19	2	-0.1258332	0.5640257	0.4279835
19	3	-0.1258332	0.5640257	0.4279835
19	4	-0.1258332	0.5640257	0.4279835
19	5	-0.1258332	0.5640257	0.4279835
19	6	-0.1258332	0.5640257	0.4279835
19	7	-0.1258332	0.5640257	0.4279835
19	8	-0.1258332	0.5640257	0.4279835
19	9	-0.1258332	0.5640257	0.4279835
19	10	-0.1258332	0.5640257	0.4279835
19	11	-0.1258332	0.5640257	0.4279835
19	12	-0.1258332	0.5640257	0.4279835
19	13	-0.1258332	0.5640257	0.4279835
19	14	-0.1258332	0.5640257	0.4279835
19	15	1.313296	0.1399836	0.3891357
19	16	-0.1258332	0.5640257	0.4279835
19	17	-0.1258332	0.5640257	0.4279835
19	18	-0.1258332	0.5640257	0.4279835
19	19	-0.1258332	0.5640257	0.4279835
19	20	-0.1258332	0.5640257	0.4279835
19	21	-0.1258332	0.5640257	0.4279835
19	22	-0.1258332	0.5640257	0.4279835
19	23	-0.1258332	0.5640257	0.4279835
19	24	-0.1258332	0.5640257	0.4279835
20	1	-0.1258332	0.5640257	0.4279835
20	2	-0.1258332	0.5640257	0.4279835
20	3	-0.1258332	0.5640257	0.4279835
20	4	-0.1258332	0.5640257	0.4279835
20	5	-0.1258332	0.5640257	0.4279835
20	6	-0.1258332	0.5640257	0.4279835
20	7	-0.1258332	0.5640257	0.4279835
20	8	-0.1258332	0.5640257	0.4279835
20	9	-0.1258332	0.5640257	0.4279835
20	10	-0.1258332	0.5640257	0.4279835
20	11	-0.1258332	0.5640257	0.4279835
20	12	-0.1258332	0.5640257	0.4279835
20	13	-0.1258332	0.5640257	0.4279835
20	14	-0.1258332	0.5640257	0.4279835
20	15	1.313296	0.1399836	0.3891357
20	16	-0.1258332	0.5640257	0.4279835
20	17	-0.1258332	0.5640257	0.4279835
20	18	-0.1258332	0.5640257	0.4279835
20	19	-0.1258332	0.5640257	0.4279835
20	20	-0.1258332	0.5640257	0.4279835
20	21	-0.1258332	0.5640257	0.4279835
20	22	-0.1258332	0.5640257	0.4279835
20	23	-0.1258332	0.5640257	0.4279835
20	24	-0.1258332	0.5640257	0.4279835
21	1	-0.1258332	0.5640257	0.4279835
21	2	-0.1258332	0.5640257	0.4279835
21	3	-0.1258332	0.5640257	0.4279835
21	4	-0.1258332	0.5640257	0.4279835
21	5	-0.1258332	0.5640257	0.4279835
21	6	-0.1258332	0.5640257	0.4279835
21	7	-0.1258332	0.5640257	0.4279835
21	8	-0.1258332	0.5640257	0.4279835
21	9	-0.1258332	0.5640257	0.4279835
21	10	-0.1258332	0.5640257	0.4279835
21	11	-0.1258332	0.5640257	0.4279835
21	12	-0.1258332	0.5640257	0.4279835
21	13	-0.1258332	0.5640257	0.4279835
21	14	-0.1258332	0.5640257	0.4279835
21	15	1.313296	0.1399836	0.3891357
21	16	-0.1258332	0.5640257	0.4279835
21	17	-0.1258332	0.5640257	0.4279835
21	18	-0.1258332	0.5640257	0.4279835
21	19	-0.1258332	0.5640257	0.4279835
21	20	-0.1258332	0.5640257	0.4279835
21	21	-0.1258332	0.5640257	0.4279835
21	22	-0.1258332	0.5640257	0.4279835
21	23	-0.1258332	0.5640257	0.4279835
21	24	-0.1258332	0.5640257	0.4279835
22	1	-0.1258332	0.5640257	0.4279835
22	2	-0.1258332	0.5640257	0.4279835
22	3	-0.1258332	0.5640257	0.4279835
22	4	-0.1258332	0.5640257	0.4279835
22	5	-0.1258332	0.5640257	0.4279835
22	6	-0.1258332	0.5640257	0.4279835
22	7	-0.1258332	0.5640257	0.4279835
22	8	-0.1258332	0.5640257	0.4279835
22	9	-0.1258332	0.5640257	0.4279835
22	10	-0.1258332	0.5640257	0.4279835
22	11	-0.1258332	0.5640257	0.4279835
22	12	-0.1258332	0.5640257	0.4279835
22	13	-0.1258332	0.5640257	0.4279835
22	14	-0.1258332	0.5640257	0.4279835
22	15	1.313296	0.1399836	0.3891357
22	16	-0.1258332	0.5640257	0.4279835
22	17	-0.1258332	0.5640257	0.4279835
22	18	-0.1258332	0.5640257	0.4279835
22	19	-0.1258332	0.5640257	0.4279835
22	20	-0.1258332	0.5640257	0.4279835
22	21	-0.1258332	0.5640257	0.4279835
22	22	-0.1258332	0.5640257	0.4279835
22	23	-0.1258332	0.5640257	0.4279835
22	24	-0.1258332	0.5640257	0.4279835
23	1	1.120904	0.1941041	0.4197782
23	2	1.120904	0.1941041	0.4197782
23	3	1.120904	0.1941041	0.4197782
23	4	1.120904	0.1941041	0.4197782
23	5	1.120904	0.1941041	0.4197782
23	6	1.120904	0.1941041	0.4197782
23	7	1.120904	0.1941041	0.4197782
23	8	1.120904	0.1941041	0.4197782
23	9	1.120904	0.1941041	0.4197782
23	10	1.120904	0.1941041	0.4197782
23	11	1.120904	0.1941041	0.4197782
23	12	1.120904	0.1941041	0.4197782
23	13	1.120904	0.1941041	0.4197782
23	14	1.120904	0.1941041	0.4197782
23	15	1.120904	0.1941041	0.4197782
23	16	1.120904	0.1941041	0.4197782
23	17	1.120904	0.1941041	0.4197782
23	18	1.120904	0.1941041	0.4197782
23	19	1.120904	0.1941041	0.4197782
23	20	1.120904	0.1941041	0.4197782
23	21	1.120904	0.1941041	0.4197782
23	22	1.120904	0.1941041	0.4197782
23	23	1.120904	0.1941041	0.4197782
23	24	1.120904	0.1941041	0.4197782
24	1	1.120904	0.1941041	0.4197782
24	2	1.120904	0.1941041	0.4197782
24	3	1.120904	0.1941041	0.4197782
24	4	1.120904	0.1941041	0.4197782
24	5	1.120904	0.1941041	0.4197782
24	6	1.120904	0.1941041	0.4197782
24	7	1.120904	0.1941041	0.4197782
24	8	1.120904	0.1941041	0.4197782
24	9	1.120904	0.1941041	0.4197782
24	10	1.120904	0.1941041	0.4197782
24	11	1.120904	0.1941041	0.4197782
24	12	1.120904	0.1941041	0.4197782
24	13	1.120904	0.1941041	0.4197782
24	14	1.120904	0.1941041	0.4197782
24	15	1.120904	0.1941041	0.4197782
24	16	1.120904	0.1941041	0.4197782
24	17	1.120904	0.1941041	0.4197782
24	18	1.120904	0.1941041	0.4197782
24	19	1.120904	0.1941041	0.4197782
24	20	1.120904	0.1941041	0.4197782
24	21	1.120904	0.1941041	0.4197782
24	22	1.120904	0.1941041	0.4197782
24	23	1.120904	0.1941041	0.4197782
24	24	1.120904	0.1941041	0.4197782
25	1	1.120904	0.1941041	0.4197782
25	2	1.120904	0.1941041	0.4197782
25	3	1.120904	0.1941041	0.4197782
25	4	1.120904	0.1941041	0.4197782
25	5	1.120904	0.1941041	0.4197782
25	6	1.120904	0.1941041	0.4197782
25	7	1.120904	0.1941041	0.4197782
25	8	1.120904	0.1941041	0.4197782
25	9	1.120904	0.1941041	0.4197782
25	10	1.120904	0.1941041	0.4197782
25	11	1.120904	0.1941041	0.4197782
25	12	1.120904	0.1941041	0.4197782
25	13	1.120904	0.1941041	0.4197782
25	14	1.120904	0.1941041	0.4197782
25	15	1.120904	0.1941041	0.4197782
25	16	1.120904	0.1941041	0.4197782
25	17	1.120904	0.1941041	0.4197782
25	18	1.120904	0.1941041	0.4197782
25	19	1.120904	0.1941041	0.4197782
25	20	1.120904	0.1941041	0.4197782
25	21	1.120904	0.1941041	0.4197782
25	22	1.120904	0.1941041	0.4197782
25	23	1.120904	0.1941041	0.4197782
25	24	1.120904	0.1941041	0.4197782
26	1	1.120904	0.1941041	0.4197782
26	2	1.120904	0.1941041	0.4197782
26	3	1.120904	0.1941041	0.4197782
26	4	1.120904	0.1941041	0.4197782
26	5	1.120904	0.1941041	0.4197782
26	6	1.120904	0.1941041	0.4197782
26	7	1.120904	0.1941041	0.4197782
26	8	1.120904	0.1941041	0.4197782
26	9	1.120904	0.1941041	0.4197782
26	10	1.120904	0.1941041	0.4197782
26	11	1.120904	0.1941041	0.4197782
26	12	1.120904	0.1941041	0.4197782
26	13	1.120904	0.1941041	0.4197782
26	14	1.120904	0.1941041	0.4197782
26	15	1.120904	0.1941041	0.4197782
26	16	1.120904	0.1941041	0.4197782
26	17	1.120904	0.1941041	0.4197782
26	18	1.120904	0.1941041	0.4197782
26	19	1.120904	0.1941041	0.4197782
26	20	1.120904	0.1941041	0.4197782
26	21	1.120904	0.1941041	0.4197782
26	22	1.120904	0.1941041	0.4197782
26	23	1.120904	0.1941041	0.4197782
26	24	1.120904	0.1941041	0.4197782
27	1	1.120904	0.1941041	0.4197782
27	2	1.120904	0.1941041	0.4197782
27	3	1.120904	0.1941041	0.4197782
27	4	1.120904	0.1941041	0.4197782
27	5	1.120904	0.1941041	0.4197782
27	6	1.120904	0.1941041	0.4197782
27	7	1.120904	0.1941041	0.4197782
27	8	1.120904	0.1941041	0.4197782
27	9	1.120904	0.1941041	0.4197782
27	10	1.120904	0.1941041	0.4197782
27	11	1.120904	0.1941041	0.4197782
27	12	1.120904	0.1941041	0.4197782
27	13	1.120904	0.1941041	0.4197782
27	14	1.120904	0.1941041	0.4197782
27	15	1.120904	0.1941041	0.4197782
27	16	1.120904	0.1941041	0.4197782
27	17	1.120904	0.1941041	0.4197782
27	18	1.120904	0.1941041	0.4197782
27	19	1.120904	0.1941041	0.4197782
27	20	1.120904	0.1941041	0.4197782
27	21	1.120904	0.1941041	0.4197782
27	22	1.120904	0.1941041	0.4197782
27	23	1.120904	0.1941041	0.4197782
27	24	1.120904	0.1941041	0.4197782
28	1	1.120904	0.1941041	0.4197782
28	2	1.120904	0.1941041	0.4197782
28	3	1.120904	0.1941041	0.4197782
28	4	1.120904	0.1941041	0.4197782
28	5	1.120904	0.1941041	0.4197782
28	6	1.120904	0.1941041	0.4197782
28	7	1.120904	0.1941041	0.4197782
28	8	1.120904	0.1941041	0.4197782
28	9	1.120904	0.1941041	0.4197782
28	10	1.120904	0.1941041	0.4197782
28	11	1.120904	0.1941041	0.4197782
28	12	1.120904	0.1941041	0.4197782
28	13	1.120904	0.1941041	0.4197782
28	14	1.120904	0.1941041	0.4197782
28	15	1.120904	0.1941041	0.4197782
28	16	1.120904	0.1941041	0.4197782
28	17	1.120904	0.1941041	0.4197782
28	18	1.120904	0.1941041	0.4197782
28	19	1.120904	0.1941041	0.4197782
28	20	1.120904	0.1941041	0.4197782
28	21	1.120904	0.1941041	0.4197782
28	22	1.120904	0.1941041	0.4197782
28	23	1.120904	0.1941041	0.4197782
28	24	1.120904	0.1941041	0.4197782
29	1	1.120904	0.1941041	0.4197782
29	2	1.120904	0.1941041	0.4197782
29	3	1.120904	0.1941041	0.4197782
29	4	1.120904	0.1941041	0.4197782
29	5	1.120904	0.1941041	0.4197782
29	6	1.120904	0.1941041	0.4197782
29	7	1.120904	0.1941041	0.4197782
29	8	1.120904	0.1941041	0.4197782
29	9	1.120904	0.1941041	0.4197782
29	10	1.120904	0.1941041	0.4197782
29	11	1.120904	0.1941041	0.4197782
29	12	1.120904	0.1941041	0.4197782
29	13	1.120904	0.1941041	0.4197782
29	14	1.120904	0.1941041	0.4197782
29	15	1.120904	0.1941041	0.4197782
29	16	1.120904	0.1941041	0.4197782
29	17	1.120904	0.1941041	0.4197782
29	18	1.120904	0.1941041	0.4197782
29	19	1.120904	0.1941041	0.4197782
29	20	1.120904	0.1941041	0.4197782
29	21	1.120904	0.1941041	0.4197782
29	22	1.120904	0.1941041	0.4197782
29	23	1.120904	0.1941041	0.4197782
29	24	1.120904	0.1941041	0.4197782
30	1	1.120904	0.1941041	0.4197782
30	2	1.120904	0.1941041	0.4197782
30	3	1.120904	0.1941041	0.4197782
30	4	1.120904	0.1941041	0.4197782
30	5	1.120904	0.1941041	0.4197782
30	6	1.120904	0.1941041	0.4197782
30	7	1.120904	0.1941041	0.4197782
30	8	1.120904	0.1941041	0.4197782
30	9	1.120904	0.1941041	0.4197782
30	10	1.120904	0.1941041	0.4197782
30	11	1.120904	0.1941041	0.4197782
30	12	1.120904	0.1941041	0.4197782
30	13	1.120904	0.1941041	0.4197782
30	14	1.120904	0.1941041	0.4197782
30	15	1.120904	0.1941041	0.4197782
30	16	1.120904	0.1941041	0.4197782
30	17	1.120904	0.1941041	0.4197782
30	18	1.120904	0.1941041	0.4197782
30	19	1.120904	0.1941041	0.4197782
30	20	1.120904	0.1941041	0.4197782
30	21	1.120904	0.1941041	0.4197782
30	22	1.120904	0.1941041	0.4197782
30	23	1.120904	0.1941041	0.4197782
30	24	1.120904	0.1941041	0.4197782
31	1	1.120904	0.1941041	0.4197782
31	2	1.120904	0.1941041	0.4197782
31	3	1.120904	0.1941041	0.4197782
31	4	1.120904	0.1941041	0.4197782
31	5	1.120904	0.1941041	0.4197782
31	6	1.120904	0.1941041	0.4197782
31	7	1.120904	0.1941041	0.4197782
31	8	1.120904	0.1941041	0.4197782
31	9	1.120904	0.1941041	0.4197782
31	10	1.120904	0.1941041	0.4197782
31	11	1.120904	0.1941041	0.4197782
31	12	1.120904	0.1941041	0.4197782
31	13	1.120904	0.1941041	0.4197782
31	14	1.120904	0.1941041	0.4197782
31	15	1.120904	0.1941041	0.4197782
31	16	1.120904	0.1941041	0.4197782
31	17	1.120904	0.1941041	0.4197782
31	18	1.120904	0.1941041	0.4197782
31	19	1.120904	0.1941041	0.4197782
31	20	1.120904	0.1941041	0.4197782
31	21	1.120904	0.1941041	0.4197782
31	22	1.120904	0.1941041	0.4197782
31	23	1.120904	0.1941041	0.4197782
31	24	1.120904	0.1941041	0.4197782
32	1	1.120904	0.1941041	0.4197782
32	2	1.120904	0.1941041	0.4197782
32	3	1.120904	0.1941041	0.4197782
32	4	1.120904	0.1941041	0.4197782
32	5	1.120904	0.1941041	0.4197782
32	6	1.120904	0.1941041	0.4197782
32	7	1.120904	0.1941041	0.4197782
32	8	1.120904	0.1941041	0.4197782
32	9	1.120904	0.1941041	0.4197782
32	10	1.120904	0.1941041	0.4197782
32	11	1.120904	0.1941041	0.4197782
32	12	1.120904	0.1941041	0.4197782
32	13	1.120904	0.1941041	0.4197782
32	14	1.120904	0.1941041	0.4197782
32	15	1.120904	0.1941041	0.4197782
32	16	1.120904	0.1941041	0.4197782
32	17	1.120904	0.1941041	0.4197782
32	18	1.120904	0.1941041	0.4197782
32	19	1.120904	0.1941041	0.4197782
32	20	1.120904	0.1941041	0.4197782
32	21	1.120904	0.1941041	0.4197782
32	22	1.120904	0.1941041	0.4197782
32	23	1.120904	0.1941041	0.4197782
32	24	1.120904	0.1941041	0.4197782
33	1	1.120904	0.1941041	0.4197782
33	2	1.120904	0.1941041	0.4197782
33	3	1.120904	0.1941041	0.4197782
33	4	1.120904	0.1941041	0.4197782
33	5	1.120904	0.1941041	0.4197782
33	6	1.120904	0.1941041	0.4197782
33	7	1.120904	0.1941041	0.4197782
33	8	1.120904	0.1941041	0.4197782
33	9	1.120904	0.1941041	0.4197782
33	10	1.120904	0.1941041	0.4197782
33	11	1.120904	0.1941041	0.4197782
33	12	1.120904	0.1941041	0.4197782
33	13	1.120904	0.1941041	0.4197782
33	14	1.120904	0.1941041	0.4197782
33	15	1.120904	0.1941041	0.4197782
33	16	1.120904	0.1941041	0.4197782
33	17	1.120904	0.1941041	0.4197782
33	18	1.120904	0.1941041	0.4197782
33	19	1.120904	0.1941041	0.4197782
33	20	1.120904	0.1941041	0.4197782
33	21	1.120904	0.1941041	0.4197782
33	22	1.120904	0.1941041	0.4197782
33	23	1.120904	0.1941041	0.4197782
33	24	1.120904	0.1941041	0.4197782
34	1	1.120904	0.1941041	0.4197782
34	2	1.120904	0.1941041	0.4197782
34	3	1.120904	0.1941041	0.4197782
34	4	1.120904	0.1941041	0.4197782
34	5	1.120904	0.1941041	0.4197782
34	6	1.120904	0.1941041	0.4197782
34	7	1.120904	0.1941041	0.4197782
34	8	1.120904	0.1941041	0.4197782
34	9	1.120904	0.1941041	0.4197782
34	10	1.120904	0.1941041	0.4197782
34	11	1.120904	0.1941041	0.4197782
34	12	1.120904	0.1941041	0.4197782
34	13	1.120904	0.1941041	0.4197782
34	14	1.120904	0.1941041	0.4197782
34	15	1.120904	0.1941041	0.4197782
34	16	1.120904	0.1941041	0.4197782
34	17	1.120904	0.1941041	0.4197782
34	18	1.120904	0.1941041	0.4197782
34	19	1.120904	0.1941041	0.4197782
34	20	1.120904	0.1941041	0.4197782
34	21	1.120904	0.1941041	0.4197782
34	22	1.120904	0.1941041	0.4197782
34	23	1.120904	0.1941041	0.4197782
34	24	1.120904	0.1941041	0.4197782
35	1	1.120904	0.1941041	0.4197782
35	2	1.120904	0.1941041	0.4197782
35	3	1.120904	0.1941041	0.4197782
35	4	1.120904	0.1941041	0.4197782
35	5	1.120904	0.1941041	0.4197782
35	6	1.120904	0.1941041	0.4197782
35	7	1.120904	0.1941041	0.4197782
35	8	1.120904	0.1941041	0.4197782
35	9	1.120904	0.1941041	0.4197782
35	10	1.120904	0.1941041	0.4197782
35	11	1.120904	0.1941041	0.4197782
35	12	1.120904	0.1941041	0.4197782
35	13	1.120904	0.1941041	0.4197782
35	14	1.120904	0.1941041	0.4197782
35	15	1.120904	0.1941041	0.4197782
35	16	1.120904	0.1941041	0.4197782
35	17	1.120904	0.1941041	0.4197782
35	18	1.120904	0.1941041	0.4197782
35	19	1.120904	0.1941041	0.4197782
35	20	1.120904	0.1941041	0.4197782
35	21	1.120904	0.1941041	0.4197782
35	22	1.120904	0.1941041	0.4197782
35	23	1.120904	0.1941041	0.4197782
35	24	1.120904	0.1941041	0.4197782
36	1	1.120904	0.1941041	0.4197782
36	2	1.120904	0.1941041	0.4197782
36	3	1.120904	0.1941041	0.4197782
36	4	1.120904	0.1941041	0.4197782
36	5	1.120904	0.1941041	0.4197782
36	6	1.120904	0.1941041	0.4197782
36	7	1.120904	0.1941041	0.4197782
36	8	1.120904	0.1941041	0.4197782
36	9	1.120904	0.1941041	0.4197782
36	10	1.120904	0.1941041	0.4197782
36	11	1.120904	0.1941041	0.4197782
36	12	1.120904	0.1941041	0.4197782
36	13	1.120904	0.1941041	0.4197782
36	14	1.120904	0.1941041	0.4197782
36	15	1.120904	0.1941041	0.4197782
36	16	1.120904	0.1941041	0.4197782
36	17	1.120904	0.1941041	0.4197782
36	18	1.120904	0.1941041	0.4197782
36	19	1.120904	0.1941041	0.4197782
36	20	1.120904	0.1941041	0.4197782
36	21	1.120904	0.1941041	0.4197782
36	22	1.120904	0.1941041	0.4197782
36	23	1.120904	0.1941041	0.4197782
36	24	1.120904	0.1941041	0.4197782
37	11	1.120904	0.1941041	0.4197782
37	12	1.120904	0.1941041	0.4197782
38	1	1.120904	0.1941041	0.4197782
38	2	1.120904	0.1941041	0.4197782
38	3	1.120904	0.1941041	0.4197782
38	4	1.120904	0.1941041	0.4197782
38	5	1.120904	0.1941041	0.4197782
38	6	1.120904	0.1941041	0.4197782
38	7	1.120904	0.1941041	0.4197782
38	8	1.120904	0.1941041	0.4197782
38	9	1.120904	0.1941041	0.4197782
38	10	1.120904	0.1941041	0.4197782
38	11	1.120904	0.1941041	0.4197782
38	12	1.120904	0.1941041	0.4197782
38	13	1.120904	0.1941041	0.4197782
38	14	1.120904	0.1941041	0.4197782
38	15	1.120904	0.1941041	0.4197782
38	16	1.120904	0.1941041	0.4197782
38	17	1.120904	0.1941041	0.4197782
38	18	1.120904	0.1941041	0.4197782
38	19	1.120904	0.1941041	0.4197782
38	20	1.120904	0.1941041	0.4197782
38	21	1.120904	0.1941041	0.4197782
38	22	1.120904	0.1941041	0.4197782
38	23	1.120904	0.1941041	0.4197782
38	24	1.120904	0.1941041	0.4197782
39	1	1.120904	0.1941041	0.4197782
39	2	1.120904	0.1941041	0.4197782
39	3	1.120904	0.1941041	0.4197782
39	4	1.120904	0.1941041	0.4197782
39	5	1.120904	0.1941041	0.4197782
39	6	1.120904	0.1941041	0.4197782
39	7	1.120904	0.1941041	0.4197782
39	8	1.120904	0.1941041	0.4197782
39	9	1.120904	0.1941041	0.4197782
39	10	1.120904	0.1941041	0.4197782
39	11	1.120904	0.1941041	0.4197782
39	12	1.120904	0.1941041	0.4197782
39	13	1.120904	0.1941041	0.4197782
39	14	1.120904	0.1941041	0.4197782
39	15	1.120904	0.1941041	0.4197782
39	16	1.120904	0.1941041	0.4197782
39	17	1.120904	0.1941041	0.4197782
39	18	1.120904	0.1941041	0.4197782
39	19	1.120904	0.1941041	0.4197782
39	20	1.120904	0.1941041	0.4197782
39	21	1.120904	0.1941041	0.4197782
39	22	1.120904	0.1941041	0.4197782
39	23	1.120904	0.1941041	0.4197782
39	24	1.120904	0.1941041	0.4197782
40	1	1.120904	0.1941041	0.4197782
40	2	1.120904	0.1941041	0.4197782
40	3	1.120904	0.1941041	0.4197782
40	4	1.120904	0.1941041	0.4197782
40	5	1.120904	0.1941041	0.4197782
40	6	1.120904	0.1941041	0.4197782
40	7	1.120904	0.1941041	0.4197782
40	8	1.120904	0.1941041	0.4197782
40	9	1.120904	0.1941041	0.4197782
40	10	1.120904	0.1941041	0.4197782
40	11	1.120904	0.1941041	0.4197782
40	12	1.120904	0.1941041	0.4197782
40	13	1.120904	0.1941041	0.4197782
40	14	1.120904	0.1941041	0.4197782
40	15	1.120904	0.1941041	0.4197782
40	16	1.120904	0.1941041	0.4197782
40	17	1.120904	0.1941041	0.4197782
40	18	1.120904	0.1941041	0.4197782
40	19	1.120904	0.1941041	0.4197782
40	20	1.120904	0.1941041	0.4197782
40	21	1.120904	0.1941041	0.4197782
40	22	1.120904	0.1941041	0.4197782
40	23	1.120904	0.1941041	0.4197782
40	24	1.120904	0.1941041	0.4197782
43	1	-0.112717	0.563091	0.3985944
43	2	-0.1127169	0.563091	0.3985941
43	3	-0.112717	0.563091	0.3985943
43	4	-0.112717	0.563091	0.3985943
43	5	-0.112717	0.563091	0.3985943
43	6	-0.112717	0.563091	0.3985943
43	7	-0.112717	0.563091	0.3985943
43	8	-0.112717	0.563091	0.3985943
43	9	1.307905	0.1381707	0.4229885
43	10	-0.112717	0.563091	0.3985943
43	11	-0.112717	0.563091	0.3985943
43	12	-0.112717	0.563091	0.3985943
43	13	-0.112717	0.563091	0.3985943
43	14	-0.112717	0.563091	0.3985943
43	15	-0.112717	0.563091	0.3985943
43	16	-0.112717	0.563091	0.3985943
43	17	-0.112717	0.563091	0.3985943
43	18	-0.112717	0.563091	0.3985943
43	19	-0.112717	0.563091	0.3985943
43	20	-0.112717	0.563091	0.3985943
43	21	-0.112717	0.563091	0.3985943
43	22	-0.112717	0.563091	0.3985943
43	23	-0.112717	0.563091	0.3985943
43	24	-0.112717	0.563091	0.3985943
44	1	1.120904	0.1941041	0.4197782
44	2	1.120904	0.1941041	0.4197782
44	3	1.120904	0.1941041	0.4197782
44	4	1.120904	0.1941041	0.4197782
44	5	1.120904	0.1941041	0.4197782
44	6	1.120904	0.1941041	0.4197782
44	7	1.120904	0.1941041	0.4197782
44	8	1.120904	0.1941041	0.4197782
44	9	1.120904	0.1941041	0.4197782
44	10	1.120904	0.1941041	0.4197782
44	11	1.120904	0.1941041	0.4197782
44	12	1.120904	0.1941041	0.4197782
44	13	1.120904	0.1941041	0.4197782
44	14	1.120904	0.1941041	0.4197782
44	15	1.120904	0.1941041	0.4197782
44	16	1.120904	0.1941041	0.4197782
44	17	1.120904	0.1941041	0.4197782
44	18	1.120904	0.1941041	0.4197782
44	19	1.120904	0.1941041	0.4197782
44	20	1.120904	0.1941041	0.4197782
44	21	1.120904	0.1941041	0.4197782
44	22	1.120904	0.1941041	0.4197782
44	23	1.120904	0.1941041	0.4197782
44	24	1.120904	0.1941041	0.4197782
45	1	1.120904	0.1941041	0.4197782
45	2	1.120904	0.1941041	0.4197782
45	3	1.120904	0.1941041	0.4197782
45	4	1.120904	0.1941041	0.4197782
45	5	1.120904	0.1941041	0.4197782
45	6	1.120904	0.1941041	0.4197782
45	7	1.120904	0.1941041	0.4197782
45	8	1.120904	0.1941041	0.4197782
45	9	1.120904	0.1941041	0.4197782
45	10	1.120904	0.1941041	0.4197782
45	11	1.120904	0.1941041	0.4197782
45	12	1.120904	0.1941041	0.4197782
45	13	1.120904	0.1941041	0.4197782
45	14	1.120904	0.1941041	0.4197782
45	15	1.120904	0.1941041	0.4197782
45	16	1.120904	0.1941041	0.4197782
45	17	1.120904	0.1941041	0.4197782
45	18	1.120904	0.1941041	0.4197782
45	19	1.120904	0.1941041	0.4197782
45	20	1.120904	0.1941041	0.4197782
45	21	1.120904	0.1941041	0.4197782
45	22	1.120904	0.1941041	0.4197782
45	23	1.120904	0.1941041	0.4197782
45	24	1.120904	0.1941041	0.4197782
46	1	1.120904	0.1941041	0.4197782
46	2	1.120904	0.1941041	0.4197782
46	3	1.120904	0.1941041	0.4197782
46	4	1.120904	0.1941041	0.4197782
46	5	1.120904	0.1941041	0.4197782
46	6	1.120904	0.1941041	0.4197782
46	7	1.120904	0.1941041	0.4197782
46	8	1.120904	0.1941041	0.4197782
46	9	1.120904	0.1941041	0.4197782
46	10	1.120904	0.1941041	0.4197782
46	11	1.120904	0.1941041	0.4197782
46	12	1.120904	0.1941041	0.4197782
46	13	1.120904	0.1941041	0.4197782
46	14	1.120904	0.1941041	0.4197782
46	15	1.120904	0.1941041	0.4197782
46	16	1.120904	0.1941041	0.4197782
46	17	1.120904	0.1941041	0.4197782
46	18	1.120904	0.1941041	0.4197782
46	19	1.120904	0.1941041	0.4197782
46	20	1.120904	0.1941041	0.4197782
46	21	1.120904	0.1941041	0.4197782
46	22	1.120904	0.1941041	0.4197782
46	23	1.120904	0.1941041	0.4197782
46	24	1.120904	0.1941041	0.4197782
47	1	-0.0416708	0.4430544	1.378739
47	2	-0.04167088	0.4430544	1.378739
47	3	-0.04167082	0.4430544	1.378739
47	4	-0.04167082	0.4430544	1.378739
47	5	-0.04167082	0.4430544	1.378739
47	6	-0.04167082	0.4430544	1.378739
47	7	-0.04167082	0.4430544	1.378739
47	8	-0.04167082	0.4430544	1.378739
47	9	-0.04167082	0.4430544	1.378739
47	10	-0.04167081	0.4430544	1.378739
47	11	-0.04167081	0.4430544	1.378739
47	12	-0.04167082	0.4430544	1.378739
47	13	0.583906	0.3946539	0.01487975
47	14	0.583906	0.3946539	0.01487975
47	15	0.583906	0.3946539	0.01487975
47	16	0.583906	0.3946539	0.01487975
47	17	0.583906	0.3946539	0.01487975
47	18	0.583906	0.3946539	0.01487975
47	19	0.583906	0.3946539	0.01487975
47	20	0.583906	0.3946539	0.01487975
47	21	0.583906	0.3946539	0.01487975
47	22	0.583906	0.3946539	0.01487975
47	23	0.583906	0.3946539	0.01487975
47	24	0.583906	0.3946539	0.01487975
48	1	-0.1048215	0.4481259	1.514579
48	2	-0.1048215	0.4481259	1.514579
48	3	-0.1048215	0.4481259	1.514579
48	4	-0.1048215	0.4481259	1.514579
48	5	-0.1048215	0.4481259	1.514579
48	6	-0.1048215	0.4481259	1.514579
48	7	-0.1048215	0.4481259	1.514579
48	8	-0.1048215	0.4481259	1.514579
48	9	-0.1048215	0.4481259	1.514579
48	10	-0.1048215	0.4481259	1.514579
48	11	-0.1048215	0.4481259	1.514579
48	12	-0.1048215	0.4481259	1.514579
48	13	0.5911176	0.3942434	-0.002303909
48	14	0.5911176	0.3942434	-0.002303909
48	15	0.5911176	0.3942434	-0.002303909
48	16	0.5911176	0.3942434	-0.002303909
48	17	0.5911176	0.3942434	-0.002303909
48	18	0.5911176	0.3942434	-0.002303909
48	19	0.5911176	0.3942434	-0.002303909
48	20	0.5911176	0.3942434	-0.002303909
48	21	0.5911176	0.3942434	-0.002303909
48	22	0.5911176	0.3942434	-0.002303909
48	23	0.5911176	0.3942434	-0.002303909
48	24	0.5911176	0.3942434	-0.002303909
49	1	1.120904	0.1941041	0.4197782
49	2	1.120904	0.1941041	0.4197782
49	3	1.120904	0.1941041	0.4197782
49	4	1.120904	0.1941041	0.4197782
49	5	1.120904	0.1941041	0.4197782
49	6	1.120904	0.1941041	0.4197782
49	7	1.120904	0.1941041	0.4197782
49	8	1.120904	0.1941041	0.4197782
49	9	1.120904	0.1941041	0.4197782
49	10	1.120904	0.1941041	0.4197782
49	11	1.120904	0.1941041	0.4197782
49	12	1.120904	0.1941041	0.4197782
50	1	1.120904	0.1941041	0.4197782
50	2	1.120904	0.1941041	0.4197782
50	3	1.120904	0.1941041	0.4197782
50	4	1.120904	0.1941041	0.4197782
50	5	1.120904	0.1941041	0.4197782
50	6	1.120904	0.1941041	0.4197782
50	7	1.120904	0.1941041	0.4197782
50	8	1.120904	0.1941041	0.4197782
50	9	1.120904	0.1941041	0.4197782
50	10	1.120904	0.1941041	0.4197782
50	11	1.120904	0.1941041	0.4197782
50	12	1.120904	0.1941041	0.4197782
50	13	1.120904	0.1941041	0.4197782
50	14	1.120904	0.1941041	0.4197782
50	15	1.120904	0.1941041	0.4197782
50	16	1.120904	0.1941041	0.4197782
50	17	1.120904	0.1941041	0.4197782
50	18	1.120904	0.1941041	0.4197782
50	19	1.120904	0.1941041	0.4197782
50	20	1.120904	0.1941041	0.4197782
50	21	1.120904	0.1941041	0.4197782
50	22	1.120904	0.1941041	0.4197782
50	23	1.120904	0.1941041	0.4197782
50	24	1.120904	0.1941041	0.4197782
51	1	1.120904	0.1941041	0.4197782
51	2	1.120904	0.1941041	0.4197782
51	3	1.120904	0.1941041	0.4197782
51	4	1.120904	0.1941041	0.4197782
51	5	1.120904	0.1941041	0.4197782
51	6	1.120904	0.1941041	0.4197782
51	7	1.120904	0.1941041	0.4197782
51	8	1.120904	0.1941041	0.4197782
51	9	1.120904	0.1941041	0.4197782
51	10	1.120904	0.1941041	0.4197782
51	11	1.120904	0.1941041	0.4197782
51	12	1.120904	0.1941041	0.4197782
51	13	1.120904	0.1941041	0.4197782
51	14	1.120904	0.1941041	0.4197782
51	15	1.120904	0.1941041	0.4197782
51	16	1.120904	0.1941041	0.4197782
51	17	1.120904	0.1941041	0.4197782
51	18	1.120904	0.1941041	0.4197782
51	19	1.120904	0.1941041	0.4197782
51	20	1.120904	0.1941041	0.4197782
51	21	1.120904	0.1941041	0.4197782
51	22	1.120904	0.1941041	0.4197782
51	23	1.120904	0.1941041	0.4197782
51	24	1.120904	0.1941041	0.4197782
52	1	1.120904	0.1941041	0.4197782
52	2	1.120904	0.1941041	0.4197782
52	3	1.120904	0.1941041	0.4197782
52	4	1.120904	0.1941041	0.4197782
52	5	1.120904	0.1941041	0.4197782
52	6	1.120904	0.1941041	0.4197782
52	7	1.120904	0.1941041	0.4197782
52	8	1.120904	0.1941041	0.4197782
52	9	1.120904	0.1941041	0.4197782
52	10	1.120904	0.1941041	0.4197782
52	11	1.120904	0.1941041	0.4197782
52	12	1.120904	0.1941041	0.4197782
52	13	1.120904	0.1941041	0.4197782
52	14	1.120904	0.1941041	0.4197782
52	15	1.120904	0.1941041	0.4197782
52	16	1.120904	0.1941041	0.4197782
52	17	1.120904	0.1941041	0.4197782
52	18	1.120904	0.1941041	0.4197782
52	19	1.120904	0.1941041	0.4197782
52	20	1.120904	0.1941041	0.4197782
52	21	1.120904	0.1941041	0.4197782
52	22	1.120904	0.1941041	0.4197782
52	23	1.120904	0.1941041	0.4197782
52	24	1.120904	0.1941041	0.4197782
53	1	1.120904	0.1941041	0.4197782
53	2	1.120904	0.1941041	0.4197782
53	3	1.120904	0.1941041	0.4197782
53	4	1.120904	0.1941041	0.4197782
53	5	1.120904	0.1941041	0.4197782
53	6	1.120904	0.1941041	0.4197782
53	7	1.120904	0.1941041	0.4197782
53	8	1.120904	0.1941041	0.4197782
53	9	1.120904	0.1941041	0.4197782
53	10	1.120904	0.1941041	0.4197782
53	11	1.120904	0.1941041	0.4197782
53	12	1.120904	0.1941041	0.4197782
53	13	1.120904	0.1941041	0.4197782
53	14	1.120904	0.1941041	0.4197782
53	15	1.120904	0.1941041	0.4197782
53	16	1.120904	0.1941041	0.4197782
53	17	1.120904	0.1941041	0.4197782
53	18	1.120904	0.1941041	0.4197782
53	19	1.120904	0.1941041	0.4197782
53	20	1.120904	0.1941041	0.4197782
53	21	1.120904	0.1941041	0.4197782
53	22	1.120904	0.1941041	0.4197782
53	23	1.120904	0.1941041	0.4197782
53	24	1.120904	0.1941041	0.4197782
54	1	1.120904	0.1941041	0.4197782
54	2	1.120904	0.1941041	0.4197782
54	3	1.120904	0.1941041	0.4197782
54	4	1.120904	0.1941041	0.4197782
54	5	1.120904	0.1941041	0.4197782
54	6	1.120904	0.1941041	0.4197782
54	7	1.120904	0.1941041	0.4197782
54	8	1.120904	0.1941041	0.4197782
54	9	1.120904	0.1941041	0.4197782
54	10	1.120904	0.1941041	0.4197782
54	11	1.120904	0.1941041	0.4197782
54	12	1.120904	0.1941041	0.4197782
54	13	1.120904	0.1941041	0.4197782
54	14	1.120904	0.1941041	0.4197782
54	15	1.120904	0.1941041	0.4197782
54	16	1.120904	0.1941041	0.4197782
54	17	1.120904	0.1941041	0.4197782
54	18	1.120904	0.1941041	0.4197782
54	19	1.120904	0.1941041	0.4197782
54	20	1.120904	0.1941041	0.4197782
54	21	1.120904	0.1941041	0.4197782
54	22	1.120904	0.1941041	0.4197782
54	23	1.120904	0.1941041	0.4197782
54	24	1.120904	0.1941041	0.4197782
55	1	1.120904	0.1941041	0.4197782
55	2	1.120904	0.1941041	0.4197782
55	3	1.120904	0.1941041	0.4197782
55	4	1.120904	0.1941041	0.4197782
55	5	1.120904	0.1941041	0.4197782
55	6	1.120904	0.1941041	0.4197782
55	7	1.120904	0.1941041	0.4197782
55	8	1.120904	0.1941041	0.4197782
55	9	1.120904	0.1941041	0.4197782
55	10	1.120904	0.1941041	0.4197782
55	11	1.120904	0.1941041	0.4197782
55	12	1.120904	0.1941041	0.4197782
55	13	1.120904	0.1941041	0.4197782
55	14	1.120904	0.1941041	0.4197782
55	15	1.120904	0.1941041	0.4197782
55	16	1.120904	0.1941041	0.4197782
55	17	1.120904	0.1941041	0.4197782
55	18	1.120904	0.1941041	0.4197782
55	19	1.120904	0.1941041	0.4197782
55	20	1.120904	0.1941041	0.4197782
55	21	1.120904	0.1941041	0.4197782
55	22	1.120904	0.1941041	0.4197782
55	23	1.120904	0.1941041	0.4197782
55	24	1.120904	0.1941041	0.4197782
56	1	1.120904	0.1941041	0.4197782
56	2	1.120904	0.1941041	0.4197782
56	3	1.120904	0.1941041	0.4197782
56	4	1.120904	0.1941041	0.4197782
56	5	1.120904	0.1941041	0.4197782
56	6	1.120904	0.1941041	0.4197782
56	7	1.120904	0.1941041	0.4197782
56	8	1.120904	0.1941041	0.4197782
56	9	1.120904	0.1941041	0.4197782
56	10	1.120904	0.1941041	0.4197782
56	11	1.120904	0.1941041	0.4197782
56	12	1.120904	0.1941041	0.4197782
56	13	1.120904	0.1941041	0.4197782
56	14	1.120904	0.1941041	0.4197782
56	15	1.120904	0.1941041	0.4197782
56	16	1.120904	0.1941041	0.4197782
56	17	1.120904	0.1941041	0.4197782
56	18	1.120904	0.1941041	0.4197782
56	19	1.120904	0.1941041	0.4197782
56	20	1.120904	0.1941041	0.4197782
56	21	1.120904	0.1941041	0.4197782
56	22	1.120904	0.1941041	0.4197782
56	23	1.120904	0.1941041	0.4197782
56	24	1.120904	0.1941041	0.4197782
57	1	1.120904	0.1941041	0.4197782
57	2	1.120904	0.1941041	0.4197782
57	3	1.120904	0.1941041	0.4197782
57	4	1.120904	0.1941041	0.4197782
57	5	1.120904	0.1941041	0.4197782
57	6	1.120904	0.1941041	0.4197782
57	7	1.120904	0.1941041	0.4197782
57	8	1.120904	0.1941041	0.4197782
57	9	1.120904	0.1941041	0.4197782
57	10	1.120904	0.1941041	0.4197782
57	11	1.120904	0.1941041	0.4197782
57	12	1.120904	0.1941041	0.4197782
57	13	1.120904	0.1941041	0.4197782
57	14	1.120904	0.1941041	0.4197782
57	15	1.120904	0.1941041	0.4197782
57	16	1.120904	0.1941041	0.4197782
57	17	1.120904	0.1941041	0.4197782
57	18	1.120904	0.1941041	0.4197782
57	19	1.120904	0.1941041	0.4197782
57	20	1.120904	0.1941041	0.4197782
57	21	1.120904	0.1941041	0.4197782
57	22	1.120904	0.1941041	0.4197782
57	23	1.120904	0.1941041	0.4197782
57	24	1.120904	0.1941041	0.4197782
58	1	1.120904	0.1941041	0.4197782
58	2	1.120904	0.1941041	0.4197782
58	3	1.120904	0.1941041	0.4197782
58	4	1.120904	0.1941041	0.4197782
58	5	1.120904	0.1941041	0.4197782
58	6	1.120904	0.1941041	0.4197782
58	7	1.120904	0.1941041	0.4197782
58	8	1.120904	0.1941041	0.4197782
58	9	1.120904	0.1941041	0.4197782
58	10	1.120904	0.1941041	0.4197782
58	11	1.120904	0.1941041	0.4197782
58	12	1.120904	0.1941041	0.4197782
58	13	1.120904	0.1941041	0.4197782
58	14	1.120904	0.1941041	0.4197782
58	15	1.120904	0.1941041	0.4197782
58	16	1.120904	0.1941041	0.4197782
58	17	1.120904	0.1941041	0.4197782
58	18	1.120904	0.1941041	0.4197782
58	19	1.120904	0.1941041	0.4197782
58	20	1.120904	0.1941041	0.4197782
58	21	1.120904	0.1941041	0.4197782
58	22	1.120904	0.1941041	0.4197782
58	23	1.120904	0.1941041	0.4197782
58	24	1.120904	0.1941041	0.4197782
59	1	1.120904	0.1941041	0.4197782
59	2	1.120904	0.1941041	0.4197782
59	3	1.120904	0.1941041	0.4197782
59	4	1.120904	0.1941041	0.4197782
59	5	1.120904	0.1941041	0.4197782
59	6	1.120904	0.1941041	0.4197782
59	7	1.120904	0.1941041	0.4197782
59	8	1.120904	0.1941041	0.4197782
59	9	1.120904	0.1941041	0.4197782
59	10	1.120904	0.1941041	0.4197782
59	11	1.120904	0.1941041	0.4197782
59	12	1.120904	0.1941041	0.4197782
59	13	1.120904	0.1941041	0.4197782
59	14	1.120904	0.1941041	0.4197782
59	15	1.120904	0.1941041	0.4197782
59	16	1.120904	0.1941041	0.4197782
59	17	1.120904	0.1941041	0.4197782
59	18	1.120904	0.1941041	0.4197782
59	19	1.120904	0.1941041	0.4197782
59	20	1.120904	0.1941041	0.4197782
59	21	1.120904	0.1941041	0.4197782
59	22	1.120904	0.1941041	0.4197782
59	23	1.120904	0.1941041	0.4197782
59	24	1.120904	0.1941041	0.4197782
60	1	1.120904	0.1941041	0.4197782
60	2	1.120904	0.1941041	0.4197782
60	3	1.120904	0.1941041	0.4197782
60	4	1.120904	0.1941041	0.4197782
60	5	1.120904	0.1941041	0.4197782
60	6	1.120904	0.1941041	0.4197782
60	7	1.120904	0.1941041	0.4197782
60	8	1.120904	0.1941041	0.4197782
60	9	1.120904	0.1941041	0.4197782
60	10	1.120904	0.1941041	0.4197782
60	11	1.120904	0.1941041	0.4197782
60	12	1.120904	0.1941041	0.4197782
60	13	1.120904	0.1941041	0.4197782
60	14	1.120904	0.1941041	0.4197782
60	15	1.120904	0.1941041	0.4197782
60	16	1.120904	0.1941041	0.4197782
60	17	1.120904	0.1941041	0.4197782
60	18	1.120904	0.1941041	0.4197782
60	19	1.120904	0.1941041	0.4197782
60	20	1.120904	0.1941041	0.4197782
60	21	1.120904	0.1941041	0.4197782
60	22	1.120904	0.1941041	0.4197782
60	23	1.120904	0.1941041	0.4197782
60	24	1.120904	0.1941041	0.4197782
61	1	1.120904	0.1941041	0.4197782
61	2	1.120904	0.1941041	0.4197782
61	3	1.120904	0.1941041	0.4197782
61	4	1.120904	0.1941041	0.4197782
61	5	1.120904	0.1941041	0.4197782
61	6	1.120904	0.1941041	0.4197782
61	7	1.120904	0.1941041	0.4197782
61	8	1.120904	0.1941041	0.4197782
61	9	1.120904	0.1941041	0.4197782
61	10	1.120904	0.1941041	0.4197782
61	11	1.120904	0.1941041	0.4197782
61	12	1.120904	0.1941041	0.4197782
61	13	1.120904	0.1941041	0.4197782
61	14	1.120904	0.1941041	0.4197782
61	15	1.120904	0.1941041	0.4197782
61	16	1.120904	0.1941041	0.4197782
61	17	1.120904	0.1941041	0.4197782
61	18	1.120904	0.1941041	0.4197782
61	19	1.120904	0.1941041	0.4197782
61	20	1.120904	0.1941041	0.4197782
61	21	1.120904	0.1941041	0.4197782
61	22	1.120904	0.1941041	0.4197782
61	23	1.120904	0.1941041	0.4197782
61	24	1.120904	0.1941041	0.4197782
62	7	-0.07154741	0.4599026	1.299823
62	8	-0.07154741	0.4599026	1.299823
62	9	-0.07154741	0.4599026	1.299823
62	10	-0.07154741	0.4599026	1.299823
62	11	-0.07154741	0.4599026	1.299823
62	12	-0.07154741	0.4599026	1.299823
62	13	-0.1635372	0.4950601	1.22251
62	14	-0.1635372	0.4950601	1.22251
62	15	1.313656	0.1422171	0.3659414
62	16	-0.01881909	0.5513535	0.2382041
62	17	0.3928712	0.4495331	0.03400433
62	18	0.3928712	0.4495331	0.03400433
62	19	0.3928712	0.4495331	0.03400433
62	20	0.2503736	0.4890181	0.06264612
62	21	0.5537792	0.4031899	0.01907117
62	22	0.3928712	0.4495331	0.03400433
62	23	0.3928712	0.4495331	0.03400433
62	24	0.2503736	0.4890181	0.06264612
63	1	-0.2709796	0.5166674	1.325008
63	2	-0.3319695	0.5295357	1.377218
63	3	-0.2709796	0.5166674	1.325008
63	4	-0.2709796	0.5166674	1.325008
63	5	-0.2709796	0.5166674	1.325008
63	6	-0.2709796	0.5166674	1.325008
63	7	0.8454868	0.2389591	0.786902
63	8	0.8454868	0.2389591	0.786902
63	9	0.8454868	0.2389591	0.786902
63	10	0.8454868	0.2389591	0.786902
63	11	0.8454868	0.2389591	0.786902
63	12	0.8454868	0.2389591	0.786902
63	13	1.004158	0.2612857	0.09807314
63	14	1.004158	0.2612857	0.09807314
63	15	1.349784	0.1483208	0.198993
63	16	0.6259771	0.3809503	0.0266982
63	17	0.612368	0.3858719	0.01803216
63	18	0.612368	0.3858719	0.01803216
63	19	0.612368	0.3858719	0.01803216
63	20	0.6093197	0.3863817	0.02196259
63	21	0.6444361	0.3769905	0.01154209
63	22	0.612368	0.3858719	0.01803216
63	23	0.612368	0.3858719	0.01803216
63	24	0.6093197	0.3863817	0.02196259
64	1	-0.2709796	0.5166674	1.325008
64	2	-0.3319695	0.5295357	1.377218
64	3	-0.2709796	0.5166674	1.325008
64	4	-0.2709796	0.5166674	1.325008
64	5	-0.2709796	0.5166674	1.325008
64	6	-0.2709796	0.5166674	1.325008
64	7	0.8454868	0.2389591	0.786902
64	8	0.8454868	0.2389591	0.786902
64	9	0.8454868	0.2389591	0.786902
64	10	0.8454868	0.2389591	0.786902
64	11	0.8454868	0.2389591	0.786902
64	12	0.8454868	0.2389591	0.786902
64	13	1.004158	0.2612857	0.09807314
64	14	1.004158	0.2612857	0.09807314
64	15	1.349784	0.1483208	0.198993
64	16	0.6259771	0.3809503	0.0266982
64	17	0.612368	0.3858719	0.01803216
64	18	0.612368	0.3858719	0.01803216
64	19	0.612368	0.3858719	0.01803216
64	20	0.6093197	0.3863817	0.02196259
64	21	0.6444361	0.3769905	0.01154209
64	22	0.612368	0.3858719	0.01803216
64	23	0.612368	0.3858719	0.01803216
64	24	0.6093197	0.3863817	0.02196259
65	1	-0.271688	0.5171475	1.322339
65	2	-0.332741	0.5301123	1.373778
65	3	-0.271688	0.5171475	1.322339
65	4	-0.271688	0.5171475	1.322339
65	5	-0.271688	0.5171475	1.322339
65	6	-0.271688	0.5171475	1.322339
65	7	0.8698337	0.2340669	0.763634
65	8	0.8698337	0.2340669	0.763634
65	9	0.8698337	0.2340669	0.763634
65	10	0.8698337	0.2340669	0.763634
65	11	0.8698337	0.2340669	0.763634
65	12	0.8698337	0.2340669	0.763634
65	13	1.007904	0.2600605	0.09917463
65	15	1.351024	0.1478047	0.2004528
65	16	0.6342859	0.3784600	0.02689084
65	17	0.6187613	0.3839635	0.01810284
65	18	0.6187613	0.3839635	0.01810284
65	19	0.6187613	0.3839635	0.01810284
65	20	0.616424	0.3842602	0.02205046
65	21	0.6501172	0.3752901	0.01165051
65	22	0.6187613	0.3839635	0.01810284
65	23	0.6187613	0.3839635	0.01810284
65	24	0.616424	0.3842602	0.02205046
66	1	-0.1807668	0.4742651	1.479352
66	2	-0.2509603	0.4872244	1.557781
66	3	-0.1807668	0.4742651	1.479352
66	4	-0.1807668	0.4742651	1.479352
66	5	-0.1807668	0.4742651	1.479352
66	6	-0.1807668	0.4742651	1.479352
66	7	0.2488820	0.370958	1.236963
66	8	0.2488820	0.370958	1.236963
66	9	0.2488820	0.370958	1.236963
66	10	0.2488820	0.370958	1.236963
66	11	0.2488820	0.370958	1.236963
66	12	0.2488820	0.370958	1.236963
66	13	1.132105	0.2242991	0.08755324
66	15	1.250260	0.1837546	0.1411441
66	16	0.8158272	0.3246924	0.02472697
66	17	0.4566252	0.4330926	0.009048542
66	18	0.4566252	0.4330926	0.009048542
66	19	0.4566252	0.4330926	0.009048542
66	20	0.4566252	0.4330926	0.009048542
66	21	0.4566252	0.4330926	0.009048542
66	22	0.4566252	0.4330926	0.009048542
66	23	0.4566252	0.4330926	0.009048542
66	24	0.4566252	0.4330926	0.009048542
67	1	-0.1864675	0.4753426	1.485474
67	2	-0.252833	0.486967	1.56585
67	3	-0.1864675	0.4753426	1.485474
67	4	-0.1864675	0.4753426	1.485474
67	5	-0.1864675	0.4753426	1.485474
67	6	-0.1864675	0.4753426	1.485474
67	7	0.1643489	0.3924176	1.273415
67	8	0.1643489	0.3924176	1.273415
67	9	0.1643489	0.3924176	1.273415
67	10	0.1643489	0.3924176	1.273415
67	11	0.1643489	0.3924176	1.273415
67	12	0.1643489	0.3924176	1.273415
67	13	1.200264	0.2016298	0.1113385
67	14	1.200264	0.2016298	0.1113385
67	15	1.144669	0.2192326	0.1007363
67	16	0.74191	0.3471897	0.01961230
67	17	0.4204116	0.4436149	0.01149376
67	18	0.4204116	0.4436149	0.01149376
67	19	0.4204116	0.4436149	0.01149376
67	20	0.4204116	0.4436149	0.01149376
67	21	0.4204116	0.4436149	0.01149376
67	22	0.4204116	0.4436149	0.01149376
67	23	0.4204116	0.4436149	0.01149376
67	24	0.4204116	0.4436149	0.01149376
68	1	-0.1864675	0.4753426	1.485474
68	2	-0.252833	0.486967	1.56585
68	3	-0.1864675	0.4753426	1.485474
68	4	-0.1864675	0.4753426	1.485474
68	5	-0.1864675	0.4753426	1.485474
68	6	-0.1864675	0.4753426	1.485474
68	7	0.1643489	0.3924176	1.273415
68	8	0.1643489	0.3924176	1.273415
68	9	0.1643489	0.3924176	1.273415
68	10	0.1643489	0.3924176	1.273415
68	11	0.1643489	0.3924176	1.273415
68	12	0.1643489	0.3924176	1.273415
68	13	1.200264	0.2016298	0.1113385
68	14	1.200264	0.2016298	0.1113385
68	15	1.144669	0.2192326	0.1007363
68	16	0.74191	0.3471897	0.01961230
68	17	0.4204116	0.4436149	0.01149376
68	18	0.4204116	0.4436149	0.01149376
68	19	0.4204116	0.4436149	0.01149376
68	20	0.4204116	0.4436149	0.01149376
68	21	0.4204116	0.4436149	0.01149376
68	22	0.4204116	0.4436149	0.01149376
68	23	0.4204116	0.4436149	0.01149376
68	24	0.4204116	0.4436149	0.01149376
69	1	-0.1864675	0.4753426	1.485474
69	2	-0.252833	0.486967	1.56585
69	3	-0.1864675	0.4753426	1.485474
69	4	-0.1864675	0.4753426	1.485474
69	5	-0.1864675	0.4753426	1.485474
69	6	-0.1864675	0.4753426	1.485474
69	7	0.1643489	0.3924176	1.273415
69	8	0.1643489	0.3924176	1.273415
69	9	0.1643489	0.3924176	1.273415
69	10	0.1643489	0.3924176	1.273415
69	11	0.1643489	0.3924176	1.273415
69	12	0.1643489	0.3924176	1.273415
69	13	1.200264	0.2016298	0.1113385
69	14	1.200264	0.2016298	0.1113385
69	15	1.144669	0.2192326	0.1007363
69	16	0.74191	0.3471897	0.01961230
69	17	0.4204116	0.4436149	0.01149376
69	18	0.4204116	0.4436149	0.01149376
69	19	0.4204116	0.4436149	0.01149376
69	20	0.4204116	0.4436149	0.01149376
69	21	0.4204116	0.4436149	0.01149376
69	22	0.4204116	0.4436149	0.01149376
69	23	0.4204116	0.4436149	0.01149376
69	24	0.4204116	0.4436149	0.01149376
70	1	-0.1864675	0.4753426	1.485474
70	2	-0.252833	0.486967	1.56585
70	3	-0.1864675	0.4753426	1.485474
70	4	-0.1864675	0.4753426	1.485474
70	5	-0.1864675	0.4753426	1.485474
70	6	-0.1864675	0.4753426	1.485474
70	7	0.1643489	0.3924176	1.273415
70	8	0.1643489	0.3924176	1.273415
70	9	0.1643489	0.3924176	1.273415
70	10	0.1643489	0.3924176	1.273415
70	11	0.1643489	0.3924176	1.273415
70	12	0.1643489	0.3924176	1.273415
70	13	1.200264	0.2016298	0.1113385
70	14	1.200264	0.2016298	0.1113385
70	15	1.144669	0.2192326	0.1007363
70	16	0.74191	0.3471897	0.01961230
70	17	0.4204116	0.4436149	0.01149376
70	18	0.4204116	0.4436149	0.01149376
70	19	0.4204116	0.4436149	0.01149376
70	20	0.4204116	0.4436149	0.01149376
70	21	0.4204116	0.4436149	0.01149376
70	22	0.4204116	0.4436149	0.01149376
70	23	0.4204116	0.4436149	0.01149376
70	24	0.4204116	0.4436149	0.01149376
71	1	-0.1565974	0.4664133	1.485935
71	2	-0.2201641	0.4769772	1.568574
71	3	-0.1565974	0.4664133	1.485935
71	4	-0.1565974	0.4664133	1.485935
71	5	-0.1565974	0.4664133	1.485935
71	6	-0.1565974	0.4664133	1.485935
71	7	0.1790728	0.3889522	1.264367
71	8	0.1790728	0.3889522	1.264367
71	9	0.1790728	0.3889522	1.264367
71	10	0.1790728	0.3889522	1.264367
71	11	0.1790728	0.3889522	1.264367
71	12	0.1790728	0.3889522	1.264367
71	13	1.218523	0.1960485	0.1128407
71	14	1.218523	0.1960485	0.1128407
71	16	0.7375162	0.3486160	0.01842696
71	17	0.4326889	0.4400859	0.01028490
71	18	0.4326889	0.4400859	0.01028490
71	19	0.4326889	0.4400859	0.01028490
71	20	0.4326889	0.4400859	0.01028490
71	21	0.4326889	0.4400859	0.01028490
71	22	0.4326889	0.4400859	0.01028490
71	23	0.4326889	0.4400859	0.01028490
71	24	0.4326889	0.4400859	0.01028490
72	1	-0.1565974	0.4664133	1.485935
72	2	-0.2201641	0.4769772	1.568574
72	3	-0.1565974	0.4664133	1.485935
72	4	-0.1565974	0.4664133	1.485935
72	5	-0.1565974	0.4664133	1.485935
72	6	-0.1565974	0.4664133	1.485935
72	7	0.1790728	0.3889522	1.264367
72	8	0.1790728	0.3889522	1.264367
72	9	0.1790728	0.3889522	1.264367
72	10	0.1790728	0.3889522	1.264367
72	11	0.1790728	0.3889522	1.264367
72	12	0.1790728	0.3889522	1.264367
72	13	1.218523	0.1960485	0.1128407
72	14	1.218523	0.1960485	0.1128407
72	16	0.7375162	0.3486160	0.01842696
72	17	0.4326889	0.4400859	0.01028490
72	18	0.4326889	0.4400859	0.01028490
72	19	0.4326889	0.4400859	0.01028490
72	20	0.4326889	0.4400859	0.01028490
72	21	0.4326889	0.4400859	0.01028490
72	22	0.4326889	0.4400859	0.01028490
72	23	0.4326889	0.4400859	0.01028490
72	24	0.4326889	0.4400859	0.01028490
73	1	-0.1638210	0.4686002	1.485551
73	2	-0.2284818	0.4796367	1.566731
73	3	-0.1638210	0.4686002	1.485551
73	4	-0.1638210	0.4686002	1.485551
73	5	-0.1638210	0.4686002	1.485551
73	6	-0.1638210	0.4686002	1.485551
73	7	0.1801197	0.3884789	1.265972
73	8	0.1801197	0.3884789	1.265972
73	9	0.1801197	0.3884789	1.265972
73	10	0.1801197	0.3884789	1.265972
73	11	0.1801197	0.3884789	1.265972
73	12	0.1801197	0.3884789	1.265972
73	13	1.238241	0.1890981	0.1236107
73	14	1.238241	0.1890981	0.1236107
73	16	0.4605818	0.4318957	0.009249284
73	17	0.4605818	0.4318957	0.009249284
73	18	0.4605818	0.4318957	0.009249284
73	19	0.4605818	0.4318957	0.009249284
73	20	0.4605818	0.4318957	0.009249284
73	21	0.4605818	0.4318957	0.009249284
73	22	0.4605818	0.4318957	0.009249284
73	23	0.4605818	0.4318957	0.009249284
73	24	0.4605818	0.4318957	0.009249284
74	1	-0.2964329	0.5479785	1.089737
74	2	-0.3415621	0.5560022	1.143216
74	3	-0.2964329	0.5479785	1.089737
74	4	-0.2964329	0.5479785	1.089737
74	5	-0.2964329	0.5479785	1.089737
74	6	-0.2964329	0.5479785	1.089737
74	7	1.001569	0.2630204	0.08851236
74	8	1.001569	0.2630204	0.08851236
74	9	1.001569	0.2630204	0.08851236
74	10	1.001569	0.2630204	0.08851236
74	11	1.001569	0.2630204	0.08851236
74	12	1.001569	0.2630204	0.08851236
74	13	1.124553	0.2302617	0.05072048
74	14	1.124553	0.2302617	0.05072048
75	1	0.02784429	0.4272397	1.330604
75	2	0.01679917	0.4279162	1.356449
75	3	0.02784427	0.4272397	1.330604
75	4	0.02784427	0.4272397	1.330604
75	5	0.02784428	0.4272397	1.330604
75	6	0.02784427	0.4272397	1.330604
75	7	0.02784427	0.4272397	1.330604
75	8	0.02784428	0.4272397	1.330604
75	9	0.02784429	0.4272397	1.330604
75	10	0.02784428	0.4272397	1.330604
75	11	0.5359235	0.4084425	0.01963828
75	12	0.5359235	0.4084425	0.01963828
75	13	0.5410999	0.4105371	-0.01637214
75	14	0.5410999	0.4105371	-0.01637214
76	1	0.02784429	0.4272397	1.330604
76	2	0.01679917	0.4279162	1.356449
76	3	0.02784427	0.4272397	1.330604
76	4	0.02784427	0.4272397	1.330604
76	5	0.02784428	0.4272397	1.330604
76	6	0.02784427	0.4272397	1.330604
76	7	0.02784427	0.4272397	1.330604
76	8	0.02784428	0.4272397	1.330604
76	9	0.02784429	0.4272397	1.330604
76	10	0.02784428	0.4272397	1.330604
76	11	0.5359235	0.4084425	0.01963828
76	12	0.5359235	0.4084425	0.01963828
76	13	0.5410999	0.4105371	-0.01637214
76	14	0.5410999	0.4105371	-0.01637214
77	1	0.02784429	0.4272397	1.330604
77	2	0.01679917	0.4279162	1.356449
77	3	0.02784427	0.4272397	1.330604
77	4	0.02784427	0.4272397	1.330604
77	5	0.02784428	0.4272397	1.330604
77	6	0.02784427	0.4272397	1.330604
77	7	0.02784427	0.4272397	1.330604
77	8	0.02784428	0.4272397	1.330604
77	9	0.02784429	0.4272397	1.330604
77	10	0.02784428	0.4272397	1.330604
77	11	0.5359235	0.4084425	0.01963828
77	12	0.5359235	0.4084425	0.01963828
77	13	0.5410999	0.4105371	-0.01637214
77	14	0.5410999	0.4105371	-0.01637214
78	1	-0.09993185	0.4477287	1.504106
78	2	-0.1129752	0.4487789	1.532136
78	3	-0.09993184	0.4477287	1.504106
78	4	-0.09993185	0.4477287	1.504106
78	5	-0.09993185	0.4477287	1.504106
78	6	-0.09993184	0.4477287	1.504106
78	7	-0.09993184	0.4477287	1.504106
78	8	-0.09993185	0.4477287	1.504106
78	9	-0.09993184	0.4477287	1.504106
78	10	-0.09993183	0.4477287	1.504106
78	11	-0.001118076	0.4397879	1.291605
78	12	-0.001118073	0.4397879	1.291605
78	13	0.5888955	0.3943726	0.002963849
78	14	0.5888955	0.3943726	0.002963850
78	15	0.5888955	0.3943726	0.002963849
78	16	0.5888955	0.3943726	0.002963849
78	17	0.5888955	0.3943726	0.002963849
78	18	0.5888955	0.3943726	0.002963849
78	19	0.5888955	0.3943726	0.002963849
78	20	0.5888955	0.3943726	0.002963849
78	21	0.5888955	0.3943726	0.002963849
78	22	0.5888955	0.3943726	0.002963849
78	23	0.5888955	0.3943726	0.002963849
78	24	0.5888955	0.3943726	0.002963849
79	11	1.120904	0.1941041	0.4197782
79	12	1.120904	0.1941041	0.4197782
80	1	0.1881666	0.3893991	1.233140
80	2	0.1806821	0.3892138	1.257032
80	3	0.1881667	0.3893991	1.233140
80	4	0.1881666	0.3893991	1.233140
80	5	0.1881666	0.3893991	1.233140
80	6	0.1881666	0.3893991	1.233140
80	7	0.1881666	0.3893991	1.233140
80	8	0.1881666	0.3893991	1.233140
80	9	0.1881666	0.3893991	1.233140
80	10	0.1881666	0.3893991	1.233140
80	11	0.4196508	0.4435852	0.01403002
80	12	0.4196508	0.4435852	0.01403002
81	1	0.1881666	0.3893991	1.233140
81	2	0.1806821	0.3892138	1.257032
81	3	0.1881667	0.3893991	1.233140
81	4	0.1881666	0.3893991	1.233140
81	5	0.1881666	0.3893991	1.233140
81	6	0.1881666	0.3893991	1.233140
81	7	0.1881666	0.3893991	1.233140
81	8	0.1881666	0.3893991	1.233140
81	9	0.1881666	0.3893991	1.233140
81	10	0.1881666	0.3893991	1.233140
81	11	0.4196508	0.4435852	0.01403002
81	12	0.4196508	0.4435852	0.01403002
82	1	0.1881666	0.3893991	1.233140
82	2	0.1806821	0.3892138	1.257032
82	3	0.1881667	0.3893991	1.233140
82	4	0.1881666	0.3893991	1.233140
82	5	0.1881666	0.3893991	1.233140
82	6	0.1881666	0.3893991	1.233140
82	7	0.1881666	0.3893991	1.233140
82	8	0.1881666	0.3893991	1.233140
82	9	0.1881666	0.3893991	1.233140
82	10	0.1881666	0.3893991	1.233140
82	11	0.4196508	0.4435852	0.01403002
82	12	0.4196508	0.4435852	0.01403002
83	1	0.1330667	0.3949802	1.340205
83	2	0.3194472	0.3475932	1.260551
83	3	0.1330667	0.3949802	1.340205
83	4	0.1330667	0.3949802	1.340205
83	5	0.1330667	0.3949802	1.340205
83	6	0.1330667	0.3949802	1.340205
83	7	0.1330667	0.3949802	1.340205
83	8	0.1330667	0.3949802	1.340205
83	9	0.1330667	0.3949802	1.340205
83	10	0.1330667	0.3949802	1.340205
83	11	-0.2845438	0.5813855	0.7236535
83	12	-0.2845438	0.5813855	0.7236535
83	13	0.586012	0.3937428	0.01770225
83	14	0.586012	0.3937428	0.01770225
83	15	0.586012	0.3937428	0.01770225
83	16	0.586012	0.3937428	0.01770225
83	17	0.586012	0.3937428	0.01770225
83	18	0.586012	0.3937428	0.01770225
83	19	0.586012	0.3937428	0.01770225
83	20	0.586012	0.3937428	0.01770225
83	21	0.586012	0.3937428	0.01770225
83	22	0.586012	0.3937428	0.01770225
83	23	0.586012	0.3937428	0.01770225
83	24	0.586012	0.3937428	0.01770225
84	1	0.1330667	0.3949802	1.340205
84	2	0.3194472	0.3475932	1.260551
84	3	0.1330667	0.3949802	1.340205
84	4	0.1330667	0.3949802	1.340205
84	5	0.1330667	0.3949802	1.340205
84	6	0.1330667	0.3949802	1.340205
84	7	0.1330667	0.3949802	1.340205
84	8	0.1330667	0.3949802	1.340205
84	9	0.1330667	0.3949802	1.340205
84	10	0.1330667	0.3949802	1.340205
84	11	-0.2845438	0.5813855	0.7236535
84	12	-0.2845438	0.5813855	0.7236535
84	13	0.586012	0.3937428	0.01770225
84	14	0.586012	0.3937428	0.01770225
84	15	0.586012	0.3937428	0.01770225
84	16	0.586012	0.3937428	0.01770225
84	17	0.586012	0.3937428	0.01770225
84	18	0.586012	0.3937428	0.01770225
84	19	0.586012	0.3937428	0.01770225
84	20	0.586012	0.3937428	0.01770225
84	21	0.586012	0.3937428	0.01770225
84	22	0.586012	0.3937428	0.01770225
84	23	0.586012	0.3937428	0.01770225
84	24	0.586012	0.3937428	0.01770225
85	1	0.1330667	0.3949802	1.340205
85	2	0.3194472	0.3475932	1.260551
85	3	0.1330667	0.3949802	1.340205
85	4	0.1330667	0.3949802	1.340205
85	5	0.1330667	0.3949802	1.340205
85	6	0.1330667	0.3949802	1.340205
85	7	0.1330667	0.3949802	1.340205
85	8	0.1330667	0.3949802	1.340205
85	9	0.1330667	0.3949802	1.340205
85	10	0.1330667	0.3949802	1.340205
85	11	-0.2845438	0.5813855	0.7236535
85	12	-0.2845438	0.5813855	0.7236535
85	13	0.586012	0.3937428	0.01770225
85	14	0.586012	0.3937428	0.01770225
85	15	0.586012	0.3937428	0.01770225
85	16	0.586012	0.3937428	0.01770225
85	17	0.586012	0.3937428	0.01770225
85	18	0.586012	0.3937428	0.01770225
85	19	0.586012	0.3937428	0.01770225
85	20	0.586012	0.3937428	0.01770225
85	21	0.586012	0.3937428	0.01770225
85	22	0.586012	0.3937428	0.01770225
85	23	0.586012	0.3937428	0.01770225
85	24	0.586012	0.3937428	0.01770225
86	1	-0.03552471	0.4425525	1.365600
86	2	-0.03552477	0.4425526	1.365600
86	3	-0.03552471	0.4425525	1.365600
86	4	-0.03552472	0.4425526	1.365600
86	5	-0.03552472	0.4425526	1.365600
86	6	-0.03552472	0.4425526	1.365600
86	7	-0.03552472	0.4425526	1.365600
86	8	-0.03552472	0.4425526	1.365600
86	9	-0.03552472	0.4425526	1.365600
86	10	-0.03552473	0.4425526	1.365600
86	11	-0.03552473	0.4425526	1.365600
86	12	-0.03552473	0.4425526	1.365600
86	13	0.5830679	0.3947134	0.01675982
86	14	0.5830679	0.3947134	0.01675982
86	15	0.5830679	0.3947134	0.01675982
86	16	0.5830679	0.3947134	0.01675982
86	17	0.5830679	0.3947134	0.01675982
86	18	0.5830679	0.3947134	0.01675982
86	19	0.5830679	0.3947134	0.01675982
86	20	0.5830679	0.3947134	0.01675982
86	21	0.5830679	0.3947134	0.01675982
86	22	0.5830679	0.3947134	0.01675982
86	23	0.5830679	0.3947134	0.01675982
86	24	0.5830679	0.3947134	0.01675982
87	1	-0.03552471	0.4425525	1.365600
87	2	-0.03552477	0.4425526	1.365600
87	3	-0.03552471	0.4425525	1.365600
87	4	-0.03552472	0.4425526	1.365600
87	5	-0.03552472	0.4425526	1.365600
87	6	-0.03552472	0.4425526	1.365600
87	7	-0.03552472	0.4425526	1.365600
87	8	-0.03552472	0.4425526	1.365600
87	9	-0.03552472	0.4425526	1.365600
87	10	-0.03552473	0.4425526	1.365600
87	11	-0.03552473	0.4425526	1.365600
87	12	-0.03552473	0.4425526	1.365600
87	13	0.5830679	0.3947134	0.01675982
87	14	0.5830679	0.3947134	0.01675982
87	15	0.5830679	0.3947134	0.01675982
87	16	0.5830679	0.3947134	0.01675982
87	17	0.5830679	0.3947134	0.01675982
87	18	0.5830679	0.3947134	0.01675982
87	19	0.5830679	0.3947134	0.01675982
87	20	0.5830679	0.3947134	0.01675982
87	21	0.5830679	0.3947134	0.01675982
87	22	0.5830679	0.3947134	0.01675982
87	23	0.5830679	0.3947134	0.01675982
87	24	0.5830679	0.3947134	0.01675982
88	1	-0.03552471	0.4425525	1.365600
88	2	-0.03552477	0.4425526	1.365600
88	3	-0.03552471	0.4425525	1.365600
88	4	-0.03552472	0.4425526	1.365600
88	5	-0.03552472	0.4425526	1.365600
88	6	-0.03552472	0.4425526	1.365600
88	7	-0.03552472	0.4425526	1.365600
88	8	-0.03552472	0.4425526	1.365600
88	9	-0.03552472	0.4425526	1.365600
88	10	-0.03552473	0.4425526	1.365600
88	11	-0.03552473	0.4425526	1.365600
88	12	-0.03552473	0.4425526	1.365600
88	13	0.5830679	0.3947134	0.01675982
88	14	0.5830679	0.3947134	0.01675982
88	15	0.5830679	0.3947134	0.01675982
88	16	0.5830679	0.3947134	0.01675982
88	17	0.5830679	0.3947134	0.01675982
88	18	0.5830679	0.3947134	0.01675982
88	19	0.5830679	0.3947134	0.01675982
88	20	0.5830679	0.3947134	0.01675982
88	21	0.5830679	0.3947134	0.01675982
88	22	0.5830679	0.3947134	0.01675982
88	23	0.5830679	0.3947134	0.01675982
88	24	0.5830679	0.3947134	0.01675982
89	1	-0.03552471	0.4425525	1.365600
89	2	-0.03552477	0.4425526	1.365600
89	3	-0.03552471	0.4425525	1.365600
89	4	-0.03552472	0.4425526	1.365600
89	5	-0.03552472	0.4425526	1.365600
89	6	-0.03552472	0.4425526	1.365600
89	7	-0.03552472	0.4425526	1.365600
89	8	-0.03552472	0.4425526	1.365600
89	9	-0.03552472	0.4425526	1.365600
89	10	-0.03552473	0.4425526	1.365600
89	11	-0.03552473	0.4425526	1.365600
89	12	-0.03552473	0.4425526	1.365600
89	13	0.5830679	0.3947134	0.01675982
89	14	0.5830679	0.3947134	0.01675982
89	15	0.5830679	0.3947134	0.01675982
89	16	0.5830679	0.3947134	0.01675982
89	17	0.5830679	0.3947134	0.01675982
89	18	0.5830679	0.3947134	0.01675982
89	19	0.5830679	0.3947134	0.01675982
89	20	0.5830679	0.3947134	0.01675982
89	21	0.5830679	0.3947134	0.01675982
89	22	0.5830679	0.3947134	0.01675982
89	23	0.5830679	0.3947134	0.01675982
89	24	0.5830679	0.3947134	0.01675982
90	1	1.120904	0.1941041	0.4197782
90	2	1.120904	0.1941041	0.4197782
90	3	1.120904	0.1941041	0.4197782
90	4	1.120904	0.1941041	0.4197782
90	5	1.120904	0.1941041	0.4197782
90	6	1.120904	0.1941041	0.4197782
90	7	1.120904	0.1941041	0.4197782
90	8	1.120904	0.1941041	0.4197782
90	9	1.120904	0.1941041	0.4197782
90	10	1.120904	0.1941041	0.4197782
90	11	1.120904	0.1941041	0.4197782
90	12	1.120904	0.1941041	0.4197782
90	13	1.120904	0.1941041	0.4197782
90	14	1.120904	0.1941041	0.4197782
90	15	1.120904	0.1941041	0.4197782
90	16	1.120904	0.1941041	0.4197782
90	17	1.120904	0.1941041	0.4197782
90	18	1.120904	0.1941041	0.4197782
90	19	1.120904	0.1941041	0.4197782
90	20	1.120904	0.1941041	0.4197782
90	21	1.120904	0.1941041	0.4197782
90	22	1.120904	0.1941041	0.4197782
90	23	1.120904	0.1941041	0.4197782
90	24	1.120904	0.1941041	0.4197782
91	1	1.120904	0.1941041	0.4197782
91	2	1.120904	0.1941041	0.4197782
91	3	1.120904	0.1941041	0.4197782
91	4	1.120904	0.1941041	0.4197782
91	5	1.120904	0.1941041	0.4197782
91	6	1.120904	0.1941041	0.4197782
91	7	1.120904	0.1941041	0.4197782
91	8	1.120904	0.1941041	0.4197782
91	9	1.120904	0.1941041	0.4197782
91	10	1.120904	0.1941041	0.4197782
91	11	1.120904	0.1941041	0.4197782
91	12	1.120904	0.1941041	0.4197782
91	13	1.120904	0.1941041	0.4197782
91	14	1.120904	0.1941041	0.4197782
91	15	1.120904	0.1941041	0.4197782
91	16	1.120904	0.1941041	0.4197782
91	17	1.120904	0.1941041	0.4197782
91	18	1.120904	0.1941041	0.4197782
91	19	1.120904	0.1941041	0.4197782
91	20	1.120904	0.1941041	0.4197782
91	21	1.120904	0.1941041	0.4197782
91	22	1.120904	0.1941041	0.4197782
91	23	1.120904	0.1941041	0.4197782
91	24	1.120904	0.1941041	0.4197782
92	1	1.120904	0.1941041	0.4197782
92	2	1.120904	0.1941041	0.4197782
92	3	1.120904	0.1941041	0.4197782
92	4	1.120904	0.1941041	0.4197782
92	5	1.120904	0.1941041	0.4197782
92	6	1.120904	0.1941041	0.4197782
92	7	1.120904	0.1941041	0.4197782
92	8	1.120904	0.1941041	0.4197782
92	9	1.120904	0.1941041	0.4197782
92	10	1.120904	0.1941041	0.4197782
92	11	1.120904	0.1941041	0.4197782
92	12	1.120904	0.1941041	0.4197782
92	13	1.120904	0.1941041	0.4197782
92	14	1.120904	0.1941041	0.4197782
92	15	1.120904	0.1941041	0.4197782
92	16	1.120904	0.1941041	0.4197782
92	17	1.120904	0.1941041	0.4197782
92	18	1.120904	0.1941041	0.4197782
92	19	1.120904	0.1941041	0.4197782
92	20	1.120904	0.1941041	0.4197782
92	21	1.120904	0.1941041	0.4197782
92	22	1.120904	0.1941041	0.4197782
92	23	1.120904	0.1941041	0.4197782
92	24	1.120904	0.1941041	0.4197782
93	1	1.120904	0.1941041	0.4197782
93	2	1.120904	0.1941041	0.4197782
93	3	1.120904	0.1941041	0.4197782
93	4	1.120904	0.1941041	0.4197782
93	5	1.120904	0.1941041	0.4197782
93	6	1.120904	0.1941041	0.4197782
93	7	1.120904	0.1941041	0.4197782
93	8	1.120904	0.1941041	0.4197782
93	9	1.120904	0.1941041	0.4197782
93	10	1.120904	0.1941041	0.4197782
93	11	1.120904	0.1941041	0.4197782
93	12	1.120904	0.1941041	0.4197782
93	13	1.120904	0.1941041	0.4197782
93	14	1.120904	0.1941041	0.4197782
93	15	1.120904	0.1941041	0.4197782
93	16	1.120904	0.1941041	0.4197782
93	17	1.120904	0.1941041	0.4197782
93	18	1.120904	0.1941041	0.4197782
93	19	1.120904	0.1941041	0.4197782
93	20	1.120904	0.1941041	0.4197782
93	21	1.120904	0.1941041	0.4197782
93	22	1.120904	0.1941041	0.4197782
93	23	1.120904	0.1941041	0.4197782
93	24	1.120904	0.1941041	0.4197782
94	1	1.120904	0.1941041	0.4197782
94	2	1.120904	0.1941041	0.4197782
94	3	1.120904	0.1941041	0.4197782
94	4	1.120904	0.1941041	0.4197782
94	5	1.120904	0.1941041	0.4197782
94	6	1.120904	0.1941041	0.4197782
94	7	1.120904	0.1941041	0.4197782
94	8	1.120904	0.1941041	0.4197782
94	9	1.120904	0.1941041	0.4197782
94	10	1.120904	0.1941041	0.4197782
94	11	1.120904	0.1941041	0.4197782
94	12	1.120904	0.1941041	0.4197782
94	13	1.120904	0.1941041	0.4197782
94	14	1.120904	0.1941041	0.4197782
94	15	1.120904	0.1941041	0.4197782
94	16	1.120904	0.1941041	0.4197782
94	17	1.120904	0.1941041	0.4197782
94	18	1.120904	0.1941041	0.4197782
94	19	1.120904	0.1941041	0.4197782
94	20	1.120904	0.1941041	0.4197782
94	21	1.120904	0.1941041	0.4197782
94	22	1.120904	0.1941041	0.4197782
94	23	1.120904	0.1941041	0.4197782
94	24	1.120904	0.1941041	0.4197782
95	1	1.120904	0.1941041	0.4197782
95	2	1.120904	0.1941041	0.4197782
95	3	1.120904	0.1941041	0.4197782
95	4	1.120904	0.1941041	0.4197782
95	5	1.120904	0.1941041	0.4197782
95	6	1.120904	0.1941041	0.4197782
95	7	1.120904	0.1941041	0.4197782
95	8	1.120904	0.1941041	0.4197782
95	9	1.120904	0.1941041	0.4197782
95	10	1.120904	0.1941041	0.4197782
95	11	1.120904	0.1941041	0.4197782
95	12	1.120904	0.1941041	0.4197782
95	13	1.120904	0.1941041	0.4197782
95	14	1.120904	0.1941041	0.4197782
95	15	1.120904	0.1941041	0.4197782
95	16	1.120904	0.1941041	0.4197782
95	17	1.120904	0.1941041	0.4197782
95	18	1.120904	0.1941041	0.4197782
95	19	1.120904	0.1941041	0.4197782
95	20	1.120904	0.1941041	0.4197782
95	21	1.120904	0.1941041	0.4197782
95	22	1.120904	0.1941041	0.4197782
95	23	1.120904	0.1941041	0.4197782
95	24	1.120904	0.1941041	0.4197782
96	1	-0.03552471	0.4425525	1.365600
96	2	-0.03552477	0.4425526	1.365600
96	3	-0.03552471	0.4425525	1.365600
96	4	-0.03552472	0.4425526	1.365600
96	5	-0.03552472	0.4425526	1.365600
96	6	-0.03552472	0.4425526	1.365600
96	7	-0.03552472	0.4425526	1.365600
96	8	-0.03552472	0.4425526	1.365600
96	9	-0.03552472	0.4425526	1.365600
96	10	-0.03552473	0.4425526	1.365600
96	11	-0.03552473	0.4425526	1.365600
96	12	-0.03552473	0.4425526	1.365600
96	13	0.5830679	0.3947134	0.01675982
96	14	0.5830679	0.3947134	0.01675982
96	15	0.5830679	0.3947134	0.01675982
96	16	0.5830679	0.3947134	0.01675982
96	17	0.5830679	0.3947134	0.01675982
96	18	0.5830679	0.3947134	0.01675982
96	19	0.5830679	0.3947134	0.01675982
96	20	0.5830679	0.3947134	0.01675982
96	21	0.5830679	0.3947134	0.01675982
96	22	0.5830679	0.3947134	0.01675982
96	23	0.5830679	0.3947134	0.01675982
96	24	0.5830679	0.3947134	0.01675982
97	1	0.6625907	0.2676373	1.041682
97	2	-0.2785322	0.5297999	1.217128
97	3	0.6625907	0.2676373	1.041682
97	4	0.6625907	0.2676373	1.041682
97	5	0.6625907	0.2676373	1.041682
97	6	0.6625907	0.2676373	1.041682
97	7	-0.2785322	0.5297999	1.217128
97	8	-0.2785322	0.5297999	1.217128
97	9	-0.2785322	0.5297999	1.217128
97	10	-0.2785322	0.5297999	1.217128
97	11	-0.2785322	0.5297999	1.217128
97	12	-0.2785322	0.5297999	1.217128
97	13	0.5669869	0.3993932	0.01777326
97	14	0.5669869	0.3993932	0.01777326
97	15	0.5669869	0.3993932	0.01777326
97	16	0.5669869	0.3993932	0.01777326
97	17	0.5669869	0.3993932	0.01777326
97	18	0.5669869	0.3993932	0.01777326
97	19	0.5669869	0.3993932	0.01777326
97	20	0.5669869	0.3993932	0.01777326
97	21	0.5669869	0.3993932	0.01777326
97	22	0.5669869	0.3993932	0.01777326
97	23	0.5669869	0.3993932	0.01777326
97	24	0.5669869	0.3993932	0.01777326
98	1	0.6625907	0.2676373	1.041682
98	2	-0.2785322	0.5297999	1.217128
98	3	0.6625907	0.2676373	1.041682
98	4	0.6625907	0.2676373	1.041682
98	5	0.6625907	0.2676373	1.041682
98	6	0.6625907	0.2676373	1.041682
98	7	-0.2785322	0.5297999	1.217128
98	8	-0.2785322	0.5297999	1.217128
98	9	-0.2785322	0.5297999	1.217128
98	10	-0.2785322	0.5297999	1.217128
98	11	-0.2785322	0.5297999	1.217128
98	12	-0.2785322	0.5297999	1.217128
98	13	0.5669869	0.3993932	0.01777326
98	14	0.5669869	0.3993932	0.01777326
98	15	0.5669869	0.3993932	0.01777326
98	16	0.5669869	0.3993932	0.01777326
98	17	0.5669869	0.3993932	0.01777326
98	18	0.5669869	0.3993932	0.01777326
98	19	0.5669869	0.3993932	0.01777326
98	20	0.5669869	0.3993932	0.01777326
98	21	0.5669869	0.3993932	0.01777326
98	22	0.5669869	0.3993932	0.01777326
98	23	0.5669869	0.3993932	0.01777326
98	24	0.5669869	0.3993932	0.01777326
99	1	0.8022055	0.3278042	0.03403130
99	2	-0.1806693	0.4975352	1.248468
99	3	0.8022055	0.3278042	0.03403131
99	4	0.8022055	0.3278042	0.03403131
99	5	0.8022055	0.3278042	0.03403131
99	6	0.8022055	0.3278042	0.03403131
99	7	-0.1806693	0.4975352	1.248468
99	8	-0.1806693	0.4975352	1.248468
99	9	-0.1806693	0.4975352	1.248468
99	10	-0.1806693	0.4975352	1.248468
99	11	-0.1806693	0.4975352	1.248468
99	12	-0.1806693	0.4975352	1.248468
100	7	1.120904	0.1941041	0.4197782
100	8	1.120904	0.1941041	0.4197782
100	9	1.120904	0.1941041	0.4197782
100	10	1.120904	0.1941041	0.4197782
100	11	1.120904	0.1941041	0.4197782
100	12	1.120904	0.1941041	0.4197782
101	2	0.3024345	0.4772452	0.02589449
101	7	0.602482	0.2901622	0.9956036
101	8	0.602482	0.2901622	0.9956036
101	9	0.602482	0.2901622	0.9956036
101	10	0.602482	0.2901622	0.9956036
101	11	-0.04763425	0.4561658	1.266384
101	12	-0.04763425	0.4561658	1.266384
102	1	0.91855	0.2897110	0.06866642
102	2	0.91855	0.2897110	0.06866642
102	3	0.91855	0.2897110	0.06866642
102	4	0.91855	0.2897110	0.06866642
102	5	0.91855	0.2897110	0.06866642
102	6	0.91855	0.2897110	0.06866642
102	7	-0.2312626	0.5068166	1.305585
102	8	-0.2312626	0.5068166	1.305585
102	9	-0.2312626	0.5068166	1.305585
102	10	-0.2312626	0.5068166	1.305585
102	11	-0.31078	0.5735678	0.8784375
102	12	-0.31078	0.5735678	0.8784375
102	13	0.9547088	0.2787696	0.07053628
102	14	0.9547088	0.2787696	0.07053628
102	15	0.91855	0.2897110	0.06866642
102	16	0.9547088	0.2787696	0.07053628
102	17	0.9547088	0.2787696	0.07053628
102	18	0.9547088	0.2787696	0.07053628
102	19	0.9547088	0.2787696	0.07053628
102	20	0.9547088	0.2787696	0.07053628
102	21	0.9547088	0.2787696	0.07053628
102	22	0.9547088	0.2787696	0.07053628
102	23	0.9547088	0.2787696	0.07053628
102	24	0.9547088	0.2787696	0.07053628
103	1	0.948319	0.2798488	0.07867195
103	2	0.9483189	0.2798488	0.07867192
103	3	0.948319	0.2798488	0.07867195
103	4	0.948319	0.2798488	0.07867195
103	5	0.948319	0.2798488	0.07867195
103	6	0.948319	0.2798488	0.07867195
103	7	-0.2549593	0.5340512	1.105533
103	8	-0.2549593	0.5340512	1.105533
103	9	-0.2549593	0.5340512	1.105533
103	10	-0.2549593	0.5340512	1.105533
103	11	-0.3158503	0.5443557	1.182858
103	12	-0.3158503	0.5443557	1.182858
103	13	0.948319	0.2798488	0.07867195
103	14	0.948319	0.2798488	0.07867195
103	15	0.948319	0.2798488	0.07867195
103	16	0.95937	0.2769932	0.07440371
103	17	0.95937	0.2769932	0.07440371
103	18	0.95937	0.2769932	0.07440371
103	19	0.95937	0.2769932	0.07440371
103	20	0.95937	0.2769932	0.07440371
103	21	0.95937	0.2769932	0.07440371
103	22	0.95937	0.2769932	0.07440371
103	23	0.95937	0.2769932	0.07440371
103	24	0.95937	0.2769932	0.07440371
104	1	0.955807	0.277145	0.0833992
104	2	0.955807	0.277145	0.0833992
104	3	0.955807	0.277145	0.0833992
104	4	0.955807	0.277145	0.0833992
104	5	0.955807	0.277145	0.0833992
104	6	0.955807	0.277145	0.0833992
104	7	0.0569582	0.4196116	1.320400
104	8	0.0569582	0.4196116	1.320400
104	9	0.0569582	0.4196116	1.320400
104	10	0.0569582	0.4196116	1.320400
104	11	-0.2418978	0.5852747	0.5594422
104	12	-0.2418978	0.5852747	0.5594422
104	13	0.955807	0.277145	0.0833992
104	14	0.955807	0.277145	0.0833992
104	15	0.955807	0.277145	0.0833992
104	16	0.9881644	0.2674630	0.08399003
104	17	0.9881644	0.2674630	0.08399003
104	18	0.9881644	0.2674630	0.08399003
104	19	0.9881644	0.2674630	0.08399003
104	20	0.9881644	0.2674630	0.08399003
104	21	0.9881644	0.2674630	0.08399003
104	22	0.9881644	0.2674630	0.08399003
104	23	0.9881644	0.2674630	0.08399003
104	24	0.9881644	0.2674630	0.08399003
105	1	-0.1113532	0.5626831	0.3986175
105	2	-0.1113532	0.5626831	0.3986175
105	3	-0.1113532	0.5626831	0.3986175
105	4	-0.1113532	0.5626831	0.3986175
105	5	-0.1113532	0.5626831	0.3986175
105	6	-0.1113532	0.5626831	0.3986175
105	7	-0.1113532	0.5626831	0.3986175
105	8	-0.1113532	0.5626831	0.3986175
105	9	-0.1113532	0.5626831	0.3986175
105	10	-0.1113532	0.5626831	0.3986175
105	11	1.263139	0.1515606	0.4222201
105	12	1.263139	0.1515606	0.4222201
105	13	-0.1113531	0.5626831	0.3986173
105	14	-0.1113531	0.5626831	0.3986173
105	15	-0.1113531	0.5626831	0.3986173
105	16	-0.1206702	0.56547	0.3984575
105	17	-0.1206702	0.56547	0.3984575
105	18	-0.1206702	0.56547	0.3984575
105	19	-0.1206702	0.56547	0.3984575
105	20	-0.1206702	0.56547	0.3984575
105	21	-0.1206702	0.56547	0.3984575
105	22	-0.1206702	0.56547	0.3984575
105	23	-0.1206702	0.56547	0.3984575
105	24	-0.1206702	0.56547	0.3984575
106	1	-0.1113532	0.5626831	0.3986175
106	2	-0.1113532	0.5626831	0.3986175
106	3	-0.1113532	0.5626831	0.3986175
106	4	-0.1113532	0.5626831	0.3986175
106	5	-0.1113532	0.5626831	0.3986175
106	6	-0.1113532	0.5626831	0.3986175
106	7	-0.1113532	0.5626831	0.3986175
106	8	-0.1113532	0.5626831	0.3986175
106	9	-0.1113532	0.5626831	0.3986175
106	10	-0.1113532	0.5626831	0.3986175
106	11	1.263139	0.1515606	0.4222201
106	12	1.263139	0.1515606	0.4222201
106	13	-0.1113531	0.5626831	0.3986173
106	14	-0.1113531	0.5626831	0.3986173
106	15	-0.1113531	0.5626831	0.3986173
106	16	-0.1206702	0.56547	0.3984575
106	17	-0.1206702	0.56547	0.3984575
106	18	-0.1206702	0.56547	0.3984575
106	19	-0.1206702	0.56547	0.3984575
106	20	-0.1206702	0.56547	0.3984575
106	21	-0.1206702	0.56547	0.3984575
106	22	-0.1206702	0.56547	0.3984575
106	23	-0.1206702	0.56547	0.3984575
106	24	-0.1206702	0.56547	0.3984575
107	1	-0.1118786	0.5628403	0.3986085
107	2	-0.1118786	0.5628403	0.3986086
107	3	-0.1118786	0.5628403	0.3986085
107	4	-0.1118786	0.5628403	0.3986085
107	5	-0.1118786	0.5628403	0.3986085
107	6	-0.1118786	0.5628403	0.3986085
107	7	-0.1118786	0.5628403	0.3986085
107	8	-0.1118786	0.5628403	0.3986085
107	9	-0.1118786	0.5628403	0.3986085
107	10	-0.1118786	0.5628403	0.3986085
107	11	1.262078	0.1518777	0.4222019
107	12	1.262078	0.1518777	0.4222019
107	13	-0.1118786	0.5628403	0.3986086
107	14	-0.1118786	0.5628403	0.3986086
107	15	-0.1118786	0.5628403	0.3986086
107	17	-0.1211911	0.5656258	0.3984486
107	18	-0.1211911	0.5656258	0.3984486
107	19	-0.1211911	0.5656258	0.3984486
107	20	-0.1211911	0.5656258	0.3984486
107	21	-0.1211911	0.5656258	0.3984486
107	22	-0.1211911	0.5656258	0.3984486
107	23	-0.1211911	0.5656258	0.3984486
107	24	-0.1211911	0.5656258	0.3984486
108	1	-0.1120269	0.5628845	0.3986071
108	2	-0.1120269	0.5628845	0.3986071
108	3	-0.1120269	0.5628845	0.3986071
108	4	-0.1120270	0.5628845	0.3986071
108	5	-0.1120269	0.5628845	0.3986071
108	6	-0.1120269	0.5628845	0.3986071
108	7	-0.1120269	0.5628845	0.3986071
108	8	-0.1120269	0.5628845	0.3986071
108	9	-0.1120269	0.5628845	0.3986071
108	10	-0.1120269	0.5628845	0.3986071
108	11	1.261781	0.1519669	0.4221954
108	12	1.261781	0.1519669	0.4221954
108	13	-0.1120269	0.5628845	0.398607
108	14	-0.1120269	0.5628845	0.398607
108	17	-0.1213383	0.5656696	0.3984472
108	18	-0.1213383	0.5656696	0.3984472
108	19	-0.1213383	0.5656696	0.3984472
108	20	-0.1213383	0.5656696	0.3984472
108	21	-0.1213383	0.5656696	0.3984472
108	22	-0.1213383	0.5656696	0.3984472
108	23	-0.1213383	0.5656696	0.3984472
108	24	-0.1213383	0.5656696	0.3984472
109	1	-0.1121883	0.5629329	0.3986031
109	3	-0.1121883	0.5629329	0.3986031
109	4	-0.1121883	0.5629329	0.3986031
109	5	-0.1121883	0.5629329	0.3986031
109	6	-0.1121883	0.5629329	0.3986031
109	7	-0.1121883	0.5629329	0.3986031
109	8	-0.1121883	0.5629329	0.3986031
109	9	-0.1121883	0.5629329	0.3986031
109	10	-0.1121883	0.5629329	0.3986031
109	11	1.261453	0.1520647	0.4221912
109	12	1.261453	0.1520647	0.4221912
109	13	-0.1121882	0.5629329	0.398603
109	14	-0.1121882	0.5629329	0.398603
109	17	-0.1214982	0.5657176	0.3984432
109	18	-0.1214982	0.5657176	0.3984432
109	19	-0.1214982	0.5657176	0.3984432
109	20	-0.1214982	0.5657176	0.3984432
109	21	-0.1214982	0.5657176	0.3984432
109	22	-0.1214982	0.5657176	0.3984432
109	23	-0.1214982	0.5657176	0.3984432
109	24	-0.1214982	0.5657176	0.3984432
110	1	0.176708	0.3941762	1.219568
110	3	0.176708	0.3941762	1.219568
110	4	0.176708	0.3941762	1.219568
110	5	0.176708	0.3941762	1.219568
110	6	0.176708	0.3941762	1.219568
110	7	0.176708	0.3941762	1.219568
110	8	0.176708	0.3941762	1.219568
110	9	0.176708	0.3941762	1.219568
110	10	0.176708	0.3941762	1.219568
110	13	0.176708	0.3941762	1.219568
110	14	0.176708	0.3941762	1.219568
110	17	0.4403474	0.4349869	0.03824455
110	18	0.4403474	0.4349869	0.03824455
110	19	0.4403474	0.4349869	0.03824455
110	20	0.4403474	0.4349869	0.03824455
110	21	0.4403474	0.4349869	0.03824455
110	22	0.4403474	0.4349869	0.03824455
110	23	0.4403474	0.4349869	0.03824455
110	24	0.4403474	0.4349869	0.03824455
111	1	0.176708	0.3941762	1.219568
111	3	0.176708	0.3941762	1.219568
111	4	0.176708	0.3941762	1.219568
111	5	0.176708	0.3941762	1.219568
111	6	0.176708	0.3941762	1.219568
111	7	0.176708	0.3941762	1.219568
111	8	0.176708	0.3941762	1.219568
111	9	0.176708	0.3941762	1.219568
111	10	0.176708	0.3941762	1.219568
111	13	0.176708	0.3941762	1.219568
111	14	0.176708	0.3941762	1.219568
111	17	0.4403474	0.4349869	0.03824455
111	18	0.4403474	0.4349869	0.03824455
111	19	0.4403474	0.4349869	0.03824455
111	20	0.4403474	0.4349869	0.03824455
111	21	0.4403474	0.4349869	0.03824455
111	22	0.4403474	0.4349869	0.03824455
111	23	0.4403474	0.4349869	0.03824455
111	24	0.4403474	0.4349869	0.03824455
112	1	0.176708	0.3941762	1.219568
112	3	0.176708	0.3941762	1.219568
112	4	0.176708	0.3941762	1.219568
112	5	0.176708	0.3941762	1.219568
112	6	0.176708	0.3941762	1.219568
112	7	0.176708	0.3941762	1.219568
112	8	0.176708	0.3941762	1.219568
112	9	0.176708	0.3941762	1.219568
112	10	0.176708	0.3941762	1.219568
112	13	0.176708	0.3941762	1.219568
112	14	0.176708	0.3941762	1.219568
112	17	0.4403474	0.4349869	0.03824455
112	18	0.4403474	0.4349869	0.03824455
112	19	0.4403474	0.4349869	0.03824455
112	20	0.4403474	0.4349869	0.03824455
112	21	0.4403474	0.4349869	0.03824455
112	22	0.4403474	0.4349869	0.03824455
112	23	0.4403474	0.4349869	0.03824455
112	24	0.4403474	0.4349869	0.03824455
113	1	0.1753990	0.3941845	1.223344
113	3	0.1753990	0.3941845	1.223344
113	4	0.1753990	0.3941845	1.223344
113	5	0.1753990	0.3941845	1.223344
113	6	0.1753990	0.3941845	1.223344
113	7	0.1753990	0.3941845	1.223344
113	8	0.1753990	0.3941845	1.223344
113	9	0.1753990	0.3941845	1.223344
113	10	0.1753990	0.3941845	1.223344
113	13	0.1753990	0.3941845	1.223344
113	14	0.1753990	0.3941845	1.223344
113	17	0.4405417	0.4348587	0.03894305
113	18	0.4405417	0.4348587	0.03894305
113	19	0.4405417	0.4348587	0.03894305
113	20	0.4378024	0.4369673	0.02611981
113	21	0.4405417	0.4348587	0.03894305
113	22	0.4405417	0.4348587	0.03894305
113	23	0.4405417	0.4348587	0.03894305
113	24	0.4405417	0.4348587	0.03894305
114	1	1.120904	0.1941041	0.4197782
114	3	1.120904	0.1941041	0.4197782
114	4	1.120904	0.1941041	0.4197782
114	5	1.120904	0.1941041	0.4197782
114	7	1.120904	0.1941041	0.4197782
114	8	1.120904	0.1941041	0.4197782
114	9	1.120904	0.1941041	0.4197782
114	10	1.120904	0.1941041	0.4197782
114	13	1.120904	0.1941041	0.4197782
114	14	1.120904	0.1941041	0.4197782
115	1	0.3716937	0.3426883	1.155195
115	3	0.3716936	0.3426883	1.155195
115	4	0.3716937	0.3426883	1.155195
115	5	0.3716937	0.3426883	1.155195
115	8	0.3716937	0.3426883	1.155195
115	9	0.3716937	0.3426883	1.155195
115	10	0.3716937	0.3426883	1.155195
115	11	0.2859678	0.4821074	0.02623733
115	12	0.2859678	0.4821074	0.02623733
115	13	0.3716937	0.3426883	1.155195
115	14	0.3716937	0.3426883	1.155195
116	1	0.1303248	0.4028237	1.270560
116	3	0.1303248	0.4028237	1.270560
116	4	0.1303248	0.4028237	1.270560
116	5	0.1303248	0.4028237	1.270560
116	7	1.300347	0.1356328	0.47041
116	8	0.1303248	0.4028237	1.270560
116	9	0.1303248	0.4028237	1.270560
116	10	0.1303248	0.4028237	1.270560
116	11	-0.1068806	0.4465766	1.535999
116	12	-0.1068806	0.4465766	1.535999
116	13	0.1303248	0.4028237	1.270560
116	14	0.1303248	0.4028237	1.270560
116	17	0.3555334	0.4617849	0.02262387
116	18	0.3555334	0.4617849	0.02262387
116	19	0.3555334	0.4617849	0.02262387
116	20	0.5559293	0.4019731	0.02479265
116	21	0.3555334	0.4617849	0.02262387
116	22	0.3555334	0.4617849	0.02262387
116	23	0.3555334	0.4617849	0.02262387
116	24	0.3555334	0.4617849	0.02262387
117	1	0.8384113	0.2408271	0.7892414
117	3	0.8384113	0.2408271	0.7892414
117	4	0.8384113	0.2408271	0.7892414
117	5	0.8384113	0.2408271	0.7892414
117	6	0.52242	0.3084298	1.050511
117	7	0.2363207	0.4970659	0.02430807
117	8	0.8384113	0.2408271	0.7892414
117	9	0.8384113	0.2408271	0.7892414
117	10	0.8384113	0.2408271	0.7892414
117	11	-0.3530305	0.5627661	1.109984
117	13	0.8384113	0.2408271	0.7892414
117	14	0.8384113	0.2408271	0.7892414
117	20	1.222038	0.18837	0.1785738
