1	1	-0.1254826	0.5669088	0.3983809
1	2	-0.1254826	0.5669088	0.3983809
1	3	-0.1254826	0.5669088	0.3983809
1	4	-0.1254826	0.5669088	0.3983809
1	5	-0.1254826	0.5669088	0.3983809
1	6	-0.1254826	0.5669088	0.3983809
1	8	1.358392	0.1230703	0.4238485
1	9	-0.1254826	0.5669088	0.3983808
2	1	-0.1254826	0.5669088	0.3983809
2	2	-0.1254826	0.5669088	0.3983809
2	3	-0.1254826	0.5669088	0.3983809
2	4	-0.1254826	0.5669088	0.3983809
2	5	-0.1254826	0.5669088	0.3983809
2	6	-0.1254826	0.5669088	0.3983809
2	8	1.358392	0.1230703	0.4238485
2	9	-0.1254826	0.5669088	0.3983808
3	1	-0.1254826	0.5669088	0.3983809
3	2	-0.1254826	0.5669088	0.3983809
3	3	-0.1254826	0.5669088	0.3983809
3	4	-0.1254826	0.5669088	0.3983809
3	5	-0.1254826	0.5669088	0.3983809
3	6	-0.1254826	0.5669088	0.3983809
3	8	1.358392	0.1230703	0.4238485
3	9	-0.1254826	0.5669088	0.3983808
4	1	-0.1254826	0.5669088	0.3983809
4	2	-0.1254826	0.5669088	0.3983809
4	3	-0.1254826	0.5669088	0.3983809
4	4	-0.1254826	0.5669088	0.3983809
4	5	-0.1254826	0.5669088	0.3983809
4	6	-0.1254826	0.5669088	0.3983809
4	8	1.358392	0.1230703	0.4238485
4	9	-0.1254826	0.5669088	0.3983808
5	1	-0.1278704	0.5676229	0.3983410
5	3	-0.1278704	0.5676229	0.398341
5	4	-0.1278704	0.5676229	0.398341
5	5	-0.1278704	0.5676229	0.398341
5	6	-0.1278704	0.5676229	0.398341
5	8	1.353364	0.1245741	0.4237608
5	9	-0.1278704	0.5676229	0.398341
6	1	-0.0615989	0.5595397	0.2831491
6	2	-0.2506798	0.5316138	1.117076
6	3	-0.0615989	0.5595397	0.2831491
6	4	-0.0615989	0.5595397	0.2831491
6	5	-0.0615989	0.5595397	0.2831491
6	6	-0.0615989	0.5595397	0.2831491
6	8	1.359936	0.1230769	0.4192308
6	9	-0.0615989	0.5595397	0.2831491
7	1	-0.0615989	0.5595397	0.2831491
7	2	-0.2506798	0.5316138	1.117076
7	3	-0.0615989	0.5595397	0.2831491
7	4	-0.0615989	0.5595397	0.2831491
7	5	-0.0615989	0.5595397	0.2831491
7	6	-0.0615989	0.5595397	0.2831491
7	8	1.359936	0.1230769	0.4192308
7	9	-0.0615989	0.5595397	0.2831491
8	1	-0.0615989	0.5595397	0.2831491
8	2	-0.2506798	0.5316138	1.117076
8	3	-0.0615989	0.5595397	0.2831491
8	4	-0.0615989	0.5595397	0.2831491
8	5	-0.0615989	0.5595397	0.2831491
8	6	-0.0615989	0.5595397	0.2831491
8	8	1.359936	0.1230769	0.4192308
8	9	-0.0615989	0.5595397	0.2831491
9	1	-0.09390186	0.5637458	0.3366602
9	2	-0.2502558	0.5598447	0.8360719
9	3	-0.09390186	0.5637458	0.3366602
9	4	-0.09390186	0.5637458	0.3366602
9	5	-0.09390186	0.5637458	0.3366602
9	6	-0.09390186	0.5637458	0.3366602
9	8	1.359566	0.1230069	0.4210175
9	9	-0.09390186	0.5637458	0.3366602
10	1	-0.1209666	0.5691742	0.3626236
10	2	-0.2324199	0.5721103	0.6619648
10	3	-0.1209666	0.5691742	0.3626236
10	4	-0.1209666	0.5691742	0.3626236
10	5	-0.1209666	0.5691742	0.3626236
10	6	-0.1209666	0.5691742	0.3626236
10	7	1.332365	0.1311567	0.4204131
10	8	1.332365	0.1311567	0.4204131
10	9	-0.1209666	0.5691742	0.3626236
11	1	-0.1209666	0.5691742	0.3626236
11	2	-0.2324199	0.5721103	0.6619648
11	3	-0.1209666	0.5691742	0.3626236
11	4	-0.1209666	0.5691742	0.3626236
11	5	-0.1209666	0.5691742	0.3626236
11	6	-0.1209666	0.5691742	0.3626236
11	7	1.332365	0.1311567	0.4204131
11	8	1.332365	0.1311567	0.4204131
11	9	-0.1209666	0.5691742	0.3626236
12	1	-0.1384147	0.5707772	0.3981552
12	2	-0.1384147	0.5707772	0.3981552
12	3	-0.1384147	0.5707772	0.3981552
12	4	-0.1384147	0.5707772	0.3981552
12	5	-0.1384147	0.5707772	0.3981552
12	6	-0.1384147	0.5707772	0.3981552
12	7	1.331108	0.1312307	0.4233845
12	8	1.331108	0.1312307	0.4233845
12	9	-0.1384147	0.5707772	0.3981552
13	1	-0.1384147	0.5707772	0.3981552
13	2	-0.1384147	0.5707772	0.3981552
13	3	-0.1384147	0.5707772	0.3981552
13	4	-0.1384147	0.5707772	0.3981552
13	5	-0.1384147	0.5707772	0.3981552
13	6	-0.1384147	0.5707772	0.3981552
13	7	1.331108	0.1312307	0.4233845
13	8	1.331108	0.1312307	0.4233845
13	9	-0.1384147	0.5707772	0.3981552
14	1	-0.1384147	0.5707772	0.3981552
14	2	-0.1384147	0.5707772	0.3981552
14	3	-0.1384147	0.5707772	0.3981552
14	4	-0.1384147	0.5707772	0.3981552
14	5	-0.1384147	0.5707772	0.3981552
14	6	-0.1384147	0.5707772	0.3981552
14	7	1.331108	0.1312307	0.4233845
14	8	1.331108	0.1312307	0.4233845
14	9	-0.1384147	0.5707772	0.3981552
15	1	-0.1384147	0.5707772	0.3981552
15	2	-0.1384147	0.5707772	0.3981552
15	3	-0.1384147	0.5707772	0.3981552
15	4	-0.1384147	0.5707772	0.3981552
15	5	-0.1384147	0.5707772	0.3981552
15	6	-0.1384147	0.5707772	0.3981552
15	7	1.331108	0.1312307	0.4233845
15	8	1.331108	0.1312307	0.4233845
15	9	-0.1384147	0.5707772	0.3981552
16	1	-0.1384147	0.5707772	0.3981552
16	2	-0.1384147	0.5707772	0.3981552
16	3	-0.1384147	0.5707772	0.3981552
16	4	-0.1384147	0.5707772	0.3981552
16	5	-0.1384147	0.5707772	0.3981552
16	6	-0.1384147	0.5707772	0.3981552
16	7	1.331108	0.1312307	0.4233845
16	8	1.331108	0.1312307	0.4233845
16	9	-0.1384147	0.5707772	0.3981552
17	1	-0.1288236	0.567908	0.398324
17	2	-0.1288236	0.567908	0.3983241
17	3	-0.1288236	0.567908	0.398324
17	4	-0.1288236	0.567908	0.398324
17	5	-0.1288236	0.567908	0.398324
17	6	-0.1288236	0.567908	0.398324
17	8	1.408072	0.1082106	0.4247007
17	9	-0.1288236	0.567908	0.398324
18	1	-0.1288236	0.567908	0.398324
18	2	-0.1288236	0.567908	0.3983241
18	3	-0.1288236	0.567908	0.398324
18	4	-0.1288236	0.567908	0.398324
18	5	-0.1288236	0.567908	0.398324
18	6	-0.1288236	0.567908	0.398324
18	8	1.408072	0.1082106	0.4247007
18	9	-0.1288236	0.567908	0.398324
19	1	-0.1442763	0.5725303	0.3980564
19	2	-0.1442764	0.5725303	0.3980564
19	3	-0.1442764	0.5725303	0.3980564
19	4	-0.1442764	0.5725303	0.3980564
19	5	-0.1442763	0.5725303	0.3980564
19	6	-0.1442763	0.5725303	0.3980564
19	7	1.374869	0.1181416	0.4241337
19	8	1.374869	0.1181416	0.4241337
19	9	-0.1442763	0.5725303	0.3980564
20	1	-0.1442763	0.5725303	0.3980564
20	2	-0.1442764	0.5725303	0.3980564
20	3	-0.1442764	0.5725303	0.3980564
20	4	-0.1442764	0.5725303	0.3980564
20	5	-0.1442763	0.5725303	0.3980564
20	6	-0.1442763	0.5725303	0.3980564
20	7	1.374869	0.1181416	0.4241337
20	8	1.374869	0.1181416	0.4241337
20	9	-0.1442763	0.5725303	0.3980564
21	7	1.120904	0.1941041	0.4197782
21	8	1.120904	0.1941041	0.4197782
22	7	1.120904	0.1941041	0.4197782
22	8	1.120904	0.1941041	0.4197782
27	7	1.200300	0.1703560	0.4211417
27	8	-0.1486484	0.5738385	0.3979765
28	7	1.120904	0.1941041	0.4197782
28	8	1.120904	0.1941041	0.4197782
34	1	-0.1413316	0.5713889	0.4006899
34	2	-0.1413316	0.5713889	0.4006899
34	3	-0.1413316	0.5713889	0.4006899
34	4	-0.1413316	0.5713889	0.4006899
34	5	-0.1413316	0.5713889	0.4006899
34	6	-0.1413316	0.5713889	0.4006899
34	7	1.388059	0.1355229	0.2130243
34	8	1.154698	0.1542876	0.7147568
34	9	-0.1413316	0.5713889	0.4006899
35	1	-0.1384147	0.5707772	0.3981552
35	2	-0.1384147	0.5707772	0.3981552
35	3	-0.1384147	0.5707772	0.3981552
35	4	-0.1384147	0.5707772	0.3981552
35	5	-0.1384147	0.5707772	0.3981552
35	6	-0.1384147	0.5707772	0.3981552
35	7	1.331108	0.1312307	0.4233845
35	8	1.331108	0.1312307	0.4233845
35	9	-0.1384147	0.5707772	0.3981552
36	1	-0.1384147	0.5707772	0.3981552
36	2	-0.1384147	0.5707772	0.3981552
36	3	-0.1384147	0.5707772	0.3981552
36	4	-0.1384147	0.5707772	0.3981552
36	5	-0.1384147	0.5707772	0.3981552
36	6	-0.1384147	0.5707772	0.3981552
36	7	1.331108	0.1312307	0.4233845
36	8	1.331108	0.1312307	0.4233845
36	9	-0.1384147	0.5707772	0.3981552
37	1	-0.1384147	0.5707772	0.3981552
37	2	-0.1384147	0.5707772	0.3981552
37	3	-0.1384147	0.5707772	0.3981552
37	4	-0.1384147	0.5707772	0.3981552
37	5	-0.1384147	0.5707772	0.3981552
37	6	-0.1384147	0.5707772	0.3981552
37	7	1.331108	0.1312307	0.4233845
37	8	1.331108	0.1312307	0.4233845
37	9	-0.1384147	0.5707772	0.3981552
38	1	-0.1384147	0.5707772	0.3981552
38	2	-0.1384147	0.5707772	0.3981552
38	3	-0.1384147	0.5707772	0.3981552
38	4	-0.1384147	0.5707772	0.3981552
38	5	-0.1384147	0.5707772	0.3981552
38	6	-0.1384147	0.5707772	0.3981552
38	7	1.331108	0.1312307	0.4233845
38	8	1.331108	0.1312307	0.4233845
38	9	-0.1384147	0.5707772	0.3981552
39	1	-0.1384147	0.5707772	0.3981552
39	2	-0.1384147	0.5707772	0.3981552
39	3	-0.1384147	0.5707772	0.3981552
39	4	-0.1384147	0.5707772	0.3981552
39	5	-0.1384147	0.5707772	0.3981552
39	6	-0.1384147	0.5707772	0.3981552
39	7	1.331108	0.1312307	0.4233845
39	8	1.331108	0.1312307	0.4233845
39	9	-0.1384147	0.5707772	0.3981552
40	1	-0.1384147	0.5707772	0.3981552
40	2	-0.1384147	0.5707772	0.3981552
40	3	-0.1384147	0.5707772	0.3981552
40	4	-0.1384147	0.5707772	0.3981552
40	5	-0.1384147	0.5707772	0.3981552
40	6	-0.1384147	0.5707772	0.3981552
40	7	1.331108	0.1312307	0.4233845
40	8	1.331108	0.1312307	0.4233845
40	9	-0.1384147	0.5707772	0.3981552
41	1	-0.1384147	0.5707772	0.3981552
41	2	-0.1384147	0.5707772	0.3981552
41	3	-0.1384147	0.5707772	0.3981552
41	4	-0.1384147	0.5707772	0.3981552
41	5	-0.1384147	0.5707772	0.3981552
41	6	-0.1384147	0.5707772	0.3981552
41	7	1.331108	0.1312307	0.4233845
41	8	1.331108	0.1312307	0.4233845
41	9	-0.1384147	0.5707772	0.3981552
42	1	-0.1384147	0.5707772	0.3981552
42	2	-0.1384147	0.5707772	0.3981552
42	3	-0.1384147	0.5707772	0.3981552
42	4	-0.1384147	0.5707772	0.3981552
42	5	-0.1384147	0.5707772	0.3981552
42	6	-0.1384147	0.5707772	0.3981552
42	7	1.331108	0.1312307	0.4233845
42	8	1.331108	0.1312307	0.4233845
42	9	-0.1384147	0.5707772	0.3981552
43	1	-0.1384147	0.5707772	0.3981552
43	2	-0.1384147	0.5707772	0.3981552
43	3	-0.1384147	0.5707772	0.3981552
43	4	-0.1384147	0.5707772	0.3981552
43	5	-0.1384147	0.5707772	0.3981552
43	6	-0.1384147	0.5707772	0.3981552
43	7	1.331108	0.1312307	0.4233845
43	8	1.331108	0.1312307	0.4233845
43	9	-0.1384147	0.5707772	0.3981552
44	1	-0.1384147	0.5707772	0.3981552
44	2	-0.1384147	0.5707772	0.3981552
44	3	-0.1384147	0.5707772	0.3981552
44	4	-0.1384147	0.5707772	0.3981552
44	5	-0.1384147	0.5707772	0.3981552
44	6	-0.1384147	0.5707772	0.3981552
44	7	1.331108	0.1312307	0.4233845
44	8	1.331108	0.1312307	0.4233845
44	9	-0.1384147	0.5707772	0.3981552
45	1	-0.1384147	0.5707772	0.3981552
45	2	-0.1384147	0.5707772	0.3981552
45	3	-0.1384147	0.5707772	0.3981552
45	4	-0.1384147	0.5707772	0.3981552
45	5	-0.1384147	0.5707772	0.3981552
45	6	-0.1384147	0.5707772	0.3981552
45	7	1.331108	0.1312307	0.4233845
45	8	1.331108	0.1312307	0.4233845
45	9	-0.1384147	0.5707772	0.3981552
46	1	-0.1384147	0.5707772	0.3981552
46	2	-0.1384147	0.5707772	0.3981552
46	3	-0.1384147	0.5707772	0.3981552
46	4	-0.1384147	0.5707772	0.3981552
46	5	-0.1384147	0.5707772	0.3981552
46	6	-0.1384147	0.5707772	0.3981552
46	7	1.331108	0.1312307	0.4233845
46	8	1.331108	0.1312307	0.4233845
46	9	-0.1384147	0.5707772	0.3981552
47	1	0.06190485	0.5379782	0.1328648
47	2	-0.2801510	0.5619857	0.902952
47	3	0.06190485	0.5379782	0.1328648
47	4	-0.2862686	0.5591286	0.949292
47	5	-0.2862686	0.5591286	0.949292
47	6	0.06190485	0.5379782	0.1328648
47	7	1.324847	0.1330323	0.4239816
47	8	1.324847	0.1330323	0.4239816
47	9	0.06190485	0.5379782	0.1328648
48	1	0.06190485	0.5379782	0.1328648
48	2	-0.2801510	0.5619857	0.902952
48	3	0.06190485	0.5379782	0.1328648
48	4	-0.2862686	0.5591286	0.949292
48	5	-0.2862686	0.5591286	0.949292
48	6	0.06190485	0.5379782	0.1328648
48	7	1.324847	0.1330323	0.4239816
48	8	1.324847	0.1330323	0.4239816
48	9	0.06190485	0.5379782	0.1328648
49	1	0.06190485	0.5379782	0.1328648
49	2	-0.2801510	0.5619857	0.902952
49	3	0.06190485	0.5379782	0.1328648
49	4	-0.2862686	0.5591286	0.949292
49	5	-0.2862686	0.5591286	0.949292
49	6	0.06190485	0.5379782	0.1328648
49	7	1.324847	0.1330323	0.4239816
49	8	1.324847	0.1330323	0.4239816
49	9	0.06190485	0.5379782	0.1328648
50	2	1.191375	0.1730257	0.420988
50	6	-0.1265944	0.5672419	0.3983556
50	9	-0.1265944	0.5672419	0.3983556
51	2	1.191375	0.1730257	0.420988
51	6	-0.1265944	0.5672419	0.3983556
51	9	-0.1265944	0.5672419	0.3983556
52	2	1.191375	0.1730257	0.420988
52	6	-0.1265944	0.5672419	0.3983556
52	9	-0.1265944	0.5672419	0.3983556
53	2	1.191375	0.1730257	0.420988
53	6	-0.1265944	0.5672419	0.3983556
53	9	-0.1265944	0.5672419	0.3983556
54	1	0.1366211	0.3880941	1.397970
54	2	-0.07840485	0.5667333	0.2613879
54	3	0.4006182	0.3184200	1.310446
54	4	-0.07840485	0.5667333	0.2613879
54	5	-0.07840485	0.5667333	0.2613879
54	6	-0.07919459	0.5663924	0.2670939
54	7	1.289706	0.1716360	0.1449906
54	8	1.289706	0.1716360	0.1449906
54	9	-0.07919459	0.5663924	0.2670939
55	1	0.1366211	0.3880941	1.397970
55	2	-0.07840485	0.5667333	0.2613879
55	3	0.4006182	0.3184200	1.310446
55	4	-0.07840485	0.5667333	0.2613879
55	5	-0.07840485	0.5667333	0.2613879
55	6	-0.07919459	0.5663924	0.2670939
55	7	1.289706	0.1716360	0.1449906
55	8	1.289706	0.1716360	0.1449906
55	9	-0.07919459	0.5663924	0.2670939
56	2	1.274953	0.1606298	0.2975330
56	3	-0.2618849	0.4994179	1.469142
56	4	1.274953	0.1606298	0.2975330
56	5	1.274953	0.1606298	0.2975330
56	7	-0.06049329	0.5680504	0.1955537
56	8	-0.06049329	0.5680504	0.1955537
65	2	1.239429	0.1675797	0.3333462
65	3	-0.3467666	0.5322586	1.393841
65	4	1.239429	0.1675797	0.3333462
65	5	1.239429	0.1675797	0.3333462
65	6	1.237768	0.1678988	0.3350804
65	7	-0.07767987	0.572657	0.2005509
65	8	-0.07767987	0.572657	0.2005509
65	9	1.237768	0.1678988	0.3350804
66	1	0.04796712	0.4235303	1.308063
66	2	-0.086257	0.5674694	0.2772328
66	3	0.3124413	0.3383421	1.372871
66	4	-0.086257	0.5674694	0.2772328
66	5	-0.086257	0.5674694	0.2772328
66	6	-0.08707512	0.5674851	0.2794878
66	7	1.334703	0.1518165	0.2087943
66	8	1.334703	0.1518165	0.2087943
66	9	-0.08707512	0.5674851	0.2794878
67	1	0.04796712	0.4235303	1.308063
67	2	-0.086257	0.5674694	0.2772328
67	3	0.3124413	0.3383421	1.372871
67	4	-0.086257	0.5674694	0.2772328
67	5	-0.086257	0.5674694	0.2772328
67	6	-0.08707512	0.5674851	0.2794878
67	7	1.334703	0.1518165	0.2087943
67	8	1.334703	0.1518165	0.2087943
67	9	-0.08707512	0.5674851	0.2794878
68	1	0.9940551	0.2707217	0.03433889
68	2	-0.1935454	0.5709827	0.558581
68	3	1.139604	0.1576921	0.7254975
68	4	-0.1935454	0.5709827	0.558581
68	5	-0.1935454	0.5709827	0.558581
68	6	-0.1935454	0.5709827	0.558581
68	7	-0.1935454	0.5709827	0.558581
68	8	-0.1935454	0.5709827	0.558581
68	9	-0.1935454	0.5709827	0.558581
69	1	0.9940551	0.2707217	0.03433889
69	2	-0.1935454	0.5709827	0.558581
69	3	1.139604	0.1576921	0.7254975
69	4	-0.1935454	0.5709827	0.558581
69	5	-0.1935454	0.5709827	0.558581
69	6	-0.1935454	0.5709827	0.558581
69	7	-0.1935454	0.5709827	0.558581
69	8	-0.1935454	0.5709827	0.558581
69	9	-0.1935454	0.5709827	0.558581
70	1	0.9940551	0.2707217	0.03433889
70	2	-0.1935454	0.5709827	0.558581
70	3	1.139604	0.1576921	0.7254975
70	4	-0.1935454	0.5709827	0.558581
70	5	-0.1935454	0.5709827	0.558581
70	6	-0.1935454	0.5709827	0.558581
70	7	-0.1935454	0.5709827	0.558581
70	8	-0.1935454	0.5709827	0.558581
70	9	-0.1935454	0.5709827	0.558581
71	1	0.9940551	0.2707217	0.03433889
71	2	-0.1935454	0.5709827	0.558581
71	3	1.139604	0.1576921	0.7254975
71	4	-0.1935454	0.5709827	0.558581
71	5	-0.1935454	0.5709827	0.558581
71	6	-0.1935454	0.5709827	0.558581
71	7	-0.1935454	0.5709827	0.558581
71	8	-0.1935454	0.5709827	0.558581
71	9	-0.1935454	0.5709827	0.558581
72	1	1.050828	0.2511021	0.06145944
72	3	-0.1901814	0.5859171	0.4006753
72	4	0.5412096	0.2920884	1.157076
73	1	0.9940551	0.2707217	0.03433889
73	2	-0.1935454	0.5709827	0.558581
73	3	1.139604	0.1576921	0.7254975
73	4	-0.1935454	0.5709827	0.558581
73	5	-0.1935454	0.5709827	0.558581
73	6	-0.1935454	0.5709827	0.558581
73	7	-0.1935454	0.5709827	0.558581
73	8	-0.1935454	0.5709827	0.558581
73	9	-0.1935454	0.5709827	0.558581
74	1	1.120904	0.1941041	0.4197782
74	2	1.120904	0.1941041	0.4197782
74	3	1.120904	0.1941041	0.4197782
74	4	1.120904	0.1941041	0.4197782
74	5	1.120904	0.1941041	0.4197782
74	6	1.120904	0.1941041	0.4197782
74	7	1.120904	0.1941041	0.4197782
74	8	1.120904	0.1941041	0.4197782
74	9	1.120904	0.1941041	0.4197782
75	1	1.120904	0.1941041	0.4197782
75	2	1.120904	0.1941041	0.4197782
75	3	1.120904	0.1941041	0.4197782
75	4	1.120904	0.1941041	0.4197782
75	5	1.120904	0.1941041	0.4197782
75	6	1.120904	0.1941041	0.4197782
75	7	1.120904	0.1941041	0.4197782
75	8	1.120904	0.1941041	0.4197782
75	9	1.120904	0.1941041	0.4197782
76	1	1.120904	0.1941041	0.4197782
76	2	1.120904	0.1941041	0.4197782
76	3	1.120904	0.1941041	0.4197782
76	4	1.120904	0.1941041	0.4197782
76	5	1.120904	0.1941041	0.4197782
76	6	1.120904	0.1941041	0.4197782
76	7	1.120904	0.1941041	0.4197782
76	8	1.120904	0.1941041	0.4197782
76	9	1.120904	0.1941041	0.4197782
77	1	1.120904	0.1941041	0.4197782
77	2	1.120904	0.1941041	0.4197782
77	3	1.120904	0.1941041	0.4197782
77	4	1.120904	0.1941041	0.4197782
77	5	1.120904	0.1941041	0.4197782
77	6	1.120904	0.1941041	0.4197782
77	7	1.120904	0.1941041	0.4197782
77	8	1.120904	0.1941041	0.4197782
77	9	1.120904	0.1941041	0.4197782
78	1	1.120904	0.1941041	0.4197782
78	2	1.120904	0.1941041	0.4197782
78	3	1.120904	0.1941041	0.4197782
78	4	1.120904	0.1941041	0.4197782
78	5	1.120904	0.1941041	0.4197782
78	6	1.120904	0.1941041	0.4197782
78	7	1.120904	0.1941041	0.4197782
78	8	1.120904	0.1941041	0.4197782
78	9	1.120904	0.1941041	0.4197782
79	1	1.120904	0.1941041	0.4197782
79	2	1.120904	0.1941041	0.4197782
79	3	1.120904	0.1941041	0.4197782
79	4	1.120904	0.1941041	0.4197782
79	5	1.120904	0.1941041	0.4197782
79	6	1.120904	0.1941041	0.4197782
79	7	1.120904	0.1941041	0.4197782
79	8	1.120904	0.1941041	0.4197782
79	9	1.120904	0.1941041	0.4197782
80	1	1.235081	0.1601869	0.4194198
80	2	-0.159257	0.5768316	0.3995784
80	3	1.289397	0.1438593	0.4211557
80	4	-0.159257	0.5768316	0.3995784
80	5	-0.159257	0.5768316	0.3995784
80	6	1.18106	0.1762855	0.4190821
80	7	-0.159257	0.5768316	0.3995784
80	9	1.18106	0.1762855	0.4190821
81	1	1.235081	0.1601869	0.4194198
81	2	-0.159257	0.5768316	0.3995784
81	3	1.289397	0.1438593	0.4211557
81	4	-0.159257	0.5768316	0.3995784
81	5	-0.159257	0.5768316	0.3995784
81	6	1.18106	0.1762855	0.4190821
81	7	-0.159257	0.5768316	0.3995784
81	9	1.18106	0.1762855	0.4190821
82	2	1.120904	0.1941041	0.4197782
82	5	1.120904	0.1941041	0.4197782
82	7	1.120904	0.1941041	0.4197782
83	1	1.120904	0.1941041	0.4197782
83	2	1.120904	0.1941041	0.4197782
83	3	1.120904	0.1941041	0.4197782
83	4	1.120904	0.1941041	0.4197782
83	5	1.120904	0.1941041	0.4197782
83	6	1.120904	0.1941041	0.4197782
83	7	1.120904	0.1941041	0.4197782
83	9	1.120904	0.1941041	0.4197782
87	1	1.120904	0.1941041	0.4197782
87	2	1.120904	0.1941041	0.4197782
87	3	1.120904	0.1941041	0.4197782
87	4	1.120904	0.1941041	0.4197782
87	5	1.120904	0.1941041	0.4197782
87	6	1.120904	0.1941041	0.4197782
87	7	1.120904	0.1941041	0.4197782
87	9	1.120904	0.1941041	0.4197782
88	1	1.120904	0.1941041	0.4197782
88	2	1.120904	0.1941041	0.4197782
88	3	1.120904	0.1941041	0.4197782
88	4	1.120904	0.1941041	0.4197782
88	5	1.120904	0.1941041	0.4197782
88	6	1.120904	0.1941041	0.4197782
88	7	1.120904	0.1941041	0.4197782
88	9	1.120904	0.1941041	0.4197782
89	1	1.120904	0.1941041	0.4197782
89	2	1.120904	0.1941041	0.4197782
89	3	1.120904	0.1941041	0.4197782
89	4	1.120904	0.1941041	0.4197782
89	5	1.120904	0.1941041	0.4197782
89	6	1.120904	0.1941041	0.4197782
89	7	1.120904	0.1941041	0.4197782
89	9	1.120904	0.1941041	0.4197782
90	1	1.120904	0.1941041	0.4197782
90	2	1.120904	0.1941041	0.4197782
90	3	1.120904	0.1941041	0.4197782
90	4	1.120904	0.1941041	0.4197782
90	5	1.120904	0.1941041	0.4197782
90	6	1.120904	0.1941041	0.4197782
90	7	1.120904	0.1941041	0.4197782
90	9	1.120904	0.1941041	0.4197782
91	1	1.120904	0.1941041	0.4197782
91	2	1.120904	0.1941041	0.4197782
91	3	1.120904	0.1941041	0.4197782
91	4	1.120904	0.1941041	0.4197782
91	5	1.120904	0.1941041	0.4197782
91	6	1.120904	0.1941041	0.4197782
91	7	1.120904	0.1941041	0.4197782
91	9	1.120904	0.1941041	0.4197782
92	1	1.120904	0.1941041	0.4197782
92	2	1.120904	0.1941041	0.4197782
92	3	1.120904	0.1941041	0.4197782
92	4	1.120904	0.1941041	0.4197782
92	5	1.120904	0.1941041	0.4197782
92	6	1.120904	0.1941041	0.4197782
92	7	1.120904	0.1941041	0.4197782
92	9	1.120904	0.1941041	0.4197782
93	1	1.120904	0.1941041	0.4197782
93	2	1.120904	0.1941041	0.4197782
93	3	1.120904	0.1941041	0.4197782
93	4	1.120904	0.1941041	0.4197782
93	5	1.120904	0.1941041	0.4197782
93	6	1.120904	0.1941041	0.4197782
93	7	1.120904	0.1941041	0.4197782
93	9	1.120904	0.1941041	0.4197782
94	1	1.120904	0.1941041	0.4197782
94	2	1.120904	0.1941041	0.4197782
94	3	1.120904	0.1941041	0.4197782
94	4	1.120904	0.1941041	0.4197782
94	5	1.120904	0.1941041	0.4197782
94	6	1.120904	0.1941041	0.4197782
94	7	1.120904	0.1941041	0.4197782
94	9	1.120904	0.1941041	0.4197782
95	1	1.120904	0.1941041	0.4197782
95	2	1.120904	0.1941041	0.4197782
95	3	1.120904	0.1941041	0.4197782
95	4	1.120904	0.1941041	0.4197782
95	5	1.120904	0.1941041	0.4197782
95	6	1.120904	0.1941041	0.4197782
95	7	1.120904	0.1941041	0.4197782
95	9	1.120904	0.1941041	0.4197782
96	1	1.120904	0.1941041	0.4197782
96	2	1.120904	0.1941041	0.4197782
96	3	1.120904	0.1941041	0.4197782
96	4	1.120904	0.1941041	0.4197782
96	5	1.120904	0.1941041	0.4197782
96	6	1.120904	0.1941041	0.4197782
96	7	1.120904	0.1941041	0.4197782
96	9	1.120904	0.1941041	0.4197782
97	1	1.120904	0.1941041	0.4197782
97	2	1.120904	0.1941041	0.4197782
97	3	1.120904	0.1941041	0.4197782
97	4	1.120904	0.1941041	0.4197782
97	5	1.120904	0.1941041	0.4197782
97	6	1.120904	0.1941041	0.4197782
97	7	1.120904	0.1941041	0.4197782
97	9	1.120904	0.1941041	0.4197782
98	1	1.120904	0.1941041	0.4197782
98	2	1.120904	0.1941041	0.4197782
98	3	1.120904	0.1941041	0.4197782
98	4	1.120904	0.1941041	0.4197782
98	5	1.120904	0.1941041	0.4197782
98	6	1.120904	0.1941041	0.4197782
98	7	1.120904	0.1941041	0.4197782
98	8	1.120904	0.1941041	0.4197782
98	9	1.120904	0.1941041	0.4197782
99	1	1.120904	0.1941041	0.4197782
99	2	1.120904	0.1941041	0.4197782
99	3	1.120904	0.1941041	0.4197782
99	4	1.120904	0.1941041	0.4197782
99	5	1.120904	0.1941041	0.4197782
99	6	1.120904	0.1941041	0.4197782
99	7	1.120904	0.1941041	0.4197782
99	8	1.120904	0.1941041	0.4197782
99	9	1.120904	0.1941041	0.4197782
100	1	1.120904	0.1941041	0.4197782
100	2	1.120904	0.1941041	0.4197782
100	3	1.120904	0.1941041	0.4197782
100	4	1.120904	0.1941041	0.4197782
100	5	1.120904	0.1941041	0.4197782
100	6	1.120904	0.1941041	0.4197782
100	7	1.120904	0.1941041	0.4197782
100	8	1.120904	0.1941041	0.4197782
100	9	1.120904	0.1941041	0.4197782
101	1	1.120904	0.1941041	0.4197782
101	2	1.120904	0.1941041	0.4197782
101	3	1.120904	0.1941041	0.4197782
101	4	1.120904	0.1941041	0.4197782
101	5	1.120904	0.1941041	0.4197782
101	6	1.120904	0.1941041	0.4197782
101	7	1.120904	0.1941041	0.4197782
101	8	1.120904	0.1941041	0.4197782
101	9	1.120904	0.1941041	0.4197782
102	1	1.120904	0.1941041	0.4197782
102	2	1.120904	0.1941041	0.4197782
102	3	1.120904	0.1941041	0.4197782
102	4	1.120904	0.1941041	0.4197782
102	5	1.120904	0.1941041	0.4197782
102	6	1.120904	0.1941041	0.4197782
102	7	1.120904	0.1941041	0.4197782
102	8	1.120904	0.1941041	0.4197782
102	9	1.120904	0.1941041	0.4197782
103	1	1.120904	0.1941041	0.4197782
103	2	1.120904	0.1941041	0.4197782
103	3	1.120904	0.1941041	0.4197782
103	4	1.120904	0.1941041	0.4197782
103	5	1.120904	0.1941041	0.4197782
103	6	1.120904	0.1941041	0.4197782
103	7	1.120904	0.1941041	0.4197782
103	8	1.120904	0.1941041	0.4197782
103	9	1.120904	0.1941041	0.4197782
104	1	1.277172	0.1465198	0.4308177
104	2	-0.2775265	0.5561572	0.9529755
104	3	1.340468	0.1292325	0.4156033
104	4	-0.09431988	0.5656429	0.3190933
104	5	-0.09431988	0.5656429	0.3190933
104	6	-0.09431988	0.5656429	0.3190933
104	7	-0.09431988	0.5656429	0.3190933
104	8	-0.09431988	0.5656429	0.3190933
104	9	-0.09431988	0.5656429	0.3190933
105	1	-0.1808068	0.583277	0.3992117
105	3	-0.2062977	0.590813	0.3996521
105	4	1.189778	0.1737090	0.418923
105	6	1.189778	0.1737090	0.418923
105	7	1.189778	0.1737090	0.418923
105	8	1.189778	0.1737090	0.418923
105	9	1.189778	0.1737090	0.418923
106	1	-0.1808068	0.583277	0.3992117
106	3	-0.2062977	0.590813	0.3996521
106	4	1.189778	0.1737090	0.418923
106	6	1.189778	0.1737090	0.418923
106	7	1.189778	0.1737090	0.418923
106	8	1.189778	0.1737090	0.418923
106	9	1.189778	0.1737090	0.418923
107	1	1.277172	0.1465198	0.4308177
107	2	-0.2775265	0.5561572	0.9529755
107	3	1.340468	0.1292325	0.4156033
107	4	-0.09431988	0.5656429	0.3190933
107	5	-0.09431988	0.5656429	0.3190933
107	6	-0.09431988	0.5656429	0.3190933
107	7	-0.09431988	0.5656429	0.3190933
107	8	-0.09431988	0.5656429	0.3190933
107	9	-0.09431988	0.5656429	0.3190933
108	1	1.277172	0.1465198	0.4308177
108	2	-0.2775265	0.5561572	0.9529755
108	3	1.340468	0.1292325	0.4156033
108	4	-0.09431988	0.5656429	0.3190933
108	5	-0.09431988	0.5656429	0.3190933
108	6	-0.09431988	0.5656429	0.3190933
108	7	-0.09431988	0.5656429	0.3190933
108	8	-0.09431988	0.5656429	0.3190933
108	9	-0.09431988	0.5656429	0.3190933
109	7	1.120904	0.1941041	0.4197782
109	8	1.120904	0.1941041	0.4197782
109	9	1.120904	0.1941041	0.4197782
110	2	-0.2582084	0.5739871	0.7193615
110	4	-0.0834951	0.5664475	0.2792203
110	5	-0.0834951	0.5664475	0.2792203
110	7	1.201531	0.1704750	0.4163362
110	8	1.201531	0.1704750	0.4163362
110	9	1.201531	0.1704750	0.4163362
111	2	0.1254851	0.522275	0.1011142
111	4	-0.2242886	0.5696632	0.6622532
111	5	-0.2242886	0.5696632	0.6622532
111	7	1.174164	0.1766984	0.4353119
111	8	1.174164	0.1766984	0.4353119
111	9	1.126048	0.2164814	0.1828714
112	2	0.1186334	0.523966	0.1045485
112	4	-0.2250886	0.5697921	0.6633331
112	5	-0.2250886	0.5697921	0.6633331
112	6	1.129997	0.2146354	0.1895264
112	7	1.170486	0.1772334	0.4408484
112	8	1.170486	0.1772334	0.4408484
112	9	1.129997	0.2146354	0.1895264
113	2	1.184933	0.1750997	0.4194180
113	6	1.134174	0.1907499	0.4139106
113	7	-0.1313950	0.5684091	0.4009359
113	8	-0.1313950	0.5684091	0.4009359
113	9	1.134174	0.1907499	0.4139106
114	2	-0.1407064	0.5711481	0.4012334
114	4	-0.1115430	0.5629452	0.3965796
114	5	-0.1115430	0.5629452	0.3965796
114	6	-0.1115430	0.5629452	0.3965796
114	7	1.166637	0.1805592	0.4192336
114	8	1.166637	0.1805592	0.4192336
114	9	-0.1115430	0.5629452	0.3965796
115	2	-0.1407064	0.5711481	0.4012334
115	4	-0.1115430	0.5629452	0.3965796
115	5	-0.1115430	0.5629452	0.3965796
115	6	-0.1115430	0.5629452	0.3965796
115	7	1.166637	0.1805592	0.4192336
115	8	1.166637	0.1805592	0.4192336
115	9	-0.1115430	0.5629452	0.3965796
116	2	1.173399	0.1783587	0.4211135
116	4	0.5814603	0.3931108	0.03737841
116	5	0.5814603	0.3931108	0.03737841
116	6	0.5814603	0.3931108	0.03737841
116	7	-0.1361999	0.5699574	0.3997523
116	9	0.5814603	0.3931108	0.03737841
117	2	1.173399	0.1783587	0.4211135
117	4	0.5814603	0.3931108	0.03737841
117	5	0.5814603	0.3931108	0.03737841
117	6	0.5814603	0.3931108	0.03737841
117	7	-0.1361999	0.5699574	0.3997523
117	9	0.5814603	0.3931108	0.03737841
118	2	1.173399	0.1783587	0.4211135
118	4	0.5814603	0.3931108	0.03737841
118	5	0.5814603	0.3931108	0.03737841
118	6	0.5814603	0.3931108	0.03737841
118	7	-0.1361999	0.5699574	0.3997523
118	9	0.5814603	0.3931108	0.03737841
119	2	1.173399	0.1783587	0.4211135
119	4	0.5814603	0.3931108	0.03737841
119	5	0.5814603	0.3931108	0.03737841
119	6	0.5814603	0.3931108	0.03737841
119	7	-0.1361999	0.5699574	0.3997523
119	9	0.5814603	0.3931108	0.03737841
120	1	1.273471	0.1485299	0.4218055
120	2	-0.2853448	0.5561141	0.9764422
120	3	1.329276	0.1318413	0.4227318
120	4	-0.1397572	0.5711247	0.3986683
120	5	-0.1397572	0.5711247	0.3986683
120	6	-0.1397572	0.5711247	0.3986683
120	7	0.1328207	0.5213898	0.08827011
120	9	-0.1397572	0.5711247	0.3986683
121	1	1.273471	0.1485299	0.4218055
121	2	-0.2853448	0.5561141	0.9764422
121	3	1.329276	0.1318413	0.4227318
121	4	-0.1397572	0.5711247	0.3986683
121	5	-0.1397572	0.5711247	0.3986683
121	6	-0.1397572	0.5711247	0.3986683
121	7	0.1328207	0.5213898	0.08827011
121	9	-0.1397572	0.5711247	0.3986683
122	1	1.273471	0.1485299	0.4218055
122	2	-0.2853448	0.5561141	0.9764422
122	3	1.329276	0.1318413	0.4227318
122	4	-0.1397572	0.5711247	0.3986683
122	5	-0.1397572	0.5711247	0.3986683
122	6	-0.1397572	0.5711247	0.3986683
122	7	0.1328207	0.5213898	0.08827011
122	9	-0.1397572	0.5711247	0.3986683
123	1	1.273471	0.1485299	0.4218055
123	2	-0.2853448	0.5561141	0.9764422
123	3	1.329276	0.1318413	0.4227318
123	4	-0.1397572	0.5711247	0.3986683
123	5	-0.1397572	0.5711247	0.3986683
123	6	-0.1397572	0.5711247	0.3986683
123	7	0.1328207	0.5213898	0.08827011
123	9	-0.1397572	0.5711247	0.3986683
125	7	1.120904	0.1941041	0.4197782
125	8	1.120904	0.1941041	0.4197782
126	7	1.120904	0.1941041	0.4197782
126	8	1.120904	0.1941041	0.4197782
130	1	0.1891642	0.3743813	1.379019
130	2	-0.09070392	0.5683077	0.2820301
130	3	0.4488488	0.3070192	1.281294
130	4	-0.09069158	0.5686173	0.2789263
130	5	-0.09069158	0.5686173	0.2789263
130	6	-0.09069158	0.5686173	0.2789263
130	7	1.282602	0.1745601	0.1369485
130	8	1.282602	0.1745601	0.1369485
130	9	-0.09069158	0.5686173	0.2789263
131	1	0.1891642	0.3743813	1.379019
131	2	-0.09070392	0.5683077	0.2820301
131	3	0.4488488	0.3070192	1.281294
131	4	-0.09069158	0.5686173	0.2789263
131	5	-0.09069158	0.5686173	0.2789263
131	6	-0.09069158	0.5686173	0.2789263
131	7	1.282602	0.1745601	0.1369485
131	8	1.282602	0.1745601	0.1369485
131	9	-0.09069158	0.5686173	0.2789263
132	1	0.05921918	0.4089867	1.419025
132	2	-0.0714119	0.5663042	0.2450336
132	3	0.3194974	0.338366	1.351841
132	4	-0.07144684	0.5665436	0.2427636
132	6	-0.07144684	0.5665436	0.2427636
132	7	1.283848	0.1732302	0.1464554
132	8	1.283848	0.1732302	0.1464554
132	9	-0.07144684	0.5665436	0.2427636
133	1	1.275018	0.1480964	0.421541
133	2	-0.2672315	0.5266599	1.214943
133	3	1.332608	0.1309736	0.4215126
133	4	-0.2851275	0.5511337	1.025155
133	5	-0.2851275	0.5511337	1.025155
133	6	-0.02038969	0.5546622	0.2100452
133	7	0.2522181	0.4902953	0.04455465
133	8	0.2522181	0.4902953	0.04455465
133	9	-0.02038969	0.5546622	0.2100452
134	1	1.275018	0.1480964	0.421541
134	2	-0.2672315	0.5266599	1.214943
134	3	1.332608	0.1309736	0.4215126
134	4	-0.2851275	0.5511337	1.025155
134	5	-0.2851275	0.5511337	1.025155
134	6	-0.02038969	0.5546622	0.2100452
134	7	0.2522181	0.4902953	0.04455465
134	8	0.2522181	0.4902953	0.04455465
134	9	-0.02038969	0.5546622	0.2100452
135	1	1.275018	0.1480964	0.421541
135	2	-0.2672315	0.5266599	1.214943
135	3	1.332608	0.1309736	0.4215126
135	4	-0.2851275	0.5511337	1.025155
135	5	-0.2851275	0.5511337	1.025155
135	6	-0.02038969	0.5546622	0.2100452
135	7	0.2522181	0.4902953	0.04455465
135	8	0.2522181	0.4902953	0.04455465
135	9	-0.02038969	0.5546622	0.2100452
136	1	1.275018	0.1480964	0.421541
136	2	-0.2672315	0.5266599	1.214943
136	3	1.332608	0.1309736	0.4215126
136	4	-0.2851275	0.5511337	1.025155
136	5	-0.2851275	0.5511337	1.025155
136	6	-0.02038969	0.5546622	0.2100452
136	7	0.2522181	0.4902953	0.04455465
136	8	0.2522181	0.4902953	0.04455465
136	9	-0.02038969	0.5546622	0.2100452
137	1	0.8733744	0.3055886	0.04445372
137	2	0.08747503	0.4074318	1.351168
137	3	-0.2098798	0.5942807	0.3758437
137	4	0.259767	0.3655015	1.258958
137	5	0.259767	0.3655015	1.258958
137	6	1.191826	0.1895315	0.2560948
137	7	0.8733744	0.3055886	0.04445372
137	8	0.8733744	0.3055886	0.04445372
137	9	1.191826	0.1895315	0.2560948
138	1	0.8733744	0.3055886	0.04445372
138	2	0.08747503	0.4074318	1.351168
138	3	-0.2098798	0.5942807	0.3758437
138	4	0.259767	0.3655015	1.258958
138	5	0.259767	0.3655015	1.258958
138	6	1.191826	0.1895315	0.2560948
138	7	0.8733744	0.3055886	0.04445372
138	8	0.8733744	0.3055886	0.04445372
138	9	1.191826	0.1895315	0.2560948
139	7	-0.1176448	0.564565	0.3985099
139	8	-0.1176448	0.564565	0.3985099
139	9	1.155933	0.1836266	0.4203787
140	7	-0.1176448	0.564565	0.3985099
140	8	-0.1176448	0.564565	0.3985099
140	9	1.155933	0.1836266	0.4203787
141	7	-0.1176448	0.564565	0.3985099
141	8	-0.1176448	0.564565	0.3985099
141	9	1.155933	0.1836266	0.4203787
142	7	-0.1176448	0.564565	0.3985099
142	8	-0.1176448	0.564565	0.3985099
142	9	1.155933	0.1836266	0.4203787
143	7	-0.1176448	0.564565	0.3985099
143	8	-0.1176448	0.564565	0.3985099
143	9	1.155933	0.1836266	0.4203787
144	7	-0.1176448	0.564565	0.3985099
144	8	-0.1176448	0.564565	0.3985099
144	9	1.155933	0.1836266	0.4203787
145	7	-0.1176448	0.564565	0.3985099
145	8	-0.1176448	0.564565	0.3985099
145	9	1.155933	0.1836266	0.4203787
146	7	-0.1176448	0.564565	0.3985099
146	8	-0.1176448	0.564565	0.3985099
146	9	1.155933	0.1836266	0.4203787
147	1	1.302514	0.1397836	0.4228908
147	2	-0.1254820	0.5669087	0.3983796
147	4	-0.1120155	0.5628808	0.3986107
147	5	-0.1120155	0.5628808	0.3986107
147	6	-0.1254820	0.5669087	0.3983796
147	7	-0.1254820	0.5669087	0.3983796
147	8	-0.1254820	0.5669087	0.3983796
147	9	-0.1254820	0.5669087	0.3983796
148	1	1.302514	0.1397836	0.4228908
148	2	-0.1254820	0.5669087	0.3983796
148	4	-0.1120155	0.5628808	0.3986107
148	5	-0.1120155	0.5628808	0.3986107
148	6	-0.1254820	0.5669087	0.3983796
148	7	-0.1254820	0.5669087	0.3983796
148	8	-0.1254820	0.5669087	0.3983796
148	9	-0.1254820	0.5669087	0.3983796
149	1	1.302514	0.1397836	0.4228908
149	2	-0.1254820	0.5669087	0.3983796
149	4	-0.1120155	0.5628808	0.3986107
149	5	-0.1120155	0.5628808	0.3986107
149	6	-0.1254820	0.5669087	0.3983796
149	7	-0.1254820	0.5669087	0.3983796
149	8	-0.1254820	0.5669087	0.3983796
149	9	-0.1254820	0.5669087	0.3983796
150	1	1.302514	0.1397836	0.4228908
150	2	-0.1254820	0.5669087	0.3983796
150	4	-0.1120155	0.5628808	0.3986107
150	5	-0.1120155	0.5628808	0.3986107
150	6	-0.1254820	0.5669087	0.3983796
150	7	-0.1254820	0.5669087	0.3983796
150	8	-0.1254820	0.5669087	0.3983796
150	9	-0.1254820	0.5669087	0.3983796
151	1	1.302514	0.1397836	0.4228908
151	2	-0.1254820	0.5669087	0.3983796
151	4	-0.1120155	0.5628808	0.3986107
151	5	-0.1120155	0.5628808	0.3986107
151	6	-0.1254820	0.5669087	0.3983796
151	7	-0.1254820	0.5669087	0.3983796
151	8	-0.1254820	0.5669087	0.3983796
151	9	-0.1254820	0.5669087	0.3983796
152	1	1.297568	0.1412622	0.422812
152	2	-0.1278668	0.5676226	0.3983333
152	4	-0.1144300	0.5636035	0.3985641
152	5	-0.1144300	0.5636035	0.3985641
152	6	-0.1278668	0.5676226	0.3983333
152	7	-0.1278668	0.5676226	0.3983333
152	8	-0.1278668	0.5676226	0.3983333
153	1	1.297568	0.1412622	0.422812
153	2	-0.1278668	0.5676226	0.3983333
153	4	-0.1144300	0.5636035	0.3985641
153	5	-0.1144300	0.5636035	0.3985641
153	6	-0.1278668	0.5676226	0.3983333
153	7	-0.1278668	0.5676226	0.3983333
153	8	-0.1278668	0.5676226	0.3983333
154	1	1.297568	0.1412622	0.422812
154	2	-0.1278668	0.5676226	0.3983333
154	4	-0.1144300	0.5636035	0.3985641
154	5	-0.1144300	0.5636035	0.3985641
154	6	-0.1278668	0.5676226	0.3983333
154	7	-0.1278668	0.5676226	0.3983333
154	8	-0.1278668	0.5676226	0.3983333
155	1	1.306241	0.1389049	0.4206155
155	2	-0.03939293	0.5558872	0.2539054
155	4	-0.2389270	0.562804	0.7733612
155	5	-0.2389270	0.562804	0.7733612
155	6	-0.03939293	0.5558872	0.2539054
155	7	-0.03939293	0.5558872	0.2539054
155	9	-0.03939293	0.5558872	0.2539054
156	1	1.310119	0.1377219	0.4209094
156	2	-0.03957045	0.5556269	0.2570078
156	4	-0.2461118	0.5578156	0.8439674
156	5	-0.2461118	0.5578156	0.8439674
156	6	-0.03957045	0.5556269	0.2570078
156	7	-0.03957045	0.5556269	0.2570078
156	8	-0.03957045	0.5556269	0.2570078
156	9	-0.03957045	0.5556269	0.2570078
157	1	1.310119	0.1377219	0.4209094
157	2	-0.03957045	0.5556269	0.2570078
157	4	-0.2461118	0.5578156	0.8439674
157	5	-0.2461118	0.5578156	0.8439674
157	6	-0.03957045	0.5556269	0.2570078
157	7	-0.03957045	0.5556269	0.2570078
157	8	-0.03957045	0.5556269	0.2570078
157	9	-0.03957045	0.5556269	0.2570078
158	1	1.310119	0.1377219	0.4209094
158	2	-0.03957045	0.5556269	0.2570078
158	4	-0.2461118	0.5578156	0.8439674
158	5	-0.2461118	0.5578156	0.8439674
158	6	-0.03957045	0.5556269	0.2570078
158	7	-0.03957045	0.5556269	0.2570078
158	8	-0.03957045	0.5556269	0.2570078
158	9	-0.03957045	0.5556269	0.2570078
159	1	1.310119	0.1377219	0.4209094
159	2	-0.03957045	0.5556269	0.2570078
159	4	-0.2461118	0.5578156	0.8439674
159	5	-0.2461118	0.5578156	0.8439674
159	6	-0.03957045	0.5556269	0.2570078
159	7	-0.03957045	0.5556269	0.2570078
159	8	-0.03957045	0.5556269	0.2570078
159	9	-0.03957045	0.5556269	0.2570078
160	1	1.310119	0.1377219	0.4209094
160	2	-0.03957045	0.5556269	0.2570078
160	4	-0.2461118	0.5578156	0.8439674
160	5	-0.2461118	0.5578156	0.8439674
160	6	-0.03957045	0.5556269	0.2570078
160	7	-0.03957045	0.5556269	0.2570078
160	8	-0.03957045	0.5556269	0.2570078
160	9	-0.03957045	0.5556269	0.2570078
161	1	1.310119	0.1377219	0.4209094
161	2	-0.03957045	0.5556269	0.2570078
161	4	-0.2461118	0.5578156	0.8439674
161	5	-0.2461118	0.5578156	0.8439674
161	6	-0.03957045	0.5556269	0.2570078
161	7	-0.03957045	0.5556269	0.2570078
161	8	-0.03957045	0.5556269	0.2570078
161	9	-0.03957045	0.5556269	0.2570078
162	1	1.310119	0.1377219	0.4209094
162	2	-0.03957045	0.5556269	0.2570078
162	4	-0.2461118	0.5578156	0.8439674
162	5	-0.2461118	0.5578156	0.8439674
162	6	-0.03957045	0.5556269	0.2570078
162	7	-0.03957045	0.5556269	0.2570078
162	8	-0.03957045	0.5556269	0.2570078
162	9	-0.03957045	0.5556269	0.2570078
163	1	1.310119	0.1377219	0.4209094
163	2	-0.03957045	0.5556269	0.2570078
163	4	-0.2461118	0.5578156	0.8439674
163	5	-0.2461118	0.5578156	0.8439674
163	6	-0.03957045	0.5556269	0.2570078
163	7	-0.03957045	0.5556269	0.2570078
163	8	-0.03957045	0.5556269	0.2570078
163	9	-0.03957045	0.5556269	0.2570078
164	1	1.304129	0.1394931	0.4210091
164	2	-0.02573728	0.5537159	0.2351813
164	4	-0.2561746	0.5402787	1.047403
164	5	-0.2561746	0.5402787	1.047403
164	7	-0.02573728	0.5537159	0.2351813
164	8	-0.02573728	0.5537159	0.2351813
164	9	0.249914	0.4897577	0.05667156
165	1	1.304129	0.1394931	0.4210091
165	2	-0.02573728	0.5537159	0.2351813
165	4	-0.2561746	0.5402787	1.047403
165	5	-0.2561746	0.5402787	1.047403
165	7	-0.02573728	0.5537159	0.2351813
165	8	-0.02573728	0.5537159	0.2351813
165	9	0.249914	0.4897577	0.05667156
166	1	1.292182	0.1429576	0.4218838
166	2	-0.2060713	0.5706262	0.599026
166	7	-0.2060713	0.5706262	0.599026
166	8	-0.2060713	0.5706262	0.599026
166	9	0.1481067	0.5167835	0.0888703
167	1	0.9575503	0.2820687	0.02947031
167	2	-0.2027741	0.5717886	0.5777911
167	3	1.139815	0.1583015	0.7188396
167	4	-0.2027741	0.5717886	0.5777911
167	5	-0.2027741	0.5717886	0.5777911
167	7	-0.2027741	0.5717886	0.5777911
167	8	-0.2027741	0.5717886	0.5777911
167	9	-0.1935917	0.5711876	0.5566871
168	1	0.9575503	0.2820687	0.02947031
168	2	-0.2027741	0.5717886	0.5777911
168	3	1.139815	0.1583015	0.7188396
168	4	-0.2027741	0.5717886	0.5777911
168	5	-0.2027741	0.5717886	0.5777911
168	7	-0.2027741	0.5717886	0.5777911
168	8	-0.2027741	0.5717886	0.5777911
168	9	-0.1935917	0.5711876	0.5566871
169	1	0.9575503	0.2820687	0.02947031
169	2	-0.2027741	0.5717886	0.5777911
169	3	1.139815	0.1583015	0.7188396
169	4	-0.2027741	0.5717886	0.5777911
169	5	-0.2027741	0.5717886	0.5777911
169	7	-0.2027741	0.5717886	0.5777911
169	8	-0.2027741	0.5717886	0.5777911
169	9	-0.1935917	0.5711876	0.5566871
170	1	0.3107575	0.475908	0.01461864
170	2	1.050777	0.1953750	0.6138394
170	3	-0.3227945	0.5958291	0.6932436
170	4	1.050777	0.1953750	0.6138394
170	5	1.050777	0.1953750	0.6138394
170	8	1.050777	0.1953750	0.6138394
170	9	1.059681	0.1944212	0.5970512
171	1	0.3107575	0.475908	0.01461864
171	2	1.050777	0.1953750	0.6138394
171	3	-0.3227945	0.5958291	0.6932436
171	4	1.050777	0.1953750	0.6138394
171	5	1.050777	0.1953750	0.6138394
171	8	1.050777	0.1953750	0.6138394
171	9	1.059681	0.1944212	0.5970512
172	1	1.254400	0.1541744	0.4220707
172	3	-0.174514	0.5815752	0.3975323
173	1	1.254400	0.1541744	0.4220707
173	3	-0.174514	0.5815752	0.3975323
174	1	1.254400	0.1541744	0.4220707
174	3	-0.174514	0.5815752	0.3975323
175	1	1.254400	0.1541744	0.4220707
175	3	-0.174514	0.5815752	0.3975323
176	1	1.254400	0.1541744	0.4220707
176	3	-0.174514	0.5815752	0.3975323
177	1	0.7798573	0.3350666	0.027922
177	2	0.9522159	0.2150174	0.7096375
177	3	-0.2266936	0.5952041	0.4162416
177	4	0.9522159	0.2150174	0.7096375
177	5	0.9522159	0.2150174	0.7096375
177	8	0.9522159	0.2150174	0.7096375
177	9	1.077765	0.1934761	0.5531253
178	1	0.7798573	0.3350666	0.027922
178	2	0.9522159	0.2150174	0.7096375
178	3	-0.2266936	0.5952041	0.4162416
178	4	0.9522159	0.2150174	0.7096375
178	5	0.9522159	0.2150174	0.7096375
178	8	0.9522159	0.2150174	0.7096375
178	9	1.077765	0.1934761	0.5531253
179	1	0.7042461	0.3585279	0.01824614
179	2	1.171526	0.1816112	0.3944016
179	3	-0.2138602	0.5943242	0.3871426
179	4	1.171526	0.1816112	0.3944016
179	5	1.171526	0.1816112	0.3944016
179	7	-0.00690626	0.4246771	1.458403
179	8	1.171526	0.1816112	0.3944016
179	9	1.002625	0.2636821	0.07884498
180	1	0.72952	0.350495	0.02336980
180	2	0.9550588	0.2151107	0.7003354
180	3	-0.2299428	0.5959659	0.4182679
180	4	0.9550588	0.2151107	0.7003354
180	5	0.9550588	0.2151107	0.7003354
180	7	0.9550588	0.2151107	0.7003354
180	8	0.9550588	0.2151107	0.7003354
180	9	1.107579	0.1898346	0.5013542
181	1	0.72952	0.350495	0.02336980
181	2	0.9550588	0.2151107	0.7003354
181	3	-0.2299428	0.5959659	0.4182679
181	4	0.9550588	0.2151107	0.7003354
181	5	0.9550588	0.2151107	0.7003354
181	7	0.9550588	0.2151107	0.7003354
181	8	0.9550588	0.2151107	0.7003354
181	9	1.107579	0.1898346	0.5013542
182	1	0.72952	0.350495	0.02336980
182	2	0.9550588	0.2151107	0.7003354
182	3	-0.2299428	0.5959659	0.4182679
182	4	0.9550588	0.2151107	0.7003354
182	5	0.9550588	0.2151107	0.7003354
182	7	0.9550588	0.2151107	0.7003354
182	8	0.9550588	0.2151107	0.7003354
182	9	1.107579	0.1898346	0.5013542
183	1	0.72952	0.350495	0.02336980
183	2	0.9550588	0.2151107	0.7003354
183	3	-0.2299428	0.5959659	0.4182679
183	4	0.9550588	0.2151107	0.7003354
183	5	0.9550588	0.2151107	0.7003354
183	7	0.9550588	0.2151107	0.7003354
183	8	0.9550588	0.2151107	0.7003354
183	9	1.107579	0.1898346	0.5013542
184	1	0.72952	0.350495	0.02336980
184	2	0.9550588	0.2151107	0.7003354
184	3	-0.2299428	0.5959659	0.4182679
184	4	0.9550588	0.2151107	0.7003354
184	5	0.9550588	0.2151107	0.7003354
184	7	0.9550588	0.2151107	0.7003354
184	8	0.9550588	0.2151107	0.7003354
184	9	1.107579	0.1898346	0.5013542
185	1	0.6976662	0.3601873	0.02119285
185	2	0.9402787	0.2183758	0.7115345
185	3	-0.2319554	0.5964903	0.4190012
185	4	0.9402787	0.2183758	0.7115345
185	5	0.9402787	0.2183758	0.7115345
185	6	1.090735	0.1926859	0.5227357
185	7	0.9402787	0.2183758	0.7115345
185	8	0.9402787	0.2183758	0.7115345
185	9	1.090735	0.1926859	0.5227357
186	1	0.6976662	0.3601873	0.02119285
186	2	0.9402787	0.2183758	0.7115345
186	3	-0.2319554	0.5964903	0.4190012
186	4	0.9402787	0.2183758	0.7115345
186	5	0.9402787	0.2183758	0.7115345
186	6	1.090735	0.1926859	0.5227357
186	7	0.9402787	0.2183758	0.7115345
186	8	0.9402787	0.2183758	0.7115345
186	9	1.090735	0.1926859	0.5227357
187	1	0.6976662	0.3601873	0.02119285
187	2	0.9402787	0.2183758	0.7115345
187	3	-0.2319554	0.5964903	0.4190012
187	4	0.9402787	0.2183758	0.7115345
187	5	0.9402787	0.2183758	0.7115345
187	6	1.090735	0.1926859	0.5227357
187	7	0.9402787	0.2183758	0.7115345
187	8	0.9402787	0.2183758	0.7115345
187	9	1.090735	0.1926859	0.5227357
188	1	0.6976662	0.3601873	0.02119285
188	2	0.9402787	0.2183758	0.7115345
188	3	-0.2319554	0.5964903	0.4190012
188	4	0.9402787	0.2183758	0.7115345
188	5	0.9402787	0.2183758	0.7115345
188	6	1.090735	0.1926859	0.5227357
188	7	0.9402787	0.2183758	0.7115345
188	8	0.9402787	0.2183758	0.7115345
188	9	1.090735	0.1926859	0.5227357
189	1	0.2779182	0.3590561	1.269340
189	3	-0.2102237	0.5931801	0.3877642
189	4	1.193442	0.1928634	0.2183137
189	6	1.193442	0.1928634	0.2183137
189	8	1.193442	0.1928634	0.2183137
189	9	1.193442	0.1928634	0.2183137
190	1	0.2779182	0.3590561	1.269340
190	3	-0.2102237	0.5931801	0.3877642
190	4	1.193442	0.1928634	0.2183137
190	6	1.193442	0.1928634	0.2183137
190	8	1.193442	0.1928634	0.2183137
190	9	1.193442	0.1928634	0.2183137
191	1	0.03457311	0.4163676	1.418513
191	3	1.378215	0.1294326	0.3023857
191	4	-0.2697853	0.5471386	1.019533
191	5	-0.2697853	0.5471386	1.019533
191	6	0.2165032	0.4998111	0.05550389
191	8	0.1176192	0.5250714	0.09658297
191	9	0.2165032	0.4998111	0.05550389
192	1	0.03457311	0.4163676	1.418513
192	3	1.378215	0.1294326	0.3023857
192	4	-0.2697853	0.5471386	1.019533
192	5	-0.2697853	0.5471386	1.019533
192	6	0.2165032	0.4998111	0.05550389
192	8	0.1176192	0.5250714	0.09658297
192	9	0.2165032	0.4998111	0.05550389
193	1	0.4038629	0.3257543	1.228204
193	2	0.8097087	0.2408077	0.8740156
193	3	-0.3220783	0.5962962	0.6865048
193	4	0.7897466	0.2445270	0.8959844
193	5	0.7897466	0.2445270	0.8959844
193	6	0.5406233	0.4075599	0.01453546
193	8	0.540378	0.4075731	0.01512733
193	9	0.5406233	0.4075599	0.01453546
194	1	-0.3083249	0.5725156	0.8816301
194	2	-0.1777394	0.5750759	0.4714417
194	3	0.8220671	0.2231112	1.012961
194	4	-0.1891741	0.5759539	0.4964372
194	5	-0.1891741	0.5759539	0.4964372
194	6	1.113871	0.2281378	0.1032439
194	8	0.8022445	0.3286032	0.02599855
194	9	1.113871	0.2281378	0.1032439
195	3	1.295990	0.1418201	0.4219365
195	6	-0.1287181	0.5678992	0.3981003
195	8	-0.1559472	0.5758549	0.3995037
195	9	-0.1287181	0.5678992	0.3981003
196	3	1.295990	0.1418201	0.4219365
196	6	-0.1287181	0.5678992	0.3981003
196	8	-0.1559472	0.5758549	0.3995037
196	9	-0.1287181	0.5678992	0.3981003
197	3	1.295990	0.1418201	0.4219365
197	6	-0.1287181	0.5678992	0.3981003
197	8	-0.1559472	0.5758549	0.3995037
197	9	-0.1287181	0.5678992	0.3981003
198	3	1.295990	0.1418201	0.4219365
198	6	-0.1287181	0.5678992	0.3981003
198	8	-0.1559472	0.5758549	0.3995037
198	9	-0.1287181	0.5678992	0.3981003
199	3	1.295990	0.1418201	0.4219365
199	6	-0.1287181	0.5678992	0.3981003
199	8	-0.1559472	0.5758549	0.3995037
199	9	-0.1287181	0.5678992	0.3981003
200	3	1.295990	0.1418201	0.4219365
200	6	-0.1287181	0.5678992	0.3981003
200	8	-0.1559472	0.5758549	0.3995037
200	9	-0.1287181	0.5678992	0.3981003
201	3	1.282414	0.1459273	0.4212412
201	6	-0.1355274	0.5699017	0.3983227
201	8	-0.1625030	0.5778008	0.3995395
202	3	1.282414	0.1459273	0.4212412
202	6	-0.1355274	0.5699017	0.3983227
202	8	-0.1625030	0.5778008	0.3995395
203	3	1.282414	0.1459273	0.4212412
203	6	-0.1355274	0.5699017	0.3983227
203	8	-0.1625030	0.5778008	0.3995395
204	3	1.282414	0.1459273	0.4212412
204	6	-0.1355274	0.5699017	0.3983227
204	8	-0.1625030	0.5778008	0.3995395
205	3	1.282414	0.1459273	0.4212412
205	6	-0.1355274	0.5699017	0.3983227
205	8	-0.1625030	0.5778008	0.3995395
206	3	1.282414	0.1459273	0.4212412
206	6	-0.1355274	0.5699017	0.3983227
206	8	-0.1625030	0.5778008	0.3995395
207	3	1.194942	0.1719587	0.4210495
207	6	-0.1381195	0.5706892	0.3981575
207	7	1.221827	0.1639171	0.4215112
207	8	-0.1381195	0.5706892	0.3981574
207	9	-0.1381195	0.5706892	0.3981574
208	3	1.194942	0.1719587	0.4210495
208	6	-0.1381195	0.5706892	0.3981575
208	7	1.221827	0.1639171	0.4215112
208	8	-0.1381195	0.5706892	0.3981574
208	9	-0.1381195	0.5706892	0.3981574
209	1	1.120904	0.1941041	0.4197782
209	2	1.120904	0.1941041	0.4197782
209	3	1.120904	0.1941041	0.4197782
209	4	1.120904	0.1941041	0.4197782
209	5	1.120904	0.1941041	0.4197782
209	6	1.120904	0.1941041	0.4197782
209	7	1.120904	0.1941041	0.4197782
209	8	1.120904	0.1941041	0.4197782
209	9	1.120904	0.1941041	0.4197782
210	1	1.120904	0.1941041	0.4197782
210	2	1.120904	0.1941041	0.4197782
210	3	1.120904	0.1941041	0.4197782
210	4	1.120904	0.1941041	0.4197782
210	5	1.120904	0.1941041	0.4197782
210	6	1.120904	0.1941041	0.4197782
210	7	1.120904	0.1941041	0.4197782
210	8	1.120904	0.1941041	0.4197782
210	9	1.120904	0.1941041	0.4197782
211	1	1.120904	0.1941041	0.4197782
211	2	1.120904	0.1941041	0.4197782
211	3	1.120904	0.1941041	0.4197782
211	4	1.120904	0.1941041	0.4197782
211	5	1.120904	0.1941041	0.4197782
211	6	1.120904	0.1941041	0.4197782
211	7	1.120904	0.1941041	0.4197782
211	8	1.120904	0.1941041	0.4197782
211	9	1.120904	0.1941041	0.4197782
212	1	1.120904	0.1941041	0.4197782
212	2	1.120904	0.1941041	0.4197782
212	3	1.120904	0.1941041	0.4197782
212	4	1.120904	0.1941041	0.4197782
212	5	1.120904	0.1941041	0.4197782
212	6	1.120904	0.1941041	0.4197782
212	7	1.120904	0.1941041	0.4197782
212	8	1.120904	0.1941041	0.4197782
212	9	1.120904	0.1941041	0.4197782
213	1	1.120904	0.1941041	0.4197782
213	2	1.120904	0.1941041	0.4197782
213	3	1.120904	0.1941041	0.4197782
213	4	1.120904	0.1941041	0.4197782
213	5	1.120904	0.1941041	0.4197782
213	6	1.120904	0.1941041	0.4197782
213	7	1.120904	0.1941041	0.4197782
213	8	1.120904	0.1941041	0.4197782
213	9	1.120904	0.1941041	0.4197782
214	1	1.120904	0.1941041	0.4197782
214	2	1.120904	0.1941041	0.4197782
214	3	1.120904	0.1941041	0.4197782
214	4	1.120904	0.1941041	0.4197782
214	5	1.120904	0.1941041	0.4197782
214	6	1.120904	0.1941041	0.4197782
214	7	1.120904	0.1941041	0.4197782
214	8	1.120904	0.1941041	0.4197782
214	9	1.120904	0.1941041	0.4197782
215	1	1.120904	0.1941041	0.4197782
215	2	1.120904	0.1941041	0.4197782
215	3	1.120904	0.1941041	0.4197782
215	4	1.120904	0.1941041	0.4197782
215	5	1.120904	0.1941041	0.4197782
215	6	1.120904	0.1941041	0.4197782
215	7	1.120904	0.1941041	0.4197782
215	8	1.120904	0.1941041	0.4197782
215	9	1.120904	0.1941041	0.4197782
216	1	1.120904	0.1941041	0.4197782
216	2	1.120904	0.1941041	0.4197782
216	3	1.120904	0.1941041	0.4197782
216	4	1.120904	0.1941041	0.4197782
216	5	1.120904	0.1941041	0.4197782
216	6	1.120904	0.1941041	0.4197782
216	7	1.120904	0.1941041	0.4197782
216	8	1.120904	0.1941041	0.4197782
216	9	1.120904	0.1941041	0.4197782
217	1	1.120904	0.1941041	0.4197782
217	2	1.120904	0.1941041	0.4197782
217	3	1.120904	0.1941041	0.4197782
217	4	1.120904	0.1941041	0.4197782
217	5	1.120904	0.1941041	0.4197782
217	6	1.120904	0.1941041	0.4197782
217	7	1.120904	0.1941041	0.4197782
217	8	1.120904	0.1941041	0.4197782
217	9	1.120904	0.1941041	0.4197782
218	1	1.120904	0.1941041	0.4197782
218	2	1.120904	0.1941041	0.4197782
218	3	1.120904	0.1941041	0.4197782
218	4	1.120904	0.1941041	0.4197782
218	5	1.120904	0.1941041	0.4197782
218	6	1.120904	0.1941041	0.4197782
218	7	1.120904	0.1941041	0.4197782
218	8	1.120904	0.1941041	0.4197782
218	9	1.120904	0.1941041	0.4197782
219	1	1.120904	0.1941041	0.4197782
219	2	1.120904	0.1941041	0.4197782
219	3	1.120904	0.1941041	0.4197782
219	4	1.120904	0.1941041	0.4197782
219	5	1.120904	0.1941041	0.4197782
219	6	1.120904	0.1941041	0.4197782
219	7	1.120904	0.1941041	0.4197782
219	8	1.120904	0.1941041	0.4197782
219	9	1.120904	0.1941041	0.4197782
220	1	1.120904	0.1941041	0.4197782
220	2	1.120904	0.1941041	0.4197782
220	3	1.120904	0.1941041	0.4197782
220	4	1.120904	0.1941041	0.4197782
220	5	1.120904	0.1941041	0.4197782
220	6	1.120904	0.1941041	0.4197782
220	7	1.120904	0.1941041	0.4197782
220	8	1.120904	0.1941041	0.4197782
220	9	1.120904	0.1941041	0.4197782
221	1	1.120904	0.1941041	0.4197782
221	2	1.120904	0.1941041	0.4197782
221	3	1.120904	0.1941041	0.4197782
221	4	1.120904	0.1941041	0.4197782
221	5	1.120904	0.1941041	0.4197782
221	6	1.120904	0.1941041	0.4197782
221	7	1.120904	0.1941041	0.4197782
221	8	1.120904	0.1941041	0.4197782
221	9	1.120904	0.1941041	0.4197782
222	1	1.120904	0.1941041	0.4197782
222	2	1.120904	0.1941041	0.4197782
222	3	1.120904	0.1941041	0.4197782
222	4	1.120904	0.1941041	0.4197782
222	5	1.120904	0.1941041	0.4197782
222	6	1.120904	0.1941041	0.4197782
222	7	1.120904	0.1941041	0.4197782
222	8	1.120904	0.1941041	0.4197782
222	9	1.120904	0.1941041	0.4197782
223	1	0.007171389	0.5492569	0.1823903
223	2	0.9388322	0.2144622	0.7545786
223	3	-0.311204	0.5948349	0.6689402
223	4	0.9388322	0.2144622	0.7545786
223	5	0.9388322	0.2144622	0.7545786
223	6	0.5842188	0.3947908	0.01260161
223	8	0.5025539	0.3038970	1.153971
223	9	0.5842188	0.3947908	0.01260161
224	1	0.4546844	0.4339952	0.005823226
224	2	0.9972626	0.2022878	0.7030356
224	3	-0.301183	0.5937198	0.6504605
224	4	0.9972626	0.2022878	0.7030356
224	8	1.001302	0.2018268	0.6957008
225	1	0.4546844	0.4339952	0.005823226
225	2	0.9972626	0.2022878	0.7030356
225	3	-0.301183	0.5937198	0.6504605
225	4	0.9972626	0.2022878	0.7030356
225	8	1.001302	0.2018268	0.6957008
226	1	0.4546844	0.4339952	0.005823226
226	2	0.9972626	0.2022878	0.7030356
226	3	-0.301183	0.5937198	0.6504605
226	4	0.9972626	0.2022878	0.7030356
226	8	1.001302	0.2018268	0.6957008
227	1	0.007171389	0.5492569	0.1823903
227	2	0.9388322	0.2144622	0.7545786
227	3	-0.311204	0.5948349	0.6689402
227	4	0.9388322	0.2144622	0.7545786
227	5	0.9388322	0.2144622	0.7545786
227	6	0.5842188	0.3947908	0.01260161
227	8	0.5025539	0.3038970	1.153971
227	9	0.5842188	0.3947908	0.01260161
228	1	0.007171389	0.5492569	0.1823903
228	2	0.9388322	0.2144622	0.7545786
228	3	-0.311204	0.5948349	0.6689402
228	4	0.9388322	0.2144622	0.7545786
228	5	0.9388322	0.2144622	0.7545786
228	6	0.5842188	0.3947908	0.01260161
228	8	0.5025539	0.3038970	1.153971
228	9	0.5842188	0.3947908	0.01260161
229	1	1.050735	0.2511321	0.06143464
229	3	-0.1902286	0.585921	0.4007762
229	8	0.5413652	0.2920533	1.156966
230	1	0.5622092	0.4020225	0.005797933
230	3	1.192265	0.1541863	0.6050552
230	7	-0.2846263	0.5729998	0.8069959
230	8	-0.2846263	0.5729998	0.8069959
231	1	0.4021136	0.4489468	0.01257839
231	2	0.6523731	0.2730377	1.018277
231	3	-0.3255389	0.5960072	0.6995669
231	4	0.6523731	0.2730377	1.018277
231	5	0.6523731	0.2730377	1.018277
231	6	0.62707	0.381428	0.01874375
231	7	0.7239909	0.2615841	0.9207298
231	8	0.7239909	0.2615841	0.9207298
231	9	0.62707	0.381428	0.01874375
232	1	0.4021136	0.4489468	0.01257839
232	2	0.6523731	0.2730377	1.018277
232	3	-0.3255389	0.5960072	0.6995669
232	4	0.6523731	0.2730377	1.018277
232	5	0.6523731	0.2730377	1.018277
232	6	0.62707	0.381428	0.01874375
232	7	0.7239909	0.2615841	0.9207298
232	8	0.7239909	0.2615841	0.9207298
232	9	0.62707	0.381428	0.01874375
233	1	0.4021136	0.4489468	0.01257839
233	2	0.6523731	0.2730377	1.018277
233	3	-0.3255389	0.5960072	0.6995669
233	4	0.6523731	0.2730377	1.018277
233	5	0.6523731	0.2730377	1.018277
233	6	0.62707	0.381428	0.01874375
233	7	0.7239909	0.2615841	0.9207298
233	8	0.7239909	0.2615841	0.9207298
233	9	0.62707	0.381428	0.01874375
234	1	0.4021136	0.4489468	0.01257839
234	2	0.6523731	0.2730377	1.018277
234	3	-0.3255389	0.5960072	0.6995669
234	4	0.6523731	0.2730377	1.018277
234	5	0.6523731	0.2730377	1.018277
234	6	0.62707	0.381428	0.01874375
234	7	0.7239909	0.2615841	0.9207298
234	8	0.7239909	0.2615841	0.9207298
234	9	0.62707	0.381428	0.01874375
235	1	0.4021136	0.4489468	0.01257839
235	2	0.6523731	0.2730377	1.018277
235	3	-0.3255389	0.5960072	0.6995669
235	4	0.6523731	0.2730377	1.018277
235	5	0.6523731	0.2730377	1.018277
235	6	0.62707	0.381428	0.01874375
235	7	0.7239909	0.2615841	0.9207298
235	8	0.7239909	0.2615841	0.9207298
235	9	0.62707	0.381428	0.01874375
236	1	1.255825	0.1518149	0.4412515
236	2	-0.2929258	0.5442194	1.116653
236	3	1.307003	0.1348819	0.4582352
236	4	-0.2929258	0.5442194	1.116653
236	5	-0.2929258	0.5442194	1.116653
236	6	0.2239971	0.4975486	0.0558414
236	7	0.2239971	0.4975486	0.0558414
236	8	0.2239971	0.4975486	0.0558414
236	9	0.2239971	0.4975486	0.0558414
237	1	1.255825	0.1518149	0.4412515
237	2	-0.2929258	0.5442194	1.116653
237	3	1.307003	0.1348819	0.4582352
237	4	-0.2929258	0.5442194	1.116653
237	5	-0.2929258	0.5442194	1.116653
237	6	0.2239971	0.4975486	0.0558414
237	7	0.2239971	0.4975486	0.0558414
237	8	0.2239971	0.4975486	0.0558414
237	9	0.2239971	0.4975486	0.0558414
238	1	-0.1776033	0.5822455	0.3999931
238	3	-0.2048289	0.590374	0.399674
238	4	1.208959	0.1864274	0.2363656
238	5	1.208959	0.1864274	0.2363656
238	6	1.04072	0.2525160	0.07723496
238	7	0.4447927	0.3174339	1.190041
238	8	0.4447927	0.3174339	1.190041
238	9	1.04072	0.2525160	0.07723496
239	1	-0.1776033	0.5822455	0.3999931
239	3	-0.2048289	0.590374	0.399674
239	4	1.208959	0.1864274	0.2363656
239	5	1.208959	0.1864274	0.2363656
239	6	1.04072	0.2525160	0.07723496
239	7	0.4447927	0.3174339	1.190041
239	8	0.4447927	0.3174339	1.190041
239	9	1.04072	0.2525160	0.07723496
240	1	-0.1776033	0.5822455	0.3999931
240	3	-0.2048289	0.590374	0.399674
240	4	1.208959	0.1864274	0.2363656
240	5	1.208959	0.1864274	0.2363656
240	6	1.04072	0.2525160	0.07723496
240	7	0.4447927	0.3174339	1.190041
240	8	0.4447927	0.3174339	1.190041
240	9	1.04072	0.2525160	0.07723496
241	4	-0.1486485	0.5738385	0.3979766
241	5	-0.1486485	0.5738385	0.3979766
241	7	1.200300	0.1703560	0.4211415
241	8	1.200300	0.1703560	0.4211415
242	4	-0.1486485	0.5738385	0.3979766
242	5	-0.1486485	0.5738385	0.3979766
242	7	1.200300	0.1703560	0.4211415
242	8	1.200300	0.1703560	0.4211415
243	4	-0.1486485	0.5738385	0.3979766
243	5	-0.1486485	0.5738385	0.3979766
243	7	1.200300	0.1703560	0.4211415
243	8	1.200300	0.1703560	0.4211415
244	4	-0.1486485	0.5738385	0.3979766
244	5	-0.1486485	0.5738385	0.3979766
244	7	1.200300	0.1703560	0.4211415
244	8	1.200300	0.1703560	0.4211415
245	2	-0.2555785	0.5768253	0.6834866
245	4	-0.09713595	0.5692557	0.2915902
245	5	-0.09713595	0.5692557	0.2915902
245	6	1.190305	0.1738547	0.4159275
245	7	1.190305	0.1738547	0.4159275
245	8	1.190305	0.1738547	0.4159275
245	9	1.190305	0.1738547	0.4159275
246	2	-0.2555785	0.5768253	0.6834866
246	4	-0.09713595	0.5692557	0.2915902
246	5	-0.09713595	0.5692557	0.2915902
246	6	1.190305	0.1738547	0.4159275
246	7	1.190305	0.1738547	0.4159275
246	8	1.190305	0.1738547	0.4159275
246	9	1.190305	0.1738547	0.4159275
247	2	-0.1616625	0.5777312	0.397753
247	4	-0.1616625	0.5777312	0.397753
247	6	1.173602	0.1783417	0.4206832
247	7	1.173602	0.1783417	0.4206832
247	8	1.173602	0.1783417	0.4206832
247	9	1.173602	0.1783417	0.4206832
248	2	-0.1616625	0.5777312	0.397753
248	4	-0.1616625	0.5777312	0.397753
248	6	1.173602	0.1783417	0.4206832
248	7	1.173602	0.1783417	0.4206832
248	8	1.173602	0.1783417	0.4206832
248	9	1.173602	0.1783417	0.4206832
249	7	1.120904	0.1941041	0.4197782
249	8	1.120904	0.1941041	0.4197782
249	9	1.120904	0.1941041	0.4197782
250	1	1.120904	0.1941041	0.4197782
250	2	1.120904	0.1941041	0.4197782
250	3	1.120904	0.1941041	0.4197782
250	4	1.120904	0.1941041	0.4197782
250	5	1.120904	0.1941041	0.4197782
250	6	1.120904	0.1941041	0.4197782
250	7	1.120904	0.1941041	0.4197782
250	8	1.120904	0.1941041	0.4197782
250	9	1.120904	0.1941041	0.4197782
251	1	1.120904	0.1941041	0.4197782
251	2	1.120904	0.1941041	0.4197782
251	3	1.120904	0.1941041	0.4197782
251	4	1.120904	0.1941041	0.4197782
251	5	1.120904	0.1941041	0.4197782
251	6	1.120904	0.1941041	0.4197782
251	7	1.120904	0.1941041	0.4197782
251	8	1.120904	0.1941041	0.4197782
251	9	1.120904	0.1941041	0.4197782
252	1	1.120904	0.1941041	0.4197782
252	2	1.120904	0.1941041	0.4197782
252	3	1.120904	0.1941041	0.4197782
252	4	1.120904	0.1941041	0.4197782
252	5	1.120904	0.1941041	0.4197782
252	6	1.120904	0.1941041	0.4197782
252	7	1.120904	0.1941041	0.4197782
252	9	1.120904	0.1941041	0.4197782
253	1	1.120904	0.1941041	0.4197782
253	2	1.120904	0.1941041	0.4197782
253	3	1.120904	0.1941041	0.4197782
253	4	1.120904	0.1941041	0.4197782
253	5	1.120904	0.1941041	0.4197782
253	6	1.120904	0.1941041	0.4197782
253	7	1.120904	0.1941041	0.4197782
253	9	1.120904	0.1941041	0.4197782
254	1	1.120904	0.1941041	0.4197782
254	2	1.120904	0.1941041	0.4197782
254	3	1.120904	0.1941041	0.4197782
254	4	1.120904	0.1941041	0.4197782
254	5	1.120904	0.1941041	0.4197782
254	6	1.120904	0.1941041	0.4197782
254	7	1.120904	0.1941041	0.4197782
254	9	1.120904	0.1941041	0.4197782
255	1	1.120904	0.1941041	0.4197782
255	2	1.120904	0.1941041	0.4197782
255	3	1.120904	0.1941041	0.4197782
255	4	1.120904	0.1941041	0.4197782
255	5	1.120904	0.1941041	0.4197782
255	6	1.120904	0.1941041	0.4197782
255	7	1.120904	0.1941041	0.4197782
255	9	1.120904	0.1941041	0.4197782
256	1	1.120904	0.1941041	0.4197782
256	2	1.120904	0.1941041	0.4197782
256	3	1.120904	0.1941041	0.4197782
256	4	1.120904	0.1941041	0.4197782
256	5	1.120904	0.1941041	0.4197782
256	6	1.120904	0.1941041	0.4197782
256	7	1.120904	0.1941041	0.4197782
256	8	1.120904	0.1941041	0.4197782
256	9	1.120904	0.1941041	0.4197782
257	1	1.120904	0.1941041	0.4197782
257	2	1.120904	0.1941041	0.4197782
257	3	1.120904	0.1941041	0.4197782
257	4	1.120904	0.1941041	0.4197782
257	5	1.120904	0.1941041	0.4197782
257	6	1.120904	0.1941041	0.4197782
257	7	1.120904	0.1941041	0.4197782
257	8	1.120904	0.1941041	0.4197782
257	9	1.120904	0.1941041	0.4197782
258	1	1.120904	0.1941041	0.4197782
258	2	1.120904	0.1941041	0.4197782
258	3	1.120904	0.1941041	0.4197782
258	4	1.120904	0.1941041	0.4197782
258	5	1.120904	0.1941041	0.4197782
258	6	1.120904	0.1941041	0.4197782
258	7	1.120904	0.1941041	0.4197782
258	8	1.120904	0.1941041	0.4197782
258	9	1.120904	0.1941041	0.4197782
259	1	1.120904	0.1941041	0.4197782
259	2	1.120904	0.1941041	0.4197782
259	3	1.120904	0.1941041	0.4197782
259	4	1.120904	0.1941041	0.4197782
259	5	1.120904	0.1941041	0.4197782
259	6	1.120904	0.1941041	0.4197782
259	7	1.120904	0.1941041	0.4197782
259	8	1.120904	0.1941041	0.4197782
259	9	1.120904	0.1941041	0.4197782
260	1	1.120904	0.1941041	0.4197782
260	2	1.120904	0.1941041	0.4197782
260	3	1.120904	0.1941041	0.4197782
260	4	1.120904	0.1941041	0.4197782
260	5	1.120904	0.1941041	0.4197782
260	6	1.120904	0.1941041	0.4197782
260	7	1.120904	0.1941041	0.4197782
260	8	1.120904	0.1941041	0.4197782
260	9	1.120904	0.1941041	0.4197782
261	1	1.120904	0.1941041	0.4197782
261	2	1.120904	0.1941041	0.4197782
261	3	1.120904	0.1941041	0.4197782
261	4	1.120904	0.1941041	0.4197782
261	5	1.120904	0.1941041	0.4197782
261	6	1.120904	0.1941041	0.4197782
261	7	1.120904	0.1941041	0.4197782
261	8	1.120904	0.1941041	0.4197782
261	9	1.120904	0.1941041	0.4197782
262	1	1.120904	0.1941041	0.4197782
262	2	1.120904	0.1941041	0.4197782
262	3	1.120904	0.1941041	0.4197782
262	4	1.120904	0.1941041	0.4197782
262	5	1.120904	0.1941041	0.4197782
262	6	1.120904	0.1941041	0.4197782
262	7	1.120904	0.1941041	0.4197782
262	8	1.120904	0.1941041	0.4197782
262	9	1.120904	0.1941041	0.4197782
263	1	1.120904	0.1941041	0.4197782
263	2	1.120904	0.1941041	0.4197782
263	3	1.120904	0.1941041	0.4197782
263	4	1.120904	0.1941041	0.4197782
263	5	1.120904	0.1941041	0.4197782
263	6	1.120904	0.1941041	0.4197782
263	7	1.120904	0.1941041	0.4197782
263	8	1.120904	0.1941041	0.4197782
263	9	1.120904	0.1941041	0.4197782
264	1	1.120904	0.1941041	0.4197782
264	2	1.120904	0.1941041	0.4197782
264	3	1.120904	0.1941041	0.4197782
264	4	1.120904	0.1941041	0.4197782
264	5	1.120904	0.1941041	0.4197782
264	6	1.120904	0.1941041	0.4197782
264	7	1.120904	0.1941041	0.4197782
264	8	1.120904	0.1941041	0.4197782
264	9	1.120904	0.1941041	0.4197782
266	1	1.120904	0.1941041	0.4197782
266	2	1.120904	0.1941041	0.4197782
266	3	1.120904	0.1941041	0.4197782
266	4	1.120904	0.1941041	0.4197782
266	5	1.120904	0.1941041	0.4197782
266	6	1.120904	0.1941041	0.4197782
266	7	1.120904	0.1941041	0.4197782
266	8	1.120904	0.1941041	0.4197782
266	9	1.120904	0.1941041	0.4197782
267	1	1.120904	0.1941041	0.4197782
267	2	1.120904	0.1941041	0.4197782
267	3	1.120904	0.1941041	0.4197782
267	4	1.120904	0.1941041	0.4197782
267	5	1.120904	0.1941041	0.4197782
267	6	1.120904	0.1941041	0.4197782
267	7	1.120904	0.1941041	0.4197782
267	8	1.120904	0.1941041	0.4197782
267	9	1.120904	0.1941041	0.4197782
268	1	1.120904	0.1941041	0.4197782
268	2	1.120904	0.1941041	0.4197782
268	3	1.120904	0.1941041	0.4197782
268	4	1.120904	0.1941041	0.4197782
268	5	1.120904	0.1941041	0.4197782
268	6	1.120904	0.1941041	0.4197782
268	7	1.120904	0.1941041	0.4197782
268	8	1.120904	0.1941041	0.4197782
268	9	1.120904	0.1941041	0.4197782
269	1	1.120904	0.1941041	0.4197782
269	2	1.120904	0.1941041	0.4197782
269	3	1.120904	0.1941041	0.4197782
269	4	1.120904	0.1941041	0.4197782
269	5	1.120904	0.1941041	0.4197782
269	6	1.120904	0.1941041	0.4197782
269	7	1.120904	0.1941041	0.4197782
269	8	1.120904	0.1941041	0.4197782
269	9	1.120904	0.1941041	0.4197782
270	1	1.120904	0.1941041	0.4197782
270	2	1.120904	0.1941041	0.4197782
270	3	1.120904	0.1941041	0.4197782
270	4	1.120904	0.1941041	0.4197782
270	5	1.120904	0.1941041	0.4197782
270	6	1.120904	0.1941041	0.4197782
270	7	1.120904	0.1941041	0.4197782
270	8	1.120904	0.1941041	0.4197782
270	9	1.120904	0.1941041	0.4197782
271	1	1.120904	0.1941041	0.4197782
271	2	1.120904	0.1941041	0.4197782
271	3	1.120904	0.1941041	0.4197782
271	4	1.120904	0.1941041	0.4197782
271	5	1.120904	0.1941041	0.4197782
271	6	1.120904	0.1941041	0.4197782
271	7	1.120904	0.1941041	0.4197782
271	8	1.120904	0.1941041	0.4197782
271	9	1.120904	0.1941041	0.4197782
272	1	1.120904	0.1941041	0.4197782
272	2	1.120904	0.1941041	0.4197782
272	3	1.120904	0.1941041	0.4197782
272	4	1.120904	0.1941041	0.4197782
272	5	1.120904	0.1941041	0.4197782
272	6	1.120904	0.1941041	0.4197782
272	7	1.120904	0.1941041	0.4197782
272	8	1.120904	0.1941041	0.4197782
272	9	1.120904	0.1941041	0.4197782
273	1	1.120904	0.1941041	0.4197782
273	2	1.120904	0.1941041	0.4197782
273	3	1.120904	0.1941041	0.4197782
273	4	1.120904	0.1941041	0.4197782
273	5	1.120904	0.1941041	0.4197782
273	6	1.120904	0.1941041	0.4197782
273	7	1.120904	0.1941041	0.4197782
273	8	1.120904	0.1941041	0.4197782
273	9	1.120904	0.1941041	0.4197782
274	1	1.120904	0.1941041	0.4197782
274	2	1.120904	0.1941041	0.4197782
274	3	1.120904	0.1941041	0.4197782
274	4	1.120904	0.1941041	0.4197782
274	5	1.120904	0.1941041	0.4197782
274	6	1.120904	0.1941041	0.4197782
274	7	1.120904	0.1941041	0.4197782
274	8	1.120904	0.1941041	0.4197782
274	9	1.120904	0.1941041	0.4197782
