1	1	1.120904	0.1941041	0.4197782
1	2	1.120904	0.1941041	0.4197782
1	3	1.120904	0.1941041	0.4197782
1	4	1.120904	0.1941041	0.4197782
1	5	1.120904	0.1941041	0.4197782
1	6	1.120904	0.1941041	0.4197782
1	7	1.120904	0.1941041	0.4197782
1	8	1.120904	0.1941041	0.4197782
1	9	1.120904	0.1941041	0.4197782
1	10	1.120904	0.1941041	0.4197782
1	11	1.120904	0.1941041	0.4197782
1	12	1.120904	0.1941041	0.4197782
1	13	1.120904	0.1941041	0.4197782
1	14	1.120904	0.1941041	0.4197782
1	15	1.120904	0.1941041	0.4197782
1	16	1.120904	0.1941041	0.4197782
1	17	1.120904	0.1941041	0.4197782
1	18	1.120904	0.1941041	0.4197782
1	19	1.120904	0.1941041	0.4197782
1	20	1.120904	0.1941041	0.4197782
2	1	1.120904	0.1941041	0.4197782
2	2	1.120904	0.1941041	0.4197782
2	3	1.120904	0.1941041	0.4197782
2	4	1.120904	0.1941041	0.4197782
2	5	1.120904	0.1941041	0.4197782
2	6	1.120904	0.1941041	0.4197782
2	7	1.120904	0.1941041	0.4197782
2	8	1.120904	0.1941041	0.4197782
2	9	1.120904	0.1941041	0.4197782
2	10	1.120904	0.1941041	0.4197782
2	11	1.120904	0.1941041	0.4197782
2	12	1.120904	0.1941041	0.4197782
2	13	1.120904	0.1941041	0.4197782
2	14	1.120904	0.1941041	0.4197782
2	15	1.120904	0.1941041	0.4197782
2	16	1.120904	0.1941041	0.4197782
2	17	1.120904	0.1941041	0.4197782
2	18	1.120904	0.1941041	0.4197782
2	19	1.120904	0.1941041	0.4197782
2	20	1.120904	0.1941041	0.4197782
3	1	1.120904	0.1941041	0.4197782
3	2	1.120904	0.1941041	0.4197782
3	3	1.120904	0.1941041	0.4197782
3	4	1.120904	0.1941041	0.4197782
3	5	1.120904	0.1941041	0.4197782
3	6	1.120904	0.1941041	0.4197782
3	7	1.120904	0.1941041	0.4197782
3	8	1.120904	0.1941041	0.4197782
3	9	1.120904	0.1941041	0.4197782
3	10	1.120904	0.1941041	0.4197782
3	11	1.120904	0.1941041	0.4197782
3	12	1.120904	0.1941041	0.4197782
3	13	1.120904	0.1941041	0.4197782
3	14	1.120904	0.1941041	0.4197782
3	15	1.120904	0.1941041	0.4197782
3	16	1.120904	0.1941041	0.4197782
3	17	1.120904	0.1941041	0.4197782
3	18	1.120904	0.1941041	0.4197782
3	19	1.120904	0.1941041	0.4197782
3	20	1.120904	0.1941041	0.4197782
4	1	1.120904	0.1941041	0.4197782
4	2	1.120904	0.1941041	0.4197782
4	3	1.120904	0.1941041	0.4197782
4	4	1.120904	0.1941041	0.4197782
4	5	1.120904	0.1941041	0.4197782
4	6	1.120904	0.1941041	0.4197782
4	7	1.120904	0.1941041	0.4197782
4	8	1.120904	0.1941041	0.4197782
4	9	1.120904	0.1941041	0.4197782
4	10	1.120904	0.1941041	0.4197782
4	11	1.120904	0.1941041	0.4197782
4	12	1.120904	0.1941041	0.4197782
4	13	1.120904	0.1941041	0.4197782
4	14	1.120904	0.1941041	0.4197782
4	15	1.120904	0.1941041	0.4197782
4	16	1.120904	0.1941041	0.4197782
4	17	1.120904	0.1941041	0.4197782
4	18	1.120904	0.1941041	0.4197782
4	19	1.120904	0.1941041	0.4197782
4	20	1.120904	0.1941041	0.4197782
5	1	1.120904	0.1941041	0.4197782
5	2	1.120904	0.1941041	0.4197782
5	3	1.120904	0.1941041	0.4197782
5	4	1.120904	0.1941041	0.4197782
5	5	1.120904	0.1941041	0.4197782
5	6	1.120904	0.1941041	0.4197782
5	7	1.120904	0.1941041	0.4197782
5	8	1.120904	0.1941041	0.4197782
5	9	1.120904	0.1941041	0.4197782
5	10	1.120904	0.1941041	0.4197782
5	11	1.120904	0.1941041	0.4197782
5	12	1.120904	0.1941041	0.4197782
5	13	1.120904	0.1941041	0.4197782
5	14	1.120904	0.1941041	0.4197782
5	15	1.120904	0.1941041	0.4197782
5	16	1.120904	0.1941041	0.4197782
5	17	1.120904	0.1941041	0.4197782
5	18	1.120904	0.1941041	0.4197782
5	19	1.120904	0.1941041	0.4197782
5	20	1.120904	0.1941041	0.4197782
6	1	1.120904	0.1941041	0.4197782
6	2	1.120904	0.1941041	0.4197782
6	3	1.120904	0.1941041	0.4197782
6	4	1.120904	0.1941041	0.4197782
6	5	1.120904	0.1941041	0.4197782
6	6	1.120904	0.1941041	0.4197782
6	7	1.120904	0.1941041	0.4197782
6	8	1.120904	0.1941041	0.4197782
6	9	1.120904	0.1941041	0.4197782
6	10	1.120904	0.1941041	0.4197782
6	11	1.120904	0.1941041	0.4197782
6	12	1.120904	0.1941041	0.4197782
6	13	1.120904	0.1941041	0.4197782
6	14	1.120904	0.1941041	0.4197782
6	15	1.120904	0.1941041	0.4197782
6	16	1.120904	0.1941041	0.4197782
6	17	1.120904	0.1941041	0.4197782
6	18	1.120904	0.1941041	0.4197782
6	19	1.120904	0.1941041	0.4197782
6	20	1.120904	0.1941041	0.4197782
7	1	1.120904	0.1941041	0.4197782
7	2	1.120904	0.1941041	0.4197782
7	3	1.120904	0.1941041	0.4197782
7	4	1.120904	0.1941041	0.4197782
7	5	1.120904	0.1941041	0.4197782
7	6	1.120904	0.1941041	0.4197782
7	7	1.120904	0.1941041	0.4197782
7	8	1.120904	0.1941041	0.4197782
7	9	1.120904	0.1941041	0.4197782
7	10	1.120904	0.1941041	0.4197782
7	11	1.120904	0.1941041	0.4197782
7	12	1.120904	0.1941041	0.4197782
7	13	1.120904	0.1941041	0.4197782
7	14	1.120904	0.1941041	0.4197782
7	15	1.120904	0.1941041	0.4197782
7	16	1.120904	0.1941041	0.4197782
7	17	1.120904	0.1941041	0.4197782
7	18	1.120904	0.1941041	0.4197782
7	19	1.120904	0.1941041	0.4197782
7	20	1.120904	0.1941041	0.4197782
8	3	1.120904	0.1941041	0.4197782
8	5	1.120904	0.1941041	0.4197782
8	7	1.120904	0.1941041	0.4197782
8	10	1.120904	0.1941041	0.4197782
8	11	1.120904	0.1941041	0.4197782
8	12	1.120904	0.1941041	0.4197782
8	13	1.120904	0.1941041	0.4197782
8	14	1.120904	0.1941041	0.4197782
8	15	1.120904	0.1941041	0.4197782
8	16	1.120904	0.1941041	0.4197782
8	17	1.120904	0.1941041	0.4197782
8	18	1.120904	0.1941041	0.4197782
8	19	1.120904	0.1941041	0.4197782
8	20	1.120904	0.1941041	0.4197782
9	1	-0.1099424	0.5622604	0.398649
9	2	-0.1099421	0.5622604	0.3986483
9	3	-0.1230390	0.5661777	0.3984244
9	4	1.221427	0.1640377	0.4214957
9	5	-0.1230390	0.5661777	0.3984243
9	6	1.221427	0.1640377	0.4214957
9	7	-0.1230390	0.5661777	0.3984244
9	8	1.221427	0.1640377	0.4214957
9	9	1.221427	0.1640377	0.4214957
9	10	-0.1230390	0.5661777	0.3984244
9	11	-0.1230390	0.5661777	0.3984244
9	12	-0.1230390	0.5661777	0.3984244
9	13	-0.1230390	0.5661777	0.3984244
9	14	-0.1230390	0.5661777	0.3984244
9	15	-0.1230390	0.5661777	0.3984244
9	16	-0.1230390	0.5661777	0.3984244
9	17	-0.1230390	0.5661777	0.3984244
9	18	-0.1230390	0.5661777	0.3984244
9	19	-0.1230390	0.5661777	0.3984244
9	20	-0.1230390	0.5661777	0.3984244
18	1	-0.1266720	0.5649196	0.4215973
18	2	-0.1266720	0.5649196	0.4215973
18	3	-0.1400235	0.568841	0.4220834
18	4	1.219798	0.1669883	0.3970579
18	5	-0.1400235	0.568841	0.4220834
18	6	1.219798	0.1669883	0.3970579
18	7	-0.1400235	0.568841	0.4220834
18	8	1.219798	0.1669883	0.3970579
18	9	1.219798	0.1669883	0.3970579
18	13	-0.1400235	0.568841	0.4220834
18	14	-0.1400235	0.568841	0.4220834
18	15	-0.1400235	0.568841	0.4220834
18	16	-0.1400235	0.568841	0.4220834
18	17	-0.1400235	0.568841	0.4220834
19	1	1.120904	0.1941041	0.4197782
19	2	1.120904	0.1941041	0.4197782
19	3	1.120904	0.1941041	0.4197782
19	4	1.120904	0.1941041	0.4197782
19	5	1.120904	0.1941041	0.4197782
19	6	1.120904	0.1941041	0.4197782
19	7	1.120904	0.1941041	0.4197782
19	8	1.120904	0.1941041	0.4197782
19	9	1.120904	0.1941041	0.4197782
19	10	1.120904	0.1941041	0.4197782
19	11	1.120904	0.1941041	0.4197782
19	12	1.120904	0.1941041	0.4197782
19	13	1.120904	0.1941041	0.4197782
19	14	1.120904	0.1941041	0.4197782
19	15	1.120904	0.1941041	0.4197782
19	16	1.120904	0.1941041	0.4197782
19	17	1.120904	0.1941041	0.4197782
19	18	1.120904	0.1941041	0.4197782
19	19	1.120904	0.1941041	0.4197782
19	20	1.120904	0.1941041	0.4197782
20	1	1.120904	0.1941041	0.4197782
20	2	1.120904	0.1941041	0.4197782
20	3	1.120904	0.1941041	0.4197782
20	4	1.120904	0.1941041	0.4197782
20	5	1.120904	0.1941041	0.4197782
20	6	1.120904	0.1941041	0.4197782
20	7	1.120904	0.1941041	0.4197782
20	8	1.120904	0.1941041	0.4197782
20	9	1.120904	0.1941041	0.4197782
20	10	1.120904	0.1941041	0.4197782
20	11	1.120904	0.1941041	0.4197782
20	12	1.120904	0.1941041	0.4197782
20	13	1.120904	0.1941041	0.4197782
20	14	1.120904	0.1941041	0.4197782
20	15	1.120904	0.1941041	0.4197782
20	16	1.120904	0.1941041	0.4197782
20	17	1.120904	0.1941041	0.4197782
20	18	1.120904	0.1941041	0.4197782
20	19	1.120904	0.1941041	0.4197782
20	20	1.120904	0.1941041	0.4197782
21	1	1.120904	0.1941041	0.4197782
21	2	1.120904	0.1941041	0.4197782
21	3	1.120904	0.1941041	0.4197782
21	4	1.120904	0.1941041	0.4197782
21	5	1.120904	0.1941041	0.4197782
21	6	1.120904	0.1941041	0.4197782
21	7	1.120904	0.1941041	0.4197782
21	8	1.120904	0.1941041	0.4197782
21	9	1.120904	0.1941041	0.4197782
21	10	1.120904	0.1941041	0.4197782
21	11	1.120904	0.1941041	0.4197782
21	12	1.120904	0.1941041	0.4197782
21	13	1.120904	0.1941041	0.4197782
21	14	1.120904	0.1941041	0.4197782
21	15	1.120904	0.1941041	0.4197782
21	16	1.120904	0.1941041	0.4197782
21	17	1.120904	0.1941041	0.4197782
21	18	1.120904	0.1941041	0.4197782
21	19	1.120904	0.1941041	0.4197782
21	20	1.120904	0.1941041	0.4197782
22	1	1.120904	0.1941041	0.4197782
22	2	1.120904	0.1941041	0.4197782
22	3	1.120904	0.1941041	0.4197782
22	4	1.120904	0.1941041	0.4197782
22	5	1.120904	0.1941041	0.4197782
22	6	1.120904	0.1941041	0.4197782
22	7	1.120904	0.1941041	0.4197782
22	8	1.120904	0.1941041	0.4197782
22	9	1.120904	0.1941041	0.4197782
22	10	1.120904	0.1941041	0.4197782
22	11	1.120904	0.1941041	0.4197782
22	12	1.120904	0.1941041	0.4197782
22	13	1.120904	0.1941041	0.4197782
22	14	1.120904	0.1941041	0.4197782
22	15	1.120904	0.1941041	0.4197782
22	16	1.120904	0.1941041	0.4197782
22	17	1.120904	0.1941041	0.4197782
22	18	1.120904	0.1941041	0.4197782
22	19	1.120904	0.1941041	0.4197782
22	20	1.120904	0.1941041	0.4197782
23	1	1.120904	0.1941041	0.4197782
23	2	1.120904	0.1941041	0.4197782
23	3	1.120904	0.1941041	0.4197782
23	4	1.120904	0.1941041	0.4197782
23	5	1.120904	0.1941041	0.4197782
23	6	1.120904	0.1941041	0.4197782
23	7	1.120904	0.1941041	0.4197782
23	8	1.120904	0.1941041	0.4197782
23	9	1.120904	0.1941041	0.4197782
23	10	1.120904	0.1941041	0.4197782
23	11	1.120904	0.1941041	0.4197782
23	12	1.120904	0.1941041	0.4197782
23	13	1.120904	0.1941041	0.4197782
23	14	1.120904	0.1941041	0.4197782
23	15	1.120904	0.1941041	0.4197782
23	16	1.120904	0.1941041	0.4197782
23	17	1.120904	0.1941041	0.4197782
23	18	1.120904	0.1941041	0.4197782
23	19	1.120904	0.1941041	0.4197782
23	20	1.120904	0.1941041	0.4197782
24	1	0.2963184	0.3585782	1.219853
24	2	0.2963184	0.3585782	1.219853
24	3	0.2963184	0.3585782	1.219853
24	4	0.2963184	0.3585782	1.219853
24	5	0.1824513	0.3728108	1.414364
24	6	0.2963184	0.3585782	1.219853
24	7	0.1990177	0.3719185	1.374388
24	8	0.2963184	0.3585782	1.219853
24	9	0.2963184	0.3585782	1.219853
24	10	0.6345825	0.3775495	0.03503975
24	11	0.1286500	0.5280204	0.03485393
24	12	0.1286500	0.5280204	0.03485393
24	13	0.6345825	0.3775495	0.03503975
24	14	0.6345825	0.3775495	0.03503975
24	15	0.6345825	0.3775495	0.03503975
24	16	0.6345825	0.3775495	0.03503975
24	17	0.9218975	0.2927914	0.02827649
24	18	0.6345825	0.3775495	0.03503975
24	19	0.6345825	0.3775495	0.03503975
24	20	0.6345825	0.3775495	0.03503975
25	1	0.1449421	0.39788	1.276474
25	2	0.1449421	0.39788	1.276474
25	3	0.1449421	0.39788	1.276474
25	4	0.1449421	0.39788	1.276474
25	5	0.08688867	0.3988064	1.43837
25	6	0.1449421	0.39788	1.276474
25	7	0.1013435	0.3982813	1.400977
25	8	0.1449421	0.39788	1.276474
25	9	0.1449421	0.39788	1.276474
25	10	0.4529806	0.4314676	0.03589183
25	11	0.4380431	0.4405439	-0.01003176
25	12	0.4380431	0.4405439	-0.01003176
25	13	0.4529806	0.4314676	0.03589183
25	14	0.4529806	0.4314676	0.03589183
25	15	0.4529806	0.4314676	0.03589183
25	16	0.4529806	0.4314676	0.03589183
25	18	0.4529806	0.4314676	0.03589183
25	19	0.4529806	0.4314676	0.03589183
25	20	0.4529806	0.4314676	0.03589183
26	1	0.1471311	0.3972991	1.275781
26	2	0.1471311	0.3972991	1.275781
26	3	0.1471311	0.3972991	1.275781
26	4	0.1471311	0.3972991	1.275781
26	5	0.08941023	0.3981412	1.437530
26	6	0.1471311	0.3972991	1.275781
26	7	0.1037924	0.3976348	1.400167
26	8	0.1471311	0.3972991	1.275781
26	9	0.1471311	0.3972991	1.275781
26	10	0.4513813	0.4319335	0.03598735
26	11	0.4360769	0.4411213	-0.009959117
26	12	0.4360769	0.4411213	-0.009959117
26	13	0.4513813	0.4319335	0.03598735
26	14	0.4513813	0.4319335	0.03598735
26	15	0.4513813	0.4319335	0.03598735
26	16	0.4513813	0.4319335	0.03598735
26	17	0.4513813	0.4319335	0.03598735
26	18	0.4513813	0.4319335	0.03598735
26	20	0.4513813	0.4319335	0.03598735
27	1	-0.1278126	0.4784641	1.281693
27	2	-0.1278126	0.4784641	1.281693
27	3	-0.1278126	0.4784641	1.281693
27	4	0.8035561	0.242813	0.8722749
27	5	-0.2934824	0.5164327	1.393647
27	6	0.78836	0.2444300	0.9010325
27	7	-0.2630844	0.5103432	1.364413
27	8	0.8035561	0.242813	0.8722749
27	9	0.78836	0.2444300	0.9010325
27	11	0.4947082	0.4238667	-0.0117528
27	12	0.4947082	0.4238667	-0.0117528
27	13	0.512496	0.4139593	0.03400717
27	14	0.512496	0.4139593	0.03400717
27	15	0.512496	0.4139593	0.03400717
27	16	0.512496	0.4139593	0.03400717
27	17	0.512496	0.4139593	0.03400717
27	18	0.512496	0.4139593	0.03400717
27	19	0.512496	0.4139593	0.03400717
27	20	0.512496	0.4139593	0.03400717
28	1	-0.1370425	0.4818386	1.275452
28	2	-0.1370425	0.4818386	1.275452
28	3	-0.1370425	0.4818386	1.275452
28	4	0.7969915	0.2429071	0.8906873
28	5	-0.2904891	0.5152489	1.396557
28	6	0.7969915	0.2429071	0.8906873
28	7	-0.2588296	0.5087312	1.367849
28	8	0.7969915	0.2429071	0.8906873
28	9	0.7969915	0.2429071	0.8906873
28	11	0.475763	0.4294868	-0.01161571
28	12	0.475763	0.4294868	-0.01161571
28	13	0.5069947	0.4156053	0.03390795
28	14	0.5069947	0.4156053	0.03390795
28	15	0.5069947	0.4156053	0.03390795
28	16	0.5069947	0.4156053	0.03390795
28	17	0.5069947	0.4156053	0.03390795
28	18	0.5069947	0.4156053	0.03390795
28	19	0.5069947	0.4156053	0.03390795
28	20	0.5069947	0.4156053	0.03390795
29	11	1.120904	0.1941041	0.4197782
29	12	1.120904	0.1941041	0.4197782
30	11	1.120904	0.1941041	0.4197782
30	12	1.120904	0.1941041	0.4197782
31	11	1.120904	0.1941041	0.4197782
31	12	1.120904	0.1941041	0.4197782
32	11	1.120904	0.1941041	0.4197782
32	12	1.120904	0.1941041	0.4197782
33	11	1.120904	0.1941041	0.4197782
33	12	1.120904	0.1941041	0.4197782
35	1	0.03631736	0.420894	1.368519
35	2	0.03631736	0.420894	1.368519
35	3	0.03631736	0.420894	1.368519
35	4	0.6123966	0.2792125	1.074892
35	5	-0.3209299	0.5685257	0.9583136
35	6	0.5956824	0.2827850	1.088746
35	7	-0.3115203	0.5487076	1.126972
35	8	0.6123966	0.2792125	1.074892
35	9	0.5956824	0.2827850	1.088746
35	11	0.4703229	0.4278536	0.02059968
35	12	0.4703229	0.4278536	0.02059968
35	13	0.4703229	0.4278536	0.02059968
35	14	0.4703229	0.4278536	0.02059968
35	15	0.4703229	0.4278536	0.02059968
35	16	0.4703229	0.4278536	0.02059968
35	17	0.4703229	0.4278536	0.02059968
35	18	0.4703229	0.4278536	0.02059968
35	19	0.4703229	0.4278536	0.02059968
35	20	0.4703229	0.4278536	0.02059968
36	1	0.02210524	0.424339	1.376261
36	2	0.02210524	0.424339	1.376261
36	3	0.02210524	0.424339	1.376261
36	4	0.5754812	0.2870626	1.105886
36	5	-0.3230793	0.5682167	0.9677092
36	6	0.5593656	0.290537	1.118947
36	7	-0.3131241	0.548373	1.135014
36	8	0.5754812	0.2870626	1.105886
36	9	0.5593656	0.290537	1.118947
36	10	0.4817404	0.4244148	0.02103080
36	11	0.4817404	0.4244148	0.02103080
36	12	0.4817404	0.4244148	0.02103080
36	13	0.4817404	0.4244148	0.02103080
36	14	0.4817404	0.4244148	0.02103080
36	15	0.4817404	0.4244148	0.02103080
36	16	0.4817404	0.4244148	0.02103080
36	17	0.4817404	0.4244148	0.02103080
36	18	0.4817404	0.4244148	0.02103080
36	19	0.4817404	0.4244148	0.02103080
36	20	0.4817404	0.4244148	0.02103080
37	1	-0.09456855	0.4584106	1.382448
37	2	-0.09456855	0.4584106	1.382448
37	3	-0.09456855	0.4584106	1.382448
37	4	0.4521904	0.3151992	1.190386
37	5	-0.3176486	0.573932	0.8950697
37	6	0.4054139	0.3261938	1.219278
37	7	0.4169808	0.3291718	1.155681
37	8	0.4521904	0.3151992	1.190386
37	9	0.4054139	0.3261938	1.219278
37	10	0.4889665	0.4222569	0.02111940
37	11	0.4889665	0.4222569	0.02111940
37	12	0.4889665	0.4222569	0.02111940
37	13	0.4889665	0.4222569	0.02111940
37	14	0.4889665	0.4222569	0.02111940
37	15	0.4889665	0.4222569	0.02111940
37	16	0.4889665	0.4222569	0.02111940
37	17	0.4889665	0.4222569	0.02111940
37	18	0.4889665	0.4222569	0.02111940
37	19	0.4889665	0.4222569	0.02111940
37	20	0.4889665	0.4222569	0.02111940
38	1	-0.06856735	0.448805	1.401014
38	2	-0.06856735	0.448805	1.401014
38	3	-0.06856735	0.448805	1.401014
38	5	-0.3238666	0.5641297	1.01053
38	6	0.3366659	0.3417708	1.267509
38	7	0.8196417	0.2361161	0.8912366
38	9	0.3366659	0.3417708	1.267509
38	10	0.5133692	0.4148257	0.02284787
38	11	0.5133692	0.4148257	0.02284787
38	12	0.5133692	0.4148257	0.02284787
38	13	0.5133692	0.4148257	0.02284787
38	14	0.5133692	0.4148257	0.02284787
38	15	0.5133692	0.4148257	0.02284787
38	16	0.5133692	0.4148257	0.02284787
38	17	0.5133692	0.4148257	0.02284787
38	18	0.5133692	0.4148257	0.02284787
38	19	0.5133692	0.4148257	0.02284787
38	20	0.5133692	0.4148257	0.02284787
39	1	1.120904	0.1941041	0.4197782
39	2	1.120904	0.1941041	0.4197782
40	1	-0.2332213	0.5034116	1.345099
40	2	-0.2332213	0.5034116	1.345099
40	4	0.232156	0.3683893	1.311707
40	6	0.2071591	0.3731546	1.338148
40	8	0.232156	0.3683893	1.311707
40	9	0.2071591	0.3731546	1.338148
40	10	0.514986	0.4142798	0.02349297
40	11	0.514986	0.4142798	0.02349297
40	12	0.514986	0.4142798	0.02349297
40	13	0.514986	0.4142798	0.02349297
40	14	0.514986	0.4142798	0.02349297
40	15	0.514986	0.4142798	0.02349297
40	16	0.514986	0.4142798	0.02349297
40	17	0.514986	0.4142798	0.02349297
40	18	0.514986	0.4142798	0.02349297
40	19	0.514986	0.4142798	0.02349297
40	20	0.514986	0.4142798	0.02349297
41	1	0.1662827	0.385068	1.340548
41	2	0.1662827	0.385068	1.340548
41	3	0.4037369	0.3263640	1.222533
41	4	0.04983983	0.4178681	1.358655
41	6	0.06111579	0.4129881	1.373784
41	7	-0.2982693	0.5369854	1.204086
41	8	0.04983983	0.4178681	1.358655
41	9	0.06111579	0.4129881	1.373784
41	10	0.5008927	0.418719	0.02103423
41	11	0.5008927	0.418719	0.02103423
41	12	0.5008927	0.418719	0.02103423
41	13	0.5008927	0.418719	0.02103423
41	14	0.5008927	0.418719	0.02103423
41	15	0.5008927	0.418719	0.02103423
41	16	0.5008927	0.418719	0.02103423
41	17	0.5008927	0.418719	0.02103423
41	18	0.5008927	0.418719	0.02103423
41	19	0.5008927	0.418719	0.02103423
41	20	0.5008927	0.418719	0.02103423
42	1	0.2150508	0.3727949	1.318456
42	2	0.2150508	0.3727949	1.318456
42	3	0.2033157	0.3762857	1.318446
42	4	0.2944706	0.3544255	1.266449
42	5	-0.2834499	0.5856809	0.6778646
42	6	0.2150360	0.372714	1.319301
42	7	0.1145652	0.4008080	1.336976
42	8	0.2944706	0.3544255	1.266449
42	9	0.2150360	0.372714	1.319301
42	10	0.4924946	0.4212204	0.02099434
42	11	0.4924946	0.4212204	0.02099434
42	12	0.4924946	0.4212204	0.02099434
42	13	0.4924946	0.4212204	0.02099434
42	14	0.4924946	0.4212204	0.02099434
42	15	0.4924946	0.4212204	0.02099434
42	16	0.4924946	0.4212204	0.02099434
42	17	0.4924946	0.4212204	0.02099434
42	18	0.4924946	0.4212204	0.02099434
42	19	0.4924946	0.4212204	0.02099434
42	20	0.4924946	0.4212204	0.02099434
43	1	0.2150508	0.3727949	1.318456
43	2	0.2150508	0.3727949	1.318456
43	3	0.2033157	0.3762857	1.318446
43	4	0.2944706	0.3544255	1.266449
43	5	-0.2834499	0.5856809	0.6778646
43	6	0.2150360	0.372714	1.319301
43	7	0.1145652	0.4008080	1.336976
43	8	0.2944706	0.3544255	1.266449
43	9	0.2150360	0.372714	1.319301
43	10	0.4924946	0.4212204	0.02099434
43	11	0.4924946	0.4212204	0.02099434
43	12	0.4924946	0.4212204	0.02099434
43	13	0.4924946	0.4212204	0.02099434
43	14	0.4924946	0.4212204	0.02099434
43	15	0.4924946	0.4212204	0.02099434
43	16	0.4924946	0.4212204	0.02099434
43	17	0.4924946	0.4212204	0.02099434
43	18	0.4924946	0.4212204	0.02099434
43	19	0.4924946	0.4212204	0.02099434
43	20	0.4924946	0.4212204	0.02099434
44	1	0.2150508	0.3727949	1.318456
44	2	0.2150508	0.3727949	1.318456
44	3	0.2033157	0.3762857	1.318446
44	4	0.2944706	0.3544255	1.266449
44	5	-0.2834499	0.5856809	0.6778646
44	6	0.2150360	0.372714	1.319301
44	7	0.1145652	0.4008080	1.336976
44	8	0.2944706	0.3544255	1.266449
44	9	0.2150360	0.372714	1.319301
44	10	0.4924946	0.4212204	0.02099434
44	11	0.4924946	0.4212204	0.02099434
44	12	0.4924946	0.4212204	0.02099434
44	13	0.4924946	0.4212204	0.02099434
44	14	0.4924946	0.4212204	0.02099434
44	15	0.4924946	0.4212204	0.02099434
44	16	0.4924946	0.4212204	0.02099434
44	17	0.4924946	0.4212204	0.02099434
44	18	0.4924946	0.4212204	0.02099434
44	19	0.4924946	0.4212204	0.02099434
44	20	0.4924946	0.4212204	0.02099434
45	1	0.2150508	0.3727949	1.318456
45	2	0.2150508	0.3727949	1.318456
45	3	0.2033157	0.3762857	1.318446
45	4	0.2944706	0.3544255	1.266449
45	5	-0.2834499	0.5856809	0.6778646
45	6	0.2150360	0.372714	1.319301
45	7	0.1145652	0.4008080	1.336976
45	8	0.2944706	0.3544255	1.266449
45	9	0.2150360	0.372714	1.319301
45	10	0.4924946	0.4212204	0.02099434
45	11	0.4924946	0.4212204	0.02099434
45	12	0.4924946	0.4212204	0.02099434
45	13	0.4924946	0.4212204	0.02099434
45	14	0.4924946	0.4212204	0.02099434
45	15	0.4924946	0.4212204	0.02099434
45	16	0.4924946	0.4212204	0.02099434
45	17	0.4924946	0.4212204	0.02099434
45	18	0.4924946	0.4212204	0.02099434
45	19	0.4924946	0.4212204	0.02099434
45	20	0.4924946	0.4212204	0.02099434
46	1	0.2150508	0.3727949	1.318456
46	2	0.2150508	0.3727949	1.318456
46	3	0.2033157	0.3762857	1.318446
46	4	0.2944706	0.3544255	1.266449
46	5	-0.2834499	0.5856809	0.6778646
46	6	0.2150360	0.372714	1.319301
46	7	0.1145652	0.4008080	1.336976
46	8	0.2944706	0.3544255	1.266449
46	9	0.2150360	0.372714	1.319301
46	10	0.4924946	0.4212204	0.02099434
46	11	0.4924946	0.4212204	0.02099434
46	12	0.4924946	0.4212204	0.02099434
46	13	0.4924946	0.4212204	0.02099434
46	14	0.4924946	0.4212204	0.02099434
46	15	0.4924946	0.4212204	0.02099434
46	16	0.4924946	0.4212204	0.02099434
46	17	0.4924946	0.4212204	0.02099434
46	18	0.4924946	0.4212204	0.02099434
46	19	0.4924946	0.4212204	0.02099434
46	20	0.4924946	0.4212204	0.02099434
47	1	0.2101991	0.3732267	1.328474
47	2	0.2101991	0.3732267	1.328474
47	3	0.1972847	0.3769895	1.329244
47	4	0.27872	0.3575441	1.281960
47	5	-0.3039746	0.584597	0.7490889
47	6	0.210319	0.3731163	1.329215
47	7	0.1061777	0.4020588	1.349298
47	8	0.27872	0.3575441	1.281960
47	9	0.210319	0.3731163	1.329215
47	10	0.4901728	0.4220379	0.01973504
47	11	0.4901728	0.4220379	0.01973504
47	12	0.4901728	0.4220379	0.01973504
47	13	0.4901728	0.4220379	0.01973504
47	14	0.4901728	0.4220379	0.01973504
47	15	0.4901728	0.4220379	0.01973504
47	16	0.4901728	0.4220379	0.01973504
47	17	0.4901728	0.4220379	0.01973504
47	18	0.4901728	0.4220379	0.01973504
47	19	0.4901728	0.4220379	0.01973504
47	20	0.4901728	0.4220379	0.01973504
48	10	1.120904	0.1941041	0.4197782
48	11	1.120904	0.1941041	0.4197782
48	12	1.120904	0.1941041	0.4197782
48	13	1.120904	0.1941041	0.4197782
48	14	1.120904	0.1941041	0.4197782
48	15	1.120904	0.1941041	0.4197782
48	16	1.120904	0.1941041	0.4197782
48	17	1.120904	0.1941041	0.4197782
48	18	1.120904	0.1941041	0.4197782
48	19	1.120904	0.1941041	0.4197782
48	20	1.120904	0.1941041	0.4197782
49	10	1.120904	0.1941041	0.4197782
49	11	1.120904	0.1941041	0.4197782
49	12	1.120904	0.1941041	0.4197782
49	13	1.120904	0.1941041	0.4197782
49	14	1.120904	0.1941041	0.4197782
49	15	1.120904	0.1941041	0.4197782
49	16	1.120904	0.1941041	0.4197782
49	17	1.120904	0.1941041	0.4197782
49	18	1.120904	0.1941041	0.4197782
49	19	1.120904	0.1941041	0.4197782
49	20	1.120904	0.1941041	0.4197782
50	10	1.120904	0.1941041	0.4197782
50	11	1.120904	0.1941041	0.4197782
50	12	1.120904	0.1941041	0.4197782
50	13	1.120904	0.1941041	0.4197782
50	14	1.120904	0.1941041	0.4197782
50	15	1.120904	0.1941041	0.4197782
50	16	1.120904	0.1941041	0.4197782
50	17	1.120904	0.1941041	0.4197782
50	18	1.120904	0.1941041	0.4197782
50	19	1.120904	0.1941041	0.4197782
50	20	1.120904	0.1941041	0.4197782
51	10	1.120904	0.1941041	0.4197782
51	11	1.120904	0.1941041	0.4197782
51	12	1.120904	0.1941041	0.4197782
51	13	1.120904	0.1941041	0.4197782
51	14	1.120904	0.1941041	0.4197782
51	15	1.120904	0.1941041	0.4197782
51	16	1.120904	0.1941041	0.4197782
51	17	1.120904	0.1941041	0.4197782
51	18	1.120904	0.1941041	0.4197782
51	19	1.120904	0.1941041	0.4197782
51	20	1.120904	0.1941041	0.4197782
52	10	1.120904	0.1941041	0.4197782
52	11	1.120904	0.1941041	0.4197782
52	12	1.120904	0.1941041	0.4197782
52	13	1.120904	0.1941041	0.4197782
52	14	1.120904	0.1941041	0.4197782
52	15	1.120904	0.1941041	0.4197782
52	16	1.120904	0.1941041	0.4197782
52	17	1.120904	0.1941041	0.4197782
52	18	1.120904	0.1941041	0.4197782
52	19	1.120904	0.1941041	0.4197782
52	20	1.120904	0.1941041	0.4197782
53	10	1.120904	0.1941041	0.4197782
53	11	1.120904	0.1941041	0.4197782
53	12	1.120904	0.1941041	0.4197782
53	13	1.120904	0.1941041	0.4197782
53	14	1.120904	0.1941041	0.4197782
53	15	1.120904	0.1941041	0.4197782
53	16	1.120904	0.1941041	0.4197782
53	17	1.120904	0.1941041	0.4197782
53	18	1.120904	0.1941041	0.4197782
53	19	1.120904	0.1941041	0.4197782
53	20	1.120904	0.1941041	0.4197782
54	10	1.120904	0.1941041	0.4197782
54	11	1.120904	0.1941041	0.4197782
54	12	1.120904	0.1941041	0.4197782
54	13	1.120904	0.1941041	0.4197782
54	14	1.120904	0.1941041	0.4197782
54	15	1.120904	0.1941041	0.4197782
54	16	1.120904	0.1941041	0.4197782
54	17	1.120904	0.1941041	0.4197782
54	18	1.120904	0.1941041	0.4197782
54	19	1.120904	0.1941041	0.4197782
54	20	1.120904	0.1941041	0.4197782
55	10	1.120904	0.1941041	0.4197782
55	11	1.120904	0.1941041	0.4197782
55	12	1.120904	0.1941041	0.4197782
55	13	1.120904	0.1941041	0.4197782
55	14	1.120904	0.1941041	0.4197782
55	15	1.120904	0.1941041	0.4197782
55	16	1.120904	0.1941041	0.4197782
55	17	1.120904	0.1941041	0.4197782
55	18	1.120904	0.1941041	0.4197782
55	19	1.120904	0.1941041	0.4197782
55	20	1.120904	0.1941041	0.4197782
56	10	1.247979	0.1560954	0.4219545
56	11	-0.1229193	0.5661422	0.3984236
56	12	-0.1229193	0.5661422	0.3984236
56	13	-0.1229193	0.5661422	0.3984236
56	14	-0.1229193	0.5661422	0.3984236
56	15	-0.1229193	0.5661422	0.3984236
56	16	-0.1229193	0.5661422	0.3984236
56	17	-0.1229193	0.5661422	0.3984236
56	18	-0.1229193	0.5661422	0.3984236
56	19	-0.1229193	0.5661422	0.3984236
56	20	1.247979	0.1560954	0.4219545
57	10	1.247979	0.1560954	0.4219545
57	11	-0.1229193	0.5661422	0.3984236
57	12	-0.1229193	0.5661422	0.3984236
57	13	-0.1229193	0.5661422	0.3984236
57	14	-0.1229193	0.5661422	0.3984236
57	15	-0.1229193	0.5661422	0.3984236
57	16	-0.1229193	0.5661422	0.3984236
57	17	-0.1229193	0.5661422	0.3984236
57	18	-0.1229193	0.5661422	0.3984236
57	19	-0.1229193	0.5661422	0.3984236
57	20	1.247979	0.1560954	0.4219545
58	10	1.247979	0.1560954	0.4219545
58	11	-0.1229193	0.5661422	0.3984236
58	12	-0.1229193	0.5661422	0.3984236
58	13	-0.1229193	0.5661422	0.3984236
58	14	-0.1229193	0.5661422	0.3984236
58	15	-0.1229193	0.5661422	0.3984236
58	16	-0.1229193	0.5661422	0.3984236
58	17	-0.1229193	0.5661422	0.3984236
58	18	-0.1229193	0.5661422	0.3984236
58	19	-0.1229193	0.5661422	0.3984236
58	20	1.247979	0.1560954	0.4219545
59	10	1.247979	0.1560954	0.4219545
59	11	-0.1229193	0.5661422	0.3984236
59	12	-0.1229193	0.5661422	0.3984236
59	13	-0.1229193	0.5661422	0.3984236
59	14	-0.1229193	0.5661422	0.3984236
59	15	-0.1229193	0.5661422	0.3984236
59	16	-0.1229193	0.5661422	0.3984236
59	17	-0.1229193	0.5661422	0.3984236
59	18	-0.1229193	0.5661422	0.3984236
59	19	-0.1229193	0.5661422	0.3984236
59	20	1.247979	0.1560954	0.4219545
60	10	1.247979	0.1560954	0.4219545
60	11	-0.1229193	0.5661422	0.3984236
60	12	-0.1229193	0.5661422	0.3984236
60	13	-0.1229193	0.5661422	0.3984236
60	14	-0.1229193	0.5661422	0.3984236
60	15	-0.1229193	0.5661422	0.3984236
60	16	-0.1229193	0.5661422	0.3984236
60	17	-0.1229193	0.5661422	0.3984236
60	18	-0.1229193	0.5661422	0.3984236
60	19	-0.1229193	0.5661422	0.3984236
60	20	1.247979	0.1560954	0.4219545
61	10	1.249179	0.1557362	0.4219801
61	11	-0.1255771	0.5669376	0.3983734
61	12	-0.1255771	0.5669376	0.3983735
61	13	-0.1223253	0.565965	0.3984293
61	14	-0.1223253	0.565965	0.3984293
61	15	-0.1223253	0.565965	0.3984293
61	16	-0.1223253	0.565965	0.3984293
61	17	-0.1223253	0.565965	0.3984293
61	18	-0.1223252	0.565965	0.3984293
61	19	-0.1223253	0.565965	0.3984293
61	20	1.249179	0.1557362	0.4219802
62	10	1.250385	0.1553763	0.4219911
62	11	-0.1282346	0.5677316	0.3983366
62	12	-0.1282346	0.5677316	0.3983367
62	13	-0.1217370	0.5657881	0.3984481
62	14	-0.1217370	0.5657881	0.3984481
62	15	-0.1217370	0.5657881	0.3984481
62	16	-0.1217370	0.5657881	0.3984481
62	17	-0.1217370	0.5657881	0.3984481
62	18	-0.1217370	0.5657881	0.3984481
62	19	-0.1217370	0.5657881	0.3984481
62	20	1.250385	0.1553763	0.4219911
63	11	1.120904	0.1941041	0.4197782
63	12	1.120904	0.1941041	0.4197782
64	11	1.120904	0.1941041	0.4197782
64	12	1.120904	0.1941041	0.4197782
65	11	1.120904	0.1941041	0.4197782
65	12	1.120904	0.1941041	0.4197782
66	11	1.120904	0.1941041	0.4197782
66	12	1.120904	0.1941041	0.4197782
67	11	1.120904	0.1941041	0.4197782
67	12	1.120904	0.1941041	0.4197782
68	10	-0.3132502	0.5827168	0.795055
68	11	1.120000	0.1788272	0.5738305
68	12	1.120000	0.1788272	0.5738305
68	13	1.119342	0.2215103	0.1527984
68	14	1.119342	0.2215103	0.1527984
68	15	1.119342	0.2215103	0.1527984
68	16	1.119342	0.2215103	0.1527984
68	17	0.2630901	0.4876602	0.03862949
68	18	1.119342	0.2215103	0.1527984
68	19	1.119342	0.2215103	0.1527984
68	20	-0.3132502	0.5827168	0.795055
69	10	-0.3132502	0.5827168	0.795055
69	11	1.120000	0.1788272	0.5738305
69	12	1.120000	0.1788272	0.5738305
69	13	1.119342	0.2215103	0.1527984
69	14	1.119342	0.2215103	0.1527984
69	15	1.119342	0.2215103	0.1527984
69	16	1.119342	0.2215103	0.1527984
69	17	0.2630901	0.4876602	0.03862949
69	18	1.119342	0.2215103	0.1527984
69	19	1.119342	0.2215103	0.1527984
69	20	-0.3132502	0.5827168	0.795055
70	10	-0.3132502	0.5827168	0.795055
70	11	1.120000	0.1788272	0.5738305
70	12	1.120000	0.1788272	0.5738305
70	13	1.119342	0.2215103	0.1527984
70	14	1.119342	0.2215103	0.1527984
70	15	1.119342	0.2215103	0.1527984
70	16	1.119342	0.2215103	0.1527984
70	17	0.2630901	0.4876602	0.03862949
70	18	1.119342	0.2215103	0.1527984
70	19	1.119342	0.2215103	0.1527984
70	20	-0.3132502	0.5827168	0.795055
71	10	1.279366	0.1467072	0.4224944
71	11	-0.1463344	0.5731459	0.3980208
71	12	-0.1463344	0.5731459	0.3980208
71	13	-0.1205491	0.5654333	0.3984634
71	14	-0.1205491	0.5654333	0.3984634
71	15	-0.1205491	0.5654333	0.3984634
71	16	-0.1205491	0.5654333	0.3984634
71	17	-0.1205491	0.5654333	0.3984634
71	18	-0.1205491	0.5654333	0.3984634
71	19	-0.1205491	0.5654333	0.3984634
71	20	1.279366	0.1467072	0.4224944
72	10	1.279366	0.1467072	0.4224944
72	11	-0.1463344	0.5731459	0.3980208
72	12	-0.1463344	0.5731459	0.3980208
72	13	-0.1205491	0.5654333	0.3984634
72	14	-0.1205491	0.5654333	0.3984634
72	15	-0.1205491	0.5654333	0.3984634
72	16	-0.1205491	0.5654333	0.3984634
72	17	-0.1205491	0.5654333	0.3984634
72	18	-0.1205491	0.5654333	0.3984634
72	19	-0.1205491	0.5654333	0.3984634
72	20	1.279366	0.1467072	0.4224944
73	10	1.120904	0.1941041	0.4197782
73	20	1.120904	0.1941041	0.4197782
74	10	1.120904	0.1941041	0.4197782
74	20	1.120904	0.1941041	0.4197782
75	10	1.120904	0.1941041	0.4197782
75	20	1.120904	0.1941041	0.4197782
76	1	0.1134176	0.3834915	1.511956
76	2	0.1134176	0.3834915	1.511956
76	3	0.1011904	0.3868853	1.514357
76	4	0.1307589	0.3807053	1.488464
76	5	-0.3994929	0.5459143	1.413896
76	6	0.1141244	0.3832678	1.512091
76	7	0.0371489	0.4042744	1.53076
76	8	0.1307589	0.3807053	1.488464
76	9	0.1141244	0.3832678	1.512091
76	10	0.3968082	0.4511983	0.00590146
76	11	0.4707838	0.4297888	6.37713e-05
76	12	0.4707838	0.4297888	6.37713e-05
76	13	0.48699	0.4249987	-0.0002252703
76	14	0.48699	0.4249987	-0.0002252703
76	15	0.48699	0.4249987	-0.0002252703
76	16	0.48699	0.4249987	-0.0002252703
76	17	0.48699	0.4249987	-0.0002252703
76	18	0.48699	0.4249987	-0.0002252703
76	19	0.48699	0.4249987	-0.0002252703
76	20	0.3968082	0.4511983	0.00590146
77	1	0.1204743	0.382388	1.502096
77	2	0.1204743	0.382388	1.502096
77	3	0.1079222	0.385866	1.504621
77	4	0.1394398	0.3791719	1.478078
77	5	-0.4009626	0.5483989	1.393605
77	6	0.1211949	0.3821601	1.502231
77	7	0.0419638	0.4037538	1.521731
77	8	0.1394398	0.3791719	1.478078
77	9	0.1211949	0.3821601	1.502231
77	10	0.467419	0.4306414	0.001530529
77	11	0.467419	0.4306414	0.001530529
77	12	0.467419	0.4306414	0.001530529
77	13	0.467419	0.4306414	0.001530529
77	14	0.467419	0.4306414	0.001530529
77	15	0.467419	0.4306414	0.001530529
77	16	0.467419	0.4306414	0.001530529
77	17	0.467419	0.4306414	0.001530529
77	18	0.467419	0.4306414	0.001530529
77	19	0.467419	0.4306414	0.001530529
77	20	0.467419	0.4306414	0.001530529
78	1	0.1204743	0.382388	1.502096
78	2	0.1204743	0.382388	1.502096
78	3	0.1079222	0.385866	1.504621
78	4	0.1394398	0.3791719	1.478078
78	5	-0.4009626	0.5483989	1.393605
78	6	0.1211949	0.3821601	1.502231
78	7	0.0419638	0.4037538	1.521731
78	8	0.1394398	0.3791719	1.478078
78	9	0.1211949	0.3821601	1.502231
78	10	0.467419	0.4306414	0.001530529
78	11	0.467419	0.4306414	0.001530529
78	12	0.467419	0.4306414	0.001530529
78	13	0.467419	0.4306414	0.001530529
78	14	0.467419	0.4306414	0.001530529
78	15	0.467419	0.4306414	0.001530529
78	16	0.467419	0.4306414	0.001530529
78	17	0.467419	0.4306414	0.001530529
78	18	0.467419	0.4306414	0.001530529
78	19	0.467419	0.4306414	0.001530529
78	20	0.467419	0.4306414	0.001530529
79	1	0.1204743	0.382388	1.502096
79	2	0.1204743	0.382388	1.502096
79	3	0.1079222	0.385866	1.504621
79	4	0.1394398	0.3791719	1.478078
79	5	-0.4009626	0.5483989	1.393605
79	6	0.1211949	0.3821601	1.502231
79	7	0.0419638	0.4037538	1.521731
79	8	0.1394398	0.3791719	1.478078
79	9	0.1211949	0.3821601	1.502231
79	10	0.467419	0.4306414	0.001530529
79	11	0.467419	0.4306414	0.001530529
79	12	0.467419	0.4306414	0.001530529
79	13	0.467419	0.4306414	0.001530529
79	14	0.467419	0.4306414	0.001530529
79	15	0.467419	0.4306414	0.001530529
79	16	0.467419	0.4306414	0.001530529
79	17	0.467419	0.4306414	0.001530529
79	18	0.467419	0.4306414	0.001530529
79	19	0.467419	0.4306414	0.001530529
79	20	0.467419	0.4306414	0.001530529
80	1	0.1177861	0.3829099	1.504846
80	2	0.1177861	0.3829099	1.504846
80	3	0.1461443	0.3791353	1.458683
80	4	0.1347421	0.3802167	1.481568
80	5	-0.4016633	0.5483812	1.395846
80	6	0.1180532	0.3827961	1.505187
80	7	0.03653985	0.4050090	1.525275
80	8	0.1347421	0.3802167	1.481568
80	9	0.1180532	0.3827961	1.505187
80	10	0.4678883	0.4304798	0.001749621
80	11	0.4678883	0.4304798	0.001749621
80	12	0.4678883	0.4304798	0.001749621
80	13	0.4678883	0.4304798	0.001749621
80	14	0.4678883	0.4304798	0.001749621
80	15	0.4678883	0.4304798	0.001749621
80	16	0.4678883	0.4304798	0.001749621
80	17	0.4678883	0.4304798	0.001749621
80	18	0.4678883	0.4304798	0.001749621
80	19	0.4678883	0.4304798	0.001749621
80	20	0.4678883	0.4304798	0.001749621
81	1	0.1281537	0.3820495	1.48282
81	2	0.1281537	0.3820495	1.48282
81	3	0.1601969	0.3773215	1.435246
81	4	0.1467706	0.3789197	1.458974
81	5	-0.3988571	0.5526391	1.345382
81	6	0.1283507	0.381951	1.483216
81	7	0.04314985	0.4051921	1.503983
81	8	0.1467706	0.3789197	1.458974
81	9	0.1283507	0.381951	1.483216
81	10	0.4696952	0.4297282	0.003872593
81	11	0.4696952	0.4297282	0.003872593
81	12	0.4696952	0.4297282	0.003872593
81	13	0.4696952	0.4297282	0.003872593
81	14	0.4696952	0.4297282	0.003872593
81	15	0.4696952	0.4297282	0.003872593
81	16	0.4696952	0.4297282	0.003872593
81	17	0.4696952	0.4297282	0.003872593
81	18	0.4696952	0.4297282	0.003872593
81	19	0.4696952	0.4297282	0.003872593
81	20	0.4696952	0.4297282	0.003872593
82	1	0.1303594	0.3805713	1.490969
82	2	0.1303594	0.3805713	1.490969
82	3	0.278528	0.3467198	1.389790
82	4	0.05611171	0.4015855	1.501526
82	5	-0.05185678	0.4551804	1.288592
82	6	0.07162203	0.3957504	1.513641
82	7	-0.2268985	0.4812396	1.546181
82	8	0.05611171	0.4015855	1.501526
82	9	0.07162203	0.3957504	1.513641
82	10	0.4516643	0.4348869	0.005886154
82	11	0.4516643	0.4348869	0.005886154
82	12	0.4516643	0.4348869	0.005886154
82	13	0.4516643	0.4348869	0.005886154
82	14	0.4516643	0.4348869	0.005886154
82	15	0.4516643	0.4348869	0.005886154
82	16	0.4516643	0.4348869	0.005886154
82	17	0.4516643	0.4348869	0.005886154
82	18	0.4516643	0.4348869	0.005886154
82	19	0.4516643	0.4348869	0.005886154
82	20	0.4516643	0.4348869	0.005886154
83	1	0.1303594	0.3805713	1.490969
83	2	0.1303594	0.3805713	1.490969
83	3	0.278528	0.3467198	1.389790
83	4	0.05611171	0.4015855	1.501526
83	5	-0.05185678	0.4551804	1.288592
83	6	0.07162203	0.3957504	1.513641
83	7	-0.2268985	0.4812396	1.546181
83	8	0.05611171	0.4015855	1.501526
83	9	0.07162203	0.3957504	1.513641
83	10	0.4516643	0.4348869	0.005886154
83	11	0.4516643	0.4348869	0.005886154
83	12	0.4516643	0.4348869	0.005886154
83	13	0.4516643	0.4348869	0.005886154
83	14	0.4516643	0.4348869	0.005886154
83	15	0.4516643	0.4348869	0.005886154
83	16	0.4516643	0.4348869	0.005886154
83	17	0.4516643	0.4348869	0.005886154
83	18	0.4516643	0.4348869	0.005886154
83	19	0.4516643	0.4348869	0.005886154
83	20	0.4516643	0.4348869	0.005886154
84	1	0.03130442	0.4246367	1.346202
84	2	0.03130442	0.4246367	1.346202
84	3	0.03130442	0.4246367	1.346202
84	4	0.07836534	0.4148448	1.304553
84	5	0.6157762	0.3836544	0.02996241
84	6	0.05774466	0.4189075	1.325061
84	7	-0.3084709	0.5857867	0.7505499
84	8	0.07836534	0.4148448	1.304553
84	9	0.05774466	0.4189075	1.325061
84	10	0.6963044	0.3596182	0.03084519
84	11	0.6963044	0.3596182	0.03084519
84	12	0.6963044	0.3596182	0.03084519
84	13	0.6963044	0.3596182	0.03084519
84	14	0.6963044	0.3596182	0.03084519
84	15	0.6963044	0.3596182	0.03084519
84	16	0.6963044	0.3596182	0.03084519
84	17	0.6963044	0.3596182	0.03084519
84	18	0.6963044	0.3596182	0.03084519
84	19	0.6963044	0.3596182	0.03084519
84	20	0.6963044	0.3596182	0.03084519
85	1	0.03130442	0.4246367	1.346202
85	2	0.03130442	0.4246367	1.346202
85	3	0.03130442	0.4246367	1.346202
85	4	0.07836534	0.4148448	1.304553
85	5	0.6157762	0.3836544	0.02996241
85	6	0.05774466	0.4189075	1.325061
85	7	-0.3084709	0.5857867	0.7505499
85	8	0.07836534	0.4148448	1.304553
85	9	0.05774466	0.4189075	1.325061
85	10	0.6963044	0.3596182	0.03084519
85	11	0.6963044	0.3596182	0.03084519
85	12	0.6963044	0.3596182	0.03084519
85	13	0.6963044	0.3596182	0.03084519
85	14	0.6963044	0.3596182	0.03084519
85	15	0.6963044	0.3596182	0.03084519
85	16	0.6963044	0.3596182	0.03084519
85	17	0.6963044	0.3596182	0.03084519
85	18	0.6963044	0.3596182	0.03084519
85	19	0.6963044	0.3596182	0.03084519
85	20	0.6963044	0.3596182	0.03084519
86	1	0.03130442	0.4246367	1.346202
86	2	0.03130442	0.4246367	1.346202
86	3	0.03130442	0.4246367	1.346202
86	4	0.07836534	0.4148448	1.304553
86	5	0.6157762	0.3836544	0.02996241
86	6	0.05774466	0.4189075	1.325061
86	7	-0.3084709	0.5857867	0.7505499
86	8	0.07836534	0.4148448	1.304553
86	9	0.05774466	0.4189075	1.325061
86	10	0.6963044	0.3596182	0.03084519
86	11	0.6963044	0.3596182	0.03084519
86	12	0.6963044	0.3596182	0.03084519
86	13	0.6963044	0.3596182	0.03084519
86	14	0.6963044	0.3596182	0.03084519
86	15	0.6963044	0.3596182	0.03084519
86	16	0.6963044	0.3596182	0.03084519
86	17	0.6963044	0.3596182	0.03084519
86	18	0.6963044	0.3596182	0.03084519
86	19	0.6963044	0.3596182	0.03084519
86	20	0.6963044	0.3596182	0.03084519
87	1	0.03130442	0.4246367	1.346202
87	2	0.03130442	0.4246367	1.346202
87	3	0.03130442	0.4246367	1.346202
87	4	0.07836534	0.4148448	1.304553
87	5	0.6157762	0.3836544	0.02996241
87	6	0.05774466	0.4189075	1.325061
87	7	-0.3084709	0.5857867	0.7505499
87	8	0.07836534	0.4148448	1.304553
87	9	0.05774466	0.4189075	1.325061
87	10	0.6963044	0.3596182	0.03084519
87	11	0.6963044	0.3596182	0.03084519
87	12	0.6963044	0.3596182	0.03084519
87	13	0.6963044	0.3596182	0.03084519
87	14	0.6963044	0.3596182	0.03084519
87	15	0.6963044	0.3596182	0.03084519
87	16	0.6963044	0.3596182	0.03084519
87	17	0.6963044	0.3596182	0.03084519
87	18	0.6963044	0.3596182	0.03084519
87	19	0.6963044	0.3596182	0.03084519
87	20	0.6963044	0.3596182	0.03084519
88	1	0.03130442	0.4246367	1.346202
88	2	0.03130442	0.4246367	1.346202
88	3	0.03130442	0.4246367	1.346202
88	4	0.07836534	0.4148448	1.304553
88	5	0.6157762	0.3836544	0.02996241
88	6	0.05774466	0.4189075	1.325061
88	7	-0.3084709	0.5857867	0.7505499
88	8	0.07836534	0.4148448	1.304553
88	9	0.05774466	0.4189075	1.325061
88	10	0.6963044	0.3596182	0.03084519
88	11	0.6963044	0.3596182	0.03084519
88	12	0.6963044	0.3596182	0.03084519
88	13	0.6963044	0.3596182	0.03084519
88	14	0.6963044	0.3596182	0.03084519
88	15	0.6963044	0.3596182	0.03084519
88	16	0.6963044	0.3596182	0.03084519
88	17	0.6963044	0.3596182	0.03084519
88	18	0.6963044	0.3596182	0.03084519
88	19	0.6963044	0.3596182	0.03084519
88	20	0.6963044	0.3596182	0.03084519
89	1	0.03130442	0.4246367	1.346202
89	2	0.03130442	0.4246367	1.346202
89	3	0.03130442	0.4246367	1.346202
89	4	0.07836534	0.4148448	1.304553
89	5	0.6157762	0.3836544	0.02996241
89	6	0.05774466	0.4189075	1.325061
89	7	-0.3084709	0.5857867	0.7505499
89	8	0.07836534	0.4148448	1.304553
89	9	0.05774466	0.4189075	1.325061
89	10	0.6963044	0.3596182	0.03084519
89	11	0.6963044	0.3596182	0.03084519
89	12	0.6963044	0.3596182	0.03084519
89	13	0.6963044	0.3596182	0.03084519
89	14	0.6963044	0.3596182	0.03084519
89	15	0.6963044	0.3596182	0.03084519
89	16	0.6963044	0.3596182	0.03084519
89	17	0.6963044	0.3596182	0.03084519
89	18	0.6963044	0.3596182	0.03084519
89	19	0.6963044	0.3596182	0.03084519
89	20	0.6963044	0.3596182	0.03084519
90	1	0.03130442	0.4246367	1.346202
90	2	0.03130442	0.4246367	1.346202
90	3	0.03130442	0.4246367	1.346202
90	4	0.07836534	0.4148448	1.304553
90	5	0.6157762	0.3836544	0.02996241
90	6	0.05774466	0.4189075	1.325061
90	7	-0.3084709	0.5857867	0.7505499
90	8	0.07836534	0.4148448	1.304553
90	9	0.05774466	0.4189075	1.325061
90	10	0.6963044	0.3596182	0.03084519
90	11	0.6963044	0.3596182	0.03084519
90	12	0.6963044	0.3596182	0.03084519
90	13	0.6963044	0.3596182	0.03084519
90	14	0.6963044	0.3596182	0.03084519
90	15	0.6963044	0.3596182	0.03084519
90	16	0.6963044	0.3596182	0.03084519
90	17	0.6963044	0.3596182	0.03084519
90	18	0.6963044	0.3596182	0.03084519
90	19	0.6963044	0.3596182	0.03084519
90	20	0.6963044	0.3596182	0.03084519
91	1	0.03130442	0.4246367	1.346202
91	2	0.03130442	0.4246367	1.346202
91	3	0.03130442	0.4246367	1.346202
91	4	0.07836534	0.4148448	1.304553
91	5	0.6157762	0.3836544	0.02996241
91	6	0.05774466	0.4189075	1.325061
91	7	-0.3084709	0.5857867	0.7505499
91	8	0.07836534	0.4148448	1.304553
91	9	0.05774466	0.4189075	1.325061
91	10	0.6963044	0.3596182	0.03084519
91	11	0.6963044	0.3596182	0.03084519
91	12	0.6963044	0.3596182	0.03084519
91	13	0.6963044	0.3596182	0.03084519
91	14	0.6963044	0.3596182	0.03084519
91	15	0.6963044	0.3596182	0.03084519
91	16	0.6963044	0.3596182	0.03084519
91	17	0.6963044	0.3596182	0.03084519
91	18	0.6963044	0.3596182	0.03084519
91	19	0.6963044	0.3596182	0.03084519
91	20	0.6963044	0.3596182	0.03084519
92	1	0.03130442	0.4246367	1.346202
92	2	0.03130442	0.4246367	1.346202
92	3	0.03130442	0.4246367	1.346202
92	4	0.07836534	0.4148448	1.304553
92	5	0.6157762	0.3836544	0.02996241
92	6	0.05774466	0.4189075	1.325061
92	7	-0.3084709	0.5857867	0.7505499
92	8	0.07836534	0.4148448	1.304553
92	9	0.05774466	0.4189075	1.325061
92	10	0.6963044	0.3596182	0.03084519
92	11	0.6963044	0.3596182	0.03084519
92	12	0.6963044	0.3596182	0.03084519
92	13	0.6963044	0.3596182	0.03084519
92	14	0.6963044	0.3596182	0.03084519
92	15	0.6963044	0.3596182	0.03084519
92	16	0.6963044	0.3596182	0.03084519
92	17	0.6963044	0.3596182	0.03084519
92	18	0.6963044	0.3596182	0.03084519
92	19	0.6963044	0.3596182	0.03084519
92	20	0.6963044	0.3596182	0.03084519
93	1	-0.02836376	0.4222661	1.545527
93	2	-0.02836376	0.4222661	1.545527
93	3	-0.02836376	0.4222661	1.545527
93	5	-0.01226614	0.4344251	1.3776
93	6	-0.02360057	0.4228202	1.526
93	9	-0.02360057	0.4228202	1.526
93	10	0.07363235	0.5383628	0.09449458
93	11	0.07363235	0.5383628	0.09449458
93	12	0.07363235	0.5383628	0.09449458
93	13	0.8446808	0.3159093	0.02673609
93	14	0.8446808	0.3159093	0.02673609
93	15	0.8446808	0.3159093	0.02673609
93	16	0.8446808	0.3159093	0.02673609
93	17	0.8446808	0.3159093	0.02673609
93	18	0.8446808	0.3159093	0.02673609
93	19	0.8446808	0.3159093	0.02673609
93	20	0.07363235	0.5383628	0.09449458
94	1	-0.03328185	0.4224138	1.558556
94	2	-0.03328185	0.4224138	1.558556
94	3	-0.03328185	0.4224138	1.558556
94	5	-0.01127517	0.4329218	1.389577
94	6	-0.02825392	0.4229001	1.538921
94	9	-0.02825392	0.4229001	1.538921
94	10	0.08284592	0.5362766	0.08801717
94	11	0.08284592	0.5362766	0.08801717
94	12	0.08284592	0.5362766	0.08801717
94	13	0.834103	0.3192755	0.02454984
94	14	0.834103	0.3192755	0.02454984
94	15	0.834103	0.3192755	0.02454984
94	16	0.834103	0.3192755	0.02454984
94	17	0.834103	0.3192755	0.02454984
94	18	0.834103	0.3192755	0.02454984
94	19	0.834103	0.3192755	0.02454984
94	20	0.08284592	0.5362766	0.08801717
95	1	-0.1093729	0.4430406	1.578384
95	2	-0.1093729	0.4430406	1.578384
95	3	-0.1093729	0.4430406	1.578384
95	6	-0.1033463	0.4433129	1.557926
95	9	-0.1033463	0.4433129	1.557926
95	10	0.08177737	0.5365434	0.08852208
95	11	0.08177737	0.5365434	0.08852208
95	12	0.08177737	0.5365434	0.08852208
95	13	0.9277084	0.2900416	0.03840188
95	14	0.9277084	0.2900416	0.03840188
95	15	0.9277084	0.2900416	0.03840188
95	16	0.9277084	0.2900416	0.03840188
95	17	0.9277084	0.2900416	0.03840188
95	18	0.9277084	0.2900416	0.03840188
95	19	0.9277084	0.2900416	0.03840188
95	20	0.08177737	0.5365434	0.08852208
96	10	-0.1703426	0.5793438	0.4073515
96	11	-0.1703426	0.5793438	0.4073516
96	12	-0.1703426	0.5793438	0.4073516
96	13	1.190299	0.1742680	0.4118485
96	14	1.190299	0.1742680	0.4118485
96	15	1.190299	0.1742680	0.4118485
96	16	1.190299	0.1742680	0.4118485
96	17	1.190299	0.1742680	0.4118485
96	18	1.190299	0.1742680	0.4118485
96	19	1.190299	0.1742680	0.4118485
96	20	-0.1703426	0.5793438	0.4073516
97	10	-0.1703426	0.5793438	0.4073515
97	11	-0.1703426	0.5793438	0.4073516
97	12	-0.1703426	0.5793438	0.4073516
97	13	1.190299	0.1742680	0.4118485
97	14	1.190299	0.1742680	0.4118485
97	15	1.190299	0.1742680	0.4118485
97	16	1.190299	0.1742680	0.4118485
97	17	1.190299	0.1742680	0.4118485
97	18	1.190299	0.1742680	0.4118485
97	19	1.190299	0.1742680	0.4118485
97	20	-0.1703426	0.5793438	0.4073516
98	10	1.120904	0.1941041	0.4197782
98	11	1.120904	0.1941041	0.4197782
98	12	1.120904	0.1941041	0.4197782
98	20	1.120904	0.1941041	0.4197782
99	10	1.120904	0.1941041	0.4197782
99	11	1.120904	0.1941041	0.4197782
99	12	1.120904	0.1941041	0.4197782
99	20	1.120904	0.1941041	0.4197782
100	10	1.120904	0.1941041	0.4197782
100	11	1.120904	0.1941041	0.4197782
100	12	1.120904	0.1941041	0.4197782
100	20	1.120904	0.1941041	0.4197782
101	10	1.120904	0.1941041	0.4197782
101	11	1.120904	0.1941041	0.4197782
101	12	1.120904	0.1941041	0.4197782
101	20	1.120904	0.1941041	0.4197782
102	10	1.120904	0.1941041	0.4197782
102	11	1.120904	0.1941041	0.4197782
102	12	1.120904	0.1941041	0.4197782
102	20	1.120904	0.1941041	0.4197782
103	10	1.120904	0.1941041	0.4197782
103	11	1.120904	0.1941041	0.4197782
103	12	1.120904	0.1941041	0.4197782
103	20	1.120904	0.1941041	0.4197782
104	10	1.204437	0.1691186	0.4212127
104	11	-0.1506656	0.5744419	0.3979418
104	12	-0.1506656	0.5744419	0.3979418
104	20	1.204437	0.1691186	0.4212127
105	10	1.204437	0.1691186	0.4212127
105	11	-0.1506656	0.5744419	0.3979418
105	12	-0.1506656	0.5744419	0.3979418
105	20	1.204437	0.1691186	0.4212127
106	10	1.120904	0.1941041	0.4197782
106	20	1.120904	0.1941041	0.4197782
107	10	1.120904	0.1941041	0.4197782
107	20	1.120904	0.1941041	0.4197782
108	10	1.120904	0.1941041	0.4197782
108	20	1.120904	0.1941041	0.4197782
109	10	1.120904	0.1941041	0.4197782
109	20	1.120904	0.1941041	0.4197782
110	10	1.120904	0.1941041	0.4197782
110	20	1.120904	0.1941041	0.4197782
111	10	1.120904	0.1941041	0.4197782
111	20	1.120904	0.1941041	0.4197782
112	1	0.2331527	0.3656052	1.336359
112	2	0.2331527	0.3656052	1.336359
112	3	0.2331527	0.3656052	1.336359
112	4	-0.2414921	0.4932828	1.469843
112	6	0.2331527	0.3656052	1.336359
112	7	-0.2064564	0.4893145	1.405923
112	8	-0.2414921	0.4932828	1.469843
112	9	0.2331527	0.3656052	1.336359
112	10	0.09165928	0.533827	0.08631964
112	11	0.09165928	0.533827	0.08631964
112	12	0.09165928	0.533827	0.08631964
112	13	0.8572885	0.3117814	0.03048859
112	14	0.8572885	0.3117814	0.03048859
112	15	0.8572885	0.3117814	0.03048859
112	16	0.8572885	0.3117814	0.03048859
112	17	0.8572885	0.3117814	0.03048859
112	18	0.8572885	0.3117814	0.03048859
112	19	0.8572885	0.3117814	0.03048859
112	20	0.09165928	0.533827	0.08631964
113	1	0.02372349	0.4192772	1.421652
113	2	0.02372349	0.4192772	1.421652
113	3	0.02372349	0.4192772	1.421652
113	4	0.02372349	0.4192772	1.421652
113	6	0.02372349	0.4192772	1.421652
113	7	0.02372349	0.4192772	1.421652
113	8	0.02372349	0.4192772	1.421652
113	9	0.02372349	0.4192772	1.421652
113	10	0.05894761	0.5419306	0.1024135
113	11	0.05894761	0.5419306	0.1024135
113	12	0.05894761	0.5419306	0.1024135
113	13	0.8732862	0.3068325	0.03238643
113	14	0.8732862	0.3068325	0.03238643
113	15	0.8732862	0.3068325	0.03238643
113	16	0.8732862	0.3068325	0.03238643
113	17	0.8732862	0.3068325	0.03238643
113	18	0.8732862	0.3068325	0.03238643
113	19	0.8732862	0.3068325	0.03238643
113	20	0.05894761	0.5419306	0.1024135
114	1	0.02372349	0.4192772	1.421652
114	2	0.02372349	0.4192772	1.421652
114	3	0.02372349	0.4192772	1.421652
114	4	0.02372349	0.4192772	1.421652
114	6	0.02372349	0.4192772	1.421652
114	7	0.02372349	0.4192772	1.421652
114	8	0.02372349	0.4192772	1.421652
114	9	0.02372349	0.4192772	1.421652
114	10	0.05894761	0.5419306	0.1024135
114	11	0.05894761	0.5419306	0.1024135
114	12	0.05894761	0.5419306	0.1024135
114	13	0.8732862	0.3068325	0.03238643
114	14	0.8732862	0.3068325	0.03238643
114	15	0.8732862	0.3068325	0.03238643
114	16	0.8732862	0.3068325	0.03238643
114	17	0.8732862	0.3068325	0.03238643
114	18	0.8732862	0.3068325	0.03238643
114	19	0.8732862	0.3068325	0.03238643
114	20	0.05894761	0.5419306	0.1024135
115	1	0.06994197	0.4086310	1.390951
115	2	0.06994197	0.4086310	1.390951
115	3	0.06994197	0.4086310	1.390951
115	4	0.06994197	0.4086310	1.390951
115	5	0.1010425	0.380159	1.581448
115	6	0.06994197	0.4086310	1.390951
115	7	0.06994197	0.4086310	1.390951
115	8	0.06994197	0.4086310	1.390951
115	9	0.06994197	0.4086310	1.390951
115	10	0.0561797	0.5430419	0.0995573
115	11	0.0561797	0.5430419	0.0995573
115	12	0.0561797	0.5430419	0.0995573
115	13	0.7896028	0.3329633	0.02004545
115	14	0.7896028	0.3329633	0.02004545
115	15	0.7896028	0.3329633	0.02004545
115	16	0.7896028	0.3329633	0.02004545
115	17	0.7896028	0.3329633	0.02004545
115	18	0.7896028	0.3329633	0.02004545
115	19	0.7896028	0.3329633	0.02004545
115	20	0.0561797	0.5430419	0.0995573
116	1	0.06994197	0.4086310	1.390951
116	2	0.06994197	0.4086310	1.390951
116	3	0.06994197	0.4086310	1.390951
116	4	0.06994197	0.4086310	1.390951
116	5	0.1010425	0.380159	1.581448
116	6	0.06994197	0.4086310	1.390951
116	7	0.06994197	0.4086310	1.390951
116	8	0.06994197	0.4086310	1.390951
116	9	0.06994197	0.4086310	1.390951
116	10	0.0561797	0.5430419	0.0995573
116	11	0.0561797	0.5430419	0.0995573
116	12	0.0561797	0.5430419	0.0995573
116	13	0.7896028	0.3329633	0.02004545
116	14	0.7896028	0.3329633	0.02004545
116	15	0.7896028	0.3329633	0.02004545
116	16	0.7896028	0.3329633	0.02004545
116	17	0.7896028	0.3329633	0.02004545
116	18	0.7896028	0.3329633	0.02004545
116	19	0.7896028	0.3329633	0.02004545
116	20	0.0561797	0.5430419	0.0995573
117	1	0.1171196	0.3974952	1.362277
117	2	0.1171196	0.3974952	1.362277
117	3	0.1171196	0.3974952	1.362277
117	4	0.1171196	0.3974952	1.362277
117	5	0.1999468	0.3572314	1.517192
117	6	0.1171196	0.3974952	1.362277
117	7	0.1171196	0.3974952	1.362277
117	8	0.1171196	0.3974952	1.362277
117	9	0.1171196	0.3974952	1.362277
117	10	-0.03312270	0.5642377	0.1526783
117	13	0.6265592	0.3825762	0.008870716
117	14	0.6265592	0.3825762	0.008870716
117	15	0.6265592	0.3825762	0.008870716
117	16	0.6265592	0.3825762	0.008870716
117	17	0.6265592	0.3825762	0.008870716
117	18	0.6265592	0.3825762	0.008870716
117	19	0.6265592	0.3825762	0.008870716
117	20	-0.03312270	0.5642377	0.1526783
118	1	0.2455407	0.3648211	1.307623
118	2	0.2455407	0.3648211	1.307623
118	3	0.2455408	0.3648211	1.307623
118	4	0.2455408	0.3648211	1.307623
118	5	0.2536406	0.3657719	1.274332
118	6	0.2455408	0.3648211	1.307623
118	7	0.2455408	0.3648211	1.307623
118	8	0.2455408	0.3648211	1.307623
118	9	0.2455408	0.3648211	1.307623
118	13	0.3549853	0.4625366	0.01679017
118	14	0.3549853	0.4625366	0.01679017
118	15	0.3549853	0.4625366	0.01679017
118	16	0.3549853	0.4625366	0.01679017
118	17	0.3549853	0.4625366	0.01679017
118	18	0.3549853	0.4625366	0.01679017
118	19	0.3549853	0.4625366	0.01679017
119	1	0.1304373	0.3921923	1.375581
119	2	0.1304373	0.3921923	1.375581
119	3	0.1304373	0.3921923	1.375581
119	4	0.1304373	0.3921923	1.375581
119	5	0.1399758	0.3928723	1.340733
119	6	0.1304373	0.3921923	1.375581
119	7	0.1304373	0.3921923	1.375581
119	8	0.1304373	0.3921923	1.375581
119	9	0.1304373	0.3921923	1.375581
119	10	0.430045	0.4407383	0.01161081
119	13	0.4298729	0.4405217	0.01426482
119	14	0.4298729	0.4405217	0.01426482
119	15	0.4298729	0.4405217	0.01426482
119	16	0.4298729	0.4405217	0.01426482
119	17	0.4298729	0.4405217	0.01426482
119	18	0.4298729	0.4405217	0.01426482
119	19	0.4298729	0.4405217	0.01426482
119	20	0.430045	0.4407383	0.01161081
120	1	0.1171045	0.3947871	1.389157
120	2	0.1171045	0.3947871	1.389157
120	3	0.1171045	0.3947871	1.389157
120	4	0.1171045	0.3947871	1.389157
120	5	0.06767967	0.4114605	1.36958
120	6	0.1171045	0.3947871	1.389157
120	7	0.1171045	0.3947871	1.389157
120	8	0.1171045	0.3947871	1.389157
120	9	0.1171045	0.3947871	1.389157
120	10	0.6585693	0.3728102	0.01131840
120	11	-0.1489205	0.5851601	0.2865864
120	12	-0.1489205	0.5851601	0.2865864
120	13	0.6942988	0.3617658	0.01547317
120	14	0.6942988	0.3617658	0.01547317
120	15	0.6942988	0.3617658	0.01547317
120	16	0.6942988	0.3617658	0.01547317
120	17	0.6942988	0.3617658	0.01547317
120	18	0.6942988	0.3617658	0.01547317
120	19	0.6942988	0.3617658	0.01547317
120	20	0.6585693	0.3728102	0.01131840
121	1	0.1171045	0.3947871	1.389157
121	2	0.1171045	0.3947871	1.389157
121	3	0.1171045	0.3947871	1.389157
121	4	0.1171045	0.3947871	1.389157
121	5	0.06767967	0.4114605	1.36958
121	6	0.1171045	0.3947871	1.389157
121	7	0.1171045	0.3947871	1.389157
121	8	0.1171045	0.3947871	1.389157
121	9	0.1171045	0.3947871	1.389157
121	10	0.6585693	0.3728102	0.01131840
121	11	-0.1489205	0.5851601	0.2865864
121	12	-0.1489205	0.5851601	0.2865864
121	13	0.6942988	0.3617658	0.01547317
121	14	0.6942988	0.3617658	0.01547317
121	15	0.6942988	0.3617658	0.01547317
121	16	0.6942988	0.3617658	0.01547317
121	17	0.6942988	0.3617658	0.01547317
121	18	0.6942988	0.3617658	0.01547317
121	19	0.6942988	0.3617658	0.01547317
121	20	0.6585693	0.3728102	0.01131840
122	1	0.1083594	0.3972768	1.390256
122	2	0.1083594	0.3972768	1.390256
122	3	0.1083594	0.3972768	1.390256
122	4	0.1083594	0.3972768	1.390256
122	5	0.05500497	0.4151258	1.370609
122	6	0.1083594	0.3972768	1.390256
122	7	0.1083594	0.3972768	1.390256
122	8	0.1083594	0.3972768	1.390256
122	9	0.1083594	0.3972768	1.390256
122	10	0.6571355	0.3732676	0.01101150
122	11	-0.1635770	0.5864296	0.3171975
122	12	-0.1635770	0.5864296	0.3171975
122	13	0.6974648	0.3608349	0.01536847
122	14	0.6974648	0.3608349	0.01536847
122	15	0.6974648	0.3608349	0.01536847
122	16	0.6974648	0.3608349	0.01536847
122	17	0.6974648	0.3608349	0.01536847
122	18	0.6974648	0.3608349	0.01536847
122	19	0.6974648	0.3608349	0.01536847
122	20	0.6571355	0.3732676	0.01101150
123	1	1.120904	0.1941041	0.4197782
123	2	1.120904	0.1941041	0.4197782
123	3	1.120904	0.1941041	0.4197782
123	4	1.120904	0.1941041	0.4197782
123	6	1.120904	0.1941041	0.4197782
123	7	1.120904	0.1941041	0.4197782
123	8	1.120904	0.1941041	0.4197782
123	9	1.120904	0.1941041	0.4197782
124	1	1.120904	0.1941041	0.4197782
124	2	1.120904	0.1941041	0.4197782
124	3	1.120904	0.1941041	0.4197782
124	4	1.120904	0.1941041	0.4197782
124	6	1.120904	0.1941041	0.4197782
124	7	1.120904	0.1941041	0.4197782
124	8	1.120904	0.1941041	0.4197782
124	9	1.120904	0.1941041	0.4197782
125	1	1.120904	0.1941041	0.4197782
125	2	1.120904	0.1941041	0.4197782
125	3	1.120904	0.1941041	0.4197782
125	4	1.120904	0.1941041	0.4197782
125	6	1.120904	0.1941041	0.4197782
125	7	1.120904	0.1941041	0.4197782
125	8	1.120904	0.1941041	0.4197782
125	9	1.120904	0.1941041	0.4197782
126	1	-0.1997093	0.5664482	0.6216801
126	2	-0.1997093	0.5664482	0.6216801
126	3	-0.1997093	0.5664482	0.6216801
126	4	-0.1997093	0.5664482	0.6216801
126	5	-0.1997093	0.5664482	0.6216801
126	6	-0.1997093	0.5664482	0.6216801
126	7	-0.1997093	0.5664482	0.6216801
126	8	-0.1997093	0.5664482	0.6216801
126	9	-0.1997093	0.5664482	0.6216801
126	10	-0.1997093	0.5664482	0.6216801
126	11	1.353054	0.1447575	0.2246686
126	12	1.353054	0.1447575	0.2246686
126	13	-0.1997093	0.5664482	0.6216801
126	14	-0.1997093	0.5664482	0.6216801
126	15	-0.1997093	0.5664482	0.6216801
126	16	-0.1997093	0.5664482	0.6216801
126	17	-0.1997093	0.5664482	0.6216801
126	18	-0.1997093	0.5664482	0.6216801
126	19	-0.1997093	0.5664482	0.6216801
126	20	-0.1997093	0.5664482	0.6216801
127	1	-0.1997093	0.5664482	0.6216801
127	2	-0.1997093	0.5664482	0.6216801
127	3	-0.1997093	0.5664482	0.6216801
127	4	-0.1997093	0.5664482	0.6216801
127	5	-0.1997093	0.5664482	0.6216801
127	6	-0.1997093	0.5664482	0.6216801
127	7	-0.1997093	0.5664482	0.6216801
127	8	-0.1997093	0.5664482	0.6216801
127	9	-0.1997093	0.5664482	0.6216801
127	10	-0.1997093	0.5664482	0.6216801
127	11	1.353054	0.1447575	0.2246686
127	12	1.353054	0.1447575	0.2246686
127	13	-0.1997093	0.5664482	0.6216801
127	14	-0.1997093	0.5664482	0.6216801
127	15	-0.1997093	0.5664482	0.6216801
127	16	-0.1997093	0.5664482	0.6216801
127	17	-0.1997093	0.5664482	0.6216801
127	18	-0.1997093	0.5664482	0.6216801
127	19	-0.1997093	0.5664482	0.6216801
127	20	-0.1997093	0.5664482	0.6216801
128	1	-0.1997093	0.5664482	0.6216801
128	2	-0.1997093	0.5664482	0.6216801
128	3	-0.1997093	0.5664482	0.6216801
128	4	-0.1997093	0.5664482	0.6216801
128	5	-0.1997093	0.5664482	0.6216801
128	6	-0.1997093	0.5664482	0.6216801
128	7	-0.1997093	0.5664482	0.6216801
128	8	-0.1997093	0.5664482	0.6216801
128	9	-0.1997093	0.5664482	0.6216801
128	10	-0.1997093	0.5664482	0.6216801
128	11	1.353054	0.1447575	0.2246686
128	12	1.353054	0.1447575	0.2246686
128	13	-0.1997093	0.5664482	0.6216801
128	14	-0.1997093	0.5664482	0.6216801
128	15	-0.1997093	0.5664482	0.6216801
128	16	-0.1997093	0.5664482	0.6216801
128	17	-0.1997093	0.5664482	0.6216801
128	18	-0.1997093	0.5664482	0.6216801
128	19	-0.1997093	0.5664482	0.6216801
128	20	-0.1997093	0.5664482	0.6216801
129	1	-0.1987981	0.5662538	0.6209211
129	2	-0.1987981	0.5662538	0.6209211
129	3	-0.1987981	0.5662538	0.6209211
129	4	-0.1987981	0.5662538	0.6209211
129	5	-0.1987981	0.5662538	0.6209211
129	6	-0.1987981	0.5662538	0.6209211
129	7	-0.1987981	0.5662538	0.6209211
129	8	-0.1987981	0.5662538	0.6209211
129	9	-0.1987981	0.5662538	0.6209211
129	10	-0.1987981	0.5662538	0.6209211
129	11	1.341027	0.148143	0.2265603
129	12	1.341027	0.148143	0.2265603
129	13	-0.1987981	0.5662538	0.6209212
129	14	-0.1987981	0.5662538	0.6209212
129	15	-0.1987981	0.5662538	0.6209212
129	16	-0.1987981	0.5662538	0.6209212
129	17	-0.1987981	0.5662538	0.6209212
129	18	-0.1987981	0.5662538	0.6209212
129	19	-0.1987981	0.5662538	0.6209212
129	20	-0.1987981	0.5662538	0.6209212
130	1	-0.1987981	0.5662538	0.6209211
130	2	-0.1987981	0.5662538	0.6209211
130	3	-0.1987981	0.5662538	0.6209211
130	4	-0.1987981	0.5662538	0.6209211
130	5	-0.1987981	0.5662538	0.6209211
130	6	-0.1987981	0.5662538	0.6209211
130	7	-0.1987981	0.5662538	0.6209211
130	8	-0.1987981	0.5662538	0.6209211
130	9	-0.1987981	0.5662538	0.6209211
130	10	-0.1987981	0.5662538	0.6209211
130	11	1.341027	0.148143	0.2265603
130	12	1.341027	0.148143	0.2265603
130	13	-0.1987981	0.5662538	0.6209212
130	14	-0.1987981	0.5662538	0.6209212
130	15	-0.1987981	0.5662538	0.6209212
130	16	-0.1987981	0.5662538	0.6209212
130	17	-0.1987981	0.5662538	0.6209212
130	18	-0.1987981	0.5662538	0.6209212
130	19	-0.1987981	0.5662538	0.6209212
130	20	-0.1987981	0.5662538	0.6209212
131	1	1.120904	0.1941041	0.4197782
131	2	1.120904	0.1941041	0.4197782
131	3	1.120904	0.1941041	0.4197782
131	4	1.120904	0.1941041	0.4197782
131	5	1.120904	0.1941041	0.4197782
131	6	1.120904	0.1941041	0.4197782
131	7	1.120904	0.1941041	0.4197782
131	8	1.120904	0.1941041	0.4197782
131	9	1.120904	0.1941041	0.4197782
131	10	1.120904	0.1941041	0.4197782
131	11	1.120904	0.1941041	0.4197782
131	12	1.120904	0.1941041	0.4197782
131	13	1.120904	0.1941041	0.4197782
131	14	1.120904	0.1941041	0.4197782
131	15	1.120904	0.1941041	0.4197782
131	16	1.120904	0.1941041	0.4197782
131	17	1.120904	0.1941041	0.4197782
131	18	1.120904	0.1941041	0.4197782
131	19	1.120904	0.1941041	0.4197782
131	20	1.120904	0.1941041	0.4197782
132	1	1.120904	0.1941041	0.4197782
132	2	1.120904	0.1941041	0.4197782
132	3	1.120904	0.1941041	0.4197782
132	4	1.120904	0.1941041	0.4197782
132	5	1.120904	0.1941041	0.4197782
132	6	1.120904	0.1941041	0.4197782
132	7	1.120904	0.1941041	0.4197782
132	8	1.120904	0.1941041	0.4197782
132	9	1.120904	0.1941041	0.4197782
132	10	1.120904	0.1941041	0.4197782
132	11	1.120904	0.1941041	0.4197782
132	12	1.120904	0.1941041	0.4197782
132	13	1.120904	0.1941041	0.4197782
132	14	1.120904	0.1941041	0.4197782
132	15	1.120904	0.1941041	0.4197782
132	16	1.120904	0.1941041	0.4197782
132	17	1.120904	0.1941041	0.4197782
132	18	1.120904	0.1941041	0.4197782
132	19	1.120904	0.1941041	0.4197782
132	20	1.120904	0.1941041	0.4197782
133	1	1.120904	0.1941041	0.4197782
133	2	1.120904	0.1941041	0.4197782
133	3	1.120904	0.1941041	0.4197782
133	4	1.120904	0.1941041	0.4197782
133	5	1.120904	0.1941041	0.4197782
133	6	1.120904	0.1941041	0.4197782
133	7	1.120904	0.1941041	0.4197782
133	8	1.120904	0.1941041	0.4197782
133	9	1.120904	0.1941041	0.4197782
133	10	1.120904	0.1941041	0.4197782
133	11	1.120904	0.1941041	0.4197782
133	12	1.120904	0.1941041	0.4197782
133	13	1.120904	0.1941041	0.4197782
133	14	1.120904	0.1941041	0.4197782
133	15	1.120904	0.1941041	0.4197782
133	16	1.120904	0.1941041	0.4197782
133	17	1.120904	0.1941041	0.4197782
133	18	1.120904	0.1941041	0.4197782
133	19	1.120904	0.1941041	0.4197782
133	20	1.120904	0.1941041	0.4197782
134	1	1.120904	0.1941041	0.4197782
134	2	1.120904	0.1941041	0.4197782
134	3	1.120904	0.1941041	0.4197782
134	4	1.120904	0.1941041	0.4197782
134	5	1.120904	0.1941041	0.4197782
134	6	1.120904	0.1941041	0.4197782
134	7	1.120904	0.1941041	0.4197782
134	8	1.120904	0.1941041	0.4197782
134	9	1.120904	0.1941041	0.4197782
134	10	1.120904	0.1941041	0.4197782
134	11	1.120904	0.1941041	0.4197782
134	12	1.120904	0.1941041	0.4197782
134	13	1.120904	0.1941041	0.4197782
134	14	1.120904	0.1941041	0.4197782
134	15	1.120904	0.1941041	0.4197782
134	16	1.120904	0.1941041	0.4197782
134	17	1.120904	0.1941041	0.4197782
134	18	1.120904	0.1941041	0.4197782
134	19	1.120904	0.1941041	0.4197782
134	20	1.120904	0.1941041	0.4197782
135	1	1.120904	0.1941041	0.4197782
135	2	1.120904	0.1941041	0.4197782
135	3	1.120904	0.1941041	0.4197782
135	4	1.120904	0.1941041	0.4197782
135	5	1.120904	0.1941041	0.4197782
135	6	1.120904	0.1941041	0.4197782
135	7	1.120904	0.1941041	0.4197782
135	8	1.120904	0.1941041	0.4197782
135	9	1.120904	0.1941041	0.4197782
135	10	1.120904	0.1941041	0.4197782
135	11	1.120904	0.1941041	0.4197782
135	12	1.120904	0.1941041	0.4197782
135	13	1.120904	0.1941041	0.4197782
135	14	1.120904	0.1941041	0.4197782
135	15	1.120904	0.1941041	0.4197782
135	16	1.120904	0.1941041	0.4197782
135	17	1.120904	0.1941041	0.4197782
135	18	1.120904	0.1941041	0.4197782
135	19	1.120904	0.1941041	0.4197782
135	20	1.120904	0.1941041	0.4197782
136	1	1.120904	0.1941041	0.4197782
136	2	1.120904	0.1941041	0.4197782
136	3	1.120904	0.1941041	0.4197782
136	4	1.120904	0.1941041	0.4197782
136	5	1.120904	0.1941041	0.4197782
136	6	1.120904	0.1941041	0.4197782
136	7	1.120904	0.1941041	0.4197782
136	8	1.120904	0.1941041	0.4197782
136	9	1.120904	0.1941041	0.4197782
136	10	1.120904	0.1941041	0.4197782
136	11	1.120904	0.1941041	0.4197782
136	12	1.120904	0.1941041	0.4197782
136	13	1.120904	0.1941041	0.4197782
136	14	1.120904	0.1941041	0.4197782
136	15	1.120904	0.1941041	0.4197782
136	16	1.120904	0.1941041	0.4197782
136	17	1.120904	0.1941041	0.4197782
136	18	1.120904	0.1941041	0.4197782
136	19	1.120904	0.1941041	0.4197782
136	20	1.120904	0.1941041	0.4197782
137	1	1.120904	0.1941041	0.4197782
137	2	1.120904	0.1941041	0.4197782
137	3	1.120904	0.1941041	0.4197782
137	4	1.120904	0.1941041	0.4197782
137	5	1.120904	0.1941041	0.4197782
137	6	1.120904	0.1941041	0.4197782
137	7	1.120904	0.1941041	0.4197782
137	8	1.120904	0.1941041	0.4197782
137	9	1.120904	0.1941041	0.4197782
137	10	1.120904	0.1941041	0.4197782
137	11	1.120904	0.1941041	0.4197782
137	12	1.120904	0.1941041	0.4197782
137	13	1.120904	0.1941041	0.4197782
137	14	1.120904	0.1941041	0.4197782
137	15	1.120904	0.1941041	0.4197782
137	16	1.120904	0.1941041	0.4197782
137	17	1.120904	0.1941041	0.4197782
137	18	1.120904	0.1941041	0.4197782
137	19	1.120904	0.1941041	0.4197782
137	20	1.120904	0.1941041	0.4197782
138	1	1.120904	0.1941041	0.4197782
138	2	1.120904	0.1941041	0.4197782
138	3	1.120904	0.1941041	0.4197782
138	4	1.120904	0.1941041	0.4197782
138	5	1.120904	0.1941041	0.4197782
138	6	1.120904	0.1941041	0.4197782
138	7	1.120904	0.1941041	0.4197782
138	8	1.120904	0.1941041	0.4197782
138	9	1.120904	0.1941041	0.4197782
138	10	1.120904	0.1941041	0.4197782
138	11	1.120904	0.1941041	0.4197782
138	12	1.120904	0.1941041	0.4197782
138	13	1.120904	0.1941041	0.4197782
138	14	1.120904	0.1941041	0.4197782
138	15	1.120904	0.1941041	0.4197782
138	16	1.120904	0.1941041	0.4197782
138	17	1.120904	0.1941041	0.4197782
138	18	1.120904	0.1941041	0.4197782
138	19	1.120904	0.1941041	0.4197782
138	20	1.120904	0.1941041	0.4197782
