1	1	0.8527516	0.2283183	0.8709389
1	3	-0.1651161	0.5786826	0.3985015
1	4	0.8527516	0.2283183	0.8709389
1	6	-0.1651161	0.5786826	0.3985015
1	7	1.192832	0.2004844	0.1445905
1	9	-0.1651161	0.5786826	0.3985015
1	10	1.192832	0.2004844	0.1445905
2	1	0.8527516	0.2283183	0.8709389
2	3	-0.1651161	0.5786826	0.3985015
2	4	0.8527516	0.2283183	0.8709389
2	6	-0.1651161	0.5786826	0.3985015
2	7	1.192832	0.2004844	0.1445905
2	9	-0.1651161	0.5786826	0.3985015
2	10	1.192832	0.2004844	0.1445905
4	1	1.223501	0.1634165	0.4215401
4	4	-0.1598759	0.5771968	0.3977837
5	1	1.223501	0.1634165	0.4215401
5	4	-0.1598759	0.5771968	0.3977837
6	1	1.120904	0.1941041	0.4197782
6	4	1.120904	0.1941041	0.4197782
7	1	1.120904	0.1941041	0.4197782
7	4	1.120904	0.1941041	0.4197782
8	1	1.120904	0.1941041	0.4197782
8	4	1.120904	0.1941041	0.4197782
9	1	1.120904	0.1941041	0.4197782
9	4	1.120904	0.1941041	0.4197782
14	1	1.120904	0.1941041	0.4197782
14	4	1.120904	0.1941041	0.4197782
15	1	1.120904	0.1941041	0.4197782
15	4	1.120904	0.1941041	0.4197782
16	1	1.120904	0.1941041	0.4197782
16	4	1.120904	0.1941041	0.4197782
17	1	1.120904	0.1941041	0.4197782
17	4	1.120904	0.1941041	0.4197782
18	1	1.120904	0.1941041	0.4197782
18	4	1.120904	0.1941041	0.4197782
19	1	1.120904	0.1941041	0.4197782
19	4	1.120904	0.1941041	0.4197782
22	1	1.120904	0.1941041	0.4197782
22	4	1.120904	0.1941041	0.4197782
23	1	1.120904	0.1941041	0.4197782
23	4	1.120904	0.1941041	0.4197782
24	1	1.120904	0.1941041	0.4197782
24	4	1.120904	0.1941041	0.4197782
25	1	1.120904	0.1941041	0.4197782
25	4	1.120904	0.1941041	0.4197782
26	1	1.120904	0.1941041	0.4197782
26	4	1.120904	0.1941041	0.4197782
27	1	1.120904	0.1941041	0.4197782
27	4	1.120904	0.1941041	0.4197782
28	1	1.120904	0.1941041	0.4197782
28	4	1.120904	0.1941041	0.4197782
29	1	1.120904	0.1941041	0.4197782
29	4	1.120904	0.1941041	0.4197782
30	1	1.120904	0.1941041	0.4197782
30	4	1.120904	0.1941041	0.4197782
31	1	1.120904	0.1941041	0.4197782
31	4	1.120904	0.1941041	0.4197782
32	1	1.120904	0.1941041	0.4197782
32	4	1.120904	0.1941041	0.4197782
33	1	1.120904	0.1941041	0.4197782
33	4	1.120904	0.1941041	0.4197782
34	1	1.120904	0.1941041	0.4197782
34	4	1.120904	0.1941041	0.4197782
35	1	1.120904	0.1941041	0.4197782
35	4	1.120904	0.1941041	0.4197782
36	1	1.120904	0.1941041	0.4197782
36	4	1.120904	0.1941041	0.4197782
37	1	1.120904	0.1941041	0.4197782
37	4	1.120904	0.1941041	0.4197782
38	1	1.120904	0.1941041	0.4197782
38	4	1.120904	0.1941041	0.4197782
41	4	1.258476	0.1529552	0.4221407
41	10	-0.1764188	0.5821449	0.3974996
42	4	1.258476	0.1529552	0.4221407
42	10	-0.1764188	0.5821449	0.3974996
43	4	-0.1373988	0.5704737	0.3981697
43	10	1.177473	0.1771838	0.4207497
44	1	-0.1240638	0.566485	0.3983987
44	4	-0.1240638	0.566485	0.3983987
44	10	1.181282	0.1760444	0.4208151
45	1	-0.1240638	0.566485	0.3983987
45	4	-0.1240638	0.566485	0.3983987
45	10	1.181282	0.1760444	0.4208151
46	1	-0.1240638	0.566485	0.3983987
46	4	-0.1240638	0.566485	0.3983987
46	10	1.181282	0.1760444	0.4208151
47	1	-0.1240638	0.566485	0.3983987
47	4	-0.1240638	0.566485	0.3983987
47	10	1.181282	0.1760444	0.4208151
48	1	-0.1240638	0.566485	0.3983987
48	4	-0.1240638	0.566485	0.3983987
48	10	1.181282	0.1760444	0.4208151
49	1	-0.1240638	0.566485	0.3983987
49	4	-0.1240638	0.566485	0.3983987
49	10	1.181282	0.1760444	0.4208151
50	1	-0.1240638	0.566485	0.3983987
50	4	-0.1240638	0.566485	0.3983987
50	10	1.181282	0.1760444	0.4208151
51	1	-0.1240638	0.566485	0.3983987
51	4	-0.1240638	0.566485	0.3983987
51	10	1.181282	0.1760444	0.4208151
52	1	-0.1240638	0.566485	0.3983987
52	4	-0.1240638	0.566485	0.3983987
52	10	1.181282	0.1760444	0.4208151
53	1	1.166074	0.1805935	0.4205539
53	10	-0.1317040	0.5687703	0.3982675
54	1	1.166074	0.1805935	0.4205539
54	10	-0.1317040	0.5687703	0.3982675
55	1	1.166074	0.1805935	0.4205539
55	10	-0.1317040	0.5687703	0.3982675
56	1	1.166074	0.1805935	0.4205539
56	10	-0.1317040	0.5687703	0.3982675
57	1	-0.1240638	0.566485	0.3983987
57	4	-0.1240638	0.566485	0.3983987
57	10	1.181282	0.1760444	0.4208151
58	1	-0.1240638	0.566485	0.3983987
58	4	-0.1240638	0.566485	0.3983987
58	10	1.181282	0.1760444	0.4208151
59	1	-0.1240638	0.566485	0.3983987
59	4	-0.1240638	0.566485	0.3983987
59	10	1.181282	0.1760444	0.4208151
60	1	-0.1240638	0.566485	0.3983987
60	4	-0.1240638	0.566485	0.3983987
60	10	1.181282	0.1760444	0.4208151
61	1	-0.1240638	0.566485	0.3983987
61	4	-0.1240638	0.566485	0.3983987
61	10	1.181282	0.1760444	0.4208151
62	1	-0.1240638	0.566485	0.3983987
62	4	-0.1240638	0.566485	0.3983987
62	10	1.181282	0.1760444	0.4208151
63	1	-0.1240638	0.566485	0.3983987
63	4	-0.1240638	0.566485	0.3983987
63	10	1.181282	0.1760444	0.4208151
64	1	-0.1240638	0.566485	0.3983987
64	4	-0.1240638	0.566485	0.3983987
64	10	1.181282	0.1760444	0.4208151
65	1	-0.1240638	0.566485	0.3983987
65	4	-0.1240638	0.566485	0.3983987
65	10	1.181282	0.1760444	0.4208151
66	1	-0.1240638	0.566485	0.3983987
66	4	-0.1240638	0.566485	0.3983987
66	10	1.181282	0.1760444	0.4208151
67	1	-0.1240638	0.566485	0.3983987
67	4	-0.1240638	0.566485	0.3983987
67	10	1.181282	0.1760444	0.4208151
68	1	-0.1240638	0.566485	0.3983987
68	4	-0.1240638	0.566485	0.3983987
68	10	1.181282	0.1760444	0.4208151
69	1	-0.1240638	0.566485	0.3983987
69	4	-0.1240638	0.566485	0.3983987
69	10	1.181282	0.1760444	0.4208151
70	1	-0.1240638	0.566485	0.3983987
70	4	-0.1240638	0.566485	0.3983987
70	10	1.181282	0.1760444	0.4208151
71	1	-0.1240638	0.566485	0.3983987
71	4	-0.1240638	0.566485	0.3983987
71	10	1.181282	0.1760444	0.4208151
72	1	-0.1240638	0.566485	0.3983987
72	4	-0.1240638	0.566485	0.3983987
72	10	1.181282	0.1760444	0.4208151
73	1	-0.1240638	0.566485	0.3983987
73	4	-0.1240638	0.566485	0.3983987
73	10	1.181282	0.1760444	0.4208151
74	1	-0.1240638	0.566485	0.3983987
74	4	-0.1240638	0.566485	0.3983987
74	10	1.181282	0.1760444	0.4208151
75	1	-0.1240638	0.566485	0.3983987
75	4	-0.1240638	0.566485	0.3983987
75	10	1.181282	0.1760444	0.4208151
76	1	-0.1240638	0.566485	0.3983987
76	4	-0.1240638	0.566485	0.3983987
76	10	1.181282	0.1760444	0.4208151
77	1	-0.1240638	0.566485	0.3983987
77	4	-0.1240638	0.566485	0.3983987
77	10	1.181282	0.1760444	0.4208151
78	1	-0.1240638	0.566485	0.3983987
78	4	-0.1240638	0.566485	0.3983987
78	10	1.181282	0.1760444	0.4208151
79	1	-0.1240638	0.566485	0.3983987
79	4	-0.1240638	0.566485	0.3983987
79	10	1.181282	0.1760444	0.4208151
80	1	-0.1240638	0.566485	0.3983987
80	4	-0.1240638	0.566485	0.3983987
80	10	1.181282	0.1760444	0.4208151
81	1	-0.1240638	0.566485	0.3983987
81	4	-0.1240638	0.566485	0.3983987
81	10	1.181282	0.1760444	0.4208151
82	1	-0.1240638	0.566485	0.3983987
82	4	-0.1240638	0.566485	0.3983987
82	10	1.181282	0.1760444	0.4208151
83	1	-0.1240638	0.566485	0.3983987
83	4	-0.1240638	0.566485	0.3983987
83	10	1.181282	0.1760444	0.4208151
84	1	-0.1240638	0.566485	0.3983987
84	4	-0.1240638	0.566485	0.3983987
84	10	1.181282	0.1760444	0.4208151
85	1	-0.1240638	0.566485	0.3983987
85	4	-0.1240638	0.566485	0.3983987
85	10	1.181282	0.1760444	0.4208151
86	1	-0.1240638	0.566485	0.3983987
86	4	-0.1240638	0.566485	0.3983987
86	10	1.181282	0.1760444	0.4208151
87	1	-0.1240638	0.566485	0.3983987
87	4	-0.1240638	0.566485	0.3983987
87	10	1.181282	0.1760444	0.4208151
88	4	1.166074	0.1805935	0.4205539
88	10	-0.1317040	0.5687703	0.3982675
89	4	1.211929	0.1668777	0.4213414
89	10	-0.1543017	0.5755295	0.3978794
90	4	1.211929	0.1668777	0.4213414
90	10	-0.1543017	0.5755295	0.3978794
91	4	1.211929	0.1668777	0.4213414
91	10	-0.1543017	0.5755295	0.3978794
92	4	1.211929	0.1668777	0.4213414
92	10	-0.1543017	0.5755295	0.3978794
93	4	1.211929	0.1668777	0.4213414
93	10	-0.1543017	0.5755295	0.3978794
94	4	1.211929	0.1668777	0.4213414
94	10	-0.1543017	0.5755295	0.3978794
95	1	1.299509	0.1559857	0.2711906
95	4	-0.1757835	0.4866631	1.341808
95	10	-0.001113652	0.5547049	0.1528179
96	1	-0.1392903	0.5710394	0.3981372
96	4	-0.1392903	0.5710394	0.3981372
96	10	1.242883	0.1576191	0.4218729
97	1	-0.1392903	0.5710394	0.3981372
97	4	-0.1392903	0.5710394	0.3981372
97	10	1.242883	0.1576191	0.4218729
98	1	-0.1392903	0.5710394	0.3981372
98	4	-0.1392903	0.5710394	0.3981372
98	10	1.242883	0.1576191	0.4218729
99	1	-0.2148647	0.5805235	0.5268617
99	4	-0.2148647	0.5805235	0.5268617
99	7	1.157315	0.1616163	0.6344194
99	10	0.9096021	0.2949374	0.04324347
100	1	-0.2148647	0.5805235	0.5268617
100	4	-0.2148647	0.5805235	0.5268617
100	7	1.157315	0.1616163	0.6344194
100	10	0.9096021	0.2949374	0.04324347
101	1	-0.2148647	0.5805235	0.5268617
101	4	-0.2148647	0.5805235	0.5268617
101	7	1.157315	0.1616163	0.6344194
101	10	0.9096021	0.2949374	0.04324347
102	4	1.122931	0.1717314	0.6355075
102	7	-0.2610669	0.5856467	0.6122445
102	10	0.5903772	0.39229	0.01923468
103	4	1.122931	0.1717314	0.6355075
103	7	-0.2610669	0.5856467	0.6122445
103	10	0.5903772	0.39229	0.01923468
104	4	1.122931	0.1717314	0.6355075
104	7	-0.2610669	0.5856467	0.6122445
104	10	0.5903772	0.39229	0.01923468
105	4	1.122931	0.1717314	0.6355075
105	7	-0.2610669	0.5856467	0.6122445
105	10	0.5903772	0.39229	0.01923468
106	4	1.122931	0.1717314	0.6355075
106	7	-0.2610669	0.5856467	0.6122445
106	10	0.5903772	0.39229	0.01923468
107	4	1.122931	0.1717314	0.6355075
107	7	-0.2610669	0.5856467	0.6122445
107	10	0.5903772	0.39229	0.01923468
108	4	1.122931	0.1717314	0.6355075
108	7	-0.2610669	0.5856467	0.6122445
108	10	0.5903772	0.39229	0.01923468
109	4	1.122931	0.1717314	0.6355075
109	7	-0.2610669	0.5856467	0.6122445
109	10	0.5903772	0.39229	0.01923468
110	4	1.122931	0.1717314	0.6355075
110	7	-0.2610669	0.5856467	0.6122445
110	10	0.5903772	0.39229	0.01923468
111	4	1.122931	0.1717314	0.6355075
111	7	-0.2610669	0.5856467	0.6122445
111	10	0.5903772	0.39229	0.01923468
112	4	1.122931	0.1717314	0.6355075
112	7	-0.2610669	0.5856467	0.6122445
112	10	0.5903772	0.39229	0.01923468
113	1	-0.2148647	0.5805235	0.5268617
113	4	-0.2148647	0.5805235	0.5268617
113	7	1.157315	0.1616163	0.6344194
113	10	0.9096021	0.2949374	0.04324347
114	1	-0.2148647	0.5805235	0.5268617
114	4	-0.2148647	0.5805235	0.5268617
114	7	1.157315	0.1616163	0.6344194
114	10	0.9096021	0.2949374	0.04324347
115	1	-0.2148647	0.5805235	0.5268617
115	4	-0.2148647	0.5805235	0.5268617
115	7	1.157315	0.1616163	0.6344194
115	10	0.9096021	0.2949374	0.04324347
116	1	-0.2148647	0.5805235	0.5268617
116	4	-0.2148647	0.5805235	0.5268617
116	7	1.157315	0.1616163	0.6344194
116	10	0.9096021	0.2949374	0.04324347
117	1	-0.2148647	0.5805235	0.5268617
117	4	-0.2148647	0.5805235	0.5268617
117	7	1.157315	0.1616163	0.6344194
117	10	0.9096021	0.2949374	0.04324347
118	1	-0.2148647	0.5805235	0.5268617
118	4	-0.2148647	0.5805235	0.5268617
118	7	1.157315	0.1616163	0.6344194
118	10	0.9096021	0.2949374	0.04324347
119	1	-0.2148647	0.5805235	0.5268617
119	4	-0.2148647	0.5805235	0.5268617
119	7	1.157315	0.1616163	0.6344194
119	10	0.9096021	0.2949374	0.04324347
120	1	1.122932	0.1717312	0.6355064
120	7	-0.2610672	0.5856467	0.6122456
120	10	0.5903763	0.3922903	0.01923467
121	1	1.122932	0.1717312	0.6355064
121	7	-0.2610672	0.5856467	0.6122456
121	10	0.5903763	0.3922903	0.01923467
122	1	1.122932	0.1717312	0.6355064
122	7	-0.2610672	0.5856467	0.6122456
122	10	0.5903763	0.3922903	0.01923467
123	1	1.122932	0.1717312	0.6355064
123	7	-0.2610672	0.5856467	0.6122456
123	10	0.5903763	0.3922903	0.01923467
124	1	1.122932	0.1717312	0.6355064
124	7	-0.2610672	0.5856467	0.6122456
124	10	0.5903763	0.3922903	0.01923467
125	1	1.122932	0.1717312	0.6355064
125	7	-0.2610672	0.5856467	0.6122456
125	10	0.5903763	0.3922903	0.01923467
126	1	-0.2148647	0.5805235	0.5268617
126	4	-0.2148647	0.5805235	0.5268617
126	7	1.157315	0.1616163	0.6344194
126	10	0.9096021	0.2949374	0.04324347
127	1	-0.2148647	0.5805235	0.5268617
127	4	-0.2148647	0.5805235	0.5268617
127	7	1.157315	0.1616163	0.6344194
127	10	0.9096021	0.2949374	0.04324347
128	1	-0.2148647	0.5805235	0.5268617
128	4	-0.2148647	0.5805235	0.5268617
128	7	1.157315	0.1616163	0.6344194
128	10	0.9096021	0.2949374	0.04324347
129	1	1.122932	0.1717312	0.6355064
129	7	-0.2610672	0.5856467	0.6122456
129	10	0.5903763	0.3922903	0.01923467
130	1	1.122932	0.1717312	0.6355064
130	7	-0.2610672	0.5856467	0.6122456
130	10	0.5903763	0.3922903	0.01923467
131	1	1.122932	0.1717312	0.6355064
131	7	-0.2610672	0.5856467	0.6122456
131	10	0.5903763	0.3922903	0.01923467
132	1	1.122932	0.1717312	0.6355064
132	7	-0.2610672	0.5856467	0.6122456
132	10	0.5903763	0.3922903	0.01923467
133	1	1.122932	0.1717312	0.6355064
133	7	-0.2610672	0.5856467	0.6122456
133	10	0.5903763	0.3922903	0.01923467
134	1	1.122932	0.1717312	0.6355064
134	7	-0.2610672	0.5856467	0.6122456
134	10	0.5903763	0.3922903	0.01923467
135	1	0.2506086	0.4914878	0.03748087
135	4	-0.3182360	0.5890182	0.7473037
135	7	1.190269	0.1553919	0.5989894
135	10	1.209629	0.1835638	0.2627675
136	1	-0.2148647	0.5805235	0.5268617
136	4	-0.2148647	0.5805235	0.5268617
136	7	1.157315	0.1616163	0.6344194
136	10	0.9096021	0.2949374	0.04324347
137	1	-0.2148647	0.5805235	0.5268617
137	4	-0.2148647	0.5805235	0.5268617
137	7	1.157315	0.1616163	0.6344194
137	10	0.9096021	0.2949374	0.04324347
138	1	-0.2148647	0.5805235	0.5268617
138	4	-0.2148647	0.5805235	0.5268617
138	7	1.157315	0.1616163	0.6344194
138	10	0.9096021	0.2949374	0.04324347
139	1	-0.2148647	0.5805235	0.5268617
139	4	-0.2148647	0.5805235	0.5268617
139	7	1.157315	0.1616163	0.6344194
139	10	0.9096021	0.2949374	0.04324347
140	1	-0.2148647	0.5805235	0.5268617
140	4	-0.2148647	0.5805235	0.5268617
140	7	1.157315	0.1616163	0.6344194
140	10	0.9096021	0.2949374	0.04324347
141	1	-0.2148647	0.5805235	0.5268617
141	4	-0.2148647	0.5805235	0.5268617
141	7	1.157315	0.1616163	0.6344194
141	10	0.9096021	0.2949374	0.04324347
142	1	-0.2148647	0.5805235	0.5268617
142	4	-0.2148647	0.5805235	0.5268617
142	7	1.157315	0.1616163	0.6344194
142	10	0.9096021	0.2949374	0.04324347
143	1	-0.2148647	0.5805235	0.5268617
143	4	-0.2148647	0.5805235	0.5268617
143	7	1.157315	0.1616163	0.6344194
143	10	0.9096021	0.2949374	0.04324347
144	1	-0.2148647	0.5805235	0.5268617
144	4	-0.2148647	0.5805235	0.5268617
144	7	1.157315	0.1616163	0.6344194
144	10	0.9096021	0.2949374	0.04324347
145	1	-0.2148647	0.5805235	0.5268617
145	4	-0.2148647	0.5805235	0.5268617
145	7	1.157315	0.1616163	0.6344194
145	10	0.9096021	0.2949374	0.04324347
146	1	-0.2148647	0.5805235	0.5268617
146	4	-0.2148647	0.5805235	0.5268617
146	7	1.157315	0.1616163	0.6344194
146	10	0.9096021	0.2949374	0.04324347
147	1	-0.2148647	0.5805235	0.5268617
147	4	-0.2148647	0.5805235	0.5268617
147	7	1.157315	0.1616163	0.6344194
147	10	0.9096021	0.2949374	0.04324347
148	1	-0.2148647	0.5805235	0.5268617
148	4	-0.2148647	0.5805235	0.5268617
148	7	1.157315	0.1616163	0.6344194
148	10	0.9096021	0.2949374	0.04324347
149	1	-0.2148647	0.5805235	0.5268617
149	4	-0.2148647	0.5805235	0.5268617
149	7	1.157315	0.1616163	0.6344194
149	10	0.9096021	0.2949374	0.04324347
150	1	-0.2148647	0.5805235	0.5268617
150	4	-0.2148647	0.5805235	0.5268617
150	7	1.157315	0.1616163	0.6344194
150	10	0.9096021	0.2949374	0.04324347
151	1	-0.2148647	0.5805235	0.5268617
151	4	-0.2148647	0.5805235	0.5268617
151	7	1.157315	0.1616163	0.6344194
151	10	0.9096021	0.2949374	0.04324347
152	1	-0.2148647	0.5805235	0.5268617
152	4	-0.2148647	0.5805235	0.5268617
152	7	1.157315	0.1616163	0.6344194
152	10	0.9096021	0.2949374	0.04324347
153	1	-0.2148647	0.5805235	0.5268617
153	4	-0.2148647	0.5805235	0.5268617
153	7	1.157315	0.1616163	0.6344194
153	10	0.9096021	0.2949374	0.04324347
154	1	-0.2148647	0.5805235	0.5268617
154	4	-0.2148647	0.5805235	0.5268617
154	7	1.157315	0.1616163	0.6344194
154	10	0.9096021	0.2949374	0.04324347
155	1	-0.2148647	0.5805235	0.5268617
155	4	-0.2148647	0.5805235	0.5268617
155	7	1.157315	0.1616163	0.6344194
155	10	0.9096021	0.2949374	0.04324347
156	1	-0.2148647	0.5805235	0.5268617
156	4	-0.2148647	0.5805235	0.5268617
156	7	1.157315	0.1616163	0.6344194
156	10	0.9096021	0.2949374	0.04324347
157	1	-0.2148647	0.5805235	0.5268617
157	4	-0.2148647	0.5805235	0.5268617
157	7	1.157315	0.1616163	0.6344194
157	10	0.9096021	0.2949374	0.04324347
158	1	-0.2148647	0.5805235	0.5268617
158	4	-0.2148647	0.5805235	0.5268617
158	7	1.157315	0.1616163	0.6344194
158	10	0.9096021	0.2949374	0.04324347
159	1	-0.2148647	0.5805235	0.5268617
159	4	-0.2148647	0.5805235	0.5268617
159	7	1.157315	0.1616163	0.6344194
159	10	0.9096021	0.2949374	0.04324347
160	1	-0.2148647	0.5805235	0.5268617
160	4	-0.2148647	0.5805235	0.5268617
160	7	1.157315	0.1616163	0.6344194
160	10	0.9096021	0.2949374	0.04324347
161	1	-0.2148647	0.5805235	0.5268617
161	4	-0.2148647	0.5805235	0.5268617
161	7	1.157315	0.1616163	0.6344194
161	10	0.9096021	0.2949374	0.04324347
162	1	-0.2148647	0.5805235	0.5268617
162	4	-0.2148647	0.5805235	0.5268617
162	7	1.157315	0.1616163	0.6344194
162	10	0.9096021	0.2949374	0.04324347
163	1	-0.2148647	0.5805235	0.5268617
163	4	-0.2148647	0.5805235	0.5268617
163	7	1.157315	0.1616163	0.6344194
163	10	0.9096021	0.2949374	0.04324347
164	1	-0.2148647	0.5805235	0.5268617
164	4	-0.2148647	0.5805235	0.5268617
164	7	1.157315	0.1616163	0.6344194
164	10	0.9096021	0.2949374	0.04324347
165	1	-0.2148647	0.5805235	0.5268617
165	4	-0.2148647	0.5805235	0.5268617
165	7	1.157315	0.1616163	0.6344194
165	10	0.9096021	0.2949374	0.04324347
166	1	-0.2148647	0.5805235	0.5268617
166	4	-0.2148647	0.5805235	0.5268617
166	7	1.157315	0.1616163	0.6344194
166	10	0.9096021	0.2949374	0.04324347
167	1	-0.2148647	0.5805235	0.5268617
167	4	-0.2148647	0.5805235	0.5268617
167	7	1.157315	0.1616163	0.6344194
167	10	0.9096021	0.2949374	0.04324347
168	1	-0.2148647	0.5805235	0.5268617
168	4	-0.2148647	0.5805235	0.5268617
168	7	1.157315	0.1616163	0.6344194
168	10	0.9096021	0.2949374	0.04324347
169	1	-0.2148647	0.5805235	0.5268617
169	4	-0.2148647	0.5805235	0.5268617
169	7	1.157315	0.1616163	0.6344194
169	10	0.9096021	0.2949374	0.04324347
170	1	-0.2148647	0.5805235	0.5268617
170	4	-0.2148647	0.5805235	0.5268617
170	7	1.157315	0.1616163	0.6344194
170	10	0.9096021	0.2949374	0.04324347
171	1	-0.2148647	0.5805235	0.5268617
171	4	-0.2148647	0.5805235	0.5268617
171	7	1.157315	0.1616163	0.6344194
171	10	0.9096021	0.2949374	0.04324347
172	1	-0.2148647	0.5805235	0.5268617
172	4	-0.2148647	0.5805235	0.5268617
172	7	1.157315	0.1616163	0.6344194
172	10	0.9096021	0.2949374	0.04324347
173	1	-0.2148647	0.5805235	0.5268617
173	4	-0.2148647	0.5805235	0.5268617
173	7	1.157315	0.1616163	0.6344194
173	10	0.9096021	0.2949374	0.04324347
174	1	-0.2148647	0.5805235	0.5268617
174	4	-0.2148647	0.5805235	0.5268617
174	7	1.157315	0.1616163	0.6344194
174	10	0.9096021	0.2949374	0.04324347
175	1	-0.2148647	0.5805235	0.5268617
175	4	-0.2148647	0.5805235	0.5268617
175	7	1.157315	0.1616163	0.6344194
175	10	0.9096021	0.2949374	0.04324347
176	1	-0.2148647	0.5805235	0.5268617
176	4	-0.2148647	0.5805235	0.5268617
176	7	1.157315	0.1616163	0.6344194
176	10	0.9096021	0.2949374	0.04324347
177	1	-0.2148647	0.5805235	0.5268617
177	4	-0.2148647	0.5805235	0.5268617
177	7	1.157315	0.1616163	0.6344194
177	10	0.9096021	0.2949374	0.04324347
178	1	-0.2148647	0.5805235	0.5268617
178	4	-0.2148647	0.5805235	0.5268617
178	7	1.157315	0.1616163	0.6344194
178	10	0.9096021	0.2949374	0.04324347
179	1	-0.2148647	0.5805235	0.5268617
179	4	-0.2148647	0.5805235	0.5268617
179	7	1.157315	0.1616163	0.6344194
179	10	0.9096021	0.2949374	0.04324347
180	1	-0.2148647	0.5805235	0.5268617
180	4	-0.2148647	0.5805235	0.5268617
180	7	1.157315	0.1616163	0.6344194
180	10	0.9096021	0.2949374	0.04324347
181	1	-0.2148647	0.5805235	0.5268617
181	4	-0.2148647	0.5805235	0.5268617
181	7	1.157315	0.1616163	0.6344194
181	10	0.9096021	0.2949374	0.04324347
182	1	-0.2148647	0.5805235	0.5268617
182	4	-0.2148647	0.5805235	0.5268617
182	7	1.157315	0.1616163	0.6344194
182	10	0.9096021	0.2949374	0.04324347
183	1	-0.2148647	0.5805235	0.5268617
183	4	-0.2148647	0.5805235	0.5268617
183	7	1.157315	0.1616163	0.6344194
183	10	0.9096021	0.2949374	0.04324347
184	1	-0.2148647	0.5805235	0.5268617
184	4	-0.2148647	0.5805235	0.5268617
184	7	1.157315	0.1616163	0.6344194
184	10	0.9096021	0.2949374	0.04324347
185	1	-0.2148647	0.5805235	0.5268617
185	4	-0.2148647	0.5805235	0.5268617
185	7	1.157315	0.1616163	0.6344194
185	10	0.9096021	0.2949374	0.04324347
186	1	-0.2148647	0.5805235	0.5268617
186	4	-0.2148647	0.5805235	0.5268617
186	7	1.157315	0.1616163	0.6344194
186	10	0.9096021	0.2949374	0.04324347
187	1	-0.2148647	0.5805235	0.5268617
187	4	-0.2148647	0.5805235	0.5268617
187	7	1.157315	0.1616163	0.6344194
187	10	0.9096021	0.2949374	0.04324347
188	1	-0.2148647	0.5805235	0.5268617
188	4	-0.2148647	0.5805235	0.5268617
188	7	1.157315	0.1616163	0.6344194
188	10	0.9096021	0.2949374	0.04324347
189	1	-0.2148647	0.5805235	0.5268617
189	4	-0.2148647	0.5805235	0.5268617
189	7	1.157315	0.1616163	0.6344194
189	10	0.9096021	0.2949374	0.04324347
190	1	-0.2148647	0.5805235	0.5268617
190	4	-0.2148647	0.5805235	0.5268617
190	7	1.157315	0.1616163	0.6344194
190	10	0.9096021	0.2949374	0.04324347
191	1	-0.2148647	0.5805235	0.5268617
191	4	-0.2148647	0.5805235	0.5268617
191	7	1.157315	0.1616163	0.6344194
191	10	0.9096021	0.2949374	0.04324347
192	1	-0.2148647	0.5805235	0.5268617
192	4	-0.2148647	0.5805235	0.5268617
192	7	1.157315	0.1616163	0.6344194
192	10	0.9096021	0.2949374	0.04324347
193	1	-0.2148647	0.5805235	0.5268617
193	4	-0.2148647	0.5805235	0.5268617
193	7	1.157315	0.1616163	0.6344194
193	10	0.9096021	0.2949374	0.04324347
194	1	-0.2148647	0.5805235	0.5268617
194	4	-0.2148647	0.5805235	0.5268617
194	7	1.157315	0.1616163	0.6344194
194	10	0.9096021	0.2949374	0.04324347
195	1	-0.2148647	0.5805235	0.5268617
195	4	-0.2148647	0.5805235	0.5268617
195	7	1.157315	0.1616163	0.6344194
195	10	0.9096021	0.2949374	0.04324347
196	1	-0.2148647	0.5805235	0.5268617
196	4	-0.2148647	0.5805235	0.5268617
196	7	1.157315	0.1616163	0.6344194
196	10	0.9096021	0.2949374	0.04324347
206	1	1.120904	0.1941041	0.4197782
206	4	1.120904	0.1941041	0.4197782
207	1	1.120904	0.1941041	0.4197782
207	4	1.120904	0.1941041	0.4197782
208	1	1.120904	0.1941041	0.4197782
208	4	1.120904	0.1941041	0.4197782
209	1	1.120904	0.1941041	0.4197782
209	4	1.120904	0.1941041	0.4197782
210	1	1.120904	0.1941041	0.4197782
210	4	1.120904	0.1941041	0.4197782
211	1	1.120904	0.1941041	0.4197782
211	4	1.120904	0.1941041	0.4197782
212	1	1.120904	0.1941041	0.4197782
212	4	1.120904	0.1941041	0.4197782
213	1	1.120904	0.1941041	0.4197782
213	4	1.120904	0.1941041	0.4197782
214	1	1.120904	0.1941041	0.4197782
214	4	1.120904	0.1941041	0.4197782
215	1	-0.1727641	0.5810289	0.3977889
215	4	-0.1727641	0.5810289	0.3977889
215	7	0.8569519	0.2212589	0.9285169
215	10	1.234535	0.1898676	0.1269067
216	1	-0.1727641	0.5810289	0.3977889
216	4	-0.1727641	0.5810289	0.3977889
216	7	0.8569519	0.2212589	0.9285169
216	10	1.234535	0.1898676	0.1269067
217	1	-0.1727641	0.5810289	0.3977889
217	4	-0.1727641	0.5810289	0.3977889
217	7	0.8569519	0.2212589	0.9285169
217	10	1.234535	0.1898676	0.1269067
218	1	-0.1727641	0.5810289	0.3977889
218	4	-0.1727641	0.5810289	0.3977889
218	7	0.8569519	0.2212589	0.9285169
218	10	1.234535	0.1898676	0.1269067
219	1	-0.1727641	0.5810289	0.3977889
219	4	-0.1727641	0.5810289	0.3977889
219	7	0.8569519	0.2212589	0.9285169
219	10	1.234535	0.1898676	0.1269067
220	1	-0.1727641	0.5810289	0.3977889
220	4	-0.1727641	0.5810289	0.3977889
220	7	0.8569519	0.2212589	0.9285169
220	10	1.234535	0.1898676	0.1269067
221	1	-0.1727641	0.5810289	0.3977889
221	4	-0.1727641	0.5810289	0.3977889
221	7	0.8569519	0.2212589	0.9285169
221	10	1.234535	0.1898676	0.1269067
222	1	-0.1727641	0.5810289	0.3977889
222	4	-0.1727641	0.5810289	0.3977889
222	7	0.8569519	0.2212589	0.9285169
222	10	1.234535	0.1898676	0.1269067
223	1	-0.1727641	0.5810289	0.3977889
223	4	-0.1727641	0.5810289	0.3977889
223	7	0.8569519	0.2212589	0.9285169
223	10	1.234535	0.1898676	0.1269067
224	1	-0.1727641	0.5810289	0.3977889
224	4	-0.1727641	0.5810289	0.3977889
224	7	0.8569519	0.2212589	0.9285169
224	10	1.234535	0.1898676	0.1269067
225	1	-0.1727641	0.5810289	0.3977889
225	4	-0.1727641	0.5810289	0.3977889
225	7	0.8569519	0.2212589	0.9285169
225	10	1.234535	0.1898676	0.1269067
226	1	-0.1727641	0.5810289	0.3977889
226	4	-0.1727641	0.5810289	0.3977889
226	7	0.8569519	0.2212589	0.9285169
226	10	1.234535	0.1898676	0.1269067
227	1	-0.1727641	0.5810289	0.3977889
227	4	-0.1727641	0.5810289	0.3977889
227	7	0.8569519	0.2212589	0.9285169
227	10	1.234535	0.1898676	0.1269067
228	1	-0.1727641	0.5810289	0.3977889
228	4	-0.1727641	0.5810289	0.3977889
228	7	0.8569519	0.2212589	0.9285169
228	10	1.234535	0.1898676	0.1269067
229	1	-0.1727641	0.5810289	0.3977889
229	4	-0.1727641	0.5810289	0.3977889
229	7	0.8569519	0.2212589	0.9285169
229	10	1.234535	0.1898676	0.1269067
230	1	-0.1727641	0.5810289	0.3977889
230	4	-0.1727641	0.5810289	0.3977889
230	7	0.8569519	0.2212589	0.9285169
230	10	1.234535	0.1898676	0.1269067
231	1	-0.1727641	0.5810289	0.3977889
231	4	-0.1727641	0.5810289	0.3977889
231	7	0.8569519	0.2212589	0.9285169
231	10	1.234535	0.1898676	0.1269067
232	1	-0.1727641	0.5810289	0.3977889
232	4	-0.1727641	0.5810289	0.3977889
232	7	0.8569519	0.2212589	0.9285169
232	10	1.234535	0.1898676	0.1269067
233	1	-0.1727641	0.5810289	0.3977889
233	4	-0.1727641	0.5810289	0.3977889
233	7	0.8569519	0.2212589	0.9285169
233	10	1.234535	0.1898676	0.1269067
234	1	-0.1727641	0.5810289	0.3977889
234	4	-0.1727641	0.5810289	0.3977889
234	7	0.8569519	0.2212589	0.9285169
234	10	1.234535	0.1898676	0.1269067
235	1	-0.1727641	0.5810289	0.3977889
235	4	-0.1727641	0.5810289	0.3977889
235	7	0.8569519	0.2212589	0.9285169
235	10	1.234535	0.1898676	0.1269067
236	1	-0.1727641	0.5810289	0.3977889
236	4	-0.1727641	0.5810289	0.3977889
236	7	0.8569519	0.2212589	0.9285169
236	10	1.234535	0.1898676	0.1269067
237	1	-0.1727641	0.5810289	0.3977889
237	4	-0.1727641	0.5810289	0.3977889
237	7	0.8569519	0.2212589	0.9285169
237	10	1.234535	0.1898676	0.1269067
238	1	-0.1727641	0.5810289	0.3977889
238	4	-0.1727641	0.5810289	0.3977889
238	7	0.8569519	0.2212589	0.9285169
238	10	1.234535	0.1898676	0.1269067
239	1	-0.1727641	0.5810289	0.3977889
239	4	-0.1727641	0.5810289	0.3977889
239	7	0.8569519	0.2212589	0.9285169
239	10	1.234535	0.1898676	0.1269067
240	1	-0.1727641	0.5810289	0.3977889
240	4	-0.1727641	0.5810289	0.3977889
240	7	0.8569519	0.2212589	0.9285169
240	10	1.234535	0.1898676	0.1269067
241	1	-0.1727641	0.5810289	0.3977889
241	4	-0.1727641	0.5810289	0.3977889
241	7	0.8569519	0.2212589	0.9285169
241	10	1.234535	0.1898676	0.1269067
242	1	-0.1727641	0.5810289	0.3977889
242	4	-0.1727641	0.5810289	0.3977889
242	7	0.8569519	0.2212589	0.9285169
242	10	1.234535	0.1898676	0.1269067
243	1	-0.1727641	0.5810289	0.3977889
243	4	-0.1727641	0.5810289	0.3977889
243	7	0.8569519	0.2212589	0.9285169
243	10	1.234535	0.1898676	0.1269067
244	1	-0.1727641	0.5810289	0.3977889
244	4	-0.1727641	0.5810289	0.3977889
244	7	0.8569519	0.2212589	0.9285169
244	10	1.234535	0.1898676	0.1269067
245	1	-0.1727641	0.5810289	0.3977889
245	4	-0.1727641	0.5810289	0.3977889
245	7	0.8569519	0.2212589	0.9285169
245	10	1.234535	0.1898676	0.1269067
246	1	-0.1727641	0.5810289	0.3977889
246	4	-0.1727641	0.5810289	0.3977889
246	7	0.8569519	0.2212589	0.9285169
246	10	1.234535	0.1898676	0.1269067
247	1	-0.2148647	0.5805235	0.5268617
247	4	-0.2148647	0.5805235	0.5268617
247	7	1.157315	0.1616163	0.6344194
247	10	0.9096021	0.2949374	0.04324347
248	1	-0.2148647	0.5805235	0.5268617
248	4	-0.2148647	0.5805235	0.5268617
248	7	1.157315	0.1616163	0.6344194
248	10	0.9096021	0.2949374	0.04324347
249	1	-0.2148647	0.5805235	0.5268617
249	4	-0.2148647	0.5805235	0.5268617
249	7	1.157315	0.1616163	0.6344194
249	10	0.9096021	0.2949374	0.04324347
250	1	-0.2148647	0.5805235	0.5268617
250	4	-0.2148647	0.5805235	0.5268617
250	7	1.157315	0.1616163	0.6344194
250	10	0.9096021	0.2949374	0.04324347
251	1	-0.2148647	0.5805235	0.5268617
251	4	-0.2148647	0.5805235	0.5268617
251	7	1.157315	0.1616163	0.6344194
251	10	0.9096021	0.2949374	0.04324347
252	4	1.122931	0.1717314	0.6355075
252	7	-0.2610669	0.5856467	0.6122445
252	10	0.5903772	0.39229	0.01923468
253	4	1.122931	0.1717314	0.6355075
253	7	-0.2610669	0.5856467	0.6122445
253	10	0.5903772	0.39229	0.01923468
254	4	1.122931	0.1717314	0.6355075
254	7	-0.2610669	0.5856467	0.6122445
254	10	0.5903772	0.39229	0.01923468
255	4	1.122931	0.1717314	0.6355075
255	7	-0.2610669	0.5856467	0.6122445
255	10	0.5903772	0.39229	0.01923468
256	4	1.122931	0.1717314	0.6355075
256	7	-0.2610669	0.5856467	0.6122445
256	10	0.5903772	0.39229	0.01923468
257	4	1.122931	0.1717314	0.6355075
257	7	-0.2610669	0.5856467	0.6122445
257	10	0.5903772	0.39229	0.01923468
258	4	1.211929	0.1668777	0.4213414
258	10	-0.1543017	0.5755295	0.3978794
259	4	1.211929	0.1668777	0.4213414
259	10	-0.1543017	0.5755295	0.3978794
260	4	1.211929	0.1668777	0.4213414
260	10	-0.1543017	0.5755295	0.3978794
261	4	1.211929	0.1668777	0.4213414
261	10	-0.1543017	0.5755295	0.3978794
262	4	1.211929	0.1668777	0.4213414
262	10	-0.1543017	0.5755295	0.3978794
263	4	1.211929	0.1668777	0.4213414
263	10	-0.1543017	0.5755295	0.3978794
264	4	1.211929	0.1668777	0.4213414
264	10	-0.1543017	0.5755295	0.3978794
265	4	1.211929	0.1668777	0.4213414
265	10	-0.1543017	0.5755295	0.3978794
266	1	-0.1392903	0.5710394	0.3981372
266	4	-0.1392903	0.5710394	0.3981372
266	10	1.242883	0.1576191	0.4218729
267	1	-0.1392903	0.5710394	0.3981372
267	4	-0.1392903	0.5710394	0.3981372
267	10	1.242883	0.1576191	0.4218729
268	1	-0.1392903	0.5710394	0.3981372
268	4	-0.1392903	0.5710394	0.3981372
268	10	1.242883	0.1576191	0.4218729
269	1	-0.1392903	0.5710394	0.3981372
269	4	-0.1392903	0.5710394	0.3981372
269	10	1.242883	0.1576191	0.4218729
270	4	1.211929	0.1668777	0.4213414
270	10	-0.1543017	0.5755295	0.3978794
271	1	-0.1392903	0.5710394	0.3981372
271	4	-0.1392903	0.5710394	0.3981372
271	10	1.242883	0.1576191	0.4218729
272	1	-0.1392903	0.5710394	0.3981372
272	4	-0.1392903	0.5710394	0.3981372
272	10	1.242883	0.1576191	0.4218729
273	1	1.211929	0.1668777	0.4213414
273	10	-0.1543017	0.5755295	0.3978794
274	1	1.211929	0.1668777	0.4213414
274	10	-0.1543017	0.5755295	0.3978794
275	1	-0.1392903	0.5710394	0.3981372
275	4	-0.1392903	0.5710394	0.3981372
275	10	1.242883	0.1576191	0.4218729
276	1	-0.1392903	0.5710394	0.3981372
276	4	-0.1392903	0.5710394	0.3981372
276	10	1.242883	0.1576191	0.4218729
277	1	-0.1392903	0.5710394	0.3981372
277	4	-0.1392903	0.5710394	0.3981372
277	10	1.242883	0.1576191	0.4218729
278	1	-0.1392903	0.5710394	0.3981372
278	4	-0.1392903	0.5710394	0.3981372
278	10	1.242883	0.1576191	0.4218729
279	1	-0.1392903	0.5710394	0.3981372
279	4	-0.1392903	0.5710394	0.3981372
279	10	1.242883	0.1576191	0.4218729
280	1	-0.1392903	0.5710394	0.3981372
280	4	-0.1392903	0.5710394	0.3981372
280	10	1.242883	0.1576191	0.4218729
281	1	-0.1392903	0.5710394	0.3981372
281	4	-0.1392903	0.5710394	0.3981372
281	10	1.242883	0.1576191	0.4218729
282	1	-0.1392903	0.5710394	0.3981372
282	4	-0.1392903	0.5710394	0.3981372
282	10	1.242883	0.1576191	0.4218729
283	1	-0.1392903	0.5710394	0.3981372
283	4	-0.1392903	0.5710394	0.3981372
283	10	1.242883	0.1576191	0.4218729
284	1	-0.1392903	0.5710394	0.3981372
284	4	-0.1392903	0.5710394	0.3981372
284	10	1.242883	0.1576191	0.4218729
285	1	-0.1392903	0.5710394	0.3981372
285	4	-0.1392903	0.5710394	0.3981372
285	10	1.242883	0.1576191	0.4218729
286	1	-0.1392903	0.5710394	0.3981372
286	4	-0.1392903	0.5710394	0.3981372
286	10	1.242883	0.1576191	0.4218729
287	4	1.211929	0.1668777	0.4213414
287	10	-0.1543017	0.5755295	0.3978794
288	4	1.211929	0.1668777	0.4213414
288	10	-0.1543017	0.5755295	0.3978794
289	1	-0.1392903	0.5710394	0.3981372
289	4	-0.1392903	0.5710394	0.3981372
289	10	1.242883	0.1576191	0.4218729
290	1	-0.1392903	0.5710394	0.3981372
290	4	-0.1392903	0.5710394	0.3981372
290	10	1.242883	0.1576191	0.4218729
291	1	-0.1392903	0.5710394	0.3981372
291	4	-0.1392903	0.5710394	0.3981372
291	10	1.242883	0.1576191	0.4218729
292	4	1.211929	0.1668777	0.4213414
292	10	-0.1543017	0.5755295	0.3978794
293	4	1.211929	0.1668777	0.4213414
293	10	-0.1543017	0.5755295	0.3978794
294	4	1.211929	0.1668777	0.4213414
294	10	-0.1543017	0.5755295	0.3978794
295	4	1.211929	0.1668777	0.4213414
295	10	-0.1543017	0.5755295	0.3978794
296	1	-0.2148647	0.5805235	0.5268617
296	4	-0.2148647	0.5805235	0.5268617
296	7	1.157315	0.1616163	0.6344194
296	10	0.9096021	0.2949374	0.04324347
297	1	-0.2148647	0.5805235	0.5268617
297	4	-0.2148647	0.5805235	0.5268617
297	7	1.157315	0.1616163	0.6344194
297	10	0.9096021	0.2949374	0.04324347
298	1	-0.2148647	0.5805235	0.5268617
298	4	-0.2148647	0.5805235	0.5268617
298	7	1.157315	0.1616163	0.6344194
298	10	0.9096021	0.2949374	0.04324347
299	1	-0.2148647	0.5805235	0.5268617
299	4	-0.2148647	0.5805235	0.5268617
299	7	1.157315	0.1616163	0.6344194
299	10	0.9096021	0.2949374	0.04324347
300	1	-0.2148647	0.5805235	0.5268617
300	4	-0.2148647	0.5805235	0.5268617
300	7	1.157315	0.1616163	0.6344194
300	10	0.9096021	0.2949374	0.04324347
301	1	-0.2148647	0.5805235	0.5268617
301	4	-0.2148647	0.5805235	0.5268617
301	7	1.157315	0.1616163	0.6344194
301	10	0.9096021	0.2949374	0.04324347
302	1	-0.2148647	0.5805235	0.5268617
302	4	-0.2148647	0.5805235	0.5268617
302	7	1.157315	0.1616163	0.6344194
302	10	0.9096021	0.2949374	0.04324347
303	4	1.294942	0.1420678	0.4225677
303	7	-0.3237041	0.55945	1.056425
303	10	0.1426003	0.5206288	0.06699183
304	4	1.294942	0.1420678	0.4225677
304	7	-0.3237041	0.55945	1.056425
304	10	0.1426003	0.5206288	0.06699183
305	4	1.294942	0.1420678	0.4225677
305	7	-0.3237041	0.55945	1.056425
305	10	0.1426003	0.5206288	0.06699183
306	4	1.294942	0.1420678	0.4225677
306	7	-0.3237041	0.55945	1.056425
306	10	0.1426003	0.5206288	0.06699183
307	4	1.294942	0.1420678	0.4225677
307	7	-0.3237041	0.55945	1.056425
307	10	0.1426003	0.5206288	0.06699183
308	4	1.294942	0.1420678	0.4225677
308	7	-0.3237041	0.55945	1.056425
308	10	0.1426003	0.5206288	0.06699183
309	4	1.294942	0.1420678	0.4225677
309	7	-0.3237041	0.55945	1.056425
309	10	0.1426003	0.5206288	0.06699183
310	4	1.294942	0.1420678	0.4225677
310	7	-0.3237041	0.55945	1.056425
310	10	0.1426003	0.5206288	0.06699183
311	1	-0.1727641	0.5810289	0.3977889
311	4	-0.1727641	0.5810289	0.3977889
311	7	0.8569519	0.2212589	0.9285169
311	10	1.234535	0.1898676	0.1269067
312	1	-0.1727641	0.5810289	0.3977889
312	4	-0.1727641	0.5810289	0.3977889
312	7	0.8569519	0.2212589	0.9285169
312	10	1.234535	0.1898676	0.1269067
313	1	-0.1727641	0.5810289	0.3977889
313	4	-0.1727641	0.5810289	0.3977889
313	7	0.8569519	0.2212589	0.9285169
313	10	1.234535	0.1898676	0.1269067
314	1	-0.1727641	0.5810289	0.3977889
314	4	-0.1727641	0.5810289	0.3977889
314	7	0.8569519	0.2212589	0.9285169
314	10	1.234535	0.1898676	0.1269067
315	1	-0.1727641	0.5810289	0.3977889
315	4	-0.1727641	0.5810289	0.3977889
315	7	0.8569519	0.2212589	0.9285169
315	10	1.234535	0.1898676	0.1269067
316	1	-0.1727641	0.5810289	0.3977889
316	4	-0.1727641	0.5810289	0.3977889
316	7	0.8569519	0.2212589	0.9285169
316	10	1.234535	0.1898676	0.1269067
317	1	-0.1727641	0.5810289	0.3977889
317	4	-0.1727641	0.5810289	0.3977889
317	7	0.8569519	0.2212589	0.9285169
317	10	1.234535	0.1898676	0.1269067
318	1	-0.1727641	0.5810289	0.3977889
318	4	-0.1727641	0.5810289	0.3977889
318	7	0.8569519	0.2212589	0.9285169
318	10	1.234535	0.1898676	0.1269067
319	1	-0.1727641	0.5810289	0.3977889
319	4	-0.1727641	0.5810289	0.3977889
319	7	0.8569519	0.2212589	0.9285169
319	10	1.234535	0.1898676	0.1269067
320	1	-0.1727641	0.5810289	0.3977889
320	4	-0.1727641	0.5810289	0.3977889
320	7	0.8569519	0.2212589	0.9285169
320	10	1.234535	0.1898676	0.1269067
321	1	-0.1727641	0.5810289	0.3977889
321	4	-0.1727641	0.5810289	0.3977889
321	7	0.8569519	0.2212589	0.9285169
321	10	1.234535	0.1898676	0.1269067
322	1	-0.1727641	0.5810289	0.3977889
322	4	-0.1727641	0.5810289	0.3977889
322	7	0.8569519	0.2212589	0.9285169
322	10	1.234535	0.1898676	0.1269067
323	1	-0.1727641	0.5810289	0.3977889
323	4	-0.1727641	0.5810289	0.3977889
323	7	0.8569519	0.2212589	0.9285169
323	10	1.234535	0.1898676	0.1269067
324	1	-0.1727641	0.5810289	0.3977889
324	4	-0.1727641	0.5810289	0.3977889
324	7	0.8569519	0.2212589	0.9285169
324	10	1.234535	0.1898676	0.1269067
325	1	-0.1727641	0.5810289	0.3977889
325	4	-0.1727641	0.5810289	0.3977889
325	7	0.8569519	0.2212589	0.9285169
325	10	1.234535	0.1898676	0.1269067
326	1	-0.1727641	0.5810289	0.3977889
326	4	-0.1727641	0.5810289	0.3977889
326	7	0.8569519	0.2212589	0.9285169
326	10	1.234535	0.1898676	0.1269067
327	1	-0.1727641	0.5810289	0.3977889
327	4	-0.1727641	0.5810289	0.3977889
327	7	0.8569519	0.2212589	0.9285169
327	10	1.234535	0.1898676	0.1269067
328	1	-0.1727641	0.5810289	0.3977889
328	4	-0.1727641	0.5810289	0.3977889
328	7	0.8569519	0.2212589	0.9285169
328	10	1.234535	0.1898676	0.1269067
329	1	-0.1727641	0.5810289	0.3977889
329	4	-0.1727641	0.5810289	0.3977889
329	7	0.8569519	0.2212589	0.9285169
329	10	1.234535	0.1898676	0.1269067
330	1	-0.1727641	0.5810289	0.3977889
330	4	-0.1727641	0.5810289	0.3977889
330	7	0.8569519	0.2212589	0.9285169
330	10	1.234535	0.1898676	0.1269067
331	1	-0.1727641	0.5810289	0.3977889
331	4	-0.1727641	0.5810289	0.3977889
331	7	0.8569519	0.2212589	0.9285169
331	10	1.234535	0.1898676	0.1269067
332	1	-0.1727641	0.5810289	0.3977889
332	4	-0.1727641	0.5810289	0.3977889
332	7	0.8569519	0.2212589	0.9285169
332	10	1.234535	0.1898676	0.1269067
333	1	-0.1727641	0.5810289	0.3977889
333	4	-0.1727641	0.5810289	0.3977889
333	7	0.8569519	0.2212589	0.9285169
333	10	1.234535	0.1898676	0.1269067
334	1	-0.1727641	0.5810289	0.3977889
334	4	-0.1727641	0.5810289	0.3977889
334	7	0.8569519	0.2212589	0.9285169
334	10	1.234535	0.1898676	0.1269067
335	1	-0.1727641	0.5810289	0.3977889
335	4	-0.1727641	0.5810289	0.3977889
335	7	0.8569519	0.2212589	0.9285169
335	10	1.234535	0.1898676	0.1269067
336	1	-0.1727641	0.5810289	0.3977889
336	4	-0.1727641	0.5810289	0.3977889
336	7	0.8569519	0.2212589	0.9285169
336	10	1.234535	0.1898676	0.1269067
337	1	-0.1727641	0.5810289	0.3977889
337	4	-0.1727641	0.5810289	0.3977889
337	7	0.8569519	0.2212589	0.9285169
337	10	1.234535	0.1898676	0.1269067
338	1	-0.1727641	0.5810289	0.3977889
338	4	-0.1727641	0.5810289	0.3977889
338	7	0.8569519	0.2212589	0.9285169
338	10	1.234535	0.1898676	0.1269067
339	1	-0.1727641	0.5810289	0.3977889
339	4	-0.1727641	0.5810289	0.3977889
339	7	0.8569519	0.2212589	0.9285169
339	10	1.234535	0.1898676	0.1269067
340	1	-0.1727641	0.5810289	0.3977889
340	4	-0.1727641	0.5810289	0.3977889
340	7	0.8569519	0.2212589	0.9285169
340	10	1.234535	0.1898676	0.1269067
341	1	-0.1727641	0.5810289	0.3977889
341	4	-0.1727641	0.5810289	0.3977889
341	7	0.8569519	0.2212589	0.9285169
341	10	1.234535	0.1898676	0.1269067
342	1	-0.1727641	0.5810289	0.3977889
342	4	-0.1727641	0.5810289	0.3977889
342	7	0.8569519	0.2212589	0.9285169
342	10	1.234535	0.1898676	0.1269067
343	1	-0.1727641	0.5810289	0.3977889
343	4	-0.1727641	0.5810289	0.3977889
343	7	0.8569519	0.2212589	0.9285169
343	10	1.234535	0.1898676	0.1269067
344	1	-0.1727641	0.5810289	0.3977889
344	4	-0.1727641	0.5810289	0.3977889
344	7	0.8569519	0.2212589	0.9285169
344	10	1.234535	0.1898676	0.1269067
345	1	1.294943	0.1420678	0.4225664
345	7	-0.3237041	0.5594498	1.056426
345	10	0.1425994	0.520629	0.06699219
346	1	1.294943	0.1420678	0.4225664
346	7	-0.3237041	0.5594498	1.056426
346	10	0.1425994	0.520629	0.06699219
347	1	1.294943	0.1420678	0.4225664
347	7	-0.3237041	0.5594498	1.056426
347	10	0.1425994	0.520629	0.06699219
348	1	1.294943	0.1420678	0.4225664
348	7	-0.3237041	0.5594498	1.056426
348	10	0.1425994	0.520629	0.06699219
349	1	-0.1727641	0.5810289	0.3977889
349	4	-0.1727641	0.5810289	0.3977889
349	7	0.8569519	0.2212589	0.9285169
349	10	1.234535	0.1898676	0.1269067
350	1	-0.1727641	0.5810289	0.3977889
350	4	-0.1727641	0.5810289	0.3977889
350	7	0.8569519	0.2212589	0.9285169
350	10	1.234535	0.1898676	0.1269067
351	7	1.211929	0.1668777	0.4213414
351	10	-0.1543017	0.5755295	0.3978794
352	7	1.211929	0.1668777	0.4213414
352	10	-0.1543017	0.5755295	0.3978794
353	7	1.211929	0.1668777	0.4213414
353	10	-0.1543017	0.5755295	0.3978794
354	7	1.211929	0.1668777	0.4213414
354	10	-0.1543017	0.5755295	0.3978794
355	7	1.211929	0.1668777	0.4213414
355	10	-0.1543017	0.5755295	0.3978794
356	7	1.211929	0.1668777	0.4213414
356	10	-0.1543017	0.5755295	0.3978794
357	7	1.211929	0.1668777	0.4213414
357	10	-0.1543017	0.5755295	0.3978794
358	7	1.211929	0.1668777	0.4213414
358	10	-0.1543017	0.5755295	0.3978794
359	7	1.211929	0.1668777	0.4213414
359	10	-0.1543017	0.5755295	0.3978794
360	7	1.211929	0.1668777	0.4213414
360	10	-0.1543017	0.5755295	0.3978794
361	7	1.211929	0.1668777	0.4213414
361	10	-0.1543017	0.5755295	0.3978794
362	7	1.211929	0.1668777	0.4213414
362	10	-0.1543017	0.5755295	0.3978794
363	1	-0.1458183	0.5790701	0.3377937
363	4	-0.1458183	0.5790701	0.3377937
363	7	0.6685774	0.2641598	1.058502
363	10	1.343875	0.1483246	0.2163676
364	1	-0.1458183	0.5790701	0.3377937
364	4	-0.1458183	0.5790701	0.3377937
364	7	0.6685774	0.2641598	1.058502
364	10	1.343875	0.1483246	0.2163676
365	1	-0.1458183	0.5790701	0.3377937
365	4	-0.1458183	0.5790701	0.3377937
365	7	0.6685774	0.2641598	1.058502
365	10	1.343875	0.1483246	0.2163676
366	1	-0.1458183	0.5790701	0.3377937
366	4	-0.1458183	0.5790701	0.3377937
366	7	0.6685774	0.2641598	1.058502
366	10	1.343875	0.1483246	0.2163676
367	1	-0.1458183	0.5790701	0.3377937
367	4	-0.1458183	0.5790701	0.3377937
367	7	0.6685774	0.2641598	1.058502
367	10	1.343875	0.1483246	0.2163676
368	1	-0.1458183	0.5790701	0.3377937
368	4	-0.1458183	0.5790701	0.3377937
368	7	0.6685774	0.2641598	1.058502
368	10	1.343875	0.1483246	0.2163676
369	1	-0.1458183	0.5790701	0.3377937
369	4	-0.1458183	0.5790701	0.3377937
369	7	0.6685774	0.2641598	1.058502
369	10	1.343875	0.1483246	0.2163676
370	1	-0.1458183	0.5790701	0.3377937
370	4	-0.1458183	0.5790701	0.3377937
370	7	0.6685774	0.2641598	1.058502
370	10	1.343875	0.1483246	0.2163676
371	4	1.338588	0.1390015	0.3243372
371	7	-0.2562033	0.5191934	1.256434
371	10	-0.03156369	0.5621012	0.1692557
372	1	-0.1458183	0.5790701	0.3377937
372	4	-0.1458183	0.5790701	0.3377937
372	7	0.6685774	0.2641598	1.058502
372	10	1.343875	0.1483246	0.2163676
373	1	-0.1458183	0.5790701	0.3377937
373	4	-0.1458183	0.5790701	0.3377937
373	7	0.6685774	0.2641598	1.058502
373	10	1.343875	0.1483246	0.2163676
374	1	-0.1458183	0.5790701	0.3377937
374	4	-0.1458183	0.5790701	0.3377937
374	7	0.6685774	0.2641598	1.058502
374	10	1.343875	0.1483246	0.2163676
375	1	-0.1458183	0.5790701	0.3377937
375	4	-0.1458183	0.5790701	0.3377937
375	7	0.6685774	0.2641598	1.058502
375	10	1.343875	0.1483246	0.2163676
376	1	-0.1458183	0.5790701	0.3377937
376	4	-0.1458183	0.5790701	0.3377937
376	7	0.6685774	0.2641598	1.058502
376	10	1.343875	0.1483246	0.2163676
377	4	1.328363	0.1320722	0.423135
377	7	-0.330799	0.5677803	0.9947823
377	10	0.09931761	0.5319709	0.08214484
378	4	1.328363	0.1320722	0.423135
378	7	-0.330799	0.5677803	0.9947823
378	10	0.09931761	0.5319709	0.08214484
379	4	1.328363	0.1320722	0.423135
379	7	-0.330799	0.5677803	0.9947823
379	10	0.09931761	0.5319709	0.08214484
380	1	-0.1842448	0.5844623	0.3975973
380	4	-0.1842448	0.5844623	0.3975973
380	7	0.9434874	0.2014168	0.870135
380	10	1.283634	0.1731397	0.1479848
381	1	-0.1842448	0.5844623	0.3975973
381	4	-0.1842448	0.5844623	0.3975973
381	7	0.9434874	0.2014168	0.870135
381	10	1.283634	0.1731397	0.1479848
382	1	-0.1842448	0.5844623	0.3975973
382	4	-0.1842448	0.5844623	0.3975973
382	7	0.9434874	0.2014168	0.870135
382	10	1.283634	0.1731397	0.1479848
383	1	1.328363	0.1320721	0.4231337
383	7	-0.3307991	0.5677802	0.994784
383	10	0.09931675	0.5319711	0.08214526
384	1	1.328363	0.1320721	0.4231337
384	7	-0.3307991	0.5677802	0.994784
384	10	0.09931675	0.5319711	0.08214526
385	1	1.328363	0.1320721	0.4231337
385	7	-0.3307991	0.5677802	0.994784
385	10	0.09931675	0.5319711	0.08214526
386	1	1.328363	0.1320721	0.4231337
386	7	-0.3307991	0.5677802	0.994784
386	10	0.09931675	0.5319711	0.08214526
387	1	-0.1842448	0.5844623	0.3975973
387	4	-0.1842448	0.5844623	0.3975973
387	7	0.9434874	0.2014168	0.870135
387	10	1.283634	0.1731397	0.1479848
388	1	-0.1842448	0.5844623	0.3975973
388	4	-0.1842448	0.5844623	0.3975973
388	7	0.9434874	0.2014168	0.870135
388	10	1.283634	0.1731397	0.1479848
389	1	-0.1842448	0.5844623	0.3975973
389	4	-0.1842448	0.5844623	0.3975973
389	7	0.9434874	0.2014168	0.870135
389	10	1.283634	0.1731397	0.1479848
390	1	-0.1842448	0.5844623	0.3975973
390	4	-0.1842448	0.5844623	0.3975973
390	7	0.9434874	0.2014168	0.870135
390	10	1.283634	0.1731397	0.1479848
391	1	-0.1842448	0.5844623	0.3975973
391	4	-0.1842448	0.5844623	0.3975973
391	7	0.9434874	0.2014168	0.870135
391	10	1.283634	0.1731397	0.1479848
392	1	-0.1842448	0.5844623	0.3975973
392	4	-0.1842448	0.5844623	0.3975973
392	7	0.9434874	0.2014168	0.870135
392	10	1.283634	0.1731397	0.1479848
393	1	-0.1842448	0.5844623	0.3975973
393	4	-0.1842448	0.5844623	0.3975973
393	7	0.9434874	0.2014168	0.870135
393	10	1.283634	0.1731397	0.1479848
394	1	-0.1842448	0.5844623	0.3975973
394	4	-0.1842448	0.5844623	0.3975973
394	7	0.9434874	0.2014168	0.870135
394	10	1.283634	0.1731397	0.1479848
395	1	-0.1842448	0.5844623	0.3975973
395	4	-0.1842448	0.5844623	0.3975973
395	7	0.9434874	0.2014168	0.870135
395	10	1.283634	0.1731397	0.1479848
396	1	-0.1842448	0.5844623	0.3975973
396	4	-0.1842448	0.5844623	0.3975973
396	7	0.9434874	0.2014168	0.870135
396	10	1.283634	0.1731397	0.1479848
397	1	1.328363	0.1320721	0.4231337
397	7	-0.3307991	0.5677802	0.994784
397	10	0.09931675	0.5319711	0.08214526
398	1	1.328363	0.1320721	0.4231337
398	7	-0.3307991	0.5677802	0.994784
398	10	0.09931675	0.5319711	0.08214526
399	1	1.328363	0.1320721	0.4231337
399	7	-0.3307991	0.5677802	0.994784
399	10	0.09931675	0.5319711	0.08214526
400	1	1.328363	0.1320721	0.4231337
400	7	-0.3307991	0.5677802	0.994784
400	10	0.09931675	0.5319711	0.08214526
401	1	1.328363	0.1320721	0.4231337
401	7	-0.3307991	0.5677802	0.994784
401	10	0.09931675	0.5319711	0.08214526
402	1	-0.1842448	0.5844623	0.3975973
402	4	-0.1842448	0.5844623	0.3975973
402	7	0.9434874	0.2014168	0.870135
402	10	1.283634	0.1731397	0.1479848
403	1	-0.1842448	0.5844623	0.3975973
403	4	-0.1842448	0.5844623	0.3975973
403	7	0.9434874	0.2014168	0.870135
403	10	1.283634	0.1731397	0.1479848
404	1	-0.1842448	0.5844623	0.3975973
404	4	-0.1842448	0.5844623	0.3975973
404	7	0.9434874	0.2014168	0.870135
404	10	1.283634	0.1731397	0.1479848
405	1	-0.1842448	0.5844623	0.3975973
405	4	-0.1842448	0.5844623	0.3975973
405	7	0.9434874	0.2014168	0.870135
405	10	1.283634	0.1731397	0.1479848
406	1	-0.1842448	0.5844623	0.3975973
406	4	-0.1842448	0.5844623	0.3975973
406	7	0.9434874	0.2014168	0.870135
406	10	1.283634	0.1731397	0.1479848
407	1	-0.1842448	0.5844623	0.3975973
407	4	-0.1842448	0.5844623	0.3975973
407	7	0.9434874	0.2014168	0.870135
407	10	1.283634	0.1731397	0.1479848
408	1	-0.1842448	0.5844623	0.3975973
408	4	-0.1842448	0.5844623	0.3975973
408	7	0.9434874	0.2014168	0.870135
408	10	1.283634	0.1731397	0.1479848
409	1	-0.1842448	0.5844623	0.3975973
409	4	-0.1842448	0.5844623	0.3975973
409	7	0.9434874	0.2014168	0.870135
409	10	1.283634	0.1731397	0.1479848
410	1	-0.1842448	0.5844623	0.3975973
410	4	-0.1842448	0.5844623	0.3975973
410	7	0.9434874	0.2014168	0.870135
410	10	1.283634	0.1731397	0.1479848
411	1	-0.1842448	0.5844623	0.3975973
411	4	-0.1842448	0.5844623	0.3975973
411	7	0.9434874	0.2014168	0.870135
411	10	1.283634	0.1731397	0.1479848
412	1	-0.1842448	0.5844623	0.3975973
412	4	-0.1842448	0.5844623	0.3975973
412	7	0.9434874	0.2014168	0.870135
412	10	1.283634	0.1731397	0.1479848
413	1	-0.1842448	0.5844623	0.3975973
413	4	-0.1842448	0.5844623	0.3975973
413	7	0.9434874	0.2014168	0.870135
413	10	1.283634	0.1731397	0.1479848
414	1	-0.1842448	0.5844623	0.3975973
414	4	-0.1842448	0.5844623	0.3975973
414	7	0.9434874	0.2014168	0.870135
414	10	1.283634	0.1731397	0.1479848
415	4	1.328363	0.1320722	0.423135
415	7	-0.330799	0.5677803	0.9947823
415	10	0.09931761	0.5319709	0.08214484
416	4	1.328363	0.1320722	0.423135
416	7	-0.330799	0.5677803	0.9947823
416	10	0.09931761	0.5319709	0.08214484
417	4	1.328363	0.1320722	0.423135
417	7	-0.330799	0.5677803	0.9947823
417	10	0.09931761	0.5319709	0.08214484
418	4	1.328363	0.1320722	0.423135
418	7	-0.330799	0.5677803	0.9947823
418	10	0.09931761	0.5319709	0.08214484
419	4	1.328363	0.1320722	0.423135
419	7	-0.330799	0.5677803	0.9947823
419	10	0.09931761	0.5319709	0.08214484
420	4	1.328363	0.1320722	0.423135
420	7	-0.330799	0.5677803	0.9947823
420	10	0.09931761	0.5319709	0.08214484
421	4	1.328363	0.1320722	0.423135
421	7	-0.330799	0.5677803	0.9947823
421	10	0.09931761	0.5319709	0.08214484
422	4	1.328363	0.1320722	0.423135
422	7	-0.330799	0.5677803	0.9947823
422	10	0.09931761	0.5319709	0.08214484
423	4	1.328363	0.1320722	0.423135
423	7	-0.330799	0.5677803	0.9947823
423	10	0.09931761	0.5319709	0.08214484
424	4	1.328363	0.1320722	0.423135
424	7	-0.330799	0.5677803	0.9947823
424	10	0.09931761	0.5319709	0.08214484
425	4	1.328363	0.1320722	0.423135
425	7	-0.330799	0.5677803	0.9947823
425	10	0.09931761	0.5319709	0.08214484
426	4	1.328363	0.1320722	0.423135
426	7	-0.330799	0.5677803	0.9947823
426	10	0.09931761	0.5319709	0.08214484
427	4	1.328363	0.1320722	0.423135
427	7	-0.330799	0.5677803	0.9947823
427	10	0.09931761	0.5319709	0.08214484
428	4	1.328363	0.1320722	0.423135
428	7	-0.330799	0.5677803	0.9947823
428	10	0.09931761	0.5319709	0.08214484
429	4	1.328363	0.1320722	0.423135
429	7	-0.330799	0.5677803	0.9947823
429	10	0.09931761	0.5319709	0.08214484
430	4	1.328363	0.1320722	0.423135
430	7	-0.330799	0.5677803	0.9947823
430	10	0.09931761	0.5319709	0.08214484
431	4	1.328363	0.1320722	0.423135
431	7	-0.330799	0.5677803	0.9947823
431	10	0.09931761	0.5319709	0.08214484
432	4	1.328363	0.1320722	0.423135
432	7	-0.330799	0.5677803	0.9947823
432	10	0.09931761	0.5319709	0.08214484
433	4	1.328363	0.1320722	0.423135
433	7	-0.330799	0.5677803	0.9947823
433	10	0.09931761	0.5319709	0.08214484
434	4	1.328363	0.1320722	0.423135
434	7	-0.330799	0.5677803	0.9947823
434	10	0.09931761	0.5319709	0.08214484
435	4	1.328363	0.1320722	0.423135
435	7	-0.330799	0.5677803	0.9947823
435	10	0.09931761	0.5319709	0.08214484
436	4	1.328363	0.1320722	0.423135
436	7	-0.330799	0.5677803	0.9947823
436	10	0.09931761	0.5319709	0.08214484
437	4	1.328363	0.1320722	0.423135
437	7	-0.330799	0.5677803	0.9947823
437	10	0.09931761	0.5319709	0.08214484
438	4	1.328363	0.1320722	0.423135
438	7	-0.330799	0.5677803	0.9947823
438	10	0.09931761	0.5319709	0.08214484
439	1	-0.1842448	0.5844623	0.3975973
439	4	-0.1842448	0.5844623	0.3975973
439	7	0.9434874	0.2014168	0.870135
439	10	1.283634	0.1731397	0.1479848
440	1	-0.1842448	0.5844623	0.3975973
440	4	-0.1842448	0.5844623	0.3975973
440	7	0.9434874	0.2014168	0.870135
440	10	1.283634	0.1731397	0.1479848
441	1	-0.1842448	0.5844623	0.3975973
441	4	-0.1842448	0.5844623	0.3975973
441	7	0.9434874	0.2014168	0.870135
441	10	1.283634	0.1731397	0.1479848
442	1	-0.1842448	0.5844623	0.3975973
442	4	-0.1842448	0.5844623	0.3975973
442	7	0.9434874	0.2014168	0.870135
442	10	1.283634	0.1731397	0.1479848
443	1	-0.1842448	0.5844623	0.3975973
443	4	-0.1842448	0.5844623	0.3975973
443	7	0.9434874	0.2014168	0.870135
443	10	1.283634	0.1731397	0.1479848
444	1	-0.1842448	0.5844623	0.3975973
444	4	-0.1842448	0.5844623	0.3975973
444	7	0.9434874	0.2014168	0.870135
444	10	1.283634	0.1731397	0.1479848
445	1	-0.1842448	0.5844623	0.3975973
445	4	-0.1842448	0.5844623	0.3975973
445	7	0.9434874	0.2014168	0.870135
445	10	1.283634	0.1731397	0.1479848
446	1	-0.1842448	0.5844623	0.3975973
446	4	-0.1842448	0.5844623	0.3975973
446	7	0.9434874	0.2014168	0.870135
446	10	1.283634	0.1731397	0.1479848
447	1	-0.1842448	0.5844623	0.3975973
447	4	-0.1842448	0.5844623	0.3975973
447	7	0.9434874	0.2014168	0.870135
447	10	1.283634	0.1731397	0.1479848
448	1	-0.1842448	0.5844623	0.3975973
448	4	-0.1842448	0.5844623	0.3975973
448	7	0.9434874	0.2014168	0.870135
448	10	1.283634	0.1731397	0.1479848
449	1	-0.1842448	0.5844623	0.3975973
449	4	-0.1842448	0.5844623	0.3975973
449	7	0.9434874	0.2014168	0.870135
449	10	1.283634	0.1731397	0.1479848
450	1	-0.1842448	0.5844623	0.3975973
450	4	-0.1842448	0.5844623	0.3975973
450	7	0.9434874	0.2014168	0.870135
450	10	1.283634	0.1731397	0.1479848
451	1	-0.1842448	0.5844623	0.3975973
451	4	-0.1842448	0.5844623	0.3975973
451	7	0.9434874	0.2014168	0.870135
451	10	1.283634	0.1731397	0.1479848
452	1	-0.1842448	0.5844623	0.3975973
452	4	-0.1842448	0.5844623	0.3975973
452	7	0.9434874	0.2014168	0.870135
452	10	1.283634	0.1731397	0.1479848
453	1	-0.1842448	0.5844623	0.3975973
453	4	-0.1842448	0.5844623	0.3975973
453	7	0.9434874	0.2014168	0.870135
453	10	1.283634	0.1731397	0.1479848
454	1	-0.1842448	0.5844623	0.3975973
454	4	-0.1842448	0.5844623	0.3975973
454	7	0.9434874	0.2014168	0.870135
454	10	1.283634	0.1731397	0.1479848
455	1	-0.1842448	0.5844623	0.3975973
455	4	-0.1842448	0.5844623	0.3975973
455	7	0.9434874	0.2014168	0.870135
455	10	1.283634	0.1731397	0.1479848
456	1	-0.1842448	0.5844623	0.3975973
456	4	-0.1842448	0.5844623	0.3975973
456	7	0.9434874	0.2014168	0.870135
456	10	1.283634	0.1731397	0.1479848
458	1	-0.1785440	0.5827574	0.3976924
458	4	-0.1785440	0.5827574	0.3976924
458	7	0.9026244	0.210805	0.8975194
458	10	1.260467	0.1810559	0.1378077
459	1	-0.1785440	0.5827574	0.3976924
459	4	-0.1785440	0.5827574	0.3976924
459	7	0.9026244	0.210805	0.8975194
459	10	1.260467	0.1810559	0.1378077
460	1	-0.1785440	0.5827574	0.3976924
460	4	-0.1785440	0.5827574	0.3976924
460	7	0.9026244	0.210805	0.8975194
460	10	1.260467	0.1810559	0.1378077
461	1	-0.1785440	0.5827574	0.3976924
461	4	-0.1785440	0.5827574	0.3976924
461	7	0.9026244	0.210805	0.8975194
461	10	1.260467	0.1810559	0.1378077
462	1	-0.1785440	0.5827574	0.3976924
462	4	-0.1785440	0.5827574	0.3976924
462	7	0.9026244	0.210805	0.8975194
462	10	1.260467	0.1810559	0.1378077
463	1	-0.1785440	0.5827574	0.3976924
463	4	-0.1785440	0.5827574	0.3976924
463	7	0.9026244	0.210805	0.8975194
463	10	1.260467	0.1810559	0.1378077
464	1	-0.1785440	0.5827574	0.3976924
464	4	-0.1785440	0.5827574	0.3976924
464	7	0.9026244	0.210805	0.8975194
464	10	1.260467	0.1810559	0.1378077
465	1	-0.1785440	0.5827574	0.3976924
465	4	-0.1785440	0.5827574	0.3976924
465	7	0.9026244	0.210805	0.8975194
465	10	1.260467	0.1810559	0.1378077
466	1	-0.1785440	0.5827574	0.3976924
466	4	-0.1785440	0.5827574	0.3976924
466	7	0.9026244	0.210805	0.8975194
466	10	1.260467	0.1810559	0.1378077
467	1	-0.1785440	0.5827574	0.3976924
467	4	-0.1785440	0.5827574	0.3976924
467	7	0.9026244	0.210805	0.8975194
467	10	1.260467	0.1810559	0.1378077
468	1	-0.1785440	0.5827574	0.3976924
468	4	-0.1785440	0.5827574	0.3976924
468	7	0.9026244	0.210805	0.8975194
468	10	1.260467	0.1810559	0.1378077
469	1	-0.1785440	0.5827574	0.3976924
469	4	-0.1785440	0.5827574	0.3976924
469	7	0.9026244	0.210805	0.8975194
469	10	1.260467	0.1810559	0.1378077
470	1	-0.1785440	0.5827574	0.3976924
470	4	-0.1785440	0.5827574	0.3976924
470	7	0.9026244	0.210805	0.8975194
470	10	1.260467	0.1810559	0.1378077
471	1	-0.1785440	0.5827574	0.3976924
471	4	-0.1785440	0.5827574	0.3976924
471	7	0.9026244	0.210805	0.8975194
471	10	1.260467	0.1810559	0.1378077
472	1	-0.1785440	0.5827574	0.3976924
472	4	-0.1785440	0.5827574	0.3976924
472	7	0.9026244	0.210805	0.8975194
472	10	1.260467	0.1810559	0.1378077
473	1	-0.1785440	0.5827574	0.3976924
473	4	-0.1785440	0.5827574	0.3976924
473	7	0.9026244	0.210805	0.8975194
473	10	1.260467	0.1810559	0.1378077
474	1	-0.1785440	0.5827574	0.3976924
474	4	-0.1785440	0.5827574	0.3976924
474	7	0.9026244	0.210805	0.8975194
474	10	1.260467	0.1810559	0.1378077
475	4	1.311677	0.1370627	0.4228518
475	7	-0.327821	0.5638984	1.024475
475	10	0.1198338	0.5266293	0.07461915
476	4	1.311677	0.1370627	0.4228518
476	7	-0.327821	0.5638984	1.024475
476	10	0.1198338	0.5266293	0.07461915
477	1	-0.1785440	0.5827574	0.3976924
477	4	-0.1785440	0.5827574	0.3976924
477	7	0.9026244	0.210805	0.8975194
477	10	1.260467	0.1810559	0.1378077
478	1	-0.1785440	0.5827574	0.3976924
478	4	-0.1785440	0.5827574	0.3976924
478	7	0.9026244	0.210805	0.8975194
478	10	1.260467	0.1810559	0.1378077
479	1	-0.1580211	0.576642	0.3978155
479	4	-0.1580211	0.576642	0.3978155
479	10	1.321621	0.1340678	0.4232251
480	1	-0.1580211	0.576642	0.3978155
480	4	-0.1580211	0.576642	0.3978155
480	10	1.321621	0.1340678	0.4232251
481	1	-0.1580211	0.576642	0.3978155
481	4	-0.1580211	0.576642	0.3978155
481	10	1.321621	0.1340678	0.4232251
482	1	-0.1580211	0.576642	0.3978155
482	4	-0.1580211	0.576642	0.3978155
482	10	1.321621	0.1340678	0.4232251
483	1	-0.1580211	0.576642	0.3978155
483	4	-0.1580211	0.576642	0.3978155
483	10	1.321621	0.1340678	0.4232251
484	1	-0.1580211	0.576642	0.3978155
484	4	-0.1580211	0.576642	0.3978155
484	10	1.321621	0.1340678	0.4232251
485	1	-0.1580211	0.576642	0.3978155
485	4	-0.1580211	0.576642	0.3978155
485	10	1.321621	0.1340678	0.4232251
486	1	-0.1580211	0.576642	0.3978155
486	4	-0.1580211	0.576642	0.3978155
486	10	1.321621	0.1340678	0.4232251
487	1	-0.1580211	0.576642	0.3978155
487	4	-0.1580211	0.576642	0.3978155
487	10	1.321621	0.1340678	0.4232251
488	1	-0.1580211	0.576642	0.3978155
488	4	-0.1580211	0.576642	0.3978155
488	10	1.321621	0.1340678	0.4232251
489	1	-0.1580211	0.576642	0.3978155
489	4	-0.1580211	0.576642	0.3978155
489	10	1.321621	0.1340678	0.4232251
490	1	-0.1580211	0.576642	0.3978155
490	4	-0.1580211	0.576642	0.3978155
490	10	1.321621	0.1340678	0.4232251
491	1	-0.1580211	0.576642	0.3978155
491	4	-0.1580211	0.576642	0.3978155
491	10	1.321621	0.1340678	0.4232251
492	1	-0.1580211	0.576642	0.3978155
492	4	-0.1580211	0.576642	0.3978155
492	10	1.321621	0.1340678	0.4232251
493	4	1.270221	0.1494422	0.4223424
493	10	-0.1818736	0.5837765	0.3974059
494	4	1.270221	0.1494422	0.4223424
494	10	-0.1818736	0.5837765	0.3974059
495	4	1.270221	0.1494422	0.4223424
495	10	-0.1818736	0.5837765	0.3974059
496	4	1.270221	0.1494422	0.4223424
496	10	-0.1818736	0.5837765	0.3974059
497	4	1.270221	0.1494422	0.4223424
497	10	-0.1818736	0.5837765	0.3974059
498	4	1.270221	0.1494422	0.4223424
498	10	-0.1818736	0.5837765	0.3974059
499	4	1.270221	0.1494422	0.4223424
499	10	-0.1818736	0.5837765	0.3974059
500	4	1.270221	0.1494422	0.4223424
500	10	-0.1818736	0.5837765	0.3974059
501	4	1.270221	0.1494422	0.4223424
501	10	-0.1818736	0.5837765	0.3974059
502	4	1.270221	0.1494422	0.4223424
502	10	-0.1818736	0.5837765	0.3974059
503	4	1.270221	0.1494422	0.4223424
503	10	-0.1818736	0.5837765	0.3974059
504	4	1.270221	0.1494422	0.4223424
504	10	-0.1818736	0.5837765	0.3974059
505	4	1.270221	0.1494422	0.4223424
505	10	-0.1818736	0.5837765	0.3974059
506	4	1.270221	0.1494422	0.4223424
506	10	-0.1818736	0.5837765	0.3974059
507	4	1.270221	0.1494422	0.4223424
507	10	-0.1818736	0.5837765	0.3974059
508	4	1.270221	0.1494422	0.4223424
508	10	-0.1818736	0.5837765	0.3974059
509	4	1.325026	0.1452186	0.3026941
509	7	-0.2149274	0.5021348	1.303842
509	10	-0.03379258	0.562176	0.1750830
510	4	1.325026	0.1452186	0.3026941
510	7	-0.2149274	0.5021348	1.303842
510	10	-0.03379258	0.562176	0.1750830
511	4	1.325026	0.1452186	0.3026941
511	7	-0.2149274	0.5021348	1.303842
511	10	-0.03379258	0.562176	0.1750830
512	4	1.325026	0.1452186	0.3026941
512	7	-0.2149274	0.5021348	1.303842
512	10	-0.03379258	0.562176	0.1750830
513	4	1.241674	0.154093	0.4603786
513	7	-0.2844773	0.5725052	0.8114575
513	10	0.158667	0.5149607	0.07581415
514	4	1.241674	0.154093	0.4603786
514	7	-0.2844773	0.5725052	0.8114575
514	10	0.158667	0.5149607	0.07581415
515	4	1.241674	0.154093	0.4603786
515	7	-0.2844773	0.5725052	0.8114575
515	10	0.158667	0.5149607	0.07581415
516	4	1.241674	0.154093	0.4603786
516	7	-0.2844773	0.5725052	0.8114575
516	10	0.158667	0.5149607	0.07581415
517	4	1.241674	0.154093	0.4603786
517	7	-0.2844773	0.5725052	0.8114575
517	10	0.158667	0.5149607	0.07581415
518	1	-0.1713428	0.5783062	0.4205815
518	4	-0.1713428	0.5783062	0.4205815
518	7	1.020276	0.1921378	0.7357994
518	10	1.205261	0.1963745	0.148692
519	1	-0.1713428	0.5783062	0.4205815
519	4	-0.1713428	0.5783062	0.4205815
519	7	1.020276	0.1921378	0.7357994
519	10	1.205261	0.1963745	0.148692
520	1	-0.1713428	0.5783062	0.4205815
520	4	-0.1713428	0.5783062	0.4205815
520	7	1.020276	0.1921378	0.7357994
520	10	1.205261	0.1963745	0.148692
521	1	-0.1713428	0.5783062	0.4205815
521	4	-0.1713428	0.5783062	0.4205815
521	7	1.020276	0.1921378	0.7357994
521	10	1.205261	0.1963745	0.148692
522	1	-0.1713428	0.5783062	0.4205815
522	4	-0.1713428	0.5783062	0.4205815
522	7	1.020276	0.1921378	0.7357994
522	10	1.205261	0.1963745	0.148692
523	1	-0.1713428	0.5783062	0.4205815
523	4	-0.1713428	0.5783062	0.4205815
523	7	1.020276	0.1921378	0.7357994
523	10	1.205261	0.1963745	0.148692
524	1	-0.1713428	0.5783062	0.4205815
524	4	-0.1713428	0.5783062	0.4205815
524	7	1.020276	0.1921378	0.7357994
524	10	1.205261	0.1963745	0.148692
525	1	-0.1713428	0.5783062	0.4205815
525	4	-0.1713428	0.5783062	0.4205815
525	7	1.020276	0.1921378	0.7357994
525	10	1.205261	0.1963745	0.148692
526	1	-0.1713428	0.5783062	0.4205815
526	4	-0.1713428	0.5783062	0.4205815
526	7	1.020276	0.1921378	0.7357994
526	10	1.205261	0.1963745	0.148692
527	1	-0.1713428	0.5783062	0.4205815
527	4	-0.1713428	0.5783062	0.4205815
527	7	1.020276	0.1921378	0.7357994
527	10	1.205261	0.1963745	0.148692
528	1	-0.1713428	0.5783062	0.4205815
528	4	-0.1713428	0.5783062	0.4205815
528	7	1.020276	0.1921378	0.7357994
528	10	1.205261	0.1963745	0.148692
529	1	-0.1713428	0.5783062	0.4205815
529	4	-0.1713428	0.5783062	0.4205815
529	7	1.020276	0.1921378	0.7357994
529	10	1.205261	0.1963745	0.148692
530	1	-0.1713428	0.5783062	0.4205815
530	4	-0.1713428	0.5783062	0.4205815
530	7	1.020276	0.1921378	0.7357994
530	10	1.205261	0.1963745	0.148692
531	1	-0.1713428	0.5783062	0.4205815
531	4	-0.1713428	0.5783062	0.4205815
531	7	1.020276	0.1921378	0.7357994
531	10	1.205261	0.1963745	0.148692
532	1	-0.1713428	0.5783062	0.4205815
532	4	-0.1713428	0.5783062	0.4205815
532	7	1.020276	0.1921378	0.7357994
532	10	1.205261	0.1963745	0.148692
533	1	-0.1713428	0.5783062	0.4205815
533	4	-0.1713428	0.5783062	0.4205815
533	7	1.020276	0.1921378	0.7357994
533	10	1.205261	0.1963745	0.148692
534	1	-0.1713428	0.5783062	0.4205815
534	4	-0.1713428	0.5783062	0.4205815
534	7	1.020276	0.1921378	0.7357994
534	10	1.205261	0.1963745	0.148692
535	1	-0.1713428	0.5783062	0.4205815
535	4	-0.1713428	0.5783062	0.4205815
535	7	1.020276	0.1921378	0.7357994
535	10	1.205261	0.1963745	0.148692
536	1	-0.1713428	0.5783062	0.4205815
536	4	-0.1713428	0.5783062	0.4205815
536	7	1.020276	0.1921378	0.7357994
536	10	1.205261	0.1963745	0.148692
537	1	-0.1713428	0.5783062	0.4205815
537	4	-0.1713428	0.5783062	0.4205815
537	7	1.020276	0.1921378	0.7357994
537	10	1.205261	0.1963745	0.148692
538	1	1.241675	0.1540929	0.4603773
538	7	-0.2844776	0.5725051	0.811459
538	10	0.1586662	0.5149609	0.07581449
539	1	1.241675	0.1540929	0.4603773
539	7	-0.2844776	0.5725051	0.811459
539	10	0.1586662	0.5149609	0.07581449
540	1	-0.1713428	0.5783062	0.4205815
540	4	-0.1713428	0.5783062	0.4205815
540	7	1.020276	0.1921378	0.7357994
540	10	1.205261	0.1963745	0.148692
541	1	-0.1713428	0.5783062	0.4205815
541	4	-0.1713428	0.5783062	0.4205815
541	7	1.020276	0.1921378	0.7357994
541	10	1.205261	0.1963745	0.148692
542	1	-0.1713428	0.5783062	0.4205815
542	4	-0.1713428	0.5783062	0.4205815
542	7	1.020276	0.1921378	0.7357994
542	10	1.205261	0.1963745	0.148692
543	1	-0.1713428	0.5783062	0.4205815
543	4	-0.1713428	0.5783062	0.4205815
543	7	1.020276	0.1921378	0.7357994
543	10	1.205261	0.1963745	0.148692
544	1	-0.1713428	0.5783062	0.4205815
544	4	-0.1713428	0.5783062	0.4205815
544	7	1.020276	0.1921378	0.7357994
544	10	1.205261	0.1963745	0.148692
545	1	-0.1713428	0.5783062	0.4205815
545	4	-0.1713428	0.5783062	0.4205815
545	7	1.020276	0.1921378	0.7357994
545	10	1.205261	0.1963745	0.148692
546	1	-0.1713428	0.5783062	0.4205815
546	4	-0.1713428	0.5783062	0.4205815
546	7	1.020276	0.1921378	0.7357994
546	10	1.205261	0.1963745	0.148692
547	1	-0.1713428	0.5783062	0.4205815
547	4	-0.1713428	0.5783062	0.4205815
547	7	1.020276	0.1921378	0.7357994
547	10	1.205261	0.1963745	0.148692
548	1	-0.1713428	0.5783062	0.4205815
548	4	-0.1713428	0.5783062	0.4205815
548	7	1.020276	0.1921378	0.7357994
548	10	1.205261	0.1963745	0.148692
549	1	-0.1713428	0.5783062	0.4205815
549	4	-0.1713428	0.5783062	0.4205815
549	7	1.020276	0.1921378	0.7357994
549	10	1.205261	0.1963745	0.148692
550	1	-0.1713428	0.5783062	0.4205815
550	4	-0.1713428	0.5783062	0.4205815
550	7	1.020276	0.1921378	0.7357994
550	10	1.205261	0.1963745	0.148692
551	1	-0.1713428	0.5783062	0.4205815
551	4	-0.1713428	0.5783062	0.4205815
551	7	1.020276	0.1921378	0.7357994
551	10	1.205261	0.1963745	0.148692
552	1	1.241675	0.1540929	0.4603773
552	7	-0.2844776	0.5725051	0.811459
552	10	0.1586662	0.5149609	0.07581449
553	1	1.241675	0.1540929	0.4603773
553	7	-0.2844776	0.5725051	0.811459
553	10	0.1586662	0.5149609	0.07581449
554	1	1.241675	0.1540929	0.4603773
554	7	-0.2844776	0.5725051	0.811459
554	10	0.1586662	0.5149609	0.07581449
555	1	1.241675	0.1540929	0.4603773
555	7	-0.2844776	0.5725051	0.811459
555	10	0.1586662	0.5149609	0.07581449
556	1	1.241675	0.1540929	0.4603773
556	7	-0.2844776	0.5725051	0.811459
556	10	0.1586662	0.5149609	0.07581449
557	1	1.241675	0.1540929	0.4603773
557	7	-0.2844776	0.5725051	0.811459
557	10	0.1586662	0.5149609	0.07581449
558	1	1.241675	0.1540929	0.4603773
558	7	-0.2844776	0.5725051	0.811459
558	10	0.1586662	0.5149609	0.07581449
559	1	1.241675	0.1540929	0.4603773
559	7	-0.2844776	0.5725051	0.811459
559	10	0.1586662	0.5149609	0.07581449
560	1	1.241675	0.1540929	0.4603773
560	7	-0.2844776	0.5725051	0.811459
560	10	0.1586662	0.5149609	0.07581449
561	1	1.241675	0.1540929	0.4603773
561	7	-0.2844776	0.5725051	0.811459
561	10	0.1586662	0.5149609	0.07581449
562	1	1.241675	0.1540929	0.4603773
562	7	-0.2844776	0.5725051	0.811459
562	10	0.1586662	0.5149609	0.07581449
563	1	1.241675	0.1540929	0.4603773
563	7	-0.2844776	0.5725051	0.811459
563	10	0.1586662	0.5149609	0.07581449
564	1	1.241675	0.1540929	0.4603773
564	7	-0.2844776	0.5725051	0.811459
564	10	0.1586662	0.5149609	0.07581449
565	1	1.241675	0.1540929	0.4603773
565	7	-0.2844776	0.5725051	0.811459
565	10	0.1586662	0.5149609	0.07581449
566	1	1.241675	0.1540929	0.4603773
566	7	-0.2844776	0.5725051	0.811459
566	10	0.1586662	0.5149609	0.07581449
567	1	1.174338	0.1608120	0.5922248
567	7	-0.2730877	0.586296	0.6412336
567	10	0.4884364	0.4226083	0.01919945
568	1	1.223501	0.1634165	0.4215401
568	10	-0.1598759	0.5771968	0.3977837
569	1	1.223501	0.1634165	0.4215401
569	10	-0.1598759	0.5771968	0.3977837
570	1	1.223501	0.1634165	0.4215401
570	10	-0.1598759	0.5771968	0.3977837
571	1	1.223501	0.1634165	0.4215401
571	10	-0.1598759	0.5771968	0.3977837
572	1	1.223501	0.1634165	0.4215401
572	10	-0.1598759	0.5771968	0.3977837
573	1	1.223501	0.1634165	0.4215401
573	10	-0.1598759	0.5771968	0.3977837
574	1	1.223501	0.1634165	0.4215401
574	10	-0.1598759	0.5771968	0.3977837
575	1	-0.1430633	0.572168	0.3980724
575	4	-0.1430633	0.572168	0.3980724
575	10	1.258476	0.1529552	0.4221407
576	1	-0.1430633	0.572168	0.3980724
576	4	-0.1430633	0.572168	0.3980724
576	10	1.258476	0.1529552	0.4221407
577	1	-0.1430633	0.572168	0.3980724
577	4	-0.1430633	0.572168	0.3980724
577	10	1.258476	0.1529552	0.4221407
578	1	-0.1430633	0.572168	0.3980724
578	4	-0.1430633	0.572168	0.3980724
578	10	1.258476	0.1529552	0.4221407
579	1	-0.1430633	0.572168	0.3980724
579	4	-0.1430633	0.572168	0.3980724
579	10	1.258476	0.1529552	0.4221407
580	1	-0.1430633	0.572168	0.3980724
580	4	-0.1430633	0.572168	0.3980724
580	10	1.258476	0.1529552	0.4221407
581	1	-0.1430633	0.572168	0.3980724
581	4	-0.1430633	0.572168	0.3980724
581	10	1.258476	0.1529552	0.4221407
582	1	-0.1430633	0.572168	0.3980724
582	4	-0.1430633	0.572168	0.3980724
582	10	1.258476	0.1529552	0.4221407
583	1	-0.1430633	0.572168	0.3980724
583	4	-0.1430633	0.572168	0.3980724
583	10	1.258476	0.1529552	0.4221407
584	1	-0.1430633	0.572168	0.3980724
584	4	-0.1430633	0.572168	0.3980724
584	10	1.258476	0.1529552	0.4221407
585	1	-0.1430633	0.572168	0.3980724
585	4	-0.1430633	0.572168	0.3980724
585	10	1.258476	0.1529552	0.4221407
586	1	-0.1430633	0.572168	0.3980724
586	4	-0.1430633	0.572168	0.3980724
586	10	1.258476	0.1529552	0.4221407
587	1	-0.1430633	0.572168	0.3980724
587	4	-0.1430633	0.572168	0.3980724
587	10	1.258476	0.1529552	0.4221407
588	1	-0.2109337	0.5820921	0.4997327
588	4	-0.2109337	0.5820921	0.4997327
588	7	1.157756	0.1601222	0.6479262
588	10	0.99985	0.2665189	0.05891069
589	1	-0.2109337	0.5820921	0.4997327
589	4	-0.2109337	0.5820921	0.4997327
589	7	1.157756	0.1601222	0.6479262
589	10	0.99985	0.2665189	0.05891069
590	1	-0.2109337	0.5820921	0.4997327
590	4	-0.2109337	0.5820921	0.4997327
590	7	1.157756	0.1601222	0.6479262
590	10	0.99985	0.2665189	0.05891069
591	4	1.174337	0.1608121	0.592226
591	7	-0.2730873	0.586296	0.6412323
591	10	0.4884374	0.4226080	0.01919942
592	4	1.174337	0.1608121	0.592226
592	7	-0.2730873	0.586296	0.6412323
592	10	0.4884374	0.4226080	0.01919942
593	1	-0.2109337	0.5820921	0.4997327
593	4	-0.2109337	0.5820921	0.4997327
593	7	1.157756	0.1601222	0.6479262
593	10	0.99985	0.2665189	0.05891069
594	1	-0.2109337	0.5820921	0.4997327
594	4	-0.2109337	0.5820921	0.4997327
594	7	1.157756	0.1601222	0.6479262
594	10	0.99985	0.2665189	0.05891069
595	1	1.352025	0.1287123	0.3866995
595	2	-0.2120771	0.5771717	0.5518616
595	4	1.352025	0.1287123	0.3866995
595	5	-0.2120771	0.5771717	0.5518616
595	7	-0.2954502	0.536087	1.20468
595	8	-0.1603252	0.5753166	0.4177394
595	10	0.8830607	0.2265895	0.7987536
595	11	-0.07238911	0.5651915	0.2589394
595	12	0.2260532	0.4991337	0.03407441
596	1	1.352025	0.1287123	0.3866995
596	2	-0.2120771	0.5771717	0.5518616
596	4	1.352025	0.1287123	0.3866995
596	5	-0.2120771	0.5771717	0.5518616
596	7	-0.2954502	0.536087	1.20468
596	8	-0.1603252	0.5753166	0.4177394
596	10	0.8830607	0.2265895	0.7987536
596	11	-0.07238911	0.5651915	0.2589394
596	12	0.2260532	0.4991337	0.03407441
597	1	-0.1430633	0.572168	0.3980724
597	4	-0.1430633	0.572168	0.3980724
597	10	1.258476	0.1529552	0.4221407
598	1	-0.1430633	0.572168	0.3980724
598	4	-0.1430633	0.572168	0.3980724
598	10	1.258476	0.1529552	0.4221407
599	1	-0.1430633	0.572168	0.3980724
599	4	-0.1430633	0.572168	0.3980724
599	10	1.258476	0.1529552	0.4221407
600	1	-0.1430633	0.572168	0.3980724
600	4	-0.1430633	0.572168	0.3980724
600	10	1.258476	0.1529552	0.4221407
601	1	-0.1430633	0.572168	0.3980724
601	4	-0.1430633	0.572168	0.3980724
601	10	1.258476	0.1529552	0.4221407
602	1	-0.1430633	0.572168	0.3980724
602	4	-0.1430633	0.572168	0.3980724
602	10	1.258476	0.1529552	0.4221407
603	1	-0.1430633	0.572168	0.3980724
603	4	-0.1430633	0.572168	0.3980724
603	10	1.258476	0.1529552	0.4221407
604	4	1.223501	0.1634165	0.4215401
604	10	-0.1598759	0.5771968	0.3977837
605	4	1.223501	0.1634165	0.4215401
605	10	-0.1598759	0.5771968	0.3977837
606	1	1.344164	0.1383472	0.3143869
606	4	-0.02467522	0.4434712	1.324525
606	10	-0.1414765	0.5826796	0.2892309
607	1	1.344164	0.1383472	0.3143869
607	4	-0.02467522	0.4434712	1.324525
607	10	-0.1414765	0.5826796	0.2892309
608	1	1.344164	0.1383472	0.3143869
608	4	-0.02467522	0.4434712	1.324525
608	10	-0.1414765	0.5826796	0.2892309
609	1	1.344164	0.1383472	0.3143869
609	4	-0.02467522	0.4434712	1.324525
609	10	-0.1414765	0.5826796	0.2892309
610	1	1.344164	0.1383472	0.3143869
610	4	-0.02467522	0.4434712	1.324525
610	10	-0.1414765	0.5826796	0.2892309
611	1	1.344164	0.1383472	0.3143869
611	4	-0.02467522	0.4434712	1.324525
611	10	-0.1414765	0.5826796	0.2892309
612	1	1.344164	0.1383472	0.3143869
612	4	-0.02467522	0.4434712	1.324525
612	10	-0.1414765	0.5826796	0.2892309
613	1	1.344164	0.1383472	0.3143869
613	4	-0.02467522	0.4434712	1.324525
613	10	-0.1414765	0.5826796	0.2892309
614	1	1.344164	0.1383472	0.3143869
614	4	-0.02467522	0.4434712	1.324525
614	10	-0.1414765	0.5826796	0.2892309
615	1	1.344164	0.1383472	0.3143869
615	4	-0.02467522	0.4434712	1.324525
615	10	-0.1414765	0.5826796	0.2892309
616	1	1.344164	0.1383472	0.3143869
616	4	-0.02467522	0.4434712	1.324525
616	10	-0.1414765	0.5826796	0.2892309
617	1	-0.1430633	0.572168	0.3980724
617	4	-0.1430633	0.572168	0.3980724
617	10	1.258476	0.1529552	0.4221407
618	1	-0.1430633	0.572168	0.3980724
618	4	-0.1430633	0.572168	0.3980724
618	10	1.258476	0.1529552	0.4221407
619	1	-0.1430633	0.572168	0.3980724
619	4	-0.1430633	0.572168	0.3980724
619	10	1.258476	0.1529552	0.4221407
620	1	-0.1580211	0.576642	0.3978155
620	4	-0.1580211	0.576642	0.3978155
620	10	1.321621	0.1340678	0.4232251
621	1	-0.1580211	0.576642	0.3978155
621	4	-0.1580211	0.576642	0.3978155
621	10	1.321621	0.1340678	0.4232251
622	1	-0.1580211	0.576642	0.3978155
622	4	-0.1580211	0.576642	0.3978155
622	10	1.321621	0.1340678	0.4232251
623	1	-0.1580211	0.576642	0.3978155
623	4	-0.1580211	0.576642	0.3978155
623	10	1.321621	0.1340678	0.4232251
624	1	-0.1580211	0.576642	0.3978155
624	4	-0.1580211	0.576642	0.3978155
624	10	1.321621	0.1340678	0.4232251
625	1	-0.1580211	0.576642	0.3978155
625	4	-0.1580211	0.576642	0.3978155
625	10	1.321621	0.1340678	0.4232251
626	1	-0.1580211	0.576642	0.3978155
626	4	-0.1580211	0.576642	0.3978155
626	10	1.321621	0.1340678	0.4232251
628	1	1.120904	0.1941041	0.4197782
628	4	1.120904	0.1941041	0.4197782
629	1	1.120904	0.1941041	0.4197782
629	4	1.120904	0.1941041	0.4197782
630	1	1.120904	0.1941041	0.4197782
630	4	1.120904	0.1941041	0.4197782
631	1	1.120904	0.1941041	0.4197782
631	4	1.120904	0.1941041	0.4197782
632	1	1.120904	0.1941041	0.4197782
632	4	1.120904	0.1941041	0.4197782
633	1	1.120904	0.1941041	0.4197782
633	4	1.120904	0.1941041	0.4197782
634	1	1.120904	0.1941041	0.4197782
634	4	1.120904	0.1941041	0.4197782
635	1	1.120904	0.1941041	0.4197782
635	4	1.120904	0.1941041	0.4197782
636	1	1.120904	0.1941041	0.4197782
636	4	1.120904	0.1941041	0.4197782
637	1	1.120904	0.1941041	0.4197782
637	4	1.120904	0.1941041	0.4197782
638	1	1.120904	0.1941041	0.4197782
638	4	1.120904	0.1941041	0.4197782
639	1	1.120904	0.1941041	0.4197782
639	4	1.120904	0.1941041	0.4197782
650	1	1.120904	0.1941041	0.4197782
650	4	1.120904	0.1941041	0.4197782
651	1	1.120904	0.1941041	0.4197782
651	4	1.120904	0.1941041	0.4197782
652	1	1.120904	0.1941041	0.4197782
652	4	1.120904	0.1941041	0.4197782
653	1	1.120904	0.1941041	0.4197782
653	4	1.120904	0.1941041	0.4197782
654	1	1.120904	0.1941041	0.4197782
654	4	1.120904	0.1941041	0.4197782
655	1	1.120904	0.1941041	0.4197782
655	4	1.120904	0.1941041	0.4197782
656	1	1.120904	0.1941041	0.4197782
656	4	1.120904	0.1941041	0.4197782
657	1	1.120904	0.1941041	0.4197782
657	4	1.120904	0.1941041	0.4197782
660	1	1.120904	0.1941041	0.4197782
660	4	1.120904	0.1941041	0.4197782
661	1	1.120904	0.1941041	0.4197782
661	4	1.120904	0.1941041	0.4197782
662	1	1.120904	0.1941041	0.4197782
662	4	1.120904	0.1941041	0.4197782
663	1	1.120904	0.1941041	0.4197782
663	4	1.120904	0.1941041	0.4197782
664	1	1.120904	0.1941041	0.4197782
664	4	1.120904	0.1941041	0.4197782
665	1	1.120904	0.1941041	0.4197782
665	4	1.120904	0.1941041	0.4197782
666	1	1.120904	0.1941041	0.4197782
666	4	1.120904	0.1941041	0.4197782
667	1	1.120904	0.1941041	0.4197782
667	4	1.120904	0.1941041	0.4197782
668	1	1.120904	0.1941041	0.4197782
668	4	1.120904	0.1941041	0.4197782
669	1	1.120904	0.1941041	0.4197782
669	4	1.120904	0.1941041	0.4197782
670	1	1.120904	0.1941041	0.4197782
670	4	1.120904	0.1941041	0.4197782
671	1	1.120904	0.1941041	0.4197782
671	4	1.120904	0.1941041	0.4197782
672	1	1.120904	0.1941041	0.4197782
672	4	1.120904	0.1941041	0.4197782
673	1	1.120904	0.1941041	0.4197782
673	4	1.120904	0.1941041	0.4197782
674	1	1.120904	0.1941041	0.4197782
674	4	1.120904	0.1941041	0.4197782
675	1	1.120904	0.1941041	0.4197782
675	4	1.120904	0.1941041	0.4197782
676	1	1.120904	0.1941041	0.4197782
676	4	1.120904	0.1941041	0.4197782
677	1	1.120904	0.1941041	0.4197782
677	4	1.120904	0.1941041	0.4197782
678	1	1.120904	0.1941041	0.4197782
678	4	1.120904	0.1941041	0.4197782
679	1	1.120904	0.1941041	0.4197782
679	4	1.120904	0.1941041	0.4197782
680	1	1.120904	0.1941041	0.4197782
680	4	1.120904	0.1941041	0.4197782
681	1	1.120904	0.1941041	0.4197782
681	4	1.120904	0.1941041	0.4197782
682	1	1.120904	0.1941041	0.4197782
682	4	1.120904	0.1941041	0.4197782
683	1	1.120904	0.1941041	0.4197782
683	4	1.120904	0.1941041	0.4197782
684	1	1.120904	0.1941041	0.4197782
684	4	1.120904	0.1941041	0.4197782
685	1	1.120904	0.1941041	0.4197782
685	4	1.120904	0.1941041	0.4197782
686	1	1.120904	0.1941041	0.4197782
686	4	1.120904	0.1941041	0.4197782
687	1	-0.1664646	0.5791409	0.3979345
687	2	-0.1322901	0.5690243	0.3974775
687	3	1.280077	0.1465017	0.4224361
687	4	-0.1664646	0.5791409	0.3979345
687	5	-0.1322901	0.5690243	0.3974775
687	6	1.280077	0.1465017	0.4224361
687	7	-0.1664646	0.5791409	0.3979345
687	8	-0.1222643	0.5657132	0.4007447
687	9	1.280077	0.1465017	0.4224361
687	10	-0.1664646	0.5791409	0.3979345
687	11	-0.09778973	0.5610868	0.3744671
687	12	1.233251	0.1605161	0.4215498
688	1	-0.1664646	0.5791409	0.3979345
688	2	-0.1322901	0.5690243	0.3974775
688	3	1.280077	0.1465017	0.4224361
688	4	-0.1664646	0.5791409	0.3979345
688	5	-0.1322901	0.5690243	0.3974775
688	6	1.280077	0.1465017	0.4224361
688	7	-0.1664646	0.5791409	0.3979345
688	8	-0.1222643	0.5657132	0.4007447
688	9	1.280077	0.1465017	0.4224361
688	10	-0.1664646	0.5791409	0.3979345
688	11	-0.09778973	0.5610868	0.3744671
688	12	1.233251	0.1605161	0.4215498
689	1	-0.158012	0.5766412	0.397796
689	2	-0.158012	0.5766412	0.397796
689	3	1.297948	0.1411815	0.422493
689	4	-0.158012	0.5766412	0.397796
689	5	-0.158012	0.5766412	0.397796
689	6	1.297948	0.1411815	0.422493
689	7	-0.158012	0.5766412	0.397796
689	8	-0.1364487	0.5699852	0.4002107
689	9	1.297948	0.1411815	0.422493
689	10	-0.158012	0.5766412	0.397796
689	11	-0.1109803	0.5628985	0.3953849
689	12	1.250356	0.1553163	0.4226715
690	1	-0.1545713	0.5755519	0.3984514
690	2	-0.1545713	0.5755519	0.3984514
690	3	1.353724	0.1244790	0.4236439
690	4	-0.1545713	0.5755519	0.3984514
690	5	-0.1545713	0.5755519	0.3984514
690	6	1.353724	0.1244790	0.4236439
690	7	-0.1545713	0.5755519	0.3984514
690	8	-0.1310360	0.5687144	0.3968530
690	10	-0.1545713	0.5755519	0.3984514
690	11	0.5811539	0.3932034	0.03736385
690	12	1.258984	0.1529131	0.4210611
691	1	-0.1775878	0.5698169	0.5231095
691	2	-0.1775878	0.5698169	0.5231095
691	4	-0.1775878	0.5698169	0.5231095
691	5	-0.1775878	0.5698169	0.5231095
691	7	-0.1775878	0.5698169	0.5231095
691	8	0.1926836	0.5050921	0.07336529
691	10	-0.1775878	0.5698169	0.5231095
691	11	1.203976	0.1770387	0.3440864
691	12	1.309829	0.1363129	0.4357275
692	1	-0.08194701	0.5628876	0.3099361
692	2	-0.08194701	0.5628876	0.3099361
692	4	-0.08194701	0.5628876	0.3099361
692	5	-0.08194701	0.5628876	0.3099361
692	7	-0.08194701	0.5628876	0.3099361
692	8	-0.2676136	0.5499208	0.9855638
692	9	1.408519	0.1081735	0.4237493
692	10	-0.08194701	0.5628876	0.3099361
693	1	-0.1317073	0.5687706	0.3982743
693	2	-0.1317073	0.5687706	0.3982744
693	4	-0.1317073	0.5687706	0.3982743
693	5	-0.1317073	0.5687706	0.3982743
693	7	-0.1317073	0.5687706	0.3982743
693	8	-0.1080683	0.5618196	0.3974945
693	9	1.402316	0.1099321	0.4246021
693	10	-0.1317073	0.5687706	0.3982743
694	1	-0.158012	0.5766412	0.397796
694	2	-0.158012	0.5766412	0.397796
694	3	1.297948	0.1411815	0.422493
694	4	-0.158012	0.5766412	0.397796
694	5	-0.158012	0.5766412	0.397796
694	6	1.297948	0.1411815	0.422493
694	7	-0.158012	0.5766412	0.397796
694	8	-0.1364487	0.5699852	0.4002107
694	9	1.297948	0.1411815	0.422493
694	10	-0.158012	0.5766412	0.397796
694	11	-0.1109803	0.5628985	0.3953849
694	12	1.250356	0.1553163	0.4226715
695	1	-0.158012	0.5766412	0.397796
695	2	-0.158012	0.5766412	0.397796
695	3	1.297948	0.1411815	0.422493
695	4	-0.158012	0.5766412	0.397796
695	5	-0.158012	0.5766412	0.397796
695	6	1.297948	0.1411815	0.422493
695	7	-0.158012	0.5766412	0.397796
695	8	-0.1364487	0.5699852	0.4002107
695	9	1.297948	0.1411815	0.422493
695	10	-0.158012	0.5766412	0.397796
695	11	-0.1109803	0.5628985	0.3953849
695	12	1.250356	0.1553163	0.4226715
696	1	-0.158012	0.5766412	0.397796
696	2	-0.158012	0.5766412	0.397796
696	3	1.297948	0.1411815	0.422493
696	4	-0.158012	0.5766412	0.397796
696	5	-0.158012	0.5766412	0.397796
696	6	1.297948	0.1411815	0.422493
696	7	-0.158012	0.5766412	0.397796
696	8	-0.1364487	0.5699852	0.4002107
696	9	1.297948	0.1411815	0.422493
696	10	-0.158012	0.5766412	0.397796
696	11	-0.1109803	0.5628985	0.3953849
696	12	1.250356	0.1553163	0.4226715
697	1	-0.158012	0.5766412	0.397796
697	2	-0.158012	0.5766412	0.397796
697	3	1.297948	0.1411815	0.422493
697	4	-0.158012	0.5766412	0.397796
697	5	-0.158012	0.5766412	0.397796
697	6	1.297948	0.1411815	0.422493
697	7	-0.158012	0.5766412	0.397796
697	8	-0.1364487	0.5699852	0.4002107
697	9	1.297948	0.1411815	0.422493
697	10	-0.158012	0.5766412	0.397796
697	11	-0.1109803	0.5628985	0.3953849
697	12	1.250356	0.1553163	0.4226715
698	1	-0.158012	0.5766412	0.397796
698	2	-0.158012	0.5766412	0.397796
698	3	1.297948	0.1411815	0.422493
698	4	-0.158012	0.5766412	0.397796
698	5	-0.158012	0.5766412	0.397796
698	6	1.297948	0.1411815	0.422493
698	7	-0.158012	0.5766412	0.397796
698	8	-0.1364487	0.5699852	0.4002107
698	9	1.297948	0.1411815	0.422493
698	10	-0.158012	0.5766412	0.397796
698	11	-0.1109803	0.5628985	0.3953849
698	12	1.250356	0.1553163	0.4226715
699	1	-0.158012	0.5766412	0.397796
699	2	-0.158012	0.5766412	0.397796
699	3	1.297948	0.1411815	0.422493
699	4	-0.158012	0.5766412	0.397796
699	5	-0.158012	0.5766412	0.397796
699	6	1.297948	0.1411815	0.422493
699	7	-0.158012	0.5766412	0.397796
699	8	-0.1364487	0.5699852	0.4002107
699	9	1.297948	0.1411815	0.422493
699	10	-0.158012	0.5766412	0.397796
699	11	-0.1109803	0.5628985	0.3953849
699	12	1.250356	0.1553163	0.4226715
700	1	-0.158012	0.5766412	0.397796
700	2	-0.158012	0.5766412	0.397796
700	3	1.297948	0.1411815	0.422493
700	4	-0.158012	0.5766412	0.397796
700	5	-0.158012	0.5766412	0.397796
700	6	1.297948	0.1411815	0.422493
700	7	-0.158012	0.5766412	0.397796
700	8	-0.1364487	0.5699852	0.4002107
700	9	1.297948	0.1411815	0.422493
700	10	-0.158012	0.5766412	0.397796
700	11	-0.1109803	0.5628985	0.3953849
700	12	1.250356	0.1553163	0.4226715
701	1	-0.1810683	0.5779448	0.4528218
701	2	-0.1810683	0.5779448	0.4528218
701	3	1.291884	0.1410942	0.4412297
701	4	-0.1810683	0.5779448	0.4528218
701	5	-0.1810683	0.5779448	0.4528218
701	6	1.291884	0.1410942	0.4412297
701	7	-0.1810683	0.5779448	0.4528218
701	8	-0.1550809	0.5709705	0.445353
701	9	1.291884	0.1410942	0.4412297
701	10	-0.1810683	0.5779448	0.4528218
701	11	0.2553705	0.4890356	0.04774832
701	12	1.258291	0.1540561	0.4117756
702	1	-0.1915215	0.5780085	0.4829947
702	2	-0.1915215	0.5780085	0.4829947
702	3	1.30112	0.1394596	0.4302096
702	4	-0.1915215	0.5780085	0.4829947
702	5	-0.1915215	0.5780085	0.4829947
702	6	1.30112	0.1394596	0.4302096
702	7	-0.1915215	0.5780085	0.4829947
702	8	-0.1686167	0.5711511	0.4834515
702	9	1.30112	0.1394596	0.4302096
702	10	-0.1915215	0.5780085	0.4829947
702	11	0.1279273	0.5239195	0.07762138
702	12	1.266091	0.1527090	0.4021381
703	1	-0.1915215	0.5780085	0.4829947
703	2	-0.1915215	0.5780085	0.4829947
703	3	1.30112	0.1394596	0.4302096
703	4	-0.1915215	0.5780085	0.4829947
703	5	-0.1915215	0.5780085	0.4829947
703	6	1.30112	0.1394596	0.4302096
703	7	-0.1915215	0.5780085	0.4829947
703	8	-0.1686167	0.5711511	0.4834515
703	9	1.30112	0.1394596	0.4302096
703	10	-0.1915215	0.5780085	0.4829947
703	11	0.1279273	0.5239195	0.07762138
703	12	1.266091	0.1527090	0.4021381
704	1	-0.1915215	0.5780085	0.4829947
704	2	-0.1915215	0.5780085	0.4829947
704	3	1.30112	0.1394596	0.4302096
704	4	-0.1915215	0.5780085	0.4829947
704	5	-0.1915215	0.5780085	0.4829947
704	6	1.30112	0.1394596	0.4302096
704	7	-0.1915215	0.5780085	0.4829947
704	8	-0.1686167	0.5711511	0.4834515
704	9	1.30112	0.1394596	0.4302096
704	10	-0.1915215	0.5780085	0.4829947
704	11	0.1279273	0.5239195	0.07762138
704	12	1.266091	0.1527090	0.4021381
705	1	-0.1915215	0.5780085	0.4829947
705	2	-0.1915215	0.5780085	0.4829947
705	3	1.30112	0.1394596	0.4302096
705	4	-0.1915215	0.5780085	0.4829947
705	5	-0.1915215	0.5780085	0.4829947
705	6	1.30112	0.1394596	0.4302096
705	7	-0.1915215	0.5780085	0.4829947
705	8	-0.1686167	0.5711511	0.4834515
705	9	1.30112	0.1394596	0.4302096
705	10	-0.1915215	0.5780085	0.4829947
705	11	0.1279273	0.5239195	0.07762138
705	12	1.266091	0.1527090	0.4021381
706	1	-0.1915215	0.5780085	0.4829947
706	2	-0.1915215	0.5780085	0.4829947
706	3	1.30112	0.1394596	0.4302096
706	4	-0.1915215	0.5780085	0.4829947
706	5	-0.1915215	0.5780085	0.4829947
706	6	1.30112	0.1394596	0.4302096
706	7	-0.1915215	0.5780085	0.4829947
706	8	-0.1686167	0.5711511	0.4834515
706	9	1.30112	0.1394596	0.4302096
706	10	-0.1915215	0.5780085	0.4829947
706	11	0.1279273	0.5239195	0.07762138
706	12	1.266091	0.1527090	0.4021381
707	1	-0.1533698	0.5752508	0.3978954
707	2	-0.1533699	0.5752508	0.3978954
707	3	1.307702	0.1382312	0.422986
707	4	-0.1533699	0.5752508	0.3978954
707	5	-0.1533698	0.5752508	0.3978954
707	6	1.307702	0.1382312	0.422986
707	7	-0.1533698	0.5752508	0.3978954
707	8	-0.1421213	0.5718862	0.3980886
707	9	1.307702	0.1382312	0.422986
707	10	-0.1533698	0.5752508	0.3978954
707	11	-0.1533699	0.5752508	0.3978954
707	12	1.260430	0.1523706	0.4221742
708	1	-0.1533698	0.5752508	0.3978954
708	2	-0.1533699	0.5752508	0.3978954
708	3	1.307702	0.1382312	0.422986
708	4	-0.1533699	0.5752508	0.3978954
708	5	-0.1533698	0.5752508	0.3978954
708	6	1.307702	0.1382312	0.422986
708	7	-0.1533698	0.5752508	0.3978954
708	8	-0.1421213	0.5718862	0.3980886
708	9	1.307702	0.1382312	0.422986
708	10	-0.1533698	0.5752508	0.3978954
708	11	-0.1533699	0.5752508	0.3978954
708	12	1.260430	0.1523706	0.4221742
709	1	-0.1533698	0.5752508	0.3978954
709	2	-0.1533699	0.5752508	0.3978954
709	3	1.307702	0.1382312	0.422986
709	4	-0.1533699	0.5752508	0.3978954
709	5	-0.1533698	0.5752508	0.3978954
709	6	1.307702	0.1382312	0.422986
709	7	-0.1533698	0.5752508	0.3978954
709	8	-0.1421213	0.5718862	0.3980886
709	9	1.307702	0.1382312	0.422986
709	10	-0.1533698	0.5752508	0.3978954
709	11	-0.1533699	0.5752508	0.3978954
709	12	1.260430	0.1523706	0.4221742
710	1	-0.1524371	0.5749717	0.3979114
710	2	-0.1524371	0.5749717	0.3979114
710	3	1.309687	0.1376375	0.4230201
710	4	-0.1524371	0.5749717	0.3979115
710	5	-0.1524371	0.5749717	0.3979114
710	6	1.309687	0.1376375	0.4230201
710	7	-0.1524371	0.5749717	0.3979114
710	8	-0.1524371	0.5749717	0.3979114
710	9	1.309687	0.1376375	0.4230201
710	10	-0.1524371	0.5749717	0.3979114
710	11	-0.1524371	0.5749717	0.3979114
710	12	1.262386	0.1517856	0.4222078
711	1	-0.1524371	0.5749717	0.3979114
711	2	-0.1524371	0.5749717	0.3979114
711	3	1.309687	0.1376375	0.4230201
711	4	-0.1524371	0.5749717	0.3979115
711	5	-0.1524371	0.5749717	0.3979114
711	6	1.309687	0.1376375	0.4230201
711	7	-0.1524371	0.5749717	0.3979114
711	8	-0.1524371	0.5749717	0.3979114
711	9	1.309687	0.1376375	0.4230201
711	10	-0.1524371	0.5749717	0.3979114
711	11	-0.1524371	0.5749717	0.3979114
711	12	1.262386	0.1517856	0.4222078
712	1	-0.1131976	0.5709933	0.3217034
712	2	-0.2518492	0.5766502	0.6742322
712	3	1.310240	0.1376972	0.4207994
712	4	-0.1131976	0.5709933	0.3217034
712	5	-0.2518492	0.5766502	0.6742322
712	6	1.310240	0.1376972	0.4207994
712	7	-0.1131976	0.5709933	0.3217034
712	8	-0.1131976	0.5709933	0.3217034
712	9	1.310240	0.1376972	0.4207994
712	10	-0.1131976	0.5709933	0.3217034
712	11	-0.1131976	0.5709933	0.3217034
712	12	1.258539	0.1522470	0.4289709
713	1	1.250893	0.1678186	0.2971971
713	3	-0.1585894	0.5846831	0.3198063
713	4	1.250893	0.1678186	0.2971971
713	6	-0.1585894	0.5846831	0.3198063
713	7	1.250893	0.1678186	0.2971971
713	8	1.250893	0.1678186	0.2971971
713	9	-0.1585894	0.5846831	0.3198063
713	10	1.250893	0.1678186	0.2971971
713	11	1.250893	0.1678186	0.2971971
713	12	-0.1273963	0.4558302	1.504757
714	1	-0.200365	0.5762081	0.5268963
714	2	-0.200365	0.5762081	0.5268963
714	3	1.272884	0.13967	0.511332
714	4	-0.200365	0.5762081	0.5268963
714	5	-0.200365	0.5762081	0.5268963
714	6	1.272884	0.13967	0.511332
714	7	-0.200365	0.5762081	0.5268963
714	8	-0.200365	0.5762081	0.5268963
714	9	1.272884	0.13967	0.511332
714	10	-0.200365	0.5762081	0.5268963
714	11	-0.200365	0.5762081	0.5268963
714	12	0.6987046	0.3618854	0.001305028
715	3	-0.1430635	0.572168	0.3980728
715	6	-0.1430635	0.572168	0.3980727
715	9	-0.1430635	0.572168	0.3980727
715	12	1.329602	0.1316806	0.4233617
716	3	-0.1894898	0.5860337	0.3974822
716	6	-0.1894898	0.5860337	0.3974822
716	9	0.7158496	0.2431320	1.127572
716	12	1.212796	0.2018012	0.07271047
717	3	-0.1894898	0.5860337	0.3974822
717	6	-0.1894898	0.5860337	0.3974822
717	9	0.7158496	0.2431320	1.127572
717	12	1.212796	0.2018012	0.07271047
718	3	-0.1690996	0.5799556	0.3976254
718	6	-0.1690996	0.5799556	0.3976253
718	9	1.3698	0.1196571	0.4240523
719	3	-0.1690996	0.5799556	0.3976254
719	6	-0.1690996	0.5799556	0.3976253
719	9	1.3698	0.1196571	0.4240523
720	3	-0.1690996	0.5799556	0.3976254
720	6	-0.1690996	0.5799556	0.3976253
720	9	1.3698	0.1196571	0.4240523
721	3	-0.1690996	0.5799556	0.3976254
721	6	-0.1690996	0.5799556	0.3976253
721	9	1.3698	0.1196571	0.4240523
722	3	-0.1690996	0.5799556	0.3976254
722	6	-0.1690996	0.5799556	0.3976253
722	9	1.3698	0.1196571	0.4240523
723	3	-0.1866183	0.5851748	0.3975313
723	6	-0.1866183	0.5851748	0.3975313
723	9	0.6171306	0.2632389	1.219234
723	12	1.166653	0.217533	0.05279254
724	3	-0.1866183	0.5851748	0.3975313
724	6	-0.1866183	0.5851748	0.3975313
724	9	0.6171306	0.2632389	1.219234
724	12	1.166653	0.217533	0.05279254
725	3	-0.1866183	0.5851748	0.3975313
725	6	-0.1866183	0.5851748	0.3975313
725	9	0.6171306	0.2632389	1.219234
725	12	1.166653	0.217533	0.05279254
726	3	-0.1866183	0.5851748	0.3975313
726	6	-0.1866183	0.5851748	0.3975313
726	9	0.6171306	0.2632389	1.219234
726	12	1.166653	0.217533	0.05279254
727	6	0.6017201	0.3913842	-0.005214784
727	9	-0.3582986	0.590282	0.8528385
727	12	0.9771067	0.1909505	0.8747791
728	6	0.6017201	0.3913842	-0.005214784
728	9	-0.3582986	0.590282	0.8528385
728	12	0.9771067	0.1909505	0.8747791
729	3	-0.1866183	0.5851748	0.3975313
729	6	-0.1866183	0.5851748	0.3975313
729	9	0.6171306	0.2632389	1.219234
729	12	1.166653	0.217533	0.05279254
730	3	-0.1866183	0.5851748	0.3975313
730	6	-0.1866183	0.5851748	0.3975313
730	9	0.6171306	0.2632389	1.219234
730	12	1.166653	0.217533	0.05279254
731	3	-0.1866183	0.5851748	0.3975313
731	6	-0.1866183	0.5851748	0.3975313
731	9	0.6171306	0.2632389	1.219234
731	12	1.166653	0.217533	0.05279254
732	3	-0.1866183	0.5851748	0.3975313
732	6	-0.1866183	0.5851748	0.3975313
732	9	0.6171306	0.2632389	1.219234
732	12	1.166653	0.217533	0.05279254
733	3	-0.1866183	0.5851748	0.3975313
733	6	-0.1866183	0.5851748	0.3975313
733	9	0.6171306	0.2632389	1.219234
733	12	1.166653	0.217533	0.05279254
736	3	1.120904	0.1941041	0.4197782
736	6	1.120904	0.1941041	0.4197782
737	3	1.120904	0.1941041	0.4197782
737	6	1.120904	0.1941041	0.4197782
738	3	1.120904	0.1941041	0.4197782
738	6	1.120904	0.1941041	0.4197782
739	3	1.120904	0.1941041	0.4197782
739	6	1.120904	0.1941041	0.4197782
747	3	1.120904	0.1941041	0.4197782
747	6	1.120904	0.1941041	0.4197782
748	3	1.120904	0.1941041	0.4197782
748	6	1.120904	0.1941041	0.4197782
749	3	1.120904	0.1941041	0.4197782
749	6	1.120904	0.1941041	0.4197782
750	3	1.120904	0.1941041	0.4197782
750	6	1.120904	0.1941041	0.4197782
751	3	1.120904	0.1941041	0.4197782
751	6	1.120904	0.1941041	0.4197782
752	3	1.120904	0.1941041	0.4197782
752	6	1.120904	0.1941041	0.4197782
753	3	1.120904	0.1941041	0.4197782
753	6	1.120904	0.1941041	0.4197782
754	3	1.120904	0.1941041	0.4197782
754	6	1.120904	0.1941041	0.4197782
755	3	1.120904	0.1941041	0.4197782
755	6	1.120904	0.1941041	0.4197782
756	3	1.120904	0.1941041	0.4197782
756	6	1.120904	0.1941041	0.4197782
757	3	1.120904	0.1941041	0.4197782
757	6	1.120904	0.1941041	0.4197782
758	3	1.120904	0.1941041	0.4197782
758	6	1.120904	0.1941041	0.4197782
759	3	1.120904	0.1941041	0.4197782
759	6	1.120904	0.1941041	0.4197782
760	3	1.120904	0.1941041	0.4197782
760	6	1.120904	0.1941041	0.4197782
761	3	1.120904	0.1941041	0.4197782
761	6	1.120904	0.1941041	0.4197782
762	3	1.120904	0.1941041	0.4197782
762	6	1.120904	0.1941041	0.4197782
763	3	1.120904	0.1941041	0.4197782
763	6	1.120904	0.1941041	0.4197782
764	3	1.120904	0.1941041	0.4197782
764	6	1.120904	0.1941041	0.4197782
765	3	1.120904	0.1941041	0.4197782
765	6	1.120904	0.1941041	0.4197782
766	3	1.120904	0.1941041	0.4197782
766	6	1.120904	0.1941041	0.4197782
767	3	1.120904	0.1941041	0.4197782
767	6	1.120904	0.1941041	0.4197782
768	3	1.120904	0.1941041	0.4197782
768	6	1.120904	0.1941041	0.4197782
769	3	1.120904	0.1941041	0.4197782
769	6	1.120904	0.1941041	0.4197782
770	3	1.120904	0.1941041	0.4197782
770	6	1.120904	0.1941041	0.4197782
771	3	1.120904	0.1941041	0.4197782
771	6	1.120904	0.1941041	0.4197782
772	3	1.120904	0.1941041	0.4197782
772	6	1.120904	0.1941041	0.4197782
773	3	1.120904	0.1941041	0.4197782
773	6	1.120904	0.1941041	0.4197782
778	3	1.120904	0.1941041	0.4197782
778	6	1.120904	0.1941041	0.4197782
779	3	1.120904	0.1941041	0.4197782
779	6	1.120904	0.1941041	0.4197782
780	3	1.120904	0.1941041	0.4197782
780	6	1.120904	0.1941041	0.4197782
781	3	1.120904	0.1941041	0.4197782
781	6	1.120904	0.1941041	0.4197782
782	3	1.120904	0.1941041	0.4197782
782	6	1.120904	0.1941041	0.4197782
783	3	1.120904	0.1941041	0.4197782
783	6	1.120904	0.1941041	0.4197782
784	3	1.120904	0.1941041	0.4197782
784	6	1.120904	0.1941041	0.4197782
785	3	1.120904	0.1941041	0.4197782
785	6	1.120904	0.1941041	0.4197782
786	3	1.120904	0.1941041	0.4197782
786	6	1.120904	0.1941041	0.4197782
787	3	1.120904	0.1941041	0.4197782
787	6	1.120904	0.1941041	0.4197782
788	3	1.120904	0.1941041	0.4197782
788	6	1.120904	0.1941041	0.4197782
796	6	1.056694	0.2512903	0.04230769
796	9	-0.2151598	0.5936868	0.3972892
796	12	0.4816773	0.2990139	1.263882
797	6	1.056694	0.2512903	0.04230769
797	9	-0.2151598	0.5936868	0.3972892
797	12	0.4816773	0.2990139	1.263882
798	6	1.056694	0.2512903	0.04230769
798	9	-0.2151598	0.5936868	0.3972892
798	12	0.4816773	0.2990139	1.263882
799	6	1.056694	0.2512903	0.04230769
799	9	-0.2151598	0.5936868	0.3972892
799	12	0.4816773	0.2990139	1.263882
800	6	1.056694	0.2512903	0.04230769
800	9	-0.2151598	0.5936868	0.3972892
800	12	0.4816773	0.2990139	1.263882
801	6	1.056694	0.2512903	0.04230769
801	9	-0.2151598	0.5936868	0.3972892
801	12	0.4816773	0.2990139	1.263882
802	6	1.056694	0.2512903	0.04230769
802	9	-0.2151598	0.5936868	0.3972892
802	12	0.4816773	0.2990139	1.263882
803	6	1.056694	0.2512903	0.04230769
803	9	-0.2151598	0.5936868	0.3972892
803	12	0.4816773	0.2990139	1.263882
804	3	-0.2846687	0.5847411	0.6907693
804	6	-0.2846687	0.5847411	0.6907693
804	9	1.092225	0.1638854	0.803744
804	12	0.7606858	0.3435579	0.0002729946
805	3	-0.2846687	0.5847411	0.6907693
805	6	-0.2846687	0.5847411	0.6907693
805	9	1.092225	0.1638854	0.803744
805	12	0.7606858	0.3435579	0.0002729946
806	3	-0.2846687	0.5847411	0.6907693
806	6	-0.2846687	0.5847411	0.6907693
806	9	1.092225	0.1638854	0.803744
806	12	0.7606858	0.3435579	0.0002729946
807	3	-0.3022022	0.5734605	0.8542235
807	6	-0.3022022	0.5734605	0.8542235
807	9	1.375935	0.1146143	0.4559442
807	12	0.2933514	0.4805092	0.02031624
808	3	-0.2411968	0.5783887	0.6256129
808	6	-0.2411968	0.5783887	0.6256129
808	9	1.399485	0.1106107	0.4262211
808	12	0.05475102	0.5413885	0.1201524
809	3	-0.2411968	0.5783887	0.6256129
809	6	-0.2411968	0.5783887	0.6256129
809	9	1.399485	0.1106107	0.4262211
809	12	0.05475102	0.5413885	0.1201524
