1	1	1.120904	0.1941041	0.4197782
1	2	1.120904	0.1941041	0.4197782
1	3	1.120904	0.1941041	0.4197782
1	4	1.120904	0.1941041	0.4197782
2	1	1.120904	0.1941041	0.4197782
2	2	1.120904	0.1941041	0.4197782
2	3	1.120904	0.1941041	0.4197782
2	4	1.120904	0.1941041	0.4197782
3	1	1.120904	0.1941041	0.4197782
3	2	1.120904	0.1941041	0.4197782
3	3	1.120904	0.1941041	0.4197782
3	4	1.120904	0.1941041	0.4197782
4	1	1.120904	0.1941041	0.4197782
4	2	1.120904	0.1941041	0.4197782
4	3	1.120904	0.1941041	0.4197782
4	4	1.120904	0.1941041	0.4197782
5	1	1.120904	0.1941041	0.4197782
5	2	1.120904	0.1941041	0.4197782
5	3	1.120904	0.1941041	0.4197782
5	4	1.120904	0.1941041	0.4197782
6	1	1.120904	0.1941041	0.4197782
6	2	1.120904	0.1941041	0.4197782
6	3	1.120904	0.1941041	0.4197782
6	4	1.120904	0.1941041	0.4197782
7	1	1.120904	0.1941041	0.4197782
7	2	1.120904	0.1941041	0.4197782
7	3	1.120904	0.1941041	0.4197782
7	4	1.120904	0.1941041	0.4197782
8	1	1.120904	0.1941041	0.4197782
8	2	1.120904	0.1941041	0.4197782
8	3	1.120904	0.1941041	0.4197782
8	4	1.120904	0.1941041	0.4197782
9	1	1.120904	0.1941041	0.4197782
9	2	1.120904	0.1941041	0.4197782
9	3	1.120904	0.1941041	0.4197782
9	4	1.120904	0.1941041	0.4197782
10	1	1.120904	0.1941041	0.4197782
10	2	1.120904	0.1941041	0.4197782
10	3	1.120904	0.1941041	0.4197782
10	4	1.120904	0.1941041	0.4197782
11	1	1.120904	0.1941041	0.4197782
11	2	1.120904	0.1941041	0.4197782
11	3	1.120904	0.1941041	0.4197782
11	4	1.120904	0.1941041	0.4197782
12	1	1.120904	0.1941041	0.4197782
12	2	1.120904	0.1941041	0.4197782
12	3	1.120904	0.1941041	0.4197782
12	4	1.120904	0.1941041	0.4197782
13	1	1.120904	0.1941041	0.4197782
13	2	1.120904	0.1941041	0.4197782
13	3	1.120904	0.1941041	0.4197782
13	4	1.120904	0.1941041	0.4197782
14	1	1.120904	0.1941041	0.4197782
14	2	1.120904	0.1941041	0.4197782
14	3	1.120904	0.1941041	0.4197782
14	4	1.120904	0.1941041	0.4197782
15	1	1.120904	0.1941041	0.4197782
15	2	1.120904	0.1941041	0.4197782
15	3	1.120904	0.1941041	0.4197782
15	4	1.120904	0.1941041	0.4197782
16	1	1.120904	0.1941041	0.4197782
16	2	1.120904	0.1941041	0.4197782
16	3	1.120904	0.1941041	0.4197782
16	4	1.120904	0.1941041	0.4197782
17	1	1.120904	0.1941041	0.4197782
17	2	1.120904	0.1941041	0.4197782
17	3	1.120904	0.1941041	0.4197782
17	4	1.120904	0.1941041	0.4197782
18	1	1.120904	0.1941041	0.4197782
18	2	1.120904	0.1941041	0.4197782
18	3	1.120904	0.1941041	0.4197782
18	4	1.120904	0.1941041	0.4197782
19	1	1.120904	0.1941041	0.4197782
19	2	1.120904	0.1941041	0.4197782
19	3	1.120904	0.1941041	0.4197782
19	4	1.120904	0.1941041	0.4197782
20	1	1.120904	0.1941041	0.4197782
20	2	1.120904	0.1941041	0.4197782
20	3	1.120904	0.1941041	0.4197782
20	4	1.120904	0.1941041	0.4197782
21	1	1.120904	0.1941041	0.4197782
21	2	1.120904	0.1941041	0.4197782
21	3	1.120904	0.1941041	0.4197782
21	4	1.120904	0.1941041	0.4197782
22	1	1.120904	0.1941041	0.4197782
22	2	1.120904	0.1941041	0.4197782
22	3	1.120904	0.1941041	0.4197782
22	4	1.120904	0.1941041	0.4197782
23	1	1.120904	0.1941041	0.4197782
23	2	1.120904	0.1941041	0.4197782
23	3	1.120904	0.1941041	0.4197782
23	4	1.120904	0.1941041	0.4197782
24	1	1.120904	0.1941041	0.4197782
24	2	1.120904	0.1941041	0.4197782
24	3	1.120904	0.1941041	0.4197782
24	4	1.120904	0.1941041	0.4197782
25	1	1.120904	0.1941041	0.4197782
25	2	1.120904	0.1941041	0.4197782
25	3	1.120904	0.1941041	0.4197782
25	4	1.120904	0.1941041	0.4197782
26	1	1.120904	0.1941041	0.4197782
26	2	1.120904	0.1941041	0.4197782
26	3	1.120904	0.1941041	0.4197782
26	4	1.120904	0.1941041	0.4197782
27	1	1.120904	0.1941041	0.4197782
27	2	1.120904	0.1941041	0.4197782
27	3	1.120904	0.1941041	0.4197782
27	4	1.120904	0.1941041	0.4197782
28	1	1.120904	0.1941041	0.4197782
28	2	1.120904	0.1941041	0.4197782
28	3	1.120904	0.1941041	0.4197782
28	4	1.120904	0.1941041	0.4197782
29	1	1.120904	0.1941041	0.4197782
29	2	1.120904	0.1941041	0.4197782
29	3	1.120904	0.1941041	0.4197782
29	4	1.120904	0.1941041	0.4197782
30	1	1.120904	0.1941041	0.4197782
30	2	1.120904	0.1941041	0.4197782
30	3	1.120904	0.1941041	0.4197782
30	4	1.120904	0.1941041	0.4197782
31	1	1.120904	0.1941041	0.4197782
31	2	1.120904	0.1941041	0.4197782
31	3	1.120904	0.1941041	0.4197782
31	4	1.120904	0.1941041	0.4197782
32	1	1.120904	0.1941041	0.4197782
32	2	1.120904	0.1941041	0.4197782
32	3	1.120904	0.1941041	0.4197782
32	4	1.120904	0.1941041	0.4197782
33	1	1.120904	0.1941041	0.4197782
33	2	1.120904	0.1941041	0.4197782
33	3	1.120904	0.1941041	0.4197782
33	4	1.120904	0.1941041	0.4197782
34	1	1.120904	0.1941041	0.4197782
34	2	1.120904	0.1941041	0.4197782
34	3	1.120904	0.1941041	0.4197782
34	4	1.120904	0.1941041	0.4197782
35	1	1.120904	0.1941041	0.4197782
35	2	1.120904	0.1941041	0.4197782
35	3	1.120904	0.1941041	0.4197782
35	4	1.120904	0.1941041	0.4197782
36	1	1.120904	0.1941041	0.4197782
36	2	1.120904	0.1941041	0.4197782
36	3	1.120904	0.1941041	0.4197782
36	4	1.120904	0.1941041	0.4197782
37	1	1.120904	0.1941041	0.4197782
37	2	1.120904	0.1941041	0.4197782
37	3	1.120904	0.1941041	0.4197782
37	4	1.120904	0.1941041	0.4197782
38	1	1.120904	0.1941041	0.4197782
38	2	1.120904	0.1941041	0.4197782
38	3	1.120904	0.1941041	0.4197782
38	4	1.120904	0.1941041	0.4197782
39	1	1.120904	0.1941041	0.4197782
39	2	1.120904	0.1941041	0.4197782
39	3	1.120904	0.1941041	0.4197782
39	4	1.120904	0.1941041	0.4197782
40	1	1.120904	0.1941041	0.4197782
40	2	1.120904	0.1941041	0.4197782
40	3	1.120904	0.1941041	0.4197782
40	4	1.120904	0.1941041	0.4197782
41	1	1.120904	0.1941041	0.4197782
41	2	1.120904	0.1941041	0.4197782
41	3	1.120904	0.1941041	0.4197782
41	4	1.120904	0.1941041	0.4197782
42	1	1.120904	0.1941041	0.4197782
42	2	1.120904	0.1941041	0.4197782
42	3	1.120904	0.1941041	0.4197782
42	4	1.120904	0.1941041	0.4197782
43	1	1.120904	0.1941041	0.4197782
43	2	1.120904	0.1941041	0.4197782
43	3	1.120904	0.1941041	0.4197782
43	4	1.120904	0.1941041	0.4197782
44	1	1.120904	0.1941041	0.4197782
44	2	1.120904	0.1941041	0.4197782
44	3	1.120904	0.1941041	0.4197782
44	4	1.120904	0.1941041	0.4197782
45	1	1.120904	0.1941041	0.4197782
45	2	1.120904	0.1941041	0.4197782
45	3	1.120904	0.1941041	0.4197782
45	4	1.120904	0.1941041	0.4197782
46	1	1.120904	0.1941041	0.4197782
46	2	1.120904	0.1941041	0.4197782
46	3	1.120904	0.1941041	0.4197782
46	4	1.120904	0.1941041	0.4197782
47	1	1.120904	0.1941041	0.4197782
47	2	1.120904	0.1941041	0.4197782
47	3	1.120904	0.1941041	0.4197782
47	4	1.120904	0.1941041	0.4197782
48	1	1.120904	0.1941041	0.4197782
48	2	1.120904	0.1941041	0.4197782
48	3	1.120904	0.1941041	0.4197782
48	4	1.120904	0.1941041	0.4197782
50	2	1.309443	0.1377103	0.4230159
50	4	-0.1997335	0.5891185	0.3970992
51	2	1.120904	0.1941041	0.4197782
51	4	1.120904	0.1941041	0.4197782
52	2	1.120904	0.1941041	0.4197782
52	4	1.120904	0.1941041	0.4197782
53	2	1.120904	0.1941041	0.4197782
53	4	1.120904	0.1941041	0.4197782
54	2	1.120904	0.1941041	0.4197782
54	4	1.120904	0.1941041	0.4197782
57	2	1.120904	0.1941041	0.4197782
57	4	1.120904	0.1941041	0.4197782
58	1	0.5684757	0.4008856	-0.001402781
58	2	-0.07697957	0.4409445	1.503697
58	3	0.5684757	0.4008856	-0.001402781
58	4	-0.07697957	0.4409445	1.503697
59	1	1.120904	0.1941041	0.4197782
59	2	1.120904	0.1941041	0.4197782
59	3	1.120904	0.1941041	0.4197782
59	4	1.120904	0.1941041	0.4197782
60	1	1.120904	0.1941041	0.4197782
60	2	1.120904	0.1941041	0.4197782
60	3	1.120904	0.1941041	0.4197782
60	4	1.120904	0.1941041	0.4197782
61	1	1.120904	0.1941041	0.4197782
61	2	1.120904	0.1941041	0.4197782
61	3	1.120904	0.1941041	0.4197782
61	4	1.120904	0.1941041	0.4197782
62	1	1.120904	0.1941041	0.4197782
62	2	1.120904	0.1941041	0.4197782
62	4	1.120904	0.1941041	0.4197782
63	1	1.120904	0.1941041	0.4197782
63	2	1.120904	0.1941041	0.4197782
63	4	1.120904	0.1941041	0.4197782
64	1	1.120904	0.1941041	0.4197782
64	2	1.120904	0.1941041	0.4197782
64	4	1.120904	0.1941041	0.4197782
65	1	1.120904	0.1941041	0.4197782
65	2	1.120904	0.1941041	0.4197782
65	4	1.120904	0.1941041	0.4197782
66	1	1.120904	0.1941041	0.4197782
66	2	1.120904	0.1941041	0.4197782
66	3	1.120904	0.1941041	0.4197782
66	4	1.120904	0.1941041	0.4197782
67	1	1.120904	0.1941041	0.4197782
67	2	1.120904	0.1941041	0.4197782
67	3	1.120904	0.1941041	0.4197782
67	4	1.120904	0.1941041	0.4197782
68	1	1.120904	0.1941041	0.4197782
68	2	1.120904	0.1941041	0.4197782
68	3	1.120904	0.1941041	0.4197782
68	4	1.120904	0.1941041	0.4197782
69	1	1.120904	0.1941041	0.4197782
69	2	1.120904	0.1941041	0.4197782
69	3	1.120904	0.1941041	0.4197782
69	4	1.120904	0.1941041	0.4197782
70	1	1.120904	0.1941041	0.4197782
70	2	1.120904	0.1941041	0.4197782
70	3	1.120904	0.1941041	0.4197782
70	4	1.120904	0.1941041	0.4197782
71	1	1.120904	0.1941041	0.4197782
71	2	1.120904	0.1941041	0.4197782
71	3	1.120904	0.1941041	0.4197782
71	4	1.120904	0.1941041	0.4197782
72	2	1.120904	0.1941041	0.4197782
72	3	1.120904	0.1941041	0.4197782
72	4	1.120904	0.1941041	0.4197782
73	2	1.120904	0.1941041	0.4197782
73	3	1.120904	0.1941041	0.4197782
73	4	1.120904	0.1941041	0.4197782
74	2	1.120904	0.1941041	0.4197782
74	3	1.120904	0.1941041	0.4197782
74	4	1.120904	0.1941041	0.4197782
75	1	0.2299637	0.5004116	0.009887581
75	3	0.4154062	0.3220904	1.230495
75	4	0.4154062	0.3220904	1.230495
76	1	0.2299637	0.5004116	0.009887581
76	3	0.4154062	0.3220904	1.230495
76	4	0.4154062	0.3220904	1.230495
77	1	-0.4453197	0.5852842	1.158803
77	2	1.104773	0.2313417	0.09830544
77	3	1.104773	0.2313417	0.09830544
77	4	1.104773	0.2313417	0.09830544
78	1	-0.4453197	0.5852842	1.158803
78	2	1.104773	0.2313417	0.09830544
78	3	1.104773	0.2313417	0.09830544
78	4	1.104773	0.2313417	0.09830544
79	1	1.120904	0.1941041	0.4197782
79	2	1.120904	0.1941041	0.4197782
79	3	1.120904	0.1941041	0.4197782
79	4	1.120904	0.1941041	0.4197782
80	1	1.120904	0.1941041	0.4197782
80	2	1.120904	0.1941041	0.4197782
80	3	1.120904	0.1941041	0.4197782
80	4	1.120904	0.1941041	0.4197782
81	1	1.120904	0.1941041	0.4197782
81	2	1.120904	0.1941041	0.4197782
81	3	1.120904	0.1941041	0.4197782
81	4	1.120904	0.1941041	0.4197782
82	1	1.120904	0.1941041	0.4197782
82	2	1.120904	0.1941041	0.4197782
82	3	1.120904	0.1941041	0.4197782
82	4	1.120904	0.1941041	0.4197782
83	1	1.120904	0.1941041	0.4197782
83	2	1.120904	0.1941041	0.4197782
83	3	1.120904	0.1941041	0.4197782
83	4	1.120904	0.1941041	0.4197782
84	1	1.120904	0.1941041	0.4197782
84	2	1.120904	0.1941041	0.4197782
84	3	1.120904	0.1941041	0.4197782
84	4	1.120904	0.1941041	0.4197782
85	1	1.120904	0.1941041	0.4197782
85	2	1.120904	0.1941041	0.4197782
85	3	1.120904	0.1941041	0.4197782
85	4	1.120904	0.1941041	0.4197782
86	1	1.120904	0.1941041	0.4197782
86	2	1.120904	0.1941041	0.4197782
86	3	1.120904	0.1941041	0.4197782
86	4	1.120904	0.1941041	0.4197782
87	1	1.120904	0.1941041	0.4197782
87	2	1.120904	0.1941041	0.4197782
87	3	1.120904	0.1941041	0.4197782
87	4	1.120904	0.1941041	0.4197782
88	1	1.120904	0.1941041	0.4197782
88	3	1.120904	0.1941041	0.4197782
89	1	1.120904	0.1941041	0.4197782
89	3	1.120904	0.1941041	0.4197782
90	1	1.120904	0.1941041	0.4197782
90	3	1.120904	0.1941041	0.4197782
91	1	1.120904	0.1941041	0.4197782
91	3	1.120904	0.1941041	0.4197782
92	1	1.120904	0.1941041	0.4197782
92	3	1.120904	0.1941041	0.4197782
93	1	1.120904	0.1941041	0.4197782
93	3	1.120904	0.1941041	0.4197782
94	1	1.120904	0.1941041	0.4197782
94	3	1.120904	0.1941041	0.4197782
95	1	1.120904	0.1941041	0.4197782
95	3	1.120904	0.1941041	0.4197782
96	1	1.120904	0.1941041	0.4197782
96	3	1.120904	0.1941041	0.4197782
97	1	1.120904	0.1941041	0.4197782
97	3	1.120904	0.1941041	0.4197782
98	1	1.120904	0.1941041	0.4197782
98	3	1.120904	0.1941041	0.4197782
99	1	1.120904	0.1941041	0.4197782
99	3	1.120904	0.1941041	0.4197782
100	1	1.120904	0.1941041	0.4197782
100	3	1.120904	0.1941041	0.4197782
101	1	1.120904	0.1941041	0.4197782
101	3	1.120904	0.1941041	0.4197782
102	1	1.120904	0.1941041	0.4197782
102	3	1.120904	0.1941041	0.4197782
103	1	1.120904	0.1941041	0.4197782
103	3	1.120904	0.1941041	0.4197782
104	1	1.120904	0.1941041	0.4197782
104	3	1.120904	0.1941041	0.4197782
105	1	1.120904	0.1941041	0.4197782
105	3	1.120904	0.1941041	0.4197782
106	1	1.120904	0.1941041	0.4197782
106	2	1.120904	0.1941041	0.4197782
106	3	1.120904	0.1941041	0.4197782
106	4	1.120904	0.1941041	0.4197782
107	1	1.120904	0.1941041	0.4197782
107	2	1.120904	0.1941041	0.4197782
107	3	1.120904	0.1941041	0.4197782
107	4	1.120904	0.1941041	0.4197782
108	1	1.120904	0.1941041	0.4197782
108	2	1.120904	0.1941041	0.4197782
108	3	1.120904	0.1941041	0.4197782
108	4	1.120904	0.1941041	0.4197782
109	1	1.120904	0.1941041	0.4197782
109	2	1.120904	0.1941041	0.4197782
109	3	1.120904	0.1941041	0.4197782
109	4	1.120904	0.1941041	0.4197782
110	1	1.120904	0.1941041	0.4197782
110	2	1.120904	0.1941041	0.4197782
110	3	1.120904	0.1941041	0.4197782
110	4	1.120904	0.1941041	0.4197782
111	1	1.120904	0.1941041	0.4197782
111	2	1.120904	0.1941041	0.4197782
111	3	1.120904	0.1941041	0.4197782
111	4	1.120904	0.1941041	0.4197782
112	1	1.120904	0.1941041	0.4197782
112	2	1.120904	0.1941041	0.4197782
112	3	1.120904	0.1941041	0.4197782
112	4	1.120904	0.1941041	0.4197782
113	1	1.120904	0.1941041	0.4197782
113	2	1.120904	0.1941041	0.4197782
113	3	1.120904	0.1941041	0.4197782
113	4	1.120904	0.1941041	0.4197782
114	1	1.120904	0.1941041	0.4197782
114	2	1.120904	0.1941041	0.4197782
114	3	1.120904	0.1941041	0.4197782
114	4	1.120904	0.1941041	0.4197782
115	1	1.120904	0.1941041	0.4197782
115	2	1.120904	0.1941041	0.4197782
115	3	1.120904	0.1941041	0.4197782
115	4	1.120904	0.1941041	0.4197782
116	1	1.120904	0.1941041	0.4197782
116	2	1.120904	0.1941041	0.4197782
116	3	1.120904	0.1941041	0.4197782
116	4	1.120904	0.1941041	0.4197782
117	1	1.120904	0.1941041	0.4197782
117	2	1.120904	0.1941041	0.4197782
117	3	1.120904	0.1941041	0.4197782
117	4	1.120904	0.1941041	0.4197782
118	1	1.120904	0.1941041	0.4197782
118	2	1.120904	0.1941041	0.4197782
118	3	1.120904	0.1941041	0.4197782
118	4	1.120904	0.1941041	0.4197782
119	1	1.120904	0.1941041	0.4197782
119	2	1.120904	0.1941041	0.4197782
119	3	1.120904	0.1941041	0.4197782
119	4	1.120904	0.1941041	0.4197782
120	1	1.120904	0.1941041	0.4197782
120	2	1.120904	0.1941041	0.4197782
120	3	1.120904	0.1941041	0.4197782
120	4	1.120904	0.1941041	0.4197782
121	1	1.120904	0.1941041	0.4197782
121	2	1.120904	0.1941041	0.4197782
121	3	1.120904	0.1941041	0.4197782
121	4	1.120904	0.1941041	0.4197782
122	1	1.120904	0.1941041	0.4197782
122	2	1.120904	0.1941041	0.4197782
122	3	1.120904	0.1941041	0.4197782
122	4	1.120904	0.1941041	0.4197782
123	1	1.120904	0.1941041	0.4197782
123	2	1.120904	0.1941041	0.4197782
123	3	1.120904	0.1941041	0.4197782
123	4	1.120904	0.1941041	0.4197782
124	1	1.120904	0.1941041	0.4197782
124	2	1.120904	0.1941041	0.4197782
124	3	1.120904	0.1941041	0.4197782
124	4	1.120904	0.1941041	0.4197782
125	1	1.120904	0.1941041	0.4197782
125	2	1.120904	0.1941041	0.4197782
125	3	1.120904	0.1941041	0.4197782
125	4	1.120904	0.1941041	0.4197782
126	1	1.120904	0.1941041	0.4197782
126	2	1.120904	0.1941041	0.4197782
126	3	1.120904	0.1941041	0.4197782
126	4	1.120904	0.1941041	0.4197782
127	1	1.120904	0.1941041	0.4197782
127	2	1.120904	0.1941041	0.4197782
127	3	1.120904	0.1941041	0.4197782
127	4	1.120904	0.1941041	0.4197782
128	1	1.120904	0.1941041	0.4197782
128	2	1.120904	0.1941041	0.4197782
128	3	1.120904	0.1941041	0.4197782
128	4	1.120904	0.1941041	0.4197782
129	1	1.120904	0.1941041	0.4197782
129	2	1.120904	0.1941041	0.4197782
129	3	1.120904	0.1941041	0.4197782
129	4	1.120904	0.1941041	0.4197782
130	1	1.120904	0.1941041	0.4197782
130	2	1.120904	0.1941041	0.4197782
130	3	1.120904	0.1941041	0.4197782
130	4	1.120904	0.1941041	0.4197782
131	1	1.120904	0.1941041	0.4197782
131	2	1.120904	0.1941041	0.4197782
131	3	1.120904	0.1941041	0.4197782
131	4	1.120904	0.1941041	0.4197782
132	1	1.120904	0.1941041	0.4197782
132	2	1.120904	0.1941041	0.4197782
132	3	1.120904	0.1941041	0.4197782
132	4	1.120904	0.1941041	0.4197782
133	1	1.120904	0.1941041	0.4197782
133	2	1.120904	0.1941041	0.4197782
133	3	1.120904	0.1941041	0.4197782
133	4	1.120904	0.1941041	0.4197782
134	1	1.120904	0.1941041	0.4197782
134	2	1.120904	0.1941041	0.4197782
134	3	1.120904	0.1941041	0.4197782
134	4	1.120904	0.1941041	0.4197782
135	1	1.120904	0.1941041	0.4197782
135	2	1.120904	0.1941041	0.4197782
135	3	1.120904	0.1941041	0.4197782
135	4	1.120904	0.1941041	0.4197782
136	1	1.120904	0.1941041	0.4197782
136	2	1.120904	0.1941041	0.4197782
136	3	1.120904	0.1941041	0.4197782
136	4	1.120904	0.1941041	0.4197782
137	1	1.120904	0.1941041	0.4197782
137	2	1.120904	0.1941041	0.4197782
137	3	1.120904	0.1941041	0.4197782
137	4	1.120904	0.1941041	0.4197782
138	1	1.120904	0.1941041	0.4197782
138	2	1.120904	0.1941041	0.4197782
138	3	1.120904	0.1941041	0.4197782
138	4	1.120904	0.1941041	0.4197782
139	1	1.120904	0.1941041	0.4197782
139	2	1.120904	0.1941041	0.4197782
139	3	1.120904	0.1941041	0.4197782
139	4	1.120904	0.1941041	0.4197782
140	1	1.120904	0.1941041	0.4197782
140	2	1.120904	0.1941041	0.4197782
140	3	1.120904	0.1941041	0.4197782
140	4	1.120904	0.1941041	0.4197782
141	1	1.120904	0.1941041	0.4197782
141	2	1.120904	0.1941041	0.4197782
141	3	1.120904	0.1941041	0.4197782
141	4	1.120904	0.1941041	0.4197782
142	1	1.120904	0.1941041	0.4197782
142	2	1.120904	0.1941041	0.4197782
142	3	1.120904	0.1941041	0.4197782
142	4	1.120904	0.1941041	0.4197782
143	1	1.120904	0.1941041	0.4197782
143	2	1.120904	0.1941041	0.4197782
143	3	1.120904	0.1941041	0.4197782
143	4	1.120904	0.1941041	0.4197782
144	1	1.120904	0.1941041	0.4197782
144	2	1.120904	0.1941041	0.4197782
144	3	1.120904	0.1941041	0.4197782
144	4	1.120904	0.1941041	0.4197782
145	1	1.120904	0.1941041	0.4197782
145	2	1.120904	0.1941041	0.4197782
145	3	1.120904	0.1941041	0.4197782
145	4	1.120904	0.1941041	0.4197782
146	1	1.120904	0.1941041	0.4197782
146	2	1.120904	0.1941041	0.4197782
146	3	1.120904	0.1941041	0.4197782
146	4	1.120904	0.1941041	0.4197782
147	1	1.120904	0.1941041	0.4197782
147	2	1.120904	0.1941041	0.4197782
147	3	1.120904	0.1941041	0.4197782
147	4	1.120904	0.1941041	0.4197782
148	1	1.120904	0.1941041	0.4197782
148	2	1.120904	0.1941041	0.4197782
148	3	1.120904	0.1941041	0.4197782
148	4	1.120904	0.1941041	0.4197782
149	1	1.120904	0.1941041	0.4197782
149	2	1.120904	0.1941041	0.4197782
149	3	1.120904	0.1941041	0.4197782
149	4	1.120904	0.1941041	0.4197782
150	1	1.120904	0.1941041	0.4197782
150	2	1.120904	0.1941041	0.4197782
150	3	1.120904	0.1941041	0.4197782
150	4	1.120904	0.1941041	0.4197782
151	1	1.120904	0.1941041	0.4197782
151	2	1.120904	0.1941041	0.4197782
151	3	1.120904	0.1941041	0.4197782
151	4	1.120904	0.1941041	0.4197782
152	1	1.120904	0.1941041	0.4197782
152	2	1.120904	0.1941041	0.4197782
152	3	1.120904	0.1941041	0.4197782
152	4	1.120904	0.1941041	0.4197782
153	1	1.120904	0.1941041	0.4197782
153	2	1.120904	0.1941041	0.4197782
153	3	1.120904	0.1941041	0.4197782
153	4	1.120904	0.1941041	0.4197782
154	1	1.120904	0.1941041	0.4197782
154	2	1.120904	0.1941041	0.4197782
154	3	1.120904	0.1941041	0.4197782
154	4	1.120904	0.1941041	0.4197782
155	1	1.120904	0.1941041	0.4197782
155	2	1.120904	0.1941041	0.4197782
155	3	1.120904	0.1941041	0.4197782
155	4	1.120904	0.1941041	0.4197782
156	1	1.120904	0.1941041	0.4197782
156	2	1.120904	0.1941041	0.4197782
156	3	1.120904	0.1941041	0.4197782
156	4	1.120904	0.1941041	0.4197782
157	1	1.120904	0.1941041	0.4197782
157	2	1.120904	0.1941041	0.4197782
157	3	1.120904	0.1941041	0.4197782
157	4	1.120904	0.1941041	0.4197782
158	1	1.120904	0.1941041	0.4197782
158	2	1.120904	0.1941041	0.4197782
158	3	1.120904	0.1941041	0.4197782
158	4	1.120904	0.1941041	0.4197782
159	1	1.120904	0.1941041	0.4197782
159	2	1.120904	0.1941041	0.4197782
159	3	1.120904	0.1941041	0.4197782
159	4	1.120904	0.1941041	0.4197782
160	1	1.120904	0.1941041	0.4197782
160	2	1.120904	0.1941041	0.4197782
160	3	1.120904	0.1941041	0.4197782
160	4	1.120904	0.1941041	0.4197782
161	1	1.120904	0.1941041	0.4197782
161	2	1.120904	0.1941041	0.4197782
161	3	1.120904	0.1941041	0.4197782
161	4	1.120904	0.1941041	0.4197782
162	1	1.120904	0.1941041	0.4197782
162	2	1.120904	0.1941041	0.4197782
162	3	1.120904	0.1941041	0.4197782
162	4	1.120904	0.1941041	0.4197782
163	1	1.120904	0.1941041	0.4197782
163	2	1.120904	0.1941041	0.4197782
163	3	1.120904	0.1941041	0.4197782
163	4	1.120904	0.1941041	0.4197782
164	1	1.120904	0.1941041	0.4197782
164	2	1.120904	0.1941041	0.4197782
164	3	1.120904	0.1941041	0.4197782
164	4	1.120904	0.1941041	0.4197782
165	1	1.120904	0.1941041	0.4197782
165	2	1.120904	0.1941041	0.4197782
165	3	1.120904	0.1941041	0.4197782
165	4	1.120904	0.1941041	0.4197782
166	1	1.120904	0.1941041	0.4197782
166	2	1.120904	0.1941041	0.4197782
166	3	1.120904	0.1941041	0.4197782
166	4	1.120904	0.1941041	0.4197782
167	1	1.120904	0.1941041	0.4197782
167	2	1.120904	0.1941041	0.4197782
167	3	1.120904	0.1941041	0.4197782
167	4	1.120904	0.1941041	0.4197782
168	1	1.120904	0.1941041	0.4197782
168	2	1.120904	0.1941041	0.4197782
168	3	1.120904	0.1941041	0.4197782
168	4	1.120904	0.1941041	0.4197782
169	1	1.120904	0.1941041	0.4197782
169	2	1.120904	0.1941041	0.4197782
169	3	1.120904	0.1941041	0.4197782
169	4	1.120904	0.1941041	0.4197782
170	1	1.120904	0.1941041	0.4197782
170	2	1.120904	0.1941041	0.4197782
170	3	1.120904	0.1941041	0.4197782
170	4	1.120904	0.1941041	0.4197782
171	1	1.120904	0.1941041	0.4197782
171	2	1.120904	0.1941041	0.4197782
171	3	1.120904	0.1941041	0.4197782
171	4	1.120904	0.1941041	0.4197782
172	1	1.120904	0.1941041	0.4197782
172	2	1.120904	0.1941041	0.4197782
172	3	1.120904	0.1941041	0.4197782
172	4	1.120904	0.1941041	0.4197782
173	1	1.120904	0.1941041	0.4197782
173	2	1.120904	0.1941041	0.4197782
173	3	1.120904	0.1941041	0.4197782
173	4	1.120904	0.1941041	0.4197782
174	1	1.120904	0.1941041	0.4197782
174	2	1.120904	0.1941041	0.4197782
174	3	1.120904	0.1941041	0.4197782
174	4	1.120904	0.1941041	0.4197782
175	1	1.120904	0.1941041	0.4197782
175	2	1.120904	0.1941041	0.4197782
175	3	1.120904	0.1941041	0.4197782
175	4	1.120904	0.1941041	0.4197782
176	1	1.120904	0.1941041	0.4197782
176	2	1.120904	0.1941041	0.4197782
176	3	1.120904	0.1941041	0.4197782
176	4	1.120904	0.1941041	0.4197782
177	1	1.120904	0.1941041	0.4197782
177	2	1.120904	0.1941041	0.4197782
177	3	1.120904	0.1941041	0.4197782
177	4	1.120904	0.1941041	0.4197782
178	1	1.120904	0.1941041	0.4197782
178	2	1.120904	0.1941041	0.4197782
178	3	1.120904	0.1941041	0.4197782
178	4	1.120904	0.1941041	0.4197782
179	1	1.120904	0.1941041	0.4197782
179	2	1.120904	0.1941041	0.4197782
179	3	1.120904	0.1941041	0.4197782
179	4	1.120904	0.1941041	0.4197782
180	1	1.120904	0.1941041	0.4197782
180	2	1.120904	0.1941041	0.4197782
180	3	1.120904	0.1941041	0.4197782
180	4	1.120904	0.1941041	0.4197782
181	1	1.120904	0.1941041	0.4197782
181	2	1.120904	0.1941041	0.4197782
181	3	1.120904	0.1941041	0.4197782
181	4	1.120904	0.1941041	0.4197782
182	1	1.120904	0.1941041	0.4197782
182	2	1.120904	0.1941041	0.4197782
182	3	1.120904	0.1941041	0.4197782
182	4	1.120904	0.1941041	0.4197782
183	1	1.120904	0.1941041	0.4197782
183	2	1.120904	0.1941041	0.4197782
183	3	1.120904	0.1941041	0.4197782
183	4	1.120904	0.1941041	0.4197782
184	1	1.120904	0.1941041	0.4197782
184	2	1.120904	0.1941041	0.4197782
184	3	1.120904	0.1941041	0.4197782
184	4	1.120904	0.1941041	0.4197782
185	1	1.120904	0.1941041	0.4197782
185	2	1.120904	0.1941041	0.4197782
185	3	1.120904	0.1941041	0.4197782
185	4	1.120904	0.1941041	0.4197782
186	1	1.120904	0.1941041	0.4197782
186	2	1.120904	0.1941041	0.4197782
186	3	1.120904	0.1941041	0.4197782
186	4	1.120904	0.1941041	0.4197782
187	1	1.120904	0.1941041	0.4197782
187	2	1.120904	0.1941041	0.4197782
187	3	1.120904	0.1941041	0.4197782
187	4	1.120904	0.1941041	0.4197782
188	1	1.120904	0.1941041	0.4197782
188	2	1.120904	0.1941041	0.4197782
188	3	1.120904	0.1941041	0.4197782
188	4	1.120904	0.1941041	0.4197782
189	1	1.120904	0.1941041	0.4197782
189	2	1.120904	0.1941041	0.4197782
189	3	1.120904	0.1941041	0.4197782
189	4	1.120904	0.1941041	0.4197782
190	1	1.120904	0.1941041	0.4197782
190	2	1.120904	0.1941041	0.4197782
190	3	1.120904	0.1941041	0.4197782
190	4	1.120904	0.1941041	0.4197782
191	1	1.120904	0.1941041	0.4197782
191	2	1.120904	0.1941041	0.4197782
191	3	1.120904	0.1941041	0.4197782
191	4	1.120904	0.1941041	0.4197782
192	1	1.120904	0.1941041	0.4197782
192	2	1.120904	0.1941041	0.4197782
192	3	1.120904	0.1941041	0.4197782
192	4	1.120904	0.1941041	0.4197782
193	1	1.120904	0.1941041	0.4197782
193	2	1.120904	0.1941041	0.4197782
193	3	1.120904	0.1941041	0.4197782
193	4	1.120904	0.1941041	0.4197782
194	1	1.120904	0.1941041	0.4197782
194	2	1.120904	0.1941041	0.4197782
194	3	1.120904	0.1941041	0.4197782
194	4	1.120904	0.1941041	0.4197782
197	2	0.9826006	0.2726799	0.04868923
197	3	-0.4110863	0.555439	1.353675
197	4	0.9826006	0.2726799	0.04868923
198	2	0.9826006	0.2726799	0.04868923
198	3	-0.4110863	0.555439	1.353675
198	4	0.9826006	0.2726799	0.04868923
199	2	0.9826006	0.2726799	0.04868923
199	3	-0.4110863	0.555439	1.353675
199	4	0.9826006	0.2726799	0.04868923
200	1	-0.4214398	0.5719626	1.220443
200	2	1.288121	0.1451065	0.4125582
200	3	0.1234146	0.5293894	0.03671627
200	4	1.288121	0.1451065	0.4125582
201	1	1.120904	0.1941041	0.4197782
201	2	1.120904	0.1941041	0.4197782
201	3	1.120904	0.1941041	0.4197782
201	4	1.120904	0.1941041	0.4197782
202	1	1.120904	0.1941041	0.4197782
202	2	1.120904	0.1941041	0.4197782
202	3	1.120904	0.1941041	0.4197782
202	4	1.120904	0.1941041	0.4197782
203	1	1.120904	0.1941041	0.4197782
203	2	1.120904	0.1941041	0.4197782
203	3	1.120904	0.1941041	0.4197782
203	4	1.120904	0.1941041	0.4197782
204	1	1.120904	0.1941041	0.4197782
204	2	1.120904	0.1941041	0.4197782
204	3	1.120904	0.1941041	0.4197782
204	4	1.120904	0.1941041	0.4197782
205	1	1.120904	0.1941041	0.4197782
205	2	1.120904	0.1941041	0.4197782
205	3	1.120904	0.1941041	0.4197782
205	4	1.120904	0.1941041	0.4197782
206	1	1.120904	0.1941041	0.4197782
206	2	1.120904	0.1941041	0.4197782
206	3	1.120904	0.1941041	0.4197782
206	4	1.120904	0.1941041	0.4197782
207	1	1.120904	0.1941041	0.4197782
207	2	1.120904	0.1941041	0.4197782
207	3	1.120904	0.1941041	0.4197782
207	4	1.120904	0.1941041	0.4197782
208	1	1.120904	0.1941041	0.4197782
208	2	1.120904	0.1941041	0.4197782
208	3	1.120904	0.1941041	0.4197782
208	4	1.120904	0.1941041	0.4197782
209	1	1.120904	0.1941041	0.4197782
209	2	1.120904	0.1941041	0.4197782
209	3	1.120904	0.1941041	0.4197782
209	4	1.120904	0.1941041	0.4197782
210	1	1.120904	0.1941041	0.4197782
210	2	1.120904	0.1941041	0.4197782
210	3	1.120904	0.1941041	0.4197782
210	4	1.120904	0.1941041	0.4197782
211	1	1.120904	0.1941041	0.4197782
211	2	1.120904	0.1941041	0.4197782
211	3	1.120904	0.1941041	0.4197782
211	4	1.120904	0.1941041	0.4197782
212	1	1.120904	0.1941041	0.4197782
212	2	1.120904	0.1941041	0.4197782
212	3	1.120904	0.1941041	0.4197782
212	4	1.120904	0.1941041	0.4197782
213	1	1.120904	0.1941041	0.4197782
213	2	1.120904	0.1941041	0.4197782
213	3	1.120904	0.1941041	0.4197782
213	4	1.120904	0.1941041	0.4197782
214	1	1.120904	0.1941041	0.4197782
214	3	1.120904	0.1941041	0.4197782
214	4	1.120904	0.1941041	0.4197782
215	1	1.120904	0.1941041	0.4197782
215	3	1.120904	0.1941041	0.4197782
215	4	1.120904	0.1941041	0.4197782
216	1	1.120904	0.1941041	0.4197782
216	3	1.120904	0.1941041	0.4197782
216	4	1.120904	0.1941041	0.4197782
217	1	1.120904	0.1941041	0.4197782
217	3	1.120904	0.1941041	0.4197782
217	4	1.120904	0.1941041	0.4197782
218	1	1.120904	0.1941041	0.4197782
218	3	1.120904	0.1941041	0.4197782
218	4	1.120904	0.1941041	0.4197782
219	1	1.080927	0.2394178	0.08854784
219	2	-0.4480068	0.5813413	1.205794
219	3	1.080927	0.2394178	0.08854783
219	4	1.080927	0.2394178	0.08854783
220	1	1.120904	0.1941041	0.4197782
220	2	1.120904	0.1941041	0.4197782
220	3	1.120904	0.1941041	0.4197782
220	4	1.120904	0.1941041	0.4197782
221	1	1.120904	0.1941041	0.4197782
221	2	1.120904	0.1941041	0.4197782
221	3	1.120904	0.1941041	0.4197782
221	4	1.120904	0.1941041	0.4197782
222	1	1.120904	0.1941041	0.4197782
222	2	1.120904	0.1941041	0.4197782
222	3	1.120904	0.1941041	0.4197782
222	4	1.120904	0.1941041	0.4197782
223	1	1.120904	0.1941041	0.4197782
223	2	1.120904	0.1941041	0.4197782
223	3	1.120904	0.1941041	0.4197782
223	4	1.120904	0.1941041	0.4197782
224	1	1.120904	0.1941041	0.4197782
224	2	1.120904	0.1941041	0.4197782
224	3	1.120904	0.1941041	0.4197782
224	4	1.120904	0.1941041	0.4197782
225	1	1.120904	0.1941041	0.4197782
225	2	1.120904	0.1941041	0.4197782
225	3	1.120904	0.1941041	0.4197782
225	4	1.120904	0.1941041	0.4197782
226	1	1.120904	0.1941041	0.4197782
226	2	1.120904	0.1941041	0.4197782
226	3	1.120904	0.1941041	0.4197782
226	4	1.120904	0.1941041	0.4197782
227	1	1.120904	0.1941041	0.4197782
227	2	1.120904	0.1941041	0.4197782
227	3	1.120904	0.1941041	0.4197782
227	4	1.120904	0.1941041	0.4197782
228	1	1.120904	0.1941041	0.4197782
228	2	1.120904	0.1941041	0.4197782
228	3	1.120904	0.1941041	0.4197782
228	4	1.120904	0.1941041	0.4197782
229	1	1.120904	0.1941041	0.4197782
229	2	1.120904	0.1941041	0.4197782
229	3	1.120904	0.1941041	0.4197782
229	4	1.120904	0.1941041	0.4197782
230	1	1.120904	0.1941041	0.4197782
230	2	1.120904	0.1941041	0.4197782
230	3	1.120904	0.1941041	0.4197782
230	4	1.120904	0.1941041	0.4197782
231	1	1.120904	0.1941041	0.4197782
231	2	1.120904	0.1941041	0.4197782
231	3	1.120904	0.1941041	0.4197782
231	4	1.120904	0.1941041	0.4197782
232	1	1.120904	0.1941041	0.4197782
232	2	1.120904	0.1941041	0.4197782
232	3	1.120904	0.1941041	0.4197782
232	4	1.120904	0.1941041	0.4197782
233	1	1.120904	0.1941041	0.4197782
233	2	1.120904	0.1941041	0.4197782
233	3	1.120904	0.1941041	0.4197782
233	4	1.120904	0.1941041	0.4197782
234	1	1.120904	0.1941041	0.4197782
234	2	1.120904	0.1941041	0.4197782
234	3	1.120904	0.1941041	0.4197782
234	4	1.120904	0.1941041	0.4197782
235	1	1.120904	0.1941041	0.4197782
235	2	1.120904	0.1941041	0.4197782
235	3	1.120904	0.1941041	0.4197782
235	4	1.120904	0.1941041	0.4197782
236	1	1.120904	0.1941041	0.4197782
236	2	1.120904	0.1941041	0.4197782
236	3	1.120904	0.1941041	0.4197782
236	4	1.120904	0.1941041	0.4197782
237	1	1.120904	0.1941041	0.4197782
237	2	1.120904	0.1941041	0.4197782
237	3	1.120904	0.1941041	0.4197782
237	4	1.120904	0.1941041	0.4197782
238	1	1.120904	0.1941041	0.4197782
238	2	1.120904	0.1941041	0.4197782
238	3	1.120904	0.1941041	0.4197782
238	4	1.120904	0.1941041	0.4197782
239	1	1.120904	0.1941041	0.4197782
239	2	1.120904	0.1941041	0.4197782
239	3	1.120904	0.1941041	0.4197782
239	4	1.120904	0.1941041	0.4197782
240	1	1.120904	0.1941041	0.4197782
240	2	1.120904	0.1941041	0.4197782
240	3	1.120904	0.1941041	0.4197782
240	4	1.120904	0.1941041	0.4197782
241	1	1.120904	0.1941041	0.4197782
241	2	1.120904	0.1941041	0.4197782
241	3	1.120904	0.1941041	0.4197782
241	4	1.120904	0.1941041	0.4197782
242	1	1.120904	0.1941041	0.4197782
242	2	1.120904	0.1941041	0.4197782
242	3	1.120904	0.1941041	0.4197782
242	4	1.120904	0.1941041	0.4197782
243	1	1.120904	0.1941041	0.4197782
243	2	1.120904	0.1941041	0.4197782
243	3	1.120904	0.1941041	0.4197782
243	4	1.120904	0.1941041	0.4197782
244	1	1.120904	0.1941041	0.4197782
244	2	1.120904	0.1941041	0.4197782
244	3	1.120904	0.1941041	0.4197782
244	4	1.120904	0.1941041	0.4197782
245	1	1.120904	0.1941041	0.4197782
245	2	1.120904	0.1941041	0.4197782
245	3	1.120904	0.1941041	0.4197782
245	4	1.120904	0.1941041	0.4197782
246	1	1.120904	0.1941041	0.4197782
246	2	1.120904	0.1941041	0.4197782
246	3	1.120904	0.1941041	0.4197782
246	4	1.120904	0.1941041	0.4197782
247	1	1.120904	0.1941041	0.4197782
247	2	1.120904	0.1941041	0.4197782
247	3	1.120904	0.1941041	0.4197782
247	4	1.120904	0.1941041	0.4197782
248	1	1.120904	0.1941041	0.4197782
248	2	1.120904	0.1941041	0.4197782
248	3	1.120904	0.1941041	0.4197782
248	4	1.120904	0.1941041	0.4197782
