1	1	1.120904	0.1941041	0.4197782
1	2	1.120904	0.1941041	0.4197782
1	3	1.120904	0.1941041	0.4197782
1	4	1.120904	0.1941041	0.4197782
1	5	1.120904	0.1941041	0.4197782
1	6	1.120904	0.1941041	0.4197782
1	7	1.120904	0.1941041	0.4197782
1	8	1.120904	0.1941041	0.4197782
1	9	1.120904	0.1941041	0.4197782
1	10	1.120904	0.1941041	0.4197782
1	11	1.120904	0.1941041	0.4197782
1	12	1.120904	0.1941041	0.4197782
2	1	1.120904	0.1941041	0.4197782
2	5	1.120904	0.1941041	0.4197782
2	9	1.120904	0.1941041	0.4197782
3	1	1.120904	0.1941041	0.4197782
3	5	1.120904	0.1941041	0.4197782
3	9	1.120904	0.1941041	0.4197782
4	1	1.120904	0.1941041	0.4197782
4	5	1.120904	0.1941041	0.4197782
4	9	1.120904	0.1941041	0.4197782
5	1	1.120904	0.1941041	0.4197782
5	5	1.120904	0.1941041	0.4197782
5	9	1.120904	0.1941041	0.4197782
6	1	1.120904	0.1941041	0.4197782
6	5	1.120904	0.1941041	0.4197782
6	9	1.120904	0.1941041	0.4197782
7	1	1.120904	0.1941041	0.4197782
7	5	1.120904	0.1941041	0.4197782
7	9	1.120904	0.1941041	0.4197782
8	1	1.120904	0.1941041	0.4197782
8	5	1.120904	0.1941041	0.4197782
8	9	1.120904	0.1941041	0.4197782
9	1	1.120904	0.1941041	0.4197782
9	5	1.120904	0.1941041	0.4197782
9	9	1.120904	0.1941041	0.4197782
10	1	1.120904	0.1941041	0.4197782
10	5	1.120904	0.1941041	0.4197782
10	9	1.120904	0.1941041	0.4197782
11	1	1.120904	0.1941041	0.4197782
11	5	1.120904	0.1941041	0.4197782
11	9	1.120904	0.1941041	0.4197782
12	1	1.120904	0.1941041	0.4197782
12	5	1.120904	0.1941041	0.4197782
12	9	1.120904	0.1941041	0.4197782
13	1	1.120904	0.1941041	0.4197782
13	5	1.120904	0.1941041	0.4197782
13	9	1.120904	0.1941041	0.4197782
14	1	1.120904	0.1941041	0.4197782
14	5	1.120904	0.1941041	0.4197782
14	9	1.120904	0.1941041	0.4197782
15	1	1.120904	0.1941041	0.4197782
15	5	1.120904	0.1941041	0.4197782
15	9	1.120904	0.1941041	0.4197782
16	1	1.120904	0.1941041	0.4197782
16	5	1.120904	0.1941041	0.4197782
16	9	1.120904	0.1941041	0.4197782
17	1	1.120904	0.1941041	0.4197782
17	5	1.120904	0.1941041	0.4197782
17	9	1.120904	0.1941041	0.4197782
18	1	1.120904	0.1941041	0.4197782
18	5	1.120904	0.1941041	0.4197782
18	9	1.120904	0.1941041	0.4197782
19	1	1.120904	0.1941041	0.4197782
19	5	1.120904	0.1941041	0.4197782
19	9	1.120904	0.1941041	0.4197782
20	1	1.120904	0.1941041	0.4197782
20	5	1.120904	0.1941041	0.4197782
20	9	1.120904	0.1941041	0.4197782
21	1	1.120904	0.1941041	0.4197782
21	2	1.120904	0.1941041	0.4197782
21	3	1.120904	0.1941041	0.4197782
21	4	1.120904	0.1941041	0.4197782
21	5	1.120904	0.1941041	0.4197782
21	6	1.120904	0.1941041	0.4197782
21	7	1.120904	0.1941041	0.4197782
21	8	1.120904	0.1941041	0.4197782
21	9	1.120904	0.1941041	0.4197782
21	10	1.120904	0.1941041	0.4197782
21	11	1.120904	0.1941041	0.4197782
21	12	1.120904	0.1941041	0.4197782
22	1	1.120904	0.1941041	0.4197782
22	2	1.120904	0.1941041	0.4197782
22	3	1.120904	0.1941041	0.4197782
22	4	1.120904	0.1941041	0.4197782
22	5	1.120904	0.1941041	0.4197782
22	6	1.120904	0.1941041	0.4197782
22	7	1.120904	0.1941041	0.4197782
22	8	1.120904	0.1941041	0.4197782
22	9	1.120904	0.1941041	0.4197782
22	10	1.120904	0.1941041	0.4197782
22	11	1.120904	0.1941041	0.4197782
22	12	1.120904	0.1941041	0.4197782
23	1	1.120904	0.1941041	0.4197782
23	2	1.120904	0.1941041	0.4197782
23	3	1.120904	0.1941041	0.4197782
23	4	1.120904	0.1941041	0.4197782
23	5	1.120904	0.1941041	0.4197782
23	6	1.120904	0.1941041	0.4197782
23	7	1.120904	0.1941041	0.4197782
23	8	1.120904	0.1941041	0.4197782
23	9	1.120904	0.1941041	0.4197782
23	10	1.120904	0.1941041	0.4197782
23	11	1.120904	0.1941041	0.4197782
23	12	1.120904	0.1941041	0.4197782
24	1	1.120904	0.1941041	0.4197782
24	2	1.120904	0.1941041	0.4197782
24	3	1.120904	0.1941041	0.4197782
24	4	1.120904	0.1941041	0.4197782
24	5	1.120904	0.1941041	0.4197782
24	6	1.120904	0.1941041	0.4197782
24	7	1.120904	0.1941041	0.4197782
24	8	1.120904	0.1941041	0.4197782
24	9	1.120904	0.1941041	0.4197782
24	10	1.120904	0.1941041	0.4197782
24	11	1.120904	0.1941041	0.4197782
24	12	1.120904	0.1941041	0.4197782
25	1	0.2492950	0.4910758	0.04543402
25	2	0.4462274	0.3234855	1.125845
25	3	0.4462274	0.3234855	1.125845
25	5	0.2492950	0.4910758	0.04543402
25	6	0.4462274	0.3234855	1.125845
25	7	0.4462274	0.3234855	1.125845
25	9	0.2492950	0.4910758	0.04543402
25	10	0.4462274	0.3234855	1.125845
25	11	0.4462274	0.3234855	1.125845
26	1	-0.08708294	0.5722948	0.2318492
26	2	-0.2616238	0.5572893	0.8948944
26	3	-0.2616238	0.5572893	0.8948944
26	4	1.372428	0.1246332	0.3669990
26	5	-0.08708294	0.5722948	0.2318492
26	6	-0.2616238	0.5572893	0.8948944
26	7	-0.2616238	0.5572893	0.8948944
26	8	1.372428	0.1246332	0.3669990
26	9	-0.08708294	0.5722948	0.2318492
26	10	-0.2616238	0.5572893	0.8948944
26	11	-0.2616238	0.5572893	0.8948944
26	12	1.372428	0.1246332	0.3669990
27	1	0.3200035	0.4740836	0.005451351
27	2	0.407575	0.3252427	1.222334
27	3	1.205678	0.1911340	0.1993947
27	4	-0.2372759	0.503258	1.358570
27	5	0.3200035	0.4740836	0.005451351
27	6	0.407575	0.3252427	1.222334
27	7	1.205678	0.1911340	0.1993947
27	8	-0.2372759	0.503258	1.358570
27	9	0.3200035	0.4740836	0.005451351
27	10	0.407575	0.3252427	1.222334
27	11	1.205678	0.1911340	0.1993947
27	12	-0.2372759	0.503258	1.358570
28	1	0.3200035	0.4740836	0.005451351
28	2	0.407575	0.3252427	1.222334
28	3	1.205678	0.1911340	0.1993947
28	4	-0.2372759	0.503258	1.358570
28	5	0.3200035	0.4740836	0.005451351
28	6	0.407575	0.3252427	1.222334
28	7	1.205678	0.1911340	0.1993947
28	8	-0.2372759	0.503258	1.358570
28	9	0.3200035	0.4740836	0.005451351
28	10	0.407575	0.3252427	1.222334
28	11	1.205678	0.1911340	0.1993947
28	12	-0.2372759	0.503258	1.358570
29	1	0.3365957	0.469358	0.003385049
29	2	0.3344614	0.3429202	1.262614
29	3	1.197475	0.1920845	0.2141485
29	4	-0.1756067	0.4823853	1.383678
29	5	0.3365957	0.469358	0.003385049
29	6	0.3344614	0.3429202	1.262614
29	7	1.197475	0.1920845	0.2141485
29	8	-0.1756067	0.4823853	1.383678
29	9	0.3365957	0.469358	0.003385049
29	10	0.3344614	0.3429202	1.262614
29	11	1.197475	0.1920845	0.2141485
29	12	-0.1756067	0.4823853	1.383678
30	1	0.3365957	0.469358	0.003385049
30	2	0.3344614	0.3429202	1.262614
30	3	1.197475	0.1920845	0.2141485
30	4	-0.1756067	0.4823853	1.383678
30	5	0.3365957	0.469358	0.003385049
30	6	0.3344614	0.3429202	1.262614
30	7	1.197475	0.1920845	0.2141485
30	8	-0.1756067	0.4823853	1.383678
30	9	0.3365957	0.469358	0.003385049
30	10	0.3344614	0.3429202	1.262614
30	11	1.197475	0.1920845	0.2141485
30	12	-0.1756067	0.4823853	1.383678
31	1	0.3365957	0.469358	0.003385049
31	2	0.3344614	0.3429202	1.262614
31	3	1.197475	0.1920845	0.2141485
31	4	-0.1756067	0.4823853	1.383678
31	5	0.3365957	0.469358	0.003385049
31	6	0.3344614	0.3429202	1.262614
31	7	1.197475	0.1920845	0.2141485
31	8	-0.1756067	0.4823853	1.383678
31	9	0.3365957	0.469358	0.003385049
31	10	0.3344614	0.3429202	1.262614
31	11	1.197475	0.1920845	0.2141485
31	12	-0.1756067	0.4823853	1.383678
32	1	0.3365957	0.469358	0.003385049
32	2	0.3344614	0.3429202	1.262614
32	3	1.197475	0.1920845	0.2141485
32	4	-0.1756067	0.4823853	1.383678
32	5	0.3365957	0.469358	0.003385049
32	6	0.3344614	0.3429202	1.262614
32	7	1.197475	0.1920845	0.2141485
32	8	-0.1756067	0.4823853	1.383678
32	9	0.3365957	0.469358	0.003385049
32	10	0.3344614	0.3429202	1.262614
32	11	1.197475	0.1920845	0.2141485
32	12	-0.1756067	0.4823853	1.383678
33	1	0.3365957	0.469358	0.003385049
33	2	0.3344614	0.3429202	1.262614
33	3	1.197475	0.1920845	0.2141485
33	4	-0.1756067	0.4823853	1.383678
33	5	0.3365957	0.469358	0.003385049
33	6	0.3344614	0.3429202	1.262614
33	7	1.197475	0.1920845	0.2141485
33	8	-0.1756067	0.4823853	1.383678
33	9	0.3365957	0.469358	0.003385049
33	10	0.3344614	0.3429202	1.262614
33	11	1.197475	0.1920845	0.2141485
33	12	-0.1756067	0.4823853	1.383678
34	1	0.3214014	0.4744407	-0.00220725
34	2	0.4829566	0.3061412	1.189483
34	4	0.07140415	0.4077087	1.395783
34	5	0.3214014	0.4744407	-0.00220725
34	6	0.4829566	0.3061412	1.189483
34	8	0.07140415	0.4077087	1.395783
34	9	0.3214014	0.4744407	-0.00220725
34	10	0.4829566	0.3061412	1.189483
34	12	0.07140415	0.4077087	1.395783
35	1	1.244606	0.1925282	0.07086226
35	2	-0.2441872	0.5080083	1.331862
35	3	-0.00320249	0.5546865	0.1591555
35	4	-0.2441872	0.5080083	1.331862
35	5	1.244606	0.1925282	0.07086226
35	6	-0.2441872	0.5080083	1.331862
35	7	-0.00320249	0.5546865	0.1591555
35	8	-0.2441872	0.5080083	1.331862
35	9	1.244606	0.1925282	0.07086226
35	10	-0.2441872	0.5080083	1.331862
35	11	-0.00320249	0.5546865	0.1591555
35	12	-0.2441872	0.5080083	1.331862
36	1	0.2451117	0.4962199	0.006786108
36	2	-0.2978213	0.52215	1.349777
36	3	1.122036	0.1824263	0.5321634
36	4	0.9780034	0.1999047	0.7834049
36	5	0.2451117	0.4962199	0.006786108
36	6	-0.2978213	0.52215	1.349777
36	7	1.122036	0.1824263	0.5321634
36	8	0.9780034	0.1999047	0.7834049
36	9	0.2451117	0.4962199	0.006786108
36	10	-0.2978213	0.52215	1.349777
36	11	1.122036	0.1824263	0.5321634
36	12	0.9780034	0.1999047	0.7834049
37	1	1.120904	0.1941041	0.4197782
37	5	1.120904	0.1941041	0.4197782
38	1	1.120904	0.1941041	0.4197782
38	5	1.120904	0.1941041	0.4197782
39	1	1.120904	0.1941041	0.4197782
39	5	1.120904	0.1941041	0.4197782
40	1	1.120904	0.1941041	0.4197782
40	5	1.120904	0.1941041	0.4197782
41	1	0.02156836	0.5557575	0.07554676
41	2	0.8651997	0.2197779	0.9188873
41	3	1.193448	0.1748603	0.3966998
41	4	-0.2874406	0.5294516	1.246831
41	5	0.02156836	0.5557575	0.07554676
41	6	0.8651997	0.2197779	0.9188873
41	7	1.193448	0.1748603	0.3966998
41	8	-0.2874406	0.5294516	1.246831
41	9	0.6702765	0.3715554	-0.01074668
41	10	0.8651997	0.2197779	0.9188873
41	11	1.193448	0.1748603	0.3966998
41	12	-0.2874406	0.5294516	1.246831
42	1	0.02156836	0.5557575	0.07554676
42	2	0.8651997	0.2197779	0.9188873
42	3	1.193448	0.1748603	0.3966998
42	4	-0.2874406	0.5294516	1.246831
42	5	0.02156836	0.5557575	0.07554676
42	6	0.8651997	0.2197779	0.9188873
42	7	1.193448	0.1748603	0.3966998
42	8	-0.2874406	0.5294516	1.246831
42	9	0.6702765	0.3715554	-0.01074668
42	10	0.8651997	0.2197779	0.9188873
42	11	1.193448	0.1748603	0.3966998
42	12	-0.2874406	0.5294516	1.246831
43	1	-0.1455093	0.579066	0.3369245
43	2	1.268299	0.1784903	0.1401508
43	3	-0.2498613	0.5608387	0.8250591
43	4	0.1816700	0.3837236	1.308526
43	5	-0.1455093	0.579066	0.3369245
43	6	1.268299	0.1784903	0.1401508
43	7	-0.2498613	0.5608387	0.8250591
43	8	0.1816700	0.3837236	1.308526
43	9	-0.1455093	0.579066	0.3369245
43	10	1.268299	0.1784903	0.1401508
43	11	-0.2498613	0.5608387	0.8250591
43	12	0.1816700	0.3837236	1.308526
44	1	0.2809277	0.4808771	0.05328153
44	3	0.411863	0.3343890	1.119063
44	4	0.411863	0.3343890	1.119063
44	5	0.2809277	0.4808771	0.05328153
44	7	0.411863	0.3343890	1.119063
44	8	0.4118630	0.3343890	1.119063
44	9	0.2809277	0.4808771	0.05328153
44	11	0.4118630	0.3343890	1.119063
44	12	0.4118630	0.3343890	1.119063
45	1	0.2809277	0.4808771	0.05328153
45	3	0.411863	0.3343890	1.119063
45	4	0.411863	0.3343890	1.119063
45	5	0.2809277	0.4808771	0.05328153
45	7	0.411863	0.3343890	1.119063
45	8	0.4118630	0.3343890	1.119063
45	9	0.2809277	0.4808771	0.05328153
45	11	0.4118630	0.3343890	1.119063
45	12	0.4118630	0.3343890	1.119063
46	1	0.2809277	0.4808771	0.05328153
46	3	0.411863	0.3343890	1.119063
46	4	0.411863	0.3343890	1.119063
46	5	0.2809277	0.4808771	0.05328153
46	7	0.411863	0.3343890	1.119063
46	8	0.4118630	0.3343890	1.119063
46	9	0.2809277	0.4808771	0.05328153
46	11	0.4118630	0.3343890	1.119063
46	12	0.4118630	0.3343890	1.119063
47	1	1.120904	0.1941041	0.4197782
47	2	1.120904	0.1941041	0.4197782
47	3	1.120904	0.1941041	0.4197782
47	4	1.120904	0.1941041	0.4197782
47	5	1.120904	0.1941041	0.4197782
47	6	1.120904	0.1941041	0.4197782
47	7	1.120904	0.1941041	0.4197782
47	8	1.120904	0.1941041	0.4197782
47	9	1.120904	0.1941041	0.4197782
47	10	1.120904	0.1941041	0.4197782
47	11	1.120904	0.1941041	0.4197782
47	12	1.120904	0.1941041	0.4197782
48	1	1.120904	0.1941041	0.4197782
48	2	1.120904	0.1941041	0.4197782
48	3	1.120904	0.1941041	0.4197782
48	4	1.120904	0.1941041	0.4197782
48	5	1.120904	0.1941041	0.4197782
48	6	1.120904	0.1941041	0.4197782
48	7	1.120904	0.1941041	0.4197782
48	8	1.120904	0.1941041	0.4197782
48	9	1.120904	0.1941041	0.4197782
48	10	1.120904	0.1941041	0.4197782
48	11	1.120904	0.1941041	0.4197782
48	12	1.120904	0.1941041	0.4197782
49	1	1.120904	0.1941041	0.4197782
49	2	1.120904	0.1941041	0.4197782
49	3	1.120904	0.1941041	0.4197782
49	4	1.120904	0.1941041	0.4197782
49	5	1.120904	0.1941041	0.4197782
49	6	1.120904	0.1941041	0.4197782
49	7	1.120904	0.1941041	0.4197782
49	8	1.120904	0.1941041	0.4197782
49	9	1.120904	0.1941041	0.4197782
49	10	1.120904	0.1941041	0.4197782
49	11	1.120904	0.1941041	0.4197782
49	12	1.120904	0.1941041	0.4197782
50	1	1.120904	0.1941041	0.4197782
50	2	1.120904	0.1941041	0.4197782
50	3	1.120904	0.1941041	0.4197782
50	4	1.120904	0.1941041	0.4197782
50	5	1.120904	0.1941041	0.4197782
50	6	1.120904	0.1941041	0.4197782
50	7	1.120904	0.1941041	0.4197782
50	8	1.120904	0.1941041	0.4197782
50	9	1.120904	0.1941041	0.4197782
50	10	1.120904	0.1941041	0.4197782
50	11	1.120904	0.1941041	0.4197782
50	12	1.120904	0.1941041	0.4197782
51	1	1.120904	0.1941041	0.4197782
51	2	1.120904	0.1941041	0.4197782
51	3	1.120904	0.1941041	0.4197782
51	4	1.120904	0.1941041	0.4197782
51	5	1.120904	0.1941041	0.4197782
51	6	1.120904	0.1941041	0.4197782
51	7	1.120904	0.1941041	0.4197782
51	8	1.120904	0.1941041	0.4197782
51	9	1.120904	0.1941041	0.4197782
51	10	1.120904	0.1941041	0.4197782
51	11	1.120904	0.1941041	0.4197782
51	12	1.120904	0.1941041	0.4197782
52	1	1.120904	0.1941041	0.4197782
52	2	1.120904	0.1941041	0.4197782
52	3	1.120904	0.1941041	0.4197782
52	4	1.120904	0.1941041	0.4197782
52	5	1.120904	0.1941041	0.4197782
52	6	1.120904	0.1941041	0.4197782
52	7	1.120904	0.1941041	0.4197782
52	8	1.120904	0.1941041	0.4197782
52	9	1.120904	0.1941041	0.4197782
52	10	1.120904	0.1941041	0.4197782
52	11	1.120904	0.1941041	0.4197782
52	12	1.120904	0.1941041	0.4197782
53	1	1.120904	0.1941041	0.4197782
53	2	1.120904	0.1941041	0.4197782
53	3	1.120904	0.1941041	0.4197782
53	4	1.120904	0.1941041	0.4197782
53	5	1.120904	0.1941041	0.4197782
53	6	1.120904	0.1941041	0.4197782
53	7	1.120904	0.1941041	0.4197782
53	8	1.120904	0.1941041	0.4197782
53	9	1.120904	0.1941041	0.4197782
53	10	1.120904	0.1941041	0.4197782
53	11	1.120904	0.1941041	0.4197782
53	12	1.120904	0.1941041	0.4197782
54	1	1.120904	0.1941041	0.4197782
54	2	1.120904	0.1941041	0.4197782
54	3	1.120904	0.1941041	0.4197782
54	4	1.120904	0.1941041	0.4197782
54	5	1.120904	0.1941041	0.4197782
54	6	1.120904	0.1941041	0.4197782
54	7	1.120904	0.1941041	0.4197782
54	8	1.120904	0.1941041	0.4197782
54	9	1.120904	0.1941041	0.4197782
54	10	1.120904	0.1941041	0.4197782
54	11	1.120904	0.1941041	0.4197782
54	12	1.120904	0.1941041	0.4197782
55	1	1.120904	0.1941041	0.4197782
55	2	1.120904	0.1941041	0.4197782
55	3	1.120904	0.1941041	0.4197782
55	4	1.120904	0.1941041	0.4197782
55	5	1.120904	0.1941041	0.4197782
55	6	1.120904	0.1941041	0.4197782
55	7	1.120904	0.1941041	0.4197782
55	8	1.120904	0.1941041	0.4197782
55	9	1.120904	0.1941041	0.4197782
55	10	1.120904	0.1941041	0.4197782
55	11	1.120904	0.1941041	0.4197782
55	12	1.120904	0.1941041	0.4197782
56	1	1.120904	0.1941041	0.4197782
56	2	1.120904	0.1941041	0.4197782
56	3	1.120904	0.1941041	0.4197782
56	4	1.120904	0.1941041	0.4197782
56	5	1.120904	0.1941041	0.4197782
56	6	1.120904	0.1941041	0.4197782
56	7	1.120904	0.1941041	0.4197782
56	8	1.120904	0.1941041	0.4197782
56	9	1.120904	0.1941041	0.4197782
56	10	1.120904	0.1941041	0.4197782
56	11	1.120904	0.1941041	0.4197782
56	12	1.120904	0.1941041	0.4197782
57	1	1.120904	0.1941041	0.4197782
57	2	1.120904	0.1941041	0.4197782
57	3	1.120904	0.1941041	0.4197782
57	4	1.120904	0.1941041	0.4197782
57	5	1.120904	0.1941041	0.4197782
57	6	1.120904	0.1941041	0.4197782
57	7	1.120904	0.1941041	0.4197782
57	8	1.120904	0.1941041	0.4197782
57	9	1.120904	0.1941041	0.4197782
57	10	1.120904	0.1941041	0.4197782
57	11	1.120904	0.1941041	0.4197782
57	12	1.120904	0.1941041	0.4197782
58	1	1.120904	0.1941041	0.4197782
58	2	1.120904	0.1941041	0.4197782
58	3	1.120904	0.1941041	0.4197782
58	4	1.120904	0.1941041	0.4197782
58	5	1.120904	0.1941041	0.4197782
58	6	1.120904	0.1941041	0.4197782
58	7	1.120904	0.1941041	0.4197782
58	8	1.120904	0.1941041	0.4197782
58	9	1.120904	0.1941041	0.4197782
58	10	1.120904	0.1941041	0.4197782
58	11	1.120904	0.1941041	0.4197782
58	12	1.120904	0.1941041	0.4197782
59	1	1.120904	0.1941041	0.4197782
59	5	1.120904	0.1941041	0.4197782
59	9	1.120904	0.1941041	0.4197782
60	1	1.120904	0.1941041	0.4197782
60	5	1.120904	0.1941041	0.4197782
60	9	1.120904	0.1941041	0.4197782
61	1	0.1841326	0.5118565	0.03153099
61	2	0.5164638	0.3049148	1.102896
61	3	0.5164638	0.3049148	1.102896
61	4	0.5164638	0.3049148	1.102896
61	5	0.1841326	0.5118565	0.03153099
61	6	0.5164638	0.3049148	1.102896
61	7	0.5164638	0.3049148	1.102896
61	8	0.5164638	0.3049148	1.102896
61	9	0.1841326	0.5118565	0.03153099
61	10	0.5164638	0.3049148	1.102896
61	11	0.5164637	0.3049148	1.102896
61	12	0.5164638	0.3049148	1.102896
62	1	0.1841326	0.5118565	0.03153099
62	2	0.5164638	0.3049148	1.102896
62	3	0.5164638	0.3049148	1.102896
62	4	0.5164638	0.3049148	1.102896
62	5	0.1841326	0.5118565	0.03153099
62	6	0.5164638	0.3049148	1.102896
62	7	0.5164638	0.3049148	1.102896
62	8	0.5164638	0.3049148	1.102896
62	9	0.1841326	0.5118565	0.03153099
62	10	0.5164638	0.3049148	1.102896
62	11	0.5164637	0.3049148	1.102896
62	12	0.5164638	0.3049148	1.102896
63	1	0.1841326	0.5118565	0.03153099
63	2	0.5164638	0.3049148	1.102896
63	3	0.5164638	0.3049148	1.102896
63	4	0.5164638	0.3049148	1.102896
63	5	0.1841326	0.5118565	0.03153099
63	6	0.5164638	0.3049148	1.102896
63	7	0.5164638	0.3049148	1.102896
63	8	0.5164638	0.3049148	1.102896
63	9	0.1841326	0.5118565	0.03153099
63	10	0.5164638	0.3049148	1.102896
63	11	0.5164637	0.3049148	1.102896
63	12	0.5164638	0.3049148	1.102896
64	1	1.120904	0.1941041	0.4197782
64	2	1.120904	0.1941041	0.4197782
64	3	1.120904	0.1941041	0.4197782
64	4	1.120904	0.1941041	0.4197782
64	5	1.120904	0.1941041	0.4197782
64	6	1.120904	0.1941041	0.4197782
64	7	1.120904	0.1941041	0.4197782
64	8	1.120904	0.1941041	0.4197782
64	9	1.120904	0.1941041	0.4197782
64	10	1.120904	0.1941041	0.4197782
64	11	1.120904	0.1941041	0.4197782
64	12	1.120904	0.1941041	0.4197782
65	1	1.120904	0.1941041	0.4197782
65	2	1.120904	0.1941041	0.4197782
65	3	1.120904	0.1941041	0.4197782
65	4	1.120904	0.1941041	0.4197782
65	5	1.120904	0.1941041	0.4197782
65	6	1.120904	0.1941041	0.4197782
65	7	1.120904	0.1941041	0.4197782
65	8	1.120904	0.1941041	0.4197782
65	9	1.120904	0.1941041	0.4197782
65	10	1.120904	0.1941041	0.4197782
65	11	1.120904	0.1941041	0.4197782
65	12	1.120904	0.1941041	0.4197782
66	1	1.120904	0.1941041	0.4197782
66	2	1.120904	0.1941041	0.4197782
66	3	1.120904	0.1941041	0.4197782
66	4	1.120904	0.1941041	0.4197782
66	5	1.120904	0.1941041	0.4197782
66	6	1.120904	0.1941041	0.4197782
66	7	1.120904	0.1941041	0.4197782
66	8	1.120904	0.1941041	0.4197782
66	9	1.120904	0.1941041	0.4197782
66	10	1.120904	0.1941041	0.4197782
66	11	1.120904	0.1941041	0.4197782
66	12	1.120904	0.1941041	0.4197782
67	1	1.120904	0.1941041	0.4197782
67	2	1.120904	0.1941041	0.4197782
67	3	1.120904	0.1941041	0.4197782
67	4	1.120904	0.1941041	0.4197782
67	5	1.120904	0.1941041	0.4197782
67	6	1.120904	0.1941041	0.4197782
67	7	1.120904	0.1941041	0.4197782
67	8	1.120904	0.1941041	0.4197782
67	9	1.120904	0.1941041	0.4197782
67	10	1.120904	0.1941041	0.4197782
67	11	1.120904	0.1941041	0.4197782
67	12	1.120904	0.1941041	0.4197782
68	1	1.120904	0.1941041	0.4197782
68	2	1.120904	0.1941041	0.4197782
68	3	1.120904	0.1941041	0.4197782
68	4	1.120904	0.1941041	0.4197782
68	5	1.120904	0.1941041	0.4197782
68	6	1.120904	0.1941041	0.4197782
68	7	1.120904	0.1941041	0.4197782
68	8	1.120904	0.1941041	0.4197782
68	9	1.120904	0.1941041	0.4197782
68	10	1.120904	0.1941041	0.4197782
68	11	1.120904	0.1941041	0.4197782
68	12	1.120904	0.1941041	0.4197782
69	1	1.120904	0.1941041	0.4197782
69	2	1.120904	0.1941041	0.4197782
69	3	1.120904	0.1941041	0.4197782
69	4	1.120904	0.1941041	0.4197782
69	5	1.120904	0.1941041	0.4197782
69	6	1.120904	0.1941041	0.4197782
69	7	1.120904	0.1941041	0.4197782
69	8	1.120904	0.1941041	0.4197782
69	9	1.120904	0.1941041	0.4197782
69	10	1.120904	0.1941041	0.4197782
69	11	1.120904	0.1941041	0.4197782
69	12	1.120904	0.1941041	0.4197782
70	1	1.120904	0.1941041	0.4197782
70	2	1.120904	0.1941041	0.4197782
70	3	1.120904	0.1941041	0.4197782
70	4	1.120904	0.1941041	0.4197782
70	5	1.120904	0.1941041	0.4197782
70	6	1.120904	0.1941041	0.4197782
70	7	1.120904	0.1941041	0.4197782
70	8	1.120904	0.1941041	0.4197782
70	9	1.120904	0.1941041	0.4197782
70	10	1.120904	0.1941041	0.4197782
70	11	1.120904	0.1941041	0.4197782
70	12	1.120904	0.1941041	0.4197782
71	1	1.120904	0.1941041	0.4197782
71	2	1.120904	0.1941041	0.4197782
71	3	1.120904	0.1941041	0.4197782
71	4	1.120904	0.1941041	0.4197782
71	5	1.120904	0.1941041	0.4197782
71	6	1.120904	0.1941041	0.4197782
71	7	1.120904	0.1941041	0.4197782
71	8	1.120904	0.1941041	0.4197782
71	9	1.120904	0.1941041	0.4197782
71	10	1.120904	0.1941041	0.4197782
71	11	1.120904	0.1941041	0.4197782
71	12	1.120904	0.1941041	0.4197782
72	1	1.295594	0.1418529	0.4227781
72	2	-0.1551759	0.575791	0.3978644
72	3	1.133992	0.1901895	0.4200030
72	4	-0.1551759	0.575791	0.3978644
72	5	1.295594	0.1418529	0.4227781
72	6	-0.1551759	0.575791	0.3978644
72	7	1.133992	0.1901895	0.4200030
72	8	-0.1551759	0.575791	0.3978644
72	9	1.295594	0.1418529	0.4227781
72	10	-0.1551759	0.575791	0.3978644
72	11	1.133992	0.1901895	0.4200030
72	12	-0.1551759	0.575791	0.3978644
73	1	1.295594	0.1418529	0.4227781
73	2	-0.1551759	0.575791	0.3978644
73	3	1.133992	0.1901895	0.4200030
73	4	-0.1551759	0.575791	0.3978644
73	5	1.295594	0.1418529	0.4227781
73	6	-0.1551759	0.575791	0.3978644
73	7	1.133992	0.1901895	0.4200030
73	8	-0.1551759	0.575791	0.3978644
73	9	1.295594	0.1418529	0.4227781
73	10	-0.1551759	0.575791	0.3978644
73	11	1.133992	0.1901895	0.4200030
73	12	-0.1551759	0.575791	0.3978644
74	1	1.295594	0.1418529	0.4227781
74	2	-0.1551759	0.575791	0.3978644
74	3	1.133992	0.1901895	0.4200030
74	4	-0.1551759	0.575791	0.3978644
74	5	1.295594	0.1418529	0.4227781
74	6	-0.1551759	0.575791	0.3978644
74	7	1.133992	0.1901895	0.4200030
74	8	-0.1551759	0.575791	0.3978644
74	9	1.295594	0.1418529	0.4227781
74	10	-0.1551759	0.575791	0.3978644
74	11	1.133992	0.1901895	0.4200030
74	12	-0.1551759	0.575791	0.3978644
75	2	1.120904	0.1941041	0.4197782
75	4	1.120904	0.1941041	0.4197782
75	6	1.120904	0.1941041	0.4197782
75	8	1.120904	0.1941041	0.4197782
75	10	1.120904	0.1941041	0.4197782
75	12	1.120904	0.1941041	0.4197782
76	2	1.120904	0.1941041	0.4197782
76	6	1.120904	0.1941041	0.4197782
76	10	1.120904	0.1941041	0.4197782
77	2	1.120904	0.1941041	0.4197782
77	6	1.120904	0.1941041	0.4197782
77	10	1.120904	0.1941041	0.4197782
78	2	1.120904	0.1941041	0.4197782
78	6	1.120904	0.1941041	0.4197782
78	10	1.120904	0.1941041	0.4197782
79	2	1.120904	0.1941041	0.4197782
79	6	1.120904	0.1941041	0.4197782
79	10	1.120904	0.1941041	0.4197782
80	1	1.120904	0.1941041	0.4197782
80	2	1.120904	0.1941041	0.4197782
80	3	1.120904	0.1941041	0.4197782
80	4	1.120904	0.1941041	0.4197782
80	5	1.120904	0.1941041	0.4197782
80	6	1.120904	0.1941041	0.4197782
80	7	1.120904	0.1941041	0.4197782
80	8	1.120904	0.1941041	0.4197782
80	9	1.120904	0.1941041	0.4197782
80	10	1.120904	0.1941041	0.4197782
80	11	1.120904	0.1941041	0.4197782
80	12	1.120904	0.1941041	0.4197782
81	3	1.120904	0.1941041	0.4197782
81	7	1.120904	0.1941041	0.4197782
81	11	1.120904	0.1941041	0.4197782
82	2	1.121294	0.2242317	0.1200798
82	3	-0.3330301	0.5702281	0.977101
82	4	1.121294	0.2242317	0.1200798
82	6	1.121294	0.2242317	0.1200798
82	7	-0.3330301	0.5702281	0.977101
82	8	1.121294	0.2242317	0.1200798
82	10	1.121294	0.2242317	0.1200798
82	11	-0.3330301	0.5702281	0.977101
82	12	1.121294	0.2242317	0.1200798
83	1	0.1290698	0.5285237	0.02862987
83	2	-0.007852405	0.4305806	1.402690
83	3	1.320133	0.1477519	0.2920086
83	4	-0.007852405	0.4305806	1.402690
83	5	0.1290698	0.5285237	0.02862987
83	6	-0.007852405	0.4305806	1.402690
83	7	1.320133	0.1477519	0.2920086
83	8	-0.007852405	0.4305806	1.402690
83	9	0.1290698	0.5285237	0.02862987
83	10	-0.007852405	0.4305806	1.402690
83	11	1.320133	0.1477519	0.2920086
83	12	-0.007852405	0.4305806	1.402690
84	1	0.3369128	0.468219	0.01373721
84	2	0.2769327	0.3603540	1.259382
84	4	0.2769326	0.3603541	1.259382
84	5	0.3369128	0.468219	0.01373721
84	6	0.2769326	0.3603541	1.259382
84	8	0.2769326	0.3603541	1.259382
84	9	0.3369128	0.468219	0.01373721
84	10	0.2769326	0.3603541	1.259382
84	12	0.2769326	0.3603541	1.259382
85	1	0.3493087	0.4626419	0.0324744
85	2	0.2889457	0.3623298	1.204403
85	4	0.2889457	0.3623298	1.204403
85	5	0.3493087	0.4626419	0.0324744
85	6	0.2889457	0.3623298	1.204403
85	8	0.2889457	0.3623298	1.204403
85	9	0.3493087	0.4626419	0.0324744
85	10	0.2889457	0.3623298	1.204403
85	12	0.2889457	0.3623298	1.204403
86	1	1.120904	0.1941041	0.4197782
86	2	1.120904	0.1941041	0.4197782
86	3	1.120904	0.1941041	0.4197782
86	4	1.120904	0.1941041	0.4197782
86	5	1.120904	0.1941041	0.4197782
86	6	1.120904	0.1941041	0.4197782
86	7	1.120904	0.1941041	0.4197782
86	8	1.120904	0.1941041	0.4197782
86	9	1.120904	0.1941041	0.4197782
86	10	1.120904	0.1941041	0.4197782
86	11	1.120904	0.1941041	0.4197782
86	12	1.120904	0.1941041	0.4197782
87	1	1.120904	0.1941041	0.4197782
87	2	1.120904	0.1941041	0.4197782
87	3	1.120904	0.1941041	0.4197782
87	4	1.120904	0.1941041	0.4197782
87	5	1.120904	0.1941041	0.4197782
87	6	1.120904	0.1941041	0.4197782
87	7	1.120904	0.1941041	0.4197782
87	8	1.120904	0.1941041	0.4197782
87	9	1.120904	0.1941041	0.4197782
87	10	1.120904	0.1941041	0.4197782
87	11	1.120904	0.1941041	0.4197782
87	12	1.120904	0.1941041	0.4197782
88	1	1.120904	0.1941041	0.4197782
88	2	1.120904	0.1941041	0.4197782
88	3	1.120904	0.1941041	0.4197782
88	4	1.120904	0.1941041	0.4197782
88	5	1.120904	0.1941041	0.4197782
88	6	1.120904	0.1941041	0.4197782
88	7	1.120904	0.1941041	0.4197782
88	8	1.120904	0.1941041	0.4197782
88	9	1.120904	0.1941041	0.4197782
88	10	1.120904	0.1941041	0.4197782
88	11	1.120904	0.1941041	0.4197782
88	12	1.120904	0.1941041	0.4197782
89	1	1.120904	0.1941041	0.4197782
89	2	1.120904	0.1941041	0.4197782
89	3	1.120904	0.1941041	0.4197782
89	5	1.120904	0.1941041	0.4197782
89	6	1.120904	0.1941041	0.4197782
89	7	1.120904	0.1941041	0.4197782
89	9	1.120904	0.1941041	0.4197782
89	10	1.120904	0.1941041	0.4197782
89	11	1.120904	0.1941041	0.4197782
90	1	0.4069575	0.3274802	1.201982
90	2	0.4069574	0.3274802	1.201982
90	3	0.4069575	0.3274802	1.201982
90	4	0.2302419	0.500999	0.003246463
90	5	0.4069575	0.3274802	1.201982
90	6	0.4069575	0.3274802	1.201982
90	7	0.4069575	0.3274802	1.201982
90	8	0.2302419	0.500999	0.003246464
90	9	0.4069575	0.3274802	1.201982
90	10	0.4069575	0.3274802	1.201982
90	11	0.4069575	0.3274802	1.201982
90	12	0.2302419	0.500999	0.003246464
91	1	1.120904	0.1941041	0.4197782
91	2	1.120904	0.1941041	0.4197782
91	3	1.120904	0.1941041	0.4197782
91	4	1.120904	0.1941041	0.4197782
91	5	1.120904	0.1941041	0.4197782
91	6	1.120904	0.1941041	0.4197782
91	7	1.120904	0.1941041	0.4197782
91	8	1.120904	0.1941041	0.4197782
91	9	1.120904	0.1941041	0.4197782
91	10	1.120904	0.1941041	0.4197782
91	11	1.120904	0.1941041	0.4197782
91	12	1.120904	0.1941041	0.4197782
