1	1	1.120904	0.1941041	0.4197782
1	2	1.120904	0.1941041	0.4197782
1	3	1.120904	0.1941041	0.4197782
1	4	1.120904	0.1941041	0.4197782
1	5	1.120904	0.1941041	0.4197782
1	6	1.120904	0.1941041	0.4197782
1	7	1.120904	0.1941041	0.4197782
2	1	1.120904	0.1941041	0.4197782
2	2	1.120904	0.1941041	0.4197782
2	3	1.120904	0.1941041	0.4197782
2	4	1.120904	0.1941041	0.4197782
2	5	1.120904	0.1941041	0.4197782
2	6	1.120904	0.1941041	0.4197782
2	7	1.120904	0.1941041	0.4197782
3	1	1.120904	0.1941041	0.4197782
3	2	1.120904	0.1941041	0.4197782
3	4	1.120904	0.1941041	0.4197782
4	1	0.2499775	0.4892876	0.06114355
4	2	0.4665442	0.3216214	1.084446
4	4	0.4665442	0.3216214	1.084446
5	1	1.145812	0.186654	0.4202059
5	4	-0.1214529	0.5657041	0.3984435
6	1	1.170929	0.1791413	0.4206373
6	4	-0.1341358	0.5694977	0.3982257
7	1	1.170929	0.1791413	0.4206373
7	4	-0.1341358	0.5694977	0.3982257
8	1	1.170929	0.1791413	0.4206373
8	4	-0.1341358	0.5694977	0.3982257
9	1	1.170929	0.1791413	0.4206373
9	4	-0.1341358	0.5694977	0.3982257
26	1	1.221521	0.1551731	0.5090636
26	2	0.3637369	0.4602789	0.0133736
26	4	1.039421	0.2531545	0.07473553
26	5	-0.4218013	0.5695962	1.244958
27	1	1.264911	0.1632250	0.3014073
27	2	0.8203305	0.3227214	0.03098789
27	4	0.8203305	0.3227214	0.03098789
27	5	-0.4351104	0.5735709	1.244791
28	1	1.264911	0.1632250	0.3014073
28	2	0.8203305	0.3227214	0.03098789
28	4	0.8203305	0.3227214	0.03098789
28	5	-0.4351104	0.5735709	1.244791
29	1	1.264911	0.1632250	0.3014073
29	2	0.8203305	0.3227214	0.03098789
29	4	0.8203305	0.3227214	0.03098789
29	5	-0.4351104	0.5735709	1.244791
30	1	1.264911	0.1632250	0.3014073
30	2	0.8203305	0.3227214	0.03098789
30	4	0.8203305	0.3227214	0.03098789
30	5	-0.4351104	0.5735709	1.244791
31	1	1.264911	0.1632250	0.3014073
31	2	0.8203305	0.3227214	0.03098789
31	4	0.8203305	0.3227214	0.03098789
31	5	-0.4351104	0.5735709	1.244791
32	1	1.264911	0.1632250	0.3014073
32	2	0.8203305	0.3227214	0.03098789
32	4	0.8203305	0.3227214	0.03098789
32	5	-0.4351104	0.5735709	1.244791
33	1	1.264911	0.1632250	0.3014073
33	2	0.8203305	0.3227214	0.03098789
33	4	0.8203305	0.3227214	0.03098789
33	5	-0.4351104	0.5735709	1.244791
34	1	1.264911	0.1632250	0.3014073
34	2	0.8203305	0.3227214	0.03098789
34	4	0.8203305	0.3227214	0.03098789
34	5	-0.4351104	0.5735709	1.244791
35	1	1.264911	0.1632250	0.3014073
35	2	0.8203305	0.3227214	0.03098789
35	4	0.8203305	0.3227214	0.03098789
35	5	-0.4351104	0.5735709	1.244791
36	1	1.264911	0.1632250	0.3014073
36	2	0.8203305	0.3227214	0.03098789
36	4	0.8203305	0.3227214	0.03098789
36	5	-0.4351104	0.5735709	1.244791
37	1	1.264911	0.1632250	0.3014073
37	2	0.8203305	0.3227214	0.03098789
37	4	0.8203305	0.3227214	0.03098789
37	5	-0.4351104	0.5735709	1.244791
38	1	1.264911	0.1632250	0.3014073
38	2	0.8203305	0.3227214	0.03098789
38	4	0.8203305	0.3227214	0.03098789
38	5	-0.4351104	0.5735709	1.244791
39	1	1.264911	0.1632250	0.3014073
39	2	0.8203305	0.3227214	0.03098789
39	4	0.8203305	0.3227214	0.03098789
39	5	-0.4351104	0.5735709	1.244791
40	1	1.264911	0.1632250	0.3014073
40	2	0.8203305	0.3227214	0.03098789
40	4	0.8203305	0.3227214	0.03098789
40	5	-0.4351104	0.5735709	1.244791
41	1	1.264911	0.1632250	0.3014073
41	2	0.8203305	0.3227214	0.03098789
41	4	0.8203305	0.3227214	0.03098789
41	5	-0.4351104	0.5735709	1.244791
81	3	1.170929	0.1791413	0.4206373
81	4	-0.1341358	0.5694977	0.3982257
82	3	1.170929	0.1791413	0.4206373
82	4	-0.1341358	0.5694977	0.3982257
83	3	1.170929	0.1791413	0.4206373
83	4	-0.1341358	0.5694977	0.3982257
84	3	1.170929	0.1791413	0.4206373
84	4	-0.1341358	0.5694977	0.3982257
85	1	0.2169080	0.4989489	0.06285555
85	3	-0.2159224	0.5114678	1.214289
85	4	1.204327	0.1759714	0.3536307
86	1	-0.2757656	0.5683117	0.827341
86	2	0.03724519	0.5442154	0.1437260
86	3	-0.2757656	0.5683117	0.827341
86	4	0.03724519	0.5442154	0.1437260
86	5	1.409336	0.1081069	0.422002
87	1	-0.2757656	0.5683117	0.827341
87	2	0.03724519	0.5442154	0.1437260
87	3	-0.2757656	0.5683117	0.827341
87	4	0.03724519	0.5442154	0.1437260
87	5	1.409336	0.1081069	0.422002
88	1	-0.2757656	0.5683117	0.827341
88	2	0.03724519	0.5442154	0.1437260
88	3	-0.2757656	0.5683117	0.827341
88	4	0.03724519	0.5442154	0.1437260
88	5	1.409336	0.1081069	0.422002
89	1	-0.2757656	0.5683117	0.827341
89	2	0.03724519	0.5442154	0.1437260
89	3	-0.2757656	0.5683117	0.827341
89	4	0.03724519	0.5442154	0.1437260
89	5	1.409336	0.1081069	0.422002
90	1	-0.2757656	0.5683117	0.827341
90	2	0.03724519	0.5442154	0.1437260
90	3	-0.2757656	0.5683117	0.827341
90	4	0.03724519	0.5442154	0.1437260
90	5	1.409336	0.1081069	0.422002
91	1	-0.2757656	0.5683117	0.827341
91	2	0.03724519	0.5442154	0.1437260
91	3	-0.2757656	0.5683117	0.827341
91	4	0.03724519	0.5442154	0.1437260
91	5	1.409336	0.1081069	0.422002
92	1	-0.2757656	0.5683117	0.827341
92	2	0.03724519	0.5442154	0.1437260
92	3	-0.2757656	0.5683117	0.827341
92	4	0.03724519	0.5442154	0.1437260
92	5	1.409336	0.1081069	0.422002
93	1	-0.2757656	0.5683117	0.827341
93	2	0.03724519	0.5442154	0.1437260
93	3	-0.2757656	0.5683117	0.827341
93	4	0.03724519	0.5442154	0.1437260
93	5	1.409336	0.1081069	0.422002
94	1	-0.2757656	0.5683117	0.827341
94	2	0.03724519	0.5442154	0.1437260
94	3	-0.2757656	0.5683117	0.827341
94	4	0.03724519	0.5442154	0.1437260
94	5	1.409336	0.1081069	0.422002
95	1	0.6341555	0.3798273	0.01372641
95	2	0.6333148	0.3801834	0.01267435
95	3	0.6341555	0.3798273	0.01372641
95	4	0.6333148	0.3801834	0.01267435
95	5	0.9305257	0.1928504	0.99322
95	6	-0.3809471	0.5645893	1.174183
95	7	-0.3809471	0.5645893	1.174183
96	1	0.6341555	0.3798273	0.01372641
96	2	0.6333148	0.3801834	0.01267435
96	3	0.6341555	0.3798273	0.01372641
96	4	0.6333148	0.3801834	0.01267435
96	5	0.9305257	0.1928504	0.99322
96	6	-0.3809471	0.5645893	1.174183
96	7	-0.3809471	0.5645893	1.174183
97	1	0.6341555	0.3798273	0.01372641
97	2	0.6333148	0.3801834	0.01267435
97	3	0.6341555	0.3798273	0.01372641
97	4	0.6333148	0.3801834	0.01267435
97	5	0.9305257	0.1928504	0.99322
97	6	-0.3809471	0.5645893	1.174183
97	7	-0.3809471	0.5645893	1.174183
98	1	0.870577	0.3069197	0.03950628
98	2	0.865197	0.3087388	0.0373339
98	3	0.870577	0.3069197	0.03950628
98	4	0.865197	0.3087388	0.0373339
98	5	-0.390693	0.6012196	0.8399133
98	7	0.3075684	0.3354508	1.415882
99	1	0.8675362	0.3079502	0.03825531
99	2	0.8675362	0.3079502	0.03825531
99	3	0.8675362	0.3079502	0.03825531
99	4	0.8675362	0.3079502	0.03825531
99	5	-0.3915441	0.6012281	0.8423378
99	7	0.3047845	0.3360427	1.418220
100	1	1.246418	0.1810376	0.1793887
100	2	0.8404885	0.2347972	0.842874
100	3	1.246418	0.1810376	0.1793887
100	4	0.8404885	0.2347972	0.842874
100	5	-0.4149606	0.564334	1.276946
100	7	0.06335051	0.5445384	0.06359656
101	1	1.117929	0.2278409	0.09422888
101	2	1.040902	0.2485082	0.1164146
101	3	1.117929	0.2278409	0.09422888
101	4	1.040902	0.2485082	0.1164146
101	5	-0.4160869	0.5797738	1.127264
102	1	1.117929	0.2278409	0.09422888
102	2	1.040902	0.2485082	0.1164146
102	3	1.117929	0.2278409	0.09422888
102	4	1.040902	0.2485082	0.1164146
102	5	-0.4160869	0.5797738	1.127264
103	2	1.120904	0.1941041	0.4197782
103	4	1.120904	0.1941041	0.4197782
104	1	1.120904	0.1941041	0.4197782
104	2	1.120904	0.1941041	0.4197782
104	3	1.120904	0.1941041	0.4197782
104	4	1.120904	0.1941041	0.4197782
105	1	1.120904	0.1941041	0.4197782
105	2	1.120904	0.1941041	0.4197782
105	3	1.120904	0.1941041	0.4197782
105	4	1.120904	0.1941041	0.4197782
106	1	1.120904	0.1941041	0.4197782
106	2	1.120904	0.1941041	0.4197782
106	3	1.120904	0.1941041	0.4197782
106	4	1.120904	0.1941041	0.4197782
107	1	1.120904	0.1941041	0.4197782
107	2	1.120904	0.1941041	0.4197782
107	3	1.120904	0.1941041	0.4197782
107	4	1.120904	0.1941041	0.4197782
108	1	0.7264375	0.3516362	0.02114506
108	2	0.7264375	0.3516362	0.02114506
108	3	0.7264375	0.3516362	0.02114506
108	4	0.7264375	0.3516362	0.02114506
108	5	1.137033	0.1662136	0.6486299
108	6	-0.3834456	0.5559448	1.267209
108	7	-0.3834456	0.5559448	1.267209
109	1	0.7264375	0.3516362	0.02114506
109	2	0.7264375	0.3516362	0.02114506
109	3	0.7264375	0.3516362	0.02114506
109	4	0.7264375	0.3516362	0.02114506
109	5	1.137033	0.1662136	0.6486299
109	6	-0.3834456	0.5559448	1.267209
109	7	-0.3834456	0.5559448	1.267209
110	1	0.7264375	0.3516362	0.02114506
110	2	0.7264375	0.3516362	0.02114506
110	3	0.7264375	0.3516362	0.02114506
110	4	0.7264375	0.3516362	0.02114506
110	5	1.137033	0.1662136	0.6486299
110	6	-0.3834456	0.5559448	1.267209
110	7	-0.3834456	0.5559448	1.267209
111	1	0.7264375	0.3516362	0.02114506
111	2	0.7264375	0.3516362	0.02114506
111	3	0.7264375	0.3516362	0.02114506
111	4	0.7264375	0.3516362	0.02114506
111	5	1.137033	0.1662136	0.6486299
111	6	-0.3834456	0.5559448	1.267209
111	7	-0.3834456	0.5559448	1.267209
112	1	0.7264375	0.3516362	0.02114506
112	2	0.7264375	0.3516362	0.02114506
112	3	0.7264375	0.3516362	0.02114506
112	4	0.7264375	0.3516362	0.02114506
112	5	1.137033	0.1662136	0.6486299
112	6	-0.3834456	0.5559448	1.267209
112	7	-0.3834456	0.5559448	1.267209
113	1	0.7264375	0.3516362	0.02114506
113	2	0.7264375	0.3516362	0.02114506
113	3	0.7264375	0.3516362	0.02114506
113	4	0.7264375	0.3516362	0.02114506
113	5	1.137033	0.1662136	0.6486299
113	6	-0.3834456	0.5559448	1.267209
113	7	-0.3834456	0.5559448	1.267209
114	1	0.7264375	0.3516362	0.02114506
114	2	0.7264375	0.3516362	0.02114506
114	3	0.7264375	0.3516362	0.02114506
114	4	0.7264375	0.3516362	0.02114506
114	5	1.137033	0.1662136	0.6486299
114	6	-0.3834456	0.5559448	1.267209
114	7	-0.3834456	0.5559448	1.267209
115	1	0.7264375	0.3516362	0.02114506
115	2	0.7264375	0.3516362	0.02114506
115	3	0.7264375	0.3516362	0.02114506
115	4	0.7264375	0.3516362	0.02114506
115	5	1.137033	0.1662136	0.6486299
115	6	-0.3834456	0.5559448	1.267209
115	7	-0.3834456	0.5559448	1.267209
116	1	0.7264375	0.3516362	0.02114506
116	2	0.7264375	0.3516362	0.02114506
116	3	0.7264375	0.3516362	0.02114506
116	4	0.7264375	0.3516362	0.02114506
116	5	1.137033	0.1662136	0.6486299
116	6	-0.3834456	0.5559448	1.267209
116	7	-0.3834456	0.5559448	1.267209
117	1	0.7264375	0.3516362	0.02114506
117	2	0.7264375	0.3516362	0.02114506
117	3	0.7264375	0.3516362	0.02114506
117	4	0.7264375	0.3516362	0.02114506
117	5	1.137033	0.1662136	0.6486299
117	6	-0.3834456	0.5559448	1.267209
117	7	-0.3834456	0.5559448	1.267209
118	1	0.7264375	0.3516362	0.02114506
118	2	0.7264375	0.3516362	0.02114506
118	3	0.7264375	0.3516362	0.02114506
118	4	0.7264375	0.3516362	0.02114506
118	5	1.137033	0.1662136	0.6486299
118	6	-0.3834456	0.5559448	1.267209
118	7	-0.3834456	0.5559448	1.267209
119	1	0.4690507	0.3136748	1.155808
119	2	0.4690507	0.3136748	1.155808
119	3	0.4690508	0.3136747	1.155808
119	4	0.4690507	0.3136747	1.155808
119	5	0.4690507	0.3136747	1.155808
119	6	0.2072979	0.5059634	0.02166454
119	7	0.2072979	0.5059634	0.02166454
120	1	1.120904	0.1941041	0.4197782
120	2	1.120904	0.1941041	0.4197782
120	3	1.120904	0.1941041	0.4197782
120	4	1.120904	0.1941041	0.4197782
120	5	1.120904	0.1941041	0.4197782
120	6	1.120904	0.1941041	0.4197782
120	7	1.120904	0.1941041	0.4197782
121	1	1.120904	0.1941041	0.4197782
121	2	1.120904	0.1941041	0.4197782
121	3	1.120904	0.1941041	0.4197782
121	4	1.120904	0.1941041	0.4197782
121	5	1.120904	0.1941041	0.4197782
121	6	1.120904	0.1941041	0.4197782
121	7	1.120904	0.1941041	0.4197782
122	1	1.120904	0.1941041	0.4197782
122	2	1.120904	0.1941041	0.4197782
122	3	1.120904	0.1941041	0.4197782
122	4	1.120904	0.1941041	0.4197782
122	5	1.120904	0.1941041	0.4197782
122	6	1.120904	0.1941041	0.4197782
122	7	1.120904	0.1941041	0.4197782
123	1	1.120904	0.1941041	0.4197782
123	2	1.120904	0.1941041	0.4197782
123	3	1.120904	0.1941041	0.4197782
123	4	1.120904	0.1941041	0.4197782
123	5	1.120904	0.1941041	0.4197782
123	6	1.120904	0.1941041	0.4197782
123	7	1.120904	0.1941041	0.4197782
124	1	1.120904	0.1941041	0.4197782
124	2	1.120904	0.1941041	0.4197782
124	3	1.120904	0.1941041	0.4197782
124	4	1.120904	0.1941041	0.4197782
124	5	1.120904	0.1941041	0.4197782
124	6	1.120904	0.1941041	0.4197782
124	7	1.120904	0.1941041	0.4197782
125	1	1.120904	0.1941041	0.4197782
125	2	1.120904	0.1941041	0.4197782
125	3	1.120904	0.1941041	0.4197782
125	4	1.120904	0.1941041	0.4197782
125	5	1.120904	0.1941041	0.4197782
125	6	1.120904	0.1941041	0.4197782
125	7	1.120904	0.1941041	0.4197782
126	1	1.120904	0.1941041	0.4197782
126	2	1.120904	0.1941041	0.4197782
126	3	1.120904	0.1941041	0.4197782
126	4	1.120904	0.1941041	0.4197782
126	5	1.120904	0.1941041	0.4197782
126	6	1.120904	0.1941041	0.4197782
126	7	1.120904	0.1941041	0.4197782
127	1	1.120904	0.1941041	0.4197782
127	2	1.120904	0.1941041	0.4197782
127	3	1.120904	0.1941041	0.4197782
127	4	1.120904	0.1941041	0.4197782
127	5	1.120904	0.1941041	0.4197782
127	6	1.120904	0.1941041	0.4197782
127	7	1.120904	0.1941041	0.4197782
128	1	1.120904	0.1941041	0.4197782
128	2	1.120904	0.1941041	0.4197782
128	3	1.120904	0.1941041	0.4197782
128	4	1.120904	0.1941041	0.4197782
128	5	1.120904	0.1941041	0.4197782
128	6	1.120904	0.1941041	0.4197782
128	7	1.120904	0.1941041	0.4197782
129	1	1.120904	0.1941041	0.4197782
129	2	1.120904	0.1941041	0.4197782
129	3	1.120904	0.1941041	0.4197782
129	4	1.120904	0.1941041	0.4197782
129	5	1.120904	0.1941041	0.4197782
129	6	1.120904	0.1941041	0.4197782
129	7	1.120904	0.1941041	0.4197782
130	1	1.120904	0.1941041	0.4197782
130	2	1.120904	0.1941041	0.4197782
130	3	1.120904	0.1941041	0.4197782
130	4	1.120904	0.1941041	0.4197782
130	5	1.120904	0.1941041	0.4197782
130	6	1.120904	0.1941041	0.4197782
130	7	1.120904	0.1941041	0.4197782
131	1	1.120904	0.1941041	0.4197782
131	2	1.120904	0.1941041	0.4197782
131	3	1.120904	0.1941041	0.4197782
131	4	1.120904	0.1941041	0.4197782
131	5	1.120904	0.1941041	0.4197782
131	6	1.120904	0.1941041	0.4197782
131	7	1.120904	0.1941041	0.4197782
132	1	1.120904	0.1941041	0.4197782
132	2	1.120904	0.1941041	0.4197782
132	3	1.120904	0.1941041	0.4197782
132	4	1.120904	0.1941041	0.4197782
132	5	1.120904	0.1941041	0.4197782
132	6	1.120904	0.1941041	0.4197782
132	7	1.120904	0.1941041	0.4197782
133	1	1.120904	0.1941041	0.4197782
133	2	1.120904	0.1941041	0.4197782
133	3	1.120904	0.1941041	0.4197782
133	4	1.120904	0.1941041	0.4197782
133	5	1.120904	0.1941041	0.4197782
133	6	1.120904	0.1941041	0.4197782
133	7	1.120904	0.1941041	0.4197782
134	1	1.120904	0.1941041	0.4197782
134	2	1.120904	0.1941041	0.4197782
134	3	1.120904	0.1941041	0.4197782
134	4	1.120904	0.1941041	0.4197782
134	5	1.120904	0.1941041	0.4197782
134	6	1.120904	0.1941041	0.4197782
134	7	1.120904	0.1941041	0.4197782
135	1	1.120904	0.1941041	0.4197782
135	2	1.120904	0.1941041	0.4197782
135	3	1.120904	0.1941041	0.4197782
135	4	1.120904	0.1941041	0.4197782
135	5	1.120904	0.1941041	0.4197782
135	6	1.120904	0.1941041	0.4197782
135	7	1.120904	0.1941041	0.4197782
136	1	1.120904	0.1941041	0.4197782
136	2	1.120904	0.1941041	0.4197782
136	3	1.120904	0.1941041	0.4197782
136	4	1.120904	0.1941041	0.4197782
136	5	1.120904	0.1941041	0.4197782
136	6	1.120904	0.1941041	0.4197782
136	7	1.120904	0.1941041	0.4197782
137	1	1.120904	0.1941041	0.4197782
137	2	1.120904	0.1941041	0.4197782
137	3	1.120904	0.1941041	0.4197782
137	4	1.120904	0.1941041	0.4197782
137	5	1.120904	0.1941041	0.4197782
137	6	1.120904	0.1941041	0.4197782
137	7	1.120904	0.1941041	0.4197782
138	1	1.120904	0.1941041	0.4197782
138	2	1.120904	0.1941041	0.4197782
138	3	1.120904	0.1941041	0.4197782
138	4	1.120904	0.1941041	0.4197782
138	5	1.120904	0.1941041	0.4197782
138	6	1.120904	0.1941041	0.4197782
138	7	1.120904	0.1941041	0.4197782
139	1	1.120904	0.1941041	0.4197782
139	2	1.120904	0.1941041	0.4197782
139	3	1.120904	0.1941041	0.4197782
139	4	1.120904	0.1941041	0.4197782
139	5	1.120904	0.1941041	0.4197782
139	6	1.120904	0.1941041	0.4197782
139	7	1.120904	0.1941041	0.4197782
140	1	1.120904	0.1941041	0.4197782
140	2	1.120904	0.1941041	0.4197782
140	3	1.120904	0.1941041	0.4197782
140	4	1.120904	0.1941041	0.4197782
140	5	1.120904	0.1941041	0.4197782
140	6	1.120904	0.1941041	0.4197782
140	7	1.120904	0.1941041	0.4197782
141	1	1.120904	0.1941041	0.4197782
141	2	1.120904	0.1941041	0.4197782
141	3	1.120904	0.1941041	0.4197782
141	4	1.120904	0.1941041	0.4197782
141	5	1.120904	0.1941041	0.4197782
141	6	1.120904	0.1941041	0.4197782
141	7	1.120904	0.1941041	0.4197782
142	1	1.120904	0.1941041	0.4197782
142	3	1.120904	0.1941041	0.4197782
142	4	1.120904	0.1941041	0.4197782
142	5	1.120904	0.1941041	0.4197782
142	6	1.120904	0.1941041	0.4197782
142	7	1.120904	0.1941041	0.4197782
143	1	1.120904	0.1941041	0.4197782
143	2	1.120904	0.1941041	0.4197782
143	3	1.120904	0.1941041	0.4197782
143	4	1.120904	0.1941041	0.4197782
143	5	1.120904	0.1941041	0.4197782
143	6	1.120904	0.1941041	0.4197782
143	7	1.120904	0.1941041	0.4197782
144	1	1.120904	0.1941041	0.4197782
144	2	1.120904	0.1941041	0.4197782
144	3	1.120904	0.1941041	0.4197782
144	4	1.120904	0.1941041	0.4197782
144	5	1.120904	0.1941041	0.4197782
144	6	1.120904	0.1941041	0.4197782
144	7	1.120904	0.1941041	0.4197782
145	1	1.120904	0.1941041	0.4197782
145	2	1.120904	0.1941041	0.4197782
145	3	1.120904	0.1941041	0.4197782
145	4	1.120904	0.1941041	0.4197782
145	5	1.120904	0.1941041	0.4197782
145	6	1.120904	0.1941041	0.4197782
145	7	1.120904	0.1941041	0.4197782
146	1	1.120904	0.1941041	0.4197782
146	2	1.120904	0.1941041	0.4197782
146	3	1.120904	0.1941041	0.4197782
146	4	1.120904	0.1941041	0.4197782
146	5	1.120904	0.1941041	0.4197782
146	6	1.120904	0.1941041	0.4197782
146	7	1.120904	0.1941041	0.4197782
147	1	1.120904	0.1941041	0.4197782
147	2	1.120904	0.1941041	0.4197782
147	3	1.120904	0.1941041	0.4197782
147	4	1.120904	0.1941041	0.4197782
147	5	1.120904	0.1941041	0.4197782
147	6	1.120904	0.1941041	0.4197782
147	7	1.120904	0.1941041	0.4197782
150	1	1.120904	0.1941041	0.4197782
150	2	1.120904	0.1941041	0.4197782
150	3	1.120904	0.1941041	0.4197782
150	4	1.120904	0.1941041	0.4197782
150	5	1.120904	0.1941041	0.4197782
150	7	1.120904	0.1941041	0.4197782
151	1	1.120904	0.1941041	0.4197782
151	2	1.120904	0.1941041	0.4197782
151	3	1.120904	0.1941041	0.4197782
151	4	1.120904	0.1941041	0.4197782
151	5	1.120904	0.1941041	0.4197782
151	6	1.120904	0.1941041	0.4197782
151	7	1.120904	0.1941041	0.4197782
152	1	1.120904	0.1941041	0.4197782
152	2	1.120904	0.1941041	0.4197782
152	3	1.120904	0.1941041	0.4197782
152	4	1.120904	0.1941041	0.4197782
152	5	1.120904	0.1941041	0.4197782
152	6	1.120904	0.1941041	0.4197782
152	7	1.120904	0.1941041	0.4197782
153	1	1.120904	0.1941041	0.4197782
153	2	1.120904	0.1941041	0.4197782
153	3	1.120904	0.1941041	0.4197782
153	4	1.120904	0.1941041	0.4197782
153	5	1.120904	0.1941041	0.4197782
153	6	1.120904	0.1941041	0.4197782
153	7	1.120904	0.1941041	0.4197782
154	1	1.120904	0.1941041	0.4197782
154	2	1.120904	0.1941041	0.4197782
154	3	1.120904	0.1941041	0.4197782
154	4	1.120904	0.1941041	0.4197782
154	5	1.120904	0.1941041	0.4197782
154	6	1.120904	0.1941041	0.4197782
154	7	1.120904	0.1941041	0.4197782
155	1	1.120904	0.1941041	0.4197782
155	2	1.120904	0.1941041	0.4197782
155	3	1.120904	0.1941041	0.4197782
155	4	1.120904	0.1941041	0.4197782
155	5	1.120904	0.1941041	0.4197782
155	6	1.120904	0.1941041	0.4197782
155	7	1.120904	0.1941041	0.4197782
156	1	1.120904	0.1941041	0.4197782
156	2	1.120904	0.1941041	0.4197782
156	3	1.120904	0.1941041	0.4197782
156	4	1.120904	0.1941041	0.4197782
156	5	1.120904	0.1941041	0.4197782
156	6	1.120904	0.1941041	0.4197782
156	7	1.120904	0.1941041	0.4197782
157	1	1.120904	0.1941041	0.4197782
157	2	1.120904	0.1941041	0.4197782
157	3	1.120904	0.1941041	0.4197782
157	4	1.120904	0.1941041	0.4197782
157	5	1.120904	0.1941041	0.4197782
157	6	1.120904	0.1941041	0.4197782
157	7	1.120904	0.1941041	0.4197782
158	1	1.120904	0.1941041	0.4197782
158	2	1.120904	0.1941041	0.4197782
158	3	1.120904	0.1941041	0.4197782
158	4	1.120904	0.1941041	0.4197782
158	5	1.120904	0.1941041	0.4197782
158	6	1.120904	0.1941041	0.4197782
158	7	1.120904	0.1941041	0.4197782
159	1	1.120904	0.1941041	0.4197782
159	2	1.120904	0.1941041	0.4197782
159	3	1.120904	0.1941041	0.4197782
159	4	1.120904	0.1941041	0.4197782
159	5	1.120904	0.1941041	0.4197782
159	6	1.120904	0.1941041	0.4197782
159	7	1.120904	0.1941041	0.4197782
160	1	1.120904	0.1941041	0.4197782
160	2	1.120904	0.1941041	0.4197782
160	3	1.120904	0.1941041	0.4197782
160	4	1.120904	0.1941041	0.4197782
160	5	1.120904	0.1941041	0.4197782
160	6	1.120904	0.1941041	0.4197782
160	7	1.120904	0.1941041	0.4197782
161	1	1.120904	0.1941041	0.4197782
161	2	1.120904	0.1941041	0.4197782
161	3	1.120904	0.1941041	0.4197782
161	4	1.120904	0.1941041	0.4197782
161	5	1.120904	0.1941041	0.4197782
161	6	1.120904	0.1941041	0.4197782
161	7	1.120904	0.1941041	0.4197782
162	1	1.120904	0.1941041	0.4197782
162	2	1.120904	0.1941041	0.4197782
162	3	1.120904	0.1941041	0.4197782
162	4	1.120904	0.1941041	0.4197782
162	5	1.120904	0.1941041	0.4197782
162	6	1.120904	0.1941041	0.4197782
162	7	1.120904	0.1941041	0.4197782
163	1	1.120904	0.1941041	0.4197782
163	2	1.120904	0.1941041	0.4197782
163	3	1.120904	0.1941041	0.4197782
163	4	1.120904	0.1941041	0.4197782
163	5	1.120904	0.1941041	0.4197782
163	6	1.120904	0.1941041	0.4197782
163	7	1.120904	0.1941041	0.4197782
164	1	1.120904	0.1941041	0.4197782
164	2	1.120904	0.1941041	0.4197782
164	3	1.120904	0.1941041	0.4197782
164	4	1.120904	0.1941041	0.4197782
164	5	1.120904	0.1941041	0.4197782
164	6	1.120904	0.1941041	0.4197782
164	7	1.120904	0.1941041	0.4197782
165	1	1.120904	0.1941041	0.4197782
165	2	1.120904	0.1941041	0.4197782
165	3	1.120904	0.1941041	0.4197782
165	4	1.120904	0.1941041	0.4197782
165	5	1.120904	0.1941041	0.4197782
165	6	1.120904	0.1941041	0.4197782
165	7	1.120904	0.1941041	0.4197782
166	1	1.120904	0.1941041	0.4197782
166	2	1.120904	0.1941041	0.4197782
166	3	1.120904	0.1941041	0.4197782
166	4	1.120904	0.1941041	0.4197782
166	5	1.120904	0.1941041	0.4197782
166	6	1.120904	0.1941041	0.4197782
166	7	1.120904	0.1941041	0.4197782
167	1	1.120904	0.1941041	0.4197782
167	2	1.120904	0.1941041	0.4197782
167	3	1.120904	0.1941041	0.4197782
167	4	1.120904	0.1941041	0.4197782
167	5	1.120904	0.1941041	0.4197782
167	6	1.120904	0.1941041	0.4197782
167	7	1.120904	0.1941041	0.4197782
168	1	1.120904	0.1941041	0.4197782
168	2	1.120904	0.1941041	0.4197782
168	3	1.120904	0.1941041	0.4197782
168	4	1.120904	0.1941041	0.4197782
168	5	1.120904	0.1941041	0.4197782
168	6	1.120904	0.1941041	0.4197782
168	7	1.120904	0.1941041	0.4197782
169	1	1.120904	0.1941041	0.4197782
169	2	1.120904	0.1941041	0.4197782
169	3	1.120904	0.1941041	0.4197782
169	4	1.120904	0.1941041	0.4197782
169	5	1.120904	0.1941041	0.4197782
169	6	1.120904	0.1941041	0.4197782
169	7	1.120904	0.1941041	0.4197782
170	1	1.120904	0.1941041	0.4197782
170	2	1.120904	0.1941041	0.4197782
170	3	1.120904	0.1941041	0.4197782
170	4	1.120904	0.1941041	0.4197782
170	5	1.120904	0.1941041	0.4197782
170	6	1.120904	0.1941041	0.4197782
170	7	1.120904	0.1941041	0.4197782
171	1	1.120904	0.1941041	0.4197782
171	2	1.120904	0.1941041	0.4197782
171	3	1.120904	0.1941041	0.4197782
171	4	1.120904	0.1941041	0.4197782
171	5	1.120904	0.1941041	0.4197782
171	6	1.120904	0.1941041	0.4197782
171	7	1.120904	0.1941041	0.4197782
172	1	1.120904	0.1941041	0.4197782
172	2	1.120904	0.1941041	0.4197782
172	3	1.120904	0.1941041	0.4197782
172	4	1.120904	0.1941041	0.4197782
172	5	1.120904	0.1941041	0.4197782
172	6	1.120904	0.1941041	0.4197782
172	7	1.120904	0.1941041	0.4197782
173	1	1.120904	0.1941041	0.4197782
173	2	1.120904	0.1941041	0.4197782
173	3	1.120904	0.1941041	0.4197782
173	4	1.120904	0.1941041	0.4197782
173	5	1.120904	0.1941041	0.4197782
174	1	1.120904	0.1941041	0.4197782
174	2	1.120904	0.1941041	0.4197782
174	3	1.120904	0.1941041	0.4197782
174	4	1.120904	0.1941041	0.4197782
174	5	1.120904	0.1941041	0.4197782
175	1	1.120904	0.1941041	0.4197782
175	2	1.120904	0.1941041	0.4197782
175	3	1.120904	0.1941041	0.4197782
175	4	1.120904	0.1941041	0.4197782
175	5	1.120904	0.1941041	0.4197782
176	1	1.120904	0.1941041	0.4197782
176	2	1.120904	0.1941041	0.4197782
176	3	1.120904	0.1941041	0.4197782
176	4	1.120904	0.1941041	0.4197782
176	5	1.120904	0.1941041	0.4197782
177	1	1.120904	0.1941041	0.4197782
177	2	1.120904	0.1941041	0.4197782
177	3	1.120904	0.1941041	0.4197782
177	4	1.120904	0.1941041	0.4197782
177	5	1.120904	0.1941041	0.4197782
178	1	1.120904	0.1941041	0.4197782
178	2	1.120904	0.1941041	0.4197782
178	3	1.120904	0.1941041	0.4197782
178	4	1.120904	0.1941041	0.4197782
178	5	1.120904	0.1941041	0.4197782
179	1	1.120904	0.1941041	0.4197782
179	2	1.120904	0.1941041	0.4197782
179	3	1.120904	0.1941041	0.4197782
179	4	1.120904	0.1941041	0.4197782
179	5	1.120904	0.1941041	0.4197782
179	6	1.120904	0.1941041	0.4197782
179	7	1.120904	0.1941041	0.4197782
180	1	1.120904	0.1941041	0.4197782
180	2	1.120904	0.1941041	0.4197782
180	3	1.120904	0.1941041	0.4197782
180	4	1.120904	0.1941041	0.4197782
180	5	1.120904	0.1941041	0.4197782
180	6	1.120904	0.1941041	0.4197782
180	7	1.120904	0.1941041	0.4197782
181	1	1.120904	0.1941041	0.4197782
181	2	1.120904	0.1941041	0.4197782
181	3	1.120904	0.1941041	0.4197782
181	4	1.120904	0.1941041	0.4197782
181	5	1.120904	0.1941041	0.4197782
181	6	1.120904	0.1941041	0.4197782
181	7	1.120904	0.1941041	0.4197782
182	1	1.120904	0.1941041	0.4197782
182	2	1.120904	0.1941041	0.4197782
182	3	1.120904	0.1941041	0.4197782
182	4	1.120904	0.1941041	0.4197782
182	5	1.120904	0.1941041	0.4197782
182	6	1.120904	0.1941041	0.4197782
183	1	1.120904	0.1941041	0.4197782
183	2	1.120904	0.1941041	0.4197782
183	3	1.120904	0.1941041	0.4197782
183	4	1.120904	0.1941041	0.4197782
183	5	1.120904	0.1941041	0.4197782
183	6	1.120904	0.1941041	0.4197782
184	1	1.120904	0.1941041	0.4197782
184	2	1.120904	0.1941041	0.4197782
184	3	1.120904	0.1941041	0.4197782
184	4	1.120904	0.1941041	0.4197782
184	5	1.120904	0.1941041	0.4197782
184	6	1.120904	0.1941041	0.4197782
184	7	1.120904	0.1941041	0.4197782
185	1	1.120904	0.1941041	0.4197782
185	2	1.120904	0.1941041	0.4197782
185	3	1.120904	0.1941041	0.4197782
185	4	1.120904	0.1941041	0.4197782
185	5	1.120904	0.1941041	0.4197782
185	6	1.120904	0.1941041	0.4197782
185	7	1.120904	0.1941041	0.4197782
186	1	1.120904	0.1941041	0.4197782
186	2	1.120904	0.1941041	0.4197782
186	3	1.120904	0.1941041	0.4197782
186	4	1.120904	0.1941041	0.4197782
186	5	1.120904	0.1941041	0.4197782
186	6	1.120904	0.1941041	0.4197782
186	7	1.120904	0.1941041	0.4197782
187	1	1.120904	0.1941041	0.4197782
187	2	1.120904	0.1941041	0.4197782
187	3	1.120904	0.1941041	0.4197782
187	4	1.120904	0.1941041	0.4197782
187	5	1.120904	0.1941041	0.4197782
187	6	1.120904	0.1941041	0.4197782
187	7	1.120904	0.1941041	0.4197782
188	1	1.120904	0.1941041	0.4197782
188	2	1.120904	0.1941041	0.4197782
188	3	1.120904	0.1941041	0.4197782
188	4	1.120904	0.1941041	0.4197782
188	5	1.120904	0.1941041	0.4197782
188	6	1.120904	0.1941041	0.4197782
188	7	1.120904	0.1941041	0.4197782
189	1	1.120904	0.1941041	0.4197782
189	2	1.120904	0.1941041	0.4197782
189	3	1.120904	0.1941041	0.4197782
189	4	1.120904	0.1941041	0.4197782
189	5	1.120904	0.1941041	0.4197782
189	6	1.120904	0.1941041	0.4197782
189	7	1.120904	0.1941041	0.4197782
190	1	1.120904	0.1941041	0.4197782
190	2	1.120904	0.1941041	0.4197782
190	3	1.120904	0.1941041	0.4197782
190	4	1.120904	0.1941041	0.4197782
190	5	1.120904	0.1941041	0.4197782
190	6	1.120904	0.1941041	0.4197782
190	7	1.120904	0.1941041	0.4197782
191	1	1.120904	0.1941041	0.4197782
191	2	1.120904	0.1941041	0.4197782
191	3	1.120904	0.1941041	0.4197782
191	4	1.120904	0.1941041	0.4197782
191	5	1.120904	0.1941041	0.4197782
191	6	1.120904	0.1941041	0.4197782
191	7	1.120904	0.1941041	0.4197782
192	1	1.120904	0.1941041	0.4197782
192	2	1.120904	0.1941041	0.4197782
192	3	1.120904	0.1941041	0.4197782
192	4	1.120904	0.1941041	0.4197782
192	5	1.120904	0.1941041	0.4197782
192	6	1.120904	0.1941041	0.4197782
192	7	1.120904	0.1941041	0.4197782
193	1	1.120904	0.1941041	0.4197782
193	2	1.120904	0.1941041	0.4197782
193	3	1.120904	0.1941041	0.4197782
193	4	1.120904	0.1941041	0.4197782
193	5	1.120904	0.1941041	0.4197782
193	6	1.120904	0.1941041	0.4197782
193	7	1.120904	0.1941041	0.4197782
194	1	1.120904	0.1941041	0.4197782
194	2	1.120904	0.1941041	0.4197782
194	3	1.120904	0.1941041	0.4197782
194	4	1.120904	0.1941041	0.4197782
194	5	1.120904	0.1941041	0.4197782
194	6	1.120904	0.1941041	0.4197782
194	7	1.120904	0.1941041	0.4197782
195	3	1.120904	0.1941041	0.4197782
195	5	1.120904	0.1941041	0.4197782
195	6	1.120904	0.1941041	0.4197782
195	7	1.120904	0.1941041	0.4197782
196	1	-0.2820512	0.5192498	1.332044
196	2	-0.1977465	0.507008	1.204921
196	3	0.8442193	0.3142947	0.04409603
196	4	-0.1977465	0.507008	1.204921
196	5	0.8442193	0.3142947	0.04409603
196	6	0.8442193	0.3142947	0.04409603
196	7	0.8442193	0.3142947	0.04409603
197	1	-0.2820512	0.5192498	1.332044
197	2	-0.1977465	0.507008	1.204921
197	3	0.8442193	0.3142947	0.04409603
197	4	-0.1977465	0.507008	1.204921
197	5	0.8442193	0.3142947	0.04409603
197	6	0.8442193	0.3142947	0.04409603
197	7	0.8442193	0.3142947	0.04409603
198	1	-0.2820512	0.5192498	1.332044
198	2	-0.1977465	0.507008	1.204921
198	3	0.8442193	0.3142947	0.04409603
198	4	-0.1977465	0.507008	1.204921
198	5	0.8442193	0.3142947	0.04409603
198	6	0.8442193	0.3142947	0.04409603
198	7	0.8442193	0.3142947	0.04409603
199	1	-0.2820512	0.5192498	1.332044
199	2	-0.1977465	0.507008	1.204921
199	3	0.8442193	0.3142947	0.04409603
199	4	-0.1977465	0.507008	1.204921
199	5	0.8442193	0.3142947	0.04409603
199	6	0.8442193	0.3142947	0.04409603
199	7	0.8442193	0.3142947	0.04409603
200	1	0.5462105	0.4065600	0.007978495
200	2	0.5412845	0.4058793	0.02924110
200	3	0.02062375	0.4295861	1.328631
200	4	0.5412845	0.4058793	0.02924110
200	5	0.02062375	0.4295861	1.328631
200	7	0.02062375	0.4295861	1.328631
201	1	1.120904	0.1941041	0.4197782
201	2	1.120904	0.1941041	0.4197782
201	3	1.120904	0.1941041	0.4197782
201	4	1.120904	0.1941041	0.4197782
201	5	1.120904	0.1941041	0.4197782
201	6	1.120904	0.1941041	0.4197782
201	7	1.120904	0.1941041	0.4197782
202	1	1.120904	0.1941041	0.4197782
202	2	1.120904	0.1941041	0.4197782
202	3	1.120904	0.1941041	0.4197782
202	4	1.120904	0.1941041	0.4197782
202	5	1.120904	0.1941041	0.4197782
202	6	1.120904	0.1941041	0.4197782
202	7	1.120904	0.1941041	0.4197782
203	1	1.120904	0.1941041	0.4197782
203	2	1.120904	0.1941041	0.4197782
203	3	1.120904	0.1941041	0.4197782
203	4	1.120904	0.1941041	0.4197782
203	5	1.120904	0.1941041	0.4197782
203	6	1.120904	0.1941041	0.4197782
203	7	1.120904	0.1941041	0.4197782
204	1	1.120904	0.1941041	0.4197782
204	2	1.120904	0.1941041	0.4197782
204	3	1.120904	0.1941041	0.4197782
204	4	1.120904	0.1941041	0.4197782
204	5	1.120904	0.1941041	0.4197782
204	6	1.120904	0.1941041	0.4197782
204	7	1.120904	0.1941041	0.4197782
205	1	1.120904	0.1941041	0.4197782
205	2	1.120904	0.1941041	0.4197782
205	3	1.120904	0.1941041	0.4197782
205	4	1.120904	0.1941041	0.4197782
205	5	1.120904	0.1941041	0.4197782
205	6	1.120904	0.1941041	0.4197782
205	7	1.120904	0.1941041	0.4197782
206	1	1.120904	0.1941041	0.4197782
206	2	1.120904	0.1941041	0.4197782
206	3	1.120904	0.1941041	0.4197782
206	4	1.120904	0.1941041	0.4197782
206	5	1.120904	0.1941041	0.4197782
206	6	1.120904	0.1941041	0.4197782
206	7	1.120904	0.1941041	0.4197782
207	1	1.120904	0.1941041	0.4197782
207	2	1.120904	0.1941041	0.4197782
207	3	1.120904	0.1941041	0.4197782
207	4	1.120904	0.1941041	0.4197782
207	5	1.120904	0.1941041	0.4197782
207	6	1.120904	0.1941041	0.4197782
207	7	1.120904	0.1941041	0.4197782
208	1	1.120904	0.1941041	0.4197782
208	2	1.120904	0.1941041	0.4197782
208	3	1.120904	0.1941041	0.4197782
208	4	1.120904	0.1941041	0.4197782
208	5	1.120904	0.1941041	0.4197782
208	6	1.120904	0.1941041	0.4197782
208	7	1.120904	0.1941041	0.4197782
209	1	1.120904	0.1941041	0.4197782
209	2	1.120904	0.1941041	0.4197782
209	3	1.120904	0.1941041	0.4197782
209	4	1.120904	0.1941041	0.4197782
209	5	1.120904	0.1941041	0.4197782
209	6	1.120904	0.1941041	0.4197782
209	7	1.120904	0.1941041	0.4197782
210	1	1.120904	0.1941041	0.4197782
210	2	1.120904	0.1941041	0.4197782
210	3	1.120904	0.1941041	0.4197782
210	4	1.120904	0.1941041	0.4197782
210	5	1.120904	0.1941041	0.4197782
210	6	1.120904	0.1941041	0.4197782
210	7	1.120904	0.1941041	0.4197782
211	1	1.120904	0.1941041	0.4197782
211	2	1.120904	0.1941041	0.4197782
211	3	1.120904	0.1941041	0.4197782
211	4	1.120904	0.1941041	0.4197782
211	5	1.120904	0.1941041	0.4197782
211	6	1.120904	0.1941041	0.4197782
212	1	1.120904	0.1941041	0.4197782
212	2	1.120904	0.1941041	0.4197782
212	3	1.120904	0.1941041	0.4197782
212	4	1.120904	0.1941041	0.4197782
212	5	1.120904	0.1941041	0.4197782
212	6	1.120904	0.1941041	0.4197782
213	1	0.9227036	0.2224759	0.7226957
213	2	0.9227036	0.2224759	0.7226956
213	3	0.9227036	0.2224759	0.7226957
213	4	0.9227036	0.2224759	0.7226957
213	5	0.9227036	0.2224759	0.7226957
213	6	0.9227036	0.2224759	0.7226957
213	7	-0.03295656	0.5635429	0.1590744
214	1	0.9227036	0.2224759	0.7226957
214	2	0.9227036	0.2224759	0.7226956
214	3	0.9227036	0.2224759	0.7226957
214	4	0.9227036	0.2224759	0.7226957
214	5	0.9227036	0.2224759	0.7226957
214	6	0.9227036	0.2224759	0.7226957
214	7	-0.03295656	0.5635429	0.1590744
215	1	1.120904	0.1941041	0.4197782
215	2	1.120904	0.1941041	0.4197782
215	3	1.120904	0.1941041	0.4197782
215	4	1.120904	0.1941041	0.4197782
215	5	1.120904	0.1941041	0.4197782
215	6	1.120904	0.1941041	0.4197782
215	7	1.120904	0.1941041	0.4197782
216	1	1.120904	0.1941041	0.4197782
216	2	1.120904	0.1941041	0.4197782
216	3	1.120904	0.1941041	0.4197782
216	4	1.120904	0.1941041	0.4197782
216	5	1.120904	0.1941041	0.4197782
216	6	1.120904	0.1941041	0.4197782
216	7	1.120904	0.1941041	0.4197782
217	1	1.120904	0.1941041	0.4197782
217	2	1.120904	0.1941041	0.4197782
217	3	1.120904	0.1941041	0.4197782
217	4	1.120904	0.1941041	0.4197782
217	5	1.120904	0.1941041	0.4197782
217	6	1.120904	0.1941041	0.4197782
217	7	1.120904	0.1941041	0.4197782
218	1	1.120904	0.1941041	0.4197782
218	2	1.120904	0.1941041	0.4197782
218	3	1.120904	0.1941041	0.4197782
218	4	1.120904	0.1941041	0.4197782
218	5	1.120904	0.1941041	0.4197782
218	6	1.120904	0.1941041	0.4197782
218	7	1.120904	0.1941041	0.4197782
219	1	1.120904	0.1941041	0.4197782
219	2	1.120904	0.1941041	0.4197782
219	3	1.120904	0.1941041	0.4197782
219	4	1.120904	0.1941041	0.4197782
219	5	1.120904	0.1941041	0.4197782
219	6	1.120904	0.1941041	0.4197782
219	7	1.120904	0.1941041	0.4197782
220	1	1.120904	0.1941041	0.4197782
220	2	1.120904	0.1941041	0.4197782
220	3	1.120904	0.1941041	0.4197782
220	4	1.120904	0.1941041	0.4197782
220	5	1.120904	0.1941041	0.4197782
220	6	1.120904	0.1941041	0.4197782
220	7	1.120904	0.1941041	0.4197782
221	1	1.120904	0.1941041	0.4197782
221	2	1.120904	0.1941041	0.4197782
221	3	1.120904	0.1941041	0.4197782
221	4	1.120904	0.1941041	0.4197782
221	5	1.120904	0.1941041	0.4197782
221	6	1.120904	0.1941041	0.4197782
221	7	1.120904	0.1941041	0.4197782
222	1	0.8893951	0.2994736	0.05783908
222	2	0.8893951	0.2994736	0.05783908
222	3	0.8893951	0.2994736	0.05783908
222	4	0.8893951	0.2994736	0.05783908
222	5	-0.2755509	0.59809	0.5316192
222	6	0.8866448	0.2226191	0.8275368
222	7	0.8866448	0.2226191	0.8275368
226	1	0.8493207	0.3129749	0.04214146
226	2	0.8493207	0.3129749	0.04214146
226	3	0.8493207	0.3129749	0.04214146
226	4	0.8493207	0.3129749	0.04214146
226	5	0.3142248	0.3371234	1.379692
226	7	-0.3094169	0.5939974	0.6719736
227	1	0.8493207	0.3129749	0.04214146
227	2	0.8493207	0.3129749	0.04214146
227	3	0.8493207	0.3129749	0.04214146
227	4	0.8493207	0.3129749	0.04214146
227	5	0.3142248	0.3371234	1.379692
227	7	-0.3094169	0.5939974	0.6719736
228	1	0.8493207	0.3129749	0.04214146
228	2	0.8493207	0.3129749	0.04214146
228	3	0.8493207	0.3129749	0.04214146
228	4	0.8493207	0.3129749	0.04214146
228	5	0.3142248	0.3371234	1.379692
228	7	-0.3094169	0.5939974	0.6719736
229	1	-0.1256971	0.5669736	0.3983706
229	2	-0.1256971	0.5669736	0.3983706
229	3	-0.1256971	0.5669736	0.3983706
229	4	-0.1256971	0.5669736	0.3983706
229	5	1.343787	0.127438	0.4236057
229	7	-0.1508153	0.5744867	0.3979393
230	1	-0.1256971	0.5669736	0.3983706
230	2	-0.1256971	0.5669736	0.3983706
230	3	-0.1256971	0.5669736	0.3983706
230	4	-0.1256971	0.5669736	0.3983706
230	5	1.343787	0.127438	0.4236057
230	7	-0.1508153	0.5744867	0.3979393
231	1	-0.1256971	0.5669736	0.3983706
231	2	-0.1256971	0.5669736	0.3983706
231	3	-0.1256971	0.5669736	0.3983706
231	4	-0.1256971	0.5669736	0.3983706
231	5	1.343787	0.127438	0.4236057
231	7	-0.1508153	0.5744867	0.3979393
232	1	-0.1256971	0.5669736	0.3983706
232	2	-0.1256971	0.5669736	0.3983706
232	3	-0.1256971	0.5669736	0.3983706
232	4	-0.1256971	0.5669736	0.3983706
232	5	1.343787	0.127438	0.4236057
232	7	-0.1508153	0.5744867	0.3979393
233	1	0.9549998	0.217159	0.6802115
233	2	0.9549998	0.217159	0.6802114
233	3	0.9549998	0.217159	0.6802114
233	4	0.9549998	0.217159	0.6802114
233	5	-0.07544526	0.5750182	0.1705676
233	6	0.9921173	0.2042454	0.6987988
233	7	0.9921173	0.2042454	0.6987988
234	1	0.9549998	0.217159	0.6802115
234	2	0.9549998	0.217159	0.6802114
234	3	0.9549998	0.217159	0.6802114
234	4	0.9549998	0.217159	0.6802114
234	5	-0.07544526	0.5750182	0.1705676
234	6	0.9921173	0.2042454	0.6987988
234	7	0.9921173	0.2042454	0.6987988
235	1	0.9549998	0.217159	0.6802115
235	2	0.9549998	0.217159	0.6802114
235	3	0.9549998	0.217159	0.6802114
235	4	0.9549998	0.217159	0.6802114
235	5	-0.07544526	0.5750182	0.1705676
235	6	0.9921173	0.2042454	0.6987988
235	7	0.9921173	0.2042454	0.6987988
236	1	0.9549998	0.217159	0.6802115
236	2	0.9549998	0.217159	0.6802114
236	3	0.9549998	0.217159	0.6802114
236	4	0.9549998	0.217159	0.6802114
236	5	-0.07544526	0.5750182	0.1705676
236	6	0.9921173	0.2042454	0.6987988
236	7	0.9921173	0.2042454	0.6987988
237	1	0.9549998	0.217159	0.6802115
237	2	0.9549998	0.217159	0.6802114
237	3	0.9549998	0.217159	0.6802114
237	4	0.9549998	0.217159	0.6802114
237	5	-0.07544526	0.5750182	0.1705676
237	6	0.9921173	0.2042454	0.6987988
237	7	0.9921173	0.2042454	0.6987988
238	1	0.9549998	0.217159	0.6802115
238	2	0.9549998	0.217159	0.6802114
238	3	0.9549998	0.217159	0.6802114
238	4	0.9549998	0.217159	0.6802114
238	5	-0.07544526	0.5750182	0.1705676
238	6	0.9921173	0.2042454	0.6987988
238	7	0.9921173	0.2042454	0.6987988
239	1	0.9549998	0.217159	0.6802115
239	2	0.9549998	0.217159	0.6802114
239	3	0.9549998	0.217159	0.6802114
239	4	0.9549998	0.217159	0.6802114
239	5	-0.07544526	0.5750182	0.1705676
239	6	0.9921173	0.2042454	0.6987988
239	7	0.9921173	0.2042454	0.6987988
240	1	0.9549998	0.217159	0.6802115
240	2	0.9549998	0.217159	0.6802114
240	3	0.9549998	0.217159	0.6802114
240	4	0.9549998	0.217159	0.6802114
240	5	-0.07544526	0.5750182	0.1705676
240	6	0.9921173	0.2042454	0.6987988
240	7	0.9921173	0.2042454	0.6987988
241	1	0.8407568	0.2385513	0.8048816
241	2	0.8407568	0.2385513	0.8048816
241	5	-0.004153719	0.5598539	0.1107521
241	6	0.8688032	0.2273723	0.8330116
241	7	0.8688032	0.2273723	0.8330116
242	1	0.8314536	0.3184666	0.04037278
242	2	0.8314536	0.3184666	0.04037278
242	3	-0.3762361	0.5728696	1.078246
242	4	-0.3197873	0.5805933	0.8353616
242	5	0.7545373	0.2355172	1.089024
242	6	0.7566864	0.342932	0.01826041
242	7	0.7566864	0.342932	0.01826041
243	1	1.025875	0.2552209	0.09417763
243	2	1.025875	0.2552209	0.09417763
243	3	0.6325394	0.2763103	1.044294
243	4	1.025875	0.2552209	0.09417763
243	5	-0.3609711	0.5911184	0.8524261
243	6	0.942752	0.2844943	0.04904227
244	1	1.025875	0.2552209	0.09417763
244	2	1.025875	0.2552209	0.09417763
244	3	0.6325394	0.2763103	1.044294
244	4	1.025875	0.2552209	0.09417763
244	5	-0.3609711	0.5911184	0.8524261
244	6	0.942752	0.2844943	0.04904227
245	1	1.025875	0.2552209	0.09417763
245	2	1.025875	0.2552209	0.09417763
245	3	0.6325394	0.2763103	1.044294
245	4	1.025875	0.2552209	0.09417763
245	5	-0.3609711	0.5911184	0.8524261
245	6	0.942752	0.2844943	0.04904227
246	1	1.100507	0.2283851	0.1401785
246	2	1.100507	0.2283851	0.1401785
246	3	0.3873021	0.3317594	1.217499
246	4	1.100507	0.2283851	0.1401785
246	5	-0.3524504	0.5954271	0.784619
246	6	1.005638	0.2638152	0.06864492
246	7	1.005638	0.2638152	0.06864492
247	1	1.100507	0.2283851	0.1401785
247	2	1.100507	0.2283851	0.1401785
247	3	0.3873021	0.3317594	1.217499
247	4	1.100507	0.2283851	0.1401785
247	5	-0.3524504	0.5954271	0.784619
247	6	1.005638	0.2638152	0.06864492
247	7	1.005638	0.2638152	0.06864492
248	1	0.6404982	0.3753574	0.03932967
248	2	0.6404982	0.3753574	0.03932967
248	3	0.6583116	0.3723133	0.01700173
248	4	1.090611	0.1974348	0.4760418
248	6	-0.07471946	0.4607423	1.30085
248	7	-0.07471946	0.4607423	1.30085
249	1	0.6404982	0.3753574	0.03932967
249	2	0.6404982	0.3753574	0.03932967
249	3	0.6583116	0.3723133	0.01700173
249	4	1.090611	0.1974348	0.4760418
249	6	-0.07471946	0.4607423	1.30085
249	7	-0.07471946	0.4607423	1.30085
250	1	0.6743037	0.3656178	0.03622506
250	2	0.6743037	0.3656178	0.03622506
250	4	0.6743037	0.3656178	0.03622506
250	6	-0.08580814	0.4675529	1.266036
250	7	-0.08580814	0.4675529	1.266036
251	1	1.120904	0.1941041	0.4197782
251	2	1.120904	0.1941041	0.4197782
251	3	1.120904	0.1941041	0.4197782
251	4	1.120904	0.1941041	0.4197782
251	5	1.120904	0.1941041	0.4197782
251	6	1.120904	0.1941041	0.4197782
251	7	1.120904	0.1941041	0.4197782
252	1	1.120904	0.1941041	0.4197782
252	2	1.120904	0.1941041	0.4197782
252	3	1.120904	0.1941041	0.4197782
252	4	1.120904	0.1941041	0.4197782
252	5	1.120904	0.1941041	0.4197782
252	6	1.120904	0.1941041	0.4197782
252	7	1.120904	0.1941041	0.4197782
253	1	1.120904	0.1941041	0.4197782
253	2	1.120904	0.1941041	0.4197782
253	3	1.120904	0.1941041	0.4197782
253	4	1.120904	0.1941041	0.4197782
253	5	1.120904	0.1941041	0.4197782
253	6	1.120904	0.1941041	0.4197782
253	7	1.120904	0.1941041	0.4197782
254	1	0.4694914	0.3181709	1.109955
254	2	0.4694914	0.3181709	1.109955
254	3	0.4694914	0.3181709	1.109955
254	4	0.4694914	0.3181709	1.109955
254	5	0.4694914	0.3181709	1.109955
254	6	0.2317799	0.496412	0.0441695
254	7	0.2317799	0.496412	0.0441695
255	1	0.4690507	0.3136748	1.155808
255	2	0.4690507	0.3136748	1.155808
255	3	0.4690508	0.3136747	1.155808
255	4	0.4690507	0.3136747	1.155808
255	5	0.4690507	0.3136747	1.155808
255	6	0.2072979	0.5059634	0.02166454
255	7	0.2072979	0.5059634	0.02166454
256	1	0.4690507	0.3136748	1.155808
256	2	0.4690507	0.3136748	1.155808
256	3	0.4690508	0.3136747	1.155808
256	4	0.4690507	0.3136747	1.155808
256	5	0.4690507	0.3136747	1.155808
256	6	0.2072979	0.5059634	0.02166454
256	7	0.2072979	0.5059634	0.02166454
257	1	0.4690507	0.3136748	1.155808
257	2	0.4690507	0.3136748	1.155808
257	3	0.4690508	0.3136747	1.155808
257	4	0.4690507	0.3136747	1.155808
257	5	0.4690507	0.3136747	1.155808
257	6	0.2072979	0.5059634	0.02166454
257	7	0.2072979	0.5059634	0.02166454
258	1	0.4690507	0.3136748	1.155808
258	2	0.4690507	0.3136748	1.155808
258	3	0.4690508	0.3136747	1.155808
258	4	0.4690507	0.3136747	1.155808
258	5	0.4690507	0.3136747	1.155808
258	6	0.2072979	0.5059634	0.02166454
258	7	0.2072979	0.5059634	0.02166454
259	1	0.4690507	0.3136748	1.155808
259	2	0.4690507	0.3136748	1.155808
259	3	0.4690508	0.3136747	1.155808
259	4	0.4690507	0.3136747	1.155808
259	5	0.4690507	0.3136747	1.155808
259	6	0.2072979	0.5059634	0.02166454
259	7	0.2072979	0.5059634	0.02166454
260	1	0.4690507	0.3136748	1.155808
260	2	0.4690507	0.3136748	1.155808
260	3	0.4690508	0.3136747	1.155808
260	4	0.4690507	0.3136747	1.155808
260	5	0.4690507	0.3136747	1.155808
260	6	0.2072979	0.5059634	0.02166454
260	7	0.2072979	0.5059634	0.02166454
261	1	0.4690507	0.3136748	1.155808
261	2	0.4690507	0.3136748	1.155808
261	3	0.4690508	0.3136747	1.155808
261	4	0.4690507	0.3136747	1.155808
261	5	0.4690507	0.3136747	1.155808
261	6	0.2072979	0.5059634	0.02166454
261	7	0.2072979	0.5059634	0.02166454
262	1	0.4690507	0.3136748	1.155808
262	2	0.4690507	0.3136748	1.155808
262	3	0.4690508	0.3136747	1.155808
262	4	0.4690507	0.3136747	1.155808
262	5	0.4690507	0.3136747	1.155808
262	6	0.2072979	0.5059634	0.02166454
262	7	0.2072979	0.5059634	0.02166454
263	1	0.4690507	0.3136748	1.155808
263	2	0.4690507	0.3136748	1.155808
263	3	0.4690508	0.3136747	1.155808
263	4	0.4690507	0.3136747	1.155808
263	5	0.4690507	0.3136747	1.155808
263	6	0.2072979	0.5059634	0.02166454
263	7	0.2072979	0.5059634	0.02166454
264	1	0.4690507	0.3136748	1.155808
264	2	0.4690507	0.3136748	1.155808
264	3	0.4690508	0.3136747	1.155808
264	4	0.4690507	0.3136747	1.155808
264	5	0.4690507	0.3136747	1.155808
264	6	0.2072979	0.5059634	0.02166454
264	7	0.2072979	0.5059634	0.02166454
265	1	0.4690507	0.3136748	1.155808
265	2	0.4690507	0.3136748	1.155808
265	3	0.4690508	0.3136747	1.155808
265	4	0.4690507	0.3136747	1.155808
265	5	0.4690507	0.3136747	1.155808
265	6	0.2072979	0.5059634	0.02166454
265	7	0.2072979	0.5059634	0.02166454
266	1	1.120904	0.1941041	0.4197782
266	2	1.120904	0.1941041	0.4197782
266	3	1.120904	0.1941041	0.4197782
266	4	1.120904	0.1941041	0.4197782
266	5	1.120904	0.1941041	0.4197782
266	6	1.120904	0.1941041	0.4197782
266	7	1.120904	0.1941041	0.4197782
267	1	1.120904	0.1941041	0.4197782
267	2	1.120904	0.1941041	0.4197782
267	3	1.120904	0.1941041	0.4197782
267	4	1.120904	0.1941041	0.4197782
267	5	1.120904	0.1941041	0.4197782
267	6	1.120904	0.1941041	0.4197782
267	7	1.120904	0.1941041	0.4197782
268	1	1.120904	0.1941041	0.4197782
268	2	1.120904	0.1941041	0.4197782
268	3	1.120904	0.1941041	0.4197782
268	4	1.120904	0.1941041	0.4197782
268	5	1.120904	0.1941041	0.4197782
268	6	1.120904	0.1941041	0.4197782
268	7	1.120904	0.1941041	0.4197782
269	1	1.120904	0.1941041	0.4197782
269	2	1.120904	0.1941041	0.4197782
269	3	1.120904	0.1941041	0.4197782
269	4	1.120904	0.1941041	0.4197782
269	5	1.120904	0.1941041	0.4197782
269	6	1.120904	0.1941041	0.4197782
269	7	1.120904	0.1941041	0.4197782
270	1	1.120904	0.1941041	0.4197782
270	2	1.120904	0.1941041	0.4197782
270	3	1.120904	0.1941041	0.4197782
270	4	1.120904	0.1941041	0.4197782
270	5	1.120904	0.1941041	0.4197782
270	6	1.120904	0.1941041	0.4197782
270	7	1.120904	0.1941041	0.4197782
271	1	1.120904	0.1941041	0.4197782
271	2	1.120904	0.1941041	0.4197782
271	3	1.120904	0.1941041	0.4197782
271	4	1.120904	0.1941041	0.4197782
271	5	1.120904	0.1941041	0.4197782
271	6	1.120904	0.1941041	0.4197782
271	7	1.120904	0.1941041	0.4197782
272	1	1.120904	0.1941041	0.4197782
272	2	1.120904	0.1941041	0.4197782
272	3	1.120904	0.1941041	0.4197782
272	4	1.120904	0.1941041	0.4197782
272	5	1.120904	0.1941041	0.4197782
272	6	1.120904	0.1941041	0.4197782
272	7	1.120904	0.1941041	0.4197782
273	1	1.120904	0.1941041	0.4197782
273	2	1.120904	0.1941041	0.4197782
273	3	1.120904	0.1941041	0.4197782
273	4	1.120904	0.1941041	0.4197782
273	5	1.120904	0.1941041	0.4197782
273	6	1.120904	0.1941041	0.4197782
273	7	1.120904	0.1941041	0.4197782
274	1	1.120904	0.1941041	0.4197782
274	2	1.120904	0.1941041	0.4197782
274	3	1.120904	0.1941041	0.4197782
274	4	1.120904	0.1941041	0.4197782
274	5	1.120904	0.1941041	0.4197782
274	6	1.120904	0.1941041	0.4197782
274	7	1.120904	0.1941041	0.4197782
275	1	1.120904	0.1941041	0.4197782
275	2	1.120904	0.1941041	0.4197782
275	3	1.120904	0.1941041	0.4197782
275	4	1.120904	0.1941041	0.4197782
275	5	1.120904	0.1941041	0.4197782
275	6	1.120904	0.1941041	0.4197782
275	7	1.120904	0.1941041	0.4197782
276	1	1.120904	0.1941041	0.4197782
276	2	1.120904	0.1941041	0.4197782
276	3	1.120904	0.1941041	0.4197782
276	4	1.120904	0.1941041	0.4197782
276	5	1.120904	0.1941041	0.4197782
276	6	1.120904	0.1941041	0.4197782
276	7	1.120904	0.1941041	0.4197782
277	1	1.120904	0.1941041	0.4197782
277	2	1.120904	0.1941041	0.4197782
277	3	1.120904	0.1941041	0.4197782
277	4	1.120904	0.1941041	0.4197782
277	5	1.120904	0.1941041	0.4197782
277	6	1.120904	0.1941041	0.4197782
277	7	1.120904	0.1941041	0.4197782
278	1	1.120904	0.1941041	0.4197782
278	2	1.120904	0.1941041	0.4197782
278	3	1.120904	0.1941041	0.4197782
278	4	1.120904	0.1941041	0.4197782
278	5	1.120904	0.1941041	0.4197782
278	6	1.120904	0.1941041	0.4197782
278	7	1.120904	0.1941041	0.4197782
279	1	1.120904	0.1941041	0.4197782
279	2	1.120904	0.1941041	0.4197782
279	3	1.120904	0.1941041	0.4197782
279	4	1.120904	0.1941041	0.4197782
279	5	1.120904	0.1941041	0.4197782
279	6	1.120904	0.1941041	0.4197782
279	7	1.120904	0.1941041	0.4197782
280	1	1.120904	0.1941041	0.4197782
280	2	1.120904	0.1941041	0.4197782
280	3	1.120904	0.1941041	0.4197782
280	4	1.120904	0.1941041	0.4197782
280	5	1.120904	0.1941041	0.4197782
280	6	1.120904	0.1941041	0.4197782
280	7	1.120904	0.1941041	0.4197782
281	1	1.120904	0.1941041	0.4197782
281	2	1.120904	0.1941041	0.4197782
281	3	1.120904	0.1941041	0.4197782
281	4	1.120904	0.1941041	0.4197782
281	5	1.120904	0.1941041	0.4197782
281	6	1.120904	0.1941041	0.4197782
281	7	1.120904	0.1941041	0.4197782
282	1	1.120904	0.1941041	0.4197782
282	2	1.120904	0.1941041	0.4197782
282	3	1.120904	0.1941041	0.4197782
282	4	1.120904	0.1941041	0.4197782
282	5	1.120904	0.1941041	0.4197782
282	6	1.120904	0.1941041	0.4197782
282	7	1.120904	0.1941041	0.4197782
283	1	1.120904	0.1941041	0.4197782
283	2	1.120904	0.1941041	0.4197782
283	3	1.120904	0.1941041	0.4197782
283	4	1.120904	0.1941041	0.4197782
283	5	1.120904	0.1941041	0.4197782
283	6	1.120904	0.1941041	0.4197782
283	7	1.120904	0.1941041	0.4197782
284	1	1.120904	0.1941041	0.4197782
284	2	1.120904	0.1941041	0.4197782
284	3	1.120904	0.1941041	0.4197782
284	4	1.120904	0.1941041	0.4197782
284	5	1.120904	0.1941041	0.4197782
284	6	1.120904	0.1941041	0.4197782
284	7	1.120904	0.1941041	0.4197782
285	1	1.120904	0.1941041	0.4197782
285	2	1.120904	0.1941041	0.4197782
285	3	1.120904	0.1941041	0.4197782
285	4	1.120904	0.1941041	0.4197782
285	5	1.120904	0.1941041	0.4197782
285	6	1.120904	0.1941041	0.4197782
285	7	1.120904	0.1941041	0.4197782
286	1	1.120904	0.1941041	0.4197782
286	2	1.120904	0.1941041	0.4197782
286	3	1.120904	0.1941041	0.4197782
286	4	1.120904	0.1941041	0.4197782
286	5	1.120904	0.1941041	0.4197782
286	6	1.120904	0.1941041	0.4197782
286	7	1.120904	0.1941041	0.4197782
290	1	1.120904	0.1941041	0.4197782
290	2	1.120904	0.1941041	0.4197782
290	3	1.120904	0.1941041	0.4197782
290	4	1.120904	0.1941041	0.4197782
290	5	1.120904	0.1941041	0.4197782
290	6	1.120904	0.1941041	0.4197782
290	7	1.120904	0.1941041	0.4197782
296	1	1.120904	0.1941041	0.4197782
296	2	1.120904	0.1941041	0.4197782
296	3	1.120904	0.1941041	0.4197782
296	4	1.120904	0.1941041	0.4197782
296	5	1.120904	0.1941041	0.4197782
296	6	1.120904	0.1941041	0.4197782
296	7	1.120904	0.1941041	0.4197782
297	1	1.120904	0.1941041	0.4197782
297	2	1.120904	0.1941041	0.4197782
297	3	1.120904	0.1941041	0.4197782
297	4	1.120904	0.1941041	0.4197782
297	5	1.120904	0.1941041	0.4197782
297	6	1.120904	0.1941041	0.4197782
297	7	1.120904	0.1941041	0.4197782
298	1	1.120904	0.1941041	0.4197782
298	2	1.120904	0.1941041	0.4197782
298	3	1.120904	0.1941041	0.4197782
298	4	1.120904	0.1941041	0.4197782
298	5	1.120904	0.1941041	0.4197782
298	6	1.120904	0.1941041	0.4197782
298	7	1.120904	0.1941041	0.4197782
299	1	1.120904	0.1941041	0.4197782
299	2	1.120904	0.1941041	0.4197782
299	3	1.120904	0.1941041	0.4197782
299	4	1.120904	0.1941041	0.4197782
299	5	1.120904	0.1941041	0.4197782
299	6	1.120904	0.1941041	0.4197782
299	7	1.120904	0.1941041	0.4197782
300	1	1.120904	0.1941041	0.4197782
300	2	1.120904	0.1941041	0.4197782
300	3	1.120904	0.1941041	0.4197782
300	4	1.120904	0.1941041	0.4197782
300	5	1.120904	0.1941041	0.4197782
300	6	1.120904	0.1941041	0.4197782
300	7	1.120904	0.1941041	0.4197782
301	1	1.120904	0.1941041	0.4197782
301	2	1.120904	0.1941041	0.4197782
301	3	1.120904	0.1941041	0.4197782
301	4	1.120904	0.1941041	0.4197782
301	5	1.120904	0.1941041	0.4197782
301	6	1.120904	0.1941041	0.4197782
301	7	1.120904	0.1941041	0.4197782
302	1	1.120904	0.1941041	0.4197782
302	2	1.120904	0.1941041	0.4197782
302	3	1.120904	0.1941041	0.4197782
302	4	1.120904	0.1941041	0.4197782
302	5	1.120904	0.1941041	0.4197782
302	6	1.120904	0.1941041	0.4197782
302	7	1.120904	0.1941041	0.4197782
303	1	1.120904	0.1941041	0.4197782
303	2	1.120904	0.1941041	0.4197782
303	3	1.120904	0.1941041	0.4197782
303	4	1.120904	0.1941041	0.4197782
303	5	1.120904	0.1941041	0.4197782
303	6	1.120904	0.1941041	0.4197782
303	7	1.120904	0.1941041	0.4197782
304	1	1.120904	0.1941041	0.4197782
304	2	1.120904	0.1941041	0.4197782
304	3	1.120904	0.1941041	0.4197782
304	4	1.120904	0.1941041	0.4197782
304	5	1.120904	0.1941041	0.4197782
305	1	1.201347	0.1700431	0.4211596
305	2	-0.1188984	0.56494	0.3984874
305	3	-0.1188984	0.56494	0.3984874
305	4	-0.1188984	0.56494	0.3984874
305	5	-0.1188984	0.56494	0.3984874
306	1	1.145987	0.1646524	0.6377147
306	2	0.7173698	0.3543965	0.02051253
306	3	0.7173698	0.3543965	0.02051253
306	4	0.7173698	0.3543965	0.02051253
306	5	0.7173698	0.3543965	0.02051253
306	6	-0.3819026	0.5544265	1.277708
306	7	-0.3819026	0.5544265	1.277708
307	1	-0.0393839	0.5648208	0.1653506
307	2	0.9341348	0.2202781	0.7107884
307	3	0.9341348	0.2202781	0.7107884
307	4	0.9341348	0.2202781	0.7107884
307	5	0.9341348	0.2202781	0.7107884
307	6	0.9341348	0.2202781	0.7107884
307	7	0.9341348	0.2202781	0.7107884
308	1	-0.0393839	0.5648208	0.1653506
308	2	0.9341348	0.2202781	0.7107884
308	3	0.9341348	0.2202781	0.7107884
308	4	0.9341348	0.2202781	0.7107884
308	5	0.9341348	0.2202781	0.7107884
308	6	0.9341348	0.2202781	0.7107884
308	7	0.9341348	0.2202781	0.7107884
309	2	1.120904	0.1941041	0.4197782
309	3	1.120904	0.1941041	0.4197782
309	4	1.120904	0.1941041	0.4197782
309	5	1.120904	0.1941041	0.4197782
309	6	1.120904	0.1941041	0.4197782
309	7	1.120904	0.1941041	0.4197782
310	1	1.120904	0.1941041	0.4197782
310	2	1.120904	0.1941041	0.4197782
310	3	1.120904	0.1941041	0.4197782
310	4	1.120904	0.1941041	0.4197782
310	5	1.120904	0.1941041	0.4197782
310	6	1.120904	0.1941041	0.4197782
310	7	1.120904	0.1941041	0.4197782
311	1	1.120904	0.1941041	0.4197782
311	2	1.120904	0.1941041	0.4197782
311	3	1.120904	0.1941041	0.4197782
311	4	1.120904	0.1941041	0.4197782
311	5	1.120904	0.1941041	0.4197782
311	6	1.120904	0.1941041	0.4197782
311	7	1.120904	0.1941041	0.4197782
312	1	1.120904	0.1941041	0.4197782
312	2	1.120904	0.1941041	0.4197782
312	3	1.120904	0.1941041	0.4197782
312	4	1.120904	0.1941041	0.4197782
312	5	1.120904	0.1941041	0.4197782
312	6	1.120904	0.1941041	0.4197782
312	7	1.120904	0.1941041	0.4197782
313	1	1.120904	0.1941041	0.4197782
313	2	1.120904	0.1941041	0.4197782
313	3	1.120904	0.1941041	0.4197782
313	4	1.120904	0.1941041	0.4197782
313	5	1.120904	0.1941041	0.4197782
313	6	1.120904	0.1941041	0.4197782
313	7	1.120904	0.1941041	0.4197782
314	1	1.120904	0.1941041	0.4197782
314	2	1.120904	0.1941041	0.4197782
314	3	1.120904	0.1941041	0.4197782
314	4	1.120904	0.1941041	0.4197782
314	5	1.120904	0.1941041	0.4197782
314	6	1.120904	0.1941041	0.4197782
314	7	1.120904	0.1941041	0.4197782
315	1	1.120904	0.1941041	0.4197782
315	2	1.120904	0.1941041	0.4197782
315	3	1.120904	0.1941041	0.4197782
315	4	1.120904	0.1941041	0.4197782
315	5	1.120904	0.1941041	0.4197782
315	6	1.120904	0.1941041	0.4197782
315	7	1.120904	0.1941041	0.4197782
316	1	1.120904	0.1941041	0.4197782
316	2	1.120904	0.1941041	0.4197782
316	3	1.120904	0.1941041	0.4197782
316	4	1.120904	0.1941041	0.4197782
316	5	1.120904	0.1941041	0.4197782
316	6	1.120904	0.1941041	0.4197782
316	7	1.120904	0.1941041	0.4197782
317	1	1.120904	0.1941041	0.4197782
317	2	1.120904	0.1941041	0.4197782
317	3	1.120904	0.1941041	0.4197782
317	4	1.120904	0.1941041	0.4197782
317	5	1.120904	0.1941041	0.4197782
317	6	1.120904	0.1941041	0.4197782
317	7	1.120904	0.1941041	0.4197782
318	1	1.120904	0.1941041	0.4197782
318	2	1.120904	0.1941041	0.4197782
318	3	1.120904	0.1941041	0.4197782
318	4	1.120904	0.1941041	0.4197782
318	5	1.120904	0.1941041	0.4197782
318	6	1.120904	0.1941041	0.4197782
318	7	1.120904	0.1941041	0.4197782
319	1	1.120904	0.1941041	0.4197782
319	2	1.120904	0.1941041	0.4197782
319	3	1.120904	0.1941041	0.4197782
319	4	1.120904	0.1941041	0.4197782
319	5	1.120904	0.1941041	0.4197782
319	6	1.120904	0.1941041	0.4197782
319	7	1.120904	0.1941041	0.4197782
320	3	-0.2789275	0.5639722	0.8796611
320	5	1.107606	0.2256836	0.1460272
320	6	1.107606	0.2256836	0.1460272
320	7	1.107606	0.2256836	0.1460272
321	1	-0.1299171	0.4705293	1.366524
321	2	-0.1299171	0.4705293	1.366524
321	3	1.078488	0.1990685	0.495578
321	4	-0.1299171	0.4705293	1.366524
321	5	0.6803788	0.3656439	0.01806362
321	6	0.6803789	0.3656439	0.01806362
321	7	0.6803789	0.3656439	0.01806362
322	1	0.7587945	0.3410624	0.03057474
322	2	0.7587945	0.3410624	0.03057474
322	3	-0.1371693	0.4854732	1.239809
322	4	0.7587945	0.3410624	0.03057474
322	5	-0.2599824	0.5011158	1.446711
323	1	-0.1712966	0.5806128	0.3975875
323	5	1.247544	0.1562251	0.421953
324	1	-0.1712966	0.5806128	0.3975875
324	5	1.247544	0.1562251	0.421953
325	1	-0.1712966	0.5806128	0.3975875
325	5	1.247544	0.1562251	0.421953
326	1	1.047554	0.253419	0.04814629
326	2	-0.1769359	0.5708701	0.5107516
326	3	0.2260482	0.4951314	0.0737504
326	4	-0.1769359	0.5708701	0.5107516
326	5	1.056361	0.1747484	0.801783
326	6	-0.2187406	0.5796544	0.5468953
326	7	-0.2187406	0.5796544	0.5468953
327	1	1.047554	0.253419	0.04814629
327	2	-0.1769359	0.5708701	0.5107516
327	3	0.2260482	0.4951314	0.0737504
327	4	-0.1769359	0.5708701	0.5107516
327	5	1.056361	0.1747484	0.801783
327	6	-0.2187406	0.5796544	0.5468953
327	7	-0.2187406	0.5796544	0.5468953
328	1	1.047554	0.253419	0.04814629
328	2	-0.1769359	0.5708701	0.5107516
328	3	0.2260482	0.4951314	0.0737504
328	4	-0.1769359	0.5708701	0.5107516
328	5	1.056361	0.1747484	0.801783
328	6	-0.2187406	0.5796544	0.5468953
328	7	-0.2187406	0.5796544	0.5468953
329	1	-0.3599820	0.573259	1.026489
329	2	1.132349	0.1856011	0.4703135
329	3	1.132349	0.1856011	0.4703135
329	4	1.132349	0.1856011	0.4703135
329	5	0.03351148	0.5510955	0.08654979
329	6	1.207476	0.1663502	0.4396911
329	7	1.207476	0.1663502	0.4396911
331	1	-0.1953394	0.5878042	0.3971747
331	5	1.299683	0.1406299	0.4228483
332	1	1.170929	0.1791413	0.4206373
332	5	-0.1341358	0.5694977	0.3982257
333	1	-0.2088045	0.5772567	0.5413758
333	2	1.080520	0.2350139	0.1333883
333	3	1.080520	0.2350139	0.1333883
333	4	1.080520	0.2350139	0.1333883
333	5	0.2796235	0.3639153	1.216162
333	6	1.080520	0.2350139	0.1333883
333	7	1.080520	0.2350139	0.1333883
334	1	0.9447541	0.2207642	0.6746784
334	2	0.9447542	0.2207641	0.6746784
334	3	0.9447542	0.2207641	0.6746784
334	4	0.9447542	0.2207642	0.6746784
334	5	-0.005021565	0.5505994	0.2050176
334	6	0.9447542	0.2207642	0.6746784
334	7	0.9447542	0.2207642	0.6746784
335	1	0.9447541	0.2207642	0.6746784
335	2	0.9447542	0.2207641	0.6746784
335	3	0.9447542	0.2207641	0.6746784
335	4	0.9447542	0.2207642	0.6746784
335	5	-0.005021565	0.5505994	0.2050176
335	6	0.9447542	0.2207642	0.6746784
335	7	0.9447542	0.2207642	0.6746784
336	1	0.9447541	0.2207642	0.6746784
336	2	0.9447542	0.2207641	0.6746784
336	3	0.9447542	0.2207641	0.6746784
336	4	0.9447542	0.2207642	0.6746784
336	5	-0.005021565	0.5505994	0.2050176
336	6	0.9447542	0.2207642	0.6746784
336	7	0.9447542	0.2207642	0.6746784
337	1	0.6145547	0.2860253	1.001021
337	2	0.6145548	0.2860253	1.001021
337	3	0.1779135	0.507669	0.09135449
337	4	0.6145548	0.2860253	1.001021
337	5	0.1362343	0.5236009	0.05629927
337	6	0.6145548	0.2860253	1.001021
337	7	0.6145548	0.2860253	1.001021
338	1	1.120904	0.1941041	0.4197782
338	2	1.120904	0.1941041	0.4197782
338	4	1.120904	0.1941041	0.4197782
338	6	1.120904	0.1941041	0.4197782
338	7	1.120904	0.1941041	0.4197782
339	1	1.120904	0.1941041	0.4197782
339	2	1.120904	0.1941041	0.4197782
339	3	1.120904	0.1941041	0.4197782
339	4	1.120904	0.1941041	0.4197782
339	5	1.120904	0.1941041	0.4197782
339	6	1.120904	0.1941041	0.4197782
339	7	1.120904	0.1941041	0.4197782
340	1	1.120904	0.1941041	0.4197782
340	2	1.120904	0.1941041	0.4197782
340	3	1.120904	0.1941041	0.4197782
340	4	1.120904	0.1941041	0.4197782
340	5	1.120904	0.1941041	0.4197782
340	6	1.120904	0.1941041	0.4197782
340	7	1.120904	0.1941041	0.4197782
341	1	1.120904	0.1941041	0.4197782
341	2	1.120904	0.1941041	0.4197782
341	3	1.120904	0.1941041	0.4197782
341	4	1.120904	0.1941041	0.4197782
341	5	1.120904	0.1941041	0.4197782
341	6	1.120904	0.1941041	0.4197782
341	7	1.120904	0.1941041	0.4197782
342	1	1.120904	0.1941041	0.4197782
342	2	1.120904	0.1941041	0.4197782
342	3	1.120904	0.1941041	0.4197782
342	4	1.120904	0.1941041	0.4197782
342	5	1.120904	0.1941041	0.4197782
342	6	1.120904	0.1941041	0.4197782
342	7	1.120904	0.1941041	0.4197782
343	1	1.120904	0.1941041	0.4197782
343	2	1.120904	0.1941041	0.4197782
343	3	1.120904	0.1941041	0.4197782
343	4	1.120904	0.1941041	0.4197782
343	5	1.120904	0.1941041	0.4197782
343	6	1.120904	0.1941041	0.4197782
343	7	1.120904	0.1941041	0.4197782
344	1	1.120904	0.1941041	0.4197782
344	2	1.120904	0.1941041	0.4197782
344	3	1.120904	0.1941041	0.4197782
344	4	1.120904	0.1941041	0.4197782
344	5	1.120904	0.1941041	0.4197782
344	6	1.120904	0.1941041	0.4197782
344	7	1.120904	0.1941041	0.4197782
345	1	1.120904	0.1941041	0.4197782
345	2	1.120904	0.1941041	0.4197782
345	3	1.120904	0.1941041	0.4197782
345	4	1.120904	0.1941041	0.4197782
345	5	1.120904	0.1941041	0.4197782
345	6	1.120904	0.1941041	0.4197782
345	7	1.120904	0.1941041	0.4197782
346	1	1.120904	0.1941041	0.4197782
346	2	1.120904	0.1941041	0.4197782
346	3	1.120904	0.1941041	0.4197782
346	4	1.120904	0.1941041	0.4197782
346	5	1.120904	0.1941041	0.4197782
346	6	1.120904	0.1941041	0.4197782
346	7	1.120904	0.1941041	0.4197782
347	1	1.120904	0.1941041	0.4197782
347	2	1.120904	0.1941041	0.4197782
347	3	1.120904	0.1941041	0.4197782
347	4	1.120904	0.1941041	0.4197782
347	5	1.120904	0.1941041	0.4197782
347	6	1.120904	0.1941041	0.4197782
347	7	1.120904	0.1941041	0.4197782
348	1	1.120904	0.1941041	0.4197782
348	2	1.120904	0.1941041	0.4197782
348	3	1.120904	0.1941041	0.4197782
348	4	1.120904	0.1941041	0.4197782
348	5	1.120904	0.1941041	0.4197782
348	6	1.120904	0.1941041	0.4197782
348	7	1.120904	0.1941041	0.4197782
349	1	1.120904	0.1941041	0.4197782
349	2	1.120904	0.1941041	0.4197782
349	3	1.120904	0.1941041	0.4197782
349	4	1.120904	0.1941041	0.4197782
349	5	1.120904	0.1941041	0.4197782
349	6	1.120904	0.1941041	0.4197782
349	7	1.120904	0.1941041	0.4197782
350	1	1.120904	0.1941041	0.4197782
350	2	1.120904	0.1941041	0.4197782
350	3	1.120904	0.1941041	0.4197782
350	4	1.120904	0.1941041	0.4197782
350	5	1.120904	0.1941041	0.4197782
350	6	1.120904	0.1941041	0.4197782
350	7	1.120904	0.1941041	0.4197782
351	1	1.120904	0.1941041	0.4197782
351	2	1.120904	0.1941041	0.4197782
351	3	1.120904	0.1941041	0.4197782
351	4	1.120904	0.1941041	0.4197782
351	5	1.120904	0.1941041	0.4197782
351	6	1.120904	0.1941041	0.4197782
351	7	1.120904	0.1941041	0.4197782
352	1	1.120904	0.1941041	0.4197782
352	2	1.120904	0.1941041	0.4197782
352	3	1.120904	0.1941041	0.4197782
352	4	1.120904	0.1941041	0.4197782
352	5	1.120904	0.1941041	0.4197782
352	6	1.120904	0.1941041	0.4197782
352	7	1.120904	0.1941041	0.4197782
353	1	1.120904	0.1941041	0.4197782
353	2	1.120904	0.1941041	0.4197782
353	3	1.120904	0.1941041	0.4197782
353	4	1.120904	0.1941041	0.4197782
353	5	1.120904	0.1941041	0.4197782
353	6	1.120904	0.1941041	0.4197782
353	7	1.120904	0.1941041	0.4197782
354	1	1.120904	0.1941041	0.4197782
354	2	1.120904	0.1941041	0.4197782
354	3	1.120904	0.1941041	0.4197782
354	4	1.120904	0.1941041	0.4197782
354	5	1.120904	0.1941041	0.4197782
354	6	1.120904	0.1941041	0.4197782
354	7	1.120904	0.1941041	0.4197782
355	1	1.120904	0.1941041	0.4197782
355	2	1.120904	0.1941041	0.4197782
355	3	1.120904	0.1941041	0.4197782
355	4	1.120904	0.1941041	0.4197782
355	5	1.120904	0.1941041	0.4197782
355	6	1.120904	0.1941041	0.4197782
355	7	1.120904	0.1941041	0.4197782
356	1	1.120904	0.1941041	0.4197782
356	2	1.120904	0.1941041	0.4197782
356	3	1.120904	0.1941041	0.4197782
356	4	1.120904	0.1941041	0.4197782
356	5	1.120904	0.1941041	0.4197782
356	6	1.120904	0.1941041	0.4197782
356	7	1.120904	0.1941041	0.4197782
357	1	1.120904	0.1941041	0.4197782
357	2	1.120904	0.1941041	0.4197782
357	3	1.120904	0.1941041	0.4197782
357	4	1.120904	0.1941041	0.4197782
357	5	1.120904	0.1941041	0.4197782
357	6	1.120904	0.1941041	0.4197782
357	7	1.120904	0.1941041	0.4197782
358	1	1.221794	0.1639271	0.4215108
358	3	-0.1590567	0.5769518	0.3977977
359	1	-0.0393839	0.5648208	0.1653506
359	2	0.9341348	0.2202781	0.7107884
359	3	0.9341348	0.2202781	0.7107884
359	4	0.9341348	0.2202781	0.7107884
359	5	0.9341348	0.2202781	0.7107884
359	6	0.9341348	0.2202781	0.7107884
359	7	0.9341348	0.2202781	0.7107884
360	1	-0.0393839	0.5648208	0.1653506
360	2	0.9341348	0.2202781	0.7107884
360	3	0.9341348	0.2202781	0.7107884
360	4	0.9341348	0.2202781	0.7107884
360	5	0.9341348	0.2202781	0.7107884
360	6	0.9341348	0.2202781	0.7107884
360	7	0.9341348	0.2202781	0.7107884
361	1	1.120904	0.1941041	0.4197782
361	2	1.120904	0.1941041	0.4197782
361	3	1.120904	0.1941041	0.4197782
361	4	1.120904	0.1941041	0.4197782
361	5	1.120904	0.1941041	0.4197782
361	6	1.120904	0.1941041	0.4197782
361	7	1.120904	0.1941041	0.4197782
362	1	1.120904	0.1941041	0.4197782
362	2	1.120904	0.1941041	0.4197782
362	3	1.120904	0.1941041	0.4197782
362	4	1.120904	0.1941041	0.4197782
362	5	1.120904	0.1941041	0.4197782
362	6	1.120904	0.1941041	0.4197782
362	7	1.120904	0.1941041	0.4197782
363	1	1.120904	0.1941041	0.4197782
363	2	1.120904	0.1941041	0.4197782
363	3	1.120904	0.1941041	0.4197782
363	4	1.120904	0.1941041	0.4197782
363	5	1.120904	0.1941041	0.4197782
363	6	1.120904	0.1941041	0.4197782
363	7	1.120904	0.1941041	0.4197782
364	1	1.120904	0.1941041	0.4197782
364	2	1.120904	0.1941041	0.4197782
364	3	1.120904	0.1941041	0.4197782
364	4	1.120904	0.1941041	0.4197782
364	5	1.120904	0.1941041	0.4197782
364	6	1.120904	0.1941041	0.4197782
364	7	1.120904	0.1941041	0.4197782
365	1	1.120904	0.1941041	0.4197782
365	2	1.120904	0.1941041	0.4197782
365	3	1.120904	0.1941041	0.4197782
365	4	1.120904	0.1941041	0.4197782
365	5	1.120904	0.1941041	0.4197782
365	6	1.120904	0.1941041	0.4197782
365	7	1.120904	0.1941041	0.4197782
366	1	1.120904	0.1941041	0.4197782
366	2	1.120904	0.1941041	0.4197782
366	3	1.120904	0.1941041	0.4197782
366	4	1.120904	0.1941041	0.4197782
366	5	1.120904	0.1941041	0.4197782
366	6	1.120904	0.1941041	0.4197782
366	7	1.120904	0.1941041	0.4197782
367	1	1.120904	0.1941041	0.4197782
367	2	1.120904	0.1941041	0.4197782
367	3	1.120904	0.1941041	0.4197782
367	4	1.120904	0.1941041	0.4197782
367	5	1.120904	0.1941041	0.4197782
367	6	1.120904	0.1941041	0.4197782
367	7	1.120904	0.1941041	0.4197782
368	1	1.120904	0.1941041	0.4197782
368	2	1.120904	0.1941041	0.4197782
368	3	1.120904	0.1941041	0.4197782
368	4	1.120904	0.1941041	0.4197782
368	5	1.120904	0.1941041	0.4197782
368	6	1.120904	0.1941041	0.4197782
368	7	1.120904	0.1941041	0.4197782
369	1	1.120904	0.1941041	0.4197782
369	2	1.120904	0.1941041	0.4197782
369	3	1.120904	0.1941041	0.4197782
369	4	1.120904	0.1941041	0.4197782
369	5	1.120904	0.1941041	0.4197782
369	6	1.120904	0.1941041	0.4197782
369	7	1.120904	0.1941041	0.4197782
370	1	1.120904	0.1941041	0.4197782
370	2	1.120904	0.1941041	0.4197782
370	3	1.120904	0.1941041	0.4197782
370	4	1.120904	0.1941041	0.4197782
370	5	1.120904	0.1941041	0.4197782
370	6	1.120904	0.1941041	0.4197782
370	7	1.120904	0.1941041	0.4197782
371	1	1.120904	0.1941041	0.4197782
371	2	1.120904	0.1941041	0.4197782
371	3	1.120904	0.1941041	0.4197782
371	4	1.120904	0.1941041	0.4197782
371	5	1.120904	0.1941041	0.4197782
371	6	1.120904	0.1941041	0.4197782
371	7	1.120904	0.1941041	0.4197782
372	1	1.120904	0.1941041	0.4197782
372	2	1.120904	0.1941041	0.4197782
372	3	1.120904	0.1941041	0.4197782
372	4	1.120904	0.1941041	0.4197782
372	5	1.120904	0.1941041	0.4197782
372	6	1.120904	0.1941041	0.4197782
372	7	1.120904	0.1941041	0.4197782
373	1	1.120904	0.1941041	0.4197782
373	2	1.120904	0.1941041	0.4197782
373	3	1.120904	0.1941041	0.4197782
373	4	1.120904	0.1941041	0.4197782
373	5	1.120904	0.1941041	0.4197782
373	6	1.120904	0.1941041	0.4197782
373	7	1.120904	0.1941041	0.4197782
374	1	1.120904	0.1941041	0.4197782
374	2	1.120904	0.1941041	0.4197782
374	3	1.120904	0.1941041	0.4197782
374	4	1.120904	0.1941041	0.4197782
374	5	1.120904	0.1941041	0.4197782
374	6	1.120904	0.1941041	0.4197782
374	7	1.120904	0.1941041	0.4197782
375	1	1.120904	0.1941041	0.4197782
375	2	1.120904	0.1941041	0.4197782
375	3	1.120904	0.1941041	0.4197782
375	4	1.120904	0.1941041	0.4197782
375	5	1.120904	0.1941041	0.4197782
375	6	1.120904	0.1941041	0.4197782
375	7	1.120904	0.1941041	0.4197782
376	1	1.120904	0.1941041	0.4197782
376	2	1.120904	0.1941041	0.4197782
376	3	1.120904	0.1941041	0.4197782
376	4	1.120904	0.1941041	0.4197782
376	5	1.120904	0.1941041	0.4197782
376	6	1.120904	0.1941041	0.4197782
376	7	1.120904	0.1941041	0.4197782
377	1	1.120904	0.1941041	0.4197782
377	2	1.120904	0.1941041	0.4197782
378	1	1.120904	0.1941041	0.4197782
378	2	1.120904	0.1941041	0.4197782
379	1	1.120904	0.1941041	0.4197782
379	2	1.120904	0.1941041	0.4197782
380	1	1.120904	0.1941041	0.4197782
380	2	1.120904	0.1941041	0.4197782
381	1	1.120904	0.1941041	0.4197782
381	2	1.120904	0.1941041	0.4197782
382	1	1.120904	0.1941041	0.4197782
382	2	1.120904	0.1941041	0.4197782
383	1	1.120904	0.1941041	0.4197782
383	2	1.120904	0.1941041	0.4197782
383	3	1.120904	0.1941041	0.4197782
383	4	1.120904	0.1941041	0.4197782
383	5	1.120904	0.1941041	0.4197782
383	6	1.120904	0.1941041	0.4197782
383	7	1.120904	0.1941041	0.4197782
384	1	1.120904	0.1941041	0.4197782
384	2	1.120904	0.1941041	0.4197782
384	3	1.120904	0.1941041	0.4197782
384	4	1.120904	0.1941041	0.4197782
384	5	1.120904	0.1941041	0.4197782
384	6	1.120904	0.1941041	0.4197782
384	7	1.120904	0.1941041	0.4197782
385	1	1.120904	0.1941041	0.4197782
385	2	1.120904	0.1941041	0.4197782
385	3	1.120904	0.1941041	0.4197782
385	4	1.120904	0.1941041	0.4197782
385	5	1.120904	0.1941041	0.4197782
385	6	1.120904	0.1941041	0.4197782
385	7	1.120904	0.1941041	0.4197782
386	1	1.120904	0.1941041	0.4197782
386	2	1.120904	0.1941041	0.4197782
386	3	1.120904	0.1941041	0.4197782
386	4	1.120904	0.1941041	0.4197782
386	5	1.120904	0.1941041	0.4197782
386	6	1.120904	0.1941041	0.4197782
386	7	1.120904	0.1941041	0.4197782
387	1	1.120904	0.1941041	0.4197782
387	2	1.120904	0.1941041	0.4197782
387	3	1.120904	0.1941041	0.4197782
387	4	1.120904	0.1941041	0.4197782
387	5	1.120904	0.1941041	0.4197782
387	6	1.120904	0.1941041	0.4197782
387	7	1.120904	0.1941041	0.4197782
388	1	1.120904	0.1941041	0.4197782
388	2	1.120904	0.1941041	0.4197782
388	3	1.120904	0.1941041	0.4197782
388	4	1.120904	0.1941041	0.4197782
388	5	1.120904	0.1941041	0.4197782
388	6	1.120904	0.1941041	0.4197782
388	7	1.120904	0.1941041	0.4197782
389	1	1.120904	0.1941041	0.4197782
389	2	1.120904	0.1941041	0.4197782
389	3	1.120904	0.1941041	0.4197782
389	4	1.120904	0.1941041	0.4197782
389	5	1.120904	0.1941041	0.4197782
389	6	1.120904	0.1941041	0.4197782
389	7	1.120904	0.1941041	0.4197782
390	1	1.120904	0.1941041	0.4197782
390	2	1.120904	0.1941041	0.4197782
390	3	1.120904	0.1941041	0.4197782
390	4	1.120904	0.1941041	0.4197782
390	5	1.120904	0.1941041	0.4197782
390	6	1.120904	0.1941041	0.4197782
390	7	1.120904	0.1941041	0.4197782
391	1	1.120904	0.1941041	0.4197782
391	2	1.120904	0.1941041	0.4197782
391	3	1.120904	0.1941041	0.4197782
391	4	1.120904	0.1941041	0.4197782
391	5	1.120904	0.1941041	0.4197782
391	6	1.120904	0.1941041	0.4197782
391	7	1.120904	0.1941041	0.4197782
392	1	1.120904	0.1941041	0.4197782
392	2	1.120904	0.1941041	0.4197782
392	3	1.120904	0.1941041	0.4197782
392	4	1.120904	0.1941041	0.4197782
392	5	1.120904	0.1941041	0.4197782
392	6	1.120904	0.1941041	0.4197782
392	7	1.120904	0.1941041	0.4197782
393	1	1.120904	0.1941041	0.4197782
393	2	1.120904	0.1941041	0.4197782
393	3	1.120904	0.1941041	0.4197782
393	4	1.120904	0.1941041	0.4197782
393	5	1.120904	0.1941041	0.4197782
393	6	1.120904	0.1941041	0.4197782
393	7	1.120904	0.1941041	0.4197782
394	1	1.120904	0.1941041	0.4197782
394	2	1.120904	0.1941041	0.4197782
394	3	1.120904	0.1941041	0.4197782
394	4	1.120904	0.1941041	0.4197782
394	5	1.120904	0.1941041	0.4197782
394	6	1.120904	0.1941041	0.4197782
394	7	1.120904	0.1941041	0.4197782
395	1	1.120904	0.1941041	0.4197782
395	2	1.120904	0.1941041	0.4197782
395	3	1.120904	0.1941041	0.4197782
395	4	1.120904	0.1941041	0.4197782
395	5	1.120904	0.1941041	0.4197782
395	6	1.120904	0.1941041	0.4197782
395	7	1.120904	0.1941041	0.4197782
396	1	1.120904	0.1941041	0.4197782
396	2	1.120904	0.1941041	0.4197782
396	3	1.120904	0.1941041	0.4197782
396	4	1.120904	0.1941041	0.4197782
396	5	1.120904	0.1941041	0.4197782
396	6	1.120904	0.1941041	0.4197782
396	7	1.120904	0.1941041	0.4197782
397	1	1.120904	0.1941041	0.4197782
397	2	1.120904	0.1941041	0.4197782
397	3	1.120904	0.1941041	0.4197782
397	4	1.120904	0.1941041	0.4197782
397	5	1.120904	0.1941041	0.4197782
397	6	1.120904	0.1941041	0.4197782
397	7	1.120904	0.1941041	0.4197782
398	1	1.120904	0.1941041	0.4197782
398	2	1.120904	0.1941041	0.4197782
398	3	1.120904	0.1941041	0.4197782
398	4	1.120904	0.1941041	0.4197782
398	5	1.120904	0.1941041	0.4197782
398	6	1.120904	0.1941041	0.4197782
398	7	1.120904	0.1941041	0.4197782
399	1	1.120904	0.1941041	0.4197782
399	2	1.120904	0.1941041	0.4197782
399	3	1.120904	0.1941041	0.4197782
399	4	1.120904	0.1941041	0.4197782
399	5	1.120904	0.1941041	0.4197782
399	6	1.120904	0.1941041	0.4197782
399	7	1.120904	0.1941041	0.4197782
400	1	1.120904	0.1941041	0.4197782
400	2	1.120904	0.1941041	0.4197782
400	3	1.120904	0.1941041	0.4197782
400	4	1.120904	0.1941041	0.4197782
400	5	1.120904	0.1941041	0.4197782
400	6	1.120904	0.1941041	0.4197782
400	7	1.120904	0.1941041	0.4197782
401	1	1.120904	0.1941041	0.4197782
401	2	1.120904	0.1941041	0.4197782
401	3	1.120904	0.1941041	0.4197782
401	4	1.120904	0.1941041	0.4197782
401	5	1.120904	0.1941041	0.4197782
402	1	1.120904	0.1941041	0.4197782
402	2	1.120904	0.1941041	0.4197782
402	3	1.120904	0.1941041	0.4197782
402	4	1.120904	0.1941041	0.4197782
402	5	1.120904	0.1941041	0.4197782
403	1	1.120904	0.1941041	0.4197782
403	2	1.120904	0.1941041	0.4197782
403	3	1.120904	0.1941041	0.4197782
403	4	1.120904	0.1941041	0.4197782
403	5	1.120904	0.1941041	0.4197782
404	1	1.120904	0.1941041	0.4197782
404	2	1.120904	0.1941041	0.4197782
404	3	1.120904	0.1941041	0.4197782
404	4	1.120904	0.1941041	0.4197782
404	5	1.120904	0.1941041	0.4197782
405	1	0.4690507	0.3136748	1.155808
405	2	0.4690507	0.3136748	1.155808
405	3	0.4690508	0.3136747	1.155808
405	4	0.4690507	0.3136747	1.155808
405	5	0.4690507	0.3136747	1.155808
405	6	0.2072979	0.5059634	0.02166454
405	7	0.2072979	0.5059634	0.02166454
406	1	1.120904	0.1941041	0.4197782
406	2	1.120904	0.1941041	0.4197782
406	3	1.120904	0.1941041	0.4197782
406	4	1.120904	0.1941041	0.4197782
406	5	1.120904	0.1941041	0.4197782
406	6	1.120904	0.1941041	0.4197782
406	7	1.120904	0.1941041	0.4197782
407	1	1.120904	0.1941041	0.4197782
407	2	1.120904	0.1941041	0.4197782
407	3	1.120904	0.1941041	0.4197782
407	4	1.120904	0.1941041	0.4197782
407	5	1.120904	0.1941041	0.4197782
407	6	1.120904	0.1941041	0.4197782
407	7	1.120904	0.1941041	0.4197782
408	1	1.120904	0.1941041	0.4197782
408	2	1.120904	0.1941041	0.4197782
408	3	1.120904	0.1941041	0.4197782
408	4	1.120904	0.1941041	0.4197782
408	5	1.120904	0.1941041	0.4197782
408	6	1.120904	0.1941041	0.4197782
408	7	1.120904	0.1941041	0.4197782
409	1	1.120904	0.1941041	0.4197782
409	2	1.120904	0.1941041	0.4197782
409	3	1.120904	0.1941041	0.4197782
409	4	1.120904	0.1941041	0.4197782
409	5	1.120904	0.1941041	0.4197782
409	6	1.120904	0.1941041	0.4197782
409	7	1.120904	0.1941041	0.4197782
410	1	1.221794	0.1639271	0.4215108
410	3	-0.1590567	0.5769518	0.3977977
411	1	-0.0393839	0.5648208	0.1653506
411	2	0.9341348	0.2202781	0.7107884
411	3	0.9341348	0.2202781	0.7107884
411	4	0.9341348	0.2202781	0.7107884
411	5	0.9341348	0.2202781	0.7107884
411	6	0.9341348	0.2202781	0.7107884
411	7	0.9341348	0.2202781	0.7107884
412	1	-0.0393839	0.5648208	0.1653506
412	2	0.9341348	0.2202781	0.7107884
412	3	0.9341348	0.2202781	0.7107884
412	4	0.9341348	0.2202781	0.7107884
412	5	0.9341348	0.2202781	0.7107884
412	6	0.9341348	0.2202781	0.7107884
412	7	0.9341348	0.2202781	0.7107884
413	1	-0.0393839	0.5648208	0.1653506
413	2	0.9341348	0.2202781	0.7107884
413	3	0.9341348	0.2202781	0.7107884
413	4	0.9341348	0.2202781	0.7107884
413	5	0.9341348	0.2202781	0.7107884
413	6	0.9341348	0.2202781	0.7107884
413	7	0.9341348	0.2202781	0.7107884
414	1	-0.0393839	0.5648208	0.1653506
414	2	0.9341348	0.2202781	0.7107884
414	3	0.9341348	0.2202781	0.7107884
414	4	0.9341348	0.2202781	0.7107884
414	5	0.9341348	0.2202781	0.7107884
414	6	0.9341348	0.2202781	0.7107884
414	7	0.9341348	0.2202781	0.7107884
415	1	1.290933	0.1432469	0.4226981
415	2	-0.1256971	0.5669736	0.3983706
415	3	-0.1256971	0.5669736	0.3983706
415	4	-0.1256971	0.5669736	0.3983706
415	5	-0.1256971	0.5669736	0.3983706
415	6	-0.1256971	0.5669736	0.3983706
416	1	1.290933	0.1432469	0.4226981
416	2	-0.1256971	0.5669736	0.3983706
416	3	-0.1256971	0.5669736	0.3983706
416	4	-0.1256971	0.5669736	0.3983706
416	5	-0.1256971	0.5669736	0.3983706
416	6	-0.1256971	0.5669736	0.3983706
417	1	-0.0393839	0.5648208	0.1653506
417	2	0.9341348	0.2202781	0.7107884
417	3	0.9341348	0.2202781	0.7107884
417	4	0.9341348	0.2202781	0.7107884
417	5	0.9341348	0.2202781	0.7107884
417	6	0.9341348	0.2202781	0.7107884
417	7	0.9341348	0.2202781	0.7107884
418	1	1.120904	0.1941041	0.4197782
418	2	1.120904	0.1941041	0.4197782
418	3	1.120904	0.1941041	0.4197782
418	4	1.120904	0.1941041	0.4197782
418	5	1.120904	0.1941041	0.4197782
418	6	1.120904	0.1941041	0.4197782
418	7	1.120904	0.1941041	0.4197782
419	1	1.120904	0.1941041	0.4197782
419	2	1.120904	0.1941041	0.4197782
419	3	1.120904	0.1941041	0.4197782
419	4	1.120904	0.1941041	0.4197782
419	5	1.120904	0.1941041	0.4197782
419	6	1.120904	0.1941041	0.4197782
419	7	1.120904	0.1941041	0.4197782
420	1	1.120904	0.1941041	0.4197782
420	2	1.120904	0.1941041	0.4197782
420	3	1.120904	0.1941041	0.4197782
420	4	1.120904	0.1941041	0.4197782
420	5	1.120904	0.1941041	0.4197782
420	6	1.120904	0.1941041	0.4197782
420	7	1.120904	0.1941041	0.4197782
421	1	1.120904	0.1941041	0.4197782
421	2	1.120904	0.1941041	0.4197782
421	3	1.120904	0.1941041	0.4197782
421	4	1.120904	0.1941041	0.4197782
421	5	1.120904	0.1941041	0.4197782
421	6	1.120904	0.1941041	0.4197782
421	7	1.120904	0.1941041	0.4197782
422	1	1.120904	0.1941041	0.4197782
422	2	1.120904	0.1941041	0.4197782
422	3	1.120904	0.1941041	0.4197782
422	4	1.120904	0.1941041	0.4197782
422	5	1.120904	0.1941041	0.4197782
422	6	1.120904	0.1941041	0.4197782
422	7	1.120904	0.1941041	0.4197782
423	1	1.120904	0.1941041	0.4197782
423	2	1.120904	0.1941041	0.4197782
423	3	1.120904	0.1941041	0.4197782
423	4	1.120904	0.1941041	0.4197782
423	5	1.120904	0.1941041	0.4197782
423	6	1.120904	0.1941041	0.4197782
423	7	1.120904	0.1941041	0.4197782
424	1	1.120904	0.1941041	0.4197782
424	2	1.120904	0.1941041	0.4197782
424	3	1.120904	0.1941041	0.4197782
424	4	1.120904	0.1941041	0.4197782
424	5	1.120904	0.1941041	0.4197782
424	6	1.120904	0.1941041	0.4197782
425	1	1.120904	0.1941041	0.4197782
425	2	1.120904	0.1941041	0.4197782
425	3	1.120904	0.1941041	0.4197782
425	4	1.120904	0.1941041	0.4197782
425	5	1.120904	0.1941041	0.4197782
425	6	1.120904	0.1941041	0.4197782
426	1	1.120904	0.1941041	0.4197782
426	2	1.120904	0.1941041	0.4197782
426	3	1.120904	0.1941041	0.4197782
426	4	1.120904	0.1941041	0.4197782
426	5	1.120904	0.1941041	0.4197782
426	6	1.120904	0.1941041	0.4197782
427	1	1.120904	0.1941041	0.4197782
427	2	1.120904	0.1941041	0.4197782
427	3	1.120904	0.1941041	0.4197782
427	4	1.120904	0.1941041	0.4197782
427	5	1.120904	0.1941041	0.4197782
427	6	1.120904	0.1941041	0.4197782
428	1	0.9227036	0.2224759	0.7226957
428	2	0.9227036	0.2224759	0.7226956
428	3	0.9227036	0.2224759	0.7226957
428	4	0.9227036	0.2224759	0.7226957
428	5	0.9227036	0.2224759	0.7226957
428	6	0.9227036	0.2224759	0.7226957
428	7	-0.03295656	0.5635429	0.1590744
429	1	1.120904	0.1941041	0.4197782
429	2	1.120904	0.1941041	0.4197782
429	3	1.120904	0.1941041	0.4197782
429	4	1.120904	0.1941041	0.4197782
429	5	1.120904	0.1941041	0.4197782
429	6	1.120904	0.1941041	0.4197782
429	7	1.120904	0.1941041	0.4197782
430	1	1.120904	0.1941041	0.4197782
430	2	1.120904	0.1941041	0.4197782
430	3	1.120904	0.1941041	0.4197782
430	4	1.120904	0.1941041	0.4197782
430	5	1.120904	0.1941041	0.4197782
430	6	1.120904	0.1941041	0.4197782
430	7	1.120904	0.1941041	0.4197782
431	1	1.120904	0.1941041	0.4197782
431	2	1.120904	0.1941041	0.4197782
431	3	1.120904	0.1941041	0.4197782
431	4	1.120904	0.1941041	0.4197782
431	5	1.120904	0.1941041	0.4197782
431	6	1.120904	0.1941041	0.4197782
431	7	1.120904	0.1941041	0.4197782
432	1	1.120904	0.1941041	0.4197782
432	2	1.120904	0.1941041	0.4197782
432	3	1.120904	0.1941041	0.4197782
432	4	1.120904	0.1941041	0.4197782
432	5	1.120904	0.1941041	0.4197782
432	6	1.120904	0.1941041	0.4197782
432	7	1.120904	0.1941041	0.4197782
433	1	1.120904	0.1941041	0.4197782
433	2	1.120904	0.1941041	0.4197782
433	3	1.120904	0.1941041	0.4197782
433	4	1.120904	0.1941041	0.4197782
433	5	1.120904	0.1941041	0.4197782
433	6	1.120904	0.1941041	0.4197782
433	7	1.120904	0.1941041	0.4197782
434	2	1.120904	0.1941041	0.4197782
434	3	1.120904	0.1941041	0.4197782
434	4	1.120904	0.1941041	0.4197782
434	5	1.120904	0.1941041	0.4197782
434	6	1.120904	0.1941041	0.4197782
434	7	1.120904	0.1941041	0.4197782
435	2	1.120904	0.1941041	0.4197782
435	3	1.120904	0.1941041	0.4197782
435	4	1.120904	0.1941041	0.4197782
435	5	1.120904	0.1941041	0.4197782
435	6	1.120904	0.1941041	0.4197782
435	7	1.120904	0.1941041	0.4197782
436	1	-0.0393839	0.5648208	0.1653506
436	2	0.9341348	0.2202781	0.7107884
436	3	0.9341348	0.2202781	0.7107884
436	4	0.9341348	0.2202781	0.7107884
436	5	0.9341348	0.2202781	0.7107884
436	6	0.9341348	0.2202781	0.7107884
436	7	0.9341348	0.2202781	0.7107884
437	1	-0.0393839	0.5648208	0.1653506
437	2	0.9341348	0.2202781	0.7107884
437	3	0.9341348	0.2202781	0.7107884
437	4	0.9341348	0.2202781	0.7107884
437	5	0.9341348	0.2202781	0.7107884
437	6	0.9341348	0.2202781	0.7107884
437	7	0.9341348	0.2202781	0.7107884
444	1	-0.0393839	0.5648208	0.1653506
444	2	0.9341348	0.2202781	0.7107884
444	3	0.9341348	0.2202781	0.7107884
444	4	0.9341348	0.2202781	0.7107884
444	5	0.9341348	0.2202781	0.7107884
444	6	0.9341348	0.2202781	0.7107884
444	7	0.9341348	0.2202781	0.7107884
445	1	-0.0393839	0.5648208	0.1653506
445	2	0.9341348	0.2202781	0.7107884
445	3	0.9341348	0.2202781	0.7107884
445	4	0.9341348	0.2202781	0.7107884
445	5	0.9341348	0.2202781	0.7107884
445	6	0.9341348	0.2202781	0.7107884
445	7	0.9341348	0.2202781	0.7107884
446	1	-0.0393839	0.5648208	0.1653506
446	2	0.9341348	0.2202781	0.7107884
446	3	0.9341348	0.2202781	0.7107884
446	4	0.9341348	0.2202781	0.7107884
446	5	0.9341348	0.2202781	0.7107884
446	6	0.9341348	0.2202781	0.7107884
446	7	0.9341348	0.2202781	0.7107884
447	1	-0.0393839	0.5648208	0.1653506
447	2	0.9341348	0.2202781	0.7107884
447	3	0.9341348	0.2202781	0.7107884
447	4	0.9341348	0.2202781	0.7107884
447	5	0.9341348	0.2202781	0.7107884
447	6	0.9341348	0.2202781	0.7107884
447	7	0.9341348	0.2202781	0.7107884
448	1	-0.0393839	0.5648208	0.1653506
448	2	0.9341348	0.2202781	0.7107884
448	3	0.9341348	0.2202781	0.7107884
448	4	0.9341348	0.2202781	0.7107884
448	5	0.9341348	0.2202781	0.7107884
448	6	0.9341348	0.2202781	0.7107884
448	7	0.9341348	0.2202781	0.7107884
449	1	-0.0393839	0.5648208	0.1653506
449	2	0.9341348	0.2202781	0.7107884
449	3	0.9341348	0.2202781	0.7107884
449	4	0.9341348	0.2202781	0.7107884
449	5	0.9341348	0.2202781	0.7107884
449	6	0.9341348	0.2202781	0.7107884
449	7	0.9341348	0.2202781	0.7107884
450	1	-0.0393839	0.5648208	0.1653506
450	2	0.9341348	0.2202781	0.7107884
450	3	0.9341348	0.2202781	0.7107884
450	4	0.9341348	0.2202781	0.7107884
450	5	0.9341348	0.2202781	0.7107884
450	6	0.9341348	0.2202781	0.7107884
450	7	0.9341348	0.2202781	0.7107884
451	2	1.14211	0.2109826	0.1900296
451	3	-0.2685175	0.5718257	0.7711602
451	4	1.14211	0.2109826	0.1900296
451	5	1.14211	0.2109826	0.1900296
451	6	1.14211	0.2109826	0.1900296
451	7	1.14211	0.2109826	0.1900296
456	2	-0.1712966	0.5806128	0.3975875
456	5	1.247544	0.1562251	0.421953
457	2	1.120904	0.1941041	0.4197782
457	5	1.120904	0.1941041	0.4197782
457	6	1.120904	0.1941041	0.4197782
457	7	1.120904	0.1941041	0.4197782
