1	1	1.120904	0.1941041	0.4197782
1	2	1.120904	0.1941041	0.4197782
1	3	1.120904	0.1941041	0.4197782
1	4	1.120904	0.1941041	0.4197782
1	5	1.120904	0.1941041	0.4197782
2	1	1.120904	0.1941041	0.4197782
2	2	1.120904	0.1941041	0.4197782
2	3	1.120904	0.1941041	0.4197782
2	4	1.120904	0.1941041	0.4197782
2	5	1.120904	0.1941041	0.4197782
3	1	1.120904	0.1941041	0.4197782
3	2	1.120904	0.1941041	0.4197782
3	3	1.120904	0.1941041	0.4197782
3	4	1.120904	0.1941041	0.4197782
3	5	1.120904	0.1941041	0.4197782
4	1	1.120904	0.1941041	0.4197782
4	2	1.120904	0.1941041	0.4197782
4	3	1.120904	0.1941041	0.4197782
4	4	1.120904	0.1941041	0.4197782
4	5	1.120904	0.1941041	0.4197782
5	1	1.120904	0.1941041	0.4197782
5	2	1.120904	0.1941041	0.4197782
5	3	1.120904	0.1941041	0.4197782
5	4	1.120904	0.1941041	0.4197782
5	5	1.120904	0.1941041	0.4197782
6	1	1.120904	0.1941041	0.4197782
6	2	1.120904	0.1941041	0.4197782
6	3	1.120904	0.1941041	0.4197782
6	4	1.120904	0.1941041	0.4197782
6	5	1.120904	0.1941041	0.4197782
7	1	1.120904	0.1941041	0.4197782
7	2	1.120904	0.1941041	0.4197782
7	3	1.120904	0.1941041	0.4197782
7	4	1.120904	0.1941041	0.4197782
7	5	1.120904	0.1941041	0.4197782
10	1	-0.1437260	0.5723662	0.398061
10	2	-0.1437260	0.5723662	0.398061
10	3	-0.1437260	0.5723662	0.398061
10	4	-0.1437260	0.5723662	0.398061
10	5	1.408068	0.108211	0.4247096
11	1	-0.1437260	0.5723662	0.398061
11	2	-0.1437260	0.5723662	0.398061
11	3	-0.1437260	0.5723662	0.398061
11	4	-0.1437260	0.5723662	0.398061
11	5	1.408068	0.108211	0.4247096
12	1	-0.1437260	0.5723662	0.398061
12	2	-0.1437260	0.5723662	0.398061
12	3	-0.1437260	0.5723662	0.398061
12	4	-0.1437260	0.5723662	0.398061
12	5	1.408068	0.108211	0.4247096
13	1	-0.1437260	0.5723662	0.398061
13	2	-0.1437260	0.5723662	0.398061
13	3	-0.1437260	0.5723662	0.398061
13	4	-0.1437260	0.5723662	0.398061
13	5	1.408068	0.108211	0.4247096
14	1	-0.1437260	0.5723662	0.398061
14	2	-0.1437260	0.5723662	0.398061
14	3	-0.1437260	0.5723662	0.398061
14	4	-0.1437260	0.5723662	0.398061
14	5	1.408068	0.108211	0.4247096
15	1	-0.1437260	0.5723662	0.398061
15	2	-0.1437260	0.5723662	0.398061
15	3	-0.1437260	0.5723662	0.398061
15	4	-0.1437260	0.5723662	0.398061
15	5	1.408068	0.108211	0.4247096
16	1	-0.1437260	0.5723662	0.398061
16	2	-0.1437260	0.5723662	0.398061
16	3	-0.1437260	0.5723662	0.398061
16	4	-0.1437260	0.5723662	0.398061
16	5	1.408068	0.108211	0.4247096
17	1	-0.1437260	0.5723662	0.398061
17	2	-0.1437260	0.5723662	0.398061
17	3	-0.1437260	0.5723662	0.398061
17	4	-0.1437260	0.5723662	0.398061
17	5	1.408068	0.108211	0.4247096
18	1	-0.1437260	0.5723662	0.398061
18	2	-0.1437260	0.5723662	0.398061
18	3	-0.1437260	0.5723662	0.398061
18	4	-0.1437260	0.5723662	0.398061
18	5	1.408068	0.108211	0.4247096
19	1	-0.1437260	0.5723662	0.398061
19	2	-0.1437260	0.5723662	0.398061
19	3	-0.1437260	0.5723662	0.398061
19	4	-0.1437260	0.5723662	0.398061
19	5	1.408068	0.108211	0.4247096
20	1	-0.1437260	0.5723662	0.398061
20	2	-0.1437260	0.5723662	0.398061
20	3	-0.1437260	0.5723662	0.398061
20	4	-0.1437260	0.5723662	0.398061
20	5	1.408068	0.108211	0.4247096
31	1	-0.1437260	0.5723662	0.398061
31	2	-0.1437260	0.5723662	0.398061
31	3	-0.1437260	0.5723662	0.398061
31	4	-0.1437260	0.5723662	0.398061
31	5	1.408068	0.108211	0.4247096
32	1	-0.1437260	0.5723662	0.398061
32	2	-0.1437260	0.5723662	0.398061
32	3	-0.1437260	0.5723662	0.398061
32	4	-0.1437260	0.5723662	0.398061
32	5	1.408068	0.108211	0.4247096
33	1	-0.1437260	0.5723662	0.398061
33	2	-0.1437260	0.5723662	0.398061
33	3	-0.1437260	0.5723662	0.398061
33	4	-0.1437260	0.5723662	0.398061
33	5	1.408068	0.108211	0.4247096
34	1	1.120904	0.1941041	0.4197782
34	2	1.120904	0.1941041	0.4197782
34	3	1.120904	0.1941041	0.4197782
34	4	1.120904	0.1941041	0.4197782
34	5	1.120904	0.1941041	0.4197782
35	1	1.120904	0.1941041	0.4197782
35	2	1.120904	0.1941041	0.4197782
35	3	1.120904	0.1941041	0.4197782
35	4	1.120904	0.1941041	0.4197782
35	5	1.120904	0.1941041	0.4197782
36	1	1.120904	0.1941041	0.4197782
36	2	1.120904	0.1941041	0.4197782
36	3	1.120904	0.1941041	0.4197782
36	4	1.120904	0.1941041	0.4197782
36	5	1.120904	0.1941041	0.4197782
37	1	1.120904	0.1941041	0.4197782
37	2	1.120904	0.1941041	0.4197782
37	3	1.120904	0.1941041	0.4197782
37	4	1.120904	0.1941041	0.4197782
37	5	1.120904	0.1941041	0.4197782
38	1	1.120904	0.1941041	0.4197782
38	2	1.120904	0.1941041	0.4197782
38	3	1.120904	0.1941041	0.4197782
38	4	1.120904	0.1941041	0.4197782
38	5	1.120904	0.1941041	0.4197782
39	1	1.120904	0.1941041	0.4197782
39	2	1.120904	0.1941041	0.4197782
39	3	1.120904	0.1941041	0.4197782
39	4	1.120904	0.1941041	0.4197782
39	5	1.120904	0.1941041	0.4197782
40	1	1.120904	0.1941041	0.4197782
40	2	1.120904	0.1941041	0.4197782
40	3	1.120904	0.1941041	0.4197782
40	4	1.120904	0.1941041	0.4197782
40	5	1.120904	0.1941041	0.4197782
41	1	1.120904	0.1941041	0.4197782
41	2	1.120904	0.1941041	0.4197782
41	3	1.120904	0.1941041	0.4197782
41	4	1.120904	0.1941041	0.4197782
41	5	1.120904	0.1941041	0.4197782
42	1	1.120904	0.1941041	0.4197782
42	2	1.120904	0.1941041	0.4197782
42	3	1.120904	0.1941041	0.4197782
42	4	1.120904	0.1941041	0.4197782
42	5	1.120904	0.1941041	0.4197782
43	1	1.120904	0.1941041	0.4197782
43	2	1.120904	0.1941041	0.4197782
43	3	1.120904	0.1941041	0.4197782
43	4	1.120904	0.1941041	0.4197782
43	5	1.120904	0.1941041	0.4197782
44	1	1.120904	0.1941041	0.4197782
44	2	1.120904	0.1941041	0.4197782
44	3	1.120904	0.1941041	0.4197782
44	4	1.120904	0.1941041	0.4197782
44	5	1.120904	0.1941041	0.4197782
45	1	1.120904	0.1941041	0.4197782
45	2	1.120904	0.1941041	0.4197782
45	3	1.120904	0.1941041	0.4197782
45	4	1.120904	0.1941041	0.4197782
45	5	1.120904	0.1941041	0.4197782
46	1	1.120904	0.1941041	0.4197782
46	2	1.120904	0.1941041	0.4197782
46	3	1.120904	0.1941041	0.4197782
46	5	1.120904	0.1941041	0.4197782
47	1	1.120904	0.1941041	0.4197782
47	2	1.120904	0.1941041	0.4197782
47	3	1.120904	0.1941041	0.4197782
47	5	1.120904	0.1941041	0.4197782
48	1	1.120904	0.1941041	0.4197782
48	2	1.120904	0.1941041	0.4197782
48	3	1.120904	0.1941041	0.4197782
48	5	1.120904	0.1941041	0.4197782
49	1	1.120904	0.1941041	0.4197782
49	2	1.120904	0.1941041	0.4197782
49	3	1.120904	0.1941041	0.4197782
49	5	1.120904	0.1941041	0.4197782
50	1	1.297322	0.1413361	0.4228078
50	2	1.120904	0.1941041	0.4197782
50	3	1.120904	0.1941041	0.4197782
50	5	-0.1942715	0.5874848	0.397193
51	1	1.297322	0.1413361	0.4228078
51	5	-0.1942715	0.5874848	0.397193
52	1	1.297322	0.1413361	0.4228078
52	5	-0.1942715	0.5874848	0.397193
53	1	1.297322	0.1413361	0.4228078
53	5	-0.1942715	0.5874848	0.397193
54	1	0.6013736	0.3913296	-0.003652374
54	4	-0.3518625	0.5889118	0.8474506
54	5	0.970852	0.1932761	0.8701653
55	1	0.6013736	0.3913296	-0.003652374
55	4	-0.3518625	0.5889118	0.8474506
55	5	0.970852	0.1932761	0.8701653
56	1	0.6013736	0.3913296	-0.003652374
56	4	-0.3518625	0.5889118	0.8474506
56	5	0.970852	0.1932761	0.8701653
57	1	-0.1594441	0.5770676	0.3977911
57	2	-0.1699853	0.5802206	0.3976101
57	3	-0.1699853	0.5802206	0.3976101
57	4	0.7038433	0.2437317	1.157011
57	5	1.218028	0.2008712	0.06651042
58	1	-0.1594441	0.5770676	0.3977911
58	2	-0.1699853	0.5802206	0.3976101
58	3	-0.1699853	0.5802206	0.3976101
58	4	0.7038433	0.2437317	1.157011
58	5	1.218028	0.2008712	0.06651042
59	1	-0.1594441	0.5770676	0.3977911
59	2	-0.1699853	0.5802206	0.3976101
59	3	-0.1699853	0.5802206	0.3976101
59	4	0.7038433	0.2437317	1.157011
59	5	1.218028	0.2008712	0.06651042
60	1	-0.1594441	0.5770676	0.3977911
60	2	-0.1699853	0.5802206	0.3976101
60	3	-0.1699853	0.5802206	0.3976101
60	4	0.7038433	0.2437317	1.157011
60	5	1.218028	0.2008712	0.06651042
61	1	-0.1594441	0.5770676	0.3977911
61	2	-0.1699853	0.5802206	0.3976101
61	3	-0.1699853	0.5802206	0.3976101
61	4	0.7038433	0.2437317	1.157011
61	5	1.218028	0.2008712	0.06651042
62	1	-0.1594441	0.5770676	0.3977911
62	2	-0.1699853	0.5802206	0.3976101
62	3	-0.1699853	0.5802206	0.3976101
62	4	0.7038433	0.2437317	1.157011
62	5	1.218028	0.2008712	0.06651042
63	1	-0.1594441	0.5770676	0.3977911
63	2	-0.1699853	0.5802206	0.3976101
63	3	-0.1699853	0.5802206	0.3976101
63	4	0.7038433	0.2437317	1.157011
63	5	1.218028	0.2008712	0.06651042
64	1	0.2473079	0.4929489	0.03272809
64	2	-0.2905116	0.5735871	0.8185185
64	3	-0.2905116	0.5735871	0.8185185
64	4	1.371796	0.1170583	0.4439238
68	1	1.261228	0.1521319	0.422188
68	2	-0.1263157	0.5671586	0.39836
68	3	-0.1263157	0.5671586	0.39836
68	4	-0.1263157	0.5671586	0.39836
68	5	-0.1263157	0.5671586	0.39836
69	1	1.261228	0.1521319	0.422188
69	2	-0.1263157	0.5671586	0.39836
69	3	-0.1263157	0.5671586	0.39836
69	4	-0.1263157	0.5671586	0.39836
69	5	-0.1263157	0.5671586	0.39836
70	1	1.261228	0.1521319	0.422188
70	2	-0.1263157	0.5671586	0.39836
70	3	-0.1263157	0.5671586	0.39836
70	4	-0.1263157	0.5671586	0.39836
70	5	-0.1263157	0.5671586	0.39836
71	1	1.261228	0.1521319	0.422188
71	2	-0.1263157	0.5671586	0.39836
71	3	-0.1263157	0.5671586	0.39836
71	4	-0.1263157	0.5671586	0.39836
71	5	-0.1263157	0.5671586	0.39836
72	1	1.261228	0.1521319	0.422188
72	2	-0.1263157	0.5671586	0.39836
72	3	-0.1263157	0.5671586	0.39836
72	4	-0.1263157	0.5671586	0.39836
72	5	-0.1263157	0.5671586	0.39836
73	1	1.261228	0.1521319	0.422188
73	2	-0.1263157	0.5671586	0.39836
73	3	-0.1263157	0.5671586	0.39836
73	4	-0.1263157	0.5671586	0.39836
73	5	-0.1263157	0.5671586	0.39836
74	1	1.261228	0.1521319	0.422188
74	2	-0.1263157	0.5671586	0.39836
74	3	-0.1263157	0.5671586	0.39836
74	4	-0.1263157	0.5671586	0.39836
74	5	-0.1263157	0.5671586	0.39836
75	1	1.261228	0.1521319	0.422188
75	2	-0.1263157	0.5671586	0.39836
75	3	-0.1263157	0.5671586	0.39836
75	4	-0.1263157	0.5671586	0.39836
75	5	-0.1263157	0.5671586	0.39836
76	1	1.261228	0.1521319	0.422188
76	2	-0.1263157	0.5671586	0.39836
76	3	-0.1263157	0.5671586	0.39836
76	4	-0.1263157	0.5671586	0.39836
76	5	-0.1263157	0.5671586	0.39836
77	1	1.261228	0.1521319	0.422188
77	2	-0.1263157	0.5671586	0.39836
77	3	-0.1263157	0.5671586	0.39836
77	4	-0.1263157	0.5671586	0.39836
77	5	-0.1263157	0.5671586	0.39836
78	1	1.261228	0.1521319	0.422188
78	2	-0.1263157	0.5671586	0.39836
78	3	-0.1263157	0.5671586	0.39836
78	4	-0.1263157	0.5671586	0.39836
78	5	-0.1263157	0.5671586	0.39836
79	1	1.261228	0.1521319	0.422188
79	2	-0.1263157	0.5671586	0.39836
79	3	-0.1263157	0.5671586	0.39836
79	4	-0.1263157	0.5671586	0.39836
79	5	-0.1263157	0.5671586	0.39836
80	2	1.120904	0.1941041	0.4197782
80	3	1.120904	0.1941041	0.4197782
80	4	1.120904	0.1941041	0.4197782
80	5	1.120904	0.1941041	0.4197782
81	1	1.261228	0.1521319	0.422188
81	2	-0.1263157	0.5671586	0.39836
81	3	-0.1263157	0.5671586	0.39836
81	4	-0.1263157	0.5671586	0.39836
81	5	-0.1263157	0.5671586	0.39836
82	1	1.261228	0.1521319	0.422188
82	2	-0.1263157	0.5671586	0.39836
82	3	-0.1263157	0.5671586	0.39836
82	4	-0.1263157	0.5671586	0.39836
82	5	-0.1263157	0.5671586	0.39836
83	1	1.261228	0.1521319	0.422188
83	2	-0.1263157	0.5671586	0.39836
83	3	-0.1263157	0.5671586	0.39836
83	4	-0.1263157	0.5671586	0.39836
83	5	-0.1263157	0.5671586	0.39836
88	1	0.8404181	0.3175950	0.02259332
88	2	0.9278962	0.2150561	0.7809206
88	3	0.9278962	0.2150561	0.7809206
88	4	0.9278962	0.2150561	0.7809206
88	5	-0.2538189	0.6020886	0.4279537
89	1	-0.1437260	0.5723662	0.398061
89	2	-0.1437260	0.5723662	0.398061
89	3	-0.1437260	0.5723662	0.398061
89	4	-0.1437260	0.5723662	0.398061
89	5	1.408068	0.108211	0.4247096
90	1	-0.1437260	0.5723662	0.398061
90	2	-0.1437260	0.5723662	0.398061
90	3	-0.1437260	0.5723662	0.398061
90	4	-0.1437260	0.5723662	0.398061
90	5	1.408068	0.108211	0.4247096
91	1	-0.1437260	0.5723662	0.398061
91	2	-0.1437260	0.5723662	0.398061
91	3	-0.1437260	0.5723662	0.398061
91	4	-0.1437260	0.5723662	0.398061
91	5	1.408068	0.108211	0.4247096
92	1	-0.1437260	0.5723662	0.398061
92	2	-0.1437260	0.5723662	0.398061
92	3	-0.1437260	0.5723662	0.398061
92	4	-0.1437260	0.5723662	0.398061
92	5	1.408068	0.108211	0.4247096
93	1	-0.1437260	0.5723662	0.398061
93	2	-0.1437260	0.5723662	0.398061
93	3	-0.1437260	0.5723662	0.398061
93	4	-0.1437260	0.5723662	0.398061
93	5	1.408068	0.108211	0.4247096
94	1	-0.1437260	0.5723662	0.398061
94	2	-0.1437260	0.5723662	0.398061
94	3	-0.1437260	0.5723662	0.398061
94	4	-0.1437260	0.5723662	0.398061
94	5	1.408068	0.108211	0.4247096
95	1	-0.1437260	0.5723662	0.398061
95	2	-0.1437260	0.5723662	0.398061
95	3	-0.1437260	0.5723662	0.398061
95	4	-0.1437260	0.5723662	0.398061
95	5	1.408068	0.108211	0.4247096
96	1	-0.1437260	0.5723662	0.398061
96	2	-0.1437260	0.5723662	0.398061
96	3	-0.1437260	0.5723662	0.398061
96	4	-0.1437260	0.5723662	0.398061
96	5	1.408068	0.108211	0.4247096
97	1	-0.1437260	0.5723662	0.398061
97	2	-0.1437260	0.5723662	0.398061
97	3	-0.1437260	0.5723662	0.398061
97	4	-0.1437260	0.5723662	0.398061
97	5	1.408068	0.108211	0.4247096
98	1	-0.1437260	0.5723662	0.398061
98	2	-0.1437260	0.5723662	0.398061
98	3	-0.1437260	0.5723662	0.398061
98	4	-0.1437260	0.5723662	0.398061
98	5	1.408068	0.108211	0.4247096
99	1	-0.1437260	0.5723662	0.398061
99	2	-0.1437260	0.5723662	0.398061
99	3	-0.1437260	0.5723662	0.398061
99	4	-0.1437260	0.5723662	0.398061
99	5	1.408068	0.108211	0.4247096
100	1	-0.1437260	0.5723662	0.398061
100	2	-0.1437260	0.5723662	0.398061
100	3	-0.1437260	0.5723662	0.398061
100	4	-0.1437260	0.5723662	0.398061
100	5	1.408068	0.108211	0.4247096
104	1	-0.1437260	0.5723662	0.398061
104	2	-0.1437260	0.5723662	0.398061
104	3	-0.1437260	0.5723662	0.398061
104	4	-0.1437260	0.5723662	0.398061
104	5	1.408068	0.108211	0.4247096
105	1	-0.1437260	0.5723662	0.398061
105	2	-0.1437260	0.5723662	0.398061
105	3	-0.1437260	0.5723662	0.398061
105	4	-0.1437260	0.5723662	0.398061
105	5	1.408068	0.108211	0.4247096
106	1	0.01566224	0.4401523	1.238545
106	2	0.01566226	0.4401523	1.238545
106	3	0.01566223	0.4401523	1.238545
106	4	-0.1942715	0.5874848	0.397193
106	5	1.297322	0.1413361	0.4228078
107	1	0.01566224	0.4401523	1.238545
107	2	0.01566226	0.4401523	1.238545
107	3	0.01566223	0.4401523	1.238545
107	4	-0.1942715	0.5874848	0.397193
107	5	1.297322	0.1413361	0.4228078
109	1	1.120904	0.1941041	0.4197782
109	2	1.120904	0.1941041	0.4197782
109	3	1.120904	0.1941041	0.4197782
109	4	1.120904	0.1941041	0.4197782
109	5	1.120904	0.1941041	0.4197782
110	1	1.120904	0.1941041	0.4197782
110	2	1.120904	0.1941041	0.4197782
110	3	1.120904	0.1941041	0.4197782
110	4	1.120904	0.1941041	0.4197782
110	5	1.120904	0.1941041	0.4197782
111	1	1.120904	0.1941041	0.4197782
111	2	1.120904	0.1941041	0.4197782
111	3	1.120904	0.1941041	0.4197782
111	4	1.120904	0.1941041	0.4197782
111	5	1.120904	0.1941041	0.4197782
112	1	1.120904	0.1941041	0.4197782
112	2	1.120904	0.1941041	0.4197782
112	3	1.120904	0.1941041	0.4197782
112	4	1.120904	0.1941041	0.4197782
112	5	1.120904	0.1941041	0.4197782
113	1	1.120904	0.1941041	0.4197782
113	2	1.120904	0.1941041	0.4197782
113	3	1.120904	0.1941041	0.4197782
113	4	1.120904	0.1941041	0.4197782
113	5	1.120904	0.1941041	0.4197782
114	1	1.120904	0.1941041	0.4197782
114	2	1.120904	0.1941041	0.4197782
114	3	1.120904	0.1941041	0.4197782
114	4	1.120904	0.1941041	0.4197782
114	5	1.120904	0.1941041	0.4197782
115	1	1.120904	0.1941041	0.4197782
115	2	1.120904	0.1941041	0.4197782
115	3	1.120904	0.1941041	0.4197782
115	4	1.120904	0.1941041	0.4197782
115	5	1.120904	0.1941041	0.4197782
116	1	1.120904	0.1941041	0.4197782
116	2	1.120904	0.1941041	0.4197782
116	3	1.120904	0.1941041	0.4197782
116	4	1.120904	0.1941041	0.4197782
116	5	1.120904	0.1941041	0.4197782
117	1	1.120904	0.1941041	0.4197782
117	2	1.120904	0.1941041	0.4197782
117	3	1.120904	0.1941041	0.4197782
117	4	1.120904	0.1941041	0.4197782
117	5	1.120904	0.1941041	0.4197782
118	1	1.120904	0.1941041	0.4197782
118	2	1.120904	0.1941041	0.4197782
118	3	1.120904	0.1941041	0.4197782
118	4	1.120904	0.1941041	0.4197782
118	5	1.120904	0.1941041	0.4197782
119	1	1.120904	0.1941041	0.4197782
119	2	1.120904	0.1941041	0.4197782
119	3	1.120904	0.1941041	0.4197782
119	4	1.120904	0.1941041	0.4197782
119	5	1.120904	0.1941041	0.4197782
120	1	1.120904	0.1941041	0.4197782
120	2	1.120904	0.1941041	0.4197782
120	3	1.120904	0.1941041	0.4197782
120	4	1.120904	0.1941041	0.4197782
120	5	1.120904	0.1941041	0.4197782
121	1	1.120904	0.1941041	0.4197782
121	2	1.120904	0.1941041	0.4197782
121	3	1.120904	0.1941041	0.4197782
121	4	1.120904	0.1941041	0.4197782
121	5	1.120904	0.1941041	0.4197782
122	1	1.120904	0.1941041	0.4197782
122	2	1.120904	0.1941041	0.4197782
122	3	1.120904	0.1941041	0.4197782
122	4	1.120904	0.1941041	0.4197782
122	5	1.120904	0.1941041	0.4197782
123	1	1.120904	0.1941041	0.4197782
123	2	1.120904	0.1941041	0.4197782
123	3	1.120904	0.1941041	0.4197782
123	4	1.120904	0.1941041	0.4197782
123	5	1.120904	0.1941041	0.4197782
124	1	1.120904	0.1941041	0.4197782
124	2	1.120904	0.1941041	0.4197782
124	3	1.120904	0.1941041	0.4197782
124	4	1.120904	0.1941041	0.4197782
124	5	1.120904	0.1941041	0.4197782
125	1	1.120904	0.1941041	0.4197782
125	2	1.120904	0.1941041	0.4197782
125	3	1.120904	0.1941041	0.4197782
125	4	1.120904	0.1941041	0.4197782
125	5	1.120904	0.1941041	0.4197782
126	1	1.120904	0.1941041	0.4197782
126	2	1.120904	0.1941041	0.4197782
126	3	1.120904	0.1941041	0.4197782
126	4	1.120904	0.1941041	0.4197782
126	5	1.120904	0.1941041	0.4197782
127	1	1.120904	0.1941041	0.4197782
127	2	1.120904	0.1941041	0.4197782
127	3	1.120904	0.1941041	0.4197782
127	4	1.120904	0.1941041	0.4197782
127	5	1.120904	0.1941041	0.4197782
128	1	1.120904	0.1941041	0.4197782
128	2	1.120904	0.1941041	0.4197782
128	3	1.120904	0.1941041	0.4197782
128	4	1.120904	0.1941041	0.4197782
128	5	1.120904	0.1941041	0.4197782
