1	1	1.120904	0.1941041	0.4197782
1	3	1.120904	0.1941041	0.4197782
1	5	1.120904	0.1941041	0.4197782
1	6	1.120904	0.1941041	0.4197782
1	7	1.120904	0.1941041	0.4197782
1	8	1.120904	0.1941041	0.4197782
1	9	1.120904	0.1941041	0.4197782
2	1	1.120904	0.1941041	0.4197782
2	3	1.120904	0.1941041	0.4197782
2	5	1.120904	0.1941041	0.4197782
2	6	1.120904	0.1941041	0.4197782
2	7	1.120904	0.1941041	0.4197782
2	8	1.120904	0.1941041	0.4197782
2	9	1.120904	0.1941041	0.4197782
3	5	1.090474	0.2304645	0.1491382
3	7	-0.2379794	0.5551223	0.846692
3	8	1.090474	0.2304645	0.1491382
3	9	1.090474	0.2304645	0.1491382
4	5	1.130218	0.2196604	0.1390811
4	7	-0.3410344	0.5765551	0.9379903
4	8	1.130218	0.2196604	0.1390811
4	9	1.130218	0.2196604	0.1390811
5	7	1.227232	0.1623004	0.4216042
5	8	-0.1616625	0.5777312	0.397753
6	7	1.227232	0.1623004	0.4216042
6	8	-0.1616625	0.5777312	0.397753
7	7	1.227232	0.1623004	0.4216042
7	8	-0.1616625	0.5777312	0.397753
8	7	1.281803	0.1459778	0.4225413
8	8	-0.1872040	0.5853709	0.3973144
9	7	1.281803	0.1459778	0.4225413
9	8	-0.1872040	0.5853709	0.3973144
11	5	0.4005179	0.3333177	1.163112
11	8	0.4005179	0.3333177	1.163112
11	9	0.2718405	0.4853306	0.03592803
12	5	0.4005179	0.3333177	1.163112
12	8	0.4005179	0.3333177	1.163112
12	9	0.2718405	0.4853306	0.03592803
13	5	0.4005179	0.3333177	1.163112
13	8	0.4005179	0.3333177	1.163112
13	9	0.2718405	0.4853306	0.03592803
14	5	0.4005179	0.3333177	1.163112
14	8	0.4005179	0.3333177	1.163112
14	9	0.2718405	0.4853306	0.03592803
15	5	1.200300	0.1703560	0.4211417
15	9	-0.1486484	0.5738385	0.3979765
16	5	1.200300	0.1703560	0.4211417
16	9	-0.1486484	0.5738385	0.3979765
17	5	1.200300	0.1703560	0.4211417
17	9	-0.1486484	0.5738385	0.3979765
18	5	1.200300	0.1703560	0.4211417
18	9	-0.1486484	0.5738385	0.3979765
19	5	1.200300	0.1703560	0.4211417
19	9	-0.1486484	0.5738385	0.3979765
20	5	1.200300	0.1703560	0.4211417
20	9	-0.1486484	0.5738385	0.3979765
21	5	1.200300	0.1703560	0.4211417
21	9	-0.1486484	0.5738385	0.3979765
22	5	1.200300	0.1703560	0.4211417
22	9	-0.1486484	0.5738385	0.3979765
23	5	1.200300	0.1703560	0.4211417
23	9	-0.1486484	0.5738385	0.3979765
24	5	1.200300	0.1703560	0.4211417
24	9	-0.1486484	0.5738385	0.3979765
25	5	1.200300	0.1703560	0.4211417
25	9	-0.1486484	0.5738385	0.3979765
26	5	1.200300	0.1703560	0.4211417
26	9	-0.1486484	0.5738385	0.3979765
27	5	1.200300	0.1703560	0.4211417
27	9	-0.1486484	0.5738385	0.3979765
42	5	1.120904	0.1941041	0.4197782
42	8	1.120904	0.1941041	0.4197782
42	9	1.120904	0.1941041	0.4197782
43	5	1.120904	0.1941041	0.4197782
43	8	1.120904	0.1941041	0.4197782
43	9	1.120904	0.1941041	0.4197782
44	5	1.120904	0.1941041	0.4197782
44	8	1.120904	0.1941041	0.4197782
44	9	1.120904	0.1941041	0.4197782
45	5	1.0868	0.2352028	0.1130097
45	6	-0.3493444	0.5696695	1.030712
45	8	1.0868	0.2352028	0.1130097
45	9	1.0868	0.2352028	0.1130097
46	5	1.0868	0.2352028	0.1130097
46	6	-0.3493444	0.5696695	1.030712
46	8	1.0868	0.2352028	0.1130097
46	9	1.0868	0.2352028	0.1130097
47	5	1.0868	0.2352028	0.1130097
47	6	-0.3493444	0.5696695	1.030712
47	8	1.0868	0.2352028	0.1130097
47	9	1.0868	0.2352028	0.1130097
48	5	1.0868	0.2352028	0.1130097
48	6	-0.3493444	0.5696695	1.030712
48	8	1.0868	0.2352028	0.1130097
48	9	1.0868	0.2352028	0.1130097
49	5	1.0868	0.2352028	0.1130097
49	6	-0.3493444	0.5696695	1.030712
49	8	1.0868	0.2352028	0.1130097
49	9	1.0868	0.2352028	0.1130097
50	5	1.0868	0.2352028	0.1130097
50	6	-0.3493444	0.5696695	1.030712
50	8	1.0868	0.2352028	0.1130097
50	9	1.0868	0.2352028	0.1130097
51	5	1.0868	0.2352028	0.1130097
51	6	-0.3493444	0.5696695	1.030712
51	8	1.0868	0.2352028	0.1130097
51	9	1.0868	0.2352028	0.1130097
52	5	1.120904	0.1941041	0.4197782
52	8	1.120904	0.1941041	0.4197782
52	9	1.120904	0.1941041	0.4197782
53	5	1.120904	0.1941041	0.4197782
53	8	1.120904	0.1941041	0.4197782
53	9	1.120904	0.1941041	0.4197782
54	5	1.120904	0.1941041	0.4197782
54	8	1.120904	0.1941041	0.4197782
54	9	1.120904	0.1941041	0.4197782
55	5	1.120904	0.1941041	0.4197782
55	8	1.120904	0.1941041	0.4197782
55	9	1.120904	0.1941041	0.4197782
56	5	1.120904	0.1941041	0.4197782
56	8	1.120904	0.1941041	0.4197782
56	9	1.120904	0.1941041	0.4197782
57	5	1.120904	0.1941041	0.4197782
57	8	1.120904	0.1941041	0.4197782
57	9	1.120904	0.1941041	0.4197782
58	5	1.120904	0.1941041	0.4197782
58	8	1.120904	0.1941041	0.4197782
58	9	1.120904	0.1941041	0.4197782
59	5	1.120904	0.1941041	0.4197782
59	8	1.120904	0.1941041	0.4197782
59	9	1.120904	0.1941041	0.4197782
60	5	1.120904	0.1941041	0.4197782
60	8	1.120904	0.1941041	0.4197782
60	9	1.120904	0.1941041	0.4197782
61	5	1.120904	0.1941041	0.4197782
61	8	1.120904	0.1941041	0.4197782
61	9	1.120904	0.1941041	0.4197782
62	5	1.120904	0.1941041	0.4197782
62	8	1.120904	0.1941041	0.4197782
62	9	1.120904	0.1941041	0.4197782
63	5	1.147137	0.1862576	0.4202287
63	6	-0.1486484	0.5738385	0.3979765
63	8	1.147137	0.1862576	0.4202287
63	9	1.147137	0.1862576	0.4202287
64	5	1.147137	0.1862576	0.4202287
64	6	-0.1486484	0.5738385	0.3979765
64	8	1.147137	0.1862576	0.4202287
64	9	1.147137	0.1862576	0.4202287
65	1	1.120904	0.1941041	0.4197782
65	2	1.120904	0.1941041	0.4197782
65	3	1.120904	0.1941041	0.4197782
65	4	1.120904	0.1941041	0.4197782
65	5	1.120904	0.1941041	0.4197782
65	6	1.120904	0.1941041	0.4197782
65	7	1.120904	0.1941041	0.4197782
65	8	1.120904	0.1941041	0.4197782
65	9	1.120904	0.1941041	0.4197782
66	1	1.120904	0.1941041	0.4197782
66	2	1.120904	0.1941041	0.4197782
66	3	1.120904	0.1941041	0.4197782
66	4	1.120904	0.1941041	0.4197782
66	5	1.120904	0.1941041	0.4197782
66	6	1.120904	0.1941041	0.4197782
66	7	1.120904	0.1941041	0.4197782
66	8	1.120904	0.1941041	0.4197782
66	9	1.120904	0.1941041	0.4197782
67	1	1.120904	0.1941041	0.4197782
67	2	1.120904	0.1941041	0.4197782
67	3	1.120904	0.1941041	0.4197782
67	4	1.120904	0.1941041	0.4197782
67	5	1.120904	0.1941041	0.4197782
67	6	1.120904	0.1941041	0.4197782
67	7	1.120904	0.1941041	0.4197782
67	8	1.120904	0.1941041	0.4197782
67	9	1.120904	0.1941041	0.4197782
68	1	1.120904	0.1941041	0.4197782
68	2	1.120904	0.1941041	0.4197782
68	3	1.120904	0.1941041	0.4197782
68	4	1.120904	0.1941041	0.4197782
68	5	1.120904	0.1941041	0.4197782
68	6	1.120904	0.1941041	0.4197782
68	7	1.120904	0.1941041	0.4197782
68	8	1.120904	0.1941041	0.4197782
68	9	1.120904	0.1941041	0.4197782
69	1	1.120904	0.1941041	0.4197782
69	2	1.120904	0.1941041	0.4197782
69	3	1.120904	0.1941041	0.4197782
69	4	1.120904	0.1941041	0.4197782
69	5	1.120904	0.1941041	0.4197782
69	6	1.120904	0.1941041	0.4197782
69	7	1.120904	0.1941041	0.4197782
69	8	1.120904	0.1941041	0.4197782
69	9	1.120904	0.1941041	0.4197782
70	1	1.120904	0.1941041	0.4197782
70	2	1.120904	0.1941041	0.4197782
70	3	1.120904	0.1941041	0.4197782
70	4	1.120904	0.1941041	0.4197782
70	5	1.120904	0.1941041	0.4197782
70	6	1.120904	0.1941041	0.4197782
70	7	1.120904	0.1941041	0.4197782
70	8	1.120904	0.1941041	0.4197782
70	9	1.120904	0.1941041	0.4197782
71	1	1.120904	0.1941041	0.4197782
71	2	1.120904	0.1941041	0.4197782
71	3	1.120904	0.1941041	0.4197782
71	4	1.120904	0.1941041	0.4197782
71	5	1.120904	0.1941041	0.4197782
71	6	1.120904	0.1941041	0.4197782
71	7	1.120904	0.1941041	0.4197782
71	8	1.120904	0.1941041	0.4197782
71	9	1.120904	0.1941041	0.4197782
72	1	1.120904	0.1941041	0.4197782
72	2	1.120904	0.1941041	0.4197782
72	3	1.120904	0.1941041	0.4197782
72	4	1.120904	0.1941041	0.4197782
72	5	1.120904	0.1941041	0.4197782
72	6	1.120904	0.1941041	0.4197782
72	7	1.120904	0.1941041	0.4197782
72	8	1.120904	0.1941041	0.4197782
72	9	1.120904	0.1941041	0.4197782
73	1	1.120904	0.1941041	0.4197782
73	2	1.120904	0.1941041	0.4197782
73	3	1.120904	0.1941041	0.4197782
73	4	1.120904	0.1941041	0.4197782
73	5	1.120904	0.1941041	0.4197782
73	6	1.120904	0.1941041	0.4197782
73	7	1.120904	0.1941041	0.4197782
73	8	1.120904	0.1941041	0.4197782
73	9	1.120904	0.1941041	0.4197782
74	2	1.120904	0.1941041	0.4197782
74	4	1.120904	0.1941041	0.4197782
74	5	1.120904	0.1941041	0.4197782
74	6	1.120904	0.1941041	0.4197782
74	7	1.120904	0.1941041	0.4197782
74	8	1.120904	0.1941041	0.4197782
74	9	1.120904	0.1941041	0.4197782
75	2	1.120904	0.1941041	0.4197782
75	4	1.120904	0.1941041	0.4197782
75	5	1.120904	0.1941041	0.4197782
75	6	1.120904	0.1941041	0.4197782
75	7	1.120904	0.1941041	0.4197782
75	8	1.120904	0.1941041	0.4197782
75	9	1.120904	0.1941041	0.4197782
76	2	1.120904	0.1941041	0.4197782
76	4	1.120904	0.1941041	0.4197782
76	5	1.120904	0.1941041	0.4197782
76	6	1.120904	0.1941041	0.4197782
76	7	1.120904	0.1941041	0.4197782
76	8	1.120904	0.1941041	0.4197782
76	9	1.120904	0.1941041	0.4197782
77	1	0.1206909	0.5289238	0.04935643
77	2	0.6273827	0.2807985	1.015014
77	3	0.1206909	0.5289238	0.04935644
77	4	0.6273827	0.2807985	1.015014
77	5	0.6273827	0.2807985	1.015014
77	6	0.6273827	0.2807985	1.015014
77	7	0.6273827	0.2807985	1.015014
77	8	0.6273827	0.2807985	1.015014
77	9	0.6273827	0.2807985	1.015014
78	1	0.1206909	0.5289238	0.04935643
78	2	0.6273827	0.2807985	1.015014
78	3	0.1206909	0.5289238	0.04935644
78	4	0.6273827	0.2807985	1.015014
78	5	0.6273827	0.2807985	1.015014
78	6	0.6273827	0.2807985	1.015014
78	7	0.6273827	0.2807985	1.015014
78	8	0.6273827	0.2807985	1.015014
78	9	0.6273827	0.2807985	1.015014
79	1	0.1206909	0.5289238	0.04935643
79	2	0.6273827	0.2807985	1.015014
79	3	0.1206909	0.5289238	0.04935644
79	4	0.6273827	0.2807985	1.015014
79	5	0.6273827	0.2807985	1.015014
79	6	0.6273827	0.2807985	1.015014
79	7	0.6273827	0.2807985	1.015014
79	8	0.6273827	0.2807985	1.015014
79	9	0.6273827	0.2807985	1.015014
80	1	0.1206909	0.5289238	0.04935643
80	2	0.6273827	0.2807985	1.015014
80	3	0.1206909	0.5289238	0.04935644
80	4	0.6273827	0.2807985	1.015014
80	5	0.6273827	0.2807985	1.015014
80	6	0.6273827	0.2807985	1.015014
80	7	0.6273827	0.2807985	1.015014
80	8	0.6273827	0.2807985	1.015014
80	9	0.6273827	0.2807985	1.015014
81	1	0.1206909	0.5289238	0.04935643
81	2	0.6273827	0.2807985	1.015014
81	3	0.1206909	0.5289238	0.04935644
81	4	0.6273827	0.2807985	1.015014
81	5	0.6273827	0.2807985	1.015014
81	6	0.6273827	0.2807985	1.015014
81	7	0.6273827	0.2807985	1.015014
81	8	0.6273827	0.2807985	1.015014
81	9	0.6273827	0.2807985	1.015014
82	1	0.1206909	0.5289238	0.04935643
82	2	0.6273827	0.2807985	1.015014
82	3	0.1206909	0.5289238	0.04935644
82	4	0.6273827	0.2807985	1.015014
82	5	0.6273827	0.2807985	1.015014
82	6	0.6273827	0.2807985	1.015014
82	7	0.6273827	0.2807985	1.015014
82	8	0.6273827	0.2807985	1.015014
82	9	0.6273827	0.2807985	1.015014
83	1	1.120904	0.1941041	0.4197782
83	3	1.120904	0.1941041	0.4197782
84	1	1.120904	0.1941041	0.4197782
84	3	1.120904	0.1941041	0.4197782
85	1	1.120904	0.1941041	0.4197782
85	3	1.120904	0.1941041	0.4197782
86	1	1.120904	0.1941041	0.4197782
86	3	1.120904	0.1941041	0.4197782
87	1	1.120904	0.1941041	0.4197782
87	3	1.120904	0.1941041	0.4197782
88	1	1.120904	0.1941041	0.4197782
88	3	1.120904	0.1941041	0.4197782
89	1	1.120904	0.1941041	0.4197782
89	3	1.120904	0.1941041	0.4197782
90	1	1.120904	0.1941041	0.4197782
90	3	1.120904	0.1941041	0.4197782
91	1	1.120904	0.1941041	0.4197782
91	3	1.120904	0.1941041	0.4197782
92	1	1.120904	0.1941041	0.4197782
92	3	1.120904	0.1941041	0.4197782
93	1	1.120904	0.1941041	0.4197782
93	3	1.120904	0.1941041	0.4197782
94	1	1.120904	0.1941041	0.4197782
94	2	1.120904	0.1941041	0.4197782
94	3	1.120904	0.1941041	0.4197782
94	4	1.120904	0.1941041	0.4197782
94	5	1.120904	0.1941041	0.4197782
94	6	1.120904	0.1941041	0.4197782
94	7	1.120904	0.1941041	0.4197782
94	8	1.120904	0.1941041	0.4197782
94	9	1.120904	0.1941041	0.4197782
95	1	1.120904	0.1941041	0.4197782
95	2	1.120904	0.1941041	0.4197782
95	3	1.120904	0.1941041	0.4197782
95	4	1.120904	0.1941041	0.4197782
95	5	1.120904	0.1941041	0.4197782
95	6	1.120904	0.1941041	0.4197782
95	7	1.120904	0.1941041	0.4197782
95	8	1.120904	0.1941041	0.4197782
95	9	1.120904	0.1941041	0.4197782
96	1	1.120904	0.1941041	0.4197782
96	2	1.120904	0.1941041	0.4197782
96	3	1.120904	0.1941041	0.4197782
96	4	1.120904	0.1941041	0.4197782
96	5	1.120904	0.1941041	0.4197782
96	6	1.120904	0.1941041	0.4197782
96	7	1.120904	0.1941041	0.4197782
96	8	1.120904	0.1941041	0.4197782
96	9	1.120904	0.1941041	0.4197782
97	1	1.120904	0.1941041	0.4197782
97	2	1.120904	0.1941041	0.4197782
97	3	1.120904	0.1941041	0.4197782
97	4	1.120904	0.1941041	0.4197782
97	5	1.120904	0.1941041	0.4197782
97	6	1.120904	0.1941041	0.4197782
97	7	1.120904	0.1941041	0.4197782
97	8	1.120904	0.1941041	0.4197782
97	9	1.120904	0.1941041	0.4197782
98	1	1.120904	0.1941041	0.4197782
98	2	1.120904	0.1941041	0.4197782
98	3	1.120904	0.1941041	0.4197782
98	4	1.120904	0.1941041	0.4197782
98	5	1.120904	0.1941041	0.4197782
98	6	1.120904	0.1941041	0.4197782
98	7	1.120904	0.1941041	0.4197782
98	8	1.120904	0.1941041	0.4197782
98	9	1.120904	0.1941041	0.4197782
99	1	1.120904	0.1941041	0.4197782
99	2	1.120904	0.1941041	0.4197782
99	3	1.120904	0.1941041	0.4197782
99	4	1.120904	0.1941041	0.4197782
99	5	1.120904	0.1941041	0.4197782
99	6	1.120904	0.1941041	0.4197782
99	7	1.120904	0.1941041	0.4197782
99	8	1.120904	0.1941041	0.4197782
99	9	1.120904	0.1941041	0.4197782
100	1	1.120904	0.1941041	0.4197782
100	2	1.120904	0.1941041	0.4197782
100	3	1.120904	0.1941041	0.4197782
100	4	1.120904	0.1941041	0.4197782
100	5	1.120904	0.1941041	0.4197782
100	6	1.120904	0.1941041	0.4197782
100	7	1.120904	0.1941041	0.4197782
100	8	1.120904	0.1941041	0.4197782
100	9	1.120904	0.1941041	0.4197782
101	1	1.120904	0.1941041	0.4197782
101	2	1.120904	0.1941041	0.4197782
101	3	1.120904	0.1941041	0.4197782
101	4	1.120904	0.1941041	0.4197782
101	5	1.120904	0.1941041	0.4197782
101	6	1.120904	0.1941041	0.4197782
101	7	1.120904	0.1941041	0.4197782
101	8	1.120904	0.1941041	0.4197782
101	9	1.120904	0.1941041	0.4197782
102	1	1.120904	0.1941041	0.4197782
102	2	1.120904	0.1941041	0.4197782
102	3	1.120904	0.1941041	0.4197782
102	4	1.120904	0.1941041	0.4197782
102	5	1.120904	0.1941041	0.4197782
102	6	1.120904	0.1941041	0.4197782
102	7	1.120904	0.1941041	0.4197782
102	8	1.120904	0.1941041	0.4197782
102	9	1.120904	0.1941041	0.4197782
103	1	1.120904	0.1941041	0.4197782
103	2	1.120904	0.1941041	0.4197782
103	3	1.120904	0.1941041	0.4197782
103	4	1.120904	0.1941041	0.4197782
103	5	1.120904	0.1941041	0.4197782
103	6	1.120904	0.1941041	0.4197782
103	7	1.120904	0.1941041	0.4197782
103	8	1.120904	0.1941041	0.4197782
103	9	1.120904	0.1941041	0.4197782
104	1	1.120904	0.1941041	0.4197782
104	2	1.120904	0.1941041	0.4197782
104	3	1.120904	0.1941041	0.4197782
104	4	1.120904	0.1941041	0.4197782
104	5	1.120904	0.1941041	0.4197782
104	6	1.120904	0.1941041	0.4197782
104	7	1.120904	0.1941041	0.4197782
104	8	1.120904	0.1941041	0.4197782
104	9	1.120904	0.1941041	0.4197782
105	1	1.120904	0.1941041	0.4197782
105	2	1.120904	0.1941041	0.4197782
105	3	1.120904	0.1941041	0.4197782
105	4	1.120904	0.1941041	0.4197782
105	5	1.120904	0.1941041	0.4197782
105	6	1.120904	0.1941041	0.4197782
105	7	1.120904	0.1941041	0.4197782
105	8	1.120904	0.1941041	0.4197782
105	9	1.120904	0.1941041	0.4197782
106	1	1.120904	0.1941041	0.4197782
106	2	1.120904	0.1941041	0.4197782
106	3	1.120904	0.1941041	0.4197782
106	4	1.120904	0.1941041	0.4197782
106	5	1.120904	0.1941041	0.4197782
106	6	1.120904	0.1941041	0.4197782
106	7	1.120904	0.1941041	0.4197782
106	8	1.120904	0.1941041	0.4197782
106	9	1.120904	0.1941041	0.4197782
107	1	1.120904	0.1941041	0.4197782
107	2	1.120904	0.1941041	0.4197782
107	3	1.120904	0.1941041	0.4197782
107	4	1.120904	0.1941041	0.4197782
107	5	1.120904	0.1941041	0.4197782
107	6	1.120904	0.1941041	0.4197782
107	7	1.120904	0.1941041	0.4197782
107	8	1.120904	0.1941041	0.4197782
107	9	1.120904	0.1941041	0.4197782
108	1	1.120904	0.1941041	0.4197782
108	2	1.120904	0.1941041	0.4197782
108	3	1.120904	0.1941041	0.4197782
108	4	1.120904	0.1941041	0.4197782
108	5	1.120904	0.1941041	0.4197782
108	6	1.120904	0.1941041	0.4197782
108	7	1.120904	0.1941041	0.4197782
108	8	1.120904	0.1941041	0.4197782
108	9	1.120904	0.1941041	0.4197782
109	1	1.120904	0.1941041	0.4197782
109	2	1.120904	0.1941041	0.4197782
109	3	1.120904	0.1941041	0.4197782
109	4	1.120904	0.1941041	0.4197782
109	5	1.120904	0.1941041	0.4197782
109	6	1.120904	0.1941041	0.4197782
109	7	1.120904	0.1941041	0.4197782
109	8	1.120904	0.1941041	0.4197782
109	9	1.120904	0.1941041	0.4197782
110	1	1.120904	0.1941041	0.4197782
110	2	1.120904	0.1941041	0.4197782
110	3	1.120904	0.1941041	0.4197782
110	4	1.120904	0.1941041	0.4197782
110	5	1.120904	0.1941041	0.4197782
110	6	1.120904	0.1941041	0.4197782
110	7	1.120904	0.1941041	0.4197782
110	8	1.120904	0.1941041	0.4197782
110	9	1.120904	0.1941041	0.4197782
111	1	1.120904	0.1941041	0.4197782
111	2	1.120904	0.1941041	0.4197782
111	3	1.120904	0.1941041	0.4197782
111	4	1.120904	0.1941041	0.4197782
111	5	1.120904	0.1941041	0.4197782
111	6	1.120904	0.1941041	0.4197782
111	7	1.120904	0.1941041	0.4197782
111	8	1.120904	0.1941041	0.4197782
111	9	1.120904	0.1941041	0.4197782
137	1	0.6913091	0.2690073	0.9434777
137	2	0.6913091	0.2690073	0.9434777
137	3	0.6913091	0.2690073	0.9434777
137	4	0.6913091	0.2690073	0.9434777
137	5	0.6913091	0.2690073	0.9434777
137	6	0.6913091	0.2690073	0.9434777
137	7	0.06936575	0.5435735	0.05543229
137	8	0.6913091	0.2690073	0.9434777
137	9	0.1406075	0.5170469	0.1083589
138	1	1.144345	0.2124998	0.1684102
138	2	1.144345	0.2124998	0.1684102
138	3	1.144345	0.2124998	0.1684102
138	4	1.144345	0.2124998	0.1684102
138	5	1.144345	0.2124998	0.1684102
138	6	1.144345	0.2124998	0.1684102
138	7	-0.378768	0.5916953	0.8991538
138	8	1.144345	0.2124998	0.1684102
138	9	-0.2284887	0.5595172	0.7751717
139	1	1.144345	0.2124998	0.1684102
139	2	1.144345	0.2124998	0.1684102
139	3	1.144345	0.2124998	0.1684102
139	4	1.144345	0.2124998	0.1684102
139	5	1.144345	0.2124998	0.1684102
139	6	1.144345	0.2124998	0.1684102
139	7	-0.378768	0.5916953	0.8991538
139	8	1.144345	0.2124998	0.1684102
139	9	-0.2284887	0.5595172	0.7751717
140	1	1.144345	0.2124998	0.1684102
140	2	1.144345	0.2124998	0.1684102
140	3	1.144345	0.2124998	0.1684102
140	4	1.144345	0.2124998	0.1684102
140	5	1.144345	0.2124998	0.1684102
140	6	1.144345	0.2124998	0.1684102
140	7	-0.378768	0.5916953	0.8991538
140	8	1.144345	0.2124998	0.1684102
140	9	-0.2284887	0.5595172	0.7751717
141	1	1.120904	0.1941041	0.4197782
141	2	1.120904	0.1941041	0.4197782
141	3	1.120904	0.1941041	0.4197782
141	4	1.120904	0.1941041	0.4197782
141	5	1.120904	0.1941041	0.4197782
141	6	1.120904	0.1941041	0.4197782
141	7	1.120904	0.1941041	0.4197782
141	8	1.120904	0.1941041	0.4197782
141	9	1.120904	0.1941041	0.4197782
142	1	1.120904	0.1941041	0.4197782
142	2	1.120904	0.1941041	0.4197782
142	3	1.120904	0.1941041	0.4197782
142	4	1.120904	0.1941041	0.4197782
142	5	1.120904	0.1941041	0.4197782
142	6	1.120904	0.1941041	0.4197782
142	7	1.120904	0.1941041	0.4197782
142	8	1.120904	0.1941041	0.4197782
142	9	1.120904	0.1941041	0.4197782
143	1	1.120904	0.1941041	0.4197782
143	2	1.120904	0.1941041	0.4197782
143	3	1.120904	0.1941041	0.4197782
143	4	1.120904	0.1941041	0.4197782
143	5	1.120904	0.1941041	0.4197782
143	6	1.120904	0.1941041	0.4197782
143	7	1.120904	0.1941041	0.4197782
143	8	1.120904	0.1941041	0.4197782
143	9	1.120904	0.1941041	0.4197782
144	1	1.120904	0.1941041	0.4197782
144	2	1.120904	0.1941041	0.4197782
144	3	1.120904	0.1941041	0.4197782
144	4	1.120904	0.1941041	0.4197782
144	5	1.120904	0.1941041	0.4197782
144	6	1.120904	0.1941041	0.4197782
144	7	1.120904	0.1941041	0.4197782
144	8	1.120904	0.1941041	0.4197782
144	9	1.120904	0.1941041	0.4197782
145	1	1.120904	0.1941041	0.4197782
145	2	1.120904	0.1941041	0.4197782
145	3	1.120904	0.1941041	0.4197782
145	4	1.120904	0.1941041	0.4197782
145	5	1.120904	0.1941041	0.4197782
145	6	1.120904	0.1941041	0.4197782
145	7	1.120904	0.1941041	0.4197782
145	8	1.120904	0.1941041	0.4197782
145	9	1.120904	0.1941041	0.4197782
146	1	1.120904	0.1941041	0.4197782
146	2	1.120904	0.1941041	0.4197782
146	3	1.120904	0.1941041	0.4197782
146	4	1.120904	0.1941041	0.4197782
146	5	1.120904	0.1941041	0.4197782
146	6	1.120904	0.1941041	0.4197782
146	7	1.120904	0.1941041	0.4197782
146	8	1.120904	0.1941041	0.4197782
146	9	1.120904	0.1941041	0.4197782
147	1	1.120904	0.1941041	0.4197782
147	2	1.120904	0.1941041	0.4197782
147	3	1.120904	0.1941041	0.4197782
147	4	1.120904	0.1941041	0.4197782
147	5	1.120904	0.1941041	0.4197782
147	6	1.120904	0.1941041	0.4197782
147	7	1.120904	0.1941041	0.4197782
147	8	1.120904	0.1941041	0.4197782
147	9	1.120904	0.1941041	0.4197782
148	1	0.3320059	0.469232	0.01815896
148	2	0.2906853	0.3579532	1.242647
148	3	0.3320059	0.469232	0.01815896
148	4	0.2906853	0.3579532	1.242647
148	5	0.2906853	0.3579532	1.242647
148	6	0.2906853	0.3579532	1.242647
148	7	0.3320059	0.469232	0.01815896
148	8	0.2906853	0.3579532	1.242647
148	9	0.2906853	0.3579532	1.242647
149	1	0.3320059	0.469232	0.01815896
149	2	0.2906853	0.3579532	1.242647
149	3	0.3320059	0.469232	0.01815896
149	4	0.2906853	0.3579532	1.242647
149	5	0.2906853	0.3579532	1.242647
149	6	0.2906853	0.3579532	1.242647
149	7	0.3320059	0.469232	0.01815896
149	8	0.2906853	0.3579532	1.242647
149	9	0.2906853	0.3579532	1.242647
150	1	0.1861412	0.5113119	0.03100881
150	2	0.5129078	0.3057271	1.105324
150	3	0.1861413	0.5113119	0.03100881
150	4	0.5129078	0.3057271	1.105325
150	5	0.5129078	0.3057271	1.105324
150	6	0.5129078	0.3057271	1.105324
150	8	0.5129078	0.3057271	1.105324
150	9	0.5129078	0.3057271	1.105324
151	1	0.1206909	0.5289238	0.04935643
151	2	0.6273827	0.2807985	1.015014
151	3	0.1206909	0.5289238	0.04935644
151	4	0.6273827	0.2807985	1.015014
151	5	0.6273827	0.2807985	1.015014
151	6	0.6273827	0.2807985	1.015014
151	7	0.6273827	0.2807985	1.015014
151	8	0.6273827	0.2807985	1.015014
151	9	0.6273827	0.2807985	1.015014
152	1	0.1206909	0.5289238	0.04935643
152	2	0.6273827	0.2807985	1.015014
152	3	0.1206909	0.5289238	0.04935644
152	4	0.6273827	0.2807985	1.015014
152	5	0.6273827	0.2807985	1.015014
152	6	0.6273827	0.2807985	1.015014
152	7	0.6273827	0.2807985	1.015014
152	8	0.6273827	0.2807985	1.015014
152	9	0.6273827	0.2807985	1.015014
153	2	1.120904	0.1941041	0.4197782
153	4	1.120904	0.1941041	0.4197782
153	5	1.120904	0.1941041	0.4197782
153	6	1.120904	0.1941041	0.4197782
153	7	1.120904	0.1941041	0.4197782
153	8	1.120904	0.1941041	0.4197782
153	9	1.120904	0.1941041	0.4197782
154	1	1.120904	0.1941041	0.4197782
154	2	1.120904	0.1941041	0.4197782
154	3	1.120904	0.1941041	0.4197782
154	4	1.120904	0.1941041	0.4197782
154	5	1.120904	0.1941041	0.4197782
154	6	1.120904	0.1941041	0.4197782
154	7	1.120904	0.1941041	0.4197782
154	8	1.120904	0.1941041	0.4197782
154	9	1.120904	0.1941041	0.4197782
155	1	1.120904	0.1941041	0.4197782
155	2	1.120904	0.1941041	0.4197782
155	3	1.120904	0.1941041	0.4197782
155	4	1.120904	0.1941041	0.4197782
155	5	1.120904	0.1941041	0.4197782
155	6	1.120904	0.1941041	0.4197782
155	7	1.120904	0.1941041	0.4197782
155	8	1.120904	0.1941041	0.4197782
155	9	1.120904	0.1941041	0.4197782
156	1	1.120904	0.1941041	0.4197782
156	2	1.120904	0.1941041	0.4197782
156	3	1.120904	0.1941041	0.4197782
156	4	1.120904	0.1941041	0.4197782
156	5	1.120904	0.1941041	0.4197782
156	6	1.120904	0.1941041	0.4197782
156	7	1.120904	0.1941041	0.4197782
156	8	1.120904	0.1941041	0.4197782
156	9	1.120904	0.1941041	0.4197782
157	1	1.120904	0.1941041	0.4197782
157	2	1.120904	0.1941041	0.4197782
157	3	1.120904	0.1941041	0.4197782
157	4	1.120904	0.1941041	0.4197782
157	5	1.120904	0.1941041	0.4197782
157	6	1.120904	0.1941041	0.4197782
157	7	1.120904	0.1941041	0.4197782
157	8	1.120904	0.1941041	0.4197782
157	9	1.120904	0.1941041	0.4197782
158	1	1.120904	0.1941041	0.4197782
158	2	1.120904	0.1941041	0.4197782
158	3	1.120904	0.1941041	0.4197782
158	4	1.120904	0.1941041	0.4197782
158	5	1.120904	0.1941041	0.4197782
158	6	1.120904	0.1941041	0.4197782
158	7	1.120904	0.1941041	0.4197782
158	8	1.120904	0.1941041	0.4197782
158	9	1.120904	0.1941041	0.4197782
159	1	1.120904	0.1941041	0.4197782
159	2	1.120904	0.1941041	0.4197782
159	3	1.120904	0.1941041	0.4197782
159	4	1.120904	0.1941041	0.4197782
159	5	1.120904	0.1941041	0.4197782
159	6	1.120904	0.1941041	0.4197782
159	7	1.120904	0.1941041	0.4197782
159	8	1.120904	0.1941041	0.4197782
159	9	1.120904	0.1941041	0.4197782
160	1	1.120904	0.1941041	0.4197782
160	2	1.120904	0.1941041	0.4197782
160	3	1.120904	0.1941041	0.4197782
160	4	1.120904	0.1941041	0.4197782
160	5	1.120904	0.1941041	0.4197782
160	6	1.120904	0.1941041	0.4197782
160	7	1.120904	0.1941041	0.4197782
160	8	1.120904	0.1941041	0.4197782
160	9	1.120904	0.1941041	0.4197782
161	1	1.120904	0.1941041	0.4197782
161	2	1.120904	0.1941041	0.4197782
161	3	1.120904	0.1941041	0.4197782
161	4	1.120904	0.1941041	0.4197782
161	5	1.120904	0.1941041	0.4197782
161	6	1.120904	0.1941041	0.4197782
161	7	1.120904	0.1941041	0.4197782
161	8	1.120904	0.1941041	0.4197782
161	9	1.120904	0.1941041	0.4197782
162	1	1.120904	0.1941041	0.4197782
162	2	1.120904	0.1941041	0.4197782
162	3	1.120904	0.1941041	0.4197782
162	4	1.120904	0.1941041	0.4197782
162	5	1.120904	0.1941041	0.4197782
162	6	1.120904	0.1941041	0.4197782
162	7	1.120904	0.1941041	0.4197782
162	8	1.120904	0.1941041	0.4197782
162	9	1.120904	0.1941041	0.4197782
163	1	1.120904	0.1941041	0.4197782
163	2	1.120904	0.1941041	0.4197782
163	3	1.120904	0.1941041	0.4197782
163	4	1.120904	0.1941041	0.4197782
163	5	1.120904	0.1941041	0.4197782
163	6	1.120904	0.1941041	0.4197782
163	7	1.120904	0.1941041	0.4197782
163	8	1.120904	0.1941041	0.4197782
163	9	1.120904	0.1941041	0.4197782
164	1	0.8958098	0.2276392	0.7507821
164	2	0.8958098	0.2276392	0.7507821
164	3	0.8958098	0.2276392	0.7507821
164	4	0.8958098	0.2276392	0.7507821
164	5	0.8958098	0.2276392	0.7507821
164	6	0.8958098	0.2276392	0.7507821
164	7	-0.03975243	0.5682034	0.1329173
164	8	0.8958098	0.2276392	0.7507821
164	9	0.8958098	0.2276392	0.7507821
165	1	0.8958098	0.2276392	0.7507821
165	2	0.8958098	0.2276392	0.7507821
165	3	0.8958098	0.2276392	0.7507821
165	4	0.8958098	0.2276392	0.7507821
165	5	0.8958098	0.2276392	0.7507821
165	6	0.8958098	0.2276392	0.7507821
165	7	-0.03975243	0.5682034	0.1329173
165	8	0.8958098	0.2276392	0.7507821
165	9	0.8958098	0.2276392	0.7507821
166	1	0.8958098	0.2276392	0.7507821
166	2	0.8958098	0.2276392	0.7507821
166	3	0.8958098	0.2276392	0.7507821
166	4	0.8958098	0.2276392	0.7507821
166	5	0.8958098	0.2276392	0.7507821
166	6	0.8958098	0.2276392	0.7507821
166	7	-0.03975243	0.5682034	0.1329173
166	8	0.8958098	0.2276392	0.7507821
166	9	0.8958098	0.2276392	0.7507821
167	1	0.8958098	0.2276392	0.7507821
167	2	0.8958098	0.2276392	0.7507821
167	3	0.8958098	0.2276392	0.7507821
167	4	0.8958098	0.2276392	0.7507821
167	5	0.8958098	0.2276392	0.7507821
167	6	0.8958098	0.2276392	0.7507821
167	7	-0.03975243	0.5682034	0.1329173
167	8	0.8958098	0.2276392	0.7507821
167	9	0.8958098	0.2276392	0.7507821
168	1	0.8958098	0.2276392	0.7507821
168	2	0.8958098	0.2276392	0.7507821
168	3	0.8958098	0.2276392	0.7507821
168	4	0.8958098	0.2276392	0.7507821
168	5	0.8958098	0.2276392	0.7507821
168	6	0.8958098	0.2276392	0.7507821
168	7	-0.03975243	0.5682034	0.1329173
168	8	0.8958098	0.2276392	0.7507821
168	9	0.8958098	0.2276392	0.7507821
169	1	0.8958098	0.2276392	0.7507821
169	2	0.8958098	0.2276392	0.7507821
169	3	0.8958098	0.2276392	0.7507821
169	4	0.8958098	0.2276392	0.7507821
169	5	0.8958098	0.2276392	0.7507821
169	6	0.8958098	0.2276392	0.7507821
169	7	-0.03975243	0.5682034	0.1329173
169	8	0.8958098	0.2276392	0.7507821
169	9	0.8958098	0.2276392	0.7507821
170	1	0.8958098	0.2276392	0.7507821
170	2	0.8958098	0.2276392	0.7507821
170	3	0.8958098	0.2276392	0.7507821
170	4	0.8958098	0.2276392	0.7507821
170	5	0.8958098	0.2276392	0.7507821
170	6	0.8958098	0.2276392	0.7507821
170	7	-0.03975243	0.5682034	0.1329173
170	8	0.8958098	0.2276392	0.7507821
170	9	0.8958098	0.2276392	0.7507821
174	1	1.120904	0.1941041	0.4197782
174	2	1.120904	0.1941041	0.4197782
174	3	1.120904	0.1941041	0.4197782
174	4	1.120904	0.1941041	0.4197782
174	5	1.120904	0.1941041	0.4197782
174	6	1.120904	0.1941041	0.4197782
174	7	1.120904	0.1941041	0.4197782
174	8	1.120904	0.1941041	0.4197782
174	9	1.120904	0.1941041	0.4197782
175	1	1.120904	0.1941041	0.4197782
175	2	1.120904	0.1941041	0.4197782
175	3	1.120904	0.1941041	0.4197782
175	4	1.120904	0.1941041	0.4197782
175	5	1.120904	0.1941041	0.4197782
175	6	1.120904	0.1941041	0.4197782
175	7	1.120904	0.1941041	0.4197782
175	8	1.120904	0.1941041	0.4197782
175	9	1.120904	0.1941041	0.4197782
176	1	1.120904	0.1941041	0.4197782
176	2	1.120904	0.1941041	0.4197782
176	3	1.120904	0.1941041	0.4197782
176	4	1.120904	0.1941041	0.4197782
176	5	1.120904	0.1941041	0.4197782
176	6	1.120904	0.1941041	0.4197782
176	7	1.120904	0.1941041	0.4197782
176	8	1.120904	0.1941041	0.4197782
176	9	1.120904	0.1941041	0.4197782
177	1	1.120904	0.1941041	0.4197782
177	2	1.120904	0.1941041	0.4197782
177	3	1.120904	0.1941041	0.4197782
177	4	1.120904	0.1941041	0.4197782
177	5	1.120904	0.1941041	0.4197782
177	6	1.120904	0.1941041	0.4197782
177	7	1.120904	0.1941041	0.4197782
177	8	1.120904	0.1941041	0.4197782
177	9	1.120904	0.1941041	0.4197782
178	1	1.120904	0.1941041	0.4197782
178	2	1.120904	0.1941041	0.4197782
178	3	1.120904	0.1941041	0.4197782
178	4	1.120904	0.1941041	0.4197782
178	5	1.120904	0.1941041	0.4197782
178	6	1.120904	0.1941041	0.4197782
178	7	1.120904	0.1941041	0.4197782
178	8	1.120904	0.1941041	0.4197782
178	9	1.120904	0.1941041	0.4197782
179	1	1.120904	0.1941041	0.4197782
179	2	1.120904	0.1941041	0.4197782
179	3	1.120904	0.1941041	0.4197782
179	4	1.120904	0.1941041	0.4197782
179	5	1.120904	0.1941041	0.4197782
179	6	1.120904	0.1941041	0.4197782
179	7	1.120904	0.1941041	0.4197782
179	8	1.120904	0.1941041	0.4197782
179	9	1.120904	0.1941041	0.4197782
180	1	1.120904	0.1941041	0.4197782
180	2	1.120904	0.1941041	0.4197782
180	3	1.120904	0.1941041	0.4197782
180	4	1.120904	0.1941041	0.4197782
180	5	1.120904	0.1941041	0.4197782
180	6	1.120904	0.1941041	0.4197782
180	7	1.120904	0.1941041	0.4197782
180	8	1.120904	0.1941041	0.4197782
180	9	1.120904	0.1941041	0.4197782
181	1	1.120904	0.1941041	0.4197782
181	2	1.120904	0.1941041	0.4197782
181	3	1.120904	0.1941041	0.4197782
181	4	1.120904	0.1941041	0.4197782
181	5	1.120904	0.1941041	0.4197782
181	6	1.120904	0.1941041	0.4197782
181	7	1.120904	0.1941041	0.4197782
181	8	1.120904	0.1941041	0.4197782
181	9	1.120904	0.1941041	0.4197782
182	1	1.120904	0.1941041	0.4197782
182	2	1.120904	0.1941041	0.4197782
182	3	1.120904	0.1941041	0.4197782
182	4	1.120904	0.1941041	0.4197782
182	5	1.120904	0.1941041	0.4197782
182	6	1.120904	0.1941041	0.4197782
182	7	1.120904	0.1941041	0.4197782
182	8	1.120904	0.1941041	0.4197782
182	9	1.120904	0.1941041	0.4197782
183	1	1.120904	0.1941041	0.4197782
183	2	1.120904	0.1941041	0.4197782
183	3	1.120904	0.1941041	0.4197782
183	4	1.120904	0.1941041	0.4197782
183	5	1.120904	0.1941041	0.4197782
183	6	1.120904	0.1941041	0.4197782
183	7	1.120904	0.1941041	0.4197782
183	8	1.120904	0.1941041	0.4197782
183	9	1.120904	0.1941041	0.4197782
184	1	1.120904	0.1941041	0.4197782
184	2	1.120904	0.1941041	0.4197782
184	3	1.120904	0.1941041	0.4197782
184	4	1.120904	0.1941041	0.4197782
184	5	1.120904	0.1941041	0.4197782
184	6	1.120904	0.1941041	0.4197782
184	7	1.120904	0.1941041	0.4197782
184	8	1.120904	0.1941041	0.4197782
184	9	1.120904	0.1941041	0.4197782
185	1	1.120904	0.1941041	0.4197782
185	2	1.120904	0.1941041	0.4197782
185	3	1.120904	0.1941041	0.4197782
185	4	1.120904	0.1941041	0.4197782
185	5	1.120904	0.1941041	0.4197782
185	6	1.120904	0.1941041	0.4197782
185	7	1.120904	0.1941041	0.4197782
185	8	1.120904	0.1941041	0.4197782
185	9	1.120904	0.1941041	0.4197782
186	1	1.120904	0.1941041	0.4197782
186	2	1.120904	0.1941041	0.4197782
186	3	1.120904	0.1941041	0.4197782
186	4	1.120904	0.1941041	0.4197782
186	5	1.120904	0.1941041	0.4197782
186	6	1.120904	0.1941041	0.4197782
186	7	1.120904	0.1941041	0.4197782
186	8	1.120904	0.1941041	0.4197782
186	9	1.120904	0.1941041	0.4197782
187	1	1.120904	0.1941041	0.4197782
187	2	1.120904	0.1941041	0.4197782
187	3	1.120904	0.1941041	0.4197782
187	4	1.120904	0.1941041	0.4197782
187	5	1.120904	0.1941041	0.4197782
187	6	1.120904	0.1941041	0.4197782
187	7	1.120904	0.1941041	0.4197782
187	8	1.120904	0.1941041	0.4197782
187	9	1.120904	0.1941041	0.4197782
188	1	1.120904	0.1941041	0.4197782
188	2	1.120904	0.1941041	0.4197782
188	3	1.120904	0.1941041	0.4197782
188	4	1.120904	0.1941041	0.4197782
188	5	1.120904	0.1941041	0.4197782
188	6	1.120904	0.1941041	0.4197782
188	7	1.120904	0.1941041	0.4197782
188	8	1.120904	0.1941041	0.4197782
188	9	1.120904	0.1941041	0.4197782
189	1	1.120904	0.1941041	0.4197782
189	2	1.120904	0.1941041	0.4197782
189	3	1.120904	0.1941041	0.4197782
189	4	1.120904	0.1941041	0.4197782
189	5	1.120904	0.1941041	0.4197782
189	6	1.120904	0.1941041	0.4197782
189	7	1.120904	0.1941041	0.4197782
189	8	1.120904	0.1941041	0.4197782
189	9	1.120904	0.1941041	0.4197782
190	1	1.120904	0.1941041	0.4197782
190	2	1.120904	0.1941041	0.4197782
190	3	1.120904	0.1941041	0.4197782
190	4	1.120904	0.1941041	0.4197782
190	5	1.120904	0.1941041	0.4197782
190	6	1.120904	0.1941041	0.4197782
190	7	1.120904	0.1941041	0.4197782
190	8	1.120904	0.1941041	0.4197782
190	9	1.120904	0.1941041	0.4197782
191	1	0.1206909	0.5289238	0.04935643
191	2	0.6273827	0.2807985	1.015014
191	3	0.1206909	0.5289238	0.04935644
191	4	0.6273827	0.2807985	1.015014
191	5	0.6273827	0.2807985	1.015014
191	6	0.6273827	0.2807985	1.015014
191	7	0.6273827	0.2807985	1.015014
191	8	0.6273827	0.2807985	1.015014
191	9	0.6273827	0.2807985	1.015014
192	1	0.1206909	0.5289238	0.04935643
192	2	0.6273827	0.2807985	1.015014
192	3	0.1206909	0.5289238	0.04935644
192	4	0.6273827	0.2807985	1.015014
192	5	0.6273827	0.2807985	1.015014
192	6	0.6273827	0.2807985	1.015014
192	7	0.6273827	0.2807985	1.015014
192	8	0.6273827	0.2807985	1.015014
192	9	0.6273827	0.2807985	1.015014
193	1	0.1206909	0.5289238	0.04935643
193	2	0.6273827	0.2807985	1.015014
193	3	0.1206909	0.5289238	0.04935644
193	4	0.6273827	0.2807985	1.015014
193	5	0.6273827	0.2807985	1.015014
193	6	0.6273827	0.2807985	1.015014
193	7	0.6273827	0.2807985	1.015014
193	8	0.6273827	0.2807985	1.015014
193	9	0.6273827	0.2807985	1.015014
194	2	1.120904	0.1941041	0.4197782
194	4	1.120904	0.1941041	0.4197782
194	6	1.120904	0.1941041	0.4197782
194	7	1.120904	0.1941041	0.4197782
194	9	1.120904	0.1941041	0.4197782
195	2	-0.1316755	0.5687618	0.3982679
195	4	-0.1316755	0.5687618	0.3982679
195	5	1.234970	0.1599859	0.421737
195	6	-0.1316755	0.5687618	0.3982679
195	7	-0.1316755	0.5687618	0.3982679
195	8	1.234970	0.1599859	0.421737
195	9	-0.1316755	0.5687618	0.3982679
196	1	0.1643953	0.5171635	0.03710482
196	2	1.074336	0.1887495	0.6100682
196	3	0.1643953	0.5171635	0.03710482
196	4	1.074336	0.1887495	0.6100682
196	5	-0.3002509	0.5370293	1.209490
196	6	1.074336	0.1887495	0.6100682
196	7	1.074336	0.1887495	0.6100682
196	8	-0.3002509	0.5370293	1.209490
196	9	1.074336	0.1887495	0.6100682
197	1	0.1643953	0.5171635	0.03710482
197	2	1.074336	0.1887495	0.6100682
197	3	0.1643953	0.5171635	0.03710482
197	4	1.074336	0.1887495	0.6100682
197	5	-0.3002509	0.5370293	1.209490
197	6	1.074336	0.1887495	0.6100682
197	7	1.074336	0.1887495	0.6100682
197	8	-0.3002509	0.5370293	1.209490
197	9	1.074336	0.1887495	0.6100682
198	1	0.1643953	0.5171635	0.03710482
198	2	1.074336	0.1887495	0.6100682
198	3	0.1643953	0.5171635	0.03710482
198	4	1.074336	0.1887495	0.6100682
198	5	-0.3002509	0.5370293	1.209490
198	6	1.074336	0.1887495	0.6100682
198	7	1.074336	0.1887495	0.6100682
198	8	-0.3002509	0.5370293	1.209490
198	9	1.074336	0.1887495	0.6100682
199	1	0.1643953	0.5171635	0.03710482
199	2	1.074336	0.1887495	0.6100682
199	3	0.1643953	0.5171635	0.03710482
199	4	1.074336	0.1887495	0.6100682
199	5	-0.3002509	0.5370293	1.209490
199	6	1.074336	0.1887495	0.6100682
199	7	1.074336	0.1887495	0.6100682
199	8	-0.3002509	0.5370293	1.209490
199	9	1.074336	0.1887495	0.6100682
200	1	0.1643953	0.5171635	0.03710482
200	2	1.074336	0.1887495	0.6100682
200	3	0.1643953	0.5171635	0.03710482
200	4	1.074336	0.1887495	0.6100682
200	5	-0.3002509	0.5370293	1.209490
200	6	1.074336	0.1887495	0.6100682
200	7	1.074336	0.1887495	0.6100682
200	8	-0.3002509	0.5370293	1.209490
200	9	1.074336	0.1887495	0.6100682
201	6	1.120904	0.1941041	0.4197782
201	7	1.120904	0.1941041	0.4197782
202	6	1.120904	0.1941041	0.4197782
202	7	1.120904	0.1941041	0.4197782
203	6	1.120904	0.1941041	0.4197782
203	7	1.120904	0.1941041	0.4197782
204	1	0.7169642	0.2662607	0.8950939
204	2	0.7169642	0.2662607	0.8950939
204	3	0.7169642	0.2662607	0.8950939
204	4	0.7169642	0.2662607	0.8950939
204	5	0.1151258	0.5243454	0.1111249
204	6	0.7169642	0.2662607	0.8950939
204	7	0.7169642	0.2662607	0.8950939
204	8	0.1151258	0.5243454	0.1111249
204	9	0.7169642	0.2662607	0.8950939
205	1	1.120904	0.1941041	0.4197782
205	2	1.120904	0.1941041	0.4197782
205	3	1.120904	0.1941041	0.4197782
205	4	1.120904	0.1941041	0.4197782
205	5	1.120904	0.1941041	0.4197782
205	6	1.120904	0.1941041	0.4197782
205	7	1.120904	0.1941041	0.4197782
205	8	1.120904	0.1941041	0.4197782
205	9	1.120904	0.1941041	0.4197782
206	1	1.120904	0.1941041	0.4197782
206	2	1.120904	0.1941041	0.4197782
206	3	1.120904	0.1941041	0.4197782
206	4	1.120904	0.1941041	0.4197782
206	5	1.120904	0.1941041	0.4197782
206	6	1.120904	0.1941041	0.4197782
206	7	1.120904	0.1941041	0.4197782
206	8	1.120904	0.1941041	0.4197782
206	9	1.120904	0.1941041	0.4197782
207	1	1.120904	0.1941041	0.4197782
207	2	1.120904	0.1941041	0.4197782
207	3	1.120904	0.1941041	0.4197782
207	4	1.120904	0.1941041	0.4197782
207	5	1.120904	0.1941041	0.4197782
207	6	1.120904	0.1941041	0.4197782
207	7	1.120904	0.1941041	0.4197782
207	8	1.120904	0.1941041	0.4197782
207	9	1.120904	0.1941041	0.4197782
208	1	1.120904	0.1941041	0.4197782
208	2	1.120904	0.1941041	0.4197782
208	3	1.120904	0.1941041	0.4197782
208	4	1.120904	0.1941041	0.4197782
208	5	1.120904	0.1941041	0.4197782
208	6	1.120904	0.1941041	0.4197782
208	7	1.120904	0.1941041	0.4197782
208	8	1.120904	0.1941041	0.4197782
208	9	1.120904	0.1941041	0.4197782
209	1	1.120904	0.1941041	0.4197782
209	2	1.120904	0.1941041	0.4197782
209	3	1.120904	0.1941041	0.4197782
209	4	1.120904	0.1941041	0.4197782
209	5	1.120904	0.1941041	0.4197782
209	6	1.120904	0.1941041	0.4197782
209	7	1.120904	0.1941041	0.4197782
209	8	1.120904	0.1941041	0.4197782
209	9	1.120904	0.1941041	0.4197782
210	1	1.120904	0.1941041	0.4197782
210	2	1.120904	0.1941041	0.4197782
210	3	1.120904	0.1941041	0.4197782
210	4	1.120904	0.1941041	0.4197782
210	5	1.120904	0.1941041	0.4197782
210	6	1.120904	0.1941041	0.4197782
210	7	1.120904	0.1941041	0.4197782
210	8	1.120904	0.1941041	0.4197782
210	9	1.120904	0.1941041	0.4197782
211	1	1.120904	0.1941041	0.4197782
211	2	1.120904	0.1941041	0.4197782
211	3	1.120904	0.1941041	0.4197782
211	4	1.120904	0.1941041	0.4197782
211	5	1.120904	0.1941041	0.4197782
211	6	1.120904	0.1941041	0.4197782
211	7	1.120904	0.1941041	0.4197782
211	8	1.120904	0.1941041	0.4197782
211	9	1.120904	0.1941041	0.4197782
212	1	1.120904	0.1941041	0.4197782
212	2	1.120904	0.1941041	0.4197782
212	3	1.120904	0.1941041	0.4197782
212	4	1.120904	0.1941041	0.4197782
212	5	1.120904	0.1941041	0.4197782
212	6	1.120904	0.1941041	0.4197782
212	7	1.120904	0.1941041	0.4197782
212	8	1.120904	0.1941041	0.4197782
212	9	1.120904	0.1941041	0.4197782
213	1	1.120904	0.1941041	0.4197782
213	2	1.120904	0.1941041	0.4197782
213	3	1.120904	0.1941041	0.4197782
213	4	1.120904	0.1941041	0.4197782
213	5	1.120904	0.1941041	0.4197782
213	6	1.120904	0.1941041	0.4197782
213	7	1.120904	0.1941041	0.4197782
213	8	1.120904	0.1941041	0.4197782
213	9	1.120904	0.1941041	0.4197782
214	1	1.120904	0.1941041	0.4197782
214	2	1.120904	0.1941041	0.4197782
214	3	1.120904	0.1941041	0.4197782
214	4	1.120904	0.1941041	0.4197782
214	5	1.120904	0.1941041	0.4197782
214	6	1.120904	0.1941041	0.4197782
214	7	1.120904	0.1941041	0.4197782
214	8	1.120904	0.1941041	0.4197782
214	9	1.120904	0.1941041	0.4197782
215	1	1.120904	0.1941041	0.4197782
215	2	1.120904	0.1941041	0.4197782
215	3	1.120904	0.1941041	0.4197782
215	4	1.120904	0.1941041	0.4197782
215	5	1.120904	0.1941041	0.4197782
215	6	1.120904	0.1941041	0.4197782
215	7	1.120904	0.1941041	0.4197782
215	8	1.120904	0.1941041	0.4197782
215	9	1.120904	0.1941041	0.4197782
216	1	1.120904	0.1941041	0.4197782
216	2	1.120904	0.1941041	0.4197782
216	3	1.120904	0.1941041	0.4197782
216	4	1.120904	0.1941041	0.4197782
216	5	1.120904	0.1941041	0.4197782
216	6	1.120904	0.1941041	0.4197782
216	7	1.120904	0.1941041	0.4197782
216	8	1.120904	0.1941041	0.4197782
216	9	1.120904	0.1941041	0.4197782
217	1	1.120904	0.1941041	0.4197782
217	2	1.120904	0.1941041	0.4197782
217	3	1.120904	0.1941041	0.4197782
217	4	1.120904	0.1941041	0.4197782
217	5	1.120904	0.1941041	0.4197782
217	6	1.120904	0.1941041	0.4197782
217	7	1.120904	0.1941041	0.4197782
217	8	1.120904	0.1941041	0.4197782
217	9	1.120904	0.1941041	0.4197782
218	1	1.120904	0.1941041	0.4197782
218	2	1.120904	0.1941041	0.4197782
218	3	1.120904	0.1941041	0.4197782
218	4	1.120904	0.1941041	0.4197782
218	5	1.120904	0.1941041	0.4197782
218	6	1.120904	0.1941041	0.4197782
218	7	1.120904	0.1941041	0.4197782
218	8	1.120904	0.1941041	0.4197782
218	9	1.120904	0.1941041	0.4197782
219	1	1.120904	0.1941041	0.4197782
219	2	1.120904	0.1941041	0.4197782
219	3	1.120904	0.1941041	0.4197782
219	4	1.120904	0.1941041	0.4197782
219	5	1.120904	0.1941041	0.4197782
219	6	1.120904	0.1941041	0.4197782
219	7	1.120904	0.1941041	0.4197782
219	8	1.120904	0.1941041	0.4197782
219	9	1.120904	0.1941041	0.4197782
220	1	1.185354	0.1748083	0.4210673
220	2	-0.1296395	0.5681359	0.3984703
220	3	1.185354	0.1748083	0.4210673
220	4	-0.1296395	0.5681359	0.3984703
220	5	-0.1296395	0.5681359	0.3984703
220	6	1.135133	0.1904171	0.4143829
220	7	1.185354	0.1748083	0.4210673
220	8	-0.1296395	0.5681359	0.3984703
220	9	-0.1296395	0.5681359	0.3984703
221	1	1.185354	0.1748083	0.4210673
221	2	-0.1296395	0.5681359	0.3984703
221	3	1.185354	0.1748083	0.4210673
221	4	-0.1296395	0.5681359	0.3984703
221	5	-0.1296395	0.5681359	0.3984703
221	6	1.135133	0.1904171	0.4143829
221	7	1.185354	0.1748083	0.4210673
221	8	-0.1296395	0.5681359	0.3984703
221	9	-0.1296395	0.5681359	0.3984703
222	2	0.4220819	0.3319665	1.112955
222	4	0.4220819	0.3319665	1.112955
222	5	0.264346	0.4869352	0.04211219
222	7	0.4131626	0.3226166	1.231892
222	8	0.264346	0.4869352	0.04211219
222	9	0.4220820	0.3319665	1.112955
223	2	0.7641157	0.3383553	0.04172052
223	4	0.7641157	0.3383553	0.04172052
223	5	0.1868091	0.3826035	1.304481
223	6	-0.2821055	0.5845091	0.685515
223	7	0.918191	0.2935488	0.03169354
223	8	0.1868091	0.3826035	1.304481
223	9	0.7641157	0.3383553	0.04172052
224	2	0.7641157	0.3383553	0.04172052
224	4	0.7641157	0.3383553	0.04172052
224	5	0.1868091	0.3826035	1.304481
224	6	-0.2821055	0.5845091	0.685515
224	7	0.918191	0.2935488	0.03169354
224	8	0.1868091	0.3826035	1.304481
224	9	0.7641157	0.3383553	0.04172052
225	2	0.7641157	0.3383553	0.04172052
225	4	0.7641157	0.3383553	0.04172052
225	5	0.1868091	0.3826035	1.304481
225	6	-0.2821055	0.5845091	0.685515
225	7	0.918191	0.2935488	0.03169354
225	8	0.1868091	0.3826035	1.304481
225	9	0.7641157	0.3383553	0.04172052
226	1	0.0825616	0.538231	0.06948752
226	2	0.8277246	0.2367381	0.861253
226	3	0.0825616	0.538231	0.06948752
226	4	0.8277246	0.2367381	0.861253
226	5	0.2625426	0.3644292	1.261404
226	6	-0.2877481	0.5317185	1.225273
226	7	1.174860	0.2106459	0.09685734
226	8	0.2625426	0.3644292	1.261404
226	9	0.8277246	0.2367381	0.861253
227	1	-0.3520551	0.5815291	0.9211767
227	2	0.8818131	0.3035462	0.03982512
227	3	-0.3520551	0.5815291	0.9211767
227	4	0.8818131	0.3035462	0.03982512
227	5	0.8854234	0.3023364	0.04117421
227	6	1.009915	0.2611694	0.0822621
227	7	0.4482823	0.3056351	1.296678
227	9	0.8818131	0.3035462	0.03982512
228	1	-0.3525402	0.5819317	0.9186169
228	2	0.8954802	0.2992054	0.04256518
228	3	-0.3525402	0.5819317	0.9186169
228	4	0.8954802	0.2992054	0.04256518
228	5	0.8986828	0.2981211	0.04387263
228	6	0.9481152	0.2817216	0.06071427
228	7	0.4281551	0.3101039	1.311707
228	9	0.8954802	0.2992054	0.04256518
229	1	-0.3525402	0.5819317	0.9186169
229	2	0.8954802	0.2992054	0.04256518
229	3	-0.3525402	0.5819317	0.9186169
229	4	0.8954802	0.2992054	0.04256518
229	5	0.8986828	0.2981211	0.04387263
229	6	0.9481152	0.2817216	0.06071427
229	7	0.4281551	0.3101039	1.311707
229	9	0.8954802	0.2992054	0.04256518
230	1	-0.3277305	0.5881743	0.7836455
230	2	1.046238	0.250692	0.07904819
230	3	-0.3277305	0.5881743	0.7836455
230	4	1.046238	0.250692	0.07904819
230	5	1.079628	0.2394465	0.09209054
230	6	1.195948	0.1939992	0.1996738
230	7	0.1967565	0.3650545	1.449071
230	8	0.3791856	0.4541923	0.02816351
230	9	1.046238	0.250692	0.07904819
231	1	-0.2522082	0.5855021	0.5875722
231	2	0.846871	0.3135317	0.04384277
231	3	-0.2522082	0.5855021	0.5875722
231	4	0.846871	0.3135317	0.04384277
231	5	0.7657803	0.3385356	0.03502841
231	6	0.8507467	0.3114162	0.0533849
231	7	0.1356609	0.3794748	1.486212
231	8	1.276249	0.1631743	0.2684995
231	9	0.846871	0.3135317	0.04384277
232	1	0.4706165	0.3138933	1.149028
232	2	1.182436	0.1951919	0.2276724
232	3	0.4706165	0.3138933	1.149028
232	4	1.182436	0.1951919	0.2276724
232	5	1.182436	0.1951919	0.2276724
232	6	0.4102374	0.4465347	0.01254179
232	7	-0.3086659	0.5985093	0.6250498
232	8	1.182436	0.1951919	0.2276724
232	9	1.182436	0.1951919	0.2276724
233	1	0.8958098	0.2276392	0.7507821
233	2	0.8958098	0.2276392	0.7507821
233	3	0.8958098	0.2276392	0.7507821
233	4	0.8958098	0.2276392	0.7507821
233	5	0.8958098	0.2276392	0.7507821
233	6	0.8958098	0.2276392	0.7507821
233	7	-0.03975243	0.5682034	0.1329173
233	8	0.8958098	0.2276392	0.7507821
233	9	0.8958098	0.2276392	0.7507821
234	1	0.8958098	0.2276392	0.7507821
234	2	0.8958098	0.2276392	0.7507821
234	3	0.8958098	0.2276392	0.7507821
234	4	0.8958098	0.2276392	0.7507821
234	5	0.8958098	0.2276392	0.7507821
234	6	0.8958098	0.2276392	0.7507821
234	7	-0.03975243	0.5682034	0.1329173
234	8	0.8958098	0.2276392	0.7507821
234	9	0.8958098	0.2276392	0.7507821
239	1	1.120904	0.1941041	0.4197782
239	2	1.120904	0.1941041	0.4197782
239	3	1.120904	0.1941041	0.4197782
239	4	1.120904	0.1941041	0.4197782
239	5	1.120904	0.1941041	0.4197782
239	6	1.120904	0.1941041	0.4197782
239	7	1.120904	0.1941041	0.4197782
239	8	1.120904	0.1941041	0.4197782
239	9	1.120904	0.1941041	0.4197782
240	1	1.120904	0.1941041	0.4197782
240	2	1.120904	0.1941041	0.4197782
240	3	1.120904	0.1941041	0.4197782
240	4	1.120904	0.1941041	0.4197782
240	5	1.120904	0.1941041	0.4197782
240	6	1.120904	0.1941041	0.4197782
240	7	1.120904	0.1941041	0.4197782
240	8	1.120904	0.1941041	0.4197782
240	9	1.120904	0.1941041	0.4197782
241	1	1.120904	0.1941041	0.4197782
241	2	1.120904	0.1941041	0.4197782
241	3	1.120904	0.1941041	0.4197782
241	4	1.120904	0.1941041	0.4197782
241	5	1.120904	0.1941041	0.4197782
241	6	1.120904	0.1941041	0.4197782
241	7	1.120904	0.1941041	0.4197782
241	8	1.120904	0.1941041	0.4197782
241	9	1.120904	0.1941041	0.4197782
242	1	1.120904	0.1941041	0.4197782
242	2	1.120904	0.1941041	0.4197782
242	3	1.120904	0.1941041	0.4197782
242	4	1.120904	0.1941041	0.4197782
242	5	1.120904	0.1941041	0.4197782
242	6	1.120904	0.1941041	0.4197782
242	7	1.120904	0.1941041	0.4197782
242	8	1.120904	0.1941041	0.4197782
242	9	1.120904	0.1941041	0.4197782
243	1	1.120904	0.1941041	0.4197782
243	2	1.120904	0.1941041	0.4197782
243	3	1.120904	0.1941041	0.4197782
243	4	1.120904	0.1941041	0.4197782
243	5	1.120904	0.1941041	0.4197782
243	6	1.120904	0.1941041	0.4197782
243	7	1.120904	0.1941041	0.4197782
243	8	1.120904	0.1941041	0.4197782
243	9	1.120904	0.1941041	0.4197782
244	1	1.120904	0.1941041	0.4197782
244	2	1.120904	0.1941041	0.4197782
244	3	1.120904	0.1941041	0.4197782
244	4	1.120904	0.1941041	0.4197782
244	5	1.120904	0.1941041	0.4197782
244	6	1.120904	0.1941041	0.4197782
244	7	1.120904	0.1941041	0.4197782
244	8	1.120904	0.1941041	0.4197782
244	9	1.120904	0.1941041	0.4197782
245	1	1.120904	0.1941041	0.4197782
245	2	1.120904	0.1941041	0.4197782
245	3	1.120904	0.1941041	0.4197782
245	4	1.120904	0.1941041	0.4197782
245	5	1.120904	0.1941041	0.4197782
245	6	1.120904	0.1941041	0.4197782
245	7	1.120904	0.1941041	0.4197782
245	8	1.120904	0.1941041	0.4197782
245	9	1.120904	0.1941041	0.4197782
246	1	1.120904	0.1941041	0.4197782
246	2	1.120904	0.1941041	0.4197782
246	3	1.120904	0.1941041	0.4197782
246	4	1.120904	0.1941041	0.4197782
246	5	1.120904	0.1941041	0.4197782
246	6	1.120904	0.1941041	0.4197782
246	7	1.120904	0.1941041	0.4197782
246	8	1.120904	0.1941041	0.4197782
246	9	1.120904	0.1941041	0.4197782
247	1	1.120904	0.1941041	0.4197782
247	2	1.120904	0.1941041	0.4197782
247	3	1.120904	0.1941041	0.4197782
247	4	1.120904	0.1941041	0.4197782
247	5	1.120904	0.1941041	0.4197782
247	6	1.120904	0.1941041	0.4197782
247	7	1.120904	0.1941041	0.4197782
247	8	1.120904	0.1941041	0.4197782
247	9	1.120904	0.1941041	0.4197782
248	1	1.120904	0.1941041	0.4197782
248	2	1.120904	0.1941041	0.4197782
248	3	1.120904	0.1941041	0.4197782
248	4	1.120904	0.1941041	0.4197782
248	5	1.120904	0.1941041	0.4197782
248	6	1.120904	0.1941041	0.4197782
248	7	1.120904	0.1941041	0.4197782
248	8	1.120904	0.1941041	0.4197782
248	9	1.120904	0.1941041	0.4197782
249	1	1.120904	0.1941041	0.4197782
249	2	1.120904	0.1941041	0.4197782
249	3	1.120904	0.1941041	0.4197782
249	4	1.120904	0.1941041	0.4197782
249	5	1.120904	0.1941041	0.4197782
249	6	1.120904	0.1941041	0.4197782
249	7	1.120904	0.1941041	0.4197782
249	8	1.120904	0.1941041	0.4197782
249	9	1.120904	0.1941041	0.4197782
250	1	1.120904	0.1941041	0.4197782
250	2	1.120904	0.1941041	0.4197782
250	3	1.120904	0.1941041	0.4197782
250	4	1.120904	0.1941041	0.4197782
250	5	1.120904	0.1941041	0.4197782
250	6	1.120904	0.1941041	0.4197782
250	7	1.120904	0.1941041	0.4197782
250	8	1.120904	0.1941041	0.4197782
250	9	1.120904	0.1941041	0.4197782
251	1	1.120904	0.1941041	0.4197782
251	2	1.120904	0.1941041	0.4197782
251	3	1.120904	0.1941041	0.4197782
251	4	1.120904	0.1941041	0.4197782
251	5	1.120904	0.1941041	0.4197782
251	6	1.120904	0.1941041	0.4197782
251	7	1.120904	0.1941041	0.4197782
251	8	1.120904	0.1941041	0.4197782
251	9	1.120904	0.1941041	0.4197782
252	1	1.120904	0.1941041	0.4197782
252	2	1.120904	0.1941041	0.4197782
252	3	1.120904	0.1941041	0.4197782
252	4	1.120904	0.1941041	0.4197782
252	5	1.120904	0.1941041	0.4197782
252	6	1.120904	0.1941041	0.4197782
252	7	1.120904	0.1941041	0.4197782
252	8	1.120904	0.1941041	0.4197782
252	9	1.120904	0.1941041	0.4197782
253	1	1.120904	0.1941041	0.4197782
253	2	1.120904	0.1941041	0.4197782
253	3	1.120904	0.1941041	0.4197782
253	4	1.120904	0.1941041	0.4197782
253	5	1.120904	0.1941041	0.4197782
253	6	1.120904	0.1941041	0.4197782
253	7	1.120904	0.1941041	0.4197782
253	8	1.120904	0.1941041	0.4197782
253	9	1.120904	0.1941041	0.4197782
254	1	1.120904	0.1941041	0.4197782
254	2	1.120904	0.1941041	0.4197782
254	3	1.120904	0.1941041	0.4197782
254	4	1.120904	0.1941041	0.4197782
254	5	1.120904	0.1941041	0.4197782
254	6	1.120904	0.1941041	0.4197782
254	7	1.120904	0.1941041	0.4197782
254	8	1.120904	0.1941041	0.4197782
254	9	1.120904	0.1941041	0.4197782
255	1	1.120904	0.1941041	0.4197782
255	2	1.120904	0.1941041	0.4197782
255	3	1.120904	0.1941041	0.4197782
255	4	1.120904	0.1941041	0.4197782
255	5	1.120904	0.1941041	0.4197782
255	6	1.120904	0.1941041	0.4197782
255	7	1.120904	0.1941041	0.4197782
255	8	1.120904	0.1941041	0.4197782
255	9	1.120904	0.1941041	0.4197782
256	1	1.120904	0.1941041	0.4197782
256	2	1.120904	0.1941041	0.4197782
256	3	1.120904	0.1941041	0.4197782
256	4	1.120904	0.1941041	0.4197782
256	5	1.120904	0.1941041	0.4197782
256	6	1.120904	0.1941041	0.4197782
256	7	1.120904	0.1941041	0.4197782
256	8	1.120904	0.1941041	0.4197782
256	9	1.120904	0.1941041	0.4197782
257	1	1.120904	0.1941041	0.4197782
257	2	1.120904	0.1941041	0.4197782
257	3	1.120904	0.1941041	0.4197782
257	4	1.120904	0.1941041	0.4197782
257	5	1.120904	0.1941041	0.4197782
257	6	1.120904	0.1941041	0.4197782
257	7	1.120904	0.1941041	0.4197782
257	8	1.120904	0.1941041	0.4197782
257	9	1.120904	0.1941041	0.4197782
258	1	1.120904	0.1941041	0.4197782
258	2	1.120904	0.1941041	0.4197782
258	3	1.120904	0.1941041	0.4197782
258	4	1.120904	0.1941041	0.4197782
258	5	1.120904	0.1941041	0.4197782
258	6	1.120904	0.1941041	0.4197782
258	7	1.120904	0.1941041	0.4197782
258	8	1.120904	0.1941041	0.4197782
258	9	1.120904	0.1941041	0.4197782
259	1	1.120904	0.1941041	0.4197782
259	2	1.120904	0.1941041	0.4197782
259	3	1.120904	0.1941041	0.4197782
259	4	1.120904	0.1941041	0.4197782
259	5	1.120904	0.1941041	0.4197782
259	6	1.120904	0.1941041	0.4197782
259	7	1.120904	0.1941041	0.4197782
259	8	1.120904	0.1941041	0.4197782
259	9	1.120904	0.1941041	0.4197782
260	1	1.120904	0.1941041	0.4197782
260	2	1.120904	0.1941041	0.4197782
260	3	1.120904	0.1941041	0.4197782
260	4	1.120904	0.1941041	0.4197782
260	5	1.120904	0.1941041	0.4197782
260	6	1.120904	0.1941041	0.4197782
260	7	1.120904	0.1941041	0.4197782
260	8	1.120904	0.1941041	0.4197782
260	9	1.120904	0.1941041	0.4197782
261	1	1.120904	0.1941041	0.4197782
261	2	1.120904	0.1941041	0.4197782
261	3	1.120904	0.1941041	0.4197782
261	4	1.120904	0.1941041	0.4197782
261	5	1.120904	0.1941041	0.4197782
261	6	1.120904	0.1941041	0.4197782
261	7	1.120904	0.1941041	0.4197782
261	8	1.120904	0.1941041	0.4197782
261	9	1.120904	0.1941041	0.4197782
262	1	1.120904	0.1941041	0.4197782
262	2	1.120904	0.1941041	0.4197782
262	3	1.120904	0.1941041	0.4197782
262	4	1.120904	0.1941041	0.4197782
262	5	1.120904	0.1941041	0.4197782
262	6	1.120904	0.1941041	0.4197782
262	7	1.120904	0.1941041	0.4197782
262	8	1.120904	0.1941041	0.4197782
262	9	1.120904	0.1941041	0.4197782
263	1	1.120904	0.1941041	0.4197782
263	2	1.120904	0.1941041	0.4197782
263	3	1.120904	0.1941041	0.4197782
263	4	1.120904	0.1941041	0.4197782
263	5	1.120904	0.1941041	0.4197782
263	6	1.120904	0.1941041	0.4197782
263	7	1.120904	0.1941041	0.4197782
263	8	1.120904	0.1941041	0.4197782
263	9	1.120904	0.1941041	0.4197782
264	1	1.120904	0.1941041	0.4197782
264	2	1.120904	0.1941041	0.4197782
264	3	1.120904	0.1941041	0.4197782
264	4	1.120904	0.1941041	0.4197782
264	5	1.120904	0.1941041	0.4197782
264	6	1.120904	0.1941041	0.4197782
264	7	1.120904	0.1941041	0.4197782
264	8	1.120904	0.1941041	0.4197782
264	9	1.120904	0.1941041	0.4197782
265	1	1.120904	0.1941041	0.4197782
265	2	1.120904	0.1941041	0.4197782
265	3	1.120904	0.1941041	0.4197782
265	4	1.120904	0.1941041	0.4197782
265	5	1.120904	0.1941041	0.4197782
265	6	1.120904	0.1941041	0.4197782
265	7	1.120904	0.1941041	0.4197782
265	8	1.120904	0.1941041	0.4197782
265	9	1.120904	0.1941041	0.4197782
266	1	1.120904	0.1941041	0.4197782
266	2	1.120904	0.1941041	0.4197782
266	3	1.120904	0.1941041	0.4197782
266	4	1.120904	0.1941041	0.4197782
266	5	1.120904	0.1941041	0.4197782
266	6	1.120904	0.1941041	0.4197782
266	7	1.120904	0.1941041	0.4197782
266	8	1.120904	0.1941041	0.4197782
266	9	1.120904	0.1941041	0.4197782
267	1	1.120904	0.1941041	0.4197782
267	2	1.120904	0.1941041	0.4197782
267	3	1.120904	0.1941041	0.4197782
267	4	1.120904	0.1941041	0.4197782
267	5	1.120904	0.1941041	0.4197782
267	6	1.120904	0.1941041	0.4197782
267	7	1.120904	0.1941041	0.4197782
267	8	1.120904	0.1941041	0.4197782
267	9	1.120904	0.1941041	0.4197782
268	1	1.120904	0.1941041	0.4197782
268	2	1.120904	0.1941041	0.4197782
268	3	1.120904	0.1941041	0.4197782
268	4	1.120904	0.1941041	0.4197782
268	5	1.120904	0.1941041	0.4197782
268	6	1.120904	0.1941041	0.4197782
268	7	1.120904	0.1941041	0.4197782
268	8	1.120904	0.1941041	0.4197782
268	9	1.120904	0.1941041	0.4197782
269	1	1.120904	0.1941041	0.4197782
269	2	1.120904	0.1941041	0.4197782
269	3	1.120904	0.1941041	0.4197782
269	4	1.120904	0.1941041	0.4197782
269	5	1.120904	0.1941041	0.4197782
269	6	1.120904	0.1941041	0.4197782
269	7	1.120904	0.1941041	0.4197782
269	8	1.120904	0.1941041	0.4197782
269	9	1.120904	0.1941041	0.4197782
270	1	1.120904	0.1941041	0.4197782
270	2	1.120904	0.1941041	0.4197782
270	3	1.120904	0.1941041	0.4197782
270	4	1.120904	0.1941041	0.4197782
270	5	1.120904	0.1941041	0.4197782
270	6	1.120904	0.1941041	0.4197782
270	7	1.120904	0.1941041	0.4197782
270	8	1.120904	0.1941041	0.4197782
270	9	1.120904	0.1941041	0.4197782
271	1	1.120904	0.1941041	0.4197782
271	2	1.120904	0.1941041	0.4197782
271	3	1.120904	0.1941041	0.4197782
271	4	1.120904	0.1941041	0.4197782
271	5	1.120904	0.1941041	0.4197782
271	6	1.120904	0.1941041	0.4197782
271	7	1.120904	0.1941041	0.4197782
271	8	1.120904	0.1941041	0.4197782
271	9	1.120904	0.1941041	0.4197782
272	1	1.120904	0.1941041	0.4197782
272	2	1.120904	0.1941041	0.4197782
272	3	1.120904	0.1941041	0.4197782
272	4	1.120904	0.1941041	0.4197782
272	5	1.120904	0.1941041	0.4197782
272	6	1.120904	0.1941041	0.4197782
272	7	1.120904	0.1941041	0.4197782
272	8	1.120904	0.1941041	0.4197782
272	9	1.120904	0.1941041	0.4197782
273	1	1.120904	0.1941041	0.4197782
273	2	1.120904	0.1941041	0.4197782
273	3	1.120904	0.1941041	0.4197782
273	4	1.120904	0.1941041	0.4197782
273	5	1.120904	0.1941041	0.4197782
273	6	1.120904	0.1941041	0.4197782
273	7	1.120904	0.1941041	0.4197782
273	8	1.120904	0.1941041	0.4197782
273	9	1.120904	0.1941041	0.4197782
274	1	1.120904	0.1941041	0.4197782
274	2	1.120904	0.1941041	0.4197782
274	3	1.120904	0.1941041	0.4197782
274	4	1.120904	0.1941041	0.4197782
274	5	1.120904	0.1941041	0.4197782
274	6	1.120904	0.1941041	0.4197782
274	7	1.120904	0.1941041	0.4197782
274	8	1.120904	0.1941041	0.4197782
274	9	1.120904	0.1941041	0.4197782
275	1	1.120904	0.1941041	0.4197782
275	2	1.120904	0.1941041	0.4197782
275	3	1.120904	0.1941041	0.4197782
275	4	1.120904	0.1941041	0.4197782
275	5	1.120904	0.1941041	0.4197782
275	6	1.120904	0.1941041	0.4197782
275	7	1.120904	0.1941041	0.4197782
275	8	1.120904	0.1941041	0.4197782
275	9	1.120904	0.1941041	0.4197782
276	1	1.120904	0.1941041	0.4197782
276	2	1.120904	0.1941041	0.4197782
276	3	1.120904	0.1941041	0.4197782
276	4	1.120904	0.1941041	0.4197782
276	5	1.120904	0.1941041	0.4197782
276	6	1.120904	0.1941041	0.4197782
276	7	1.120904	0.1941041	0.4197782
276	8	1.120904	0.1941041	0.4197782
276	9	1.120904	0.1941041	0.4197782
277	1	1.120904	0.1941041	0.4197782
277	2	1.120904	0.1941041	0.4197782
277	3	1.120904	0.1941041	0.4197782
277	4	1.120904	0.1941041	0.4197782
277	5	1.120904	0.1941041	0.4197782
277	6	1.120904	0.1941041	0.4197782
277	7	1.120904	0.1941041	0.4197782
277	8	1.120904	0.1941041	0.4197782
277	9	1.120904	0.1941041	0.4197782
278	1	1.120904	0.1941041	0.4197782
278	2	1.120904	0.1941041	0.4197782
278	3	1.120904	0.1941041	0.4197782
278	4	1.120904	0.1941041	0.4197782
278	5	1.120904	0.1941041	0.4197782
278	6	1.120904	0.1941041	0.4197782
278	7	1.120904	0.1941041	0.4197782
278	8	1.120904	0.1941041	0.4197782
278	9	1.120904	0.1941041	0.4197782
279	1	1.120904	0.1941041	0.4197782
279	2	1.120904	0.1941041	0.4197782
279	3	1.120904	0.1941041	0.4197782
279	4	1.120904	0.1941041	0.4197782
279	5	1.120904	0.1941041	0.4197782
279	6	1.120904	0.1941041	0.4197782
279	7	1.120904	0.1941041	0.4197782
279	8	1.120904	0.1941041	0.4197782
279	9	1.120904	0.1941041	0.4197782
280	1	1.120904	0.1941041	0.4197782
280	2	1.120904	0.1941041	0.4197782
280	3	1.120904	0.1941041	0.4197782
280	4	1.120904	0.1941041	0.4197782
280	5	1.120904	0.1941041	0.4197782
280	6	1.120904	0.1941041	0.4197782
280	7	1.120904	0.1941041	0.4197782
280	8	1.120904	0.1941041	0.4197782
280	9	1.120904	0.1941041	0.4197782
281	1	1.120904	0.1941041	0.4197782
281	2	1.120904	0.1941041	0.4197782
281	3	1.120904	0.1941041	0.4197782
281	4	1.120904	0.1941041	0.4197782
281	5	1.120904	0.1941041	0.4197782
281	6	1.120904	0.1941041	0.4197782
281	7	1.120904	0.1941041	0.4197782
281	8	1.120904	0.1941041	0.4197782
281	9	1.120904	0.1941041	0.4197782
282	1	1.120904	0.1941041	0.4197782
282	2	1.120904	0.1941041	0.4197782
282	3	1.120904	0.1941041	0.4197782
282	4	1.120904	0.1941041	0.4197782
282	5	1.120904	0.1941041	0.4197782
282	6	1.120904	0.1941041	0.4197782
282	7	1.120904	0.1941041	0.4197782
282	8	1.120904	0.1941041	0.4197782
282	9	1.120904	0.1941041	0.4197782
283	1	1.120904	0.1941041	0.4197782
283	2	1.120904	0.1941041	0.4197782
283	3	1.120904	0.1941041	0.4197782
283	4	1.120904	0.1941041	0.4197782
283	5	1.120904	0.1941041	0.4197782
283	6	1.120904	0.1941041	0.4197782
283	7	1.120904	0.1941041	0.4197782
283	8	1.120904	0.1941041	0.4197782
283	9	1.120904	0.1941041	0.4197782
284	1	1.120904	0.1941041	0.4197782
284	2	1.120904	0.1941041	0.4197782
284	3	1.120904	0.1941041	0.4197782
284	4	1.120904	0.1941041	0.4197782
284	5	1.120904	0.1941041	0.4197782
284	6	1.120904	0.1941041	0.4197782
284	7	1.120904	0.1941041	0.4197782
284	8	1.120904	0.1941041	0.4197782
284	9	1.120904	0.1941041	0.4197782
285	1	1.120904	0.1941041	0.4197782
285	2	1.120904	0.1941041	0.4197782
285	3	1.120904	0.1941041	0.4197782
285	4	1.120904	0.1941041	0.4197782
285	5	1.120904	0.1941041	0.4197782
285	6	1.120904	0.1941041	0.4197782
285	7	1.120904	0.1941041	0.4197782
285	8	1.120904	0.1941041	0.4197782
285	9	1.120904	0.1941041	0.4197782
286	1	1.120904	0.1941041	0.4197782
286	2	1.120904	0.1941041	0.4197782
286	3	1.120904	0.1941041	0.4197782
286	4	1.120904	0.1941041	0.4197782
286	5	1.120904	0.1941041	0.4197782
286	6	1.120904	0.1941041	0.4197782
286	7	1.120904	0.1941041	0.4197782
286	8	1.120904	0.1941041	0.4197782
286	9	1.120904	0.1941041	0.4197782
287	1	1.120904	0.1941041	0.4197782
287	2	1.120904	0.1941041	0.4197782
287	3	1.120904	0.1941041	0.4197782
287	4	1.120904	0.1941041	0.4197782
287	5	1.120904	0.1941041	0.4197782
287	6	1.120904	0.1941041	0.4197782
287	7	1.120904	0.1941041	0.4197782
287	8	1.120904	0.1941041	0.4197782
287	9	1.120904	0.1941041	0.4197782
288	1	1.120904	0.1941041	0.4197782
288	2	1.120904	0.1941041	0.4197782
288	3	1.120904	0.1941041	0.4197782
288	4	1.120904	0.1941041	0.4197782
288	5	1.120904	0.1941041	0.4197782
288	6	1.120904	0.1941041	0.4197782
288	7	1.120904	0.1941041	0.4197782
288	8	1.120904	0.1941041	0.4197782
288	9	1.120904	0.1941041	0.4197782
289	1	1.120904	0.1941041	0.4197782
289	2	1.120904	0.1941041	0.4197782
289	3	1.120904	0.1941041	0.4197782
289	4	1.120904	0.1941041	0.4197782
289	5	1.120904	0.1941041	0.4197782
289	6	1.120904	0.1941041	0.4197782
289	7	1.120904	0.1941041	0.4197782
289	8	1.120904	0.1941041	0.4197782
289	9	1.120904	0.1941041	0.4197782
290	1	1.120904	0.1941041	0.4197782
290	2	1.120904	0.1941041	0.4197782
290	3	1.120904	0.1941041	0.4197782
290	4	1.120904	0.1941041	0.4197782
290	5	1.120904	0.1941041	0.4197782
290	6	1.120904	0.1941041	0.4197782
290	7	1.120904	0.1941041	0.4197782
290	8	1.120904	0.1941041	0.4197782
290	9	1.120904	0.1941041	0.4197782
291	1	1.120904	0.1941041	0.4197782
291	2	1.120904	0.1941041	0.4197782
291	3	1.120904	0.1941041	0.4197782
291	4	1.120904	0.1941041	0.4197782
291	5	1.120904	0.1941041	0.4197782
291	6	1.120904	0.1941041	0.4197782
291	7	1.120904	0.1941041	0.4197782
291	8	1.120904	0.1941041	0.4197782
291	9	1.120904	0.1941041	0.4197782
292	1	1.120904	0.1941041	0.4197782
292	2	1.120904	0.1941041	0.4197782
292	3	1.120904	0.1941041	0.4197782
292	4	1.120904	0.1941041	0.4197782
292	5	1.120904	0.1941041	0.4197782
292	6	1.120904	0.1941041	0.4197782
292	7	1.120904	0.1941041	0.4197782
292	8	1.120904	0.1941041	0.4197782
292	9	1.120904	0.1941041	0.4197782
293	1	1.120904	0.1941041	0.4197782
293	2	1.120904	0.1941041	0.4197782
293	3	1.120904	0.1941041	0.4197782
293	4	1.120904	0.1941041	0.4197782
293	5	1.120904	0.1941041	0.4197782
293	6	1.120904	0.1941041	0.4197782
293	7	1.120904	0.1941041	0.4197782
293	8	1.120904	0.1941041	0.4197782
293	9	1.120904	0.1941041	0.4197782
294	1	1.120904	0.1941041	0.4197782
294	2	1.120904	0.1941041	0.4197782
294	3	1.120904	0.1941041	0.4197782
294	4	1.120904	0.1941041	0.4197782
294	5	1.120904	0.1941041	0.4197782
294	6	1.120904	0.1941041	0.4197782
294	7	1.120904	0.1941041	0.4197782
294	8	1.120904	0.1941041	0.4197782
294	9	1.120904	0.1941041	0.4197782
295	1	1.120904	0.1941041	0.4197782
295	2	1.120904	0.1941041	0.4197782
295	3	1.120904	0.1941041	0.4197782
295	4	1.120904	0.1941041	0.4197782
295	5	1.120904	0.1941041	0.4197782
295	6	1.120904	0.1941041	0.4197782
295	7	1.120904	0.1941041	0.4197782
295	8	1.120904	0.1941041	0.4197782
295	9	1.120904	0.1941041	0.4197782
296	1	1.120904	0.1941041	0.4197782
296	2	1.120904	0.1941041	0.4197782
296	3	1.120904	0.1941041	0.4197782
296	4	1.120904	0.1941041	0.4197782
296	5	1.120904	0.1941041	0.4197782
296	6	1.120904	0.1941041	0.4197782
296	7	1.120904	0.1941041	0.4197782
296	8	1.120904	0.1941041	0.4197782
296	9	1.120904	0.1941041	0.4197782
297	1	1.120904	0.1941041	0.4197782
297	2	1.120904	0.1941041	0.4197782
297	3	1.120904	0.1941041	0.4197782
297	4	1.120904	0.1941041	0.4197782
297	5	1.120904	0.1941041	0.4197782
297	6	1.120904	0.1941041	0.4197782
297	7	1.120904	0.1941041	0.4197782
297	8	1.120904	0.1941041	0.4197782
297	9	1.120904	0.1941041	0.4197782
298	1	0.8958098	0.2276392	0.7507821
298	2	0.8958098	0.2276392	0.7507821
298	3	0.8958098	0.2276392	0.7507821
298	4	0.8958098	0.2276392	0.7507821
298	5	0.8958098	0.2276392	0.7507821
298	6	0.8958098	0.2276392	0.7507821
298	7	-0.03975243	0.5682034	0.1329173
298	8	0.8958098	0.2276392	0.7507821
298	9	0.8958098	0.2276392	0.7507821
299	1	1.132655	0.1844788	0.4805318
299	2	1.132655	0.1844788	0.4805318
299	3	1.132655	0.1844788	0.4805318
299	4	1.132655	0.1844788	0.4805318
299	5	1.132655	0.1844788	0.4805318
299	6	-0.3617763	0.5757179	1.00741
299	7	0.05745413	0.5456279	0.07017582
299	8	1.132655	0.1844788	0.4805318
299	9	1.132655	0.1844788	0.4805318
300	1	0.8902462	0.2283255	0.7603762
300	2	0.8902462	0.2283255	0.7603763
300	3	0.8902462	0.2283255	0.7603762
300	4	0.8902462	0.2283255	0.7603762
300	5	0.8902462	0.2283255	0.7603762
300	7	-0.03405565	0.5668264	0.1297745
300	8	0.8902462	0.2283255	0.7603762
300	9	0.8902462	0.2283255	0.7603762
301	1	1.120904	0.1941041	0.4197782
301	2	1.120904	0.1941041	0.4197782
301	3	1.120904	0.1941041	0.4197782
301	4	1.120904	0.1941041	0.4197782
301	5	1.120904	0.1941041	0.4197782
301	8	1.120904	0.1941041	0.4197782
301	9	1.120904	0.1941041	0.4197782
302	1	1.120904	0.1941041	0.4197782
302	2	1.120904	0.1941041	0.4197782
302	3	1.120904	0.1941041	0.4197782
302	4	1.120904	0.1941041	0.4197782
302	5	1.120904	0.1941041	0.4197782
302	8	1.120904	0.1941041	0.4197782
302	9	1.120904	0.1941041	0.4197782
303	1	1.120904	0.1941041	0.4197782
303	2	1.120904	0.1941041	0.4197782
303	3	1.120904	0.1941041	0.4197782
303	4	1.120904	0.1941041	0.4197782
303	5	1.120904	0.1941041	0.4197782
303	8	1.120904	0.1941041	0.4197782
303	9	1.120904	0.1941041	0.4197782
304	1	1.120904	0.1941041	0.4197782
304	2	1.120904	0.1941041	0.4197782
304	3	1.120904	0.1941041	0.4197782
304	4	1.120904	0.1941041	0.4197782
304	5	1.120904	0.1941041	0.4197782
304	8	1.120904	0.1941041	0.4197782
304	9	1.120904	0.1941041	0.4197782
305	1	0.894397	0.2267685	0.7635732
305	2	0.8943971	0.2267685	0.7635732
305	3	0.894397	0.2267685	0.7635733
305	4	0.894397	0.2267685	0.7635733
305	5	0.894397	0.2267685	0.7635733
305	7	-0.04981708	0.5723991	0.1209991
305	8	0.894397	0.2267685	0.7635733
305	9	0.894397	0.2267685	0.7635733
306	1	1.126686	0.1846012	0.4969081
306	2	1.126686	0.1846012	0.4969081
306	3	1.126686	0.1846012	0.4969081
306	4	1.126686	0.1846012	0.4969081
306	5	1.126686	0.1846012	0.4969081
306	6	-0.3677402	0.56702	1.111177
306	7	0.03220486	0.5535572	0.0660057
306	8	1.126686	0.1846012	0.4969081
306	9	1.126686	0.1846012	0.4969081
307	1	1.126686	0.1846012	0.4969081
307	2	1.126686	0.1846012	0.4969081
307	3	1.126686	0.1846012	0.4969081
307	4	1.126686	0.1846012	0.4969081
307	5	1.126686	0.1846012	0.4969081
307	6	-0.3677402	0.56702	1.111177
307	7	0.03220486	0.5535572	0.0660057
307	8	1.126686	0.1846012	0.4969081
307	9	1.126686	0.1846012	0.4969081
308	1	1.126686	0.1846012	0.4969081
308	2	1.126686	0.1846012	0.4969081
308	3	1.126686	0.1846012	0.4969081
308	4	1.126686	0.1846012	0.4969081
308	5	1.126686	0.1846012	0.4969081
308	6	-0.3677402	0.56702	1.111177
308	7	0.03220486	0.5535572	0.0660057
308	8	1.126686	0.1846012	0.4969081
308	9	1.126686	0.1846012	0.4969081
309	1	1.126686	0.1846012	0.4969081
309	2	1.126686	0.1846012	0.4969081
309	3	1.126686	0.1846012	0.4969081
309	4	1.126686	0.1846012	0.4969081
309	5	1.126686	0.1846012	0.4969081
309	6	-0.3677402	0.56702	1.111177
309	7	0.03220486	0.5535572	0.0660057
309	8	1.126686	0.1846012	0.4969081
309	9	1.126686	0.1846012	0.4969081
310	1	1.126686	0.1846012	0.4969081
310	2	1.126686	0.1846012	0.4969081
310	3	1.126686	0.1846012	0.4969081
310	4	1.126686	0.1846012	0.4969081
310	5	1.126686	0.1846012	0.4969081
310	6	-0.3677402	0.56702	1.111177
310	7	0.03220486	0.5535572	0.0660057
310	8	1.126686	0.1846012	0.4969081
310	9	1.126686	0.1846012	0.4969081
311	1	1.126686	0.1846012	0.4969081
311	2	1.126686	0.1846012	0.4969081
311	3	1.126686	0.1846012	0.4969081
311	4	1.126686	0.1846012	0.4969081
311	5	1.126686	0.1846012	0.4969081
311	6	-0.3677402	0.56702	1.111177
311	7	0.03220486	0.5535572	0.0660057
311	8	1.126686	0.1846012	0.4969081
311	9	1.126686	0.1846012	0.4969081
312	1	1.157391	0.1801347	0.4506866
312	2	1.157391	0.1801347	0.4506866
312	3	1.157391	0.1801347	0.4506866
312	4	1.157391	0.1801347	0.4506866
312	5	1.000458	0.2069413	0.6475042
312	6	-0.3638419	0.5633494	1.136064
312	7	0.02986936	0.5540323	0.06818032
312	8	1.000458	0.2069413	0.6475042
312	9	1.157391	0.1801347	0.4506866
313	1	1.157391	0.1801347	0.4506866
313	2	1.157391	0.1801347	0.4506866
313	3	1.157391	0.1801347	0.4506866
313	4	1.157391	0.1801347	0.4506866
313	5	1.000458	0.2069413	0.6475042
313	6	-0.3638419	0.5633494	1.136064
313	7	0.02986936	0.5540323	0.06818032
313	8	1.000458	0.2069413	0.6475042
313	9	1.157391	0.1801347	0.4506866
314	1	1.142237	0.1802011	0.494687
314	2	1.142237	0.1802011	0.494687
314	3	1.142237	0.1802011	0.494687
314	4	1.142237	0.1802011	0.494687
314	6	-0.3596344	0.5592556	1.164232
314	7	0.0463102	0.5496864	0.06279726
314	9	1.142237	0.1802011	0.494687
315	1	1.227798	0.1738100	0.3058823
315	2	0.7737317	0.2499075	0.8898601
315	3	1.227798	0.1738100	0.3058823
315	4	0.7737317	0.2499075	0.8898601
315	6	-0.331269	0.5420853	1.250793
315	7	0.01070296	0.558289	0.08247893
315	9	1.227798	0.1738100	0.3058823
316	1	1.227798	0.1738100	0.3058823
316	2	0.7737317	0.2499075	0.8898601
316	3	1.227798	0.1738100	0.3058823
316	4	0.7737317	0.2499075	0.8898601
316	6	-0.331269	0.5420853	1.250793
316	7	0.01070296	0.558289	0.08247893
316	9	1.227798	0.1738100	0.3058823
317	1	0.5952058	0.2857588	1.060681
317	3	0.5952058	0.2857588	1.060681
317	7	0.1313242	0.5271026	0.03606871
317	9	0.5952058	0.2857588	1.060681
318	1	0.5952058	0.2857588	1.060681
318	3	0.5952058	0.2857588	1.060681
318	7	0.1313242	0.5271026	0.03606871
318	9	0.5952058	0.2857588	1.060681
319	1	0.5952058	0.2857588	1.060681
319	3	0.5952058	0.2857588	1.060681
319	7	0.1313242	0.5271026	0.03606871
319	9	0.5952058	0.2857588	1.060681
320	1	0.5952058	0.2857588	1.060681
320	3	0.5952058	0.2857588	1.060681
320	7	0.1313242	0.5271026	0.03606871
320	9	0.5952058	0.2857588	1.060681
321	1	0.5952058	0.2857588	1.060681
321	3	0.5952058	0.2857588	1.060681
321	7	0.1313242	0.5271026	0.03606871
321	9	0.5952058	0.2857588	1.060681
322	1	0.593714	0.3924661	0.007656804
322	3	0.593714	0.3924661	0.007656804
322	7	0.7796204	0.2315288	1.054631
322	9	-0.3868793	0.5798066	1.040869
323	1	1.281248	0.1410491	0.4730194
323	7	0.2920319	0.4815334	0.01405492
323	9	-0.3619076	0.5517745	1.245065
324	1	0.8939726	0.2224247	0.8078692
324	3	0.8939726	0.2224247	0.8078692
324	7	0.8939726	0.2224247	0.8078692
324	9	-0.02306333	0.5647909	0.1175531
325	1	0.8939726	0.2224247	0.8078692
325	3	0.8939726	0.2224247	0.8078692
325	7	0.8939726	0.2224247	0.8078692
325	9	-0.02306333	0.5647909	0.1175531
326	1	1.120904	0.1941041	0.4197782
326	3	1.120904	0.1941041	0.4197782
326	7	1.120904	0.1941041	0.4197782
327	3	1.120904	0.1941041	0.4197782
327	7	1.120904	0.1941041	0.4197782
328	1	1.120904	0.1941041	0.4197782
328	3	1.120904	0.1941041	0.4197782
328	7	1.120904	0.1941041	0.4197782
328	9	1.120904	0.1941041	0.4197782
329	1	1.120904	0.1941041	0.4197782
329	3	1.120904	0.1941041	0.4197782
329	7	1.120904	0.1941041	0.4197782
329	9	1.120904	0.1941041	0.4197782
330	1	1.120904	0.1941041	0.4197782
330	2	1.120904	0.1941041	0.4197782
330	3	1.120904	0.1941041	0.4197782
330	4	1.120904	0.1941041	0.4197782
330	5	1.120904	0.1941041	0.4197782
330	6	1.120904	0.1941041	0.4197782
330	7	1.120904	0.1941041	0.4197782
330	8	1.120904	0.1941041	0.4197782
330	9	1.120904	0.1941041	0.4197782
