1	1	1.120904	0.1941041	0.4197782
1	2	1.120904	0.1941041	0.4197782
1	3	1.120904	0.1941041	0.4197782
1	4	1.120904	0.1941041	0.4197782
1	5	1.120904	0.1941041	0.4197782
1	6	1.120904	0.1941041	0.4197782
1	7	1.120904	0.1941041	0.4197782
1	8	1.120904	0.1941041	0.4197782
1	9	1.120904	0.1941041	0.4197782
1	10	1.120904	0.1941041	0.4197782
1	11	1.120904	0.1941041	0.4197782
1	12	1.120904	0.1941041	0.4197782
1	13	1.120904	0.1941041	0.4197782
1	14	1.120904	0.1941041	0.4197782
1	15	1.120904	0.1941041	0.4197782
1	16	1.120904	0.1941041	0.4197782
1	17	1.120904	0.1941041	0.4197782
1	18	1.120904	0.1941041	0.4197782
1	19	1.120904	0.1941041	0.4197782
1	20	1.120904	0.1941041	0.4197782
2	1	-0.1091479	0.5620175	0.3987155
2	2	-0.1091479	0.5620175	0.3987154
2	3	-0.1091479	0.5620175	0.3987155
2	4	-0.1091479	0.5620175	0.3987155
2	5	-0.1091479	0.5620175	0.3987155
2	6	1.139212	0.1886344	0.4200307
2	7	-0.1091479	0.5620175	0.3987155
2	8	-0.1091479	0.5620175	0.3987155
2	9	-0.1091479	0.5620175	0.3987155
2	10	-0.1091479	0.5620175	0.3987155
2	11	-0.1091479	0.5620175	0.3987155
2	12	-0.1091479	0.5620175	0.3987155
2	13	-0.1091479	0.5620175	0.3987155
2	14	-0.1091479	0.5620175	0.3987155
2	15	-0.1091479	0.5620175	0.3987155
2	16	-0.1091479	0.5620175	0.3987155
2	17	-0.1091479	0.5620175	0.3987155
2	18	-0.1091479	0.5620175	0.3987155
2	19	-0.1091479	0.5620175	0.3987155
2	20	-0.1091479	0.5620175	0.3987155
3	1	1.248588	0.1564372	0.4167733
3	2	-0.1345076	0.5662444	0.4315598
3	3	-0.1345076	0.5662444	0.4315598
3	4	-0.1345076	0.5662444	0.4315598
3	5	-0.1345076	0.5662444	0.4315598
3	6	0.03215627	0.5427273	0.1734691
3	7	-0.1345076	0.5662444	0.4315598
3	8	-0.1345076	0.5662444	0.4315598
3	9	-0.1345076	0.5662444	0.4315598
3	10	-0.1345076	0.5662444	0.4315598
3	11	1.248588	0.1564372	0.4167733
3	12	-0.1345076	0.5662444	0.4315598
3	13	-0.1345076	0.5662444	0.4315598
3	14	-0.1345076	0.5662444	0.4315598
3	15	-0.1345076	0.5662444	0.4315598
3	16	1.248588	0.1564372	0.4167733
3	17	-0.1345076	0.5662444	0.4315598
3	18	-0.1345076	0.5662444	0.4315598
3	19	-0.1345076	0.5662444	0.4315598
3	20	-0.1345076	0.5662444	0.4315598
4	1	1.421487	0.1090098	0.3772493
4	2	-0.1334558	0.567129	0.4196947
4	3	-0.1334558	0.567129	0.4196947
4	4	-0.1334558	0.567129	0.4196947
4	5	-0.1334558	0.567129	0.4196947
4	6	0.1441215	0.517346	0.09503988
4	7	-0.1334558	0.567129	0.4196947
4	8	-0.1334558	0.567129	0.4196947
4	9	-0.1334558	0.567129	0.4196947
4	10	-0.1334558	0.567129	0.4196947
4	11	1.186589	0.1649962	0.5146607
4	12	-0.1334558	0.567129	0.4196947
4	13	-0.1334558	0.567129	0.4196947
4	14	-0.1334558	0.567129	0.4196947
4	15	-0.1334558	0.567129	0.4196947
4	16	1.186589	0.1649962	0.5146607
4	17	-0.1334558	0.567129	0.4196947
4	18	-0.1334558	0.567129	0.4196947
4	19	-0.1334558	0.567129	0.4196947
4	20	-0.1334558	0.567129	0.4196947
5	1	1.422432	0.1072704	0.3917007
5	2	-0.1340134	0.5664575	0.4279918
5	3	-0.1340134	0.5664575	0.4279918
5	4	-0.1340134	0.5664575	0.4279918
5	5	-0.1340134	0.5664575	0.4279918
5	6	0.1807063	0.5077759	0.08206467
5	7	-0.1340134	0.5664575	0.4279918
5	8	-0.1340134	0.5664575	0.4279918
5	9	-0.1340134	0.5664575	0.4279918
5	10	-0.1340134	0.5664575	0.4279918
5	11	1.173458	0.1658642	0.5447551
5	12	-0.1340134	0.5664575	0.4279918
5	13	-0.1340134	0.5664575	0.4279918
5	14	-0.1340134	0.5664575	0.4279918
5	15	-0.1340134	0.5664575	0.4279918
5	17	-0.1340134	0.5664575	0.4279918
5	18	-0.1340134	0.5664575	0.4279918
5	19	-0.1340134	0.5664575	0.4279918
5	20	-0.1340134	0.5664575	0.4279918
43	6	-0.1809838	0.5835103	0.3974212
43	11	1.268298	0.1500174	0.4223094
44	6	-0.1809838	0.5835103	0.3974212
44	11	1.268298	0.1500174	0.4223094
45	1	0.772564	0.2462731	0.9293166
45	6	-0.2114588	0.5931767	0.3914379
45	11	0.772564	0.2462731	0.9293166
45	16	1.024256	0.2596828	0.05473041
46	1	1.193714	0.172326	0.4210286
46	6	-0.2153227	0.5937814	0.3968315
46	11	1.193714	0.172326	0.4210286
46	16	1.193714	0.172326	0.4210286
47	1	1.193714	0.172326	0.4210286
47	6	-0.2153227	0.5937814	0.3968315
47	11	1.193714	0.172326	0.4210286
47	16	1.193714	0.172326	0.4210286
48	1	1.193714	0.172326	0.4210286
48	6	-0.2153227	0.5937814	0.3968315
48	11	1.193714	0.172326	0.4210286
48	16	1.193714	0.172326	0.4210286
49	1	1.318606	0.1353741	0.4191654
49	2	-0.2430589	0.5446496	0.9654394
49	3	-0.2430589	0.5446496	0.9654394
49	4	-0.2430589	0.5446496	0.9654394
49	5	-0.2790972	0.5765642	0.7553799
49	6	0.3395952	0.466448	0.02338293
49	7	-0.2416823	0.5748064	0.662543
49	8	-0.2416823	0.5748064	0.662543
49	9	-0.2430589	0.5446496	0.9654394
49	10	-0.2426230	0.5640097	0.7723056
49	11	1.318606	0.1353741	0.4191654
49	12	0.2593267	0.4886243	0.04016585
49	13	-0.2430589	0.5446496	0.9654394
49	14	-0.2467987	0.5572208	0.8518858
49	15	1.185603	0.1863167	0.3062903
49	16	1.318606	0.1353741	0.4191654
49	17	0.2593267	0.4886243	0.04016585
49	18	-0.2430589	0.5446496	0.9654394
49	19	-0.2430589	0.5446496	0.9654394
49	20	-0.2363798	0.5684483	0.7099234
50	1	1.318606	0.1353741	0.4191654
50	2	-0.2430589	0.5446496	0.9654394
50	3	-0.2430589	0.5446496	0.9654394
50	4	-0.2430589	0.5446496	0.9654394
50	5	-0.2790972	0.5765642	0.7553799
50	6	0.3395952	0.466448	0.02338293
50	7	-0.2416823	0.5748064	0.662543
50	8	-0.2416823	0.5748064	0.662543
50	9	-0.2430589	0.5446496	0.9654394
50	10	-0.2426230	0.5640097	0.7723056
50	11	1.318606	0.1353741	0.4191654
50	12	0.2593267	0.4886243	0.04016585
50	13	-0.2430589	0.5446496	0.9654394
50	14	-0.2467987	0.5572208	0.8518858
50	15	1.185603	0.1863167	0.3062903
50	16	1.318606	0.1353741	0.4191654
50	17	0.2593267	0.4886243	0.04016585
50	18	-0.2430589	0.5446496	0.9654394
50	19	-0.2430589	0.5446496	0.9654394
50	20	-0.2363798	0.5684483	0.7099234
51	1	1.315597	0.1380710	0.4013077
51	2	-0.2331083	0.5629557	0.7547113
51	3	-0.2331083	0.5629557	0.7547113
51	4	-0.2331083	0.5629557	0.7547113
51	5	0.2103556	0.5034007	0.03804927
51	7	-0.2452126	0.5765606	0.6555632
51	8	-0.2452126	0.5765606	0.6555632
51	9	-0.2331083	0.5629557	0.7547113
51	10	0.223569	0.4975022	0.05756212
51	11	1.315597	0.1380710	0.4013077
51	13	-0.2331083	0.5629557	0.7547113
51	14	-0.2332948	0.5661856	0.7232545
51	15	1.133973	0.2152244	0.1719733
51	16	1.315597	0.1380710	0.4013077
51	18	-0.2331083	0.5629557	0.7547113
51	19	-0.2331083	0.5629557	0.7547113
51	20	-0.2371639	0.5708612	0.6883226
52	1	0.9082078	0.2081893	0.906986
52	2	-0.2324335	0.5680429	0.7023111
52	3	-0.2324335	0.5680429	0.7023111
52	4	-0.2324335	0.5680429	0.7023111
52	5	-0.1429577	0.5749407	0.3702844
52	6	1.023858	0.2614048	0.03884132
52	7	-0.09837666	0.5691886	0.2959112
52	8	-0.09837666	0.5691886	0.2959112
52	9	-0.2324335	0.5680429	0.7023111
52	10	-0.1587763	0.5711213	0.4547481
52	11	0.9082078	0.2081893	0.906986
52	12	0.992989	0.2709430	0.03528841
52	13	-0.2324335	0.5680429	0.7023111
52	14	-0.2009329	0.5718614	0.5716438
52	15	-0.05131309	0.4541465	1.297236
52	16	0.9082078	0.2081893	0.906986
52	17	0.992989	0.2709430	0.03528841
52	18	-0.2324335	0.5680429	0.7023111
52	19	-0.2324335	0.5680429	0.7023111
52	20	-0.1361981	0.5710714	0.3887083
53	1	0.8413746	0.2224094	0.9630197
53	2	-0.2161155	0.5708285	0.62662
53	3	-0.2161155	0.5708285	0.62662
53	4	-0.2161155	0.5708285	0.62662
53	5	-0.1259555	0.5738169	0.3313179
53	6	1.043241	0.2551869	0.04333706
53	7	-0.0824542	0.5672157	0.2685411
53	9	-0.2161155	0.5708285	0.62662
53	10	-0.1378197	0.5704869	0.3992792
53	11	0.8413746	0.2224094	0.9630197
53	12	1.012051	0.2648708	0.03928796
53	13	-0.2161155	0.5708285	0.62662
53	14	-0.1830921	0.5725548	0.5121987
53	15	-0.1348042	0.4819228	1.268021
53	16	0.8413746	0.2224094	0.9630197
53	17	1.012051	0.2648708	0.03928796
53	18	-0.2161155	0.5708285	0.62662
53	19	-0.2161155	0.5708285	0.62662
53	20	-0.1195472	0.5698336	0.3519063
54	1	0.8413746	0.2224094	0.9630197
54	2	-0.2161155	0.5708285	0.62662
54	3	-0.2161155	0.5708285	0.62662
54	4	-0.2161155	0.5708285	0.62662
54	5	-0.1259555	0.5738169	0.3313179
54	6	1.043241	0.2551869	0.04333706
54	7	-0.0824542	0.5672157	0.2685411
54	9	-0.2161155	0.5708285	0.62662
54	10	-0.1378197	0.5704869	0.3992792
54	11	0.8413746	0.2224094	0.9630197
54	12	1.012051	0.2648708	0.03928796
54	13	-0.2161155	0.5708285	0.62662
54	14	-0.1830921	0.5725548	0.5121987
54	15	-0.1348042	0.4819228	1.268021
54	16	0.8413746	0.2224094	0.9630197
54	17	1.012051	0.2648708	0.03928796
54	18	-0.2161155	0.5708285	0.62662
54	19	-0.2161155	0.5708285	0.62662
54	20	-0.1195472	0.5698336	0.3519063
55	1	0.7264713	0.2469244	1.058691
55	2	-0.2086689	0.5721261	0.591818
55	3	-0.2086689	0.5721261	0.591818
55	4	-0.2086689	0.5721261	0.591818
55	5	-0.1725626	0.5786673	0.4205973
55	6	1.111156	0.2327915	0.06512956
55	7	0.5558369	0.4023508	0.02132304
55	8	0.5020342	0.4184503	0.02033324
55	9	-0.2086689	0.5721261	0.591818
55	10	-0.1999636	0.5740094	0.5475017
55	11	0.7264713	0.2469244	1.058691
55	12	1.076503	0.2438482	0.05768218
55	13	-0.2086689	0.5721261	0.591818
55	14	-0.1634884	0.5724235	0.4557304
55	15	-0.1703845	0.4917281	1.275706
55	16	0.7264713	0.2469244	1.058691
55	17	1.076503	0.2438482	0.05768218
55	18	-0.2086689	0.5721261	0.591818
55	19	-0.2086689	0.5721261	0.591818
55	20	-0.0778301	0.5649256	0.2776077
56	1	0.972522	0.1959501	0.8387465
56	2	-0.2498702	0.5661367	0.7725845
56	3	-0.2498702	0.5661367	0.7725845
56	4	-0.2498702	0.5661367	0.7725845
56	5	-0.2328017	0.5807153	0.5778192
56	6	0.938726	0.2878516	0.02763691
56	7	0.4323931	0.4386460	0.02542467
56	8	0.4323931	0.4386460	0.02542467
56	9	-0.2498702	0.5661367	0.7725845
56	10	-0.2414625	0.571377	0.6958789
56	11	0.972522	0.1959501	0.8387465
56	12	0.8626343	0.3110827	0.02165903
56	13	-0.2498702	0.5661367	0.7725845
56	14	-0.2207732	0.5720843	0.6279016
56	15	-0.0502156	0.4517283	1.317965
56	16	0.972522	0.1959501	0.8387465
56	17	0.8626343	0.3110827	0.02165903
56	18	-0.2498702	0.5661367	0.7725845
56	19	-0.2498702	0.5661367	0.7725845
56	20	-0.1541333	0.5733119	0.4193586
57	1	0.972522	0.1959501	0.8387465
57	2	-0.2498702	0.5661367	0.7725845
57	3	-0.2498702	0.5661367	0.7725845
57	4	-0.2498702	0.5661367	0.7725845
57	5	-0.2328017	0.5807153	0.5778192
57	6	0.938726	0.2878516	0.02763691
57	7	0.4323931	0.4386460	0.02542467
57	8	0.4323931	0.4386460	0.02542467
57	9	-0.2498702	0.5661367	0.7725845
57	10	-0.2414625	0.571377	0.6958789
57	11	0.972522	0.1959501	0.8387465
57	12	0.8626343	0.3110827	0.02165903
57	13	-0.2498702	0.5661367	0.7725845
57	14	-0.2207732	0.5720843	0.6279016
57	15	-0.0502156	0.4517283	1.317965
57	16	0.972522	0.1959501	0.8387465
57	17	0.8626343	0.3110827	0.02165903
57	18	-0.2498702	0.5661367	0.7725845
57	19	-0.2498702	0.5661367	0.7725845
57	20	-0.1541333	0.5733119	0.4193586
58	1	0.3218353	0.4725343	0.01540567
58	2	-0.2592444	0.5437563	1.021988
58	3	-0.2587361	0.5642458	0.817449
58	4	-0.2587361	0.5642458	0.817449
58	5	-0.2210276	0.4954913	1.387652
58	6	1.310088	0.1496018	0.3032763
58	7	1.273503	0.1572909	0.3348919
58	8	1.273503	0.1572909	0.3348919
58	9	-0.2102662	0.5721676	0.5961135
58	10	-0.2091835	0.5023575	1.284708
58	11	0.3218353	0.4725343	0.01540567
58	12	1.280669	0.1515539	0.3706258
58	13	-0.2102662	0.5721676	0.5961135
58	14	-0.08853721	0.4640370	1.308920
58	15	-0.2102662	0.5721676	0.5961135
58	16	0.3218353	0.4725343	0.01540567
58	17	1.280669	0.1515539	0.3706258
58	18	-0.2102662	0.5721676	0.5961135
58	19	-0.2102662	0.5721676	0.5961135
58	20	-0.1738145	0.4893804	1.309079
59	1	1.191485	0.2049373	0.1044333
59	2	0.1928608	0.3850816	1.262092
59	3	0.5220593	0.3059512	1.076136
59	4	0.5220593	0.3059512	1.076136
59	5	-0.04252317	0.4469847	1.342303
59	6	0.08532221	0.5368636	0.07490291
59	7	-0.2913675	0.5698344	0.8582288
59	8	-0.2913675	0.5698344	0.8582288
59	9	0.8433927	0.2364467	0.8179693
59	10	-0.1077103	0.4676892	1.329229
59	11	1.191485	0.2049373	0.1044333
59	12	0.04008171	0.5470841	0.1069393
59	13	0.8433927	0.2364467	0.8179693
59	14	-0.1428836	0.4800421	1.310468
59	15	0.9127866	0.2224485	0.7521914
59	16	1.191485	0.2049373	0.1044333
59	17	0.04008171	0.5470841	0.1069393
59	18	0.8433927	0.2364467	0.8179693
59	19	0.8433927	0.2364467	0.8179693
59	20	-0.2596003	0.5504549	0.9566572
60	1	1.251197	0.1833632	0.1422608
60	2	0.07794148	0.416377	1.290619
60	3	0.4064573	0.3332389	1.146389
60	4	0.4064573	0.3332389	1.146389
60	5	-0.05174072	0.4458048	1.381158
60	6	0.1258835	0.5262088	0.06095893
60	7	-0.2404832	0.5781103	0.6262691
60	8	-0.2404832	0.5781103	0.6262691
60	9	0.7652204	0.2529848	0.8844468
60	10	-0.1639757	0.4862216	1.311387
60	11	1.251197	0.1833632	0.1422608
60	12	0.07657481	0.538063	0.08879422
60	13	0.7652204	0.2529848	0.8844468
60	14	-0.2096066	0.506539	1.244518
60	15	0.7980902	0.2456889	0.8598833
60	16	1.251197	0.1833632	0.1422608
60	17	0.07657481	0.538063	0.08879422
60	18	0.7652204	0.2529848	0.8844468
60	19	0.7652204	0.2529848	0.8844468
60	20	-0.225446	0.567945	0.6826904
61	1	1.265902	0.1772023	0.1599789
61	2	0.08640069	0.4142823	1.286448
61	3	0.4701581	0.3185795	1.103941
61	4	0.4701581	0.3185795	1.103941
61	5	-0.1500246	0.4800932	1.331004
61	6	0.1439777	0.5216475	0.05283816
61	7	-0.2682748	0.575892	0.7301498
61	8	-0.2682748	0.575892	0.7301498
61	9	0.8295508	0.2397727	0.8258001
61	10	-0.1951702	0.4989101	1.277576
61	11	1.265902	0.1772023	0.1599789
61	12	0.09296192	0.534132	0.07945809
61	13	0.8295508	0.2397727	0.8258001
61	14	-0.2173258	0.5091451	1.241441
61	15	0.7983936	0.2458449	0.8574437
61	16	1.265902	0.1772023	0.1599789
61	17	0.09296192	0.534132	0.07945809
61	18	0.8295508	0.2397727	0.8258001
61	19	0.7732169	0.2512558	0.8780163
61	20	-0.2578859	0.5542668	0.9138304
62	1	1.297542	0.1371507	0.463633
62	2	-0.068224	0.5635113	0.2633147
62	3	-0.1430570	0.5725776	0.3939945
62	4	-0.1430570	0.5725776	0.3939945
62	5	-0.1030649	0.4482089	1.50858
62	7	0.5670721	0.3996414	0.01506306
62	8	0.5670721	0.3996414	0.01506306
62	9	-0.1430570	0.5725776	0.3939945
62	10	-0.2909591	0.5504205	1.049408
62	11	1.297542	0.1371507	0.463633
62	12	1.248303	0.1748867	0.2347884
62	13	-0.1430570	0.5725776	0.3939945
62	14	-0.07247502	0.5635672	0.2752887
62	15	-0.2715032	0.5692245	0.8057347
62	16	1.297542	0.1371507	0.463633
62	17	1.248303	0.1748867	0.2347884
62	18	-0.1430570	0.5725776	0.3939945
62	19	-0.1751074	0.5747782	0.466636
62	20	0.02123318	0.5472107	0.161229
63	1	1.193193	0.1660130	0.4851234
63	5	-0.3806111	0.5854144	0.9668262
63	8	0.1668305	0.5165011	0.03649231
63	11	1.183070	0.1692730	0.4826479
63	16	1.183070	0.1692730	0.4826479
64	1	1.086901	0.2396623	0.06851917
64	2	0.676405	0.2700424	0.9771401
64	3	0.9170354	0.2202302	0.7616531
64	4	0.9170354	0.2202302	0.7616531
64	5	0.2356345	0.4981063	0.01602065
64	7	-0.2766270	0.5888554	0.6263003
64	8	-0.09703018	0.5780178	0.2044505
64	9	0.9170354	0.2202302	0.7616531
64	10	0.03979902	0.4227272	1.340092
64	11	1.063351	0.2468628	0.06656495
64	12	-0.2928824	0.5829629	0.7325951
64	13	0.9170354	0.2202302	0.7616531
64	14	0.2008329	0.3805395	1.283609
64	15	0.622332	0.2819211	1.018773
64	16	1.063351	0.2468628	0.06656495
64	17	-0.2928824	0.5829629	0.7325951
64	18	0.9170354	0.2202302	0.7616531
64	19	0.8352287	0.2365398	0.8411055
64	20	1.160362	0.17904	0.4527785
171	1	1.297248	0.1603259	0.2348446
171	2	0.05667193	0.4235189	1.282525
171	3	0.7952092	0.2462404	0.8629085
171	4	0.7952092	0.2462404	0.8629085
171	5	0.4045499	0.4507425	-0.01239611
171	7	-0.2245022	0.5870654	0.4904348
171	8	-0.2245022	0.5870654	0.4904348
171	9	0.7952092	0.2462404	0.8629085
171	10	-0.2096243	0.5117191	1.193239
171	11	1.276806	0.1661228	0.2376392
171	12	-0.2037748	0.58337	0.4659736
171	13	0.7952092	0.2462404	0.8629085
171	14	-0.07118302	0.4612125	1.285768
171	15	0.5269599	0.3053729	1.067425
171	16	1.276806	0.1661228	0.2376392
171	17	-0.2037748	0.58337	0.4659736
171	18	0.7952092	0.2462404	0.8629085
171	19	0.7118305	0.2639574	0.9330465
171	20	1.052731	0.1961715	0.6001878
172	1	1.301584	0.1565327	0.2596545
172	2	0.0658819	0.4211081	1.279274
172	3	0.8378308	0.2376508	0.8224272
172	4	0.8378308	0.2376508	0.8224272
172	5	0.3706627	0.4603095	-0.007339196
172	7	-0.2250897	0.586981	0.4930027
172	8	-0.2250897	0.586981	0.4930027
172	9	0.8378308	0.2376508	0.8224272
172	10	-0.2092479	0.5114202	1.195091
172	11	1.276959	0.1665557	0.2328996
172	12	-0.2011328	0.5831133	0.460732
172	13	0.8378308	0.2376508	0.8224272
172	14	-0.072318	0.4616117	1.285158
172	15	0.5542198	0.2993579	1.046700
172	16	1.276959	0.1665557	0.2328996
172	17	-0.2011328	0.5831133	0.460732
172	18	0.8378308	0.2376508	0.8224272
172	19	0.7487445	0.2562707	0.9004377
172	20	1.101097	0.1884227	0.5344475
173	1	1.301584	0.1565327	0.2596545
173	2	0.0658819	0.4211081	1.279274
173	3	0.8378308	0.2376508	0.8224272
173	4	0.8378308	0.2376508	0.8224272
173	5	0.3706627	0.4603095	-0.007339196
173	7	-0.2250897	0.586981	0.4930027
173	8	-0.2250897	0.586981	0.4930027
173	9	0.8378308	0.2376508	0.8224272
173	10	-0.2092479	0.5114202	1.195091
173	11	1.276959	0.1665557	0.2328996
173	12	-0.2011328	0.5831133	0.460732
173	13	0.8378308	0.2376508	0.8224272
173	14	-0.072318	0.4616117	1.285158
173	15	0.5542198	0.2993579	1.046700
173	16	1.276959	0.1665557	0.2328996
173	17	-0.2011328	0.5831133	0.460732
173	18	0.8378308	0.2376508	0.8224272
173	19	0.7487445	0.2562707	0.9004377
173	20	1.101097	0.1884227	0.5344475
174	1	1.300231	0.1577566	0.2515142
174	2	0.2491124	0.3721968	1.224008
174	3	0.917182	0.2208725	0.7548565
174	4	0.917182	0.2208725	0.7548565
174	5	0.4016293	0.4511904	-0.008227582
174	6	-0.1629848	0.5809069	0.3701799
174	7	-0.2265143	0.58589	0.508012
174	8	-0.2265143	0.58589	0.508012
174	9	0.917182	0.2208725	0.7548565
174	10	-0.07934675	0.4631772	1.290357
174	11	1.275733	0.1675572	0.2265871
174	12	-0.2023102	0.583399	0.4613708
174	13	0.917182	0.2208725	0.7548565
174	14	0.1417713	0.3993878	1.270877
174	15	0.7097791	0.264325	0.935449
174	16	1.275733	0.1675572	0.2265871
174	17	-0.2023102	0.583399	0.4613708
174	18	0.917182	0.2208725	0.7548565
174	19	0.85163	0.2340624	0.8173222
174	20	1.120832	0.1844138	0.5160188
175	2	0.07704751	0.5334689	0.1329271
175	3	-0.0935284	0.5668914	0.3043882
175	4	-0.0935284	0.5668914	0.3043882
175	5	0.09730076	0.3841042	1.553379
175	6	1.290797	0.1557179	0.2995173
175	7	1.280273	0.1625061	0.2632634
175	8	1.280273	0.1625061	0.2632634
175	9	-0.0935284	0.5668914	0.3043882
175	10	-0.004157779	0.5500153	0.2082604
175	11	-0.2526032	0.5825408	0.6180813
175	12	1.279666	0.1636471	0.2537427
175	13	-0.0935284	0.5668914	0.3043882
175	17	1.279666	0.1636471	0.2537427
175	18	-0.0935284	0.5668914	0.3043882
175	19	-0.08909837	0.5661939	0.2982456
175	20	-0.1129317	0.5692171	0.3385200
176	2	0.0572404	0.4231627	1.284379
176	3	0.9330407	0.2196943	0.719798
176	4	0.9330407	0.2196943	0.719798
176	5	0.1493413	0.5228575	0.02504203
176	6	1.157827	0.2093943	0.1594517
176	7	-0.3251057	0.5873226	0.7843504
176	8	-0.3251057	0.5873226	0.7843504
176	9	0.9330407	0.2196943	0.719798
176	10	-0.1784159	0.4993204	1.224138
176	11	1.178451	0.2049967	0.1422561
176	12	1.192886	0.1880982	0.2671742
176	13	0.9330407	0.2196943	0.719798
176	14	-0.1695408	0.4987245	1.203889
176	16	1.178451	0.2049967	0.1422561
176	17	1.192886	0.1880982	0.2671742
176	18	0.9330407	0.2196943	0.719798
176	19	0.8782831	0.2305042	0.7740395
176	20	1.106490	0.1893322	0.5095431
177	1	1.074552	0.242423	0.0775534
177	2	0.03720343	0.4278901	1.296579
177	3	0.7467302	0.2581236	0.8880118
177	4	0.7467302	0.2581236	0.8880118
177	5	-0.03783003	0.5691086	0.1182820
177	6	1.021609	0.2563544	0.09551626
177	8	-0.3571223	0.5729659	1.020967
177	9	0.7467302	0.2581236	0.8880118
177	10	-0.2125878	0.504731	1.271220
177	11	1.006964	0.2637086	0.06579593
177	12	1.171744	0.1898948	0.3116729
177	13	0.7467302	0.2581236	0.8880118
177	14	-0.2023911	0.5065695	1.222953
177	16	1.006964	0.2637086	0.06579593
177	17	1.171744	0.1898948	0.3116729
177	18	0.7467302	0.2581236	0.8880118
177	19	0.5809039	0.2940584	1.020581
177	20	1.177904	0.1842638	0.3493201
178	1	1.203424	0.1945620	0.1720652
178	2	0.02817301	0.4310137	1.292237
178	3	0.909552	0.2239427	0.7469161
178	4	0.909552	0.2239427	0.7469161
178	5	0.1615685	0.5192732	0.02452816
178	6	1.147851	0.2116485	0.1665123
178	7	-0.2888185	0.5968449	0.5830555
178	8	-0.3238109	0.5875901	0.7778832
178	9	0.909552	0.2239427	0.7469161
178	10	-0.1399748	0.4832524	1.270084
178	11	1.170505	0.2069255	0.1465557
178	12	1.172682	0.1853589	0.3538573
178	13	0.909552	0.2239427	0.7469161
178	14	-0.1063493	0.4745425	1.257304
178	16	1.170505	0.2069255	0.1465557
178	17	1.172682	0.1853589	0.3538573
178	18	0.909552	0.2239427	0.7469161
178	19	0.837424	0.2383991	0.8162112
178	20	1.128504	0.1858363	0.4793129
179	5	1.342064	0.1508033	0.1971429
179	6	0.03582215	0.4118096	1.460000
179	7	-0.02809796	0.5592353	0.1874422
179	8	-0.02809796	0.5592353	0.1874422
180	5	0.8560762	0.2174247	0.9690921
180	6	0.9361995	0.2888588	0.02510155
180	7	-0.2252357	0.5823766	0.5390599
180	8	-0.2252357	0.5823766	0.5390599
181	5	0.8560762	0.2174247	0.9690921
181	6	0.9361995	0.2888588	0.02510155
181	7	-0.2252357	0.5823766	0.5390599
181	8	-0.2252357	0.5823766	0.5390599
182	5	0.8560762	0.2174247	0.9690921
182	6	0.9361995	0.2888588	0.02510155
182	7	-0.2252357	0.5823766	0.5390599
182	8	-0.2252357	0.5823766	0.5390599
183	5	1.293707	0.1426706	0.4202338
183	6	-0.3357255	0.544378	1.241206
183	8	0.2313905	0.4978806	0.03076334
184	5	1.293707	0.1426706	0.4202338
184	6	-0.3357255	0.544378	1.241206
184	8	0.2313905	0.4978806	0.03076334
185	5	1.293707	0.1426706	0.4202338
185	6	-0.3357255	0.544378	1.241206
185	8	0.2313905	0.4978806	0.03076334
186	5	1.265783	0.1507696	0.4222662
186	6	-0.1798182	0.5831617	0.3974412
187	5	1.265783	0.1507696	0.4222662
187	6	-0.1798182	0.5831617	0.3974412
188	5	1.265783	0.1507696	0.4222662
188	6	-0.1798182	0.5831617	0.3974412
189	5	1.265783	0.1507696	0.4222662
189	6	-0.1798182	0.5831617	0.3974412
190	5	1.265783	0.1507696	0.4222662
190	6	-0.1798182	0.5831617	0.3974412
191	5	1.265783	0.1507696	0.4222662
191	6	-0.1798182	0.5831617	0.3974412
192	5	1.265783	0.1507696	0.4222662
192	6	-0.1798182	0.5831617	0.3974412
193	5	1.265783	0.1507696	0.4222662
193	6	-0.1798182	0.5831617	0.3974412
194	5	1.265783	0.1507696	0.4222662
194	6	-0.1798182	0.5831617	0.3974412
195	5	1.265783	0.1507696	0.4222662
195	6	-0.1798182	0.5831617	0.3974412
196	5	1.265783	0.1507696	0.4222662
196	6	-0.1798182	0.5831617	0.3974412
197	5	1.265783	0.1507696	0.4222662
197	6	-0.1798182	0.5831617	0.3974412
198	5	1.265783	0.1507696	0.4222662
198	6	-0.1798182	0.5831617	0.3974412
199	5	1.265783	0.1507696	0.4222662
199	6	-0.1798182	0.5831617	0.3974412
200	5	1.265783	0.1507696	0.4222662
200	6	-0.1798182	0.5831617	0.3974412
201	5	1.265783	0.1507696	0.4222662
201	6	-0.1798182	0.5831617	0.3974412
202	5	1.265783	0.1507696	0.4222662
202	6	-0.1798182	0.5831617	0.3974412
203	5	1.265783	0.1507696	0.4222662
203	6	-0.1798182	0.5831617	0.3974412
204	5	1.265783	0.1507696	0.4222662
204	6	-0.1798182	0.5831617	0.3974412
205	5	1.265783	0.1507696	0.4222662
205	6	-0.1798182	0.5831617	0.3974412
206	5	1.265783	0.1507696	0.4222662
206	6	-0.1798182	0.5831617	0.3974412
207	5	1.265783	0.1507696	0.4222662
207	6	-0.1798182	0.5831617	0.3974412
208	5	1.265783	0.1507696	0.4222662
208	6	-0.1798182	0.5831617	0.3974412
209	5	1.265783	0.1507696	0.4222662
209	6	-0.1798182	0.5831617	0.3974412
210	5	1.265783	0.1507696	0.4222662
210	6	-0.1798182	0.5831617	0.3974412
211	5	1.265783	0.1507696	0.4222662
211	6	-0.1798182	0.5831617	0.3974412
212	5	1.265783	0.1507696	0.4222662
212	6	-0.1798182	0.5831617	0.3974412
213	5	1.265783	0.1507696	0.4222662
213	6	-0.1798182	0.5831617	0.3974412
214	5	1.265783	0.1507696	0.4222662
214	6	-0.1798182	0.5831617	0.3974412
215	5	1.265783	0.1507696	0.4222662
215	6	-0.1798182	0.5831617	0.3974412
216	5	1.265783	0.1507696	0.4222662
216	6	-0.1798182	0.5831617	0.3974412
217	5	1.265783	0.1507696	0.4222662
217	6	-0.1798182	0.5831617	0.3974412
218	2	-0.2555735	0.5477319	0.9717742
218	3	-0.1805513	0.5688956	0.5409716
218	4	-0.1805513	0.5688956	0.5409716
218	5	1.385202	0.1149736	0.4250751
218	6	0.4858807	0.4235574	0.01732648
218	9	-0.1805513	0.5688956	0.5409716
218	10	-0.1105361	0.4647145	1.367034
218	12	0.4858807	0.4235574	0.01732648
218	13	-0.1805513	0.5688956	0.5409716
218	14	-0.07767185	0.4604326	1.312619
218	17	0.4858807	0.4235574	0.01732648
218	18	-0.1805513	0.5688956	0.5409716
218	19	-0.2056503	0.5061661	1.236555
219	5	1.265783	0.1507696	0.4222662
219	10	-0.1798182	0.5831617	0.3974412
220	5	1.265783	0.1507696	0.4222662
220	10	-0.1798182	0.5831617	0.3974412
221	5	1.265783	0.1507696	0.4222662
221	10	-0.1798182	0.5831617	0.3974412
222	5	1.265783	0.1507696	0.4222662
222	10	-0.1798182	0.5831617	0.3974412
223	5	1.265783	0.1507696	0.4222662
223	10	-0.1798182	0.5831617	0.3974412
224	5	1.265783	0.1507696	0.4222662
224	10	-0.1798182	0.5831617	0.3974412
225	5	1.265783	0.1507696	0.4222662
225	10	-0.1798182	0.5831617	0.3974412
226	5	1.265783	0.1507696	0.4222662
226	10	-0.1798182	0.5831617	0.3974412
227	5	1.265783	0.1507696	0.4222662
227	10	-0.1798182	0.5831617	0.3974412
228	5	1.265783	0.1507696	0.4222662
228	10	-0.1798182	0.5831617	0.3974412
229	5	1.265783	0.1507696	0.4222662
229	10	-0.1798182	0.5831617	0.3974412
230	5	1.265783	0.1507696	0.4222662
230	10	-0.1798182	0.5831617	0.3974412
231	5	1.265783	0.1507696	0.4222662
231	10	-0.1798182	0.5831617	0.3974412
232	5	1.265783	0.1507696	0.4222662
232	10	-0.1798182	0.5831617	0.3974412
233	5	1.265783	0.1507696	0.4222662
233	10	-0.1798182	0.5831617	0.3974412
234	5	1.265783	0.1507696	0.4222662
234	10	-0.1798182	0.5831617	0.3974412
235	5	1.265783	0.1507696	0.4222662
235	10	-0.1798182	0.5831617	0.3974412
236	5	1.265783	0.1507696	0.4222662
236	10	-0.1798182	0.5831617	0.3974412
237	5	1.265783	0.1507696	0.4222662
237	10	-0.1798182	0.5831617	0.3974412
238	5	1.265783	0.1507696	0.4222662
238	10	-0.1798182	0.5831617	0.3974412
239	5	1.265783	0.1507696	0.4222662
239	10	-0.1798182	0.5831617	0.3974412
240	5	1.265783	0.1507696	0.4222662
240	10	-0.1798182	0.5831617	0.3974412
241	5	1.265783	0.1507696	0.4222662
241	10	-0.1798182	0.5831617	0.3974412
242	5	1.265783	0.1507696	0.4222662
242	10	-0.1798182	0.5831617	0.3974412
243	5	1.265783	0.1507696	0.4222662
243	10	-0.1798182	0.5831617	0.3974412
244	5	1.265783	0.1507696	0.4222662
244	10	-0.1798182	0.5831617	0.3974412
245	5	1.265783	0.1507696	0.4222662
245	10	-0.1798182	0.5831617	0.3974412
246	5	1.265783	0.1507696	0.4222662
246	10	-0.1798182	0.5831617	0.3974412
247	5	1.265783	0.1507696	0.4222662
247	10	-0.1798182	0.5831617	0.3974412
248	5	1.265783	0.1507696	0.4222662
248	10	-0.1798182	0.5831617	0.3974412
249	5	1.265783	0.1507696	0.4222662
249	10	-0.1798182	0.5831617	0.3974412
250	5	1.265783	0.1507696	0.4222662
250	10	-0.1798182	0.5831617	0.3974412
251	5	1.265783	0.1507696	0.4222662
251	10	-0.1798182	0.5831617	0.3974412
252	5	1.265783	0.1507696	0.4222662
252	10	-0.1798182	0.5831617	0.3974412
253	5	1.265783	0.1507696	0.4222662
253	10	-0.1798182	0.5831617	0.3974412
254	5	1.265783	0.1507696	0.4222662
254	10	-0.1798182	0.5831617	0.3974412
255	5	1.265783	0.1507696	0.4222662
255	10	-0.1798182	0.5831617	0.3974412
256	5	1.265783	0.1507696	0.4222662
256	10	-0.1798182	0.5831617	0.3974412
257	5	1.265783	0.1507696	0.4222662
257	10	-0.1798182	0.5831617	0.3974412
258	5	1.265783	0.1507696	0.4222662
258	10	-0.1798182	0.5831617	0.3974412
259	5	1.265783	0.1507696	0.4222662
259	10	-0.1798182	0.5831617	0.3974412
260	5	1.265783	0.1507696	0.4222662
260	10	-0.1798182	0.5831617	0.3974412
261	5	1.265783	0.1507696	0.4222662
261	10	-0.1798182	0.5831617	0.3974412
262	5	1.265783	0.1507696	0.4222662
262	10	-0.1798182	0.5831617	0.3974412
263	5	1.265783	0.1507696	0.4222662
263	10	-0.1798182	0.5831617	0.3974412
264	5	1.265783	0.1507696	0.4222662
264	10	-0.1798182	0.5831617	0.3974412
265	5	1.265783	0.1507696	0.4222662
265	10	-0.1798182	0.5831617	0.3974412
266	5	1.265783	0.1507696	0.4222662
266	10	-0.1798182	0.5831617	0.3974412
267	5	1.265783	0.1507696	0.4222662
267	10	-0.1798182	0.5831617	0.3974412
268	5	1.265783	0.1507696	0.4222662
268	10	-0.1798182	0.5831617	0.3974412
269	5	1.265783	0.1507696	0.4222662
269	10	-0.1798182	0.5831617	0.3974412
270	5	1.265783	0.1507696	0.4222662
270	10	-0.1798182	0.5831617	0.3974412
271	5	1.265783	0.1507696	0.4222662
271	10	-0.1798182	0.5831617	0.3974412
272	5	1.265783	0.1507696	0.4222662
272	10	-0.1798182	0.5831617	0.3974412
273	5	1.265783	0.1507696	0.4222662
273	10	-0.1798182	0.5831617	0.3974412
274	5	1.265783	0.1507696	0.4222662
274	10	-0.1798182	0.5831617	0.3974412
275	5	1.265783	0.1507696	0.4222662
275	10	-0.1798182	0.5831617	0.3974412
276	5	1.265783	0.1507696	0.4222662
276	10	-0.1798182	0.5831617	0.3974412
277	5	1.265783	0.1507696	0.4222662
277	10	-0.1798182	0.5831617	0.3974412
278	5	1.265783	0.1507696	0.4222662
278	10	-0.1798182	0.5831617	0.3974412
279	5	1.265783	0.1507696	0.4222662
279	10	-0.1798182	0.5831617	0.3974412
280	5	1.265783	0.1507696	0.4222662
280	10	-0.1798182	0.5831617	0.3974412
281	5	1.265783	0.1507696	0.4222662
281	10	-0.1798182	0.5831617	0.3974412
282	5	1.265783	0.1507696	0.4222662
282	10	-0.1798182	0.5831617	0.3974412
283	5	1.265783	0.1507696	0.4222662
283	10	-0.1798182	0.5831617	0.3974412
284	5	1.265783	0.1507696	0.4222662
284	10	-0.1798182	0.5831617	0.3974412
285	5	1.265783	0.1507696	0.4222662
285	10	-0.1798182	0.5831617	0.3974412
286	5	1.265783	0.1507696	0.4222662
286	10	-0.1798182	0.5831617	0.3974412
287	1	1.143050	0.1710367	0.5831041
287	2	-0.2544436	0.5627799	0.8193262
287	3	-0.2493266	0.5679528	0.7529853
287	4	-0.2493266	0.5679528	0.7529853
287	5	1.143050	0.1710367	0.5831041
287	6	-0.1657163	0.5784431	0.4026443
287	8	0.7063147	0.3599381	-0.001823510
287	9	-0.2493266	0.5679528	0.7529853
287	10	0.7648191	0.3391256	0.0320142
287	11	1.143050	0.1710367	0.5831041
287	12	-0.1657163	0.5784431	0.4026443
287	13	-0.2493266	0.5679528	0.7529853
287	14	-0.1535241	0.4950419	1.193183
287	15	1.196970	0.1890485	0.2457207
287	16	1.143050	0.1710367	0.5831041
287	17	-0.1657163	0.5784431	0.4026443
287	18	-0.2493266	0.5679528	0.7529853
287	19	0.1806933	0.5076676	0.08317707
287	20	1.07456	0.1873934	0.6228477
288	1	1.143050	0.1710367	0.5831041
288	2	-0.2544436	0.5627799	0.8193262
288	3	-0.2493266	0.5679528	0.7529853
288	4	-0.2493266	0.5679528	0.7529853
288	5	1.143050	0.1710367	0.5831041
288	6	-0.1657163	0.5784431	0.4026443
288	8	0.7063147	0.3599381	-0.001823510
288	9	-0.2493266	0.5679528	0.7529853
288	10	0.7648191	0.3391256	0.0320142
288	11	1.143050	0.1710367	0.5831041
288	12	-0.1657163	0.5784431	0.4026443
288	13	-0.2493266	0.5679528	0.7529853
288	14	-0.1535241	0.4950419	1.193183
288	15	1.196970	0.1890485	0.2457207
288	16	1.143050	0.1710367	0.5831041
288	17	-0.1657163	0.5784431	0.4026443
288	18	-0.2493266	0.5679528	0.7529853
288	19	0.1806933	0.5076676	0.08317707
288	20	1.07456	0.1873934	0.6228477
289	1	1.093602	0.1792448	0.6474829
289	2	-0.2411323	0.5698311	0.7102253
289	3	-0.2411323	0.5698311	0.7102253
289	4	-0.2411323	0.5698311	0.7102253
289	5	1.093602	0.1792448	0.6474829
289	6	-0.1940716	0.5808368	0.4624829
289	8	0.7367392	0.3505877	0.001177711
289	9	0.2503765	0.4892183	0.06065389
289	10	0.8433355	0.3151018	0.03870197
289	11	1.093602	0.1792448	0.6474829
289	12	-0.1940716	0.5808368	0.4624829
289	13	-0.2411323	0.5698311	0.7102253
289	14	-0.2411323	0.5698311	0.7102253
289	15	1.210147	0.1840053	0.2568662
289	16	1.093602	0.1792448	0.6474829
289	17	-0.1940716	0.5808368	0.4624829
289	18	-0.2411323	0.5698311	0.7102253
289	19	0.5020521	0.4177137	0.02757939
289	20	1.070152	0.1871835	0.6379168
290	1	1.246176	0.1645088	0.3438945
290	2	-0.1690749	0.5740114	0.456457
290	3	-0.1690749	0.5740114	0.456457
290	4	-0.1690749	0.5740114	0.456457
290	5	1.246176	0.1645088	0.3438945
290	6	-0.1679688	0.5815609	0.3783857
290	7	1.246176	0.1645088	0.3438945
290	8	1.246176	0.1645088	0.3438945
290	9	0.7310902	0.3485011	0.03850179
290	10	1.224914	0.1783599	0.2692927
290	11	1.246176	0.1645088	0.3438945
290	12	-0.1679688	0.5815609	0.3783857
290	13	-0.1690749	0.5740114	0.456457
290	14	-0.1690749	0.5740114	0.456457
290	15	0.7686889	0.2454468	0.9489246
290	16	1.246176	0.1645088	0.3438945
290	17	-0.1679688	0.5815609	0.3783857
290	18	-0.1690749	0.5740114	0.456457
290	19	1.040488	0.2502573	0.1003017
290	20	0.7641519	0.2477420	0.93955
291	1	0.1091909	0.5248266	0.1238462
291	5	0.1091909	0.5248266	0.1238462
291	7	0.1091909	0.5248266	0.1238462
291	8	0.1091909	0.5248266	0.1238462
291	9	1.138511	0.1794568	0.5130405
291	10	1.168569	0.1925252	0.2949623
291	11	0.1091909	0.5248266	0.1238462
291	15	0.1091909	0.5248266	0.1238462
291	16	0.1091909	0.5248266	0.1238462
291	19	1.157666	0.1802031	0.4491972
291	20	-0.2159555	0.5061993	1.266595
