1	1	1.120904	0.1941041	0.4197782
1	2	1.120904	0.1941041	0.4197782
1	3	1.120904	0.1941041	0.4197782
1	4	1.120904	0.1941041	0.4197782
1	5	1.120904	0.1941041	0.4197782
1	6	1.120904	0.1941041	0.4197782
1	7	1.120904	0.1941041	0.4197782
1	8	1.120904	0.1941041	0.4197782
1	9	1.120904	0.1941041	0.4197782
1	10	1.120904	0.1941041	0.4197782
1	11	1.120904	0.1941041	0.4197782
2	1	1.120904	0.1941041	0.4197782
2	2	1.120904	0.1941041	0.4197782
2	3	1.120904	0.1941041	0.4197782
2	4	1.120904	0.1941041	0.4197782
2	5	1.120904	0.1941041	0.4197782
2	6	1.120904	0.1941041	0.4197782
2	7	1.120904	0.1941041	0.4197782
2	8	1.120904	0.1941041	0.4197782
2	9	1.120904	0.1941041	0.4197782
2	10	1.120904	0.1941041	0.4197782
2	11	1.120904	0.1941041	0.4197782
3	1	1.120904	0.1941041	0.4197782
3	2	1.120904	0.1941041	0.4197782
3	3	1.120904	0.1941041	0.4197782
3	4	1.120904	0.1941041	0.4197782
3	5	1.120904	0.1941041	0.4197782
3	6	1.120904	0.1941041	0.4197782
3	7	1.120904	0.1941041	0.4197782
3	8	1.120904	0.1941041	0.4197782
3	9	1.120904	0.1941041	0.4197782
3	10	1.120904	0.1941041	0.4197782
3	11	1.120904	0.1941041	0.4197782
4	1	1.120904	0.1941041	0.4197782
4	2	1.120904	0.1941041	0.4197782
4	3	1.120904	0.1941041	0.4197782
4	4	1.120904	0.1941041	0.4197782
4	5	1.120904	0.1941041	0.4197782
4	6	1.120904	0.1941041	0.4197782
4	7	1.120904	0.1941041	0.4197782
4	8	1.120904	0.1941041	0.4197782
4	9	1.120904	0.1941041	0.4197782
4	10	1.120904	0.1941041	0.4197782
4	11	1.120904	0.1941041	0.4197782
5	1	1.120904	0.1941041	0.4197782
5	2	1.120904	0.1941041	0.4197782
5	3	1.120904	0.1941041	0.4197782
5	4	1.120904	0.1941041	0.4197782
5	5	1.120904	0.1941041	0.4197782
5	6	1.120904	0.1941041	0.4197782
5	7	1.120904	0.1941041	0.4197782
5	8	1.120904	0.1941041	0.4197782
5	9	1.120904	0.1941041	0.4197782
5	10	1.120904	0.1941041	0.4197782
5	11	1.120904	0.1941041	0.4197782
6	1	1.120904	0.1941041	0.4197782
6	2	1.120904	0.1941041	0.4197782
6	3	1.120904	0.1941041	0.4197782
6	4	1.120904	0.1941041	0.4197782
6	5	1.120904	0.1941041	0.4197782
6	6	1.120904	0.1941041	0.4197782
6	7	1.120904	0.1941041	0.4197782
6	8	1.120904	0.1941041	0.4197782
6	9	1.120904	0.1941041	0.4197782
6	10	1.120904	0.1941041	0.4197782
6	11	1.120904	0.1941041	0.4197782
7	1	1.120904	0.1941041	0.4197782
7	2	1.120904	0.1941041	0.4197782
7	3	1.120904	0.1941041	0.4197782
7	4	1.120904	0.1941041	0.4197782
7	5	1.120904	0.1941041	0.4197782
7	6	1.120904	0.1941041	0.4197782
7	7	1.120904	0.1941041	0.4197782
7	8	1.120904	0.1941041	0.4197782
7	9	1.120904	0.1941041	0.4197782
7	10	1.120904	0.1941041	0.4197782
7	11	1.120904	0.1941041	0.4197782
8	1	1.120904	0.1941041	0.4197782
8	2	1.120904	0.1941041	0.4197782
8	3	1.120904	0.1941041	0.4197782
8	4	1.120904	0.1941041	0.4197782
8	5	1.120904	0.1941041	0.4197782
8	6	1.120904	0.1941041	0.4197782
8	7	1.120904	0.1941041	0.4197782
8	8	1.120904	0.1941041	0.4197782
8	9	1.120904	0.1941041	0.4197782
8	10	1.120904	0.1941041	0.4197782
8	11	1.120904	0.1941041	0.4197782
9	1	1.120904	0.1941041	0.4197782
9	2	1.120904	0.1941041	0.4197782
9	3	1.120904	0.1941041	0.4197782
9	4	1.120904	0.1941041	0.4197782
9	5	1.120904	0.1941041	0.4197782
9	6	1.120904	0.1941041	0.4197782
9	7	1.120904	0.1941041	0.4197782
9	8	1.120904	0.1941041	0.4197782
9	9	1.120904	0.1941041	0.4197782
9	10	1.120904	0.1941041	0.4197782
9	11	1.120904	0.1941041	0.4197782
10	1	1.120904	0.1941041	0.4197782
10	2	1.120904	0.1941041	0.4197782
10	3	1.120904	0.1941041	0.4197782
10	4	1.120904	0.1941041	0.4197782
10	5	1.120904	0.1941041	0.4197782
10	6	1.120904	0.1941041	0.4197782
10	7	1.120904	0.1941041	0.4197782
10	8	1.120904	0.1941041	0.4197782
10	9	1.120904	0.1941041	0.4197782
10	10	1.120904	0.1941041	0.4197782
10	11	1.120904	0.1941041	0.4197782
11	5	1.180859	0.1761711	0.4208078
11	10	-0.1390804	0.5709766	0.3981408
12	5	1.180859	0.1761711	0.4208078
12	10	-0.1390804	0.5709766	0.3981408
13	1	0.7843954	0.2513922	0.8437231
13	2	0.7843953	0.2513922	0.8437231
13	3	0.7843954	0.2513922	0.8437231
13	4	0.7843954	0.2513922	0.8437231
13	5	0.04904085	0.544277	0.1083559
13	6	0.7843954	0.2513922	0.8437231
13	7	0.7843954	0.2513922	0.8437231
13	8	0.7843954	0.2513922	0.8437231
13	9	0.7843954	0.2513922	0.8437231
13	10	0.08899652	0.5296523	0.1355358
13	11	0.7843953	0.2513922	0.8437232
14	1	0.7843954	0.2513922	0.8437231
14	2	0.7843953	0.2513922	0.8437231
14	3	0.7843954	0.2513922	0.8437231
14	4	0.7843954	0.2513922	0.8437231
14	5	0.04904085	0.544277	0.1083559
14	6	0.7843954	0.2513922	0.8437231
14	7	0.7843954	0.2513922	0.8437231
14	8	0.7843954	0.2513922	0.8437231
14	9	0.7843954	0.2513922	0.8437231
14	10	0.08899652	0.5296523	0.1355358
14	11	0.7843953	0.2513922	0.8437232
15	1	1.120904	0.1941041	0.4197782
15	2	1.120904	0.1941041	0.4197782
15	3	1.120904	0.1941041	0.4197782
15	4	1.120904	0.1941041	0.4197782
15	5	1.120904	0.1941041	0.4197782
15	6	1.120904	0.1941041	0.4197782
15	7	1.120904	0.1941041	0.4197782
15	8	1.120904	0.1941041	0.4197782
15	9	1.120904	0.1941041	0.4197782
15	10	1.120904	0.1941041	0.4197782
15	11	1.120904	0.1941041	0.4197782
16	1	1.120904	0.1941041	0.4197782
16	2	1.120904	0.1941041	0.4197782
16	3	1.120904	0.1941041	0.4197782
16	4	1.120904	0.1941041	0.4197782
16	5	1.120904	0.1941041	0.4197782
16	6	1.120904	0.1941041	0.4197782
16	7	1.120904	0.1941041	0.4197782
16	8	1.120904	0.1941041	0.4197782
16	9	1.120904	0.1941041	0.4197782
16	10	1.120904	0.1941041	0.4197782
16	11	1.120904	0.1941041	0.4197782
17	1	1.120904	0.1941041	0.4197782
17	2	1.120904	0.1941041	0.4197782
17	3	1.120904	0.1941041	0.4197782
17	4	1.120904	0.1941041	0.4197782
17	5	1.120904	0.1941041	0.4197782
17	6	1.120904	0.1941041	0.4197782
17	7	1.120904	0.1941041	0.4197782
17	8	1.120904	0.1941041	0.4197782
17	9	1.120904	0.1941041	0.4197782
17	10	1.120904	0.1941041	0.4197782
17	11	1.120904	0.1941041	0.4197782
18	1	1.120904	0.1941041	0.4197782
18	2	1.120904	0.1941041	0.4197782
18	3	1.120904	0.1941041	0.4197782
18	4	1.120904	0.1941041	0.4197782
18	5	1.120904	0.1941041	0.4197782
18	6	1.120904	0.1941041	0.4197782
18	7	1.120904	0.1941041	0.4197782
18	8	1.120904	0.1941041	0.4197782
18	9	1.120904	0.1941041	0.4197782
18	10	1.120904	0.1941041	0.4197782
18	11	1.120904	0.1941041	0.4197782
19	1	1.120904	0.1941041	0.4197782
19	2	1.120904	0.1941041	0.4197782
19	3	1.120904	0.1941041	0.4197782
19	4	1.120904	0.1941041	0.4197782
19	5	1.120904	0.1941041	0.4197782
19	6	1.120904	0.1941041	0.4197782
19	7	1.120904	0.1941041	0.4197782
19	8	1.120904	0.1941041	0.4197782
19	9	1.120904	0.1941041	0.4197782
19	10	1.120904	0.1941041	0.4197782
19	11	1.120904	0.1941041	0.4197782
20	1	1.120904	0.1941041	0.4197782
20	2	1.120904	0.1941041	0.4197782
20	3	1.120904	0.1941041	0.4197782
20	4	1.120904	0.1941041	0.4197782
20	5	1.120904	0.1941041	0.4197782
20	6	1.120904	0.1941041	0.4197782
20	7	1.120904	0.1941041	0.4197782
20	8	1.120904	0.1941041	0.4197782
20	9	1.120904	0.1941041	0.4197782
20	10	1.120904	0.1941041	0.4197782
20	11	1.120904	0.1941041	0.4197782
21	1	1.120904	0.1941041	0.4197782
21	2	1.120904	0.1941041	0.4197782
21	3	1.120904	0.1941041	0.4197782
21	4	1.120904	0.1941041	0.4197782
21	5	1.120904	0.1941041	0.4197782
21	6	1.120904	0.1941041	0.4197782
21	7	1.120904	0.1941041	0.4197782
21	8	1.120904	0.1941041	0.4197782
21	9	1.120904	0.1941041	0.4197782
21	10	1.120904	0.1941041	0.4197782
21	11	1.120904	0.1941041	0.4197782
22	1	1.120904	0.1941041	0.4197782
22	2	1.120904	0.1941041	0.4197782
22	3	1.120904	0.1941041	0.4197782
22	4	1.120904	0.1941041	0.4197782
22	5	1.120904	0.1941041	0.4197782
22	6	1.120904	0.1941041	0.4197782
22	7	1.120904	0.1941041	0.4197782
22	8	1.120904	0.1941041	0.4197782
22	9	1.120904	0.1941041	0.4197782
22	10	1.120904	0.1941041	0.4197782
22	11	1.120904	0.1941041	0.4197782
23	1	1.120904	0.1941041	0.4197782
23	2	1.120904	0.1941041	0.4197782
23	3	1.120904	0.1941041	0.4197782
23	4	1.120904	0.1941041	0.4197782
23	5	1.120904	0.1941041	0.4197782
23	6	1.120904	0.1941041	0.4197782
23	7	1.120904	0.1941041	0.4197782
23	8	1.120904	0.1941041	0.4197782
23	9	1.120904	0.1941041	0.4197782
23	10	1.120904	0.1941041	0.4197782
23	11	1.120904	0.1941041	0.4197782
24	1	1.120904	0.1941041	0.4197782
24	2	1.120904	0.1941041	0.4197782
24	3	1.120904	0.1941041	0.4197782
24	4	1.120904	0.1941041	0.4197782
24	5	1.120904	0.1941041	0.4197782
24	6	1.120904	0.1941041	0.4197782
24	7	1.120904	0.1941041	0.4197782
24	8	1.120904	0.1941041	0.4197782
24	9	1.120904	0.1941041	0.4197782
24	10	1.120904	0.1941041	0.4197782
24	11	1.120904	0.1941041	0.4197782
25	1	1.120904	0.1941041	0.4197782
25	2	1.120904	0.1941041	0.4197782
25	3	1.120904	0.1941041	0.4197782
25	4	1.120904	0.1941041	0.4197782
25	5	1.120904	0.1941041	0.4197782
25	6	1.120904	0.1941041	0.4197782
25	7	1.120904	0.1941041	0.4197782
25	8	1.120904	0.1941041	0.4197782
25	9	1.120904	0.1941041	0.4197782
25	10	1.120904	0.1941041	0.4197782
25	11	1.120904	0.1941041	0.4197782
28	1	1.120904	0.1941041	0.4197782
28	2	1.120904	0.1941041	0.4197782
28	3	1.120904	0.1941041	0.4197782
28	4	1.120904	0.1941041	0.4197782
28	5	1.120904	0.1941041	0.4197782
28	6	1.120904	0.1941041	0.4197782
28	7	1.120904	0.1941041	0.4197782
28	8	1.120904	0.1941041	0.4197782
28	9	1.120904	0.1941041	0.4197782
28	10	1.120904	0.1941041	0.4197782
28	11	1.120904	0.1941041	0.4197782
29	1	1.120904	0.1941041	0.4197782
29	2	1.120904	0.1941041	0.4197782
29	3	1.120904	0.1941041	0.4197782
29	4	1.120904	0.1941041	0.4197782
29	5	1.120904	0.1941041	0.4197782
29	6	1.120904	0.1941041	0.4197782
29	7	1.120904	0.1941041	0.4197782
29	8	1.120904	0.1941041	0.4197782
29	9	1.120904	0.1941041	0.4197782
29	10	1.120904	0.1941041	0.4197782
29	11	1.120904	0.1941041	0.4197782
30	1	1.120904	0.1941041	0.4197782
30	2	1.120904	0.1941041	0.4197782
30	3	1.120904	0.1941041	0.4197782
30	4	1.120904	0.1941041	0.4197782
30	5	1.120904	0.1941041	0.4197782
30	6	1.120904	0.1941041	0.4197782
30	7	1.120904	0.1941041	0.4197782
30	8	1.120904	0.1941041	0.4197782
30	9	1.120904	0.1941041	0.4197782
30	10	1.120904	0.1941041	0.4197782
30	11	1.120904	0.1941041	0.4197782
31	1	1.120904	0.1941041	0.4197782
31	2	1.120904	0.1941041	0.4197782
31	3	1.120904	0.1941041	0.4197782
31	4	1.120904	0.1941041	0.4197782
31	5	1.120904	0.1941041	0.4197782
31	6	1.120904	0.1941041	0.4197782
31	7	1.120904	0.1941041	0.4197782
31	8	1.120904	0.1941041	0.4197782
31	9	1.120904	0.1941041	0.4197782
31	10	1.120904	0.1941041	0.4197782
31	11	1.120904	0.1941041	0.4197782
32	1	1.120904	0.1941041	0.4197782
32	2	1.120904	0.1941041	0.4197782
32	3	1.120904	0.1941041	0.4197782
32	4	1.120904	0.1941041	0.4197782
32	5	1.120904	0.1941041	0.4197782
32	6	1.120904	0.1941041	0.4197782
32	7	1.120904	0.1941041	0.4197782
32	8	1.120904	0.1941041	0.4197782
32	9	1.120904	0.1941041	0.4197782
32	10	1.120904	0.1941041	0.4197782
32	11	1.120904	0.1941041	0.4197782
33	9	1.120904	0.1941041	0.4197782
33	10	1.120904	0.1941041	0.4197782
33	11	1.120904	0.1941041	0.4197782
34	1	0.1131802	0.4086355	1.26349
34	2	0.1131803	0.4086355	1.26349
34	3	0.1131802	0.4086355	1.26349
34	4	0.1131802	0.4086355	1.26349
34	5	0.1131802	0.4086355	1.26349
34	6	0.1131802	0.4086355	1.26349
34	7	0.1131802	0.4086355	1.26349
34	8	0.4812646	0.4240001	0.02654222
34	9	0.4812646	0.4240001	0.02654222
34	10	0.4812646	0.4240001	0.02654222
34	11	0.4812646	0.4240001	0.02654222
35	1	0.1131802	0.4086355	1.26349
35	2	0.1131803	0.4086355	1.26349
35	3	0.1131802	0.4086355	1.26349
35	4	0.1131802	0.4086355	1.26349
35	5	0.1131802	0.4086355	1.26349
35	6	0.1131802	0.4086355	1.26349
35	7	0.1131802	0.4086355	1.26349
35	8	0.4812646	0.4240001	0.02654222
35	9	0.4812646	0.4240001	0.02654222
35	10	0.4812646	0.4240001	0.02654222
35	11	0.4812646	0.4240001	0.02654222
36	1	0.1131802	0.4086355	1.26349
36	2	0.1131803	0.4086355	1.26349
36	3	0.1131802	0.4086355	1.26349
36	4	0.1131802	0.4086355	1.26349
36	5	0.1131802	0.4086355	1.26349
36	6	0.1131802	0.4086355	1.26349
36	7	0.1131802	0.4086355	1.26349
36	8	0.4812646	0.4240001	0.02654222
36	9	0.4812646	0.4240001	0.02654222
36	10	0.4812646	0.4240001	0.02654222
36	11	0.4812646	0.4240001	0.02654222
37	1	0.1131802	0.4086355	1.26349
37	2	0.1131803	0.4086355	1.26349
37	3	0.1131802	0.4086355	1.26349
37	4	0.1131802	0.4086355	1.26349
37	5	0.1131802	0.4086355	1.26349
37	6	0.1131802	0.4086355	1.26349
37	7	0.1131802	0.4086355	1.26349
37	8	0.4812646	0.4240001	0.02654222
37	9	0.4812646	0.4240001	0.02654222
37	10	0.4812646	0.4240001	0.02654222
37	11	0.4812646	0.4240001	0.02654222
38	1	1.120904	0.1941041	0.4197782
38	2	1.120904	0.1941041	0.4197782
38	3	1.120904	0.1941041	0.4197782
38	4	1.120904	0.1941041	0.4197782
38	5	1.120904	0.1941041	0.4197782
38	6	1.120904	0.1941041	0.4197782
38	7	1.120904	0.1941041	0.4197782
38	8	1.120904	0.1941041	0.4197782
38	9	1.120904	0.1941041	0.4197782
38	10	1.120904	0.1941041	0.4197782
38	11	1.120904	0.1941041	0.4197782
39	1	1.120904	0.1941041	0.4197782
39	2	1.120904	0.1941041	0.4197782
39	3	1.120904	0.1941041	0.4197782
39	4	1.120904	0.1941041	0.4197782
39	5	1.120904	0.1941041	0.4197782
39	6	1.120904	0.1941041	0.4197782
39	7	1.120904	0.1941041	0.4197782
39	8	1.120904	0.1941041	0.4197782
39	9	1.120904	0.1941041	0.4197782
39	10	1.120904	0.1941041	0.4197782
39	11	1.120904	0.1941041	0.4197782
40	1	1.120904	0.1941041	0.4197782
40	2	1.120904	0.1941041	0.4197782
40	3	1.120904	0.1941041	0.4197782
40	4	1.120904	0.1941041	0.4197782
40	5	1.120904	0.1941041	0.4197782
40	6	1.120904	0.1941041	0.4197782
40	7	1.120904	0.1941041	0.4197782
40	8	1.120904	0.1941041	0.4197782
40	9	1.120904	0.1941041	0.4197782
40	10	1.120904	0.1941041	0.4197782
40	11	1.120904	0.1941041	0.4197782
41	1	1.120904	0.1941041	0.4197782
41	2	1.120904	0.1941041	0.4197782
41	3	1.120904	0.1941041	0.4197782
41	4	1.120904	0.1941041	0.4197782
41	5	1.120904	0.1941041	0.4197782
41	6	1.120904	0.1941041	0.4197782
41	7	1.120904	0.1941041	0.4197782
41	8	1.120904	0.1941041	0.4197782
41	9	1.120904	0.1941041	0.4197782
41	10	1.120904	0.1941041	0.4197782
41	11	1.120904	0.1941041	0.4197782
42	1	1.120904	0.1941041	0.4197782
42	2	1.120904	0.1941041	0.4197782
42	3	1.120904	0.1941041	0.4197782
42	4	1.120904	0.1941041	0.4197782
42	5	1.120904	0.1941041	0.4197782
42	6	1.120904	0.1941041	0.4197782
42	7	1.120904	0.1941041	0.4197782
42	8	1.120904	0.1941041	0.4197782
42	9	1.120904	0.1941041	0.4197782
42	10	1.120904	0.1941041	0.4197782
42	11	1.120904	0.1941041	0.4197782
43	1	1.120904	0.1941041	0.4197782
43	2	1.120904	0.1941041	0.4197782
43	3	1.120904	0.1941041	0.4197782
43	4	1.120904	0.1941041	0.4197782
43	5	1.120904	0.1941041	0.4197782
43	6	1.120904	0.1941041	0.4197782
43	7	1.120904	0.1941041	0.4197782
43	8	1.120904	0.1941041	0.4197782
43	9	1.120904	0.1941041	0.4197782
43	10	1.120904	0.1941041	0.4197782
43	11	1.120904	0.1941041	0.4197782
44	1	1.120904	0.1941041	0.4197782
44	2	1.120904	0.1941041	0.4197782
44	3	1.120904	0.1941041	0.4197782
44	4	1.120904	0.1941041	0.4197782
44	5	1.120904	0.1941041	0.4197782
44	6	1.120904	0.1941041	0.4197782
44	7	1.120904	0.1941041	0.4197782
44	8	1.120904	0.1941041	0.4197782
44	9	1.120904	0.1941041	0.4197782
44	10	1.120904	0.1941041	0.4197782
44	11	1.120904	0.1941041	0.4197782
45	1	1.120904	0.1941041	0.4197782
45	2	1.120904	0.1941041	0.4197782
45	3	1.120904	0.1941041	0.4197782
45	4	1.120904	0.1941041	0.4197782
45	5	1.120904	0.1941041	0.4197782
45	6	1.120904	0.1941041	0.4197782
45	7	1.120904	0.1941041	0.4197782
45	8	1.120904	0.1941041	0.4197782
45	9	1.120904	0.1941041	0.4197782
45	10	1.120904	0.1941041	0.4197782
45	11	1.120904	0.1941041	0.4197782
46	1	1.120904	0.1941041	0.4197782
46	2	1.120904	0.1941041	0.4197782
46	4	1.120904	0.1941041	0.4197782
47	1	1.120904	0.1941041	0.4197782
47	2	1.120904	0.1941041	0.4197782
47	3	1.120904	0.1941041	0.4197782
47	4	1.120904	0.1941041	0.4197782
48	1	1.120904	0.1941041	0.4197782
48	2	1.120904	0.1941041	0.4197782
48	3	1.120904	0.1941041	0.4197782
48	4	1.120904	0.1941041	0.4197782
49	1	1.120904	0.1941041	0.4197782
49	2	1.120904	0.1941041	0.4197782
49	3	1.120904	0.1941041	0.4197782
49	4	1.120904	0.1941041	0.4197782
50	1	1.120904	0.1941041	0.4197782
50	2	1.120904	0.1941041	0.4197782
50	3	1.120904	0.1941041	0.4197782
50	4	1.120904	0.1941041	0.4197782
51	1	1.120904	0.1941041	0.4197782
51	2	1.120904	0.1941041	0.4197782
51	3	1.120904	0.1941041	0.4197782
51	4	1.120904	0.1941041	0.4197782
52	1	-0.2375681	0.5245754	1.148185
52	2	-0.2375681	0.5245754	1.148185
52	3	-0.2375681	0.5245754	1.148185
52	4	-0.2375681	0.5245754	1.148185
52	5	0.9103047	0.2925425	0.06490574
52	6	0.9103047	0.2925425	0.06490574
52	7	0.9103047	0.2925425	0.06490574
52	8	0.9103047	0.2925425	0.06490574
52	9	0.9103047	0.2925425	0.06490574
52	10	0.9103047	0.2925425	0.06490574
52	11	0.9103047	0.2925425	0.06490574
53	1	1.120904	0.1941041	0.4197782
53	2	1.120904	0.1941041	0.4197782
53	3	1.120904	0.1941041	0.4197782
53	4	1.120904	0.1941041	0.4197782
53	5	1.120904	0.1941041	0.4197782
53	6	1.120904	0.1941041	0.4197782
53	7	1.120904	0.1941041	0.4197782
53	8	1.120904	0.1941041	0.4197782
53	9	1.120904	0.1941041	0.4197782
53	10	1.120904	0.1941041	0.4197782
53	11	1.120904	0.1941041	0.4197782
54	1	1.120904	0.1941041	0.4197782
54	2	1.120904	0.1941041	0.4197782
54	3	1.120904	0.1941041	0.4197782
54	4	1.120904	0.1941041	0.4197782
54	5	1.120904	0.1941041	0.4197782
54	6	1.120904	0.1941041	0.4197782
54	7	1.120904	0.1941041	0.4197782
54	8	1.120904	0.1941041	0.4197782
54	9	1.120904	0.1941041	0.4197782
54	10	1.120904	0.1941041	0.4197782
54	11	1.120904	0.1941041	0.4197782
55	1	1.120904	0.1941041	0.4197782
55	2	1.120904	0.1941041	0.4197782
55	3	1.120904	0.1941041	0.4197782
55	4	1.120904	0.1941041	0.4197782
55	5	1.120904	0.1941041	0.4197782
55	6	1.120904	0.1941041	0.4197782
55	7	1.120904	0.1941041	0.4197782
55	8	1.120904	0.1941041	0.4197782
55	9	1.120904	0.1941041	0.4197782
55	10	1.120904	0.1941041	0.4197782
55	11	1.120904	0.1941041	0.4197782
56	1	1.120904	0.1941041	0.4197782
56	2	1.120904	0.1941041	0.4197782
56	3	1.120904	0.1941041	0.4197782
56	4	1.120904	0.1941041	0.4197782
56	5	1.120904	0.1941041	0.4197782
56	6	1.120904	0.1941041	0.4197782
56	7	1.120904	0.1941041	0.4197782
56	8	1.120904	0.1941041	0.4197782
56	9	1.120904	0.1941041	0.4197782
56	10	1.120904	0.1941041	0.4197782
56	11	1.120904	0.1941041	0.4197782
57	1	1.120904	0.1941041	0.4197782
57	2	1.120904	0.1941041	0.4197782
57	3	1.120904	0.1941041	0.4197782
57	4	1.120904	0.1941041	0.4197782
57	5	1.120904	0.1941041	0.4197782
57	6	1.120904	0.1941041	0.4197782
57	7	1.120904	0.1941041	0.4197782
57	8	1.120904	0.1941041	0.4197782
57	9	1.120904	0.1941041	0.4197782
57	10	1.120904	0.1941041	0.4197782
57	11	1.120904	0.1941041	0.4197782
58	1	1.120904	0.1941041	0.4197782
58	2	1.120904	0.1941041	0.4197782
58	3	1.120904	0.1941041	0.4197782
58	4	1.120904	0.1941041	0.4197782
58	5	1.120904	0.1941041	0.4197782
58	6	1.120904	0.1941041	0.4197782
58	7	1.120904	0.1941041	0.4197782
58	8	1.120904	0.1941041	0.4197782
58	9	1.120904	0.1941041	0.4197782
58	10	1.120904	0.1941041	0.4197782
58	11	1.120904	0.1941041	0.4197782
59	1	1.120904	0.1941041	0.4197782
59	2	1.120904	0.1941041	0.4197782
59	3	1.120904	0.1941041	0.4197782
59	4	1.120904	0.1941041	0.4197782
59	5	1.120904	0.1941041	0.4197782
59	6	1.120904	0.1941041	0.4197782
59	7	1.120904	0.1941041	0.4197782
59	8	1.120904	0.1941041	0.4197782
59	9	1.120904	0.1941041	0.4197782
59	10	1.120904	0.1941041	0.4197782
59	11	1.120904	0.1941041	0.4197782
60	1	0.993115	0.2092119	0.6466432
60	2	0.993115	0.2092119	0.6466432
60	3	0.993115	0.2092119	0.6466432
60	4	0.993115	0.2092119	0.6466432
60	5	0.9774843	0.2144946	0.6403555
60	6	-0.0731835	0.5710967	0.2027621
60	7	0.9774843	0.2144946	0.6403555
60	8	0.9774843	0.2144946	0.6403555
60	9	0.9774843	0.2144946	0.6403555
60	10	0.9774843	0.2144946	0.6403555
60	11	0.9774843	0.2144946	0.6403555
61	1	-0.1299403	0.5682428	0.3982977
61	2	-0.1299403	0.5682428	0.3982977
61	3	-0.1197958	0.5652085	0.3984720
61	4	-0.1399901	0.5712487	0.3981252
61	5	-0.1095562	0.5621457	0.3986478
61	6	1.302488	0.1397907	0.4228965
61	7	-0.1095562	0.5621457	0.3986478
61	8	-0.1095562	0.5621457	0.3986478
61	9	-0.1095562	0.5621457	0.3986478
61	10	-0.1095562	0.5621457	0.3986478
61	11	-0.1095562	0.5621457	0.3986478
62	2	0.2620717	0.3608577	1.298184
62	3	0.2368902	0.3721783	1.260209
62	4	0.2657857	0.3574089	1.321416
62	5	0.6903336	0.363481	0.01016171
62	6	-0.0210059	0.5609945	0.1491104
62	7	0.7781508	0.3359463	0.02423264
62	8	0.07873666	0.4192194	1.260109
62	9	0.07873666	0.4192194	1.260109
62	10	0.07873666	0.4192194	1.260109
62	11	0.3008348	0.4750423	0.05243877
63	2	0.2620717	0.3608577	1.298184
63	3	0.2368902	0.3721783	1.260209
63	4	0.2657857	0.3574089	1.321416
63	5	0.6903336	0.363481	0.01016171
63	6	-0.0210059	0.5609945	0.1491104
63	7	0.7781508	0.3359463	0.02423264
63	8	0.07873666	0.4192194	1.260109
63	9	0.07873666	0.4192194	1.260109
63	10	0.07873666	0.4192194	1.260109
63	11	0.3008348	0.4750423	0.05243877
64	1	1.248767	0.1749727	0.232569
64	2	1.248767	0.1749727	0.232569
64	3	1.198100	0.1913998	0.2190904
64	4	1.272332	0.1677955	0.2342471
64	5	-0.3434808	0.5615919	1.093478
64	6	-0.0816787	0.5729772	0.2091618
64	7	-0.3058408	0.5451316	1.145672
64	8	1.018924	0.2561528	0.1054269
64	9	1.018924	0.2561528	0.1054269
64	10	1.018924	0.2561528	0.1054269
64	11	-0.1962821	0.5692851	0.5834681
65	1	1.248767	0.1749727	0.232569
65	2	1.248767	0.1749727	0.232569
65	3	1.198100	0.1913998	0.2190904
65	4	1.272332	0.1677955	0.2342471
65	5	-0.3434808	0.5615919	1.093478
65	6	-0.0816787	0.5729772	0.2091618
65	7	-0.3058408	0.5451316	1.145672
65	8	1.018924	0.2561528	0.1054269
65	9	1.018924	0.2561528	0.1054269
65	10	1.018924	0.2561528	0.1054269
65	11	-0.1962821	0.5692851	0.5834681
66	1	1.017776	0.1992239	0.6729462
66	2	1.017776	0.1992239	0.6729462
66	3	0.698326	0.2677594	0.9351657
66	4	1.219807	0.1690189	0.3769082
66	6	-0.08693308	0.5781562	0.1733238
66	10	-0.2370008	0.53431	1.050048
67	1	1.026563	0.1988235	0.6510219
67	3	1.169860	0.1755777	0.4590994
67	4	1.145987	0.1791170	0.4943765
67	6	0.007442357	0.5587983	0.08704055
67	10	1.227564	0.1741293	0.3034091
67	11	-0.2791492	0.518679	1.329149
68	1	1.058935	0.1961499	0.5821199
68	3	1.191524	0.1809197	0.3423239
68	4	1.028723	0.2018707	0.6144603
68	5	0.6492091	0.2771521	0.9868294
68	6	-0.1227392	0.5864055	0.1970925
68	7	0.4923355	0.3119569	1.104214
68	8	-0.0862147	0.4584804	1.357139
68	9	-0.0862147	0.4584804	1.357139
68	10	1.034360	0.2548354	0.07299327
68	11	0.8336146	0.3191012	0.02771653
69	1	0.9292073	0.2180151	0.7477351
69	3	1.063823	0.1930147	0.5987836
69	4	1.090911	0.1882430	0.5662459
69	5	0.3050047	0.3556649	1.223125
69	6	0.06168893	0.545931	0.05469346
69	7	0.04799275	0.421515	1.327958
70	1	0.9045387	0.2216169	0.7847377
70	4	1.093321	0.1858817	0.5825413
70	5	0.3527789	0.34312	1.206656
70	6	0.1015733	0.5354103	0.04141454
70	7	0.1138692	0.4028245	1.319045
71	1	0.9045387	0.2216169	0.7847377
71	4	1.093321	0.1858817	0.5825413
71	5	0.3527789	0.34312	1.206656
71	6	0.1015733	0.5354103	0.04141454
71	7	0.1138692	0.4028245	1.319045
72	1	0.9045387	0.2216169	0.7847377
72	4	1.093321	0.1858817	0.5825413
72	5	0.3527789	0.34312	1.206656
72	6	0.1015733	0.5354103	0.04141454
72	7	0.1138692	0.4028245	1.319045
73	1	0.9045387	0.2216169	0.7847377
73	4	1.093321	0.1858817	0.5825413
73	5	0.3527789	0.34312	1.206656
73	6	0.1015733	0.5354103	0.04141454
73	7	0.1138692	0.4028245	1.319045
74	1	0.5446815	0.2969128	1.099038
74	4	0.7759401	0.2461259	0.9208266
74	5	0.09640523	0.406095	1.338099
74	6	0.2046227	0.5072926	0.01637640
75	1	0.5446815	0.2969128	1.099038
75	4	0.7759401	0.2461259	0.9208266
75	5	0.09640523	0.406095	1.338099
75	6	0.2046227	0.5072926	0.01637640
76	1	0.6489355	0.2754217	1.004783
76	2	0.6489355	0.2754217	1.004783
76	4	0.9116808	0.2201249	0.7784752
76	5	0.1090316	0.4044514	1.317179
76	6	0.1359377	0.526376	0.02967341
77	1	0.6489355	0.2754217	1.004783
77	2	0.6489355	0.2754217	1.004783
77	4	0.9116808	0.2201249	0.7784752
77	5	0.1090316	0.4044514	1.317179
77	6	0.1359377	0.526376	0.02967341
78	1	0.6489355	0.2754217	1.004783
78	2	0.6489355	0.2754217	1.004783
78	4	0.9116808	0.2201249	0.7784752
78	5	0.1090316	0.4044514	1.317179
78	6	0.1359377	0.526376	0.02967341
79	1	0.6489355	0.2754217	1.004783
79	2	0.6489355	0.2754217	1.004783
79	4	0.9116808	0.2201249	0.7784752
79	5	0.1090316	0.4044514	1.317179
79	6	0.1359377	0.526376	0.02967341
80	1	0.6489355	0.2754217	1.004783
80	2	0.6489355	0.2754217	1.004783
80	4	0.9116808	0.2201249	0.7784752
80	5	0.1090316	0.4044514	1.317179
80	6	0.1359377	0.526376	0.02967341
81	1	0.6489355	0.2754217	1.004783
81	2	0.6489355	0.2754217	1.004783
81	4	0.9116808	0.2201249	0.7784752
81	5	0.1090316	0.4044514	1.317179
81	6	0.1359377	0.526376	0.02967341
82	1	0.6489355	0.2754217	1.004783
82	2	0.6489355	0.2754217	1.004783
82	4	0.9116808	0.2201249	0.7784752
82	5	0.1090316	0.4044514	1.317179
82	6	0.1359377	0.526376	0.02967341
83	1	0.6489355	0.2754217	1.004783
83	2	0.6489355	0.2754217	1.004783
83	4	0.9116808	0.2201249	0.7784752
83	5	0.1090316	0.4044514	1.317179
83	6	0.1359377	0.526376	0.02967341
84	1	0.6489355	0.2754217	1.004783
84	2	0.6489355	0.2754217	1.004783
84	4	0.9116808	0.2201249	0.7784752
84	5	0.1090316	0.4044514	1.317179
84	6	0.1359377	0.526376	0.02967341
85	1	0.6489355	0.2754217	1.004783
85	2	0.6489355	0.2754217	1.004783
85	4	0.9116808	0.2201249	0.7784752
85	5	0.1090316	0.4044514	1.317179
85	6	0.1359377	0.526376	0.02967341
86	1	0.3438725	0.3521032	1.143882
86	2	0.3438726	0.3521032	1.143882
86	4	0.3400772	0.3508675	1.167312
86	5	0.3234407	0.4690403	0.04529919
87	1	0.2112463	0.3764898	1.293053
87	5	-0.1424054	0.4778534	1.330748
87	7	0.5478421	0.4065663	0.003108175
