1	1	1.120904	0.1941041	0.4197782
1	2	1.120904	0.1941041	0.4197782
1	3	1.120904	0.1941041	0.4197782
1	4	1.120904	0.1941041	0.4197782
1	5	1.120904	0.1941041	0.4197782
1	6	1.120904	0.1941041	0.4197782
1	7	1.120904	0.1941041	0.4197782
1	8	1.120904	0.1941041	0.4197782
1	9	1.120904	0.1941041	0.4197782
1	10	1.120904	0.1941041	0.4197782
1	11	1.120904	0.1941041	0.4197782
1	12	1.120904	0.1941041	0.4197782
1	13	1.120904	0.1941041	0.4197782
1	14	1.120904	0.1941041	0.4197782
1	15	1.120904	0.1941041	0.4197782
1	16	1.120904	0.1941041	0.4197782
1	17	1.120904	0.1941041	0.4197782
1	18	1.120904	0.1941041	0.4197782
1	19	1.120904	0.1941041	0.4197782
1	20	1.120904	0.1941041	0.4197782
1	21	1.120904	0.1941041	0.4197782
1	22	1.120904	0.1941041	0.4197782
1	23	1.120904	0.1941041	0.4197782
1	24	1.120904	0.1941041	0.4197782
1	25	1.120904	0.1941041	0.4197782
2	1	1.120904	0.1941041	0.4197782
2	2	1.120904	0.1941041	0.4197782
2	3	1.120904	0.1941041	0.4197782
2	4	1.120904	0.1941041	0.4197782
2	5	1.120904	0.1941041	0.4197782
2	6	1.120904	0.1941041	0.4197782
2	7	1.120904	0.1941041	0.4197782
2	8	1.120904	0.1941041	0.4197782
2	9	1.120904	0.1941041	0.4197782
2	10	1.120904	0.1941041	0.4197782
2	11	1.120904	0.1941041	0.4197782
2	12	1.120904	0.1941041	0.4197782
2	13	1.120904	0.1941041	0.4197782
2	14	1.120904	0.1941041	0.4197782
2	15	1.120904	0.1941041	0.4197782
2	16	1.120904	0.1941041	0.4197782
2	17	1.120904	0.1941041	0.4197782
2	18	1.120904	0.1941041	0.4197782
2	19	1.120904	0.1941041	0.4197782
2	20	1.120904	0.1941041	0.4197782
2	21	1.120904	0.1941041	0.4197782
2	22	1.120904	0.1941041	0.4197782
2	23	1.120904	0.1941041	0.4197782
2	24	1.120904	0.1941041	0.4197782
2	25	1.120904	0.1941041	0.4197782
3	1	1.120904	0.1941041	0.4197782
3	2	1.120904	0.1941041	0.4197782
3	3	1.120904	0.1941041	0.4197782
3	4	1.120904	0.1941041	0.4197782
3	5	1.120904	0.1941041	0.4197782
3	6	1.120904	0.1941041	0.4197782
3	7	1.120904	0.1941041	0.4197782
3	8	1.120904	0.1941041	0.4197782
3	9	1.120904	0.1941041	0.4197782
3	10	1.120904	0.1941041	0.4197782
3	11	1.120904	0.1941041	0.4197782
3	12	1.120904	0.1941041	0.4197782
3	13	1.120904	0.1941041	0.4197782
3	14	1.120904	0.1941041	0.4197782
3	15	1.120904	0.1941041	0.4197782
3	16	1.120904	0.1941041	0.4197782
3	17	1.120904	0.1941041	0.4197782
3	18	1.120904	0.1941041	0.4197782
3	19	1.120904	0.1941041	0.4197782
3	20	1.120904	0.1941041	0.4197782
3	21	1.120904	0.1941041	0.4197782
3	22	1.120904	0.1941041	0.4197782
3	23	1.120904	0.1941041	0.4197782
3	24	1.120904	0.1941041	0.4197782
3	25	1.120904	0.1941041	0.4197782
4	1	1.120904	0.1941041	0.4197782
4	2	1.120904	0.1941041	0.4197782
4	3	1.120904	0.1941041	0.4197782
4	4	1.120904	0.1941041	0.4197782
4	5	1.120904	0.1941041	0.4197782
4	6	1.120904	0.1941041	0.4197782
4	7	1.120904	0.1941041	0.4197782
4	8	1.120904	0.1941041	0.4197782
4	9	1.120904	0.1941041	0.4197782
4	10	1.120904	0.1941041	0.4197782
4	11	1.120904	0.1941041	0.4197782
4	12	1.120904	0.1941041	0.4197782
4	13	1.120904	0.1941041	0.4197782
4	14	1.120904	0.1941041	0.4197782
4	15	1.120904	0.1941041	0.4197782
4	16	1.120904	0.1941041	0.4197782
4	17	1.120904	0.1941041	0.4197782
4	18	1.120904	0.1941041	0.4197782
4	19	1.120904	0.1941041	0.4197782
4	20	1.120904	0.1941041	0.4197782
4	21	1.120904	0.1941041	0.4197782
4	22	1.120904	0.1941041	0.4197782
4	23	1.120904	0.1941041	0.4197782
4	24	1.120904	0.1941041	0.4197782
4	25	1.120904	0.1941041	0.4197782
5	1	1.120904	0.1941041	0.4197782
5	2	1.120904	0.1941041	0.4197782
5	3	1.120904	0.1941041	0.4197782
5	4	1.120904	0.1941041	0.4197782
5	5	1.120904	0.1941041	0.4197782
5	6	1.120904	0.1941041	0.4197782
5	7	1.120904	0.1941041	0.4197782
5	8	1.120904	0.1941041	0.4197782
5	9	1.120904	0.1941041	0.4197782
5	10	1.120904	0.1941041	0.4197782
5	11	1.120904	0.1941041	0.4197782
5	12	1.120904	0.1941041	0.4197782
5	13	1.120904	0.1941041	0.4197782
5	14	1.120904	0.1941041	0.4197782
5	15	1.120904	0.1941041	0.4197782
5	16	1.120904	0.1941041	0.4197782
5	17	1.120904	0.1941041	0.4197782
5	18	1.120904	0.1941041	0.4197782
5	19	1.120904	0.1941041	0.4197782
5	20	1.120904	0.1941041	0.4197782
5	21	1.120904	0.1941041	0.4197782
5	22	1.120904	0.1941041	0.4197782
5	23	1.120904	0.1941041	0.4197782
5	24	1.120904	0.1941041	0.4197782
5	25	1.120904	0.1941041	0.4197782
6	1	1.120904	0.1941041	0.4197782
6	2	1.120904	0.1941041	0.4197782
6	3	1.120904	0.1941041	0.4197782
6	4	1.120904	0.1941041	0.4197782
6	5	1.120904	0.1941041	0.4197782
6	6	1.120904	0.1941041	0.4197782
6	7	1.120904	0.1941041	0.4197782
6	8	1.120904	0.1941041	0.4197782
6	9	1.120904	0.1941041	0.4197782
6	10	1.120904	0.1941041	0.4197782
6	11	1.120904	0.1941041	0.4197782
6	12	1.120904	0.1941041	0.4197782
6	13	1.120904	0.1941041	0.4197782
6	14	1.120904	0.1941041	0.4197782
6	15	1.120904	0.1941041	0.4197782
6	16	1.120904	0.1941041	0.4197782
6	17	1.120904	0.1941041	0.4197782
6	18	1.120904	0.1941041	0.4197782
6	19	1.120904	0.1941041	0.4197782
6	20	1.120904	0.1941041	0.4197782
6	21	1.120904	0.1941041	0.4197782
6	22	1.120904	0.1941041	0.4197782
6	23	1.120904	0.1941041	0.4197782
6	24	1.120904	0.1941041	0.4197782
6	25	1.120904	0.1941041	0.4197782
7	1	1.120904	0.1941041	0.4197782
7	2	1.120904	0.1941041	0.4197782
7	3	1.120904	0.1941041	0.4197782
7	4	1.120904	0.1941041	0.4197782
7	5	1.120904	0.1941041	0.4197782
7	6	1.120904	0.1941041	0.4197782
7	7	1.120904	0.1941041	0.4197782
7	8	1.120904	0.1941041	0.4197782
7	9	1.120904	0.1941041	0.4197782
7	10	1.120904	0.1941041	0.4197782
7	11	1.120904	0.1941041	0.4197782
7	12	1.120904	0.1941041	0.4197782
7	13	1.120904	0.1941041	0.4197782
7	14	1.120904	0.1941041	0.4197782
7	15	1.120904	0.1941041	0.4197782
7	16	1.120904	0.1941041	0.4197782
7	17	1.120904	0.1941041	0.4197782
7	18	1.120904	0.1941041	0.4197782
7	19	1.120904	0.1941041	0.4197782
7	20	1.120904	0.1941041	0.4197782
7	21	1.120904	0.1941041	0.4197782
7	22	1.120904	0.1941041	0.4197782
7	23	1.120904	0.1941041	0.4197782
7	24	1.120904	0.1941041	0.4197782
7	25	1.120904	0.1941041	0.4197782
8	1	1.120904	0.1941041	0.4197782
8	2	1.120904	0.1941041	0.4197782
8	3	1.120904	0.1941041	0.4197782
8	4	1.120904	0.1941041	0.4197782
8	5	1.120904	0.1941041	0.4197782
8	6	1.120904	0.1941041	0.4197782
8	7	1.120904	0.1941041	0.4197782
8	8	1.120904	0.1941041	0.4197782
8	9	1.120904	0.1941041	0.4197782
8	10	1.120904	0.1941041	0.4197782
8	11	1.120904	0.1941041	0.4197782
8	12	1.120904	0.1941041	0.4197782
8	13	1.120904	0.1941041	0.4197782
8	14	1.120904	0.1941041	0.4197782
8	15	1.120904	0.1941041	0.4197782
8	16	1.120904	0.1941041	0.4197782
8	17	1.120904	0.1941041	0.4197782
8	18	1.120904	0.1941041	0.4197782
8	19	1.120904	0.1941041	0.4197782
8	20	1.120904	0.1941041	0.4197782
8	21	1.120904	0.1941041	0.4197782
8	22	1.120904	0.1941041	0.4197782
8	23	1.120904	0.1941041	0.4197782
8	24	1.120904	0.1941041	0.4197782
8	25	1.120904	0.1941041	0.4197782
9	1	1.120904	0.1941041	0.4197782
9	2	1.120904	0.1941041	0.4197782
9	3	1.120904	0.1941041	0.4197782
9	4	1.120904	0.1941041	0.4197782
9	5	1.120904	0.1941041	0.4197782
9	6	1.120904	0.1941041	0.4197782
9	7	1.120904	0.1941041	0.4197782
9	8	1.120904	0.1941041	0.4197782
9	9	1.120904	0.1941041	0.4197782
9	10	1.120904	0.1941041	0.4197782
9	11	1.120904	0.1941041	0.4197782
9	12	1.120904	0.1941041	0.4197782
9	13	1.120904	0.1941041	0.4197782
9	14	1.120904	0.1941041	0.4197782
9	15	1.120904	0.1941041	0.4197782
9	16	1.120904	0.1941041	0.4197782
9	17	1.120904	0.1941041	0.4197782
9	18	1.120904	0.1941041	0.4197782
9	19	1.120904	0.1941041	0.4197782
9	20	1.120904	0.1941041	0.4197782
9	21	1.120904	0.1941041	0.4197782
9	22	1.120904	0.1941041	0.4197782
9	23	1.120904	0.1941041	0.4197782
9	24	1.120904	0.1941041	0.4197782
9	25	1.120904	0.1941041	0.4197782
10	1	1.120904	0.1941041	0.4197782
10	2	1.120904	0.1941041	0.4197782
10	3	1.120904	0.1941041	0.4197782
10	4	1.120904	0.1941041	0.4197782
10	5	1.120904	0.1941041	0.4197782
10	6	1.120904	0.1941041	0.4197782
10	7	1.120904	0.1941041	0.4197782
10	8	1.120904	0.1941041	0.4197782
10	9	1.120904	0.1941041	0.4197782
10	10	1.120904	0.1941041	0.4197782
10	11	1.120904	0.1941041	0.4197782
10	12	1.120904	0.1941041	0.4197782
10	13	1.120904	0.1941041	0.4197782
10	14	1.120904	0.1941041	0.4197782
10	15	1.120904	0.1941041	0.4197782
10	16	1.120904	0.1941041	0.4197782
10	17	1.120904	0.1941041	0.4197782
10	18	1.120904	0.1941041	0.4197782
10	19	1.120904	0.1941041	0.4197782
10	20	1.120904	0.1941041	0.4197782
10	21	1.120904	0.1941041	0.4197782
10	22	1.120904	0.1941041	0.4197782
10	23	1.120904	0.1941041	0.4197782
10	24	1.120904	0.1941041	0.4197782
10	25	1.120904	0.1941041	0.4197782
11	1	1.120904	0.1941041	0.4197782
11	2	1.120904	0.1941041	0.4197782
11	3	1.120904	0.1941041	0.4197782
11	4	1.120904	0.1941041	0.4197782
11	5	1.120904	0.1941041	0.4197782
11	6	1.120904	0.1941041	0.4197782
11	7	1.120904	0.1941041	0.4197782
11	8	1.120904	0.1941041	0.4197782
11	9	1.120904	0.1941041	0.4197782
11	10	1.120904	0.1941041	0.4197782
11	11	1.120904	0.1941041	0.4197782
11	12	1.120904	0.1941041	0.4197782
11	13	1.120904	0.1941041	0.4197782
11	14	1.120904	0.1941041	0.4197782
11	15	1.120904	0.1941041	0.4197782
11	16	1.120904	0.1941041	0.4197782
11	17	1.120904	0.1941041	0.4197782
11	18	1.120904	0.1941041	0.4197782
11	19	1.120904	0.1941041	0.4197782
11	20	1.120904	0.1941041	0.4197782
11	21	1.120904	0.1941041	0.4197782
11	22	1.120904	0.1941041	0.4197782
11	23	1.120904	0.1941041	0.4197782
11	24	1.120904	0.1941041	0.4197782
11	25	1.120904	0.1941041	0.4197782
12	1	1.120904	0.1941041	0.4197782
12	2	1.120904	0.1941041	0.4197782
12	3	1.120904	0.1941041	0.4197782
12	4	1.120904	0.1941041	0.4197782
12	5	1.120904	0.1941041	0.4197782
12	6	1.120904	0.1941041	0.4197782
12	7	1.120904	0.1941041	0.4197782
12	8	1.120904	0.1941041	0.4197782
12	9	1.120904	0.1941041	0.4197782
12	10	1.120904	0.1941041	0.4197782
12	11	1.120904	0.1941041	0.4197782
12	12	1.120904	0.1941041	0.4197782
12	13	1.120904	0.1941041	0.4197782
12	14	1.120904	0.1941041	0.4197782
12	15	1.120904	0.1941041	0.4197782
12	16	1.120904	0.1941041	0.4197782
12	17	1.120904	0.1941041	0.4197782
12	18	1.120904	0.1941041	0.4197782
12	19	1.120904	0.1941041	0.4197782
12	20	1.120904	0.1941041	0.4197782
12	21	1.120904	0.1941041	0.4197782
12	22	1.120904	0.1941041	0.4197782
12	23	1.120904	0.1941041	0.4197782
12	24	1.120904	0.1941041	0.4197782
12	25	1.120904	0.1941041	0.4197782
13	1	1.120904	0.1941041	0.4197782
13	2	1.120904	0.1941041	0.4197782
13	4	1.120904	0.1941041	0.4197782
13	5	1.120904	0.1941041	0.4197782
13	6	1.120904	0.1941041	0.4197782
13	7	1.120904	0.1941041	0.4197782
13	8	1.120904	0.1941041	0.4197782
13	9	1.120904	0.1941041	0.4197782
13	10	1.120904	0.1941041	0.4197782
13	11	1.120904	0.1941041	0.4197782
13	12	1.120904	0.1941041	0.4197782
13	13	1.120904	0.1941041	0.4197782
13	14	1.120904	0.1941041	0.4197782
13	15	1.120904	0.1941041	0.4197782
13	16	1.120904	0.1941041	0.4197782
13	17	1.120904	0.1941041	0.4197782
13	18	1.120904	0.1941041	0.4197782
13	19	1.120904	0.1941041	0.4197782
13	20	1.120904	0.1941041	0.4197782
13	21	1.120904	0.1941041	0.4197782
13	22	1.120904	0.1941041	0.4197782
13	23	1.120904	0.1941041	0.4197782
13	24	1.120904	0.1941041	0.4197782
13	25	1.120904	0.1941041	0.4197782
14	1	1.163154	0.1891622	0.3442453
14	2	1.163154	0.1891622	0.3442453
14	4	1.163154	0.1891622	0.3442453
14	5	1.163154	0.1891622	0.3442453
14	6	1.163154	0.1891622	0.3442453
14	7	1.163154	0.1891622	0.3442453
14	8	1.163154	0.1891622	0.3442453
14	9	-0.3454005	0.5492243	1.221693
14	10	1.163154	0.1891622	0.3442453
14	11	1.163154	0.1891622	0.3442453
14	12	-0.1000772	0.5810015	0.1838625
14	13	1.163154	0.1891622	0.3442453
14	14	1.163154	0.1891622	0.3442453
14	15	1.163154	0.1891622	0.3442453
14	16	1.163154	0.1891622	0.3442453
14	17	1.163154	0.1891622	0.3442453
14	18	1.163154	0.1891622	0.3442453
14	19	1.163154	0.1891622	0.3442453
14	20	1.163154	0.1891622	0.3442453
14	21	1.163154	0.1891622	0.3442453
14	22	1.176705	0.1879603	0.3162241
14	23	1.163154	0.1891622	0.3442453
14	24	1.163154	0.1891622	0.3442453
14	25	1.163154	0.1891622	0.3442453
15	1	1.066576	0.1996975	0.5244494
15	2	1.066576	0.1996974	0.5244494
15	4	1.066576	0.1996975	0.5244494
15	5	1.066576	0.1996974	0.5244494
15	6	1.066576	0.1996974	0.5244494
15	7	1.066576	0.1996974	0.5244494
15	8	1.066576	0.1996974	0.5244494
15	9	-0.1335513	0.5802068	0.2903807
15	10	1.066576	0.1996974	0.5244494
15	11	1.066576	0.1996974	0.5244494
15	13	1.066576	0.1996974	0.5244494
15	14	1.066576	0.1996974	0.5244494
15	15	1.066576	0.1996974	0.5244494
15	16	1.066576	0.1996974	0.5244494
15	17	1.066576	0.1996974	0.5244494
15	18	1.066576	0.1996974	0.5244494
15	19	1.066576	0.1996974	0.5244494
15	20	1.066576	0.1996974	0.5244494
15	21	1.066576	0.1996974	0.5244494
15	22	1.072658	0.1977876	0.5254516
15	23	1.066576	0.1996974	0.5244494
15	24	1.066576	0.1996974	0.5244494
15	25	1.066576	0.1996974	0.5244494
19	1	1.101627	0.1928248	0.4892632
19	2	1.101627	0.1928248	0.4892632
19	3	0.02061305	0.5564515	0.0714843
19	4	1.101627	0.1928248	0.4892632
19	5	1.101627	0.1928248	0.4892632
19	6	1.101627	0.1928248	0.4892632
19	7	1.101627	0.1928248	0.4892632
19	8	1.101627	0.1928248	0.4892632
19	9	1.101627	0.1928248	0.4892632
19	10	1.101627	0.1928248	0.4892632
19	11	1.101627	0.1928248	0.4892632
19	12	-0.3864059	0.5966951	0.8721158
19	13	1.101627	0.1928248	0.4892632
19	14	1.101627	0.1928248	0.4892632
19	15	1.101627	0.1928248	0.4892632
19	16	1.101627	0.1928248	0.4892632
19	17	1.101627	0.1928248	0.4892632
19	18	1.101627	0.1928248	0.4892632
19	19	1.101627	0.1928248	0.4892632
19	20	1.101627	0.1928248	0.4892632
19	21	1.101627	0.1928248	0.4892632
19	22	1.175647	0.1871966	0.3269097
19	23	1.101627	0.1928248	0.4892632
19	24	1.101627	0.1928248	0.4892632
19	25	1.101627	0.1928248	0.4892632
20	1	1.101627	0.1928248	0.4892632
20	2	1.101627	0.1928248	0.4892632
20	3	0.02061305	0.5564515	0.0714843
20	4	1.101627	0.1928248	0.4892632
20	5	1.101627	0.1928248	0.4892632
20	6	1.101627	0.1928248	0.4892632
20	7	1.101627	0.1928248	0.4892632
20	8	1.101627	0.1928248	0.4892632
20	9	1.101627	0.1928248	0.4892632
20	10	1.101627	0.1928248	0.4892632
20	11	1.101627	0.1928248	0.4892632
20	12	-0.3864059	0.5966951	0.8721158
20	13	1.101627	0.1928248	0.4892632
20	14	1.101627	0.1928248	0.4892632
20	15	1.101627	0.1928248	0.4892632
20	16	1.101627	0.1928248	0.4892632
20	17	1.101627	0.1928248	0.4892632
20	18	1.101627	0.1928248	0.4892632
20	19	1.101627	0.1928248	0.4892632
20	20	1.101627	0.1928248	0.4892632
20	21	1.101627	0.1928248	0.4892632
20	22	1.175647	0.1871966	0.3269097
20	23	1.101627	0.1928248	0.4892632
20	24	1.101627	0.1928248	0.4892632
20	25	1.101627	0.1928248	0.4892632
21	1	1.101627	0.1928248	0.4892632
21	2	1.101627	0.1928248	0.4892632
21	3	0.02061305	0.5564515	0.0714843
21	4	1.101627	0.1928248	0.4892632
21	5	1.101627	0.1928248	0.4892632
21	6	1.101627	0.1928248	0.4892632
21	7	1.101627	0.1928248	0.4892632
21	8	1.101627	0.1928248	0.4892632
21	9	1.101627	0.1928248	0.4892632
21	10	1.101627	0.1928248	0.4892632
21	11	1.101627	0.1928248	0.4892632
21	12	-0.3864059	0.5966951	0.8721158
21	13	1.101627	0.1928248	0.4892632
21	14	1.101627	0.1928248	0.4892632
21	15	1.101627	0.1928248	0.4892632
21	16	1.101627	0.1928248	0.4892632
21	17	1.101627	0.1928248	0.4892632
21	18	1.101627	0.1928248	0.4892632
21	19	1.101627	0.1928248	0.4892632
21	20	1.101627	0.1928248	0.4892632
21	21	1.101627	0.1928248	0.4892632
21	22	1.175647	0.1871966	0.3269097
21	23	1.101627	0.1928248	0.4892632
21	24	1.101627	0.1928248	0.4892632
21	25	1.101627	0.1928248	0.4892632
22	1	1.101627	0.1928248	0.4892632
22	2	1.101627	0.1928248	0.4892632
22	3	0.02061305	0.5564515	0.0714843
22	4	1.101627	0.1928248	0.4892632
22	5	1.101627	0.1928248	0.4892632
22	6	1.101627	0.1928248	0.4892632
22	7	1.101627	0.1928248	0.4892632
22	8	1.101627	0.1928248	0.4892632
22	9	1.101627	0.1928248	0.4892632
22	10	1.101627	0.1928248	0.4892632
22	11	1.101627	0.1928248	0.4892632
22	12	-0.3864059	0.5966951	0.8721158
22	13	1.101627	0.1928248	0.4892632
22	14	1.101627	0.1928248	0.4892632
22	15	1.101627	0.1928248	0.4892632
22	16	1.101627	0.1928248	0.4892632
22	17	1.101627	0.1928248	0.4892632
22	18	1.101627	0.1928248	0.4892632
22	19	1.101627	0.1928248	0.4892632
22	20	1.101627	0.1928248	0.4892632
22	21	1.101627	0.1928248	0.4892632
22	22	1.175647	0.1871966	0.3269097
22	23	1.101627	0.1928248	0.4892632
22	24	1.101627	0.1928248	0.4892632
22	25	1.101627	0.1928248	0.4892632
23	1	1.101627	0.1928248	0.4892632
23	2	1.101627	0.1928248	0.4892632
23	3	0.02061305	0.5564515	0.0714843
23	4	1.101627	0.1928248	0.4892632
23	5	1.101627	0.1928248	0.4892632
23	6	1.101627	0.1928248	0.4892632
23	7	1.101627	0.1928248	0.4892632
23	8	1.101627	0.1928248	0.4892632
23	9	1.101627	0.1928248	0.4892632
23	10	1.101627	0.1928248	0.4892632
23	11	1.101627	0.1928248	0.4892632
23	12	-0.3864059	0.5966951	0.8721158
23	13	1.101627	0.1928248	0.4892632
23	14	1.101627	0.1928248	0.4892632
23	15	1.101627	0.1928248	0.4892632
23	16	1.101627	0.1928248	0.4892632
23	17	1.101627	0.1928248	0.4892632
23	18	1.101627	0.1928248	0.4892632
23	19	1.101627	0.1928248	0.4892632
23	20	1.101627	0.1928248	0.4892632
23	21	1.101627	0.1928248	0.4892632
23	22	1.175647	0.1871966	0.3269097
23	23	1.101627	0.1928248	0.4892632
23	24	1.101627	0.1928248	0.4892632
23	25	1.101627	0.1928248	0.4892632
24	1	1.101627	0.1928248	0.4892632
24	2	1.101627	0.1928248	0.4892632
24	3	0.02061305	0.5564515	0.0714843
24	4	1.101627	0.1928248	0.4892632
24	5	1.101627	0.1928248	0.4892632
24	6	1.101627	0.1928248	0.4892632
24	7	1.101627	0.1928248	0.4892632
24	8	1.101627	0.1928248	0.4892632
24	9	1.101627	0.1928248	0.4892632
24	10	1.101627	0.1928248	0.4892632
24	11	1.101627	0.1928248	0.4892632
24	12	-0.3864059	0.5966951	0.8721158
24	13	1.101627	0.1928248	0.4892632
24	14	1.101627	0.1928248	0.4892632
24	15	1.101627	0.1928248	0.4892632
24	16	1.101627	0.1928248	0.4892632
24	17	1.101627	0.1928248	0.4892632
24	18	1.101627	0.1928248	0.4892632
24	19	1.101627	0.1928248	0.4892632
24	20	1.101627	0.1928248	0.4892632
24	21	1.101627	0.1928248	0.4892632
24	22	1.175647	0.1871966	0.3269097
24	23	1.101627	0.1928248	0.4892632
24	24	1.101627	0.1928248	0.4892632
24	25	1.101627	0.1928248	0.4892632
25	1	1.101627	0.1928248	0.4892632
25	2	1.101627	0.1928248	0.4892632
25	3	0.02061305	0.5564515	0.0714843
25	4	1.101627	0.1928248	0.4892632
25	5	1.101627	0.1928248	0.4892632
25	6	1.101627	0.1928248	0.4892632
25	7	1.101627	0.1928248	0.4892632
25	8	1.101627	0.1928248	0.4892632
25	9	1.101627	0.1928248	0.4892632
25	10	1.101627	0.1928248	0.4892632
25	11	1.101627	0.1928248	0.4892632
25	12	-0.3864059	0.5966951	0.8721158
25	13	1.101627	0.1928248	0.4892632
25	14	1.101627	0.1928248	0.4892632
25	15	1.101627	0.1928248	0.4892632
25	16	1.101627	0.1928248	0.4892632
25	17	1.101627	0.1928248	0.4892632
25	18	1.101627	0.1928248	0.4892632
25	19	1.101627	0.1928248	0.4892632
25	20	1.101627	0.1928248	0.4892632
25	21	1.101627	0.1928248	0.4892632
25	22	1.175647	0.1871966	0.3269097
25	23	1.101627	0.1928248	0.4892632
25	24	1.101627	0.1928248	0.4892632
25	25	1.101627	0.1928248	0.4892632
26	1	1.101627	0.1928248	0.4892632
26	2	1.101627	0.1928248	0.4892632
26	3	0.02061305	0.5564515	0.0714843
26	4	1.101627	0.1928248	0.4892632
26	5	1.101627	0.1928248	0.4892632
26	6	1.101627	0.1928248	0.4892632
26	7	1.101627	0.1928248	0.4892632
26	8	1.101627	0.1928248	0.4892632
26	9	1.101627	0.1928248	0.4892632
26	10	1.101627	0.1928248	0.4892632
26	11	1.101627	0.1928248	0.4892632
26	12	-0.3864059	0.5966951	0.8721158
26	13	1.101627	0.1928248	0.4892632
26	14	1.101627	0.1928248	0.4892632
26	15	1.101627	0.1928248	0.4892632
26	16	1.101627	0.1928248	0.4892632
26	17	1.101627	0.1928248	0.4892632
26	18	1.101627	0.1928248	0.4892632
26	19	1.101627	0.1928248	0.4892632
26	20	1.101627	0.1928248	0.4892632
26	21	1.101627	0.1928248	0.4892632
26	22	1.175647	0.1871966	0.3269097
26	23	1.101627	0.1928248	0.4892632
26	24	1.101627	0.1928248	0.4892632
26	25	1.101627	0.1928248	0.4892632
27	2	1.217568	0.1750968	0.3232771
27	3	0.0330262	0.5501759	0.09709331
27	4	1.217173	0.1754144	0.3212939
27	5	1.217568	0.1750968	0.3232771
27	6	1.217568	0.1750968	0.3232771
27	7	1.217568	0.1750968	0.3232771
27	8	1.135255	0.215219	0.1682507
27	9	1.181527	0.1951961	0.2303115
27	10	1.217568	0.1750968	0.3232771
27	11	1.181527	0.1951961	0.2303115
27	12	0.1367402	0.5221539	0.06914813
27	13	1.217261	0.1753550	0.321624
27	14	1.217568	0.1750968	0.3232771
27	15	1.217568	0.1750968	0.3232771
27	16	1.217568	0.1750968	0.3232771
27	17	-0.3529744	0.5697796	1.040318
27	18	-0.3688168	0.5738125	1.047040
27	19	-0.3688168	0.5738125	1.047040
27	21	1.217261	0.1753550	0.321624
27	22	0.1455138	0.5203106	0.06155906
27	23	1.202094	0.1758891	0.3610261
27	24	-0.3688168	0.5738125	1.047040
27	25	1.135255	0.215219	0.1682507
28	2	1.221671	0.1760066	0.302169
28	3	0.02219743	0.5526581	0.1044066
28	4	1.221070	0.176366	0.3003813
28	5	1.221671	0.1760066	0.302169
28	6	1.221671	0.1760066	0.302169
28	7	1.221671	0.1760066	0.302169
28	8	1.131366	0.2166412	0.1656158
28	9	1.177987	0.1973525	0.2193746
28	10	1.221671	0.1760066	0.302169
28	11	1.177987	0.1973525	0.2193746
28	12	0.1269049	0.5246534	0.07336165
28	13	1.221192	0.1762994	0.3006807
28	14	1.221671	0.1760066	0.302169
28	15	1.221671	0.1760066	0.302169
28	16	1.221671	0.1760066	0.302169
28	17	-0.3531255	0.5669827	1.068479
28	18	-0.3694191	0.5710738	1.075954
28	19	-0.3694191	0.5710738	1.075954
28	21	1.221192	0.1762994	0.3006807
28	22	0.1351771	0.5229722	0.06564494
28	23	1.210722	0.1760246	0.3342571
28	24	-0.3694191	0.5710738	1.075954
29	2	1.186137	0.1802056	0.365274
29	3	-0.4334989	0.5700356	1.275075
29	4	1.185816	0.1804468	0.3638309
29	5	1.186137	0.1802056	0.365274
29	6	1.186137	0.1802056	0.365274
29	7	1.186137	0.1802056	0.365274
29	8	0.9473693	0.2209263	0.6653649
29	9	1.087475	0.1957845	0.5016361
29	10	1.186137	0.1802056	0.365274
29	11	1.087475	0.1957845	0.5016361
29	12	0.007590112	0.5548561	0.1256708
29	13	1.185919	0.1804009	0.3639813
29	14	1.186137	0.1802056	0.365274
29	15	1.186137	0.1802056	0.365274
29	16	1.186137	0.1802056	0.365274
29	17	-0.1848923	0.5778392	0.4651368
29	20	1.087475	0.1957845	0.5016361
29	21	1.185919	0.1804009	0.3639813
29	22	-0.01047811	0.5593124	0.1347556
29	23	1.159500	0.1822239	0.4237701
30	3	1.269759	0.1495804	0.4223345
30	17	-0.1816599	0.5837126	0.3974096
31	3	1.269759	0.1495804	0.4223345
31	17	-0.1816599	0.5837126	0.3974096
33	1	-0.2920865	0.5857499	0.7026317
33	2	1.084775	0.1884866	0.5819131
33	3	-0.3363149	0.5882276	0.8084135
33	4	1.082568	0.1889471	0.5838522
33	5	1.084775	0.1884866	0.5819131
33	6	1.084775	0.1884866	0.5819131
33	7	1.084775	0.1884866	0.5819131
33	8	0.8750972	0.2318046	0.7705415
33	9	0.9758157	0.2113017	0.6769134
33	10	1.084775	0.1884866	0.5819131
33	11	0.9758157	0.2113017	0.6769134
33	12	-0.3100820	0.5618543	0.9924567
33	13	1.082969	0.1888619	0.5835165
33	14	1.084775	0.1884866	0.5819131
33	15	1.084775	0.1884866	0.5819131
33	16	1.084775	0.1884866	0.5819131
33	17	0.164963	0.5165929	0.04108643
33	18	0.1740317	0.5139901	0.04015425
33	19	0.1740317	0.5139901	0.04015425
33	20	0.9758157	0.2113017	0.6769134
33	21	1.082969	0.1888619	0.5835165
33	22	-0.3216905	0.5614897	1.030278
33	23	1.103193	0.1866597	0.5457427
33	24	0.1740317	0.5139901	0.04015425
33	25	0.8750972	0.2318046	0.7705415
34	1	-0.2920865	0.5857499	0.7026317
34	2	1.084775	0.1884866	0.5819131
34	3	-0.3363149	0.5882276	0.8084135
34	4	1.082568	0.1889471	0.5838522
34	5	1.084775	0.1884866	0.5819131
34	6	1.084775	0.1884866	0.5819131
34	7	1.084775	0.1884866	0.5819131
34	8	0.8750972	0.2318046	0.7705415
34	9	0.9758157	0.2113017	0.6769134
34	10	1.084775	0.1884866	0.5819131
34	11	0.9758157	0.2113017	0.6769134
34	12	-0.3100820	0.5618543	0.9924567
34	13	1.082969	0.1888619	0.5835165
34	14	1.084775	0.1884866	0.5819131
34	15	1.084775	0.1884866	0.5819131
34	16	1.084775	0.1884866	0.5819131
34	17	0.164963	0.5165929	0.04108643
34	18	0.1740317	0.5139901	0.04015425
34	19	0.1740317	0.5139901	0.04015425
34	20	0.9758157	0.2113017	0.6769134
34	21	1.082969	0.1888619	0.5835165
34	22	-0.3216905	0.5614897	1.030278
34	23	1.103193	0.1866597	0.5457427
34	24	0.1740317	0.5139901	0.04015425
34	25	0.8750972	0.2318046	0.7705415
35	1	-0.2920865	0.5857499	0.7026317
35	2	1.084775	0.1884866	0.5819131
35	3	-0.3363149	0.5882276	0.8084135
35	4	1.082568	0.1889471	0.5838522
35	5	1.084775	0.1884866	0.5819131
35	6	1.084775	0.1884866	0.5819131
35	7	1.084775	0.1884866	0.5819131
35	8	0.8750972	0.2318046	0.7705415
35	9	0.9758157	0.2113017	0.6769134
35	10	1.084775	0.1884866	0.5819131
35	11	0.9758157	0.2113017	0.6769134
35	12	-0.3100820	0.5618543	0.9924567
35	13	1.082969	0.1888619	0.5835165
35	14	1.084775	0.1884866	0.5819131
35	15	1.084775	0.1884866	0.5819131
35	16	1.084775	0.1884866	0.5819131
35	17	0.164963	0.5165929	0.04108643
35	18	0.1740317	0.5139901	0.04015425
35	19	0.1740317	0.5139901	0.04015425
35	20	0.9758157	0.2113017	0.6769134
35	21	1.082969	0.1888619	0.5835165
35	22	-0.3216905	0.5614897	1.030278
35	23	1.103193	0.1866597	0.5457427
35	24	0.1740317	0.5139901	0.04015425
35	25	0.8750972	0.2318046	0.7705415
36	1	-0.06451311	0.5682127	0.2057914
36	2	0.9532282	0.2133918	0.7227637
36	3	-0.1391086	0.5817102	0.2918589
36	5	0.9532282	0.2133918	0.7227637
36	6	0.9532282	0.2133918	0.7227637
36	7	0.9532282	0.2133918	0.7227637
36	8	1.058028	0.1994761	0.5518326
36	9	1.054132	0.1986402	0.571597
36	10	0.9532282	0.2133918	0.7227637
36	11	1.054132	0.1986402	0.571597
36	12	-0.3023832	0.5800418	0.7895392
36	13	0.9522019	0.2136456	0.7232731
36	14	0.9532282	0.2133918	0.7227637
36	15	0.9532282	0.2133918	0.7227637
36	16	0.9532282	0.2133918	0.7227637
36	18	0.3751466	0.4576629	0.005673567
36	20	1.054132	0.1986402	0.571597
36	21	0.9522019	0.2136456	0.7232731
36	22	-0.3174696	0.5815911	0.8186436
36	23	0.9915885	0.2070457	0.6726081
36	24	0.3751466	0.4576629	0.005673567
36	25	1.058028	0.1994761	0.5518326
37	1	-0.06183179	0.5677759	0.2022180
37	2	0.957744	0.2125984	0.7173179
37	3	-0.1361732	0.5813252	0.2870238
37	4	0.957744	0.2125984	0.7173179
37	5	0.957744	0.2125984	0.7173179
37	6	0.957744	0.2125984	0.7173179
37	7	0.957744	0.2125984	0.7173179
37	8	1.053197	0.2007080	0.5538606
37	9	1.032932	0.2028784	0.5920707
37	10	0.957744	0.2125984	0.7173179
37	12	-0.3004117	0.5806884	0.7773226
37	13	0.9564532	0.2129059	0.7180746
37	14	0.957744	0.2125984	0.7173179
37	15	0.957744	0.2125984	0.7173179
37	16	0.957744	0.2125984	0.7173179
37	18	0.3753568	0.4576233	0.005446432
37	20	1.032932	0.2028784	0.5920707
37	21	0.9564532	0.2129059	0.7180746
37	22	-0.3156959	0.582223	0.8071556
37	23	1.007416	0.2040146	0.6560034
37	24	0.3753568	0.4576233	0.005446432
37	25	1.053197	0.2007080	0.5538606
38	1	0.05498062	0.5421272	0.1121556
38	2	0.7834358	0.2460202	0.899785
38	3	-0.2771953	0.5909834	0.6068881
38	4	0.7834358	0.2460202	0.899785
38	5	0.7834358	0.2460202	0.899785
38	6	0.7834358	0.2460202	0.899785
38	7	0.7834358	0.2460202	0.899785
38	8	0.6778623	0.2722054	0.9514117
38	9	0.899981	0.2254537	0.760147
38	10	0.7834358	0.2460202	0.899785
38	11	0.3252297	0.4680670	0.04967264
38	12	-0.2674478	0.5873362	0.6143062
38	13	0.7815699	0.2464623	0.900902
38	14	0.7834358	0.2460202	0.899785
38	15	0.7834358	0.2460202	0.899785
38	16	0.7834358	0.2460202	0.899785
38	18	0.3616014	0.462165	0.0009757736
38	19	0.3614969	0.4621932	0.001004576
38	20	0.8744808	0.3045521	0.05146413
38	21	0.7815699	0.2464623	0.900902
38	22	-0.2971796	0.5861554	0.713622
38	23	0.7973828	0.2435325	0.8833369
38	24	0.3616014	0.462165	0.0009757736
38	25	0.6778623	0.2722054	0.9514117
39	1	0.01345775	0.551406	0.1425683
39	2	0.8019873	0.2422078	0.8828955
39	3	-0.2972368	0.590196	0.6737509
39	4	0.8019873	0.2422078	0.8828955
39	5	0.8019873	0.2422078	0.8828955
39	6	0.8019873	0.2422078	0.8828955
39	7	0.8019873	0.2422078	0.8828955
39	8	0.7114827	0.2648051	0.9256707
39	9	1.087223	0.1908142	0.5516323
39	10	0.8019873	0.2422078	0.8828955
39	11	0.8737639	0.3051716	0.04743759
39	12	-0.2872074	0.5864629	0.6811882
39	13	0.7986609	0.2430532	0.8843199
39	14	0.8019873	0.2422078	0.8828955
39	15	0.8019873	0.2422078	0.8828955
39	16	0.8019873	0.2422078	0.8828955
39	18	0.2973411	0.4805564	0.008091943
39	19	0.302115	0.4792147	0.007319475
39	20	0.8737639	0.3051716	0.04743759
39	21	0.7986609	0.2430532	0.8843199
39	22	-0.3158600	0.5841889	0.7881582
39	23	0.7356145	0.2566743	0.9351302
39	24	0.2973411	0.4805564	0.008091943
39	25	0.7114827	0.2648051	0.9256707
40	1	0.04048596	0.5488123	0.08862262
40	18	1.245514	0.1653848	0.3371656
40	19	1.245379	0.1654230	0.3371844
40	24	1.245514	0.1653848	0.3371656
40	25	-0.379936	0.55803	1.236204
41	1	-0.3601364	0.590557	0.855529
41	11	0.4413188	0.4376143	0.009345777
41	18	0.6489419	0.2677444	1.080843
41	19	0.623231	0.2730054	1.104475
41	20	0.4413188	0.4376143	0.009345777
41	24	0.6489419	0.2677444	1.080843
41	25	0.4189226	0.4441482	0.01059622
42	1	1.261107	0.1521683	0.4221859
42	19	-0.177645	0.5825117	0.3974785
43	1	1.122846	0.1927811	0.4271671
43	3	-0.1777577	0.5828179	0.3947761
43	4	1.122846	0.1927811	0.4271671
43	5	1.122846	0.1927811	0.4271671
43	6	1.122846	0.1927811	0.4271671
43	7	1.122846	0.1927811	0.4271671
43	8	1.122846	0.1927811	0.4271671
43	9	1.122846	0.1927811	0.4271671
43	10	1.122846	0.1927811	0.4271671
43	11	1.122846	0.1927811	0.4271671
43	12	0.52423	0.3080789	1.048655
43	14	1.122846	0.1927811	0.4271671
43	15	1.122846	0.1927811	0.4271671
43	16	1.122846	0.1927811	0.4271671
43	17	1.143922	0.2109032	0.1854756
43	18	1.122846	0.1927811	0.4271671
43	19	1.157182	0.2030624	0.2240995
43	20	1.122846	0.1927811	0.4271671
43	22	1.122846	0.1927811	0.4271671
43	23	1.122846	0.1927811	0.4271671
43	24	1.122846	0.1927811	0.4271671
43	25	1.122846	0.1927811	0.4271671
