1	1	-0.1204491	0.5654039	0.3984608
1	2	-0.1204490	0.5654039	0.3984607
1	3	-0.1204491	0.5654039	0.3984608
1	4	-0.1204491	0.5654039	0.3984608
1	5	-0.1204491	0.5654039	0.3984608
1	6	-0.1204491	0.5654039	0.3984608
1	7	-0.1204491	0.5654039	0.3984608
1	8	-0.1204491	0.5654039	0.3984608
1	9	1.408068	0.1082110	0.4247095
1	10	-0.1204491	0.5654039	0.3984608
1	11	-0.1204491	0.5654039	0.3984608
1	12	-0.1204491	0.5654039	0.3984608
1	13	-0.1204491	0.5654039	0.3984608
2	1	1.120904	0.1941041	0.4197782
2	2	1.120904	0.1941041	0.4197782
2	3	1.120904	0.1941041	0.4197782
2	4	1.120904	0.1941041	0.4197782
2	5	1.120904	0.1941041	0.4197782
2	6	1.120904	0.1941041	0.4197782
2	7	1.120904	0.1941041	0.4197782
2	8	1.120904	0.1941041	0.4197782
2	10	1.120904	0.1941041	0.4197782
2	11	1.120904	0.1941041	0.4197782
2	12	1.120904	0.1941041	0.4197782
2	13	1.120904	0.1941041	0.4197782
3	1	1.120904	0.1941041	0.4197782
3	2	1.120904	0.1941041	0.4197782
3	3	1.120904	0.1941041	0.4197782
3	4	1.120904	0.1941041	0.4197782
3	5	1.120904	0.1941041	0.4197782
3	6	1.120904	0.1941041	0.4197782
3	7	1.120904	0.1941041	0.4197782
3	8	1.120904	0.1941041	0.4197782
3	10	1.120904	0.1941041	0.4197782
3	11	1.120904	0.1941041	0.4197782
3	12	1.120904	0.1941041	0.4197782
3	13	1.120904	0.1941041	0.4197782
4	1	1.120904	0.1941041	0.4197782
4	2	1.120904	0.1941041	0.4197782
4	3	1.120904	0.1941041	0.4197782
4	4	1.120904	0.1941041	0.4197782
4	5	1.120904	0.1941041	0.4197782
4	6	1.120904	0.1941041	0.4197782
4	7	1.120904	0.1941041	0.4197782
4	8	1.120904	0.1941041	0.4197782
4	10	1.120904	0.1941041	0.4197782
4	11	1.120904	0.1941041	0.4197782
4	12	1.120904	0.1941041	0.4197782
4	13	1.120904	0.1941041	0.4197782
5	1	1.120904	0.1941041	0.4197782
5	2	1.120904	0.1941041	0.4197782
5	3	1.120904	0.1941041	0.4197782
5	4	1.120904	0.1941041	0.4197782
5	5	1.120904	0.1941041	0.4197782
5	6	1.120904	0.1941041	0.4197782
5	7	1.120904	0.1941041	0.4197782
5	8	1.120904	0.1941041	0.4197782
5	10	1.120904	0.1941041	0.4197782
5	11	1.120904	0.1941041	0.4197782
5	12	1.120904	0.1941041	0.4197782
5	13	1.120904	0.1941041	0.4197782
6	1	1.120904	0.1941041	0.4197782
6	2	1.120904	0.1941041	0.4197782
6	3	1.120904	0.1941041	0.4197782
6	4	1.120904	0.1941041	0.4197782
6	5	1.120904	0.1941041	0.4197782
6	6	1.120904	0.1941041	0.4197782
6	7	1.120904	0.1941041	0.4197782
6	8	1.120904	0.1941041	0.4197782
6	10	1.120904	0.1941041	0.4197782
6	11	1.120904	0.1941041	0.4197782
6	12	1.120904	0.1941041	0.4197782
6	13	1.120904	0.1941041	0.4197782
7	1	-0.1201549	0.5653159	0.3984659
7	2	-0.1201549	0.5653159	0.3984658
7	3	-0.1201549	0.5653159	0.3984659
7	4	-0.1201549	0.5653159	0.3984659
7	5	-0.1201549	0.5653159	0.3984659
7	6	-0.1201549	0.5653159	0.3984659
7	7	-0.1201549	0.5653159	0.3984659
7	8	-0.1201549	0.5653159	0.3984659
7	10	-0.1201549	0.5653159	0.3984659
7	11	-0.1201549	0.5653159	0.3984659
7	12	1.376312	0.1177094	0.4241642
7	13	-0.1201549	0.5653159	0.3984658
8	1	-0.1201549	0.5653159	0.3984659
8	2	-0.1201549	0.5653159	0.3984658
8	3	-0.1201549	0.5653159	0.3984659
8	4	-0.1201549	0.5653159	0.3984659
8	5	-0.1201549	0.5653159	0.3984659
8	6	-0.1201549	0.5653159	0.3984659
8	7	-0.1201549	0.5653159	0.3984659
8	8	-0.1201549	0.5653159	0.3984659
8	10	-0.1201549	0.5653159	0.3984659
8	11	-0.1201549	0.5653159	0.3984659
8	12	1.376312	0.1177094	0.4241642
8	13	-0.1201549	0.5653159	0.3984658
9	1	1.120904	0.1941041	0.4197782
9	2	1.120904	0.1941041	0.4197782
9	3	1.120904	0.1941041	0.4197782
9	4	1.120904	0.1941041	0.4197782
9	5	1.120904	0.1941041	0.4197782
9	6	1.120904	0.1941041	0.4197782
9	7	1.120904	0.1941041	0.4197782
9	8	1.120904	0.1941041	0.4197782
9	10	1.120904	0.1941041	0.4197782
9	11	1.120904	0.1941041	0.4197782
9	13	1.120904	0.1941041	0.4197782
10	1	1.120904	0.1941041	0.4197782
10	2	1.120904	0.1941041	0.4197782
10	3	1.120904	0.1941041	0.4197782
10	4	1.120904	0.1941041	0.4197782
10	5	1.120904	0.1941041	0.4197782
10	6	1.120904	0.1941041	0.4197782
10	7	1.120904	0.1941041	0.4197782
10	8	1.120904	0.1941041	0.4197782
10	10	1.120904	0.1941041	0.4197782
10	11	1.120904	0.1941041	0.4197782
10	12	1.120904	0.1941041	0.4197782
10	13	1.120904	0.1941041	0.4197782
11	1	1.120904	0.1941041	0.4197782
11	2	1.120904	0.1941041	0.4197782
11	3	1.120904	0.1941041	0.4197782
11	4	1.120904	0.1941041	0.4197782
11	5	1.120904	0.1941041	0.4197782
11	6	1.120904	0.1941041	0.4197782
11	7	1.120904	0.1941041	0.4197782
11	8	1.120904	0.1941041	0.4197782
11	10	1.120904	0.1941041	0.4197782
11	11	1.120904	0.1941041	0.4197782
11	12	1.120904	0.1941041	0.4197782
11	13	1.120904	0.1941041	0.4197782
12	1	1.120904	0.1941041	0.4197782
12	2	1.120904	0.1941041	0.4197782
12	3	1.120904	0.1941041	0.4197782
12	4	1.120904	0.1941041	0.4197782
12	5	1.120904	0.1941041	0.4197782
12	6	1.120904	0.1941041	0.4197782
12	7	1.120904	0.1941041	0.4197782
12	8	1.120904	0.1941041	0.4197782
12	10	1.120904	0.1941041	0.4197782
12	11	1.120904	0.1941041	0.4197782
12	12	1.120904	0.1941041	0.4197782
12	13	1.120904	0.1941041	0.4197782
13	1	1.120904	0.1941041	0.4197782
13	2	1.120904	0.1941041	0.4197782
13	3	1.120904	0.1941041	0.4197782
13	4	1.120904	0.1941041	0.4197782
13	5	1.120904	0.1941041	0.4197782
13	6	1.120904	0.1941041	0.4197782
13	7	1.120904	0.1941041	0.4197782
13	8	1.120904	0.1941041	0.4197782
13	10	1.120904	0.1941041	0.4197782
13	11	1.120904	0.1941041	0.4197782
13	12	1.120904	0.1941041	0.4197782
13	13	1.120904	0.1941041	0.4197782
14	1	1.120904	0.1941041	0.4197782
14	2	1.120904	0.1941041	0.4197782
14	3	1.120904	0.1941041	0.4197782
14	4	1.120904	0.1941041	0.4197782
14	5	1.120904	0.1941041	0.4197782
14	6	1.120904	0.1941041	0.4197782
14	7	1.120904	0.1941041	0.4197782
14	8	1.120904	0.1941041	0.4197782
14	10	1.120904	0.1941041	0.4197782
14	11	1.120904	0.1941041	0.4197782
14	12	1.120904	0.1941041	0.4197782
14	13	1.120904	0.1941041	0.4197782
15	1	1.120904	0.1941041	0.4197782
15	2	1.120904	0.1941041	0.4197782
15	3	1.120904	0.1941041	0.4197782
15	4	1.120904	0.1941041	0.4197782
15	5	1.120904	0.1941041	0.4197782
15	6	1.120904	0.1941041	0.4197782
15	7	1.120904	0.1941041	0.4197782
15	8	1.120904	0.1941041	0.4197782
15	10	1.120904	0.1941041	0.4197782
15	11	1.120904	0.1941041	0.4197782
15	12	1.120904	0.1941041	0.4197782
15	13	1.120904	0.1941041	0.4197782
16	1	1.120904	0.1941041	0.4197782
16	2	1.120904	0.1941041	0.4197782
16	3	1.120904	0.1941041	0.4197782
16	4	1.120904	0.1941041	0.4197782
16	5	1.120904	0.1941041	0.4197782
16	6	1.120904	0.1941041	0.4197782
16	7	1.120904	0.1941041	0.4197782
16	8	1.120904	0.1941041	0.4197782
16	10	1.120904	0.1941041	0.4197782
16	11	1.120904	0.1941041	0.4197782
16	12	1.120904	0.1941041	0.4197782
16	13	1.120904	0.1941041	0.4197782
17	1	1.120904	0.1941041	0.4197782
17	2	1.120904	0.1941041	0.4197782
17	3	1.120904	0.1941041	0.4197782
17	4	1.120904	0.1941041	0.4197782
17	5	1.120904	0.1941041	0.4197782
17	6	1.120904	0.1941041	0.4197782
17	7	1.120904	0.1941041	0.4197782
17	8	1.120904	0.1941041	0.4197782
17	10	1.120904	0.1941041	0.4197782
17	11	1.120904	0.1941041	0.4197782
17	12	1.120904	0.1941041	0.4197782
17	13	1.120904	0.1941041	0.4197782
18	1	1.120904	0.1941041	0.4197782
18	2	1.120904	0.1941041	0.4197782
18	3	1.120904	0.1941041	0.4197782
18	4	1.120904	0.1941041	0.4197782
18	5	1.120904	0.1941041	0.4197782
18	6	1.120904	0.1941041	0.4197782
18	7	1.120904	0.1941041	0.4197782
18	8	1.120904	0.1941041	0.4197782
18	10	1.120904	0.1941041	0.4197782
18	11	1.120904	0.1941041	0.4197782
18	12	1.120904	0.1941041	0.4197782
18	13	1.120904	0.1941041	0.4197782
19	1	1.120904	0.1941041	0.4197782
19	2	1.120904	0.1941041	0.4197782
19	3	1.120904	0.1941041	0.4197782
19	4	1.120904	0.1941041	0.4197782
19	5	1.120904	0.1941041	0.4197782
19	6	1.120904	0.1941041	0.4197782
19	7	1.120904	0.1941041	0.4197782
19	8	1.120904	0.1941041	0.4197782
19	10	1.120904	0.1941041	0.4197782
19	11	1.120904	0.1941041	0.4197782
19	12	1.120904	0.1941041	0.4197782
19	13	1.120904	0.1941041	0.4197782
20	1	1.120904	0.1941041	0.4197782
20	2	1.120904	0.1941041	0.4197782
20	3	1.120904	0.1941041	0.4197782
20	4	1.120904	0.1941041	0.4197782
20	5	1.120904	0.1941041	0.4197782
20	6	1.120904	0.1941041	0.4197782
20	7	1.120904	0.1941041	0.4197782
20	8	1.120904	0.1941041	0.4197782
20	10	1.120904	0.1941041	0.4197782
20	11	1.120904	0.1941041	0.4197782
20	12	1.120904	0.1941041	0.4197782
20	13	1.120904	0.1941041	0.4197782
21	1	1.120904	0.1941041	0.4197782
21	2	1.120904	0.1941041	0.4197782
21	3	1.120904	0.1941041	0.4197782
21	4	1.120904	0.1941041	0.4197782
21	5	1.120904	0.1941041	0.4197782
21	6	1.120904	0.1941041	0.4197782
21	7	1.120904	0.1941041	0.4197782
21	8	1.120904	0.1941041	0.4197782
21	10	1.120904	0.1941041	0.4197782
21	11	1.120904	0.1941041	0.4197782
21	12	1.120904	0.1941041	0.4197782
21	13	1.120904	0.1941041	0.4197782
22	1	1.120904	0.1941041	0.4197782
22	2	1.120904	0.1941041	0.4197782
22	3	1.120904	0.1941041	0.4197782
22	4	1.120904	0.1941041	0.4197782
22	5	1.120904	0.1941041	0.4197782
22	6	1.120904	0.1941041	0.4197782
22	7	1.120904	0.1941041	0.4197782
22	8	1.120904	0.1941041	0.4197782
22	10	1.120904	0.1941041	0.4197782
22	11	1.120904	0.1941041	0.4197782
22	12	1.120904	0.1941041	0.4197782
22	13	1.120904	0.1941041	0.4197782
23	1	1.120904	0.1941041	0.4197782
23	2	1.120904	0.1941041	0.4197782
23	3	1.120904	0.1941041	0.4197782
23	4	1.120904	0.1941041	0.4197782
23	5	1.120904	0.1941041	0.4197782
23	6	1.120904	0.1941041	0.4197782
23	7	1.120904	0.1941041	0.4197782
23	8	1.120904	0.1941041	0.4197782
23	10	1.120904	0.1941041	0.4197782
23	11	1.120904	0.1941041	0.4197782
23	12	1.120904	0.1941041	0.4197782
23	13	1.120904	0.1941041	0.4197782
24	1	1.120904	0.1941041	0.4197782
24	2	1.120904	0.1941041	0.4197782
24	3	1.120904	0.1941041	0.4197782
24	4	1.120904	0.1941041	0.4197782
24	5	1.120904	0.1941041	0.4197782
24	6	1.120904	0.1941041	0.4197782
24	7	1.120904	0.1941041	0.4197782
24	8	1.120904	0.1941041	0.4197782
24	10	1.120904	0.1941041	0.4197782
24	11	1.120904	0.1941041	0.4197782
24	12	1.120904	0.1941041	0.4197782
24	13	1.120904	0.1941041	0.4197782
25	1	1.120904	0.1941041	0.4197782
25	2	1.120904	0.1941041	0.4197782
25	3	1.120904	0.1941041	0.4197782
25	4	1.120904	0.1941041	0.4197782
25	5	1.120904	0.1941041	0.4197782
25	6	1.120904	0.1941041	0.4197782
25	7	1.120904	0.1941041	0.4197782
25	8	1.120904	0.1941041	0.4197782
25	10	1.120904	0.1941041	0.4197782
25	11	1.120904	0.1941041	0.4197782
25	12	1.120904	0.1941041	0.4197782
25	13	1.120904	0.1941041	0.4197782
26	1	1.120904	0.1941041	0.4197782
26	2	1.120904	0.1941041	0.4197782
26	3	1.120904	0.1941041	0.4197782
26	4	1.120904	0.1941041	0.4197782
26	5	1.120904	0.1941041	0.4197782
26	6	1.120904	0.1941041	0.4197782
26	7	1.120904	0.1941041	0.4197782
26	8	1.120904	0.1941041	0.4197782
26	10	1.120904	0.1941041	0.4197782
26	11	1.120904	0.1941041	0.4197782
26	12	1.120904	0.1941041	0.4197782
26	13	1.120904	0.1941041	0.4197782
27	1	1.120904	0.1941041	0.4197782
27	2	1.120904	0.1941041	0.4197782
27	3	1.120904	0.1941041	0.4197782
27	4	1.120904	0.1941041	0.4197782
27	5	1.120904	0.1941041	0.4197782
27	6	1.120904	0.1941041	0.4197782
27	7	1.120904	0.1941041	0.4197782
27	8	1.120904	0.1941041	0.4197782
27	10	1.120904	0.1941041	0.4197782
27	11	1.120904	0.1941041	0.4197782
27	12	1.120904	0.1941041	0.4197782
27	13	1.120904	0.1941041	0.4197782
28	1	1.120904	0.1941041	0.4197782
28	2	1.120904	0.1941041	0.4197782
28	3	1.120904	0.1941041	0.4197782
28	4	1.120904	0.1941041	0.4197782
28	5	1.120904	0.1941041	0.4197782
28	6	1.120904	0.1941041	0.4197782
28	7	1.120904	0.1941041	0.4197782
28	8	1.120904	0.1941041	0.4197782
28	10	1.120904	0.1941041	0.4197782
28	11	1.120904	0.1941041	0.4197782
28	12	1.120904	0.1941041	0.4197782
28	13	1.120904	0.1941041	0.4197782
29	1	1.120904	0.1941041	0.4197782
29	2	1.120904	0.1941041	0.4197782
29	3	1.120904	0.1941041	0.4197782
29	4	1.120904	0.1941041	0.4197782
29	5	1.120904	0.1941041	0.4197782
29	6	1.120904	0.1941041	0.4197782
29	7	1.120904	0.1941041	0.4197782
29	8	1.120904	0.1941041	0.4197782
29	10	1.120904	0.1941041	0.4197782
29	11	1.120904	0.1941041	0.4197782
29	12	1.120904	0.1941041	0.4197782
29	13	1.120904	0.1941041	0.4197782
30	1	1.120904	0.1941041	0.4197782
30	2	1.120904	0.1941041	0.4197782
30	3	1.120904	0.1941041	0.4197782
30	4	1.120904	0.1941041	0.4197782
30	5	1.120904	0.1941041	0.4197782
30	6	1.120904	0.1941041	0.4197782
30	7	1.120904	0.1941041	0.4197782
30	8	1.120904	0.1941041	0.4197782
30	10	1.120904	0.1941041	0.4197782
30	11	1.120904	0.1941041	0.4197782
30	12	1.120904	0.1941041	0.4197782
30	13	1.120904	0.1941041	0.4197782
31	1	-0.1207923	0.5655065	0.3984551
31	2	-0.1207923	0.5655065	0.3984552
31	3	-0.1207923	0.5655065	0.3984551
31	4	-0.1207923	0.5655065	0.3984551
31	5	-0.1207923	0.5655065	0.3984551
31	6	-0.1207923	0.5655065	0.3984551
31	7	-0.1207923	0.5655065	0.3984551
31	8	-0.1207923	0.5655065	0.3984551
31	10	-0.1207923	0.5655065	0.3984551
31	11	-0.1207923	0.5655065	0.3984551
31	12	1.391115	0.1132818	0.4244181
31	13	-0.1207923	0.5655065	0.3984551
32	1	-0.1207923	0.5655065	0.3984551
32	2	-0.1207923	0.5655065	0.3984552
32	3	-0.1207923	0.5655065	0.3984551
32	4	-0.1207923	0.5655065	0.3984551
32	5	-0.1207923	0.5655065	0.3984551
32	6	-0.1207923	0.5655065	0.3984551
32	7	-0.1207923	0.5655065	0.3984551
32	8	-0.1207923	0.5655065	0.3984551
32	10	-0.1207923	0.5655065	0.3984551
32	11	-0.1207923	0.5655065	0.3984551
32	12	1.391115	0.1132818	0.4244181
32	13	-0.1207923	0.5655065	0.3984551
33	1	-0.1207923	0.5655065	0.3984551
33	2	-0.1207923	0.5655065	0.3984552
33	3	-0.1207923	0.5655065	0.3984551
33	4	-0.1207923	0.5655065	0.3984551
33	5	-0.1207923	0.5655065	0.3984551
33	6	-0.1207923	0.5655065	0.3984551
33	7	-0.1207923	0.5655065	0.3984551
33	8	-0.1207923	0.5655065	0.3984551
33	10	-0.1207923	0.5655065	0.3984551
33	11	-0.1207923	0.5655065	0.3984551
33	12	1.391115	0.1132818	0.4244181
33	13	-0.1207923	0.5655065	0.3984551
34	1	-0.1899558	0.5700777	0.5569716
34	2	-0.1899558	0.5700777	0.5569716
34	3	-0.1899558	0.5700777	0.5569716
34	4	-0.1899558	0.5700777	0.5569716
34	5	-0.1899558	0.5700777	0.5569716
34	6	-0.1899558	0.5700777	0.5569716
34	7	-0.1899558	0.5700777	0.5569716
34	8	0.1127348	0.524569	0.1159553
34	10	-0.1899558	0.5700777	0.5569716
34	11	-0.1899558	0.5700777	0.5569716
34	12	1.114464	0.1588951	0.7876607
34	13	1.112672	0.2338851	0.04982527
35	1	-0.1899558	0.5700777	0.5569716
35	2	-0.1899558	0.5700777	0.5569716
35	3	-0.1899558	0.5700777	0.5569716
35	4	-0.1899558	0.5700777	0.5569716
35	5	-0.1899558	0.5700777	0.5569716
35	6	-0.1899558	0.5700777	0.5569716
35	7	-0.1899558	0.5700777	0.5569716
35	8	0.1127348	0.524569	0.1159553
35	10	-0.1899558	0.5700777	0.5569716
35	11	-0.1899558	0.5700777	0.5569716
35	12	1.114464	0.1588951	0.7876607
35	13	1.112672	0.2338851	0.04982527
37	1	0.00864264	0.4238315	1.420962
37	2	-0.03402119	0.5550166	0.2467027
37	3	-0.03402119	0.5550166	0.2467027
37	4	-0.03402119	0.5550166	0.2467027
37	5	-0.03402119	0.5550166	0.2467027
37	6	-0.03402119	0.5550166	0.2467027
37	7	-0.03402119	0.5550166	0.2467027
37	8	0.2425483	0.4917009	0.05912126
37	9	1.407827	0.1141083	0.3669805
37	10	-0.03402119	0.5550166	0.2467027
37	11	-0.03402119	0.5550166	0.2467027
38	1	-0.1784487	0.5683585	0.5400978
38	2	-0.1784487	0.5683585	0.5400978
38	3	-0.1784487	0.5683585	0.5400978
38	4	-0.1784487	0.5683585	0.5400978
38	5	-0.1784487	0.5683585	0.5400978
38	6	-0.1784487	0.5683585	0.5400978
38	7	-0.1784487	0.5683585	0.5400978
38	8	0.3573029	0.4600564	0.03453872
38	9	1.387740	0.1141861	0.425402
38	10	-0.1784487	0.5683585	0.5400978
38	11	-0.1784487	0.5683585	0.5400978
39	1	-0.1093231	0.562076	0.3986520
39	2	-0.1093231	0.562076	0.3986519
39	3	-0.1093231	0.562076	0.3986519
39	4	-0.1093231	0.562076	0.3986520
39	5	-0.1093231	0.562076	0.398652
39	6	-0.1093231	0.562076	0.3986519
39	7	-0.1093231	0.562076	0.398652
39	8	1.179543	0.1765646	0.4207851
39	9	-0.1322565	0.5689356	0.3982581
39	10	-0.1093231	0.562076	0.3986519
39	11	-0.1093231	0.562076	0.3986519
40	1	-0.1109372	0.5625588	0.3986242
40	2	-0.1109372	0.5625588	0.3986242
40	3	-0.1109372	0.5625588	0.3986242
40	4	-0.1109372	0.5625588	0.3986242
40	5	-0.1109372	0.5625588	0.3986242
40	6	-0.1109372	0.5625588	0.3986242
40	7	-0.1109372	0.5625588	0.3986242
40	9	1.161284	0.1820263	0.4204715
40	10	-0.1109372	0.5625588	0.3986242
40	11	-0.1109372	0.5625588	0.3986242
41	1	-0.1118132	0.5627183	0.3996246
41	2	-0.1118132	0.5627183	0.3996246
41	3	-0.1118132	0.5627183	0.3996246
41	4	-0.1118132	0.5627183	0.3996246
41	5	-0.1118132	0.5627183	0.3996246
41	6	-0.1118132	0.5627183	0.3996246
41	7	-0.1118132	0.5627183	0.3996246
41	9	1.013255	0.2061245	0.6178868
41	10	-0.1118132	0.5627183	0.3996246
41	11	-0.1118132	0.5627183	0.3996246
41	13	1.179474	0.1924615	0.2634586
42	1	-0.1093232	0.562076	0.3986520
42	2	-0.1093232	0.562076	0.3986521
42	3	-0.1093232	0.562076	0.398652
42	4	-0.1093232	0.562076	0.398652
42	5	-0.1093232	0.562076	0.3986521
42	6	-0.1093232	0.562076	0.3986520
42	7	-0.1093232	0.562076	0.398652
42	9	1.134439	0.1900557	0.4200104
42	10	-0.1093232	0.562076	0.3986520
42	11	-0.1093232	0.562076	0.398652
42	13	-0.1093232	0.562076	0.398652
43	1	-0.1214290	0.565697	0.3984439
43	2	-0.1214290	0.565697	0.3984439
43	3	-0.1214290	0.565697	0.3984439
43	4	-0.1214290	0.565697	0.3984439
43	5	-0.1214290	0.565697	0.3984439
43	6	-0.1214290	0.565697	0.3984439
43	7	-0.1214290	0.565697	0.3984439
43	9	-0.1214290	0.565697	0.3984439
43	10	-0.1214290	0.565697	0.3984439
43	11	-0.1214290	0.565697	0.3984439
43	12	1.405983	0.1088346	0.4246738
43	13	-0.1214290	0.565697	0.3984439
44	1	-0.1204492	0.5654039	0.398461
44	2	-0.1204491	0.5654039	0.3984609
44	3	-0.1204492	0.5654039	0.3984610
44	4	-0.1204492	0.5654039	0.3984610
44	5	-0.1204492	0.5654039	0.3984610
44	6	-0.1204492	0.5654039	0.3984610
44	7	-0.1204492	0.5654039	0.3984610
44	8	-0.1204492	0.5654039	0.398461
44	9	-0.1204492	0.5654039	0.398461
44	10	-0.1204492	0.5654039	0.3984610
44	11	-0.1204492	0.5654039	0.398461
44	12	1.408068	0.1082110	0.4247093
44	13	-0.1204492	0.5654039	0.398461
45	1	-0.1204492	0.5654039	0.398461
45	2	-0.1204491	0.5654039	0.3984609
45	3	-0.1204492	0.5654039	0.3984610
45	4	-0.1204492	0.5654039	0.3984610
45	5	-0.1204492	0.5654039	0.3984610
45	6	-0.1204492	0.5654039	0.3984610
45	7	-0.1204492	0.5654039	0.3984610
45	8	-0.1204492	0.5654039	0.398461
45	9	-0.1204492	0.5654039	0.398461
45	10	-0.1204492	0.5654039	0.3984610
45	11	-0.1204492	0.5654039	0.398461
45	12	1.408068	0.1082110	0.4247093
45	13	-0.1204492	0.5654039	0.398461
46	1	-0.1204492	0.5654039	0.398461
46	2	-0.1204491	0.5654039	0.3984609
46	3	-0.1204492	0.5654039	0.3984610
46	4	-0.1204492	0.5654039	0.3984610
46	5	-0.1204492	0.5654039	0.3984610
46	6	-0.1204492	0.5654039	0.3984610
46	7	-0.1204492	0.5654039	0.3984610
46	8	-0.1204492	0.5654039	0.398461
46	9	-0.1204492	0.5654039	0.398461
46	10	-0.1204492	0.5654039	0.3984610
46	11	-0.1204492	0.5654039	0.398461
46	12	1.408068	0.1082110	0.4247093
46	13	-0.1204492	0.5654039	0.398461
47	1	-0.1204492	0.5654039	0.398461
47	2	-0.1204491	0.5654039	0.3984609
47	3	-0.1204492	0.5654039	0.3984610
47	4	-0.1204492	0.5654039	0.3984610
47	5	-0.1204492	0.5654039	0.3984610
47	6	-0.1204492	0.5654039	0.3984610
47	7	-0.1204492	0.5654039	0.3984610
47	8	-0.1204492	0.5654039	0.398461
47	9	-0.1204492	0.5654039	0.398461
47	10	-0.1204492	0.5654039	0.3984610
47	11	-0.1204492	0.5654039	0.398461
47	12	1.408068	0.1082110	0.4247093
47	13	-0.1204492	0.5654039	0.398461
48	1	-0.1204492	0.5654039	0.398461
48	2	-0.1204491	0.5654039	0.3984609
48	3	-0.1204492	0.5654039	0.3984610
48	4	-0.1204492	0.5654039	0.3984610
48	5	-0.1204492	0.5654039	0.3984610
48	6	-0.1204492	0.5654039	0.3984610
48	7	-0.1204492	0.5654039	0.3984610
48	8	-0.1204492	0.5654039	0.398461
48	9	-0.1204492	0.5654039	0.398461
48	10	-0.1204492	0.5654039	0.3984610
48	11	-0.1204492	0.5654039	0.398461
48	12	1.408068	0.1082110	0.4247093
48	13	-0.1204492	0.5654039	0.398461
49	1	1.120904	0.1941041	0.4197782
49	2	1.120904	0.1941041	0.4197782
49	3	1.120904	0.1941041	0.4197782
49	4	1.120904	0.1941041	0.4197782
49	5	1.120904	0.1941041	0.4197782
49	6	1.120904	0.1941041	0.4197782
49	7	1.120904	0.1941041	0.4197782
49	8	1.120904	0.1941041	0.4197782
49	9	1.120904	0.1941041	0.4197782
49	10	1.120904	0.1941041	0.4197782
49	11	1.120904	0.1941041	0.4197782
49	12	1.120904	0.1941041	0.4197782
49	13	1.120904	0.1941041	0.4197782
50	1	1.120904	0.1941041	0.4197782
50	2	1.120904	0.1941041	0.4197782
50	3	1.120904	0.1941041	0.4197782
50	4	1.120904	0.1941041	0.4197782
50	5	1.120904	0.1941041	0.4197782
50	6	1.120904	0.1941041	0.4197782
50	7	1.120904	0.1941041	0.4197782
50	8	1.120904	0.1941041	0.4197782
50	9	1.120904	0.1941041	0.4197782
50	10	1.120904	0.1941041	0.4197782
50	11	1.120904	0.1941041	0.4197782
50	12	1.120904	0.1941041	0.4197782
50	13	1.120904	0.1941041	0.4197782
51	1	1.120904	0.1941041	0.4197782
51	2	1.120904	0.1941041	0.4197782
51	3	1.120904	0.1941041	0.4197782
51	4	1.120904	0.1941041	0.4197782
51	5	1.120904	0.1941041	0.4197782
51	6	1.120904	0.1941041	0.4197782
51	7	1.120904	0.1941041	0.4197782
51	8	1.120904	0.1941041	0.4197782
51	9	1.120904	0.1941041	0.4197782
51	10	1.120904	0.1941041	0.4197782
51	11	1.120904	0.1941041	0.4197782
51	12	1.120904	0.1941041	0.4197782
51	13	1.120904	0.1941041	0.4197782
52	1	1.120904	0.1941041	0.4197782
52	2	1.120904	0.1941041	0.4197782
52	3	1.120904	0.1941041	0.4197782
52	4	1.120904	0.1941041	0.4197782
52	5	1.120904	0.1941041	0.4197782
52	6	1.120904	0.1941041	0.4197782
52	7	1.120904	0.1941041	0.4197782
52	8	1.120904	0.1941041	0.4197782
52	9	1.120904	0.1941041	0.4197782
52	10	1.120904	0.1941041	0.4197782
52	11	1.120904	0.1941041	0.4197782
52	12	1.120904	0.1941041	0.4197782
52	13	1.120904	0.1941041	0.4197782
53	1	1.120904	0.1941041	0.4197782
53	2	1.120904	0.1941041	0.4197782
53	3	1.120904	0.1941041	0.4197782
53	4	1.120904	0.1941041	0.4197782
53	5	1.120904	0.1941041	0.4197782
53	6	1.120904	0.1941041	0.4197782
53	7	1.120904	0.1941041	0.4197782
53	8	1.120904	0.1941041	0.4197782
53	9	1.120904	0.1941041	0.4197782
53	10	1.120904	0.1941041	0.4197782
53	11	1.120904	0.1941041	0.4197782
53	12	1.120904	0.1941041	0.4197782
53	13	1.120904	0.1941041	0.4197782
54	1	1.120904	0.1941041	0.4197782
54	2	1.120904	0.1941041	0.4197782
54	3	1.120904	0.1941041	0.4197782
54	4	1.120904	0.1941041	0.4197782
54	5	1.120904	0.1941041	0.4197782
54	6	1.120904	0.1941041	0.4197782
54	7	1.120904	0.1941041	0.4197782
54	8	1.120904	0.1941041	0.4197782
54	9	1.120904	0.1941041	0.4197782
54	10	1.120904	0.1941041	0.4197782
54	11	1.120904	0.1941041	0.4197782
54	12	1.120904	0.1941041	0.4197782
54	13	1.120904	0.1941041	0.4197782
55	1	1.120904	0.1941041	0.4197782
55	2	1.120904	0.1941041	0.4197782
55	3	1.120904	0.1941041	0.4197782
55	4	1.120904	0.1941041	0.4197782
55	5	1.120904	0.1941041	0.4197782
55	6	1.120904	0.1941041	0.4197782
55	7	1.120904	0.1941041	0.4197782
55	8	1.120904	0.1941041	0.4197782
55	9	1.120904	0.1941041	0.4197782
55	10	1.120904	0.1941041	0.4197782
55	11	1.120904	0.1941041	0.4197782
55	12	1.120904	0.1941041	0.4197782
55	13	1.120904	0.1941041	0.4197782
56	1	1.120904	0.1941041	0.4197782
56	2	1.120904	0.1941041	0.4197782
56	3	1.120904	0.1941041	0.4197782
56	4	1.120904	0.1941041	0.4197782
56	5	1.120904	0.1941041	0.4197782
56	6	1.120904	0.1941041	0.4197782
56	7	1.120904	0.1941041	0.4197782
56	8	1.120904	0.1941041	0.4197782
56	9	1.120904	0.1941041	0.4197782
56	10	1.120904	0.1941041	0.4197782
56	11	1.120904	0.1941041	0.4197782
56	12	1.120904	0.1941041	0.4197782
56	13	1.120904	0.1941041	0.4197782
57	1	1.120904	0.1941041	0.4197782
57	2	1.120904	0.1941041	0.4197782
57	3	1.120904	0.1941041	0.4197782
57	4	1.120904	0.1941041	0.4197782
57	5	1.120904	0.1941041	0.4197782
57	6	1.120904	0.1941041	0.4197782
57	7	1.120904	0.1941041	0.4197782
57	8	1.120904	0.1941041	0.4197782
57	9	1.120904	0.1941041	0.4197782
57	10	1.120904	0.1941041	0.4197782
57	11	1.120904	0.1941041	0.4197782
57	12	1.120904	0.1941041	0.4197782
57	13	1.120904	0.1941041	0.4197782
58	1	-0.1711829	0.5805788	0.3975895
58	3	-0.1711829	0.5805788	0.3975895
58	4	1.145765	0.1866680	0.4202051
58	5	1.145765	0.1866680	0.4202051
58	6	1.145765	0.1866680	0.4202051
58	7	1.145765	0.1866680	0.4202051
58	8	1.145765	0.1866680	0.4202051
58	9	1.145765	0.1866680	0.4202051
58	10	1.145765	0.1866680	0.4202051
58	11	1.145765	0.1866680	0.4202051
58	12	1.145765	0.1866680	0.4202051
58	13	1.145765	0.1866680	0.4202051
59	1	-0.1653741	0.5788413	0.3976896
59	2	-0.1799271	0.5831942	0.3974397
59	3	-0.1653741	0.5788413	0.3976896
59	4	1.157695	0.1830996	0.4204097
59	5	1.157695	0.1830996	0.4204097
59	6	1.157695	0.1830996	0.4204097
59	7	1.157695	0.1830996	0.4204097
59	8	1.157695	0.1830996	0.4204097
59	9	1.157695	0.1830996	0.4204097
59	10	1.157695	0.1830996	0.4204097
59	11	1.157695	0.1830996	0.4204097
59	12	1.157695	0.1830996	0.4204097
59	13	1.157695	0.1830996	0.4204097
60	1	-0.1653741	0.5788413	0.3976896
60	2	-0.1799271	0.5831942	0.3974397
60	3	-0.1653741	0.5788413	0.3976896
60	4	1.157695	0.1830996	0.4204097
60	5	1.157695	0.1830996	0.4204097
60	6	1.157695	0.1830996	0.4204097
60	7	1.157695	0.1830996	0.4204097
60	8	1.157695	0.1830996	0.4204097
60	9	1.157695	0.1830996	0.4204097
60	10	1.157695	0.1830996	0.4204097
60	11	1.157695	0.1830996	0.4204097
60	12	1.157695	0.1830996	0.4204097
60	13	1.157695	0.1830996	0.4204097
61	1	-0.1780277	0.5800562	0.4229389
61	2	-0.2267133	0.5860145	0.5073642
61	3	-0.1780277	0.5800562	0.4229389
61	4	1.166315	0.2035593	0.1922624
61	5	1.166315	0.2035593	0.1922624
61	6	1.166315	0.2035593	0.1922624
61	7	1.166315	0.2035593	0.1922624
61	8	1.166315	0.2035593	0.1922624
61	9	0.4008056	0.3228679	1.265817
61	10	1.166315	0.2035593	0.1922624
61	11	1.166315	0.2035593	0.1922624
61	12	1.166315	0.2035593	0.1922624
61	13	1.166315	0.2035593	0.1922624
62	1	-0.001514375	0.4312634	1.377247
62	2	0.1136185	0.3961591	1.385834
62	3	-0.001514375	0.4312634	1.377247
62	4	0.0714423	0.5354439	0.1298732
62	5	0.0714423	0.5354439	0.1298732
62	6	0.0714423	0.5354439	0.1298732
62	7	0.0714423	0.5354439	0.1298732
62	8	0.05602886	0.5384709	0.1452983
62	9	1.411341	0.1289957	0.2090962
62	10	0.0714423	0.5354439	0.1298732
62	11	1.10795	0.1786331	0.6112623
62	12	0.0714423	0.5354439	0.1298732
62	13	0.0714423	0.5354439	0.1298732
63	1	-0.001514375	0.4312634	1.377247
63	2	0.1136185	0.3961591	1.385834
63	3	-0.001514375	0.4312634	1.377247
63	4	0.0714423	0.5354439	0.1298732
63	5	0.0714423	0.5354439	0.1298732
63	6	0.0714423	0.5354439	0.1298732
63	7	0.0714423	0.5354439	0.1298732
63	8	0.05602886	0.5384709	0.1452983
63	9	1.411341	0.1289957	0.2090962
63	10	0.0714423	0.5354439	0.1298732
63	11	1.10795	0.1786331	0.6112623
63	12	0.0714423	0.5354439	0.1298732
63	13	0.0714423	0.5354439	0.1298732
64	1	-0.001514375	0.4312634	1.377247
64	2	0.1136185	0.3961591	1.385834
64	3	-0.001514375	0.4312634	1.377247
64	4	0.0714423	0.5354439	0.1298732
64	5	0.0714423	0.5354439	0.1298732
64	6	0.0714423	0.5354439	0.1298732
64	7	0.0714423	0.5354439	0.1298732
64	8	0.05602886	0.5384709	0.1452983
64	9	1.411341	0.1289957	0.2090962
64	10	0.0714423	0.5354439	0.1298732
64	11	1.10795	0.1786331	0.6112623
64	12	0.0714423	0.5354439	0.1298732
64	13	0.0714423	0.5354439	0.1298732
65	1	-0.3060901	0.5642123	0.9573265
65	2	-0.3144788	0.5762129	0.8631262
65	3	-0.3060901	0.5642123	0.9573265
65	4	1.196617	0.1779616	0.3566272
65	5	1.196617	0.1779616	0.3566272
65	6	1.196617	0.1779616	0.3566272
65	7	1.196617	0.1779616	0.3566272
65	8	1.185185	0.1807195	0.3629871
65	10	1.196617	0.1779616	0.3566272
65	11	0.1729754	0.5151916	0.03136123
65	12	1.196617	0.1779616	0.3566272
65	13	1.196617	0.1779616	0.3566272
66	1	-0.3022482	0.5560677	1.026714
66	2	-0.3170051	0.5709386	0.9228363
66	3	-0.3022482	0.5560677	1.026714
66	4	1.211687	0.1756919	0.3347094
66	5	1.211687	0.1756919	0.3347094
66	7	1.211687	0.1756919	0.3347094
66	10	1.211687	0.1756919	0.3347094
66	11	0.1730756	0.5150387	0.03258074
66	12	1.211687	0.1756919	0.3347094
66	13	1.211687	0.1756919	0.3347094
67	1	1.130824	0.1911371	0.4199485
67	2	-0.1188793	0.5649343	0.3984877
67	3	1.130824	0.1911371	0.4199485
68	1	-0.1180938	0.5646993	0.3985018
68	2	-0.1180938	0.5646993	0.3985018
68	3	-0.1180938	0.5646993	0.3985018
68	4	-0.1180938	0.5646993	0.3985018
68	5	-0.1180938	0.5646993	0.3985018
68	6	-0.1180938	0.5646993	0.3985018
68	7	-0.1180938	0.5646993	0.3985018
68	8	-0.1180938	0.5646993	0.3985018
68	9	-0.1180938	0.5646993	0.3985018
68	10	-0.1180938	0.5646993	0.3985018
68	11	1.348541	0.126016	0.4236866
68	12	-0.1180938	0.5646993	0.3985018
68	13	-0.1180938	0.5646993	0.3985018
69	1	-0.1180938	0.5646993	0.3985018
69	2	-0.1180938	0.5646993	0.3985018
69	3	-0.1180938	0.5646993	0.3985018
69	4	-0.1180938	0.5646993	0.3985018
69	5	-0.1180938	0.5646993	0.3985018
69	6	-0.1180938	0.5646993	0.3985018
69	7	-0.1180938	0.5646993	0.3985018
69	8	-0.1180938	0.5646993	0.3985018
69	9	-0.1180938	0.5646993	0.3985018
69	10	-0.1180938	0.5646993	0.3985018
69	11	1.348541	0.126016	0.4236866
69	12	-0.1180938	0.5646993	0.3985018
69	13	-0.1180938	0.5646993	0.3985018
70	1	-0.1180938	0.5646993	0.3985018
70	2	-0.1180938	0.5646993	0.3985018
70	3	-0.1180938	0.5646993	0.3985018
70	4	-0.1180938	0.5646993	0.3985018
70	5	-0.1180938	0.5646993	0.3985018
70	6	-0.1180938	0.5646993	0.3985018
70	7	-0.1180938	0.5646993	0.3985018
70	8	-0.1180938	0.5646993	0.3985018
70	9	-0.1180938	0.5646993	0.3985018
70	10	-0.1180938	0.5646993	0.3985018
70	11	1.348541	0.126016	0.4236866
70	12	-0.1180938	0.5646993	0.3985018
70	13	-0.1180938	0.5646993	0.3985018
71	1	-0.1180938	0.5646993	0.3985018
71	2	-0.1180938	0.5646993	0.3985018
71	3	-0.1180938	0.5646993	0.3985018
71	4	-0.1180938	0.5646993	0.3985018
71	5	-0.1180938	0.5646993	0.3985018
71	6	-0.1180938	0.5646993	0.3985018
71	7	-0.1180938	0.5646993	0.3985018
71	8	-0.1180938	0.5646993	0.3985018
71	9	-0.1180938	0.5646993	0.3985018
71	10	-0.1180938	0.5646993	0.3985018
71	11	1.348541	0.126016	0.4236866
71	12	-0.1180938	0.5646993	0.3985018
71	13	-0.1180938	0.5646993	0.3985018
72	1	-0.1180938	0.5646993	0.3985018
72	2	-0.1180938	0.5646993	0.3985018
72	3	-0.1180938	0.5646993	0.3985018
72	4	-0.1180938	0.5646993	0.3985018
72	5	-0.1180938	0.5646993	0.3985018
72	6	-0.1180938	0.5646993	0.3985018
72	7	-0.1180938	0.5646993	0.3985018
72	8	-0.1180938	0.5646993	0.3985018
72	9	-0.1180938	0.5646993	0.3985018
72	10	-0.1180938	0.5646993	0.3985018
72	11	1.348541	0.126016	0.4236866
72	12	-0.1180938	0.5646993	0.3985018
72	13	-0.1180938	0.5646993	0.3985018
73	1	-0.1180938	0.5646993	0.3985018
73	2	-0.1180938	0.5646993	0.3985018
73	3	-0.1180938	0.5646993	0.3985018
73	4	-0.1180938	0.5646993	0.3985018
73	5	-0.1180938	0.5646993	0.3985018
73	6	-0.1180938	0.5646993	0.3985018
73	7	-0.1180938	0.5646993	0.3985018
73	8	-0.1180938	0.5646993	0.3985018
73	9	-0.1180938	0.5646993	0.3985018
73	10	-0.1180938	0.5646993	0.3985018
73	11	1.348541	0.126016	0.4236866
73	12	-0.1180938	0.5646993	0.3985018
73	13	-0.1180938	0.5646993	0.3985018
74	1	-0.1455912	0.567709	0.4497079
74	2	-0.1455912	0.567709	0.4497079
74	3	-0.1455912	0.567709	0.4497079
74	4	-0.1455912	0.567709	0.4497079
74	5	-0.1455912	0.567709	0.4497079
74	6	-0.1455912	0.567709	0.4497079
74	7	-0.1455912	0.567709	0.4497079
74	8	-0.1455912	0.567709	0.4497079
74	9	1.040290	0.1740983	0.8555846
74	10	-0.1455912	0.567709	0.4497079
74	11	1.215509	0.2004132	0.07847014
74	12	-0.1702615	0.5733343	0.4666634
74	13	-0.1702615	0.5733343	0.4666634
75	1	-0.1455912	0.567709	0.4497079
75	2	-0.1455912	0.567709	0.4497079
75	3	-0.1455912	0.567709	0.4497079
75	4	-0.1455912	0.567709	0.4497079
75	5	-0.1455912	0.567709	0.4497079
75	6	-0.1455912	0.567709	0.4497079
75	7	-0.1455912	0.567709	0.4497079
75	8	-0.1455912	0.567709	0.4497079
75	9	1.040290	0.1740983	0.8555846
75	10	-0.1455912	0.567709	0.4497079
75	11	1.215509	0.2004132	0.07847014
75	12	-0.1702615	0.5733343	0.4666634
75	13	-0.1702615	0.5733343	0.4666634
82	1	-0.1214926	0.5665607	0.3900724
82	2	-0.1214926	0.5665607	0.3900724
82	3	-0.1214926	0.5665607	0.3900724
82	4	-0.1214926	0.5665607	0.3900724
82	5	-0.1214926	0.5665607	0.3900724
82	6	-0.1214926	0.5665607	0.3900724
82	7	-0.1214926	0.5665607	0.3900724
82	8	-0.1214926	0.5665607	0.3900724
82	9	1.419513	0.1287781	0.1871705
82	10	-0.1214926	0.5665607	0.3900724
82	11	0.5481478	0.2810018	1.246494
82	12	0.08666869	0.5316416	0.1226824
82	13	0.08666869	0.5316416	0.1226824
83	1	-0.1214926	0.5665607	0.3900724
83	2	-0.1214926	0.5665607	0.3900724
83	3	-0.1214926	0.5665607	0.3900724
83	4	-0.1214926	0.5665607	0.3900724
83	5	-0.1214926	0.5665607	0.3900724
83	6	-0.1214926	0.5665607	0.3900724
83	7	-0.1214926	0.5665607	0.3900724
83	8	-0.1214926	0.5665607	0.3900724
83	9	1.419513	0.1287781	0.1871705
83	10	-0.1214926	0.5665607	0.3900724
83	11	0.5481478	0.2810018	1.246494
83	12	0.08666869	0.5316416	0.1226824
83	13	0.08666869	0.5316416	0.1226824
84	1	-0.1214926	0.5665607	0.3900724
84	2	-0.1214926	0.5665607	0.3900724
84	3	-0.1214926	0.5665607	0.3900724
84	4	-0.1214926	0.5665607	0.3900724
84	5	-0.1214926	0.5665607	0.3900724
84	6	-0.1214926	0.5665607	0.3900724
84	7	-0.1214926	0.5665607	0.3900724
84	8	-0.1214926	0.5665607	0.3900724
84	9	1.419513	0.1287781	0.1871705
84	10	-0.1214926	0.5665607	0.3900724
84	11	0.5481478	0.2810018	1.246494
84	12	0.08666869	0.5316416	0.1226824
84	13	0.08666869	0.5316416	0.1226824
85	1	-0.1111830	0.5656574	0.3686424
85	2	-0.1111830	0.5656574	0.3686424
85	3	-0.1111830	0.5656574	0.3686424
85	4	-0.1293643	0.5672014	0.4069203
85	5	-0.1293643	0.5672014	0.4069203
85	6	-0.1293643	0.5672014	0.4069203
85	7	-0.1293643	0.5672014	0.4069203
85	8	-0.1293643	0.5672014	0.4069203
85	9	1.419589	0.1286225	0.1884882
85	10	-0.1293643	0.5672014	0.4069203
85	11	0.5416785	0.2825576	1.250141
85	12	0.1017967	0.5280613	0.1135815
85	13	0.1017967	0.5280613	0.1135815
87	1	-0.2973114	0.5665337	0.908453
87	7	0.07929687	0.5353123	0.1080314
87	11	1.278749	0.1469802	0.421607
88	1	-0.2496773	0.5684124	0.7494644
88	2	-0.2496773	0.5684124	0.7494644
88	3	-0.2496773	0.5684124	0.7494644
88	7	0.3749399	0.4559244	0.02351043
88	11	1.298332	0.138174	0.451165
89	1	0.002667701	0.4320037	1.357587
89	2	0.002667701	0.4320037	1.357587
89	3	0.002667701	0.4320037	1.357587
89	4	1.086359	0.2349183	0.1171289
89	5	1.119551	0.2225948	0.1414360
89	6	1.086359	0.2349183	0.1171289
89	7	1.119551	0.2225948	0.1414360
89	8	0.7630691	0.3403367	0.02516954
89	10	1.086359	0.2349183	0.1171289
89	11	-0.1668524	0.587884	0.3124368
90	1	0.002667701	0.4320037	1.357587
90	2	0.002667701	0.4320037	1.357587
90	3	0.002667701	0.4320037	1.357587
90	4	1.086359	0.2349183	0.1171289
90	5	1.119551	0.2225948	0.1414360
90	6	1.086359	0.2349183	0.1171289
90	7	1.119551	0.2225948	0.1414360
90	8	0.7630691	0.3403367	0.02516954
90	10	1.086359	0.2349183	0.1171289
90	11	-0.1668524	0.587884	0.3124368
91	1	0.1108411	0.4024622	1.331558
91	2	0.1108411	0.4024622	1.331558
91	3	0.1108411	0.4024622	1.331558
91	5	1.082271	0.2363528	0.1149588
91	6	1.047399	0.2486087	0.096272
91	7	1.082271	0.2363528	0.1149588
91	8	0.7200587	0.3535584	0.02089446
91	10	1.047399	0.2486087	0.096272
91	11	-0.1900342	0.5901637	0.3581591
92	1	0.1874056	0.3839064	1.289813
92	2	0.1874056	0.3839064	1.289813
92	3	0.1874056	0.3839064	1.289813
92	4	0.915728	0.2918330	0.05595471
92	5	1.138886	0.2150051	0.1596697
92	6	0.915728	0.2918330	0.05595471
92	7	1.138886	0.2150051	0.1596697
92	10	0.915728	0.2918330	0.05595471
92	11	-0.1981352	0.5912767	0.3710026
93	1	0.1874056	0.3839064	1.289813
93	2	0.1874056	0.3839064	1.289813
93	3	0.1874056	0.3839064	1.289813
93	4	0.915728	0.2918330	0.05595471
93	5	1.138886	0.2150051	0.1596697
93	6	0.915728	0.2918330	0.05595471
93	7	1.138886	0.2150051	0.1596697
93	10	0.915728	0.2918330	0.05595471
93	11	-0.1981352	0.5912767	0.3710026
94	1	0.1874056	0.3839064	1.289813
94	2	0.1874056	0.3839064	1.289813
94	3	0.1874056	0.3839064	1.289813
94	4	0.915728	0.2918330	0.05595471
94	5	1.138886	0.2150051	0.1596697
94	6	0.915728	0.2918330	0.05595471
94	7	1.138886	0.2150051	0.1596697
94	10	0.915728	0.2918330	0.05595471
94	11	-0.1981352	0.5912767	0.3710026
95	6	1.242145	0.1578398	0.4218603
95	11	-0.1687509	0.5798514	0.3976313
96	6	1.242145	0.1578398	0.4218603
96	11	-0.1687509	0.5798514	0.3976313
97	6	1.242145	0.1578398	0.4218603
97	11	-0.1687509	0.5798514	0.3976313
98	6	1.242145	0.1578398	0.4218603
98	11	-0.1687509	0.5798514	0.3976313
99	6	1.242145	0.1578398	0.4218603
99	11	-0.1687509	0.5798514	0.3976313
100	6	1.242145	0.1578398	0.4218603
100	11	-0.1687509	0.5798514	0.3976313
101	4	-0.2216389	0.5733508	0.6179025
101	6	-0.2216389	0.5733508	0.6179025
101	8	0.06625097	0.5371208	0.1285546
101	11	1.302991	0.1395800	0.4235042
102	4	-0.2216389	0.5733508	0.6179025
102	6	-0.2216389	0.5733508	0.6179025
102	8	0.06625097	0.5371208	0.1285546
102	11	1.302991	0.1395800	0.4235042
103	1	-0.1592851	0.5698224	0.4691189
103	2	-0.1592851	0.5698224	0.4691189
103	3	-0.1592851	0.5698224	0.4691189
103	4	-0.1592851	0.5698224	0.4691189
103	5	-0.1592851	0.5698224	0.4691189
103	6	-0.1592851	0.5698224	0.4691189
103	7	-0.1592851	0.5698224	0.4691189
103	8	-0.1592851	0.5698224	0.4691189
103	9	1.029484	0.1773506	0.8552006
103	10	-0.1592851	0.5698224	0.4691189
103	11	1.174535	0.2136722	0.06782541
104	1	-0.1592851	0.5698224	0.4691189
104	2	-0.1592851	0.5698224	0.4691189
104	3	-0.1592851	0.5698224	0.4691189
104	4	-0.1592851	0.5698224	0.4691189
104	5	-0.1592851	0.5698224	0.4691189
104	6	-0.1592851	0.5698224	0.4691189
104	7	-0.1592851	0.5698224	0.4691189
104	8	-0.1592851	0.5698224	0.4691189
104	9	1.029484	0.1773506	0.8552006
104	10	-0.1592851	0.5698224	0.4691189
104	11	1.174535	0.2136722	0.06782541
105	1	-0.1180938	0.5646993	0.3985018
105	2	-0.1180938	0.5646993	0.3985018
105	3	-0.1180938	0.5646993	0.3985018
105	4	-0.1180938	0.5646993	0.3985018
105	5	-0.1180938	0.5646993	0.3985018
105	6	-0.1180938	0.5646993	0.3985018
105	7	-0.1180938	0.5646993	0.3985018
105	8	-0.1180938	0.5646993	0.3985018
105	9	-0.1180938	0.5646993	0.3985018
105	10	-0.1180938	0.5646993	0.3985018
105	11	1.348541	0.126016	0.4236866
105	12	-0.1180938	0.5646993	0.3985018
105	13	-0.1180938	0.5646993	0.3985018
106	1	1.120904	0.1941041	0.4197782
106	2	1.120904	0.1941041	0.4197782
106	3	1.120904	0.1941041	0.4197782
106	4	1.120904	0.1941041	0.4197782
106	5	1.120904	0.1941041	0.4197782
106	7	1.120904	0.1941041	0.4197782
106	8	1.120904	0.1941041	0.4197782
106	9	1.120904	0.1941041	0.4197782
106	10	1.120904	0.1941041	0.4197782
106	12	1.120904	0.1941041	0.4197782
106	13	1.120904	0.1941041	0.4197782
107	1	1.120904	0.1941041	0.4197782
107	2	1.120904	0.1941041	0.4197782
107	3	1.120904	0.1941041	0.4197782
107	4	1.120904	0.1941041	0.4197782
107	5	1.120904	0.1941041	0.4197782
107	7	1.120904	0.1941041	0.4197782
107	8	1.120904	0.1941041	0.4197782
107	9	1.120904	0.1941041	0.4197782
107	10	1.120904	0.1941041	0.4197782
107	12	1.120904	0.1941041	0.4197782
107	13	1.120904	0.1941041	0.4197782
108	1	1.120904	0.1941041	0.4197782
108	2	1.120904	0.1941041	0.4197782
108	3	1.120904	0.1941041	0.4197782
108	4	1.120904	0.1941041	0.4197782
108	5	1.120904	0.1941041	0.4197782
108	7	1.120904	0.1941041	0.4197782
108	8	1.120904	0.1941041	0.4197782
108	9	1.120904	0.1941041	0.4197782
108	10	1.120904	0.1941041	0.4197782
108	12	1.120904	0.1941041	0.4197782
108	13	1.120904	0.1941041	0.4197782
109	1	1.120904	0.1941041	0.4197782
109	2	1.120904	0.1941041	0.4197782
109	3	1.120904	0.1941041	0.4197782
109	4	1.120904	0.1941041	0.4197782
109	5	1.120904	0.1941041	0.4197782
109	6	1.120904	0.1941041	0.4197782
109	7	1.120904	0.1941041	0.4197782
109	8	1.120904	0.1941041	0.4197782
109	9	1.120904	0.1941041	0.4197782
109	10	1.120904	0.1941041	0.4197782
109	12	1.120904	0.1941041	0.4197782
109	13	1.120904	0.1941041	0.4197782
110	1	1.120904	0.1941041	0.4197782
110	2	1.120904	0.1941041	0.4197782
110	3	1.120904	0.1941041	0.4197782
110	4	1.120904	0.1941041	0.4197782
110	5	1.120904	0.1941041	0.4197782
110	6	1.120904	0.1941041	0.4197782
110	7	1.120904	0.1941041	0.4197782
110	8	1.120904	0.1941041	0.4197782
110	9	1.120904	0.1941041	0.4197782
110	10	1.120904	0.1941041	0.4197782
110	12	1.120904	0.1941041	0.4197782
110	13	1.120904	0.1941041	0.4197782
111	1	1.120904	0.1941041	0.4197782
111	2	1.120904	0.1941041	0.4197782
111	3	1.120904	0.1941041	0.4197782
111	4	1.120904	0.1941041	0.4197782
111	5	1.120904	0.1941041	0.4197782
111	6	1.120904	0.1941041	0.4197782
111	7	1.120904	0.1941041	0.4197782
111	8	1.120904	0.1941041	0.4197782
111	9	1.120904	0.1941041	0.4197782
111	10	1.120904	0.1941041	0.4197782
111	11	1.120904	0.1941041	0.4197782
111	13	1.120904	0.1941041	0.4197782
112	1	1.120904	0.1941041	0.4197782
112	2	1.120904	0.1941041	0.4197782
112	3	1.120904	0.1941041	0.4197782
112	4	1.120904	0.1941041	0.4197782
112	5	1.120904	0.1941041	0.4197782
112	6	1.120904	0.1941041	0.4197782
112	7	1.120904	0.1941041	0.4197782
112	8	1.120904	0.1941041	0.4197782
112	9	1.120904	0.1941041	0.4197782
112	10	1.120904	0.1941041	0.4197782
112	11	1.120904	0.1941041	0.4197782
112	13	1.120904	0.1941041	0.4197782
113	1	1.120904	0.1941041	0.4197782
113	2	1.120904	0.1941041	0.4197782
113	3	1.120904	0.1941041	0.4197782
113	4	1.120904	0.1941041	0.4197782
113	5	1.120904	0.1941041	0.4197782
113	6	1.120904	0.1941041	0.4197782
113	7	1.120904	0.1941041	0.4197782
113	8	1.120904	0.1941041	0.4197782
113	9	1.120904	0.1941041	0.4197782
113	10	1.120904	0.1941041	0.4197782
113	11	1.120904	0.1941041	0.4197782
113	12	1.120904	0.1941041	0.4197782
113	13	1.120904	0.1941041	0.4197782
114	1	1.120904	0.1941041	0.4197782
114	2	1.120904	0.1941041	0.4197782
114	3	1.120904	0.1941041	0.4197782
114	4	1.120904	0.1941041	0.4197782
114	5	1.120904	0.1941041	0.4197782
114	6	1.120904	0.1941041	0.4197782
114	7	1.120904	0.1941041	0.4197782
114	8	1.120904	0.1941041	0.4197782
114	9	1.120904	0.1941041	0.4197782
114	10	1.120904	0.1941041	0.4197782
114	11	1.120904	0.1941041	0.4197782
114	12	1.120904	0.1941041	0.4197782
114	13	1.120904	0.1941041	0.4197782
115	1	1.120904	0.1941041	0.4197782
115	2	1.120904	0.1941041	0.4197782
115	3	1.120904	0.1941041	0.4197782
115	4	1.120904	0.1941041	0.4197782
115	5	1.120904	0.1941041	0.4197782
115	6	1.120904	0.1941041	0.4197782
115	7	1.120904	0.1941041	0.4197782
115	8	1.120904	0.1941041	0.4197782
115	9	1.120904	0.1941041	0.4197782
115	10	1.120904	0.1941041	0.4197782
115	11	1.120904	0.1941041	0.4197782
115	12	1.120904	0.1941041	0.4197782
115	13	1.120904	0.1941041	0.4197782
116	1	1.120904	0.1941041	0.4197782
116	2	1.120904	0.1941041	0.4197782
116	3	1.120904	0.1941041	0.4197782
116	4	1.120904	0.1941041	0.4197782
116	5	1.120904	0.1941041	0.4197782
116	6	1.120904	0.1941041	0.4197782
116	7	1.120904	0.1941041	0.4197782
116	8	1.120904	0.1941041	0.4197782
116	9	1.120904	0.1941041	0.4197782
116	10	1.120904	0.1941041	0.4197782
116	11	1.120904	0.1941041	0.4197782
116	12	1.120904	0.1941041	0.4197782
116	13	1.120904	0.1941041	0.4197782
117	1	1.120904	0.1941041	0.4197782
117	2	1.120904	0.1941041	0.4197782
117	3	1.120904	0.1941041	0.4197782
117	4	1.120904	0.1941041	0.4197782
117	5	1.120904	0.1941041	0.4197782
117	6	1.120904	0.1941041	0.4197782
117	7	1.120904	0.1941041	0.4197782
117	8	1.120904	0.1941041	0.4197782
117	9	1.120904	0.1941041	0.4197782
117	10	1.120904	0.1941041	0.4197782
117	11	1.120904	0.1941041	0.4197782
117	12	1.120904	0.1941041	0.4197782
117	13	1.120904	0.1941041	0.4197782
118	1	1.120904	0.1941041	0.4197782
118	2	1.120904	0.1941041	0.4197782
118	3	1.120904	0.1941041	0.4197782
118	4	1.120904	0.1941041	0.4197782
118	5	1.120904	0.1941041	0.4197782
118	6	1.120904	0.1941041	0.4197782
118	7	1.120904	0.1941041	0.4197782
118	8	1.120904	0.1941041	0.4197782
118	9	1.120904	0.1941041	0.4197782
118	10	1.120904	0.1941041	0.4197782
118	11	1.120904	0.1941041	0.4197782
118	12	1.120904	0.1941041	0.4197782
118	13	1.120904	0.1941041	0.4197782
119	1	1.120904	0.1941041	0.4197782
119	2	1.120904	0.1941041	0.4197782
119	3	1.120904	0.1941041	0.4197782
119	4	1.120904	0.1941041	0.4197782
119	5	1.120904	0.1941041	0.4197782
119	7	1.120904	0.1941041	0.4197782
119	8	1.120904	0.1941041	0.4197782
119	9	1.120904	0.1941041	0.4197782
119	10	1.120904	0.1941041	0.4197782
119	11	1.120904	0.1941041	0.4197782
119	12	1.120904	0.1941041	0.4197782
119	13	1.120904	0.1941041	0.4197782
120	1	1.120904	0.1941041	0.4197782
120	2	1.120904	0.1941041	0.4197782
120	3	1.120904	0.1941041	0.4197782
120	4	1.120904	0.1941041	0.4197782
120	5	1.120904	0.1941041	0.4197782
120	7	1.120904	0.1941041	0.4197782
120	8	1.120904	0.1941041	0.4197782
120	9	1.120904	0.1941041	0.4197782
120	10	1.120904	0.1941041	0.4197782
120	11	1.120904	0.1941041	0.4197782
120	12	1.120904	0.1941041	0.4197782
120	13	1.120904	0.1941041	0.4197782
121	1	1.120904	0.1941041	0.4197782
121	2	1.120904	0.1941041	0.4197782
121	3	1.120904	0.1941041	0.4197782
121	4	1.120904	0.1941041	0.4197782
121	5	1.120904	0.1941041	0.4197782
121	7	1.120904	0.1941041	0.4197782
121	8	1.120904	0.1941041	0.4197782
121	9	1.120904	0.1941041	0.4197782
121	10	1.120904	0.1941041	0.4197782
121	11	1.120904	0.1941041	0.4197782
121	12	1.120904	0.1941041	0.4197782
121	13	1.120904	0.1941041	0.4197782
122	1	1.120904	0.1941041	0.4197782
122	2	1.120904	0.1941041	0.4197782
122	3	1.120904	0.1941041	0.4197782
122	4	1.120904	0.1941041	0.4197782
122	5	1.120904	0.1941041	0.4197782
122	7	1.120904	0.1941041	0.4197782
122	8	1.120904	0.1941041	0.4197782
122	9	1.120904	0.1941041	0.4197782
122	10	1.120904	0.1941041	0.4197782
122	11	1.120904	0.1941041	0.4197782
122	12	1.120904	0.1941041	0.4197782
122	13	1.120904	0.1941041	0.4197782
123	1	1.120904	0.1941041	0.4197782
123	2	1.120904	0.1941041	0.4197782
123	3	1.120904	0.1941041	0.4197782
123	4	1.120904	0.1941041	0.4197782
123	5	1.120904	0.1941041	0.4197782
123	6	1.120904	0.1941041	0.4197782
123	7	1.120904	0.1941041	0.4197782
123	8	1.120904	0.1941041	0.4197782
123	9	1.120904	0.1941041	0.4197782
123	10	1.120904	0.1941041	0.4197782
123	11	1.120904	0.1941041	0.4197782
123	12	1.120904	0.1941041	0.4197782
123	13	1.120904	0.1941041	0.4197782
124	1	1.120904	0.1941041	0.4197782
124	2	1.120904	0.1941041	0.4197782
124	3	1.120904	0.1941041	0.4197782
124	4	1.120904	0.1941041	0.4197782
124	5	1.120904	0.1941041	0.4197782
124	6	1.120904	0.1941041	0.4197782
124	7	1.120904	0.1941041	0.4197782
124	8	1.120904	0.1941041	0.4197782
124	9	1.120904	0.1941041	0.4197782
124	10	1.120904	0.1941041	0.4197782
124	11	1.120904	0.1941041	0.4197782
124	12	1.120904	0.1941041	0.4197782
124	13	1.120904	0.1941041	0.4197782
125	1	1.120904	0.1941041	0.4197782
125	2	1.120904	0.1941041	0.4197782
125	3	1.120904	0.1941041	0.4197782
125	4	1.120904	0.1941041	0.4197782
125	5	1.120904	0.1941041	0.4197782
125	6	1.120904	0.1941041	0.4197782
125	7	1.120904	0.1941041	0.4197782
125	8	1.120904	0.1941041	0.4197782
125	9	1.120904	0.1941041	0.4197782
125	10	1.120904	0.1941041	0.4197782
125	11	1.120904	0.1941041	0.4197782
125	12	1.120904	0.1941041	0.4197782
125	13	1.120904	0.1941041	0.4197782
126	1	1.120904	0.1941041	0.4197782
126	2	1.120904	0.1941041	0.4197782
126	3	1.120904	0.1941041	0.4197782
126	4	1.120904	0.1941041	0.4197782
126	5	1.120904	0.1941041	0.4197782
126	6	1.120904	0.1941041	0.4197782
126	7	1.120904	0.1941041	0.4197782
126	8	1.120904	0.1941041	0.4197782
126	9	1.120904	0.1941041	0.4197782
126	10	1.120904	0.1941041	0.4197782
126	11	1.120904	0.1941041	0.4197782
126	12	1.120904	0.1941041	0.4197782
126	13	1.120904	0.1941041	0.4197782
127	1	1.120904	0.1941041	0.4197782
127	2	1.120904	0.1941041	0.4197782
127	3	1.120904	0.1941041	0.4197782
127	4	1.120904	0.1941041	0.4197782
127	5	1.120904	0.1941041	0.4197782
127	6	1.120904	0.1941041	0.4197782
127	7	1.120904	0.1941041	0.4197782
127	8	1.120904	0.1941041	0.4197782
127	9	1.120904	0.1941041	0.4197782
127	10	1.120904	0.1941041	0.4197782
127	11	1.120904	0.1941041	0.4197782
127	12	1.120904	0.1941041	0.4197782
127	13	1.120904	0.1941041	0.4197782
128	1	1.120904	0.1941041	0.4197782
128	2	1.120904	0.1941041	0.4197782
128	3	1.120904	0.1941041	0.4197782
128	4	1.120904	0.1941041	0.4197782
128	5	1.120904	0.1941041	0.4197782
128	6	1.120904	0.1941041	0.4197782
128	7	1.120904	0.1941041	0.4197782
128	8	1.120904	0.1941041	0.4197782
128	9	1.120904	0.1941041	0.4197782
128	10	1.120904	0.1941041	0.4197782
128	11	1.120904	0.1941041	0.4197782
128	12	1.120904	0.1941041	0.4197782
128	13	1.120904	0.1941041	0.4197782
129	1	1.120904	0.1941041	0.4197782
129	2	1.120904	0.1941041	0.4197782
129	3	1.120904	0.1941041	0.4197782
129	4	1.120904	0.1941041	0.4197782
129	5	1.120904	0.1941041	0.4197782
129	6	1.120904	0.1941041	0.4197782
129	7	1.120904	0.1941041	0.4197782
129	8	1.120904	0.1941041	0.4197782
129	9	1.120904	0.1941041	0.4197782
129	10	1.120904	0.1941041	0.4197782
129	11	1.120904	0.1941041	0.4197782
129	12	1.120904	0.1941041	0.4197782
129	13	1.120904	0.1941041	0.4197782
130	1	1.120904	0.1941041	0.4197782
130	2	1.120904	0.1941041	0.4197782
130	3	1.120904	0.1941041	0.4197782
130	4	1.120904	0.1941041	0.4197782
130	5	1.120904	0.1941041	0.4197782
130	6	1.120904	0.1941041	0.4197782
130	7	1.120904	0.1941041	0.4197782
130	8	1.120904	0.1941041	0.4197782
130	9	1.120904	0.1941041	0.4197782
130	10	1.120904	0.1941041	0.4197782
130	11	1.120904	0.1941041	0.4197782
130	12	1.120904	0.1941041	0.4197782
130	13	1.120904	0.1941041	0.4197782
131	1	1.120904	0.1941041	0.4197782
131	2	1.120904	0.1941041	0.4197782
131	3	1.120904	0.1941041	0.4197782
131	4	1.120904	0.1941041	0.4197782
131	5	1.120904	0.1941041	0.4197782
131	6	1.120904	0.1941041	0.4197782
131	7	1.120904	0.1941041	0.4197782
131	8	1.120904	0.1941041	0.4197782
131	9	1.120904	0.1941041	0.4197782
131	10	1.120904	0.1941041	0.4197782
131	11	1.120904	0.1941041	0.4197782
131	12	1.120904	0.1941041	0.4197782
131	13	1.120904	0.1941041	0.4197782
132	1	1.120904	0.1941041	0.4197782
132	2	1.120904	0.1941041	0.4197782
132	3	1.120904	0.1941041	0.4197782
132	4	1.120904	0.1941041	0.4197782
132	5	1.120904	0.1941041	0.4197782
132	6	1.120904	0.1941041	0.4197782
132	7	1.120904	0.1941041	0.4197782
132	8	1.120904	0.1941041	0.4197782
132	9	1.120904	0.1941041	0.4197782
132	10	1.120904	0.1941041	0.4197782
132	11	1.120904	0.1941041	0.4197782
132	12	1.120904	0.1941041	0.4197782
132	13	1.120904	0.1941041	0.4197782
133	1	1.120904	0.1941041	0.4197782
133	2	1.120904	0.1941041	0.4197782
133	3	1.120904	0.1941041	0.4197782
133	4	1.120904	0.1941041	0.4197782
133	5	1.120904	0.1941041	0.4197782
133	6	1.120904	0.1941041	0.4197782
133	7	1.120904	0.1941041	0.4197782
133	8	1.120904	0.1941041	0.4197782
133	9	1.120904	0.1941041	0.4197782
133	10	1.120904	0.1941041	0.4197782
133	11	1.120904	0.1941041	0.4197782
133	12	1.120904	0.1941041	0.4197782
133	13	1.120904	0.1941041	0.4197782
134	1	-0.2249345	0.5836412	0.5256404
134	2	-0.2249345	0.5836412	0.5256404
134	3	-0.2249345	0.5836412	0.5256404
134	4	1.145638	0.1759211	0.5270776
134	5	-0.06517074	0.459473	1.285289
134	6	1.145638	0.1759211	0.5270776
134	7	-0.06517074	0.459473	1.285289
134	8	1.145638	0.1759211	0.5270776
134	9	1.240461	0.1593649	0.4117117
134	10	0.959784	0.2115982	0.7212179
134	11	-0.2249345	0.5836412	0.5256404
134	12	1.240461	0.1593649	0.4117117
134	13	0.5025974	0.4212682	-0.009251245
135	1	-0.2249345	0.5836412	0.5256404
135	2	-0.2249345	0.5836412	0.5256404
135	3	-0.2249345	0.5836412	0.5256404
135	4	1.145638	0.1759211	0.5270776
135	5	-0.06517074	0.459473	1.285289
135	6	1.145638	0.1759211	0.5270776
135	7	-0.06517074	0.459473	1.285289
135	8	1.145638	0.1759211	0.5270776
135	9	1.240461	0.1593649	0.4117117
135	10	0.959784	0.2115982	0.7212179
135	11	-0.2249345	0.5836412	0.5256404
135	12	1.240461	0.1593649	0.4117117
135	13	0.5025974	0.4212682	-0.009251245
136	1	-0.2249345	0.5836412	0.5256404
136	2	-0.2249345	0.5836412	0.5256404
136	3	-0.2249345	0.5836412	0.5256404
136	4	1.145638	0.1759211	0.5270776
136	5	-0.06517074	0.459473	1.285289
136	6	1.145638	0.1759211	0.5270776
136	7	-0.06517074	0.459473	1.285289
136	8	1.145638	0.1759211	0.5270776
136	9	1.240461	0.1593649	0.4117117
136	10	0.959784	0.2115982	0.7212179
136	11	-0.2249345	0.5836412	0.5256404
136	12	1.240461	0.1593649	0.4117117
136	13	0.5025974	0.4212682	-0.009251245
137	2	1.120904	0.1941041	0.4197782
137	3	1.120904	0.1941041	0.4197782
137	11	1.120904	0.1941041	0.4197782
138	2	1.120904	0.1941041	0.4197782
138	3	1.120904	0.1941041	0.4197782
138	11	1.120904	0.1941041	0.4197782
139	2	-0.1193904	0.565087	0.3984804
139	3	-0.1193904	0.565087	0.3984804
139	4	-0.1193904	0.565087	0.3984804
139	5	1.190028	0.1734287	0.4209637
139	6	-0.1193904	0.565087	0.3984804
139	7	1.190028	0.1734287	0.4209637
139	8	-0.1193904	0.565087	0.3984804
139	9	-0.1193904	0.565087	0.3984804
139	10	1.129831	0.1914342	0.4199301
139	11	-0.1193904	0.565087	0.3984804
140	1	-0.2449661	0.5589179	0.8296679
140	2	-0.2449661	0.5589179	0.8296679
140	3	-0.2449661	0.5589179	0.8296679
140	4	-0.2449661	0.5589179	0.8296679
140	5	0.4359278	0.4377575	0.02381378
140	6	-0.2449661	0.5589179	0.8296679
140	7	0.4359278	0.4377575	0.02381378
140	8	-0.2449661	0.5589179	0.8296679
140	9	-0.2449661	0.5589179	0.8296679
140	10	0.00653508	0.547529	0.2013882
140	11	-0.2449661	0.5589179	0.8296679
140	12	1.398662	0.1098983	0.4357045
141	1	-0.2339577	0.562155	0.7651491
141	2	-0.2339577	0.562155	0.7651491
141	3	-0.2339577	0.562155	0.7651491
141	4	-0.2339577	0.562155	0.7651491
141	5	0.4697559	0.4279463	0.02135142
141	6	-0.2339577	0.562155	0.7651491
141	7	0.4697559	0.4279463	0.02135142
141	8	-0.2339577	0.562155	0.7651491
141	9	-0.2339577	0.562155	0.7651491
141	10	-0.2339577	0.562155	0.7651491
141	11	-0.2339577	0.562155	0.7651491
141	12	1.399629	0.1093608	0.438183
141	13	-0.2339577	0.562155	0.7651491
142	1	-0.2339577	0.562155	0.7651491
142	2	-0.2339577	0.562155	0.7651491
142	3	-0.2339577	0.562155	0.7651491
142	4	-0.2339577	0.562155	0.7651491
142	5	0.4697559	0.4279463	0.02135142
142	6	-0.2339577	0.562155	0.7651491
142	7	0.4697559	0.4279463	0.02135142
142	8	-0.2339577	0.562155	0.7651491
142	9	-0.2339577	0.562155	0.7651491
142	10	-0.2339577	0.562155	0.7651491
142	11	-0.2339577	0.562155	0.7651491
142	12	1.399629	0.1093608	0.438183
142	13	-0.2339577	0.562155	0.7651491
143	1	-0.2339577	0.562155	0.7651491
143	2	-0.2339577	0.562155	0.7651491
143	3	-0.2339577	0.562155	0.7651491
143	4	-0.2339577	0.562155	0.7651491
143	5	0.4697559	0.4279463	0.02135142
143	6	-0.2339577	0.562155	0.7651491
143	7	0.4697559	0.4279463	0.02135142
143	8	-0.2339577	0.562155	0.7651491
143	9	-0.2339577	0.562155	0.7651491
143	10	-0.2339577	0.562155	0.7651491
143	11	-0.2339577	0.562155	0.7651491
143	12	1.399629	0.1093608	0.438183
143	13	-0.2339577	0.562155	0.7651491
144	1	-0.2339577	0.562155	0.7651491
144	2	-0.2339577	0.562155	0.7651491
144	3	-0.2339577	0.562155	0.7651491
144	4	-0.2339577	0.562155	0.7651491
144	5	0.4697559	0.4279463	0.02135142
144	6	-0.2339577	0.562155	0.7651491
144	7	0.4697559	0.4279463	0.02135142
144	8	-0.2339577	0.562155	0.7651491
144	9	-0.2339577	0.562155	0.7651491
144	10	-0.2339577	0.562155	0.7651491
144	11	-0.2339577	0.562155	0.7651491
144	12	1.399629	0.1093608	0.438183
144	13	-0.2339577	0.562155	0.7651491
145	1	-0.2339577	0.562155	0.7651491
145	2	-0.2339577	0.562155	0.7651491
145	3	-0.2339577	0.562155	0.7651491
145	4	-0.2339577	0.562155	0.7651491
145	5	0.4697559	0.4279463	0.02135142
145	6	-0.2339577	0.562155	0.7651491
145	7	0.4697559	0.4279463	0.02135142
145	8	-0.2339577	0.562155	0.7651491
145	9	-0.2339577	0.562155	0.7651491
145	10	-0.2339577	0.562155	0.7651491
145	11	-0.2339577	0.562155	0.7651491
145	12	1.399629	0.1093608	0.438183
145	13	-0.2339577	0.562155	0.7651491
146	1	-0.2339577	0.562155	0.7651491
146	2	-0.2339577	0.562155	0.7651491
146	3	-0.2339577	0.562155	0.7651491
146	4	-0.2339577	0.562155	0.7651491
146	5	0.4697559	0.4279463	0.02135142
146	6	-0.2339577	0.562155	0.7651491
146	7	0.4697559	0.4279463	0.02135142
146	8	-0.2339577	0.562155	0.7651491
146	9	-0.2339577	0.562155	0.7651491
146	10	-0.2339577	0.562155	0.7651491
146	11	-0.2339577	0.562155	0.7651491
146	12	1.399629	0.1093608	0.438183
146	13	-0.2339577	0.562155	0.7651491
147	1	-0.2339577	0.562155	0.7651491
147	2	-0.2339577	0.562155	0.7651491
147	3	-0.2339577	0.562155	0.7651491
147	4	-0.2339577	0.562155	0.7651491
147	5	0.4697559	0.4279463	0.02135142
147	6	-0.2339577	0.562155	0.7651491
147	7	0.4697559	0.4279463	0.02135142
147	8	-0.2339577	0.562155	0.7651491
147	9	-0.2339577	0.562155	0.7651491
147	10	-0.2339577	0.562155	0.7651491
147	11	-0.2339577	0.562155	0.7651491
147	12	1.399629	0.1093608	0.438183
147	13	-0.2339577	0.562155	0.7651491
148	1	-0.2339577	0.562155	0.7651491
148	2	-0.2339577	0.562155	0.7651491
148	3	-0.2339577	0.562155	0.7651491
148	4	-0.2339577	0.562155	0.7651491
148	5	0.4697559	0.4279463	0.02135142
148	6	-0.2339577	0.562155	0.7651491
148	7	0.4697559	0.4279463	0.02135142
148	8	-0.2339577	0.562155	0.7651491
148	9	-0.2339577	0.562155	0.7651491
148	10	-0.2339577	0.562155	0.7651491
148	11	-0.2339577	0.562155	0.7651491
148	12	1.399629	0.1093608	0.438183
148	13	-0.2339577	0.562155	0.7651491
149	1	-0.2339577	0.562155	0.7651491
149	2	-0.2339577	0.562155	0.7651491
149	3	-0.2339577	0.562155	0.7651491
149	4	-0.2339577	0.562155	0.7651491
149	5	0.4697559	0.4279463	0.02135142
149	6	-0.2339577	0.562155	0.7651491
149	7	0.4697559	0.4279463	0.02135142
149	8	-0.2339577	0.562155	0.7651491
149	9	-0.2339577	0.562155	0.7651491
149	10	-0.2339577	0.562155	0.7651491
149	11	-0.2339577	0.562155	0.7651491
149	12	1.399629	0.1093608	0.438183
149	13	-0.2339577	0.562155	0.7651491
150	1	1.120904	0.1941041	0.4197782
150	2	1.120904	0.1941041	0.4197782
150	3	1.120904	0.1941041	0.4197782
150	4	1.120904	0.1941041	0.4197782
150	5	1.120904	0.1941041	0.4197782
150	6	1.120904	0.1941041	0.4197782
150	7	1.120904	0.1941041	0.4197782
150	8	1.120904	0.1941041	0.4197782
150	9	1.120904	0.1941041	0.4197782
150	10	1.120904	0.1941041	0.4197782
150	11	1.120904	0.1941041	0.4197782
150	12	1.120904	0.1941041	0.4197782
150	13	1.120904	0.1941041	0.4197782
151	1	1.120904	0.1941041	0.4197782
151	2	1.120904	0.1941041	0.4197782
151	3	1.120904	0.1941041	0.4197782
151	4	1.120904	0.1941041	0.4197782
151	5	1.120904	0.1941041	0.4197782
151	6	1.120904	0.1941041	0.4197782
151	7	1.120904	0.1941041	0.4197782
151	8	1.120904	0.1941041	0.4197782
151	9	1.120904	0.1941041	0.4197782
151	10	1.120904	0.1941041	0.4197782
151	11	1.120904	0.1941041	0.4197782
151	12	1.120904	0.1941041	0.4197782
151	13	1.120904	0.1941041	0.4197782
152	1	1.120904	0.1941041	0.4197782
152	2	1.120904	0.1941041	0.4197782
152	3	1.120904	0.1941041	0.4197782
152	4	1.120904	0.1941041	0.4197782
152	5	1.120904	0.1941041	0.4197782
152	6	1.120904	0.1941041	0.4197782
152	7	1.120904	0.1941041	0.4197782
152	8	1.120904	0.1941041	0.4197782
152	9	1.120904	0.1941041	0.4197782
152	10	1.120904	0.1941041	0.4197782
152	11	1.120904	0.1941041	0.4197782
152	12	1.120904	0.1941041	0.4197782
152	13	1.120904	0.1941041	0.4197782
153	1	1.120904	0.1941041	0.4197782
153	2	1.120904	0.1941041	0.4197782
153	3	1.120904	0.1941041	0.4197782
153	4	1.120904	0.1941041	0.4197782
153	5	1.120904	0.1941041	0.4197782
153	6	1.120904	0.1941041	0.4197782
153	7	1.120904	0.1941041	0.4197782
153	8	1.120904	0.1941041	0.4197782
153	9	1.120904	0.1941041	0.4197782
153	10	1.120904	0.1941041	0.4197782
153	11	1.120904	0.1941041	0.4197782
153	12	1.120904	0.1941041	0.4197782
153	13	1.120904	0.1941041	0.4197782
154	1	1.120904	0.1941041	0.4197782
154	2	1.120904	0.1941041	0.4197782
154	3	1.120904	0.1941041	0.4197782
154	4	1.120904	0.1941041	0.4197782
154	5	1.120904	0.1941041	0.4197782
154	6	1.120904	0.1941041	0.4197782
154	7	1.120904	0.1941041	0.4197782
154	8	1.120904	0.1941041	0.4197782
154	9	1.120904	0.1941041	0.4197782
154	10	1.120904	0.1941041	0.4197782
154	11	1.120904	0.1941041	0.4197782
154	12	1.120904	0.1941041	0.4197782
154	13	1.120904	0.1941041	0.4197782
155	1	1.120904	0.1941041	0.4197782
155	2	1.120904	0.1941041	0.4197782
155	3	1.120904	0.1941041	0.4197782
155	4	1.120904	0.1941041	0.4197782
155	5	1.120904	0.1941041	0.4197782
155	6	1.120904	0.1941041	0.4197782
155	7	1.120904	0.1941041	0.4197782
155	8	1.120904	0.1941041	0.4197782
155	9	1.120904	0.1941041	0.4197782
155	10	1.120904	0.1941041	0.4197782
155	11	1.120904	0.1941041	0.4197782
155	12	1.120904	0.1941041	0.4197782
155	13	1.120904	0.1941041	0.4197782
156	1	1.120904	0.1941041	0.4197782
156	2	1.120904	0.1941041	0.4197782
156	3	1.120904	0.1941041	0.4197782
156	4	1.120904	0.1941041	0.4197782
156	5	1.120904	0.1941041	0.4197782
156	6	1.120904	0.1941041	0.4197782
156	7	1.120904	0.1941041	0.4197782
156	8	1.120904	0.1941041	0.4197782
156	9	1.120904	0.1941041	0.4197782
156	10	1.120904	0.1941041	0.4197782
156	11	1.120904	0.1941041	0.4197782
156	12	1.120904	0.1941041	0.4197782
156	13	1.120904	0.1941041	0.4197782
157	1	1.120904	0.1941041	0.4197782
157	2	1.120904	0.1941041	0.4197782
157	3	1.120904	0.1941041	0.4197782
157	4	1.120904	0.1941041	0.4197782
157	5	1.120904	0.1941041	0.4197782
157	6	1.120904	0.1941041	0.4197782
157	7	1.120904	0.1941041	0.4197782
157	8	1.120904	0.1941041	0.4197782
157	9	1.120904	0.1941041	0.4197782
157	10	1.120904	0.1941041	0.4197782
157	11	1.120904	0.1941041	0.4197782
157	12	1.120904	0.1941041	0.4197782
157	13	1.120904	0.1941041	0.4197782
158	1	1.120904	0.1941041	0.4197782
158	2	1.120904	0.1941041	0.4197782
158	3	1.120904	0.1941041	0.4197782
158	4	1.120904	0.1941041	0.4197782
158	5	1.120904	0.1941041	0.4197782
158	6	1.120904	0.1941041	0.4197782
158	7	1.120904	0.1941041	0.4197782
158	8	1.120904	0.1941041	0.4197782
158	9	1.120904	0.1941041	0.4197782
158	10	1.120904	0.1941041	0.4197782
158	11	1.120904	0.1941041	0.4197782
158	12	1.120904	0.1941041	0.4197782
158	13	1.120904	0.1941041	0.4197782
159	1	1.120904	0.1941041	0.4197782
159	2	1.120904	0.1941041	0.4197782
159	3	1.120904	0.1941041	0.4197782
159	4	1.120904	0.1941041	0.4197782
159	5	1.120904	0.1941041	0.4197782
159	6	1.120904	0.1941041	0.4197782
159	7	1.120904	0.1941041	0.4197782
159	8	1.120904	0.1941041	0.4197782
159	9	1.120904	0.1941041	0.4197782
159	10	1.120904	0.1941041	0.4197782
159	11	1.120904	0.1941041	0.4197782
159	12	1.120904	0.1941041	0.4197782
159	13	1.120904	0.1941041	0.4197782
160	1	1.120904	0.1941041	0.4197782
160	2	1.120904	0.1941041	0.4197782
160	3	1.120904	0.1941041	0.4197782
160	4	1.120904	0.1941041	0.4197782
160	5	1.120904	0.1941041	0.4197782
160	6	1.120904	0.1941041	0.4197782
160	7	1.120904	0.1941041	0.4197782
160	8	1.120904	0.1941041	0.4197782
160	9	1.120904	0.1941041	0.4197782
160	10	1.120904	0.1941041	0.4197782
160	11	1.120904	0.1941041	0.4197782
160	12	1.120904	0.1941041	0.4197782
160	13	1.120904	0.1941041	0.4197782
161	1	1.120904	0.1941041	0.4197782
161	2	1.120904	0.1941041	0.4197782
161	3	1.120904	0.1941041	0.4197782
161	4	1.120904	0.1941041	0.4197782
161	5	1.120904	0.1941041	0.4197782
161	6	1.120904	0.1941041	0.4197782
161	7	1.120904	0.1941041	0.4197782
161	8	1.120904	0.1941041	0.4197782
161	9	1.120904	0.1941041	0.4197782
161	10	1.120904	0.1941041	0.4197782
161	11	1.120904	0.1941041	0.4197782
161	12	1.120904	0.1941041	0.4197782
161	13	1.120904	0.1941041	0.4197782
162	1	1.120904	0.1941041	0.4197782
162	2	1.120904	0.1941041	0.4197782
162	3	1.120904	0.1941041	0.4197782
162	4	1.120904	0.1941041	0.4197782
162	5	1.120904	0.1941041	0.4197782
162	6	1.120904	0.1941041	0.4197782
162	7	1.120904	0.1941041	0.4197782
162	8	1.120904	0.1941041	0.4197782
162	9	1.120904	0.1941041	0.4197782
162	10	1.120904	0.1941041	0.4197782
162	11	1.120904	0.1941041	0.4197782
162	12	1.120904	0.1941041	0.4197782
162	13	1.120904	0.1941041	0.4197782
163	1	1.120904	0.1941041	0.4197782
163	2	1.120904	0.1941041	0.4197782
163	3	1.120904	0.1941041	0.4197782
163	4	1.120904	0.1941041	0.4197782
163	5	1.120904	0.1941041	0.4197782
163	6	1.120904	0.1941041	0.4197782
163	7	1.120904	0.1941041	0.4197782
163	8	1.120904	0.1941041	0.4197782
163	9	1.120904	0.1941041	0.4197782
163	10	1.120904	0.1941041	0.4197782
163	11	1.120904	0.1941041	0.4197782
163	12	1.120904	0.1941041	0.4197782
163	13	1.120904	0.1941041	0.4197782
164	1	1.120904	0.1941041	0.4197782
164	2	1.120904	0.1941041	0.4197782
164	3	1.120904	0.1941041	0.4197782
164	4	1.120904	0.1941041	0.4197782
164	5	1.120904	0.1941041	0.4197782
164	6	1.120904	0.1941041	0.4197782
164	7	1.120904	0.1941041	0.4197782
164	8	1.120904	0.1941041	0.4197782
164	9	1.120904	0.1941041	0.4197782
164	10	1.120904	0.1941041	0.4197782
164	11	1.120904	0.1941041	0.4197782
164	12	1.120904	0.1941041	0.4197782
164	13	1.120904	0.1941041	0.4197782
165	1	1.120904	0.1941041	0.4197782
165	2	1.120904	0.1941041	0.4197782
165	3	1.120904	0.1941041	0.4197782
165	4	1.120904	0.1941041	0.4197782
165	5	1.120904	0.1941041	0.4197782
165	6	1.120904	0.1941041	0.4197782
165	7	1.120904	0.1941041	0.4197782
165	8	1.120904	0.1941041	0.4197782
165	9	1.120904	0.1941041	0.4197782
165	10	1.120904	0.1941041	0.4197782
165	11	1.120904	0.1941041	0.4197782
165	12	1.120904	0.1941041	0.4197782
165	13	1.120904	0.1941041	0.4197782
166	1	1.120904	0.1941041	0.4197782
166	2	1.120904	0.1941041	0.4197782
166	3	1.120904	0.1941041	0.4197782
166	4	1.120904	0.1941041	0.4197782
166	5	1.120904	0.1941041	0.4197782
166	6	1.120904	0.1941041	0.4197782
166	7	1.120904	0.1941041	0.4197782
166	8	1.120904	0.1941041	0.4197782
166	9	1.120904	0.1941041	0.4197782
166	10	1.120904	0.1941041	0.4197782
166	11	1.120904	0.1941041	0.4197782
166	12	1.120904	0.1941041	0.4197782
166	13	1.120904	0.1941041	0.4197782
167	1	1.120904	0.1941041	0.4197782
167	2	1.120904	0.1941041	0.4197782
167	3	1.120904	0.1941041	0.4197782
167	4	1.120904	0.1941041	0.4197782
167	5	1.120904	0.1941041	0.4197782
167	6	1.120904	0.1941041	0.4197782
167	7	1.120904	0.1941041	0.4197782
167	8	1.120904	0.1941041	0.4197782
167	9	1.120904	0.1941041	0.4197782
167	10	1.120904	0.1941041	0.4197782
167	11	1.120904	0.1941041	0.4197782
167	12	1.120904	0.1941041	0.4197782
167	13	1.120904	0.1941041	0.4197782
168	1	1.120904	0.1941041	0.4197782
168	2	1.120904	0.1941041	0.4197782
168	3	1.120904	0.1941041	0.4197782
168	4	1.120904	0.1941041	0.4197782
168	5	1.120904	0.1941041	0.4197782
168	6	1.120904	0.1941041	0.4197782
168	7	1.120904	0.1941041	0.4197782
168	8	1.120904	0.1941041	0.4197782
168	9	1.120904	0.1941041	0.4197782
168	10	1.120904	0.1941041	0.4197782
168	11	1.120904	0.1941041	0.4197782
168	12	1.120904	0.1941041	0.4197782
168	13	1.120904	0.1941041	0.4197782
169	1	1.120904	0.1941041	0.4197782
169	2	1.120904	0.1941041	0.4197782
169	3	1.120904	0.1941041	0.4197782
169	4	1.120904	0.1941041	0.4197782
169	5	1.120904	0.1941041	0.4197782
169	6	1.120904	0.1941041	0.4197782
169	7	1.120904	0.1941041	0.4197782
169	8	1.120904	0.1941041	0.4197782
169	9	1.120904	0.1941041	0.4197782
169	10	1.120904	0.1941041	0.4197782
169	11	1.120904	0.1941041	0.4197782
169	12	1.120904	0.1941041	0.4197782
169	13	1.120904	0.1941041	0.4197782
170	1	1.120904	0.1941041	0.4197782
170	2	1.120904	0.1941041	0.4197782
170	3	1.120904	0.1941041	0.4197782
170	4	1.120904	0.1941041	0.4197782
170	5	1.120904	0.1941041	0.4197782
170	6	1.120904	0.1941041	0.4197782
170	7	1.120904	0.1941041	0.4197782
170	8	1.120904	0.1941041	0.4197782
170	9	1.120904	0.1941041	0.4197782
170	10	1.120904	0.1941041	0.4197782
170	11	1.120904	0.1941041	0.4197782
170	12	1.120904	0.1941041	0.4197782
170	13	1.120904	0.1941041	0.4197782
171	1	1.120904	0.1941041	0.4197782
171	2	1.120904	0.1941041	0.4197782
171	3	1.120904	0.1941041	0.4197782
171	4	1.120904	0.1941041	0.4197782
171	5	1.120904	0.1941041	0.4197782
171	6	1.120904	0.1941041	0.4197782
171	7	1.120904	0.1941041	0.4197782
171	8	1.120904	0.1941041	0.4197782
171	9	1.120904	0.1941041	0.4197782
171	10	1.120904	0.1941041	0.4197782
171	11	1.120904	0.1941041	0.4197782
171	12	1.120904	0.1941041	0.4197782
171	13	1.120904	0.1941041	0.4197782
172	1	1.120904	0.1941041	0.4197782
172	2	1.120904	0.1941041	0.4197782
172	3	1.120904	0.1941041	0.4197782
172	4	1.120904	0.1941041	0.4197782
172	5	1.120904	0.1941041	0.4197782
172	6	1.120904	0.1941041	0.4197782
172	7	1.120904	0.1941041	0.4197782
172	8	1.120904	0.1941041	0.4197782
172	9	1.120904	0.1941041	0.4197782
172	10	1.120904	0.1941041	0.4197782
172	11	1.120904	0.1941041	0.4197782
172	12	1.120904	0.1941041	0.4197782
172	13	1.120904	0.1941041	0.4197782
173	1	1.120904	0.1941041	0.4197782
173	2	1.120904	0.1941041	0.4197782
173	3	1.120904	0.1941041	0.4197782
173	4	1.120904	0.1941041	0.4197782
173	5	1.120904	0.1941041	0.4197782
173	6	1.120904	0.1941041	0.4197782
173	7	1.120904	0.1941041	0.4197782
173	8	1.120904	0.1941041	0.4197782
173	9	1.120904	0.1941041	0.4197782
173	10	1.120904	0.1941041	0.4197782
173	11	1.120904	0.1941041	0.4197782
173	12	1.120904	0.1941041	0.4197782
173	13	1.120904	0.1941041	0.4197782
174	1	1.120904	0.1941041	0.4197782
174	2	1.120904	0.1941041	0.4197782
174	3	1.120904	0.1941041	0.4197782
174	4	1.120904	0.1941041	0.4197782
174	5	1.120904	0.1941041	0.4197782
174	6	1.120904	0.1941041	0.4197782
174	7	1.120904	0.1941041	0.4197782
174	8	1.120904	0.1941041	0.4197782
174	9	1.120904	0.1941041	0.4197782
174	10	1.120904	0.1941041	0.4197782
174	11	1.120904	0.1941041	0.4197782
174	12	1.120904	0.1941041	0.4197782
174	13	1.120904	0.1941041	0.4197782
175	1	1.120904	0.1941041	0.4197782
175	2	1.120904	0.1941041	0.4197782
175	3	1.120904	0.1941041	0.4197782
175	4	1.120904	0.1941041	0.4197782
175	5	1.120904	0.1941041	0.4197782
175	6	1.120904	0.1941041	0.4197782
175	7	1.120904	0.1941041	0.4197782
175	8	1.120904	0.1941041	0.4197782
175	9	1.120904	0.1941041	0.4197782
175	10	1.120904	0.1941041	0.4197782
175	11	1.120904	0.1941041	0.4197782
175	12	1.120904	0.1941041	0.4197782
175	13	1.120904	0.1941041	0.4197782
176	1	1.120904	0.1941041	0.4197782
176	2	1.120904	0.1941041	0.4197782
176	3	1.120904	0.1941041	0.4197782
176	4	1.120904	0.1941041	0.4197782
176	5	1.120904	0.1941041	0.4197782
176	6	1.120904	0.1941041	0.4197782
176	7	1.120904	0.1941041	0.4197782
176	8	1.120904	0.1941041	0.4197782
176	9	1.120904	0.1941041	0.4197782
176	10	1.120904	0.1941041	0.4197782
176	11	1.120904	0.1941041	0.4197782
176	12	1.120904	0.1941041	0.4197782
176	13	1.120904	0.1941041	0.4197782
177	1	1.120904	0.1941041	0.4197782
177	2	1.120904	0.1941041	0.4197782
177	3	1.120904	0.1941041	0.4197782
177	4	1.120904	0.1941041	0.4197782
177	5	1.120904	0.1941041	0.4197782
177	6	1.120904	0.1941041	0.4197782
177	7	1.120904	0.1941041	0.4197782
177	8	1.120904	0.1941041	0.4197782
177	9	1.120904	0.1941041	0.4197782
177	10	1.120904	0.1941041	0.4197782
177	11	1.120904	0.1941041	0.4197782
177	12	1.120904	0.1941041	0.4197782
177	13	1.120904	0.1941041	0.4197782
178	1	1.120904	0.1941041	0.4197782
178	2	1.120904	0.1941041	0.4197782
178	3	1.120904	0.1941041	0.4197782
178	4	1.120904	0.1941041	0.4197782
178	5	1.120904	0.1941041	0.4197782
178	6	1.120904	0.1941041	0.4197782
178	7	1.120904	0.1941041	0.4197782
178	8	1.120904	0.1941041	0.4197782
178	9	1.120904	0.1941041	0.4197782
178	10	1.120904	0.1941041	0.4197782
178	11	1.120904	0.1941041	0.4197782
178	12	1.120904	0.1941041	0.4197782
178	13	1.120904	0.1941041	0.4197782
180	1	1.120904	0.1941041	0.4197782
180	2	1.120904	0.1941041	0.4197782
180	3	1.120904	0.1941041	0.4197782
180	4	1.120904	0.1941041	0.4197782
180	5	1.120904	0.1941041	0.4197782
180	6	1.120904	0.1941041	0.4197782
180	7	1.120904	0.1941041	0.4197782
180	8	1.120904	0.1941041	0.4197782
180	9	1.120904	0.1941041	0.4197782
180	10	1.120904	0.1941041	0.4197782
180	11	1.120904	0.1941041	0.4197782
180	12	1.120904	0.1941041	0.4197782
180	13	1.120904	0.1941041	0.4197782
181	1	1.120904	0.1941041	0.4197782
181	2	1.120904	0.1941041	0.4197782
181	3	1.120904	0.1941041	0.4197782
181	4	1.120904	0.1941041	0.4197782
181	5	1.120904	0.1941041	0.4197782
181	6	1.120904	0.1941041	0.4197782
181	7	1.120904	0.1941041	0.4197782
181	8	1.120904	0.1941041	0.4197782
181	9	1.120904	0.1941041	0.4197782
181	10	1.120904	0.1941041	0.4197782
181	11	1.120904	0.1941041	0.4197782
181	12	1.120904	0.1941041	0.4197782
181	13	1.120904	0.1941041	0.4197782
182	1	1.120904	0.1941041	0.4197782
182	2	1.120904	0.1941041	0.4197782
182	3	1.120904	0.1941041	0.4197782
182	4	1.120904	0.1941041	0.4197782
182	5	1.120904	0.1941041	0.4197782
182	6	1.120904	0.1941041	0.4197782
182	7	1.120904	0.1941041	0.4197782
182	8	1.120904	0.1941041	0.4197782
182	9	1.120904	0.1941041	0.4197782
182	10	1.120904	0.1941041	0.4197782
182	11	1.120904	0.1941041	0.4197782
182	12	1.120904	0.1941041	0.4197782
182	13	1.120904	0.1941041	0.4197782
183	1	1.120904	0.1941041	0.4197782
183	2	1.120904	0.1941041	0.4197782
183	3	1.120904	0.1941041	0.4197782
183	4	1.120904	0.1941041	0.4197782
183	5	1.120904	0.1941041	0.4197782
183	6	1.120904	0.1941041	0.4197782
183	7	1.120904	0.1941041	0.4197782
183	8	1.120904	0.1941041	0.4197782
183	9	1.120904	0.1941041	0.4197782
183	10	1.120904	0.1941041	0.4197782
183	11	1.120904	0.1941041	0.4197782
183	12	1.120904	0.1941041	0.4197782
183	13	1.120904	0.1941041	0.4197782
184	1	1.120904	0.1941041	0.4197782
184	2	1.120904	0.1941041	0.4197782
184	3	1.120904	0.1941041	0.4197782
184	4	1.120904	0.1941041	0.4197782
184	5	1.120904	0.1941041	0.4197782
184	6	1.120904	0.1941041	0.4197782
184	7	1.120904	0.1941041	0.4197782
184	8	1.120904	0.1941041	0.4197782
184	9	1.120904	0.1941041	0.4197782
184	10	1.120904	0.1941041	0.4197782
184	11	1.120904	0.1941041	0.4197782
184	12	1.120904	0.1941041	0.4197782
184	13	1.120904	0.1941041	0.4197782
185	1	1.120904	0.1941041	0.4197782
185	2	1.120904	0.1941041	0.4197782
185	3	1.120904	0.1941041	0.4197782
185	4	1.120904	0.1941041	0.4197782
185	5	1.120904	0.1941041	0.4197782
185	6	1.120904	0.1941041	0.4197782
185	7	1.120904	0.1941041	0.4197782
185	8	1.120904	0.1941041	0.4197782
185	9	1.120904	0.1941041	0.4197782
185	10	1.120904	0.1941041	0.4197782
185	11	1.120904	0.1941041	0.4197782
185	12	1.120904	0.1941041	0.4197782
185	13	1.120904	0.1941041	0.4197782
186	1	1.120904	0.1941041	0.4197782
186	2	1.120904	0.1941041	0.4197782
186	3	1.120904	0.1941041	0.4197782
186	4	1.120904	0.1941041	0.4197782
186	5	1.120904	0.1941041	0.4197782
186	6	1.120904	0.1941041	0.4197782
186	7	1.120904	0.1941041	0.4197782
186	8	1.120904	0.1941041	0.4197782
186	9	1.120904	0.1941041	0.4197782
186	10	1.120904	0.1941041	0.4197782
186	11	1.120904	0.1941041	0.4197782
186	12	1.120904	0.1941041	0.4197782
186	13	1.120904	0.1941041	0.4197782
187	1	1.120904	0.1941041	0.4197782
187	2	1.120904	0.1941041	0.4197782
187	3	1.120904	0.1941041	0.4197782
187	4	1.120904	0.1941041	0.4197782
187	5	1.120904	0.1941041	0.4197782
187	6	1.120904	0.1941041	0.4197782
187	7	1.120904	0.1941041	0.4197782
187	8	1.120904	0.1941041	0.4197782
187	9	1.120904	0.1941041	0.4197782
187	10	1.120904	0.1941041	0.4197782
187	11	1.120904	0.1941041	0.4197782
187	12	1.120904	0.1941041	0.4197782
187	13	1.120904	0.1941041	0.4197782
188	1	1.120904	0.1941041	0.4197782
188	2	1.120904	0.1941041	0.4197782
188	3	1.120904	0.1941041	0.4197782
188	4	1.120904	0.1941041	0.4197782
188	5	1.120904	0.1941041	0.4197782
188	6	1.120904	0.1941041	0.4197782
188	7	1.120904	0.1941041	0.4197782
188	8	1.120904	0.1941041	0.4197782
188	9	1.120904	0.1941041	0.4197782
188	10	1.120904	0.1941041	0.4197782
188	11	1.120904	0.1941041	0.4197782
188	12	1.120904	0.1941041	0.4197782
188	13	1.120904	0.1941041	0.4197782
189	1	1.120904	0.1941041	0.4197782
189	2	1.120904	0.1941041	0.4197782
189	3	1.120904	0.1941041	0.4197782
189	4	1.120904	0.1941041	0.4197782
189	5	1.120904	0.1941041	0.4197782
189	6	1.120904	0.1941041	0.4197782
189	7	1.120904	0.1941041	0.4197782
189	8	1.120904	0.1941041	0.4197782
189	9	1.120904	0.1941041	0.4197782
189	10	1.120904	0.1941041	0.4197782
189	11	1.120904	0.1941041	0.4197782
189	12	1.120904	0.1941041	0.4197782
189	13	1.120904	0.1941041	0.4197782
190	1	1.120904	0.1941041	0.4197782
190	2	1.120904	0.1941041	0.4197782
190	3	1.120904	0.1941041	0.4197782
190	4	1.120904	0.1941041	0.4197782
190	5	1.120904	0.1941041	0.4197782
190	6	1.120904	0.1941041	0.4197782
190	7	1.120904	0.1941041	0.4197782
190	8	1.120904	0.1941041	0.4197782
190	9	1.120904	0.1941041	0.4197782
190	10	1.120904	0.1941041	0.4197782
190	11	1.120904	0.1941041	0.4197782
190	12	1.120904	0.1941041	0.4197782
190	13	1.120904	0.1941041	0.4197782
191	1	1.120904	0.1941041	0.4197782
191	2	1.120904	0.1941041	0.4197782
191	3	1.120904	0.1941041	0.4197782
191	4	1.120904	0.1941041	0.4197782
191	5	1.120904	0.1941041	0.4197782
191	6	1.120904	0.1941041	0.4197782
191	7	1.120904	0.1941041	0.4197782
191	8	1.120904	0.1941041	0.4197782
191	9	1.120904	0.1941041	0.4197782
191	10	1.120904	0.1941041	0.4197782
191	11	1.120904	0.1941041	0.4197782
191	12	1.120904	0.1941041	0.4197782
191	13	1.120904	0.1941041	0.4197782
192	1	1.120904	0.1941041	0.4197782
192	2	1.120904	0.1941041	0.4197782
192	3	1.120904	0.1941041	0.4197782
192	4	1.120904	0.1941041	0.4197782
192	5	1.120904	0.1941041	0.4197782
192	6	1.120904	0.1941041	0.4197782
192	7	1.120904	0.1941041	0.4197782
192	8	1.120904	0.1941041	0.4197782
192	9	1.120904	0.1941041	0.4197782
192	10	1.120904	0.1941041	0.4197782
192	11	1.120904	0.1941041	0.4197782
192	12	1.120904	0.1941041	0.4197782
192	13	1.120904	0.1941041	0.4197782
193	1	1.120904	0.1941041	0.4197782
193	2	1.120904	0.1941041	0.4197782
193	3	1.120904	0.1941041	0.4197782
193	4	1.120904	0.1941041	0.4197782
193	5	1.120904	0.1941041	0.4197782
193	6	1.120904	0.1941041	0.4197782
193	7	1.120904	0.1941041	0.4197782
193	8	1.120904	0.1941041	0.4197782
193	9	1.120904	0.1941041	0.4197782
193	10	1.120904	0.1941041	0.4197782
193	11	1.120904	0.1941041	0.4197782
193	12	1.120904	0.1941041	0.4197782
193	13	1.120904	0.1941041	0.4197782
194	1	1.120904	0.1941041	0.4197782
194	2	1.120904	0.1941041	0.4197782
194	3	1.120904	0.1941041	0.4197782
194	4	1.120904	0.1941041	0.4197782
194	5	1.120904	0.1941041	0.4197782
194	6	1.120904	0.1941041	0.4197782
194	7	1.120904	0.1941041	0.4197782
194	8	1.120904	0.1941041	0.4197782
194	9	1.120904	0.1941041	0.4197782
194	10	1.120904	0.1941041	0.4197782
194	11	1.120904	0.1941041	0.4197782
194	12	1.120904	0.1941041	0.4197782
194	13	1.120904	0.1941041	0.4197782
195	1	1.120904	0.1941041	0.4197782
195	2	1.120904	0.1941041	0.4197782
195	3	1.120904	0.1941041	0.4197782
195	4	1.120904	0.1941041	0.4197782
195	5	1.120904	0.1941041	0.4197782
195	6	1.120904	0.1941041	0.4197782
195	7	1.120904	0.1941041	0.4197782
195	8	1.120904	0.1941041	0.4197782
195	9	1.120904	0.1941041	0.4197782
195	10	1.120904	0.1941041	0.4197782
195	11	1.120904	0.1941041	0.4197782
195	12	1.120904	0.1941041	0.4197782
195	13	1.120904	0.1941041	0.4197782
196	1	1.120904	0.1941041	0.4197782
196	2	1.120904	0.1941041	0.4197782
196	3	1.120904	0.1941041	0.4197782
196	4	1.120904	0.1941041	0.4197782
196	5	1.120904	0.1941041	0.4197782
196	6	1.120904	0.1941041	0.4197782
196	7	1.120904	0.1941041	0.4197782
196	8	1.120904	0.1941041	0.4197782
196	9	1.120904	0.1941041	0.4197782
196	10	1.120904	0.1941041	0.4197782
196	11	1.120904	0.1941041	0.4197782
196	12	1.120904	0.1941041	0.4197782
196	13	1.120904	0.1941041	0.4197782
197	1	1.120904	0.1941041	0.4197782
197	2	1.120904	0.1941041	0.4197782
197	3	1.120904	0.1941041	0.4197782
197	4	1.120904	0.1941041	0.4197782
197	5	1.120904	0.1941041	0.4197782
197	6	1.120904	0.1941041	0.4197782
197	7	1.120904	0.1941041	0.4197782
197	8	1.120904	0.1941041	0.4197782
197	9	1.120904	0.1941041	0.4197782
197	10	1.120904	0.1941041	0.4197782
197	11	1.120904	0.1941041	0.4197782
197	12	1.120904	0.1941041	0.4197782
197	13	1.120904	0.1941041	0.4197782
198	1	1.120904	0.1941041	0.4197782
198	2	1.120904	0.1941041	0.4197782
198	3	1.120904	0.1941041	0.4197782
198	4	1.120904	0.1941041	0.4197782
198	5	1.120904	0.1941041	0.4197782
198	6	1.120904	0.1941041	0.4197782
198	7	1.120904	0.1941041	0.4197782
198	8	1.120904	0.1941041	0.4197782
198	9	1.120904	0.1941041	0.4197782
198	10	1.120904	0.1941041	0.4197782
198	11	1.120904	0.1941041	0.4197782
198	12	1.120904	0.1941041	0.4197782
198	13	1.120904	0.1941041	0.4197782
199	1	1.120904	0.1941041	0.4197782
199	2	1.120904	0.1941041	0.4197782
199	3	1.120904	0.1941041	0.4197782
199	4	1.120904	0.1941041	0.4197782
199	5	1.120904	0.1941041	0.4197782
199	6	1.120904	0.1941041	0.4197782
199	7	1.120904	0.1941041	0.4197782
199	8	1.120904	0.1941041	0.4197782
199	9	1.120904	0.1941041	0.4197782
199	10	1.120904	0.1941041	0.4197782
199	11	1.120904	0.1941041	0.4197782
199	12	1.120904	0.1941041	0.4197782
199	13	1.120904	0.1941041	0.4197782
200	1	1.120904	0.1941041	0.4197782
200	2	1.120904	0.1941041	0.4197782
200	3	1.120904	0.1941041	0.4197782
200	4	1.120904	0.1941041	0.4197782
200	5	1.120904	0.1941041	0.4197782
200	6	1.120904	0.1941041	0.4197782
200	7	1.120904	0.1941041	0.4197782
200	8	1.120904	0.1941041	0.4197782
200	9	1.120904	0.1941041	0.4197782
200	10	1.120904	0.1941041	0.4197782
200	11	1.120904	0.1941041	0.4197782
200	12	1.120904	0.1941041	0.4197782
200	13	1.120904	0.1941041	0.4197782
201	1	1.120904	0.1941041	0.4197782
201	2	1.120904	0.1941041	0.4197782
201	3	1.120904	0.1941041	0.4197782
201	4	1.120904	0.1941041	0.4197782
201	5	1.120904	0.1941041	0.4197782
201	6	1.120904	0.1941041	0.4197782
201	7	1.120904	0.1941041	0.4197782
201	8	1.120904	0.1941041	0.4197782
201	9	1.120904	0.1941041	0.4197782
201	10	1.120904	0.1941041	0.4197782
201	11	1.120904	0.1941041	0.4197782
201	12	1.120904	0.1941041	0.4197782
201	13	1.120904	0.1941041	0.4197782
202	1	1.120904	0.1941041	0.4197782
202	2	1.120904	0.1941041	0.4197782
202	3	1.120904	0.1941041	0.4197782
202	4	1.120904	0.1941041	0.4197782
202	5	1.120904	0.1941041	0.4197782
202	6	1.120904	0.1941041	0.4197782
202	7	1.120904	0.1941041	0.4197782
202	8	1.120904	0.1941041	0.4197782
202	9	1.120904	0.1941041	0.4197782
202	10	1.120904	0.1941041	0.4197782
202	11	1.120904	0.1941041	0.4197782
202	12	1.120904	0.1941041	0.4197782
202	13	1.120904	0.1941041	0.4197782
203	1	1.120904	0.1941041	0.4197782
203	2	1.120904	0.1941041	0.4197782
203	3	1.120904	0.1941041	0.4197782
203	4	1.120904	0.1941041	0.4197782
203	5	1.120904	0.1941041	0.4197782
203	6	1.120904	0.1941041	0.4197782
203	7	1.120904	0.1941041	0.4197782
203	8	1.120904	0.1941041	0.4197782
203	9	1.120904	0.1941041	0.4197782
203	10	1.120904	0.1941041	0.4197782
203	11	1.120904	0.1941041	0.4197782
203	12	1.120904	0.1941041	0.4197782
203	13	1.120904	0.1941041	0.4197782
204	1	1.120904	0.1941041	0.4197782
204	2	1.120904	0.1941041	0.4197782
204	3	1.120904	0.1941041	0.4197782
204	4	1.120904	0.1941041	0.4197782
204	5	1.120904	0.1941041	0.4197782
204	6	1.120904	0.1941041	0.4197782
204	7	1.120904	0.1941041	0.4197782
204	8	1.120904	0.1941041	0.4197782
204	9	1.120904	0.1941041	0.4197782
204	10	1.120904	0.1941041	0.4197782
204	11	1.120904	0.1941041	0.4197782
204	12	1.120904	0.1941041	0.4197782
204	13	1.120904	0.1941041	0.4197782
205	1	1.120904	0.1941041	0.4197782
205	2	1.120904	0.1941041	0.4197782
205	3	1.120904	0.1941041	0.4197782
205	4	1.120904	0.1941041	0.4197782
205	5	1.120904	0.1941041	0.4197782
205	6	1.120904	0.1941041	0.4197782
205	7	1.120904	0.1941041	0.4197782
205	8	1.120904	0.1941041	0.4197782
205	9	1.120904	0.1941041	0.4197782
205	10	1.120904	0.1941041	0.4197782
205	11	1.120904	0.1941041	0.4197782
205	12	1.120904	0.1941041	0.4197782
205	13	1.120904	0.1941041	0.4197782
206	1	1.120904	0.1941041	0.4197782
206	2	1.120904	0.1941041	0.4197782
206	3	1.120904	0.1941041	0.4197782
206	4	1.120904	0.1941041	0.4197782
206	5	1.120904	0.1941041	0.4197782
206	6	1.120904	0.1941041	0.4197782
206	7	1.120904	0.1941041	0.4197782
206	8	1.120904	0.1941041	0.4197782
206	9	1.120904	0.1941041	0.4197782
206	10	1.120904	0.1941041	0.4197782
206	11	1.120904	0.1941041	0.4197782
206	12	1.120904	0.1941041	0.4197782
206	13	1.120904	0.1941041	0.4197782
207	1	1.120904	0.1941041	0.4197782
207	2	1.120904	0.1941041	0.4197782
207	3	1.120904	0.1941041	0.4197782
207	4	1.120904	0.1941041	0.4197782
207	5	1.120904	0.1941041	0.4197782
207	6	1.120904	0.1941041	0.4197782
207	7	1.120904	0.1941041	0.4197782
207	8	1.120904	0.1941041	0.4197782
207	9	1.120904	0.1941041	0.4197782
207	10	1.120904	0.1941041	0.4197782
207	11	1.120904	0.1941041	0.4197782
207	12	1.120904	0.1941041	0.4197782
207	13	1.120904	0.1941041	0.4197782
208	1	1.120904	0.1941041	0.4197782
208	2	1.120904	0.1941041	0.4197782
208	3	1.120904	0.1941041	0.4197782
208	4	1.120904	0.1941041	0.4197782
208	5	1.120904	0.1941041	0.4197782
208	6	1.120904	0.1941041	0.4197782
208	7	1.120904	0.1941041	0.4197782
208	8	1.120904	0.1941041	0.4197782
208	9	1.120904	0.1941041	0.4197782
208	10	1.120904	0.1941041	0.4197782
208	11	1.120904	0.1941041	0.4197782
208	12	1.120904	0.1941041	0.4197782
208	13	1.120904	0.1941041	0.4197782
209	1	1.120904	0.1941041	0.4197782
209	2	1.120904	0.1941041	0.4197782
209	3	1.120904	0.1941041	0.4197782
209	4	1.120904	0.1941041	0.4197782
209	5	1.120904	0.1941041	0.4197782
209	6	1.120904	0.1941041	0.4197782
209	7	1.120904	0.1941041	0.4197782
209	8	1.120904	0.1941041	0.4197782
209	9	1.120904	0.1941041	0.4197782
209	10	1.120904	0.1941041	0.4197782
209	11	1.120904	0.1941041	0.4197782
209	12	1.120904	0.1941041	0.4197782
209	13	1.120904	0.1941041	0.4197782
210	1	1.120904	0.1941041	0.4197782
210	2	1.120904	0.1941041	0.4197782
210	3	1.120904	0.1941041	0.4197782
210	4	1.120904	0.1941041	0.4197782
210	6	1.120904	0.1941041	0.4197782
210	7	1.120904	0.1941041	0.4197782
210	8	1.120904	0.1941041	0.4197782
210	9	1.120904	0.1941041	0.4197782
210	10	1.120904	0.1941041	0.4197782
210	11	1.120904	0.1941041	0.4197782
210	12	1.120904	0.1941041	0.4197782
210	13	1.120904	0.1941041	0.4197782
211	1	1.120904	0.1941041	0.4197782
211	2	1.120904	0.1941041	0.4197782
211	3	1.120904	0.1941041	0.4197782
211	4	1.120904	0.1941041	0.4197782
211	6	1.120904	0.1941041	0.4197782
211	7	1.120904	0.1941041	0.4197782
211	8	1.120904	0.1941041	0.4197782
211	9	1.120904	0.1941041	0.4197782
211	10	1.120904	0.1941041	0.4197782
211	11	1.120904	0.1941041	0.4197782
211	12	1.120904	0.1941041	0.4197782
211	13	1.120904	0.1941041	0.4197782
212	2	1.120904	0.1941041	0.4197782
212	4	1.120904	0.1941041	0.4197782
212	5	1.120904	0.1941041	0.4197782
212	6	1.120904	0.1941041	0.4197782
212	7	1.120904	0.1941041	0.4197782
212	8	1.120904	0.1941041	0.4197782
212	9	1.120904	0.1941041	0.4197782
212	11	1.120904	0.1941041	0.4197782
212	12	1.120904	0.1941041	0.4197782
212	13	1.120904	0.1941041	0.4197782
213	1	1.145765	0.1866680	0.420205
213	2	-0.1111943	0.5626357	0.3986198
213	3	1.145765	0.1866680	0.420205
213	4	-0.1111943	0.5626357	0.3986198
213	5	-0.1111943	0.5626357	0.3986198
213	6	-0.1111943	0.5626357	0.3986198
213	7	-0.1111943	0.5626357	0.3986198
213	8	-0.1111943	0.5626357	0.3986198
213	9	-0.1111943	0.5626357	0.3986198
213	11	-0.1111943	0.5626357	0.3986198
213	12	-0.1111943	0.5626357	0.3986198
213	13	-0.1111943	0.5626357	0.3986198
214	1	1.144767	0.1869666	0.4201877
214	2	-0.1117084	0.5627894	0.3986112
214	3	1.144767	0.1869666	0.4201876
214	4	-0.1117084	0.5627894	0.3986112
214	6	-0.1117084	0.5627894	0.3986112
214	8	-0.1117084	0.5627894	0.3986112
214	9	-0.1117084	0.5627894	0.3986112
214	11	-0.1117084	0.5627894	0.3986112
214	12	-0.1117084	0.5627894	0.3986112
214	13	-0.1117084	0.5627894	0.3986112
215	1	-0.1277775	0.5675958	0.3983351
215	2	-0.1124789	0.5630199	0.3985978
215	3	-0.1277775	0.5675958	0.3983351
215	4	-0.1124789	0.5630199	0.3985978
215	6	-0.1124789	0.5630199	0.3985978
215	7	1.234426	0.1601488	0.4217275
215	8	-0.1124789	0.5630199	0.3985978
215	11	-0.1124789	0.5630199	0.3985978
216	1	-0.2886175	0.5590235	0.9572557
216	2	-0.1196041	0.5715491	0.335074
216	3	-0.2886175	0.5590235	0.9572557
216	4	-0.1196041	0.5715491	0.335074
216	5	1.007632	0.262652	0.07429621
216	6	-0.1196041	0.5715491	0.335074
216	7	1.007632	0.262652	0.07429621
216	8	-0.1196041	0.5715491	0.335074
216	9	1.238695	0.1515320	0.4945338
216	11	-0.1196041	0.5715491	0.335074
216	12	1.238695	0.1515320	0.4945338
216	13	1.238695	0.1515320	0.4945338
217	1	1.120904	0.1941041	0.4197782
217	2	1.120904	0.1941041	0.4197782
217	3	1.120904	0.1941041	0.4197782
217	4	1.120904	0.1941041	0.4197782
217	5	1.120904	0.1941041	0.4197782
217	6	1.120904	0.1941041	0.4197782
217	7	1.120904	0.1941041	0.4197782
217	8	1.120904	0.1941041	0.4197782
217	9	1.120904	0.1941041	0.4197782
217	11	1.120904	0.1941041	0.4197782
217	12	1.120904	0.1941041	0.4197782
217	13	1.120904	0.1941041	0.4197782
218	1	1.120904	0.1941041	0.4197782
218	2	1.120904	0.1941041	0.4197782
218	3	1.120904	0.1941041	0.4197782
218	4	1.120904	0.1941041	0.4197782
218	5	1.120904	0.1941041	0.4197782
218	6	1.120904	0.1941041	0.4197782
218	7	1.120904	0.1941041	0.4197782
218	8	1.120904	0.1941041	0.4197782
218	9	1.120904	0.1941041	0.4197782
218	11	1.120904	0.1941041	0.4197782
218	12	1.120904	0.1941041	0.4197782
218	13	1.120904	0.1941041	0.4197782
219	1	1.120904	0.1941041	0.4197782
219	2	1.120904	0.1941041	0.4197782
219	3	1.120904	0.1941041	0.4197782
219	4	1.120904	0.1941041	0.4197782
219	5	1.120904	0.1941041	0.4197782
219	6	1.120904	0.1941041	0.4197782
219	7	1.120904	0.1941041	0.4197782
219	8	1.120904	0.1941041	0.4197782
219	9	1.120904	0.1941041	0.4197782
219	11	1.120904	0.1941041	0.4197782
219	12	1.120904	0.1941041	0.4197782
219	13	1.120904	0.1941041	0.4197782
220	1	1.120904	0.1941041	0.4197782
220	2	1.120904	0.1941041	0.4197782
220	3	1.120904	0.1941041	0.4197782
220	4	1.120904	0.1941041	0.4197782
220	5	1.120904	0.1941041	0.4197782
220	6	1.120904	0.1941041	0.4197782
220	7	1.120904	0.1941041	0.4197782
220	8	1.120904	0.1941041	0.4197782
220	9	1.120904	0.1941041	0.4197782
220	11	1.120904	0.1941041	0.4197782
220	12	1.120904	0.1941041	0.4197782
220	13	1.120904	0.1941041	0.4197782
221	1	1.120904	0.1941041	0.4197782
221	2	1.120904	0.1941041	0.4197782
221	3	1.120904	0.1941041	0.4197782
221	4	1.120904	0.1941041	0.4197782
221	5	1.120904	0.1941041	0.4197782
221	6	1.120904	0.1941041	0.4197782
221	7	1.120904	0.1941041	0.4197782
221	8	1.120904	0.1941041	0.4197782
221	9	1.120904	0.1941041	0.4197782
221	11	1.120904	0.1941041	0.4197782
221	12	1.120904	0.1941041	0.4197782
221	13	1.120904	0.1941041	0.4197782
222	1	1.120904	0.1941041	0.4197782
222	2	1.120904	0.1941041	0.4197782
222	3	1.120904	0.1941041	0.4197782
222	4	1.120904	0.1941041	0.4197782
222	5	1.120904	0.1941041	0.4197782
222	6	1.120904	0.1941041	0.4197782
222	7	1.120904	0.1941041	0.4197782
222	8	1.120904	0.1941041	0.4197782
222	9	1.120904	0.1941041	0.4197782
222	11	1.120904	0.1941041	0.4197782
222	12	1.120904	0.1941041	0.4197782
222	13	1.120904	0.1941041	0.4197782
223	1	1.120904	0.1941041	0.4197782
223	2	1.120904	0.1941041	0.4197782
223	3	1.120904	0.1941041	0.4197782
223	4	1.120904	0.1941041	0.4197782
223	5	1.120904	0.1941041	0.4197782
223	6	1.120904	0.1941041	0.4197782
223	7	1.120904	0.1941041	0.4197782
223	8	1.120904	0.1941041	0.4197782
223	9	1.120904	0.1941041	0.4197782
223	11	1.120904	0.1941041	0.4197782
223	12	1.120904	0.1941041	0.4197782
223	13	1.120904	0.1941041	0.4197782
224	1	1.120904	0.1941041	0.4197782
224	2	1.120904	0.1941041	0.4197782
224	3	1.120904	0.1941041	0.4197782
224	4	1.120904	0.1941041	0.4197782
224	5	1.120904	0.1941041	0.4197782
224	6	1.120904	0.1941041	0.4197782
224	7	1.120904	0.1941041	0.4197782
224	8	1.120904	0.1941041	0.4197782
224	9	1.120904	0.1941041	0.4197782
224	11	1.120904	0.1941041	0.4197782
224	12	1.120904	0.1941041	0.4197782
224	13	1.120904	0.1941041	0.4197782
225	1	1.120904	0.1941041	0.4197782
225	2	1.120904	0.1941041	0.4197782
225	3	1.120904	0.1941041	0.4197782
225	4	1.120904	0.1941041	0.4197782
225	5	1.120904	0.1941041	0.4197782
225	6	1.120904	0.1941041	0.4197782
225	7	1.120904	0.1941041	0.4197782
225	8	1.120904	0.1941041	0.4197782
225	9	1.120904	0.1941041	0.4197782
225	11	1.120904	0.1941041	0.4197782
225	12	1.120904	0.1941041	0.4197782
225	13	1.120904	0.1941041	0.4197782
226	1	1.120904	0.1941041	0.4197782
226	2	1.120904	0.1941041	0.4197782
226	3	1.120904	0.1941041	0.4197782
226	4	1.120904	0.1941041	0.4197782
226	5	1.120904	0.1941041	0.4197782
226	6	1.120904	0.1941041	0.4197782
226	7	1.120904	0.1941041	0.4197782
226	8	1.120904	0.1941041	0.4197782
226	9	1.120904	0.1941041	0.4197782
226	11	1.120904	0.1941041	0.4197782
226	12	1.120904	0.1941041	0.4197782
226	13	1.120904	0.1941041	0.4197782
227	1	-0.1151426	0.5638165	0.3985532
227	2	-0.1151426	0.5638165	0.3985532
227	3	-0.1151426	0.5638165	0.3985532
227	4	-0.1151426	0.5638165	0.3985532
227	5	-0.1151426	0.5638165	0.3985532
227	6	-0.1151426	0.5638165	0.3985532
227	7	-0.1151426	0.5638165	0.3985532
227	8	-0.1151426	0.5638165	0.3985532
227	9	-0.1151426	0.5638165	0.3985532
227	10	1.275617	0.1478282	0.4224336
227	11	-0.1151426	0.5638165	0.3985532
227	12	-0.1151426	0.5638165	0.3985532
227	13	-0.1151426	0.5638165	0.3985532
228	1	-0.1098098	0.5622214	0.3986448
228	2	-0.1098098	0.5622214	0.3986448
228	3	-0.1098098	0.5622214	0.3986448
228	4	-0.1098098	0.5622214	0.3986448
228	5	-0.1098098	0.5622214	0.3986448
228	6	-0.1098098	0.5622214	0.3986448
228	7	-0.1098098	0.5622214	0.3986448
228	8	-0.1098098	0.5622214	0.3986448
228	9	-0.1098098	0.5622214	0.3986448
228	10	1.148455	0.1858634	0.4202499
228	11	-0.1098098	0.5622214	0.3986448
228	12	-0.1098098	0.5622214	0.3986448
228	13	-0.1098098	0.5622214	0.3986448
229	1	-0.1098098	0.5622214	0.3986448
229	2	-0.1098098	0.5622214	0.3986448
229	3	-0.1098098	0.5622214	0.3986448
229	4	-0.1098098	0.5622214	0.3986448
229	5	-0.1098098	0.5622214	0.3986448
229	6	-0.1098098	0.5622214	0.3986448
229	7	-0.1098098	0.5622214	0.3986448
229	8	-0.1098098	0.5622214	0.3986448
229	9	-0.1098098	0.5622214	0.3986448
229	10	1.148455	0.1858634	0.4202499
229	11	-0.1098098	0.5622214	0.3986448
229	12	-0.1098098	0.5622214	0.3986448
229	13	-0.1098098	0.5622214	0.3986448
231	1	1.120904	0.1941041	0.4197782
231	2	1.120904	0.1941041	0.4197782
231	3	1.120904	0.1941041	0.4197782
231	4	1.120904	0.1941041	0.4197782
231	5	1.120904	0.1941041	0.4197782
231	6	1.120904	0.1941041	0.4197782
231	7	1.120904	0.1941041	0.4197782
231	8	1.120904	0.1941041	0.4197782
231	9	1.120904	0.1941041	0.4197782
231	10	1.120904	0.1941041	0.4197782
231	11	1.120904	0.1941041	0.4197782
231	12	1.120904	0.1941041	0.4197782
231	13	1.120904	0.1941041	0.4197782
232	1	1.120904	0.1941041	0.4197782
232	2	1.120904	0.1941041	0.4197782
232	3	1.120904	0.1941041	0.4197782
232	4	1.120904	0.1941041	0.4197782
232	5	1.120904	0.1941041	0.4197782
232	6	1.120904	0.1941041	0.4197782
232	7	1.120904	0.1941041	0.4197782
232	8	1.120904	0.1941041	0.4197782
232	9	1.120904	0.1941041	0.4197782
232	10	1.120904	0.1941041	0.4197782
232	11	1.120904	0.1941041	0.4197782
232	12	1.120904	0.1941041	0.4197782
232	13	1.120904	0.1941041	0.4197782
