1	1	1.120904	0.1941041	0.4197782
1	2	1.120904	0.1941041	0.4197782
1	3	1.120904	0.1941041	0.4197782
1	4	1.120904	0.1941041	0.4197782
2	1	1.120904	0.1941041	0.4197782
2	2	1.120904	0.1941041	0.4197782
2	3	1.120904	0.1941041	0.4197782
2	4	1.120904	0.1941041	0.4197782
3	1	1.120904	0.1941041	0.4197782
3	2	1.120904	0.1941041	0.4197782
3	3	1.120904	0.1941041	0.4197782
3	4	1.120904	0.1941041	0.4197782
4	1	1.120904	0.1941041	0.4197782
4	2	1.120904	0.1941041	0.4197782
4	3	1.120904	0.1941041	0.4197782
4	4	1.120904	0.1941041	0.4197782
5	1	1.120904	0.1941041	0.4197782
5	2	1.120904	0.1941041	0.4197782
5	3	1.120904	0.1941041	0.4197782
5	4	1.120904	0.1941041	0.4197782
8	1	0.00845382	0.5547151	0.1245224
8	2	1.386908	0.1255427	0.3153152
8	3	-0.2617678	0.5310762	1.155078
8	4	-0.2617678	0.5310762	1.155078
9	2	1.309443	0.1377103	0.4230159
9	3	-0.1551758	0.575791	0.3978644
9	4	-0.1551758	0.575791	0.3978644
10	2	1.182476	0.1756876	0.4208356
10	3	-0.1243637	0.5665747	0.3983935
10	4	-0.1243637	0.5665747	0.3983935
11	2	1.182476	0.1756876	0.4208356
11	3	-0.1243637	0.5665747	0.3983935
11	4	-0.1243637	0.5665747	0.3983935
12	2	1.120904	0.1941041	0.4197782
12	3	1.120904	0.1941041	0.4197782
12	4	1.120904	0.1941041	0.4197782
13	1	1.261228	0.1521319	0.422188
13	2	-0.1321507	0.5689039	0.3982598
13	3	-0.1321507	0.5689039	0.3982598
13	4	-0.1321507	0.5689039	0.3982598
14	1	1.120904	0.1941041	0.4197782
14	2	1.120904	0.1941041	0.4197782
14	3	1.120904	0.1941041	0.4197782
14	4	1.120904	0.1941041	0.4197782
15	1	1.120904	0.1941041	0.4197782
15	2	1.120904	0.1941041	0.4197782
15	3	1.120904	0.1941041	0.4197782
15	4	1.120904	0.1941041	0.4197782
16	1	1.120904	0.1941041	0.4197782
16	2	1.120904	0.1941041	0.4197782
16	3	1.120904	0.1941041	0.4197782
16	4	1.120904	0.1941041	0.4197782
17	1	1.120904	0.1941041	0.4197782
17	2	1.120904	0.1941041	0.4197782
17	3	1.120904	0.1941041	0.4197782
17	4	1.120904	0.1941041	0.4197782
18	1	1.120904	0.1941041	0.4197782
18	2	1.120904	0.1941041	0.4197782
18	3	1.120904	0.1941041	0.4197782
18	4	1.120904	0.1941041	0.4197782
19	1	1.120904	0.1941041	0.4197782
19	2	1.120904	0.1941041	0.4197782
19	3	1.120904	0.1941041	0.4197782
19	4	1.120904	0.1941041	0.4197782
20	1	1.120904	0.1941041	0.4197782
20	2	1.120904	0.1941041	0.4197782
20	3	1.120904	0.1941041	0.4197782
20	4	1.120904	0.1941041	0.4197782
21	1	1.120904	0.1941041	0.4197782
21	2	1.120904	0.1941041	0.4197782
21	3	1.120904	0.1941041	0.4197782
21	4	1.120904	0.1941041	0.4197782
22	1	1.120904	0.1941041	0.4197782
22	2	1.120904	0.1941041	0.4197782
22	3	1.120904	0.1941041	0.4197782
22	4	1.120904	0.1941041	0.4197782
23	1	1.120904	0.1941041	0.4197782
23	2	1.120904	0.1941041	0.4197782
23	3	1.120904	0.1941041	0.4197782
23	4	1.120904	0.1941041	0.4197782
24	1	1.120904	0.1941041	0.4197782
24	2	1.120904	0.1941041	0.4197782
24	3	1.120904	0.1941041	0.4197782
24	4	1.120904	0.1941041	0.4197782
25	1	1.120904	0.1941041	0.4197782
25	2	1.120904	0.1941041	0.4197782
25	3	1.120904	0.1941041	0.4197782
25	4	1.120904	0.1941041	0.4197782
26	1	1.120904	0.1941041	0.4197782
26	2	1.120904	0.1941041	0.4197782
26	3	1.120904	0.1941041	0.4197782
26	4	1.120904	0.1941041	0.4197782
27	1	1.120904	0.1941041	0.4197782
27	2	1.120904	0.1941041	0.4197782
27	3	1.120904	0.1941041	0.4197782
27	4	1.120904	0.1941041	0.4197782
28	1	1.120904	0.1941041	0.4197782
28	2	1.120904	0.1941041	0.4197782
28	3	1.120904	0.1941041	0.4197782
28	4	1.120904	0.1941041	0.4197782
29	1	1.120904	0.1941041	0.4197782
29	2	1.120904	0.1941041	0.4197782
29	3	1.120904	0.1941041	0.4197782
29	4	1.120904	0.1941041	0.4197782
30	2	1.120904	0.1941041	0.4197782
30	3	1.120904	0.1941041	0.4197782
30	4	1.120904	0.1941041	0.4197782
31	2	1.120904	0.1941041	0.4197782
31	3	1.120904	0.1941041	0.4197782
31	4	1.120904	0.1941041	0.4197782
32	1	1.408068	0.108211	0.4247096
32	2	-0.1551759	0.575791	0.3978644
32	3	-0.1551759	0.575791	0.3978644
32	4	-0.1551759	0.575791	0.3978644
33	1	1.408068	0.108211	0.4247096
33	2	-0.1551759	0.575791	0.3978644
33	3	-0.1551759	0.575791	0.3978644
33	4	-0.1551759	0.575791	0.3978644
34	1	1.408068	0.108211	0.4247096
34	2	-0.1551759	0.575791	0.3978644
34	3	-0.1551759	0.575791	0.3978644
34	4	-0.1551759	0.575791	0.3978644
35	1	1.408068	0.108211	0.4247096
35	2	-0.1551759	0.575791	0.3978644
35	3	-0.1551759	0.575791	0.3978644
35	4	-0.1551759	0.575791	0.3978644
36	1	1.408068	0.108211	0.4247096
36	2	-0.1551759	0.575791	0.3978644
36	3	-0.1551759	0.575791	0.3978644
36	4	-0.1551759	0.575791	0.3978644
37	1	1.170187	0.216561	0.05201119
37	2	0.617445	0.2626355	1.224286
37	3	-0.1879878	0.5856053	0.3973009
37	4	-0.1879878	0.5856053	0.3973009
38	1	1.374866	0.1181419	0.4241394
38	3	-0.1702482	0.5802992	0.3976055
38	4	-0.1702482	0.5802992	0.3976055
39	1	1.309443	0.1377103	0.4230159
39	4	-0.1997335	0.5891185	0.3970992
40	1	1.309443	0.1377103	0.4230159
40	4	-0.1997335	0.5891185	0.3970992
43	1	1.120904	0.1941041	0.4197782
43	2	1.120904	0.1941041	0.4197782
43	3	1.120904	0.1941041	0.4197782
43	4	1.120904	0.1941041	0.4197782
44	1	1.120904	0.1941041	0.4197782
44	2	1.120904	0.1941041	0.4197782
44	3	1.120904	0.1941041	0.4197782
44	4	1.120904	0.1941041	0.4197782
45	1	1.120904	0.1941041	0.4197782
45	2	1.120904	0.1941041	0.4197782
45	3	1.120904	0.1941041	0.4197782
45	4	1.120904	0.1941041	0.4197782
46	1	1.120904	0.1941041	0.4197782
46	2	1.120904	0.1941041	0.4197782
46	3	1.120904	0.1941041	0.4197782
46	4	1.120904	0.1941041	0.4197782
47	1	1.120904	0.1941041	0.4197782
47	2	1.120904	0.1941041	0.4197782
47	3	1.120904	0.1941041	0.4197782
47	4	1.120904	0.1941041	0.4197782
51	3	1.120904	0.1941041	0.4197782
51	4	1.120904	0.1941041	0.4197782
52	3	1.120904	0.1941041	0.4197782
52	4	1.120904	0.1941041	0.4197782
53	3	1.120904	0.1941041	0.4197782
53	4	1.120904	0.1941041	0.4197782
54	3	1.120904	0.1941041	0.4197782
54	4	1.120904	0.1941041	0.4197782
55	3	1.120904	0.1941041	0.4197782
55	4	1.120904	0.1941041	0.4197782
56	3	1.120904	0.1941041	0.4197782
56	4	1.120904	0.1941041	0.4197782
57	1	1.120904	0.1941041	0.4197782
57	3	1.120904	0.1941041	0.4197782
57	4	1.120904	0.1941041	0.4197782
58	1	1.120904	0.1941041	0.4197782
58	3	1.120904	0.1941041	0.4197782
58	4	1.120904	0.1941041	0.4197782
59	1	1.120904	0.1941041	0.4197782
59	3	1.120904	0.1941041	0.4197782
59	4	1.120904	0.1941041	0.4197782
60	1	1.120904	0.1941041	0.4197782
60	3	1.120904	0.1941041	0.4197782
60	4	1.120904	0.1941041	0.4197782
61	1	1.213737	0.166337	0.4213724
61	2	-0.2423374	0.6018617	0.3963676
61	3	1.213737	0.166337	0.4213724
61	4	1.213737	0.166337	0.4213724
62	1	1.213737	0.166337	0.4213724
62	2	-0.2423374	0.6018617	0.3963676
62	3	1.213737	0.166337	0.4213724
62	4	1.213737	0.166337	0.4213724
63	1	1.213737	0.166337	0.4213724
63	2	-0.2423374	0.6018617	0.3963676
63	3	1.213737	0.166337	0.4213724
63	4	1.213737	0.166337	0.4213724
64	1	1.213737	0.166337	0.4213724
64	2	-0.2423374	0.6018617	0.3963676
64	3	1.213737	0.166337	0.4213724
64	4	1.213737	0.166337	0.4213724
65	1	1.213737	0.166337	0.4213724
65	2	-0.2423374	0.6018617	0.3963676
65	3	1.213737	0.166337	0.4213724
65	4	1.213737	0.166337	0.4213724
66	1	1.213737	0.166337	0.4213724
66	2	-0.2423374	0.6018617	0.3963676
66	3	1.213737	0.166337	0.4213724
66	4	1.213737	0.166337	0.4213724
67	1	1.213737	0.166337	0.4213724
67	2	-0.2423374	0.6018617	0.3963676
67	3	1.213737	0.166337	0.4213724
67	4	1.213737	0.166337	0.4213724
68	1	1.213737	0.166337	0.4213724
68	2	-0.2423374	0.6018617	0.3963676
68	3	1.213737	0.166337	0.4213724
68	4	1.213737	0.166337	0.4213724
69	2	1.374866	0.1181419	0.4241394
69	3	-0.1702482	0.5802992	0.3976055
69	4	-0.1702482	0.5802992	0.3976055
70	2	1.374866	0.1181419	0.4241394
70	3	-0.1702482	0.5802992	0.3976055
70	4	-0.1702482	0.5802992	0.3976055
71	2	1.374866	0.1181419	0.4241394
71	3	-0.1702482	0.5802992	0.3976055
71	4	-0.1702482	0.5802992	0.3976055
72	2	1.374866	0.1181419	0.4241394
72	3	-0.1702482	0.5802992	0.3976055
72	4	-0.1702482	0.5802992	0.3976055
76	3	1.120904	0.1941041	0.4197782
76	4	1.120904	0.1941041	0.4197782
77	3	1.120904	0.1941041	0.4197782
77	4	1.120904	0.1941041	0.4197782
78	3	1.120904	0.1941041	0.4197782
78	4	1.120904	0.1941041	0.4197782
79	3	1.120904	0.1941041	0.4197782
79	4	1.120904	0.1941041	0.4197782
80	1	1.374866	0.1181419	0.4241394
80	3	-0.1702482	0.5802992	0.3976055
80	4	-0.1702482	0.5802992	0.3976055
88	1	1.245318	0.1568909	0.4219147
88	2	-0.2283505	0.5976781	0.3966078
88	4	1.245318	0.1568909	0.4219147
89	1	1.245318	0.1568909	0.4219147
89	2	-0.2283505	0.5976781	0.3966078
89	4	1.245318	0.1568909	0.4219147
90	1	1.245318	0.1568909	0.4219147
90	2	-0.2283505	0.5976781	0.3966078
90	4	1.245318	0.1568909	0.4219147
91	1	1.245318	0.1568909	0.4219147
91	2	-0.2283505	0.5976781	0.3966078
91	4	1.245318	0.1568909	0.4219147
92	1	1.245318	0.1568909	0.4219147
92	2	-0.2283505	0.5976781	0.3966078
92	4	1.245318	0.1568909	0.4219147
93	1	-0.1702482	0.5802992	0.3976055
93	2	-0.1702482	0.5802992	0.3976055
93	4	1.374866	0.1181419	0.4241394
94	1	-0.1702482	0.5802992	0.3976055
94	2	-0.1702482	0.5802992	0.3976055
94	4	1.374866	0.1181419	0.4241394
95	1	-0.1702482	0.5802992	0.3976055
95	2	-0.1702482	0.5802992	0.3976055
95	4	1.374866	0.1181419	0.4241394
96	1	-0.1997335	0.5891185	0.3970992
96	2	-0.1997335	0.5891185	0.3970992
96	3	1.309443	0.1377103	0.4230159
96	4	1.309443	0.1377103	0.4230159
97	1	-0.1997335	0.5891185	0.3970992
97	2	-0.1997335	0.5891185	0.3970992
97	3	1.309443	0.1377103	0.4230159
97	4	1.309443	0.1377103	0.4230159
98	1	-0.1997335	0.5891185	0.3970992
98	2	-0.1997335	0.5891185	0.3970992
98	3	1.309443	0.1377103	0.4230159
98	4	1.309443	0.1377103	0.4230159
99	1	-0.1997335	0.5891185	0.3970992
99	2	-0.1997335	0.5891185	0.3970992
99	3	1.309443	0.1377103	0.4230159
99	4	1.309443	0.1377103	0.4230159
100	3	1.120904	0.1941041	0.4197782
100	4	1.120904	0.1941041	0.4197782
101	3	1.120904	0.1941041	0.4197782
101	4	1.120904	0.1941041	0.4197782
102	1	1.120904	0.1941041	0.4197782
102	2	1.120904	0.1941041	0.4197782
102	3	1.120904	0.1941041	0.4197782
102	4	1.120904	0.1941041	0.4197782
103	1	1.120904	0.1941041	0.4197782
103	2	1.120904	0.1941041	0.4197782
103	3	1.120904	0.1941041	0.4197782
103	4	1.120904	0.1941041	0.4197782
104	1	1.120904	0.1941041	0.4197782
104	2	1.120904	0.1941041	0.4197782
104	3	1.120904	0.1941041	0.4197782
104	4	1.120904	0.1941041	0.4197782
105	1	1.120904	0.1941041	0.4197782
105	2	1.120904	0.1941041	0.4197782
105	3	1.120904	0.1941041	0.4197782
105	4	1.120904	0.1941041	0.4197782
106	1	1.120904	0.1941041	0.4197782
106	2	1.120904	0.1941041	0.4197782
106	3	1.120904	0.1941041	0.4197782
106	4	1.120904	0.1941041	0.4197782
107	1	1.120904	0.1941041	0.4197782
107	2	1.120904	0.1941041	0.4197782
107	3	1.120904	0.1941041	0.4197782
107	4	1.120904	0.1941041	0.4197782
108	1	1.120904	0.1941041	0.4197782
108	2	1.120904	0.1941041	0.4197782
108	3	1.120904	0.1941041	0.4197782
108	4	1.120904	0.1941041	0.4197782
109	1	1.120904	0.1941041	0.4197782
109	2	1.120904	0.1941041	0.4197782
109	3	1.120904	0.1941041	0.4197782
109	4	1.120904	0.1941041	0.4197782
110	1	1.120904	0.1941041	0.4197782
110	2	1.120904	0.1941041	0.4197782
110	3	1.120904	0.1941041	0.4197782
110	4	1.120904	0.1941041	0.4197782
111	1	1.120904	0.1941041	0.4197782
111	2	1.120904	0.1941041	0.4197782
111	3	1.120904	0.1941041	0.4197782
111	4	1.120904	0.1941041	0.4197782
112	1	1.120904	0.1941041	0.4197782
112	2	1.120904	0.1941041	0.4197782
112	3	1.120904	0.1941041	0.4197782
112	4	1.120904	0.1941041	0.4197782
115	1	1.120904	0.1941041	0.4197782
115	2	1.120904	0.1941041	0.4197782
115	3	1.120904	0.1941041	0.4197782
115	4	1.120904	0.1941041	0.4197782
116	1	1.120904	0.1941041	0.4197782
116	2	1.120904	0.1941041	0.4197782
116	3	1.120904	0.1941041	0.4197782
116	4	1.120904	0.1941041	0.4197782
117	1	1.408068	0.108211	0.4247096
117	2	-0.1551759	0.575791	0.3978644
117	3	-0.1551759	0.575791	0.3978644
117	4	-0.1551759	0.575791	0.3978644
118	1	1.408068	0.108211	0.4247096
118	2	-0.1551759	0.575791	0.3978644
118	3	-0.1551759	0.575791	0.3978644
118	4	-0.1551759	0.575791	0.3978644
119	2	1.120904	0.1941041	0.4197782
119	3	1.120904	0.1941041	0.4197782
119	4	1.120904	0.1941041	0.4197782
120	2	1.120904	0.1941041	0.4197782
120	3	1.120904	0.1941041	0.4197782
120	4	1.120904	0.1941041	0.4197782
121	1	1.408068	0.108211	0.4247096
121	2	-0.1551759	0.575791	0.3978644
121	3	-0.1551759	0.575791	0.3978644
121	4	-0.1551759	0.575791	0.3978644
122	1	1.408068	0.108211	0.4247096
122	2	-0.1551759	0.575791	0.3978644
122	3	-0.1551759	0.575791	0.3978644
122	4	-0.1551759	0.575791	0.3978644
123	1	1.408068	0.108211	0.4247096
123	2	-0.1551759	0.575791	0.3978644
123	3	-0.1551759	0.575791	0.3978644
123	4	-0.1551759	0.575791	0.3978644
124	1	1.408068	0.108211	0.4247096
124	2	-0.1551759	0.575791	0.3978644
124	3	-0.1551759	0.575791	0.3978644
124	4	-0.1551759	0.575791	0.3978644
125	1	1.261228	0.1521319	0.422188
125	2	-0.1321507	0.5689039	0.3982598
125	3	-0.1321507	0.5689039	0.3982598
125	4	-0.1321507	0.5689039	0.3982598
126	1	1.120904	0.1941041	0.4197782
126	2	1.120904	0.1941041	0.4197782
126	3	1.120904	0.1941041	0.4197782
126	4	1.120904	0.1941041	0.4197782
127	1	1.120904	0.1941041	0.4197782
127	2	1.120904	0.1941041	0.4197782
127	3	1.120904	0.1941041	0.4197782
127	4	1.120904	0.1941041	0.4197782
128	1	1.120904	0.1941041	0.4197782
128	2	1.120904	0.1941041	0.4197782
128	3	1.120904	0.1941041	0.4197782
128	4	1.120904	0.1941041	0.4197782
