1	1	1.120904	0.1941041	0.4197782
1	2	1.120904	0.1941041	0.4197782
1	3	1.120904	0.1941041	0.4197782
1	4	1.120904	0.1941041	0.4197782
1	5	1.120904	0.1941041	0.4197782
1	6	1.120904	0.1941041	0.4197782
1	7	1.120904	0.1941041	0.4197782
1	8	1.120904	0.1941041	0.4197782
2	2	1.120904	0.1941041	0.4197782
2	4	1.120904	0.1941041	0.4197782
2	5	1.120904	0.1941041	0.4197782
2	6	1.120904	0.1941041	0.4197782
2	7	1.120904	0.1941041	0.4197782
2	8	1.120904	0.1941041	0.4197782
3	2	1.120904	0.1941041	0.4197782
3	4	1.120904	0.1941041	0.4197782
3	5	1.120904	0.1941041	0.4197782
3	6	1.120904	0.1941041	0.4197782
3	7	1.120904	0.1941041	0.4197782
3	8	1.120904	0.1941041	0.4197782
4	2	1.120904	0.1941041	0.4197782
4	4	1.120904	0.1941041	0.4197782
4	5	1.120904	0.1941041	0.4197782
4	6	1.120904	0.1941041	0.4197782
4	7	1.120904	0.1941041	0.4197782
4	8	1.120904	0.1941041	0.4197782
5	2	1.120904	0.1941041	0.4197782
5	4	1.120904	0.1941041	0.4197782
5	5	1.120904	0.1941041	0.4197782
5	6	1.120904	0.1941041	0.4197782
5	7	1.120904	0.1941041	0.4197782
5	8	1.120904	0.1941041	0.4197782
6	2	1.120904	0.1941041	0.4197782
6	4	1.120904	0.1941041	0.4197782
6	5	1.120904	0.1941041	0.4197782
6	6	1.120904	0.1941041	0.4197782
6	7	1.120904	0.1941041	0.4197782
6	8	1.120904	0.1941041	0.4197782
7	2	-0.1237553	0.5663927	0.3984047
7	5	-0.1143208	0.5635708	0.3985667
7	6	1.146639	0.1864066	0.4202194
7	7	1.146639	0.1864066	0.4202194
7	8	-0.1143208	0.5635708	0.3985667
8	2	-0.1312441	0.5686327	0.3982754
8	5	-0.1218746	0.5658302	0.3984363
8	6	1.168875	0.1797556	0.4206020
8	7	1.168875	0.1797556	0.420602
8	8	-0.1218746	0.5658302	0.3984363
9	2	-0.1312441	0.5686327	0.3982754
9	5	-0.1218746	0.5658302	0.3984363
9	6	1.168875	0.1797556	0.4206020
9	7	1.168875	0.1797556	0.420602
9	8	-0.1218746	0.5658302	0.3984363
10	2	0.003502498	0.5492694	0.1930780
10	5	-0.2237795	0.564702	0.7099157
10	6	1.182022	0.17914	0.3879610
10	7	1.182022	0.17914	0.3879610
10	8	-0.2237795	0.564702	0.7099157
11	2	1.203722	0.1885333	0.2309293
11	3	-0.1180633	0.5669194	0.3764114
11	5	0.9921503	0.2085961	0.6555886
11	6	-0.1180633	0.5669194	0.3764114
11	7	-0.1180633	0.5669194	0.3764114
11	8	0.9921503	0.2085961	0.6555886
12	2	1.203722	0.1885333	0.2309293
12	3	-0.1180633	0.5669194	0.3764114
12	5	0.9921503	0.2085961	0.6555886
12	6	-0.1180633	0.5669194	0.3764114
12	7	-0.1180633	0.5669194	0.3764114
12	8	0.9921503	0.2085961	0.6555886
13	2	1.275272	0.1581902	0.3207687
13	3	-0.1764145	0.5713998	0.5039662
13	5	0.3921975	0.3355800	1.165212
13	6	-0.1764145	0.5713998	0.5039662
13	7	0.09795498	0.5293879	0.1117561
14	2	1.284768	0.1606484	0.2684262
14	3	-0.2300732	0.5673547	0.7021751
14	5	0.5928888	0.2886902	1.038459
14	6	-0.2300732	0.5673547	0.7021751
14	7	0.01384737	0.5497684	0.1576485
50	5	-0.1643061	0.5785219	0.3977076
50	6	1.232774	0.1606430	0.4216993
51	5	-0.1643061	0.5785219	0.3977076
51	6	1.232774	0.1606430	0.4216993
52	5	-0.1643061	0.5785219	0.3977076
52	6	1.232774	0.1606430	0.4216993
53	5	0.7661437	0.3393818	0.02557166
53	6	-0.2546823	0.5890913	0.559295
53	8	1.050867	0.1841086	0.725218
54	5	1.195026	0.1719338	0.4210502
54	6	-0.1822268	0.583882	0.3974008
54	8	1.195026	0.1719338	0.4210502
55	5	1.195026	0.1719338	0.4210502
55	6	-0.1822268	0.583882	0.3974008
55	8	1.195026	0.1719338	0.4210502
56	5	1.195026	0.1719338	0.4210502
56	6	-0.1822268	0.583882	0.3974008
56	8	1.195026	0.1719338	0.4210502
57	5	1.195026	0.1719338	0.4210502
57	6	-0.1822268	0.583882	0.3974008
57	8	1.195026	0.1719338	0.4210502
58	5	-0.1643061	0.5785219	0.3977076
58	6	1.232774	0.1606430	0.4216993
59	5	-0.1643061	0.5785219	0.3977076
59	6	1.232774	0.1606430	0.4216993
60	5	-0.1643061	0.5785219	0.3977076
60	6	1.232774	0.1606430	0.4216993
61	5	-0.1643061	0.5785219	0.3977076
61	6	1.232774	0.1606430	0.4216993
62	5	-0.1643061	0.5785219	0.3977076
62	6	1.232774	0.1606430	0.4216993
63	5	-0.1643061	0.5785219	0.3977076
63	6	1.232774	0.1606430	0.4216993
64	5	-0.1643061	0.5785219	0.3977076
64	6	1.232774	0.1606430	0.4216993
65	5	-0.1643061	0.5785219	0.3977076
65	6	1.232774	0.1606430	0.4216993
66	5	-0.1643061	0.5785219	0.3977076
66	6	1.232774	0.1606430	0.4216993
67	5	-0.1643061	0.5785219	0.3977076
67	6	1.232774	0.1606430	0.4216993
68	5	-0.1643061	0.5785219	0.3977076
68	6	1.232774	0.1606430	0.4216993
69	5	-0.1643061	0.5785219	0.3977076
69	6	1.232774	0.1606430	0.4216993
70	5	-0.1643061	0.5785219	0.3977076
70	6	1.232774	0.1606430	0.4216993
71	5	-0.1643061	0.5785219	0.3977076
71	6	1.232774	0.1606430	0.4216993
72	5	-0.1643061	0.5785219	0.3977076
72	6	1.232774	0.1606430	0.4216993
73	5	-0.1643061	0.5785219	0.3977076
73	6	1.232774	0.1606430	0.4216993
74	5	-0.1643061	0.5785219	0.3977076
74	6	1.232774	0.1606430	0.4216993
75	5	-0.1643061	0.5785219	0.3977076
75	6	1.232774	0.1606430	0.4216993
76	5	1.195026	0.1719338	0.4210502
76	6	-0.1822268	0.583882	0.3974008
76	8	1.195026	0.1719338	0.4210502
77	5	1.195026	0.1719338	0.4210502
77	6	-0.1822268	0.583882	0.3974008
77	8	1.195026	0.1719338	0.4210502
78	5	1.195026	0.1719338	0.4210502
78	6	-0.1822268	0.583882	0.3974008
78	8	1.195026	0.1719338	0.4210502
79	5	1.195026	0.1719338	0.4210502
79	6	-0.1822268	0.583882	0.3974008
79	8	1.195026	0.1719338	0.4210502
80	5	1.195026	0.1719338	0.4210502
80	6	-0.1822268	0.583882	0.3974008
80	8	1.195026	0.1719338	0.4210502
81	5	1.195026	0.1719338	0.4210502
81	6	-0.1822268	0.583882	0.3974008
81	8	1.195026	0.1719338	0.4210502
82	5	1.195026	0.1719338	0.4210502
82	6	-0.1822268	0.583882	0.3974008
82	8	1.195026	0.1719338	0.4210502
83	5	1.195026	0.1719338	0.4210502
83	6	-0.1822268	0.583882	0.3974008
83	8	1.195026	0.1719338	0.4210502
84	6	-0.1643061	0.5785219	0.3977076
84	8	1.232774	0.1606430	0.4216993
85	6	-0.1643061	0.5785219	0.3977076
85	8	1.232774	0.1606430	0.4216993
86	6	-0.1643061	0.5785219	0.3977076
86	8	1.232774	0.1606430	0.4216993
87	6	-0.1643061	0.5785219	0.3977076
87	8	1.232774	0.1606430	0.4216993
88	6	-0.1643061	0.5785219	0.3977076
88	8	1.232774	0.1606430	0.4216993
89	5	1.195026	0.1719338	0.4210502
89	6	-0.1822268	0.583882	0.3974008
89	8	1.195026	0.1719338	0.4210502
90	5	1.195026	0.1719338	0.4210502
90	6	-0.1822268	0.583882	0.3974008
90	8	1.195026	0.1719338	0.4210502
91	5	1.195026	0.1719338	0.4210502
91	6	-0.1822268	0.583882	0.3974008
91	8	1.195026	0.1719338	0.4210502
92	5	1.195026	0.1719338	0.4210502
92	6	-0.1822268	0.583882	0.3974008
92	8	1.195026	0.1719338	0.4210502
93	5	1.195026	0.1719338	0.4210502
93	6	-0.1822268	0.583882	0.3974008
93	8	1.195026	0.1719338	0.4210502
94	5	1.195026	0.1719338	0.4210502
94	6	-0.1822268	0.583882	0.3974008
94	8	1.195026	0.1719338	0.4210502
95	5	1.195026	0.1719338	0.4210502
95	6	-0.1822268	0.583882	0.3974008
95	8	1.195026	0.1719338	0.4210502
96	5	1.195026	0.1719338	0.4210502
96	6	-0.1822268	0.583882	0.3974008
96	8	1.195026	0.1719338	0.4210502
97	5	1.195026	0.1719338	0.4210502
97	6	-0.1822268	0.583882	0.3974008
97	8	1.195026	0.1719338	0.4210502
98	5	1.195026	0.1719338	0.4210502
98	6	-0.1822268	0.583882	0.3974008
98	8	1.195026	0.1719338	0.4210502
99	5	1.195026	0.1719338	0.4210502
99	6	-0.1822268	0.583882	0.3974008
99	8	1.195026	0.1719338	0.4210502
100	5	1.195026	0.1719338	0.4210502
100	6	-0.1822268	0.583882	0.3974008
100	8	1.195026	0.1719338	0.4210502
101	5	1.195026	0.1719338	0.4210502
101	6	-0.1822268	0.583882	0.3974008
101	8	1.195026	0.1719338	0.4210502
105	5	1.242283	0.1577987	0.4218626
105	6	-0.1688159	0.5798708	0.3976301
106	5	1.242283	0.1577987	0.4218626
106	6	-0.1688159	0.5798708	0.3976301
107	5	1.242283	0.1577987	0.4218626
107	6	-0.1688159	0.5798708	0.3976301
108	5	1.242283	0.1577987	0.4218626
108	6	-0.1688159	0.5798708	0.3976301
109	5	1.242283	0.1577987	0.4218626
109	6	-0.1688159	0.5798708	0.3976301
110	5	1.242283	0.1577987	0.4218626
110	6	-0.1688159	0.5798708	0.3976301
111	5	1.201285	0.1700615	0.4211575
111	6	-0.1881299	0.5856477	0.3972996
111	8	1.201285	0.1700615	0.4211575
112	5	1.201285	0.1700615	0.4211575
112	6	-0.1881299	0.5856477	0.3972996
112	8	1.201285	0.1700615	0.4211575
113	3	1.093720	0.1833624	0.6063325
113	5	-0.1759626	0.5816474	0.401085
113	6	1.093720	0.1833624	0.6063325
113	7	1.211391	0.1928975	0.1650844
113	8	-0.1759626	0.5816474	0.401085
114	3	1.093720	0.1833624	0.6063325
114	5	-0.1759626	0.5816474	0.401085
114	6	1.093720	0.1833624	0.6063325
114	7	1.211391	0.1928975	0.1650844
114	8	-0.1759626	0.5816474	0.401085
115	3	1.093720	0.1833624	0.6063325
115	5	-0.1759626	0.5816474	0.401085
115	6	1.093720	0.1833624	0.6063325
115	7	1.211391	0.1928975	0.1650844
115	8	-0.1759626	0.5816474	0.401085
116	3	1.093720	0.1833624	0.6063325
116	5	-0.1759626	0.5816474	0.401085
116	6	1.093720	0.1833624	0.6063325
116	7	1.211391	0.1928975	0.1650844
116	8	-0.1759626	0.5816474	0.401085
117	3	1.093720	0.1833624	0.6063325
117	5	-0.1759626	0.5816474	0.401085
117	6	1.093720	0.1833624	0.6063325
117	7	1.211391	0.1928975	0.1650844
117	8	-0.1759626	0.5816474	0.401085
118	3	1.093720	0.1833624	0.6063325
118	5	-0.1759626	0.5816474	0.401085
118	6	1.093720	0.1833624	0.6063325
118	7	1.211391	0.1928975	0.1650844
118	8	-0.1759626	0.5816474	0.401085
119	3	1.093720	0.1833624	0.6063325
119	5	-0.1759626	0.5816474	0.401085
119	6	1.093720	0.1833624	0.6063325
119	7	1.211391	0.1928975	0.1650844
119	8	-0.1759626	0.5816474	0.401085
120	3	1.093720	0.1833624	0.6063325
120	5	-0.1759626	0.5816474	0.401085
120	6	1.093720	0.1833624	0.6063325
120	7	1.211391	0.1928975	0.1650844
120	8	-0.1759626	0.5816474	0.401085
121	3	1.093720	0.1833624	0.6063325
121	5	-0.1759626	0.5816474	0.401085
121	6	1.093720	0.1833624	0.6063325
121	7	1.211391	0.1928975	0.1650844
121	8	-0.1759626	0.5816474	0.401085
122	3	1.093720	0.1833624	0.6063325
122	5	-0.1759626	0.5816474	0.401085
122	6	1.093720	0.1833624	0.6063325
122	7	1.211391	0.1928975	0.1650844
122	8	-0.1759626	0.5816474	0.401085
159	5	1.120904	0.1941041	0.4197782
159	8	1.120904	0.1941041	0.4197782
160	5	1.120904	0.1941041	0.4197782
160	8	1.120904	0.1941041	0.4197782
161	5	1.120904	0.1941041	0.4197782
161	8	1.120904	0.1941041	0.4197782
162	5	1.120904	0.1941041	0.4197782
162	8	1.120904	0.1941041	0.4197782
187	1	0.9902792	0.2713224	0.03951376
187	2	0.8252029	0.2327848	0.9078604
187	4	0.8252029	0.2327848	0.9078604
187	5	-0.2416429	0.6003166	0.4096324
188	1	0.01209492	0.5506096	0.1544768
188	2	-0.2278585	0.5789102	0.5811392
188	4	-0.2278585	0.5789102	0.5811392
188	5	1.407305	0.1084914	0.4241789
189	1	0.01209492	0.5506096	0.1544768
189	2	-0.2278585	0.5789102	0.5811392
189	4	-0.2278585	0.5789102	0.5811392
189	5	1.407305	0.1084914	0.4241789
190	1	0.01209492	0.5506096	0.1544768
190	2	-0.2278585	0.5789102	0.5811392
190	4	-0.2278585	0.5789102	0.5811392
190	5	1.407305	0.1084914	0.4241789
191	1	0.01209492	0.5506096	0.1544768
191	2	-0.2278585	0.5789102	0.5811392
191	4	-0.2278585	0.5789102	0.5811392
191	5	1.407305	0.1084914	0.4241789
192	1	0.01209492	0.5506096	0.1544768
192	2	-0.2278585	0.5789102	0.5811392
192	4	-0.2278585	0.5789102	0.5811392
192	5	1.407305	0.1084914	0.4241789
193	1	0.01209492	0.5506096	0.1544768
193	2	-0.2278585	0.5789102	0.5811392
193	4	-0.2278585	0.5789102	0.5811392
193	5	1.407305	0.1084914	0.4241789
194	1	0.01209492	0.5506096	0.1544768
194	2	-0.2278585	0.5789102	0.5811392
194	4	-0.2278585	0.5789102	0.5811392
194	5	1.407305	0.1084914	0.4241789
195	1	0.01209492	0.5506096	0.1544768
195	2	-0.2278585	0.5789102	0.5811392
195	4	-0.2278585	0.5789102	0.5811392
195	5	1.407305	0.1084914	0.4241789
196	1	-0.07522241	0.5686259	0.2332549
196	2	-0.2550739	0.5835354	0.6155061
196	5	1.374317	0.1184105	0.4230947
197	1	1.309660	0.1376456	0.4230197
197	5	-0.1998305	0.5891475	0.3970975
198	1	0.2442698	0.4940297	0.03097135
198	2	-0.2958485	0.5746171	0.8240387
198	4	-0.2958485	0.5746171	0.8240387
198	5	1.390869	0.1114731	0.4430653
199	1	0.2442698	0.4940297	0.03097135
199	2	-0.2958485	0.5746171	0.8240387
199	4	-0.2958485	0.5746171	0.8240387
199	5	1.390869	0.1114731	0.4430653
200	1	-0.07270219	0.5658801	0.2530377
200	2	-0.1939852	0.5782492	0.4878696
200	4	-0.1939852	0.5782492	0.4878696
200	5	1.408704	0.1081584	0.4233561
201	1	-0.1289458	0.5782333	0.2963651
201	2	-0.2088486	0.5857894	0.4569508
201	4	-0.2088486	0.5857894	0.4569508
201	5	1.349276	0.1259553	0.4221220
201	8	1.349276	0.1259553	0.4221220
202	1	-0.1289458	0.5782333	0.2963651
202	2	-0.2088486	0.5857894	0.4569508
202	4	-0.2088486	0.5857894	0.4569508
202	5	1.349276	0.1259553	0.4221220
202	8	1.349276	0.1259553	0.4221220
203	1	-0.1289458	0.5782333	0.2963651
203	2	-0.2088486	0.5857894	0.4569508
203	4	-0.2088486	0.5857894	0.4569508
203	5	1.349276	0.1259553	0.4221220
203	8	1.349276	0.1259553	0.4221220
204	1	-0.1289458	0.5782333	0.2963651
204	2	-0.2088486	0.5857894	0.4569508
204	4	-0.2088486	0.5857894	0.4569508
204	5	1.349276	0.1259553	0.4221220
204	8	1.349276	0.1259553	0.4221220
205	1	-0.1289458	0.5782333	0.2963651
205	2	-0.2088486	0.5857894	0.4569508
205	4	-0.2088486	0.5857894	0.4569508
205	5	1.349276	0.1259553	0.4221220
205	8	1.349276	0.1259553	0.4221220
206	1	-0.07270219	0.5658801	0.2530377
206	2	-0.1939852	0.5782492	0.4878696
206	4	-0.1939852	0.5782492	0.4878696
206	5	1.408704	0.1081584	0.4233561
207	1	-0.2007538	0.5900119	0.3912528
207	2	-0.2010123	0.5901007	0.3911344
207	3	1.341278	0.146198	0.2450952
207	4	-0.2010123	0.5901007	0.3911344
207	5	0.5849735	0.2732262	1.215027
207	6	1.341278	0.146198	0.2450952
207	7	1.233431	0.185487	0.1735686
212	1	1.170115	0.1793847	0.4206233
212	2	-0.1212471	0.5656425	0.398447
212	4	-0.1212471	0.5656425	0.398447
213	1	-0.1392389	0.5821429	0.2879559
213	2	-0.1429177	0.5794375	0.3256055
213	3	1.312943	0.1478829	0.3118963
213	4	-0.1429177	0.5794375	0.3256055
213	5	-0.02390693	0.4317755	1.438160
213	6	1.312943	0.1478829	0.3118963
213	7	1.307330	0.1484127	0.323189
214	1	-0.1488246	0.5789561	0.3477826
214	2	-0.1291439	0.5694069	0.3844148
214	3	1.181037	0.1775542	0.4065760
214	4	-0.1291439	0.5694069	0.3844148
214	5	0.4988782	0.3084214	1.119969
214	6	1.181037	0.1775542	0.4065760
214	7	1.232596	0.1836865	0.1938729
215	2	0.3141565	0.3553776	1.199003
215	3	1.128269	0.1886419	0.4522017
215	4	0.3141565	0.3553776	1.199003
215	5	1.128269	0.1886419	0.4522017
215	6	1.128269	0.1886419	0.4522017
215	7	1.049147	0.2497121	0.08018623
215	8	-0.1597932	0.5829806	0.3402246
216	2	0.3141565	0.3553776	1.199003
216	3	1.128269	0.1886419	0.4522017
216	4	0.3141565	0.3553776	1.199003
216	5	1.128269	0.1886419	0.4522017
216	6	1.128269	0.1886419	0.4522017
216	7	1.049147	0.2497121	0.08018623
216	8	-0.1597932	0.5829806	0.3402246
217	1	-0.1221570	0.5659118	0.3984604
217	2	-0.1221569	0.5659118	0.3984603
217	3	-0.1221570	0.5659118	0.3984604
217	4	-0.1221570	0.5659118	0.3984604
217	5	-0.1221570	0.5659118	0.3984604
217	6	-0.1221570	0.5659118	0.3984604
217	8	1.282002	0.1459216	0.4225113
218	1	-0.1221570	0.5659118	0.3984604
218	2	-0.1221569	0.5659118	0.3984603
218	3	-0.1221570	0.5659118	0.3984604
218	4	-0.1221570	0.5659118	0.3984604
218	5	-0.1221570	0.5659118	0.3984604
218	6	-0.1221570	0.5659118	0.3984604
218	8	1.282002	0.1459216	0.4225113
219	1	-0.124386	0.5665804	0.3984037
219	3	-0.124386	0.5665804	0.3984037
219	4	-0.1243860	0.5665804	0.3984037
219	5	-0.1243860	0.5665804	0.3984037
219	6	-0.1243860	0.5665804	0.3984037
219	8	1.277403	0.1472950	0.4224537
220	1	1.120904	0.1941041	0.4197782
220	3	1.120904	0.1941041	0.4197782
220	4	1.120904	0.1941041	0.4197782
220	5	1.120904	0.1941041	0.4197782
220	6	1.120904	0.1941041	0.4197782
221	1	1.120904	0.1941041	0.4197782
221	4	1.120904	0.1941041	0.4197782
221	5	1.120904	0.1941041	0.4197782
221	6	1.120904	0.1941041	0.4197782
222	1	1.120904	0.1941041	0.4197782
222	4	1.120904	0.1941041	0.4197782
222	5	1.120904	0.1941041	0.4197782
222	6	1.120904	0.1941041	0.4197782
223	1	1.120904	0.1941041	0.4197782
223	4	1.120904	0.1941041	0.4197782
223	5	1.120904	0.1941041	0.4197782
223	6	1.120904	0.1941041	0.4197782
224	1	1.120904	0.1941041	0.4197782
224	2	1.120904	0.1941041	0.4197782
224	4	1.120904	0.1941041	0.4197782
224	5	1.120904	0.1941041	0.4197782
224	6	1.120904	0.1941041	0.4197782
225	1	1.120904	0.1941041	0.4197782
225	2	1.120904	0.1941041	0.4197782
225	3	1.120904	0.1941041	0.4197782
225	4	1.120904	0.1941041	0.4197782
225	5	1.120904	0.1941041	0.4197782
225	6	1.120904	0.1941041	0.4197782
226	1	1.120904	0.1941041	0.4197782
226	2	1.120904	0.1941041	0.4197782
226	3	1.120904	0.1941041	0.4197782
226	4	1.120904	0.1941041	0.4197782
226	5	1.120904	0.1941041	0.4197782
226	6	1.120904	0.1941041	0.4197782
227	1	1.120904	0.1941041	0.4197782
227	2	1.120904	0.1941041	0.4197782
227	3	1.120904	0.1941041	0.4197782
227	4	1.120904	0.1941041	0.4197782
227	5	1.120904	0.1941041	0.4197782
227	6	1.120904	0.1941041	0.4197782
228	1	1.120904	0.1941041	0.4197782
228	2	1.120904	0.1941041	0.4197782
228	3	1.120904	0.1941041	0.4197782
228	4	1.120904	0.1941041	0.4197782
228	5	1.120904	0.1941041	0.4197782
228	6	1.120904	0.1941041	0.4197782
229	1	1.120904	0.1941041	0.4197782
229	2	1.120904	0.1941041	0.4197782
229	3	1.120904	0.1941041	0.4197782
229	4	1.120904	0.1941041	0.4197782
229	5	1.120904	0.1941041	0.4197782
229	6	1.120904	0.1941041	0.4197782
230	1	1.120904	0.1941041	0.4197782
230	2	1.120904	0.1941041	0.4197782
230	3	1.120904	0.1941041	0.4197782
230	4	1.120904	0.1941041	0.4197782
230	5	1.120904	0.1941041	0.4197782
230	6	1.120904	0.1941041	0.4197782
230	7	1.120904	0.1941041	0.4197782
231	1	1.120904	0.1941041	0.4197782
231	2	1.120904	0.1941041	0.4197782
231	3	1.120904	0.1941041	0.4197782
231	4	1.120904	0.1941041	0.4197782
231	5	1.120904	0.1941041	0.4197782
231	6	1.120904	0.1941041	0.4197782
231	7	1.120904	0.1941041	0.4197782
232	1	1.120904	0.1941041	0.4197782
232	2	1.120904	0.1941041	0.4197782
232	3	1.120904	0.1941041	0.4197782
232	4	1.120904	0.1941041	0.4197782
232	5	1.120904	0.1941041	0.4197782
232	6	1.120904	0.1941041	0.4197782
232	7	1.120904	0.1941041	0.4197782
233	1	1.120904	0.1941041	0.4197782
233	2	1.120904	0.1941041	0.4197782
233	3	1.120904	0.1941041	0.4197782
233	4	1.120904	0.1941041	0.4197782
233	5	1.120904	0.1941041	0.4197782
233	6	1.120904	0.1941041	0.4197782
233	7	1.120904	0.1941041	0.4197782
234	1	1.120904	0.1941041	0.4197782
234	2	1.120904	0.1941041	0.4197782
234	3	1.120904	0.1941041	0.4197782
234	4	1.120904	0.1941041	0.4197782
234	5	1.120904	0.1941041	0.4197782
234	6	1.120904	0.1941041	0.4197782
234	7	1.120904	0.1941041	0.4197782
235	1	1.120904	0.1941041	0.4197782
235	2	1.120904	0.1941041	0.4197782
235	3	1.120904	0.1941041	0.4197782
235	4	1.120904	0.1941041	0.4197782
235	5	1.120904	0.1941041	0.4197782
235	6	1.120904	0.1941041	0.4197782
235	7	1.120904	0.1941041	0.4197782
236	1	1.120904	0.1941041	0.4197782
236	2	1.120904	0.1941041	0.4197782
236	3	1.120904	0.1941041	0.4197782
236	4	1.120904	0.1941041	0.4197782
236	5	1.120904	0.1941041	0.4197782
236	6	1.120904	0.1941041	0.4197782
236	7	1.120904	0.1941041	0.4197782
237	1	1.120904	0.1941041	0.4197782
237	2	1.120904	0.1941041	0.4197782
237	3	1.120904	0.1941041	0.4197782
237	4	1.120904	0.1941041	0.4197782
237	5	1.120904	0.1941041	0.4197782
237	6	1.120904	0.1941041	0.4197782
237	7	1.120904	0.1941041	0.4197782
238	1	1.120904	0.1941041	0.4197782
238	3	1.120904	0.1941041	0.4197782
238	5	1.120904	0.1941041	0.4197782
238	6	1.120904	0.1941041	0.4197782
238	7	1.120904	0.1941041	0.4197782
239	1	1.184325	0.1751345	0.4208673
239	2	-0.1872883	0.585396	0.397313
239	3	1.184325	0.1751345	0.4208673
239	4	-0.1872882	0.585396	0.3973130
239	5	1.184325	0.1751345	0.4208673
239	6	1.184325	0.1751345	0.4208673
239	7	1.184325	0.1751345	0.4208673
240	1	1.141895	0.1878254	0.4201387
240	2	-0.1355003	0.5699058	0.3982023
240	3	1.141895	0.1878254	0.4201387
240	4	-0.1355003	0.5699058	0.3982023
240	5	1.141895	0.1878254	0.4201387
240	6	1.141895	0.1878254	0.4201387
240	7	1.141895	0.1878254	0.4201387
241	1	1.141895	0.1878254	0.4201387
241	2	-0.1355003	0.5699058	0.3982023
241	3	1.141895	0.1878254	0.4201387
241	4	-0.1355003	0.5699058	0.3982023
241	5	1.141895	0.1878254	0.4201387
241	6	1.141895	0.1878254	0.4201387
241	7	1.141895	0.1878254	0.4201387
242	1	1.030616	0.2541314	0.09100195
242	2	-0.1257149	0.5668232	0.3999131
242	4	-0.1257149	0.5668232	0.3999131
242	5	0.5894667	0.2902309	1.033276
243	1	1.030616	0.2541314	0.09100195
243	2	-0.1257149	0.5668232	0.3999131
243	4	-0.1257149	0.5668232	0.3999131
243	5	0.5894667	0.2902309	1.033276
244	1	1.030616	0.2541314	0.09100195
244	2	-0.1257149	0.5668232	0.3999131
244	4	-0.1257149	0.5668232	0.3999131
244	5	0.5894667	0.2902309	1.033276
248	2	1.157736	0.1830873	0.4204107
248	5	-0.127506	0.5675146	0.3983395
249	2	1.317451	0.1353152	0.4231529
249	3	-0.1606841	0.5774385	0.3977703
249	5	1.240379	0.1583682	0.4218294
249	6	-0.1606841	0.5774385	0.3977703
249	7	-0.1606841	0.5774385	0.3977703
250	2	1.317451	0.1353152	0.4231529
250	3	-0.1606841	0.5774385	0.3977703
250	5	1.240379	0.1583682	0.4218294
250	6	-0.1606841	0.5774385	0.3977703
250	7	-0.1606841	0.5774385	0.3977703
251	2	1.232775	0.1606428	0.4216961
251	3	-0.1643076	0.578522	0.3977108
251	4	1.232775	0.1606428	0.4216961
251	5	1.232775	0.1606428	0.4216961
251	6	-0.1643076	0.578522	0.3977108
251	7	-0.1643076	0.578522	0.3977108
252	2	-0.1149573	0.5637601	0.3985664
252	3	-0.1149573	0.5637601	0.3985664
252	4	-0.1149573	0.5637601	0.3985664
252	5	-0.1149573	0.5637601	0.3985664
252	6	-0.1149573	0.5637601	0.3985664
252	7	1.182550	0.1756664	0.4208248
253	1	1.120904	0.1941041	0.4197782
253	2	1.120904	0.1941041	0.4197782
253	4	1.120904	0.1941041	0.4197782
253	5	1.120904	0.1941041	0.4197782
253	6	1.120904	0.1941041	0.4197782
254	1	1.120904	0.1941041	0.4197782
254	2	1.120904	0.1941041	0.4197782
254	3	1.120904	0.1941041	0.4197782
254	4	1.120904	0.1941041	0.4197782
254	5	1.120904	0.1941041	0.4197782
254	6	1.120904	0.1941041	0.4197782
254	7	1.120904	0.1941041	0.4197782
255	1	1.120904	0.1941041	0.4197782
255	2	1.120904	0.1941041	0.4197782
255	3	1.120904	0.1941041	0.4197782
255	4	1.120904	0.1941041	0.4197782
255	5	1.120904	0.1941041	0.4197782
255	6	1.120904	0.1941041	0.4197782
255	7	1.120904	0.1941041	0.4197782
256	1	1.120904	0.1941041	0.4197782
256	2	1.120904	0.1941041	0.4197782
256	3	1.120904	0.1941041	0.4197782
256	4	1.120904	0.1941041	0.4197782
256	5	1.120904	0.1941041	0.4197782
256	6	1.120904	0.1941041	0.4197782
256	7	1.120904	0.1941041	0.4197782
256	8	1.120904	0.1941041	0.4197782
257	1	1.120904	0.1941041	0.4197782
257	2	1.120904	0.1941041	0.4197782
257	3	1.120904	0.1941041	0.4197782
257	4	1.120904	0.1941041	0.4197782
257	5	1.120904	0.1941041	0.4197782
257	6	1.120904	0.1941041	0.4197782
257	7	1.120904	0.1941041	0.4197782
257	8	1.120904	0.1941041	0.4197782
258	1	1.120904	0.1941041	0.4197782
258	2	1.120904	0.1941041	0.4197782
258	3	1.120904	0.1941041	0.4197782
258	4	1.120904	0.1941041	0.4197782
258	5	1.120904	0.1941041	0.4197782
258	6	1.120904	0.1941041	0.4197782
258	7	1.120904	0.1941041	0.4197782
258	8	1.120904	0.1941041	0.4197782
259	1	1.120904	0.1941041	0.4197782
259	2	1.120904	0.1941041	0.4197782
259	3	1.120904	0.1941041	0.4197782
259	4	1.120904	0.1941041	0.4197782
259	5	1.120904	0.1941041	0.4197782
259	6	1.120904	0.1941041	0.4197782
259	7	1.120904	0.1941041	0.4197782
259	8	1.120904	0.1941041	0.4197782
260	1	1.120904	0.1941041	0.4197782
260	2	1.120904	0.1941041	0.4197782
260	3	1.120904	0.1941041	0.4197782
260	4	1.120904	0.1941041	0.4197782
260	5	1.120904	0.1941041	0.4197782
260	6	1.120904	0.1941041	0.4197782
260	7	1.120904	0.1941041	0.4197782
260	8	1.120904	0.1941041	0.4197782
261	1	1.120904	0.1941041	0.4197782
261	2	1.120904	0.1941041	0.4197782
261	3	1.120904	0.1941041	0.4197782
261	4	1.120904	0.1941041	0.4197782
261	5	1.120904	0.1941041	0.4197782
261	6	1.120904	0.1941041	0.4197782
261	7	1.120904	0.1941041	0.4197782
261	8	1.120904	0.1941041	0.4197782
262	1	1.120904	0.1941041	0.4197782
262	2	1.120904	0.1941041	0.4197782
262	3	1.120904	0.1941041	0.4197782
262	4	1.120904	0.1941041	0.4197782
262	5	1.120904	0.1941041	0.4197782
262	6	1.120904	0.1941041	0.4197782
262	7	1.120904	0.1941041	0.4197782
262	8	1.120904	0.1941041	0.4197782
267	1	1.120904	0.1941041	0.4197782
267	2	1.120904	0.1941041	0.4197782
267	4	1.120904	0.1941041	0.4197782
268	1	-0.1792206	0.5821222	0.4059814
268	2	-0.1792206	0.5821222	0.4059814
268	3	1.158653	0.1677802	0.5693945
268	4	-0.1792206	0.5821222	0.4059814
268	5	1.171686	0.193637	0.2747614
268	6	1.158653	0.1677802	0.5693945
268	7	1.278734	0.1676142	0.2171784
268	8	1.171686	0.193637	0.2747614
269	1	-0.1792206	0.5821222	0.4059814
269	2	-0.1792206	0.5821222	0.4059814
269	3	1.158653	0.1677802	0.5693945
269	4	-0.1792206	0.5821222	0.4059814
269	5	1.171686	0.193637	0.2747614
269	6	1.158653	0.1677802	0.5693945
269	7	1.278734	0.1676142	0.2171784
269	8	1.171686	0.193637	0.2747614
270	1	-0.1769604	0.5817043	0.4034613
270	2	-0.1769604	0.5817043	0.4034613
270	3	1.16546	0.1663934	0.5630784
270	4	-0.1769604	0.5817043	0.4034613
270	5	1.173510	0.1939335	0.2664473
270	6	1.16546	0.1663934	0.5630784
270	7	1.281335	0.1667993	0.2175899
271	1	-0.1617211	0.5777485	0.3977542
271	2	-0.1617211	0.5777485	0.3977542
271	3	1.276482	0.1475697	0.4224476
271	4	-0.1617211	0.5777485	0.3977542
271	5	1.126139	0.1925385	0.4198663
271	6	1.276482	0.1475697	0.4224476
271	8	1.126139	0.1925385	0.4198663
272	1	-0.1355003	0.5699058	0.3982023
272	2	-0.1355003	0.5699058	0.3982023
272	3	1.254551	0.1541290	0.4220733
272	4	-0.1355003	0.5699058	0.3982023
272	5	-0.1355003	0.5699058	0.3982023
272	6	1.254551	0.1541290	0.4220733
272	8	-0.1355003	0.5699058	0.3982023
273	1	-0.1437650	0.5723777	0.3980614
273	2	-0.1437650	0.5723777	0.3980614
273	3	1.237525	0.1592218	0.4217798
273	4	-0.1437650	0.5723777	0.3980614
273	5	-0.1437650	0.5723777	0.3980614
273	6	1.237525	0.1592218	0.4217798
273	7	1.237525	0.1592218	0.4217798
273	8	-0.1437650	0.5723777	0.3980614
274	1	-0.1437650	0.5723777	0.3980614
274	2	-0.1437650	0.5723777	0.3980614
274	3	1.237525	0.1592218	0.4217798
274	4	-0.1437650	0.5723777	0.3980614
274	5	-0.1437650	0.5723777	0.3980614
274	6	1.237525	0.1592218	0.4217798
274	7	1.237525	0.1592218	0.4217798
274	8	-0.1437650	0.5723777	0.3980614
275	1	-0.1275060	0.5675147	0.3983396
275	2	-0.1275060	0.5675147	0.3983396
275	4	-0.1275060	0.5675147	0.3983396
275	5	-0.1275060	0.5675147	0.3983396
275	7	1.309660	0.1376456	0.4230197
275	8	-0.1275060	0.5675147	0.3983396
276	1	-0.1312441	0.5686327	0.3982754
276	2	-0.1312441	0.5686327	0.3982754
276	4	-0.1312441	0.5686327	0.3982754
276	5	-0.1312441	0.5686327	0.3982754
276	7	1.301887	0.1399704	0.4228862
277	1	-0.1275060	0.5675147	0.3983396
277	2	-0.1275060	0.5675147	0.3983396
277	4	-0.1275060	0.5675147	0.3983396
277	5	-0.1275060	0.5675147	0.3983396
277	7	1.309660	0.1376456	0.4230197
277	8	-0.1275060	0.5675147	0.3983396
278	2	0.5566307	0.4033125	0.00945302
278	5	0.9399418	0.21259	0.7698617
278	7	-0.2750448	0.5870862	0.639171
278	8	0.9399418	0.21259	0.7698617
279	2	0.5566307	0.4033125	0.00945302
279	5	0.9399418	0.21259	0.7698617
279	7	-0.2750448	0.5870862	0.639171
279	8	0.9399418	0.21259	0.7698617
280	2	-0.2645062	0.5773157	0.7049358
280	4	-0.2645062	0.5773157	0.7049358
280	5	1.002019	0.1988764	0.7228233
280	7	0.5964588	0.3921072	0.003124639
280	8	1.002019	0.1988764	0.7228233
281	2	-0.2584515	0.581408	0.6465401
281	4	-0.2584515	0.581408	0.6465401
281	5	1.071506	0.1839957	0.6655183
281	7	0.595802	0.3921604	0.004532705
281	8	1.071506	0.1839957	0.6655183
282	2	-0.2584515	0.581408	0.6465401
282	4	-0.2584515	0.581408	0.6465401
282	5	1.071506	0.1839957	0.6655183
282	7	0.595802	0.3921604	0.004532705
282	8	1.071506	0.1839957	0.6655183
283	1	-0.1801866	0.5831544	0.3985989
283	2	-0.1400428	0.5711569	0.3991906
283	4	-0.1400428	0.5711569	0.3991906
283	5	0.7807889	0.2354038	1.012789
283	7	1.208766	0.2001959	0.1004935
284	1	-0.1801866	0.5831544	0.3985989
284	2	-0.1400428	0.5711569	0.3991906
284	4	-0.1400428	0.5711569	0.3991906
284	5	0.7807889	0.2354038	1.012789
284	7	1.208766	0.2001959	0.1004935
285	1	-0.1703158	0.5803192	0.3976064
285	4	-0.1337298	0.569376	0.3982346
285	7	1.296717	0.1415171	0.4227953
286	1	-0.1703158	0.5803192	0.3976064
286	4	-0.1337298	0.569376	0.3982346
286	7	1.296717	0.1415171	0.4227953
287	1	-0.1703158	0.5803192	0.3976064
287	4	-0.1337298	0.569376	0.3982346
287	7	1.296717	0.1415171	0.4227953
288	1	-0.1703158	0.5803192	0.3976064
288	4	-0.1337298	0.569376	0.3982346
288	7	1.296717	0.1415171	0.4227953
289	4	-0.1643061	0.5785219	0.3977076
289	7	1.232774	0.1606430	0.4216993
295	3	0.8621726	0.2256574	0.869545
295	4	-0.2636285	0.595336	0.5237763
295	6	0.8621726	0.2256574	0.869545
295	7	0.7154176	0.3561598	0.00879276
296	2	1.229656	0.1613449	0.4239297
296	3	-0.2300912	0.5756527	0.619999
296	4	1.229656	0.1613449	0.4239297
296	6	-0.2300912	0.5756527	0.619999
296	7	0.06795575	0.5373949	0.1208143
297	2	1.229656	0.1613449	0.4239297
297	3	-0.2300912	0.5756527	0.619999
297	4	1.229656	0.1613449	0.4239297
297	6	-0.2300912	0.5756527	0.619999
297	7	0.06795575	0.5373949	0.1208143
298	2	1.256173	0.1530823	0.4276681
298	3	-0.2431082	0.5681283	0.7329217
298	6	-0.2431082	0.5681283	0.7329217
298	7	0.1863276	0.5072626	0.07058625
299	2	1.256173	0.1530823	0.4276681
299	3	-0.2431082	0.5681283	0.7329217
299	6	-0.2431082	0.5681283	0.7329217
299	7	0.1863276	0.5072626	0.07058625
300	2	1.178343	0.1636070	0.5527263
300	3	-0.2266119	0.5711904	0.6539657
300	5	0.7490558	0.3440216	0.02994878
300	6	-0.2266119	0.5711904	0.6539657
300	7	-0.1491500	0.5700367	0.4371289
301	2	1.228379	0.1604678	0.436385
301	3	-0.260323	0.5501039	0.9622646
301	5	0.2106284	0.5000825	0.07012692
301	6	-0.260323	0.5501039	0.9622646
301	7	0.2106284	0.5000825	0.07012692
302	1	-0.1724427	0.5808706	0.3984107
302	2	-0.1353393	0.5697793	0.3989818
302	3	1.144373	0.18716	0.4194304
302	4	-0.1353393	0.5697793	0.3989818
302	5	1.021409	0.1954523	0.6996173
302	6	1.144373	0.18716	0.4194304
302	7	1.24672	0.1768619	0.2198783
303	1	-0.1724427	0.5808706	0.3984107
303	2	-0.1353393	0.5697793	0.3989818
303	3	1.144373	0.18716	0.4194304
303	4	-0.1353393	0.5697793	0.3989818
303	5	1.021409	0.1954523	0.6996173
303	6	1.144373	0.18716	0.4194304
303	7	1.24672	0.1768619	0.2198783
304	1	-0.1643068	0.5785219	0.397709
304	2	-0.1275066	0.5675147	0.3983409
304	3	1.157737	0.1830872	0.4204094
304	4	-0.1275066	0.5675147	0.3983409
304	5	1.232774	0.1606429	0.4216979
304	6	1.157737	0.1830872	0.4204094
305	1	-0.1643068	0.5785219	0.397709
305	2	-0.1275066	0.5675147	0.3983409
305	3	1.157737	0.1830872	0.4204094
305	4	-0.1275066	0.5675147	0.3983409
305	5	1.232774	0.1606429	0.4216979
305	6	1.157737	0.1830872	0.4204094
306	1	-0.1643068	0.5785219	0.397709
306	2	-0.1275066	0.5675147	0.3983409
306	3	1.157737	0.1830872	0.4204094
306	4	-0.1275066	0.5675147	0.3983409
306	5	1.232774	0.1606429	0.4216979
306	6	1.157737	0.1830872	0.4204094
307	1	-0.1643068	0.5785219	0.397709
307	2	-0.1275066	0.5675147	0.3983409
307	3	1.157737	0.1830872	0.4204094
307	4	-0.1275066	0.5675147	0.3983409
307	5	1.232774	0.1606429	0.4216979
307	6	1.157737	0.1830872	0.4204094
308	1	-0.1643068	0.5785219	0.397709
308	2	-0.1275066	0.5675147	0.3983409
308	3	1.157737	0.1830872	0.4204094
308	4	-0.1275066	0.5675147	0.3983409
308	5	1.232774	0.1606429	0.4216979
308	6	1.157737	0.1830872	0.4204094
309	1	-0.1643068	0.5785219	0.397709
309	2	-0.1275066	0.5675147	0.3983409
309	3	1.157737	0.1830872	0.4204094
309	4	-0.1275066	0.5675147	0.3983409
309	5	1.232774	0.1606429	0.4216979
309	6	1.157737	0.1830872	0.4204094
310	1	-0.1643068	0.5785219	0.397709
310	2	-0.1275066	0.5675147	0.3983409
310	3	1.157737	0.1830872	0.4204094
310	4	-0.1275066	0.5675147	0.3983409
310	5	1.232774	0.1606429	0.4216979
310	6	1.157737	0.1830872	0.4204094
311	5	1.157736	0.1830873	0.4204107
311	6	-0.127506	0.5675146	0.3983395
312	1	1.120904	0.1941041	0.4197782
312	2	1.120904	0.1941041	0.4197782
312	3	1.120904	0.1941041	0.4197782
312	4	1.120904	0.1941041	0.4197782
312	5	1.120904	0.1941041	0.4197782
312	6	1.120904	0.1941041	0.4197782
313	1	1.120904	0.1941041	0.4197782
313	2	1.120904	0.1941041	0.4197782
313	3	1.120904	0.1941041	0.4197782
313	4	1.120904	0.1941041	0.4197782
313	5	1.120904	0.1941041	0.4197782
313	6	1.120904	0.1941041	0.4197782
314	1	1.120904	0.1941041	0.4197782
314	2	1.120904	0.1941041	0.4197782
314	3	1.120904	0.1941041	0.4197782
314	4	1.120904	0.1941041	0.4197782
314	5	1.120904	0.1941041	0.4197782
314	6	1.120904	0.1941041	0.4197782
315	1	1.120904	0.1941041	0.4197782
315	2	1.120904	0.1941041	0.4197782
315	3	1.120904	0.1941041	0.4197782
315	4	1.120904	0.1941041	0.4197782
315	5	1.120904	0.1941041	0.4197782
315	6	1.120904	0.1941041	0.4197782
316	1	1.120904	0.1941041	0.4197782
316	2	1.120904	0.1941041	0.4197782
316	3	1.120904	0.1941041	0.4197782
316	4	1.120904	0.1941041	0.4197782
316	5	1.120904	0.1941041	0.4197782
316	6	1.120904	0.1941041	0.4197782
317	1	1.120904	0.1941041	0.4197782
317	2	1.120904	0.1941041	0.4197782
317	3	1.120904	0.1941041	0.4197782
317	4	1.120904	0.1941041	0.4197782
317	5	1.120904	0.1941041	0.4197782
317	6	1.120904	0.1941041	0.4197782
317	8	1.120904	0.1941041	0.4197782
318	1	1.120904	0.1941041	0.4197782
318	2	1.120904	0.1941041	0.4197782
318	3	1.120904	0.1941041	0.4197782
318	4	1.120904	0.1941041	0.4197782
318	5	1.120904	0.1941041	0.4197782
318	6	1.120904	0.1941041	0.4197782
318	8	1.120904	0.1941041	0.4197782
319	1	1.120904	0.1941041	0.4197782
319	2	1.120904	0.1941041	0.4197782
319	3	1.120904	0.1941041	0.4197782
319	4	1.120904	0.1941041	0.4197782
319	5	1.120904	0.1941041	0.4197782
319	6	1.120904	0.1941041	0.4197782
319	8	1.120904	0.1941041	0.4197782
320	1	1.120904	0.1941041	0.4197782
320	2	1.120904	0.1941041	0.4197782
320	3	1.120904	0.1941041	0.4197782
320	4	1.120904	0.1941041	0.4197782
320	5	1.120904	0.1941041	0.4197782
320	6	1.120904	0.1941041	0.4197782
320	8	1.120904	0.1941041	0.4197782
321	1	1.120904	0.1941041	0.4197782
321	2	1.120904	0.1941041	0.4197782
321	3	1.120904	0.1941041	0.4197782
321	4	1.120904	0.1941041	0.4197782
321	5	1.120904	0.1941041	0.4197782
321	6	1.120904	0.1941041	0.4197782
321	8	1.120904	0.1941041	0.4197782
322	1	1.120904	0.1941041	0.4197782
322	2	1.120904	0.1941041	0.4197782
322	3	1.120904	0.1941041	0.4197782
322	4	1.120904	0.1941041	0.4197782
322	5	1.120904	0.1941041	0.4197782
322	6	1.120904	0.1941041	0.4197782
322	8	1.120904	0.1941041	0.4197782
323	1	1.120904	0.1941041	0.4197782
323	2	1.120904	0.1941041	0.4197782
323	3	1.120904	0.1941041	0.4197782
323	4	1.120904	0.1941041	0.4197782
323	5	1.120904	0.1941041	0.4197782
323	6	1.120904	0.1941041	0.4197782
323	8	1.120904	0.1941041	0.4197782
332	1	1.120904	0.1941041	0.4197782
332	2	1.120904	0.1941041	0.4197782
332	3	1.120904	0.1941041	0.4197782
332	4	1.120904	0.1941041	0.4197782
332	5	1.120904	0.1941041	0.4197782
332	6	1.120904	0.1941041	0.4197782
332	8	1.120904	0.1941041	0.4197782
333	1	1.120904	0.1941041	0.4197782
333	2	1.120904	0.1941041	0.4197782
333	3	1.120904	0.1941041	0.4197782
333	4	1.120904	0.1941041	0.4197782
333	5	1.120904	0.1941041	0.4197782
333	6	1.120904	0.1941041	0.4197782
333	8	1.120904	0.1941041	0.4197782
334	1	-0.1133727	0.5632872	0.3985826
334	2	-0.1133727	0.5632872	0.3985826
334	3	-0.1133727	0.5632872	0.3985826
334	4	-0.1133727	0.5632872	0.3985826
334	5	-0.1133727	0.5632872	0.3985826
334	6	-0.1133727	0.5632872	0.3985826
334	7	1.185660	0.174735	0.4208899
334	8	-0.1133727	0.5632872	0.3985826
336	1	-0.1133727	0.5632872	0.3985826
336	2	-0.1133727	0.5632872	0.3985826
336	3	-0.1133727	0.5632872	0.3985826
336	4	-0.1133727	0.5632872	0.3985826
336	5	-0.1133727	0.5632872	0.3985826
336	6	-0.1133727	0.5632872	0.3985826
336	7	1.185660	0.174735	0.4208899
336	8	-0.1133727	0.5632872	0.3985826
337	1	-0.1133727	0.5632872	0.3985826
337	2	-0.1133727	0.5632872	0.3985826
337	3	-0.1133727	0.5632872	0.3985826
337	4	-0.1133727	0.5632872	0.3985826
337	5	-0.1133727	0.5632872	0.3985826
337	6	-0.1133727	0.5632872	0.3985826
337	7	1.185660	0.174735	0.4208899
337	8	-0.1133727	0.5632872	0.3985826
338	1	-0.1133727	0.5632872	0.3985826
338	2	-0.1133727	0.5632872	0.3985826
338	3	-0.1133727	0.5632872	0.3985826
338	4	-0.1133727	0.5632872	0.3985826
338	5	-0.1133727	0.5632872	0.3985826
338	6	-0.1133727	0.5632872	0.3985826
338	7	1.185660	0.174735	0.4208899
338	8	-0.1133727	0.5632872	0.3985826
339	2	-0.1149558	0.5637599	0.3985634
339	3	-0.1149558	0.5637599	0.3985634
339	4	-0.1149558	0.5637599	0.3985634
339	6	-0.1149558	0.5637599	0.3985634
339	7	1.182549	0.1756665	0.420828
339	8	-0.1149558	0.5637599	0.3985634
340	2	-0.1140513	0.5634899	0.3985741
340	3	-0.1140513	0.5634899	0.3985741
340	4	-0.1140513	0.5634899	0.3985741
340	5	-0.1140513	0.5634899	0.3985741
340	6	-0.1140513	0.5634899	0.3985741
340	7	1.184326	0.1751343	0.4208636
340	8	-0.1140513	0.5634899	0.3985741
341	1	1.195025	0.1719338	0.4210511
341	2	1.120904	0.1941041	0.4197782
341	4	1.120904	0.1941041	0.4197782
341	5	1.120904	0.1941041	0.4197782
341	6	1.120904	0.1941041	0.4197782
341	7	-0.1460669	0.5730664	0.3980208
341	8	1.120904	0.1941041	0.4197782
342	1	1.195428	0.1719004	0.4201954
342	2	0.01650426	0.4399005	1.238559
342	3	0.01650416	0.4399006	1.238559
342	4	0.01650426	0.4399005	1.238559
342	5	0.5811764	0.3931946	0.03738419
342	6	0.5811764	0.3931946	0.03738419
342	7	-0.1464704	0.5730999	0.3988775
342	8	0.5811764	0.3931946	0.03738419
343	1	1.195428	0.1719004	0.4201954
343	2	0.01650426	0.4399005	1.238559
343	3	0.01650416	0.4399006	1.238559
343	4	0.01650426	0.4399005	1.238559
343	5	0.5811764	0.3931946	0.03738419
343	6	0.5811764	0.3931946	0.03738419
343	7	-0.1464704	0.5730999	0.3988775
343	8	0.5811764	0.3931946	0.03738419
344	1	1.195428	0.1719004	0.4201954
344	2	0.01650426	0.4399005	1.238559
344	3	0.01650416	0.4399006	1.238559
344	4	0.01650426	0.4399005	1.238559
344	5	0.5811764	0.3931946	0.03738419
344	6	0.5811764	0.3931946	0.03738419
344	7	-0.1464704	0.5730999	0.3988775
344	8	0.5811764	0.3931946	0.03738419
347	1	1.182548	0.1756666	0.4208293
347	2	-0.1149553	0.5637599	0.3985622
347	3	-0.1149553	0.5637599	0.3985622
347	4	-0.1149553	0.5637599	0.3985622
347	5	-0.1149553	0.5637599	0.3985622
347	8	-0.1149553	0.5637599	0.3985622
348	1	1.182548	0.1756666	0.4208293
348	2	-0.1149553	0.5637599	0.3985622
348	3	-0.1149553	0.5637599	0.3985622
348	4	-0.1149553	0.5637599	0.3985622
348	5	-0.1149553	0.5637599	0.3985622
348	8	-0.1149553	0.5637599	0.3985622
349	1	1.120904	0.1941041	0.4197782
349	2	1.120904	0.1941041	0.4197782
349	3	1.120904	0.1941041	0.4197782
349	4	1.120904	0.1941041	0.4197782
349	5	1.120904	0.1941041	0.4197782
349	6	1.120904	0.1941041	0.4197782
349	7	1.120904	0.1941041	0.4197782
349	8	1.120904	0.1941041	0.4197782
350	1	1.120904	0.1941041	0.4197782
350	2	1.120904	0.1941041	0.4197782
350	3	1.120904	0.1941041	0.4197782
350	4	1.120904	0.1941041	0.4197782
350	5	1.120904	0.1941041	0.4197782
350	6	1.120904	0.1941041	0.4197782
350	7	1.120904	0.1941041	0.4197782
350	8	1.120904	0.1941041	0.4197782
358	1	1.120904	0.1941041	0.4197782
358	2	1.120904	0.1941041	0.4197782
358	3	1.120904	0.1941041	0.4197782
358	4	1.120904	0.1941041	0.4197782
358	5	1.120904	0.1941041	0.4197782
358	6	1.120904	0.1941041	0.4197782
358	7	1.120904	0.1941041	0.4197782
358	8	1.120904	0.1941041	0.4197782
359	1	1.120904	0.1941041	0.4197782
359	2	1.120904	0.1941041	0.4197782
359	3	1.120904	0.1941041	0.4197782
359	4	1.120904	0.1941041	0.4197782
359	5	1.120904	0.1941041	0.4197782
359	6	1.120904	0.1941041	0.4197782
359	7	1.120904	0.1941041	0.4197782
359	8	1.120904	0.1941041	0.4197782
360	1	1.120904	0.1941041	0.4197782
360	2	1.120904	0.1941041	0.4197782
360	3	1.120904	0.1941041	0.4197782
360	4	1.120904	0.1941041	0.4197782
360	5	1.120904	0.1941041	0.4197782
360	6	1.120904	0.1941041	0.4197782
360	7	1.120904	0.1941041	0.4197782
360	8	1.120904	0.1941041	0.4197782
361	1	1.120904	0.1941041	0.4197782
361	2	1.120904	0.1941041	0.4197782
361	3	1.120904	0.1941041	0.4197782
361	4	1.120904	0.1941041	0.4197782
361	5	1.120904	0.1941041	0.4197782
361	6	1.120904	0.1941041	0.4197782
361	7	1.120904	0.1941041	0.4197782
361	8	1.120904	0.1941041	0.4197782
362	1	1.120904	0.1941041	0.4197782
362	2	1.120904	0.1941041	0.4197782
362	3	1.120904	0.1941041	0.4197782
362	4	1.120904	0.1941041	0.4197782
362	5	1.120904	0.1941041	0.4197782
362	6	1.120904	0.1941041	0.4197782
362	7	1.120904	0.1941041	0.4197782
362	8	1.120904	0.1941041	0.4197782
363	1	1.120904	0.1941041	0.4197782
363	2	1.120904	0.1941041	0.4197782
363	3	1.120904	0.1941041	0.4197782
363	4	1.120904	0.1941041	0.4197782
363	5	1.120904	0.1941041	0.4197782
363	6	1.120904	0.1941041	0.4197782
363	7	1.120904	0.1941041	0.4197782
363	8	1.120904	0.1941041	0.4197782
364	1	1.120904	0.1941041	0.4197782
364	2	1.120904	0.1941041	0.4197782
364	3	1.120904	0.1941041	0.4197782
364	4	1.120904	0.1941041	0.4197782
364	5	1.120904	0.1941041	0.4197782
364	6	1.120904	0.1941041	0.4197782
364	7	1.120904	0.1941041	0.4197782
364	8	1.120904	0.1941041	0.4197782
365	1	1.120904	0.1941041	0.4197782
365	2	1.120904	0.1941041	0.4197782
365	3	1.120904	0.1941041	0.4197782
365	4	1.120904	0.1941041	0.4197782
365	5	1.120904	0.1941041	0.4197782
365	6	1.120904	0.1941041	0.4197782
365	7	1.120904	0.1941041	0.4197782
365	8	1.120904	0.1941041	0.4197782
366	1	1.120904	0.1941041	0.4197782
366	2	1.120904	0.1941041	0.4197782
366	3	1.120904	0.1941041	0.4197782
366	4	1.120904	0.1941041	0.4197782
366	5	1.120904	0.1941041	0.4197782
366	6	1.120904	0.1941041	0.4197782
366	7	1.120904	0.1941041	0.4197782
366	8	1.120904	0.1941041	0.4197782
367	1	1.120904	0.1941041	0.4197782
367	2	1.120904	0.1941041	0.4197782
367	3	1.120904	0.1941041	0.4197782
367	4	1.120904	0.1941041	0.4197782
367	5	1.120904	0.1941041	0.4197782
367	6	1.120904	0.1941041	0.4197782
367	7	1.120904	0.1941041	0.4197782
367	8	1.120904	0.1941041	0.4197782
368	1	1.120904	0.1941041	0.4197782
368	2	1.120904	0.1941041	0.4197782
368	3	1.120904	0.1941041	0.4197782
368	4	1.120904	0.1941041	0.4197782
368	5	1.120904	0.1941041	0.4197782
368	6	1.120904	0.1941041	0.4197782
368	7	1.120904	0.1941041	0.4197782
368	8	1.120904	0.1941041	0.4197782
369	1	1.120904	0.1941041	0.4197782
369	2	1.120904	0.1941041	0.4197782
369	3	1.120904	0.1941041	0.4197782
369	4	1.120904	0.1941041	0.4197782
369	5	1.120904	0.1941041	0.4197782
369	6	1.120904	0.1941041	0.4197782
369	7	1.120904	0.1941041	0.4197782
369	8	1.120904	0.1941041	0.4197782
370	1	1.120904	0.1941041	0.4197782
370	2	1.120904	0.1941041	0.4197782
370	3	1.120904	0.1941041	0.4197782
370	4	1.120904	0.1941041	0.4197782
370	5	1.120904	0.1941041	0.4197782
370	6	1.120904	0.1941041	0.4197782
370	7	1.120904	0.1941041	0.4197782
370	8	1.120904	0.1941041	0.4197782
371	1	1.120904	0.1941041	0.4197782
371	2	1.120904	0.1941041	0.4197782
371	3	1.120904	0.1941041	0.4197782
371	4	1.120904	0.1941041	0.4197782
371	5	1.120904	0.1941041	0.4197782
371	6	1.120904	0.1941041	0.4197782
371	7	1.120904	0.1941041	0.4197782
371	8	1.120904	0.1941041	0.4197782
372	1	1.120904	0.1941041	0.4197782
372	2	1.120904	0.1941041	0.4197782
372	3	1.120904	0.1941041	0.4197782
372	4	1.120904	0.1941041	0.4197782
372	5	1.120904	0.1941041	0.4197782
372	6	1.120904	0.1941041	0.4197782
372	7	1.120904	0.1941041	0.4197782
372	8	1.120904	0.1941041	0.4197782
406	1	1.157736	0.1830873	0.4204107
406	2	-0.127506	0.5675146	0.3983395
407	1	1.170115	0.1793847	0.4206233
407	2	-0.1212471	0.5656425	0.398447
407	4	-0.1212471	0.5656425	0.398447
408	1	1.170115	0.1793847	0.4206233
408	2	-0.1212471	0.5656425	0.398447
408	4	-0.1212471	0.5656425	0.398447
409	1	1.170115	0.1793847	0.4206233
409	2	-0.1212471	0.5656425	0.398447
409	4	-0.1212471	0.5656425	0.398447
410	1	1.170115	0.1793847	0.4206233
410	2	-0.1212471	0.5656425	0.398447
410	4	-0.1212471	0.5656425	0.398447
411	1	-0.08219497	0.5720183	0.2201856
411	2	-0.2358923	0.5881967	0.512789
411	3	1.191410	0.1745676	0.405604
411	4	-0.2358923	0.5881967	0.512789
411	5	1.256770	0.1526006	0.4306826
411	6	1.191410	0.1745676	0.405604
411	7	1.191410	0.1745676	0.405604
411	8	1.256770	0.1526006	0.4306826
412	1	-0.05853953	0.5666742	0.2034337
412	2	-0.2312840	0.5854627	0.5263019
412	3	1.208173	0.1688147	0.4132161
412	4	-0.2312840	0.5854627	0.5263019
412	5	1.276007	0.1465691	0.4337627
412	6	1.208173	0.1688147	0.4132161
412	7	1.208173	0.1688147	0.4132161
413	1	-0.08219497	0.5720183	0.2201856
413	2	-0.2358923	0.5881967	0.512789
413	3	1.191410	0.1745676	0.405604
413	4	-0.2358923	0.5881967	0.512789
413	5	1.256770	0.1526006	0.4306826
413	6	1.191410	0.1745676	0.405604
413	7	1.191410	0.1745676	0.405604
413	8	1.256770	0.1526006	0.4306826
414	1	-0.08219497	0.5720183	0.2201856
414	2	-0.2358923	0.5881967	0.512789
414	3	1.191410	0.1745676	0.405604
414	4	-0.2358923	0.5881967	0.512789
414	5	1.256770	0.1526006	0.4306826
414	6	1.191410	0.1745676	0.405604
414	7	1.191410	0.1745676	0.405604
414	8	1.256770	0.1526006	0.4306826
415	1	-0.08219497	0.5720183	0.2201856
415	2	-0.2358923	0.5881967	0.512789
415	3	1.191410	0.1745676	0.405604
415	4	-0.2358923	0.5881967	0.512789
415	5	1.256770	0.1526006	0.4306826
415	6	1.191410	0.1745676	0.405604
415	7	1.191410	0.1745676	0.405604
415	8	1.256770	0.1526006	0.4306826
416	1	-0.08002807	0.5701756	0.2320601
416	2	-0.07829364	0.5701737	0.2269679
416	3	0.2048998	0.3754948	1.321615
416	4	-0.07829364	0.5701737	0.2269679
416	5	1.294015	0.1690209	0.1582072
416	6	0.2048998	0.3754948	1.321615
416	7	0.2048998	0.3754948	1.321615
416	8	1.294015	0.1690209	0.1582072
417	1	-0.08002807	0.5701756	0.2320601
417	2	-0.07829364	0.5701737	0.2269679
417	3	0.2048998	0.3754948	1.321615
417	4	-0.07829364	0.5701737	0.2269679
417	5	1.294015	0.1690209	0.1582072
417	6	0.2048998	0.3754948	1.321615
417	7	0.2048998	0.3754948	1.321615
417	8	1.294015	0.1690209	0.1582072
418	1	-0.02273839	0.5609406	0.1547498
418	2	-0.02273839	0.5609406	0.1547498
418	3	-0.06496047	0.4509805	1.368826
418	5	1.302755	0.1632040	0.1900959
418	6	-0.06496047	0.4509805	1.368826
418	7	-0.06496047	0.4509805	1.368826
418	8	1.302755	0.1632040	0.1900959
419	1	-0.0849583	0.5707912	0.2404886
419	2	-0.2553004	0.5849362	0.6022919
419	3	1.209092	0.1677886	0.4206764
419	6	1.209092	0.1677886	0.4206764
419	7	1.209092	0.1677886	0.4206764
420	1	-0.1094862	0.5763178	0.2580025
420	2	-0.2579830	0.5886456	0.5734384
420	3	1.183774	0.1753646	0.4202082
420	5	1.183125	0.1755589	0.4201975
420	6	1.183774	0.1753646	0.4202082
420	7	1.183774	0.1753646	0.4202082
420	8	1.183125	0.1755589	0.4201975
421	1	-0.05815701	0.5666257	0.2027868
421	2	-0.2307551	0.5855469	0.5239086
421	3	1.203008	0.1694744	0.4218991
421	4	-0.2307551	0.5855469	0.5239086
421	5	1.202597	0.1696486	0.4213844
421	6	1.203008	0.1694744	0.4218991
421	7	1.203008	0.1694744	0.4218991
421	8	1.202597	0.1696486	0.4213844
422	1	-0.1800037	0.5832172	0.3974382
422	2	-0.1437645	0.5723777	0.3980605
422	3	1.162373	0.1817006	0.4204902
422	4	-0.1437645	0.5723777	0.3980605
422	5	1.199719	0.1705300	0.4211315
422	6	1.162373	0.1817006	0.4204902
422	7	1.162373	0.1817006	0.4204902
422	8	1.199719	0.1705300	0.4211315
423	1	-0.1800037	0.5832172	0.3974382
423	2	-0.1437645	0.5723777	0.3980605
423	3	1.162373	0.1817006	0.4204902
423	4	-0.1437645	0.5723777	0.3980605
423	5	1.199719	0.1705300	0.4211315
423	6	1.162373	0.1817006	0.4204902
423	7	1.162373	0.1817006	0.4204902
423	8	1.199719	0.1705300	0.4211315
424	1	-0.1800037	0.5832172	0.3974382
424	2	-0.1437645	0.5723777	0.3980605
424	3	1.162373	0.1817006	0.4204902
424	4	-0.1437645	0.5723777	0.3980605
424	5	1.199719	0.1705300	0.4211315
424	6	1.162373	0.1817006	0.4204902
424	7	1.162373	0.1817006	0.4204902
424	8	1.199719	0.1705300	0.4211315
425	1	-0.1800037	0.5832172	0.3974382
425	2	-0.1437645	0.5723777	0.3980605
425	3	1.162373	0.1817006	0.4204902
425	4	-0.1437645	0.5723777	0.3980605
425	5	1.199719	0.1705300	0.4211315
425	6	1.162373	0.1817006	0.4204902
425	7	1.162373	0.1817006	0.4204902
425	8	1.199719	0.1705300	0.4211315
426	1	-0.1800037	0.5832172	0.3974382
426	2	-0.1437645	0.5723777	0.3980605
426	3	1.162373	0.1817006	0.4204902
426	4	-0.1437645	0.5723777	0.3980605
426	5	1.199719	0.1705300	0.4211315
426	6	1.162373	0.1817006	0.4204902
426	7	1.162373	0.1817006	0.4204902
426	8	1.199719	0.1705300	0.4211315
427	1	-0.1800037	0.5832172	0.3974382
427	2	-0.1437645	0.5723777	0.3980605
427	3	1.162373	0.1817006	0.4204902
427	4	-0.1437645	0.5723777	0.3980605
427	5	1.199719	0.1705300	0.4211315
427	6	1.162373	0.1817006	0.4204902
427	7	1.162373	0.1817006	0.4204902
427	8	1.199719	0.1705300	0.4211315
428	1	-0.1800037	0.5832172	0.3974382
428	2	-0.1437645	0.5723777	0.3980605
428	3	1.162373	0.1817006	0.4204902
428	4	-0.1437645	0.5723777	0.3980605
428	5	1.199719	0.1705300	0.4211315
428	6	1.162373	0.1817006	0.4204902
428	7	1.162373	0.1817006	0.4204902
428	8	1.199719	0.1705300	0.4211315
448	1	-0.1800037	0.5832172	0.3974382
448	2	-0.1437645	0.5723777	0.3980605
448	3	1.162373	0.1817006	0.4204902
448	4	-0.1437645	0.5723777	0.3980605
448	5	1.199719	0.1705300	0.4211315
448	6	1.162373	0.1817006	0.4204902
448	7	1.162373	0.1817006	0.4204902
448	8	1.199719	0.1705300	0.4211315
449	1	-0.1800037	0.5832172	0.3974382
449	2	-0.1437645	0.5723777	0.3980605
449	3	1.162373	0.1817006	0.4204902
449	4	-0.1437645	0.5723777	0.3980605
449	5	1.199719	0.1705300	0.4211315
449	6	1.162373	0.1817006	0.4204902
449	7	1.162373	0.1817006	0.4204902
449	8	1.199719	0.1705300	0.4211315
450	1	-0.1800037	0.5832172	0.3974382
450	2	-0.1437645	0.5723777	0.3980605
450	3	1.162373	0.1817006	0.4204902
450	4	-0.1437645	0.5723777	0.3980605
450	5	1.199719	0.1705300	0.4211315
450	6	1.162373	0.1817006	0.4204902
450	7	1.162373	0.1817006	0.4204902
450	8	1.199719	0.1705300	0.4211315
451	1	-0.1380766	0.5786228	0.3194126
451	2	-0.0947841	0.5664649	0.3123149
451	3	0.5026283	0.3088556	1.104615
451	4	-0.0947841	0.5664649	0.3123149
451	5	1.190514	0.2009162	0.1471422
451	6	0.5026283	0.3088556	1.104615
451	7	0.5026283	0.3088556	1.104615
451	8	1.190514	0.2009162	0.1471422
452	1	-0.1673149	0.5794218	0.3976561
452	2	-0.130622	0.5684467	0.3982861
452	3	1.188779	0.1738022	0.4209437
452	4	-0.1306220	0.5684467	0.3982862
452	6	1.188779	0.1738022	0.4209437
452	7	1.188779	0.1738022	0.4209437
453	1	-0.1673149	0.5794218	0.3976561
453	2	-0.130622	0.5684467	0.3982861
453	3	1.188779	0.1738022	0.4209437
453	4	-0.1306220	0.5684467	0.3982862
453	6	1.188779	0.1738022	0.4209437
453	7	1.188779	0.1738022	0.4209437
462	1	-0.1673149	0.5794218	0.3976561
462	2	-0.130622	0.5684467	0.3982861
462	3	1.188779	0.1738022	0.4209437
462	4	-0.1306220	0.5684467	0.3982862
462	6	1.188779	0.1738022	0.4209437
462	7	1.188779	0.1738022	0.4209437
463	1	-0.1673149	0.5794218	0.3976561
463	2	-0.130622	0.5684467	0.3982861
463	3	1.188779	0.1738022	0.4209437
463	4	-0.1306220	0.5684467	0.3982862
463	6	1.188779	0.1738022	0.4209437
463	7	1.188779	0.1738022	0.4209437
464	1	-0.1673149	0.5794218	0.3976561
464	2	-0.130622	0.5684467	0.3982861
464	3	1.188779	0.1738022	0.4209437
464	4	-0.1306220	0.5684467	0.3982862
464	6	1.188779	0.1738022	0.4209437
464	7	1.188779	0.1738022	0.4209437
465	1	-0.1673149	0.5794218	0.3976561
465	2	-0.130622	0.5684467	0.3982861
465	3	1.188779	0.1738022	0.4209437
465	4	-0.1306220	0.5684467	0.3982862
465	6	1.188779	0.1738022	0.4209437
465	7	1.188779	0.1738022	0.4209437
466	1	1.201297	0.1700605	0.4211319
466	2	1.127023	0.1922765	0.4198586
466	3	-0.1243929	0.5665809	0.3984184
466	4	1.127023	0.1922765	0.4198587
466	6	-0.1243929	0.5665809	0.3984184
466	7	-0.1243929	0.5665809	0.3984184
467	1	0.3284468	0.46905	0.03045041
467	2	-0.07069132	0.5599012	0.3063604
467	3	-0.2441984	0.5707478	0.710177
467	4	-0.07069132	0.5599012	0.3063604
467	5	1.236070	0.1570237	0.4478495
467	6	-0.2441984	0.5707478	0.710177
467	7	-0.2441984	0.5707478	0.710177
467	8	1.236070	0.1570237	0.4478495
468	1	0.3284468	0.46905	0.03045041
468	2	-0.07069132	0.5599012	0.3063604
468	3	-0.2441984	0.5707478	0.710177
468	4	-0.07069132	0.5599012	0.3063604
468	5	1.236070	0.1570237	0.4478495
468	6	-0.2441984	0.5707478	0.710177
468	7	-0.2441984	0.5707478	0.710177
468	8	1.236070	0.1570237	0.4478495
469	1	0.3284468	0.46905	0.03045041
469	2	-0.07069132	0.5599012	0.3063604
469	3	-0.2441984	0.5707478	0.710177
469	4	-0.07069132	0.5599012	0.3063604
469	5	1.236070	0.1570237	0.4478495
469	6	-0.2441984	0.5707478	0.710177
469	7	-0.2441984	0.5707478	0.710177
469	8	1.236070	0.1570237	0.4478495
470	1	0.3284468	0.46905	0.03045041
470	2	-0.07069132	0.5599012	0.3063604
470	3	-0.2441984	0.5707478	0.710177
470	4	-0.07069132	0.5599012	0.3063604
470	5	1.236070	0.1570237	0.4478495
470	6	-0.2441984	0.5707478	0.710177
470	7	-0.2441984	0.5707478	0.710177
470	8	1.236070	0.1570237	0.4478495
471	1	0.3284468	0.46905	0.03045041
471	2	-0.07069132	0.5599012	0.3063604
471	3	-0.2441984	0.5707478	0.710177
471	4	-0.07069132	0.5599012	0.3063604
471	5	1.236070	0.1570237	0.4478495
471	6	-0.2441984	0.5707478	0.710177
471	7	-0.2441984	0.5707478	0.710177
471	8	1.236070	0.1570237	0.4478495
472	1	0.5262614	0.4117281	0.01555225
472	2	0.0505705	0.5379419	0.1666260
472	3	-0.1886394	0.5723642	0.5304339
472	4	0.0505705	0.5379419	0.1666260
472	5	1.191297	0.1614321	0.5361048
472	6	-0.1886394	0.5723642	0.5304339
472	7	-0.2770831	0.5832696	0.6829977
472	8	1.191297	0.1614321	0.5361048
473	1	-0.001947801	0.5571331	0.131214
473	2	-0.1204228	0.5742053	0.3111651
473	3	0.2975589	0.3578024	1.223885
473	4	-0.1204228	0.5742053	0.3111651
473	5	1.350172	0.1404084	0.2762584
473	6	0.2975589	0.3578024	1.223885
473	7	-0.2162719	0.4999052	1.329899
473	8	1.350172	0.1404084	0.2762584
474	1	-0.02592218	0.5623232	0.1504313
474	2	-0.1331153	0.5760874	0.3299175
474	4	-0.1331153	0.5760874	0.3299175
474	5	1.344671	0.1448703	0.2482534
474	6	0.4030271	0.3284565	1.203890
474	7	-0.09866526	0.4554685	1.423676
474	8	1.344671	0.1448703	0.2482534
475	1	-0.03312277	0.5599532	0.1951359
475	2	-0.2305017	0.5736956	0.6406025
475	4	-0.2305017	0.5736956	0.6406025
475	5	1.365282	0.1227635	0.4065846
476	1	-0.03312277	0.5599532	0.1951359
476	2	-0.2305017	0.5736956	0.6406025
476	4	-0.2305017	0.5736956	0.6406025
476	5	1.365282	0.1227635	0.4065846
477	1	-0.03312277	0.5599532	0.1951359
477	2	-0.2305017	0.5736956	0.6406025
477	4	-0.2305017	0.5736956	0.6406025
477	5	1.365282	0.1227635	0.4065846
478	1	-0.03312277	0.5599532	0.1951359
478	2	-0.2305017	0.5736956	0.6406025
478	4	-0.2305017	0.5736956	0.6406025
478	5	1.365282	0.1227635	0.4065846
479	1	-0.1915524	0.5879756	0.3843171
479	2	-0.1730106	0.5822293	0.3866193
479	4	-0.1730106	0.5822293	0.3866193
479	5	1.112253	0.2332265	0.05758522
479	6	0.5270112	0.2894517	1.225045
479	7	0.5270112	0.2894517	1.225045
479	8	1.112253	0.2332265	0.05758522
480	1	-0.1915524	0.5879756	0.3843171
480	2	-0.1730106	0.5822293	0.3866193
480	4	-0.1730106	0.5822293	0.3866193
480	5	1.112253	0.2332265	0.05758522
480	6	0.5270112	0.2894517	1.225045
480	7	0.5270112	0.2894517	1.225045
480	8	1.112253	0.2332265	0.05758522
481	1	-0.1083208	0.5786618	0.2313399
481	2	-0.100645	0.5745917	0.2490532
481	3	1.269116	0.1774129	0.1484205
481	4	-0.100645	0.5745917	0.2490532
481	5	0.03750575	0.4077530	1.495238
481	6	1.269116	0.1774129	0.1484205
481	7	1.267054	0.1778296	0.150368
481	8	0.03750575	0.4077530	1.495238
482	1	-0.1083208	0.5786618	0.2313399
482	2	-0.100645	0.5745917	0.2490532
482	3	1.269116	0.1774129	0.1484205
482	4	-0.100645	0.5745917	0.2490532
482	5	0.03750575	0.4077530	1.495238
482	6	1.269116	0.1774129	0.1484205
482	7	1.267054	0.1778296	0.150368
482	8	0.03750575	0.4077530	1.495238
483	1	-0.1983907	0.5885938	0.3983421
483	2	-0.1789286	0.5827775	0.3986272
483	3	0.5517869	0.2836621	1.209407
483	4	-0.1789286	0.5827775	0.3986272
483	5	1.094551	0.2389775	0.0527612
483	6	0.5517869	0.2836621	1.209407
483	8	1.094551	0.2389775	0.0527612
484	1	-0.1983907	0.5885938	0.3983421
484	2	-0.1789286	0.5827775	0.3986272
484	3	0.5517869	0.2836621	1.209407
484	4	-0.1789286	0.5827775	0.3986272
484	5	1.094551	0.2389775	0.0527612
484	6	0.5517869	0.2836621	1.209407
484	8	1.094551	0.2389775	0.0527612
485	1	-0.1983907	0.5885938	0.3983421
485	2	-0.1789286	0.5827775	0.3986272
485	3	0.5517869	0.2836621	1.209407
485	4	-0.1789286	0.5827775	0.3986272
485	5	1.094551	0.2389775	0.0527612
485	6	0.5517869	0.2836621	1.209407
485	8	1.094551	0.2389775	0.0527612
486	1	-0.1616407	0.5864387	0.3114010
486	2	-0.1499513	0.5816506	0.3244023
486	3	0.2378989	0.3576164	1.401538
486	4	-0.1499513	0.5816506	0.3244023
486	5	1.159406	0.2168861	0.08056039
486	6	0.2378989	0.3576164	1.401538
486	7	1.300903	0.1574364	0.2527062
486	8	1.159406	0.2168861	0.08056039
495	2	0.759265	0.3440786	-0.0007005197
495	3	1.078846	0.1767186	0.716001
495	5	-0.2175935	0.5852659	0.4879081
495	6	1.078846	0.1767186	0.716001
495	7	-0.2952830	0.5631207	0.9362964
495	8	-0.2175935	0.5852659	0.4879081
496	2	0.759265	0.3440786	-0.0007005197
496	3	1.078846	0.1767186	0.716001
496	5	-0.2175935	0.5852659	0.4879081
496	6	1.078846	0.1767186	0.716001
496	7	-0.2952830	0.5631207	0.9362964
496	8	-0.2175935	0.5852659	0.4879081
497	2	0.759265	0.3440786	-0.0007005197
497	3	1.078846	0.1767186	0.716001
497	5	-0.2175935	0.5852659	0.4879081
497	6	1.078846	0.1767186	0.716001
497	7	-0.2952830	0.5631207	0.9362964
497	8	-0.2175935	0.5852659	0.4879081
498	2	0.759265	0.3440786	-0.0007005197
498	3	1.078846	0.1767186	0.716001
498	5	-0.2175935	0.5852659	0.4879081
498	6	1.078846	0.1767186	0.716001
498	7	-0.2952830	0.5631207	0.9362964
498	8	-0.2175935	0.5852659	0.4879081
499	2	0.759265	0.3440786	-0.0007005197
499	3	1.078846	0.1767186	0.716001
499	5	-0.2175935	0.5852659	0.4879081
499	6	1.078846	0.1767186	0.716001
499	7	-0.2952830	0.5631207	0.9362964
499	8	-0.2175935	0.5852659	0.4879081
500	2	0.759265	0.3440786	-0.0007005197
500	3	1.078846	0.1767186	0.716001
500	5	-0.2175935	0.5852659	0.4879081
500	6	1.078846	0.1767186	0.716001
500	7	-0.2952830	0.5631207	0.9362964
500	8	-0.2175935	0.5852659	0.4879081
501	2	-0.1643061	0.5785219	0.3977076
501	5	1.232774	0.1606430	0.4216993
502	2	-0.1643061	0.5785219	0.3977076
502	5	1.232774	0.1606430	0.4216993
503	2	-0.1643061	0.5785219	0.3977076
503	5	1.232774	0.1606430	0.4216993
504	2	-0.1643061	0.5785219	0.3977076
504	5	1.232774	0.1606430	0.4216993
505	2	-0.1643061	0.5785219	0.3977076
505	5	1.232774	0.1606430	0.4216993
506	1	-0.08304336	0.5709984	0.2327918
506	2	-0.10211	0.5709865	0.2890971
506	3	1.342332	0.1341472	0.3614086
506	4	-0.10211	0.5709865	0.2890971
506	5	-0.1930945	0.4762945	1.495569
506	6	1.342332	0.1341472	0.3614086
506	7	0.435868	0.4377705	0.02386068
507	1	-0.02523316	0.559183	0.1795191
507	2	-0.03493691	0.5584562	0.2153171
507	3	1.308997	0.1508424	0.2941973
507	4	-0.03493691	0.5584562	0.2153171
507	5	-0.06585188	0.4445721	1.434958
507	6	1.308997	0.1508424	0.2941973
507	7	-0.2585179	0.5531115	0.9271411
508	1	-0.02523316	0.559183	0.1795191
508	2	-0.03493691	0.5584562	0.2153171
508	3	1.308997	0.1508424	0.2941973
508	4	-0.03493691	0.5584562	0.2153171
508	5	-0.06585188	0.4445721	1.434958
508	6	1.308997	0.1508424	0.2941973
508	7	-0.2585179	0.5531115	0.9271411
509	1	-0.1405094	0.5781698	0.3310714
509	2	-0.1310327	0.5732315	0.3520805
509	3	1.164960	0.2139130	0.09365356
509	4	-0.1310327	0.5732315	0.3520805
509	5	0.2120834	0.3758893	1.296537
509	6	1.164960	0.2139130	0.09365356
509	7	-0.1058201	0.5661445	0.3480117
509	8	0.5062474	0.2939407	1.241750
510	1	0.01553552	0.551232	0.1381696
510	2	0.02915074	0.5461961	0.1479512
510	3	1.308720	0.1570449	0.2335500
510	4	0.02915074	0.5461961	0.1479512
510	5	-0.04692547	0.4415591	1.409041
510	6	1.308720	0.1570449	0.2335500
510	7	-0.2117962	0.5679201	0.6427132
510	8	-0.04692547	0.4415591	1.409041
511	1	1.173443	0.2106939	0.1005576
511	3	-0.1111373	0.5754216	0.2717486
511	4	1.140715	0.2192798	0.1119187
511	5	0.1456382	0.3894089	1.358368
511	6	-0.1111373	0.5754216	0.2717486
511	7	1.177908	0.1804634	0.3869696
511	8	0.1456382	0.3894089	1.358368
512	1	1.173443	0.2106939	0.1005576
512	3	-0.1111373	0.5754216	0.2717486
512	4	1.140715	0.2192798	0.1119187
512	5	0.1456382	0.3894089	1.358368
512	6	-0.1111373	0.5754216	0.2717486
512	7	1.177908	0.1804634	0.3869696
512	8	0.1456382	0.3894089	1.358368
513	1	1.173443	0.2106939	0.1005576
513	3	-0.1111373	0.5754216	0.2717486
513	4	1.140715	0.2192798	0.1119187
513	5	0.1456382	0.3894089	1.358368
513	6	-0.1111373	0.5754216	0.2717486
513	7	1.177908	0.1804634	0.3869696
513	8	0.1456382	0.3894089	1.358368
514	1	1.173443	0.2106939	0.1005576
514	3	-0.1111373	0.5754216	0.2717486
514	4	1.140715	0.2192798	0.1119187
514	5	0.1456382	0.3894089	1.358368
514	6	-0.1111373	0.5754216	0.2717486
514	7	1.177908	0.1804634	0.3869696
514	8	0.1456382	0.3894089	1.358368
515	1	1.173443	0.2106939	0.1005576
515	3	-0.1111373	0.5754216	0.2717486
515	4	1.140715	0.2192798	0.1119187
515	5	0.1456382	0.3894089	1.358368
515	6	-0.1111373	0.5754216	0.2717486
515	7	1.177908	0.1804634	0.3869696
515	8	0.1456382	0.3894089	1.358368
516	1	1.173443	0.2106939	0.1005576
516	3	-0.1111373	0.5754216	0.2717486
516	4	1.140715	0.2192798	0.1119187
516	5	0.1456382	0.3894089	1.358368
516	6	-0.1111373	0.5754216	0.2717486
516	7	1.177908	0.1804634	0.3869696
516	8	0.1456382	0.3894089	1.358368
517	1	1.173443	0.2106939	0.1005576
517	3	-0.1111373	0.5754216	0.2717486
517	4	1.140715	0.2192798	0.1119187
517	5	0.1456382	0.3894089	1.358368
517	6	-0.1111373	0.5754216	0.2717486
517	7	1.177908	0.1804634	0.3869696
517	8	0.1456382	0.3894089	1.358368
518	1	0.9677973	0.2013130	0.7995258
518	3	-0.2356400	0.5852459	0.5412868
518	4	0.9964742	0.2010175	0.7179469
518	5	0.698479	0.3608805	0.01192834
518	6	-0.2356400	0.5852459	0.5412868
518	7	1.189778	0.1948099	0.2098231
519	1	-0.2648176	0.5806782	0.6725325
519	4	-0.2367825	0.5735977	0.6600814
519	5	0.8278579	0.3212124	0.02375981
519	6	1.005106	0.1906668	0.7950808
519	7	0.2372916	0.492423	0.06745618
520	1	-0.06085078	0.5655653	0.2212332
520	2	-0.0525245	0.5611959	0.2399956
520	3	1.290806	0.1607354	0.2497695
520	4	-0.0525245	0.5611959	0.2399956
520	5	0.06564211	0.4079064	1.410804
520	6	1.290806	0.1607354	0.2497695
520	7	-0.244361	0.5365999	1.049045
521	1	-0.02523316	0.559183	0.1795191
521	2	-0.03493691	0.5584562	0.2153171
521	3	1.308997	0.1508424	0.2941973
521	4	-0.03493691	0.5584562	0.2153171
521	5	-0.06585188	0.4445721	1.434958
521	6	1.308997	0.1508424	0.2941973
521	7	-0.2585179	0.5531115	0.9271411
522	1	-0.02523316	0.559183	0.1795191
522	2	-0.03493691	0.5584562	0.2153171
522	3	1.308997	0.1508424	0.2941973
522	4	-0.03493691	0.5584562	0.2153171
522	5	-0.06585188	0.4445721	1.434958
522	6	1.308997	0.1508424	0.2941973
522	7	-0.2585179	0.5531115	0.9271411
523	1	-0.02523316	0.559183	0.1795191
523	2	-0.03493691	0.5584562	0.2153171
523	3	1.308997	0.1508424	0.2941973
523	4	-0.03493691	0.5584562	0.2153171
523	5	-0.06585188	0.4445721	1.434958
523	6	1.308997	0.1508424	0.2941973
523	7	-0.2585179	0.5531115	0.9271411
524	1	0.9677973	0.2013130	0.7995258
524	3	-0.2356400	0.5852459	0.5412868
524	4	0.9964742	0.2010175	0.7179469
524	5	0.698479	0.3608805	0.01192834
524	6	-0.2356400	0.5852459	0.5412868
524	7	1.189778	0.1948099	0.2098231
525	1	-0.09211783	0.5708013	0.2614862
525	4	-0.2542201	0.574948	0.6980871
525	5	1.234514	0.1624348	0.3988137
525	7	-0.1523358	0.5654883	0.4915899
525	8	1.234514	0.1624348	0.3988137
526	1	-0.09211783	0.5708013	0.2614862
526	4	-0.2542201	0.574948	0.6980871
526	5	1.234514	0.1624348	0.3988137
526	7	-0.1523358	0.5654883	0.4915899
526	8	1.234514	0.1624348	0.3988137
527	1	-0.09211783	0.5708013	0.2614862
527	4	-0.2542201	0.574948	0.6980871
527	5	1.234514	0.1624348	0.3988137
527	7	-0.1523358	0.5654883	0.4915899
527	8	1.234514	0.1624348	0.3988137
528	1	-0.09211783	0.5708013	0.2614862
528	4	-0.2542201	0.574948	0.6980871
528	5	1.234514	0.1624348	0.3988137
528	7	-0.1523358	0.5654883	0.4915899
528	8	1.234514	0.1624348	0.3988137
529	1	1.28661	0.1531682	0.3371226
529	3	-0.2581036	0.5313435	1.141631
529	4	1.239322	0.1654956	0.3543152
529	5	-0.00560166	0.5538856	0.1741622
529	6	-0.2581036	0.5313435	1.141631
529	7	1.153248	0.187236	0.3925254
529	8	-0.00560166	0.5538856	0.1741622
530	1	-0.1346964	0.576412	0.3313595
530	2	-0.1210942	0.571434	0.3406062
530	3	0.5836594	0.2888327	1.064245
530	4	-0.1210942	0.571434	0.3406062
530	5	1.249288	0.1773936	0.2070418
530	6	0.5836594	0.2888327	1.064245
530	7	-0.1316420	0.5645404	0.4400013
530	8	1.249288	0.1773936	0.2070418
531	1	-0.1346964	0.576412	0.3313595
531	2	-0.1210942	0.571434	0.3406062
531	3	0.5836594	0.2888327	1.064245
531	4	-0.1210942	0.571434	0.3406062
531	5	1.249288	0.1773936	0.2070418
531	6	0.5836594	0.2888327	1.064245
531	7	-0.1316420	0.5645404	0.4400013
531	8	1.249288	0.1773936	0.2070418
532	1	-0.1346964	0.576412	0.3313595
532	2	-0.1210942	0.571434	0.3406062
532	3	0.5836594	0.2888327	1.064245
532	4	-0.1210942	0.571434	0.3406062
532	5	1.249288	0.1773936	0.2070418
532	6	0.5836594	0.2888327	1.064245
532	7	-0.1316420	0.5645404	0.4400013
532	8	1.249288	0.1773936	0.2070418
541	3	1.145408	0.1867747	0.420199
541	5	-0.1149520	0.5637596	0.3985551
541	8	-0.1149520	0.5637596	0.3985551
542	3	1.120904	0.1941041	0.4197782
542	8	1.120904	0.1941041	0.4197782
543	3	1.120904	0.1941041	0.4197782
543	8	1.120904	0.1941041	0.4197782
544	1	1.180055	0.1764116	0.420794
544	2	-0.1162139	0.5641371	0.3985335
544	3	-0.1162139	0.5641371	0.3985335
544	4	-0.1162139	0.5641371	0.3985335
544	8	-0.1162139	0.5641371	0.3985335
545	1	1.180055	0.1764116	0.420794
545	2	-0.1162139	0.5641371	0.3985335
545	3	-0.1162139	0.5641371	0.3985335
545	4	-0.1162139	0.5641371	0.3985335
545	8	-0.1162139	0.5641371	0.3985335
546	1	1.184325	0.1751344	0.4208661
546	2	-0.1140502	0.5634898	0.3985717
546	3	-0.1140502	0.5634898	0.3985717
546	4	-0.1140502	0.5634898	0.3985717
546	6	-0.1140502	0.5634898	0.3985717
546	7	-0.1140502	0.5634898	0.3985717
546	8	-0.1140502	0.5634898	0.3985717
547	1	1.185665	0.1747346	0.4208792
547	2	-0.1133774	0.5632876	0.3985926
547	3	-0.1133774	0.5632876	0.3985926
547	4	-0.1133774	0.5632876	0.3985926
547	5	-0.1133774	0.5632876	0.3985926
547	6	-0.1133774	0.5632876	0.3985926
547	7	-0.1133774	0.5632876	0.3985926
547	8	-0.1133774	0.5632876	0.3985926
548	1	1.185665	0.1747346	0.4208792
548	2	-0.1133774	0.5632876	0.3985926
548	3	-0.1133774	0.5632876	0.3985926
548	4	-0.1133774	0.5632876	0.3985926
548	5	-0.1133774	0.5632876	0.3985926
548	6	-0.1133774	0.5632876	0.3985926
548	7	-0.1133774	0.5632876	0.3985926
548	8	-0.1133774	0.5632876	0.3985926
549	1	1.185665	0.1747346	0.4208792
549	2	-0.1133774	0.5632876	0.3985926
549	3	-0.1133774	0.5632876	0.3985926
549	4	-0.1133774	0.5632876	0.3985926
549	5	-0.1133774	0.5632876	0.3985926
549	6	-0.1133774	0.5632876	0.3985926
549	7	-0.1133774	0.5632876	0.3985926
549	8	-0.1133774	0.5632876	0.3985926
550	1	1.185665	0.1747346	0.4208792
550	2	-0.1133774	0.5632876	0.3985926
550	3	-0.1133774	0.5632876	0.3985926
550	4	-0.1133774	0.5632876	0.3985926
550	5	-0.1133774	0.5632876	0.3985926
550	6	-0.1133774	0.5632876	0.3985926
550	7	-0.1133774	0.5632876	0.3985926
550	8	-0.1133774	0.5632876	0.3985926
568	1	1.157736	0.1830873	0.4204107
568	2	-0.127506	0.5675146	0.3983395
569	1	1.157736	0.1830873	0.4204107
569	2	-0.127506	0.5675146	0.3983395
570	1	1.157736	0.1830873	0.4204107
570	2	-0.127506	0.5675146	0.3983395
571	1	1.157736	0.1830873	0.4204107
571	2	-0.127506	0.5675146	0.3983395
572	1	1.157736	0.1830873	0.4204107
572	2	-0.127506	0.5675146	0.3983395
573	1	1.157736	0.1830873	0.4204107
573	2	-0.127506	0.5675146	0.3983395
574	1	1.157736	0.1830873	0.4204107
574	2	-0.127506	0.5675146	0.3983395
576	1	1.190345	0.173335	0.4209581
576	2	-0.1110046	0.5625777	0.3986346
576	3	-0.1110046	0.5625777	0.3986346
576	4	-0.1110046	0.5625777	0.3986346
576	5	-0.1110046	0.5625777	0.3986346
576	6	-0.1110046	0.5625777	0.3986346
576	7	-0.1298495	0.5682144	0.3983115
576	8	-0.1110046	0.5625777	0.3986346
577	1	1.190345	0.173335	0.4209581
577	2	-0.1110046	0.5625777	0.3986346
577	3	-0.1110046	0.5625777	0.3986346
577	4	-0.1110046	0.5625777	0.3986346
577	5	-0.1110046	0.5625777	0.3986346
577	6	-0.1110046	0.5625777	0.3986346
577	7	-0.1298495	0.5682144	0.3983115
577	8	-0.1110046	0.5625777	0.3986346
578	1	1.190345	0.173335	0.4209581
578	2	-0.1110046	0.5625777	0.3986346
578	3	-0.1110046	0.5625777	0.3986346
578	4	-0.1110046	0.5625777	0.3986346
578	5	-0.1110046	0.5625777	0.3986346
578	6	-0.1110046	0.5625777	0.3986346
578	7	-0.1298495	0.5682144	0.3983115
578	8	-0.1110046	0.5625777	0.3986346
579	1	1.190345	0.173335	0.4209581
579	2	-0.1110046	0.5625777	0.3986346
579	3	-0.1110046	0.5625777	0.3986346
579	4	-0.1110046	0.5625777	0.3986346
579	5	-0.1110046	0.5625777	0.3986346
579	6	-0.1110046	0.5625777	0.3986346
579	7	-0.1298495	0.5682144	0.3983115
579	8	-0.1110046	0.5625777	0.3986346
580	1	1.190345	0.173335	0.4209581
580	2	-0.1110046	0.5625777	0.3986346
580	3	-0.1110046	0.5625777	0.3986346
580	4	-0.1110046	0.5625777	0.3986346
580	5	-0.1110046	0.5625777	0.3986346
580	6	-0.1110046	0.5625777	0.3986346
580	7	-0.1298495	0.5682144	0.3983115
580	8	-0.1110046	0.5625777	0.3986346
581	1	1.190345	0.173335	0.4209581
581	2	-0.1110046	0.5625777	0.3986346
581	3	-0.1110046	0.5625777	0.3986346
581	4	-0.1110046	0.5625777	0.3986346
581	5	-0.1110046	0.5625777	0.3986346
581	6	-0.1110046	0.5625777	0.3986346
581	7	-0.1298495	0.5682144	0.3983115
581	8	-0.1110046	0.5625777	0.3986346
582	1	1.189670	0.1735355	0.4209587
582	2	-0.1113387	0.5626788	0.3986176
582	4	-0.1113386	0.5626788	0.3986176
582	5	-0.1113387	0.5626788	0.3986176
582	6	-0.1113387	0.5626788	0.3986176
582	7	-0.1301776	0.5683137	0.3982941
582	8	-0.1113386	0.5626788	0.3986176
586	5	1.233198	0.1606938	0.4199441
586	6	-0.2134425	0.5813274	0.5147043
586	7	-0.1128817	0.5730346	0.3005439
586	8	1.233198	0.1606938	0.4199441
587	5	1.231999	0.1610521	0.4199293
587	6	-0.2556385	0.5812133	0.6401806
587	7	-0.05868684	0.5649731	0.2207252
587	8	1.231999	0.1610521	0.4199293
588	5	1.231999	0.1610521	0.4199293
588	6	-0.2556385	0.5812133	0.6401806
588	7	-0.05868684	0.5649731	0.2207252
588	8	1.231999	0.1610521	0.4199293
589	5	1.231999	0.1610521	0.4199293
589	6	-0.2556385	0.5812133	0.6401806
589	7	-0.05868684	0.5649731	0.2207252
589	8	1.231999	0.1610521	0.4199293
590	5	1.231999	0.1610521	0.4199293
590	6	-0.2556385	0.5812133	0.6401806
590	7	-0.05868684	0.5649731	0.2207252
590	8	1.231999	0.1610521	0.4199293
591	3	1.093720	0.1833624	0.6063325
591	5	-0.1759626	0.5816474	0.401085
591	6	1.093720	0.1833624	0.6063325
591	7	1.211391	0.1928975	0.1650844
591	8	-0.1759626	0.5816474	0.401085
592	3	1.093720	0.1833624	0.6063325
592	5	-0.1759626	0.5816474	0.401085
592	6	1.093720	0.1833624	0.6063325
592	7	1.211391	0.1928975	0.1650844
592	8	-0.1759626	0.5816474	0.401085
593	3	1.093720	0.1833624	0.6063325
593	5	-0.1759626	0.5816474	0.401085
593	6	1.093720	0.1833624	0.6063325
593	7	1.211391	0.1928975	0.1650844
593	8	-0.1759626	0.5816474	0.401085
594	3	1.093720	0.1833624	0.6063325
594	5	-0.1759626	0.5816474	0.401085
594	6	1.093720	0.1833624	0.6063325
594	7	1.211391	0.1928975	0.1650844
594	8	-0.1759626	0.5816474	0.401085
595	3	1.093720	0.1833624	0.6063325
595	5	-0.1759626	0.5816474	0.401085
595	6	1.093720	0.1833624	0.6063325
595	7	1.211391	0.1928975	0.1650844
595	8	-0.1759626	0.5816474	0.401085
596	3	1.074846	0.1836427	0.6591723
596	5	-0.1641604	0.5783458	0.3990231
596	7	1.270571	0.167595	0.2414239
596	8	-0.1641604	0.5783458	0.3990231
597	3	-0.2623466	0.5726547	0.7447602
597	7	0.007391912	0.5504411	0.1700051
597	8	1.269753	0.1497813	0.4203609
598	3	1.074846	0.1836427	0.6591723
598	5	-0.1641604	0.5783458	0.3990231
598	7	1.270571	0.167595	0.2414239
598	8	-0.1641604	0.5783458	0.3990231
599	3	1.074846	0.1836427	0.6591723
599	5	-0.1641604	0.5783458	0.3990231
599	7	1.270571	0.167595	0.2414239
599	8	-0.1641604	0.5783458	0.3990231
600	3	1.074846	0.1836427	0.6591723
600	5	-0.1641604	0.5783458	0.3990231
600	7	1.270571	0.167595	0.2414239
600	8	-0.1641604	0.5783458	0.3990231
601	3	1.270984	0.1492138	0.4223554
601	5	-0.1460670	0.5730664	0.3980209
601	8	-0.1460670	0.5730664	0.3980209
602	3	1.270984	0.1492138	0.4223554
602	5	-0.1460670	0.5730664	0.3980209
602	8	-0.1460670	0.5730664	0.3980209
609	5	1.120904	0.1941041	0.4197782
609	8	1.120904	0.1941041	0.4197782
610	5	1.120904	0.1941041	0.4197782
610	8	1.120904	0.1941041	0.4197782
614	1	0.01187057	0.5506567	0.1546710
614	2	-0.2279962	0.578907	0.5815766
614	4	-0.2279962	0.578907	0.5815766
614	8	1.407508	0.1084746	0.4237467
615	1	0.01187057	0.5506567	0.1546710
615	2	-0.2279962	0.578907	0.5815766
615	4	-0.2279962	0.578907	0.5815766
615	8	1.407508	0.1084746	0.4237467
616	1	0.01187057	0.5506567	0.1546710
616	2	-0.2279962	0.578907	0.5815766
616	4	-0.2279962	0.578907	0.5815766
616	8	1.407508	0.1084746	0.4237467
617	1	0.01187057	0.5506567	0.1546710
617	2	-0.2279962	0.578907	0.5815766
617	4	-0.2279962	0.578907	0.5815766
617	8	1.407508	0.1084746	0.4237467
618	1	0.01187057	0.5506567	0.1546710
618	2	-0.2279962	0.578907	0.5815766
618	4	-0.2279962	0.578907	0.5815766
618	8	1.407508	0.1084746	0.4237467
619	1	0.01187057	0.5506567	0.1546710
619	2	-0.2279962	0.578907	0.5815766
619	4	-0.2279962	0.578907	0.5815766
619	8	1.407508	0.1084746	0.4237467
620	1	0.01187057	0.5506567	0.1546710
620	2	-0.2279962	0.578907	0.5815766
620	4	-0.2279962	0.578907	0.5815766
620	8	1.407508	0.1084746	0.4237467
621	1	-0.1784375	0.5826022	0.3989169
621	2	-0.1797231	0.5829863	0.3988988
621	3	1.035732	0.1759610	0.8505574
621	4	-0.1797231	0.5829863	0.3988988
621	8	1.361149	0.1493142	0.155658
622	1	-0.1634340	0.5804898	0.3756368
622	2	-0.1633304	0.5807596	0.372657
622	3	0.9172455	0.2028659	0.9331058
622	4	-0.1633304	0.5807596	0.372657
622	8	1.386195	0.1395216	0.1788922
623	2	1.305271	0.1423641	0.3891962
623	3	-0.3642339	0.5778814	0.9932134
623	4	1.305271	0.1423641	0.3891962
623	8	-0.03552407	0.5663913	0.1384140
624	2	1.304359	0.1411004	0.4044054
624	3	-0.3191282	0.5863314	0.7765571
624	4	1.304359	0.1411004	0.4044054
624	8	-0.090095	0.5761587	0.2024362
625	2	1.304359	0.1411004	0.4044054
625	3	-0.3191282	0.5863314	0.7765571
625	4	1.304359	0.1411004	0.4044054
625	8	-0.090095	0.5761587	0.2024362
626	2	1.304359	0.1411004	0.4044054
626	3	-0.3191282	0.5863314	0.7765571
626	4	1.304359	0.1411004	0.4044054
626	8	-0.090095	0.5761587	0.2024362
627	2	1.314158	0.1383938	0.4023491
627	3	-0.2832104	0.5797842	0.7355923
627	4	1.314158	0.1383938	0.4023491
627	6	-0.2832104	0.5797842	0.7355923
627	8	0.02389141	0.5512257	0.1136087
628	2	1.368239	0.1238027	0.3875703
628	3	-0.2869602	0.5627192	0.9157485
628	6	-0.2869602	0.5627192	0.9157485
628	8	0.112061	0.528737	0.07663822
629	2	1.341674	0.1327674	0.3770180
629	3	-0.2845120	0.5555029	0.9800449
629	6	-0.2845120	0.5555029	0.9800449
629	8	0.1345129	0.5228053	0.06925623
630	2	1.341674	0.1327674	0.3770180
630	3	-0.2845120	0.5555029	0.9800449
630	6	-0.2845120	0.5555029	0.9800449
630	8	0.1345129	0.5228053	0.06925623
631	2	1.268779	0.1473584	0.4472417
631	3	-0.2531545	0.5415503	1.025903
631	5	0.3157030	0.4715555	0.04317704
631	6	-0.2531545	0.5415503	1.025903
631	7	-0.2146233	0.5742603	0.5882156
631	8	0.3157030	0.4715555	0.04317704
632	2	1.268779	0.1473584	0.4472417
632	3	-0.2531545	0.5415503	1.025903
632	5	0.3157030	0.4715555	0.04317704
632	6	-0.2531545	0.5415503	1.025903
632	7	-0.2146233	0.5742603	0.5882156
632	8	0.3157030	0.4715555	0.04317704
633	2	1.268779	0.1473584	0.4472417
633	3	-0.2531545	0.5415503	1.025903
633	5	0.3157030	0.4715555	0.04317704
633	6	-0.2531545	0.5415503	1.025903
633	7	-0.2146233	0.5742603	0.5882156
633	8	0.3157030	0.4715555	0.04317704
634	2	1.268779	0.1473584	0.4472417
634	3	-0.2531545	0.5415503	1.025903
634	5	0.3157030	0.4715555	0.04317704
634	6	-0.2531545	0.5415503	1.025903
634	7	-0.2146233	0.5742603	0.5882156
634	8	0.3157030	0.4715555	0.04317704
635	2	1.126353	0.2266261	0.08144324
635	3	-0.05651489	0.5613877	0.2498544
635	4	1.128347	0.1644006	0.6921943
635	5	-0.2529024	0.5593956	0.8483206
635	6	-0.05651489	0.5613877	0.2498544
635	7	-0.2408590	0.5758722	0.649555
635	8	-0.2529024	0.5593956	0.8483206
636	2	1.126353	0.2266261	0.08144324
636	3	-0.05651489	0.5613877	0.2498544
636	4	1.128347	0.1644006	0.6921943
636	5	-0.2529024	0.5593956	0.8483206
636	6	-0.05651489	0.5613877	0.2498544
636	7	-0.2408590	0.5758722	0.649555
636	8	-0.2529024	0.5593956	0.8483206
637	1	0.06517625	0.5399884	0.1033051
637	2	-0.3231405	0.5509985	1.138514
637	3	1.095601	0.1840616	0.5938606
637	4	-0.1847740	0.5853892	0.3899719
637	5	1.18583	0.1965213	0.2044976
637	6	1.095601	0.1840616	0.5938606
637	7	1.250917	0.1689575	0.2858405
637	8	1.18583	0.1965213	0.2044976
638	1	0.1119347	0.5282786	0.08155232
638	2	-0.3155114	0.5468067	1.157571
638	4	-0.1759582	0.5833668	0.384034
638	5	1.215981	0.1790714	0.2885676
638	6	1.079254	0.185273	0.6300285
638	7	1.255242	0.1627516	0.3345919
638	8	1.215981	0.1790714	0.2885676
639	1	-0.1355003	0.5699058	0.3982023
639	2	-0.1355003	0.5699058	0.3982023
639	4	-0.1355003	0.5699058	0.3982023
639	5	1.141895	0.1878254	0.4201386
639	6	1.178988	0.1767306	0.4207756
639	7	1.178988	0.1767306	0.4207756
639	8	1.141895	0.1878254	0.4201386
