1	1	1.120904	0.1941041	0.4197782
1	2	1.120904	0.1941041	0.4197782
1	3	1.120904	0.1941041	0.4197782
1	4	1.120904	0.1941041	0.4197782
2	1	1.120904	0.1941041	0.4197782
2	2	1.120904	0.1941041	0.4197782
2	3	1.120904	0.1941041	0.4197782
2	4	1.120904	0.1941041	0.4197782
3	1	1.120904	0.1941041	0.4197782
3	2	1.120904	0.1941041	0.4197782
3	3	1.120904	0.1941041	0.4197782
3	4	1.120904	0.1941041	0.4197782
4	1	1.120904	0.1941041	0.4197782
4	2	1.120904	0.1941041	0.4197782
4	3	1.120904	0.1941041	0.4197782
4	4	1.120904	0.1941041	0.4197782
5	1	1.120904	0.1941041	0.4197782
5	2	1.120904	0.1941041	0.4197782
5	3	1.120904	0.1941041	0.4197782
5	4	1.120904	0.1941041	0.4197782
6	1	1.120904	0.1941041	0.4197782
6	2	1.120904	0.1941041	0.4197782
6	3	1.120904	0.1941041	0.4197782
6	4	1.120904	0.1941041	0.4197782
7	1	1.120904	0.1941041	0.4197782
7	2	1.120904	0.1941041	0.4197782
7	3	1.120904	0.1941041	0.4197782
7	4	1.120904	0.1941041	0.4197782
8	1	1.120904	0.1941041	0.4197782
8	2	1.120904	0.1941041	0.4197782
8	3	1.120904	0.1941041	0.4197782
8	4	1.120904	0.1941041	0.4197782
9	1	1.120904	0.1941041	0.4197782
9	2	1.120904	0.1941041	0.4197782
9	3	1.120904	0.1941041	0.4197782
9	4	1.120904	0.1941041	0.4197782
10	1	1.120904	0.1941041	0.4197782
10	2	1.120904	0.1941041	0.4197782
10	3	1.120904	0.1941041	0.4197782
10	4	1.120904	0.1941041	0.4197782
11	1	1.120904	0.1941041	0.4197782
11	2	1.120904	0.1941041	0.4197782
11	3	1.120904	0.1941041	0.4197782
11	4	1.120904	0.1941041	0.4197782
12	1	1.120904	0.1941041	0.4197782
12	2	1.120904	0.1941041	0.4197782
12	3	1.120904	0.1941041	0.4197782
12	4	1.120904	0.1941041	0.4197782
13	1	1.120904	0.1941041	0.4197782
13	2	1.120904	0.1941041	0.4197782
13	3	1.120904	0.1941041	0.4197782
13	4	1.120904	0.1941041	0.4197782
14	1	1.120904	0.1941041	0.4197782
14	2	1.120904	0.1941041	0.4197782
14	3	1.120904	0.1941041	0.4197782
14	4	1.120904	0.1941041	0.4197782
15	1	1.120904	0.1941041	0.4197782
15	2	1.120904	0.1941041	0.4197782
15	3	1.120904	0.1941041	0.4197782
15	4	1.120904	0.1941041	0.4197782
16	1	1.213737	0.166337	0.4213724
16	2	-0.2423374	0.6018617	0.3963676
16	3	1.213737	0.166337	0.4213724
16	4	1.213737	0.166337	0.4213724
17	1	1.213737	0.166337	0.4213724
17	2	-0.2423374	0.6018617	0.3963676
17	3	1.213737	0.166337	0.4213724
17	4	1.213737	0.166337	0.4213724
18	1	1.213737	0.166337	0.4213724
18	2	-0.2423374	0.6018617	0.3963676
18	3	1.213737	0.166337	0.4213724
18	4	1.213737	0.166337	0.4213724
19	1	1.213737	0.166337	0.4213724
19	2	-0.2423374	0.6018617	0.3963676
19	3	1.213737	0.166337	0.4213724
19	4	1.213737	0.166337	0.4213724
20	1	1.213737	0.166337	0.4213724
20	2	-0.2423374	0.6018617	0.3963676
20	3	1.213737	0.166337	0.4213724
20	4	1.213737	0.166337	0.4213724
21	1	1.213737	0.166337	0.4213724
21	2	-0.2423374	0.6018617	0.3963676
21	3	1.213737	0.166337	0.4213724
21	4	1.213737	0.166337	0.4213724
22	1	1.213737	0.166337	0.4213724
22	2	-0.2423374	0.6018617	0.3963676
22	3	1.213737	0.166337	0.4213724
22	4	1.213737	0.166337	0.4213724
23	1	1.213737	0.166337	0.4213724
23	2	-0.2423374	0.6018617	0.3963676
23	3	1.213737	0.166337	0.4213724
23	4	1.213737	0.166337	0.4213724
24	1	1.213737	0.166337	0.4213724
24	2	-0.2423374	0.6018617	0.3963676
24	3	1.213737	0.166337	0.4213724
24	4	1.213737	0.166337	0.4213724
27	1	1.120904	0.1941041	0.4197782
27	2	1.120904	0.1941041	0.4197782
27	3	1.120904	0.1941041	0.4197782
27	4	1.120904	0.1941041	0.4197782
28	1	1.120904	0.1941041	0.4197782
28	2	1.120904	0.1941041	0.4197782
28	3	1.120904	0.1941041	0.4197782
28	4	1.120904	0.1941041	0.4197782
29	1	1.120904	0.1941041	0.4197782
29	2	1.120904	0.1941041	0.4197782
29	3	1.120904	0.1941041	0.4197782
29	4	1.120904	0.1941041	0.4197782
30	1	1.120904	0.1941041	0.4197782
30	2	1.120904	0.1941041	0.4197782
30	3	1.120904	0.1941041	0.4197782
30	4	1.120904	0.1941041	0.4197782
31	1	1.120904	0.1941041	0.4197782
31	2	1.120904	0.1941041	0.4197782
31	3	1.120904	0.1941041	0.4197782
31	4	1.120904	0.1941041	0.4197782
32	1	1.120904	0.1941041	0.4197782
32	2	1.120904	0.1941041	0.4197782
32	3	1.120904	0.1941041	0.4197782
32	4	1.120904	0.1941041	0.4197782
33	1	1.120904	0.1941041	0.4197782
33	2	1.120904	0.1941041	0.4197782
33	3	1.120904	0.1941041	0.4197782
33	4	1.120904	0.1941041	0.4197782
34	1	1.120904	0.1941041	0.4197782
34	2	1.120904	0.1941041	0.4197782
34	3	1.120904	0.1941041	0.4197782
34	4	1.120904	0.1941041	0.4197782
35	1	1.120904	0.1941041	0.4197782
35	2	1.120904	0.1941041	0.4197782
35	3	1.120904	0.1941041	0.4197782
35	4	1.120904	0.1941041	0.4197782
36	1	1.120904	0.1941041	0.4197782
36	2	1.120904	0.1941041	0.4197782
36	3	1.120904	0.1941041	0.4197782
36	4	1.120904	0.1941041	0.4197782
37	2	1.120904	0.1941041	0.4197782
37	3	1.120904	0.1941041	0.4197782
38	1	1.358388	0.1230706	0.4238565
38	2	-0.1777016	0.5825286	0.3974775
38	3	-0.1777016	0.5825286	0.3974776
38	4	1.166964	0.1803272	0.4205692
39	1	1.358388	0.1230706	0.4238565
39	2	-0.1777016	0.5825286	0.3974775
39	3	-0.1777016	0.5825286	0.3974776
39	4	1.166964	0.1803272	0.4205692
40	1	1.354035	0.1243727	0.4237817
40	2	0.04025516	0.5471116	0.1061565
40	3	-0.3384678	0.5786805	0.9093658
40	4	1.155837	0.1836553	0.4203781
41	1	1.309443	0.1377103	0.4230159
41	2	-0.1997335	0.5891185	0.3970992
41	3	1.120904	0.1941041	0.4197782
41	4	1.120904	0.1941041	0.4197782
42	1	0.2453724	0.4937206	0.03078511
42	2	1.389786	0.1116457	0.4445452
42	3	-0.2954831	0.5746811	0.8223275
42	4	-0.2954831	0.5746811	0.8223275
43	1	0.2453724	0.4937206	0.03078511
43	2	1.389786	0.1116457	0.4445452
43	3	-0.2954831	0.5746811	0.8223275
43	4	-0.2954831	0.5746811	0.8223275
44	1	0.2453724	0.4937206	0.03078511
44	2	1.389786	0.1116457	0.4445452
44	3	-0.2954831	0.5746811	0.8223275
44	4	-0.2954831	0.5746811	0.8223275
45	1	0.2453724	0.4937206	0.03078511
45	2	1.389786	0.1116457	0.4445452
45	3	-0.2954831	0.5746811	0.8223275
45	4	-0.2954831	0.5746811	0.8223275
46	1	0.2453724	0.4937206	0.03078511
46	2	1.389786	0.1116457	0.4445452
46	3	-0.2954831	0.5746811	0.8223275
46	4	-0.2954831	0.5746811	0.8223275
47	1	0.2453724	0.4937206	0.03078511
47	2	1.389786	0.1116457	0.4445452
47	3	-0.2954831	0.5746811	0.8223275
47	4	-0.2954831	0.5746811	0.8223275
48	1	0.2453724	0.4937206	0.03078511
48	2	1.389786	0.1116457	0.4445452
48	3	-0.2954831	0.5746811	0.8223275
48	4	-0.2954831	0.5746811	0.8223275
49	1	0.2453724	0.4937206	0.03078511
49	2	1.389786	0.1116457	0.4445452
49	3	-0.2954831	0.5746811	0.8223275
49	4	-0.2954831	0.5746811	0.8223275
50	1	0.2453724	0.4937206	0.03078511
50	2	1.389786	0.1116457	0.4445452
50	3	-0.2954831	0.5746811	0.8223275
50	4	-0.2954831	0.5746811	0.8223275
51	1	1.245318	0.1568909	0.4219147
51	3	-0.1398815	0.5712163	0.398127
51	4	-0.1398815	0.5712163	0.398127
52	1	1.245318	0.1568909	0.4219147
52	3	-0.1398815	0.5712163	0.398127
52	4	-0.1398815	0.5712163	0.398127
53	1	1.309443	0.1377103	0.4230159
53	4	-0.1997335	0.5891185	0.3970992
54	1	1.309443	0.1377103	0.4230159
54	4	-0.1997335	0.5891185	0.3970992
55	1	1.309443	0.1377103	0.4230159
55	4	-0.1997335	0.5891185	0.3970992
56	1	1.374866	0.1181419	0.4241394
56	3	-0.1702482	0.5802992	0.3976055
56	4	-0.1702482	0.5802992	0.3976055
57	1	1.408068	0.108211	0.4247096
57	2	-0.1551759	0.575791	0.3978644
57	3	-0.1551759	0.575791	0.3978644
57	4	-0.1551759	0.575791	0.3978644
58	1	1.408068	0.108211	0.4247096
58	2	-0.1551759	0.575791	0.3978644
58	3	-0.1551759	0.575791	0.3978644
58	4	-0.1551759	0.575791	0.3978644
59	1	1.408068	0.108211	0.4247096
59	2	-0.1551759	0.575791	0.3978644
59	3	-0.1551759	0.575791	0.3978644
59	4	-0.1551759	0.575791	0.3978644
60	1	1.408068	0.108211	0.4247096
60	2	-0.1551759	0.575791	0.3978644
60	3	-0.1551759	0.575791	0.3978644
60	4	-0.1551759	0.575791	0.3978644
61	1	1.408068	0.108211	0.4247096
61	2	-0.1551759	0.575791	0.3978644
61	3	-0.1551759	0.575791	0.3978644
61	4	-0.1551759	0.575791	0.3978644
62	2	1.120904	0.1941041	0.4197782
62	3	1.120904	0.1941041	0.4197782
62	4	1.120904	0.1941041	0.4197782
63	2	1.120904	0.1941041	0.4197782
63	3	1.120904	0.1941041	0.4197782
63	4	1.120904	0.1941041	0.4197782
64	2	1.120904	0.1941041	0.4197782
64	3	1.120904	0.1941041	0.4197782
64	4	1.120904	0.1941041	0.4197782
65	2	1.120904	0.1941041	0.4197782
65	3	1.120904	0.1941041	0.4197782
65	4	1.120904	0.1941041	0.4197782
73	2	1.309443	0.1377103	0.4230159
73	4	-0.1997335	0.5891185	0.3970992
74	2	1.374866	0.1181419	0.4241394
74	3	-0.1702482	0.5802992	0.3976055
74	4	-0.1702482	0.5802992	0.3976055
75	2	1.374866	0.1181419	0.4241394
75	3	-0.1702482	0.5802992	0.3976055
75	4	-0.1702482	0.5802992	0.3976055
76	2	1.374866	0.1181419	0.4241394
76	3	-0.1702482	0.5802992	0.3976055
76	4	-0.1702482	0.5802992	0.3976055
77	1	1.120904	0.1941041	0.4197782
77	2	1.120904	0.1941041	0.4197782
77	3	1.120904	0.1941041	0.4197782
77	4	1.120904	0.1941041	0.4197782
78	1	1.120904	0.1941041	0.4197782
78	2	1.120904	0.1941041	0.4197782
78	3	1.120904	0.1941041	0.4197782
78	4	1.120904	0.1941041	0.4197782
79	1	1.120904	0.1941041	0.4197782
79	2	1.120904	0.1941041	0.4197782
79	3	1.120904	0.1941041	0.4197782
79	4	1.120904	0.1941041	0.4197782
80	1	1.120904	0.1941041	0.4197782
80	2	1.120904	0.1941041	0.4197782
80	3	1.120904	0.1941041	0.4197782
80	4	1.120904	0.1941041	0.4197782
81	1	1.120904	0.1941041	0.4197782
81	2	1.120904	0.1941041	0.4197782
81	3	1.120904	0.1941041	0.4197782
81	4	1.120904	0.1941041	0.4197782
82	1	1.120904	0.1941041	0.4197782
82	2	1.120904	0.1941041	0.4197782
82	3	1.120904	0.1941041	0.4197782
82	4	1.120904	0.1941041	0.4197782
83	1	1.120904	0.1941041	0.4197782
83	2	1.120904	0.1941041	0.4197782
83	3	1.120904	0.1941041	0.4197782
83	4	1.120904	0.1941041	0.4197782
84	1	1.120904	0.1941041	0.4197782
84	2	1.120904	0.1941041	0.4197782
84	3	1.120904	0.1941041	0.4197782
84	4	1.120904	0.1941041	0.4197782
85	1	1.120904	0.1941041	0.4197782
85	2	1.120904	0.1941041	0.4197782
85	3	1.120904	0.1941041	0.4197782
85	4	1.120904	0.1941041	0.4197782
86	1	1.120904	0.1941041	0.4197782
86	2	1.120904	0.1941041	0.4197782
86	3	1.120904	0.1941041	0.4197782
86	4	1.120904	0.1941041	0.4197782
87	1	1.120904	0.1941041	0.4197782
87	2	1.120904	0.1941041	0.4197782
87	3	1.120904	0.1941041	0.4197782
87	4	1.120904	0.1941041	0.4197782
88	1	1.213737	0.166337	0.4213724
88	2	-0.2423374	0.6018617	0.3963676
88	3	1.213737	0.166337	0.4213724
88	4	1.213737	0.166337	0.4213724
89	1	1.120904	0.1941041	0.4197782
89	3	1.120904	0.1941041	0.4197782
89	4	1.120904	0.1941041	0.4197782
90	1	1.120904	0.1941041	0.4197782
90	3	1.120904	0.1941041	0.4197782
90	4	1.120904	0.1941041	0.4197782
91	1	1.120904	0.1941041	0.4197782
91	3	1.120904	0.1941041	0.4197782
91	4	1.120904	0.1941041	0.4197782
92	1	1.120904	0.1941041	0.4197782
92	3	1.120904	0.1941041	0.4197782
92	4	1.120904	0.1941041	0.4197782
93	1	1.120904	0.1941041	0.4197782
93	3	1.120904	0.1941041	0.4197782
93	4	1.120904	0.1941041	0.4197782
94	1	1.120904	0.1941041	0.4197782
94	3	1.120904	0.1941041	0.4197782
94	4	1.120904	0.1941041	0.4197782
101	3	1.120904	0.1941041	0.4197782
101	4	1.120904	0.1941041	0.4197782
102	3	1.120904	0.1941041	0.4197782
102	4	1.120904	0.1941041	0.4197782
103	3	1.120904	0.1941041	0.4197782
103	4	1.120904	0.1941041	0.4197782
104	3	1.120904	0.1941041	0.4197782
104	4	1.120904	0.1941041	0.4197782
105	3	1.120904	0.1941041	0.4197782
105	4	1.120904	0.1941041	0.4197782
106	3	1.120904	0.1941041	0.4197782
106	4	1.120904	0.1941041	0.4197782
115	1	1.213737	0.166337	0.4213724
115	2	-0.2423374	0.6018617	0.3963676
115	3	1.213737	0.166337	0.4213724
115	4	1.213737	0.166337	0.4213724
116	1	1.213737	0.166337	0.4213724
116	2	-0.2423374	0.6018617	0.3963676
116	3	1.213737	0.166337	0.4213724
116	4	1.213737	0.166337	0.4213724
117	1	1.213737	0.166337	0.4213724
117	2	-0.2423374	0.6018617	0.3963676
117	3	1.213737	0.166337	0.4213724
117	4	1.213737	0.166337	0.4213724
118	1	1.213737	0.166337	0.4213724
118	2	-0.2423374	0.6018617	0.3963676
118	3	1.213737	0.166337	0.4213724
118	4	1.213737	0.166337	0.4213724
119	1	1.213737	0.166337	0.4213724
119	2	-0.2423374	0.6018617	0.3963676
119	3	1.213737	0.166337	0.4213724
119	4	1.213737	0.166337	0.4213724
120	1	1.213737	0.166337	0.4213724
120	2	-0.2423374	0.6018617	0.3963676
120	3	1.213737	0.166337	0.4213724
120	4	1.213737	0.166337	0.4213724
121	1	1.213737	0.166337	0.4213724
121	2	-0.2423374	0.6018617	0.3963676
121	3	1.213737	0.166337	0.4213724
121	4	1.213737	0.166337	0.4213724
122	1	1.213737	0.166337	0.4213724
122	2	-0.2423374	0.6018617	0.3963676
122	3	1.213737	0.166337	0.4213724
122	4	1.213737	0.166337	0.4213724
123	1	1.120904	0.1941041	0.4197782
123	3	1.120904	0.1941041	0.4197782
123	4	1.120904	0.1941041	0.4197782
124	1	1.120904	0.1941041	0.4197782
124	3	1.120904	0.1941041	0.4197782
124	4	1.120904	0.1941041	0.4197782
125	1	1.120904	0.1941041	0.4197782
125	3	1.120904	0.1941041	0.4197782
125	4	1.120904	0.1941041	0.4197782
126	1	1.120904	0.1941041	0.4197782
126	3	1.120904	0.1941041	0.4197782
126	4	1.120904	0.1941041	0.4197782
127	1	1.120904	0.1941041	0.4197782
127	3	1.120904	0.1941041	0.4197782
127	4	1.120904	0.1941041	0.4197782
128	1	1.120904	0.1941041	0.4197782
128	3	1.120904	0.1941041	0.4197782
128	4	1.120904	0.1941041	0.4197782
129	1	1.120904	0.1941041	0.4197782
129	3	1.120904	0.1941041	0.4197782
129	4	1.120904	0.1941041	0.4197782
130	1	1.213737	0.166337	0.4213724
130	2	-0.2423374	0.6018617	0.3963676
130	3	1.213737	0.166337	0.4213724
130	4	1.213737	0.166337	0.4213724
131	1	1.213737	0.166337	0.4213724
131	2	-0.2423374	0.6018617	0.3963676
131	3	1.213737	0.166337	0.4213724
131	4	1.213737	0.166337	0.4213724
132	2	1.309443	0.1377103	0.4230159
132	3	-0.1997335	0.5891185	0.3970992
133	2	1.309443	0.1377103	0.4230159
133	3	-0.1997335	0.5891185	0.3970992
134	2	1.309443	0.1377103	0.4230159
134	3	-0.1997335	0.5891185	0.3970992
135	2	1.309443	0.1377103	0.4230159
135	3	-0.1997335	0.5891185	0.3970992
136	1	1.220320	0.1910705	0.1568768
136	2	-0.2294765	0.5999921	0.3769955
136	3	0.4243091	0.317453	1.250214
136	4	1.220320	0.1910705	0.1568768
137	1	1.120904	0.1941041	0.4197782
137	2	1.120904	0.1941041	0.4197782
137	3	1.120904	0.1941041	0.4197782
137	4	1.120904	0.1941041	0.4197782
138	1	1.120904	0.1941041	0.4197782
138	2	1.120904	0.1941041	0.4197782
138	3	1.120904	0.1941041	0.4197782
138	4	1.120904	0.1941041	0.4197782
139	1	1.120904	0.1941041	0.4197782
139	2	1.120904	0.1941041	0.4197782
139	3	1.120904	0.1941041	0.4197782
139	4	1.120904	0.1941041	0.4197782
140	1	1.120904	0.1941041	0.4197782
140	2	1.120904	0.1941041	0.4197782
140	3	1.120904	0.1941041	0.4197782
140	4	1.120904	0.1941041	0.4197782
