12	1	0.936948	0.2194922	0.710287
12	2	0.936948	0.2194922	0.710287
12	3	0.936948	0.2194922	0.710287
12	4	0.936948	0.2194922	0.710287
12	5	0.936948	0.2194922	0.710287
12	6	-0.07776039	0.5781105	0.1467463
12	7	0.936948	0.2194922	0.710287
12	8	0.936948	0.2194922	0.710287
12	9	0.936948	0.2194922	0.710287
12	10	0.936948	0.2194922	0.710287
13	1	0.936948	0.2194922	0.710287
13	2	0.936948	0.2194922	0.710287
13	3	0.936948	0.2194922	0.710287
13	4	0.936948	0.2194922	0.710287
13	5	0.936948	0.2194922	0.710287
13	6	-0.07776039	0.5781105	0.1467463
13	7	0.936948	0.2194922	0.710287
13	8	0.936948	0.2194922	0.710287
13	9	0.936948	0.2194922	0.710287
13	10	0.936948	0.2194922	0.710287
14	1	1.120904	0.1941041	0.4197782
14	2	1.120904	0.1941041	0.4197782
14	3	1.120904	0.1941041	0.4197782
14	4	1.120904	0.1941041	0.4197782
14	5	1.120904	0.1941041	0.4197782
14	7	1.120904	0.1941041	0.4197782
14	8	1.120904	0.1941041	0.4197782
14	9	1.120904	0.1941041	0.4197782
14	10	1.120904	0.1941041	0.4197782
15	1	1.120904	0.1941041	0.4197782
15	2	1.120904	0.1941041	0.4197782
15	3	1.120904	0.1941041	0.4197782
15	4	1.120904	0.1941041	0.4197782
15	5	1.120904	0.1941041	0.4197782
15	7	1.120904	0.1941041	0.4197782
15	8	1.120904	0.1941041	0.4197782
15	9	1.120904	0.1941041	0.4197782
15	10	1.120904	0.1941041	0.4197782
18	1	1.160725	0.2002563	0.241466
18	2	1.171676	0.1971798	0.2396810
18	3	1.160725	0.2002563	0.241466
18	4	1.171676	0.1971798	0.2396810
18	5	1.160725	0.2002563	0.241466
18	6	1.171676	0.1971798	0.2396810
18	7	1.171676	0.1971798	0.2396810
18	8	-0.2946519	0.5881296	0.6866105
18	9	1.171676	0.1971798	0.239681
18	10	1.171676	0.1971798	0.239681
19	1	-0.09694267	0.4732008	1.24288
19	2	0.6979116	0.3582846	0.03932465
19	3	-0.08804947	0.4719993	1.228580
19	4	0.6979116	0.3582846	0.03932465
19	5	-0.09694267	0.4732008	1.24288
19	6	0.6979116	0.3582846	0.03932465
19	7	0.6979116	0.3582846	0.03932465
19	8	-0.1319055	0.4776676	1.301647
19	9	0.7063384	0.3562717	0.03443892
19	10	0.6979116	0.3582846	0.03932465
20	1	-0.09694267	0.4732008	1.24288
20	2	0.6979116	0.3582846	0.03932465
20	3	-0.08804947	0.4719993	1.228580
20	4	0.6979116	0.3582846	0.03932465
20	5	-0.09694267	0.4732008	1.24288
20	6	0.6979116	0.3582846	0.03932465
20	7	0.6979116	0.3582846	0.03932465
20	8	-0.1319055	0.4776676	1.301647
20	9	0.7063384	0.3562717	0.03443892
20	10	0.6979116	0.3582846	0.03932465
21	1	0.3790883	0.3405944	1.154153
21	2	0.3571154	0.4600735	0.03492122
21	3	0.3790883	0.3405944	1.154153
21	4	0.01724795	0.429189	1.342513
21	5	0.3790883	0.3405944	1.154153
21	6	0.3475185	0.4633563	0.03067096
21	7	0.3475185	0.4633563	0.03067096
21	8	0.8778862	0.2276674	0.8033205
21	9	0.01724795	0.429189	1.342513
21	10	0.3475185	0.4633563	0.03067096
22	6	1.120904	0.1941041	0.4197782
22	10	1.120904	0.1941041	0.4197782
23	1	0.8738448	0.2309193	0.783005
23	2	1.139130	0.1838693	0.4674907
23	3	0.8738448	0.2309193	0.783005
23	4	0.003434377	0.4368069	1.307730
23	5	0.8738448	0.2309193	0.783005
23	6	0.09072848	0.533294	0.09434479
23	8	1.139130	0.1838693	0.4674907
23	9	-0.1724111	0.4980965	1.21857
23	10	0.09072848	0.533294	0.09434479
24	1	0.226611	0.3809336	1.203739
24	2	0.1938474	0.3790786	1.318670
24	3	0.226611	0.3809336	1.203739
24	4	0.4015791	0.4467858	0.03556792
24	5	0.226611	0.3809336	1.203739
24	6	0.4015791	0.4467858	0.03556793
24	8	0.2266111	0.3809336	1.203739
24	9	0.4015791	0.4467858	0.03556792
24	10	0.4015791	0.4467858	0.03556792
25	1	0.226611	0.3809336	1.203739
25	2	0.1938474	0.3790786	1.318670
25	3	0.226611	0.3809336	1.203739
25	4	0.4015791	0.4467858	0.03556792
25	5	0.226611	0.3809336	1.203739
25	6	0.4015791	0.4467858	0.03556793
25	8	0.2266111	0.3809336	1.203739
25	9	0.4015791	0.4467858	0.03556792
25	10	0.4015791	0.4467858	0.03556792
26	1	1.120904	0.1941041	0.4197782
26	2	1.120904	0.1941041	0.4197782
26	3	1.120904	0.1941041	0.4197782
26	4	1.120904	0.1941041	0.4197782
26	5	1.120904	0.1941041	0.4197782
26	6	1.120904	0.1941041	0.4197782
26	7	1.120904	0.1941041	0.4197782
26	8	1.120904	0.1941041	0.4197782
26	9	1.120904	0.1941041	0.4197782
26	10	1.120904	0.1941041	0.4197782
27	1	-0.0205229	0.4364119	1.382243
27	2	0.5086593	0.4173544	0.01166955
27	3	-0.0205229	0.4364119	1.382243
27	4	-0.0205229	0.4364119	1.382243
27	5	-0.0205229	0.4364119	1.382243
27	7	0.5086593	0.4173544	0.01166955
27	8	0.3478778	0.3399946	1.252069
27	9	0.4969266	0.4216826	0.003354091
27	10	0.5086593	0.4173544	0.01166955
28	1	-0.0205229	0.4364119	1.382243
28	2	0.5086593	0.4173544	0.01166955
28	3	-0.0205229	0.4364119	1.382243
28	4	-0.0205229	0.4364119	1.382243
28	5	-0.0205229	0.4364119	1.382243
28	7	0.5086593	0.4173544	0.01166955
28	8	0.3478778	0.3399946	1.252069
28	9	0.4969266	0.4216826	0.003354091
28	10	0.5086593	0.4173544	0.01166955
29	4	1.120904	0.1941041	0.4197782
29	5	1.120904	0.1941041	0.4197782
30	4	1.120904	0.1941041	0.4197782
30	5	1.120904	0.1941041	0.4197782
31	4	1.120904	0.1941041	0.4197782
31	5	1.120904	0.1941041	0.4197782
32	1	1.120904	0.1941041	0.4197782
32	2	1.120904	0.1941041	0.4197782
32	4	1.120904	0.1941041	0.4197782
32	5	1.120904	0.1941041	0.4197782
32	7	1.120904	0.1941041	0.4197782
32	9	1.120904	0.1941041	0.4197782
32	10	1.120904	0.1941041	0.4197782
33	1	1.120904	0.1941041	0.4197782
33	2	1.120904	0.1941041	0.4197782
33	4	1.120904	0.1941041	0.4197782
33	5	1.120904	0.1941041	0.4197782
33	7	1.120904	0.1941041	0.4197782
33	9	1.120904	0.1941041	0.4197782
33	10	1.120904	0.1941041	0.4197782
34	1	1.120904	0.1941041	0.4197782
34	2	1.120904	0.1941041	0.4197782
34	4	1.120904	0.1941041	0.4197782
34	5	1.120904	0.1941041	0.4197782
34	7	1.120904	0.1941041	0.4197782
34	9	1.120904	0.1941041	0.4197782
34	10	1.120904	0.1941041	0.4197782
35	1	1.120904	0.1941041	0.4197782
35	2	1.120904	0.1941041	0.4197782
35	3	1.120904	0.1941041	0.4197782
35	4	1.120904	0.1941041	0.4197782
35	5	1.120904	0.1941041	0.4197782
35	6	1.120904	0.1941041	0.4197782
35	7	1.120904	0.1941041	0.4197782
35	9	1.120904	0.1941041	0.4197782
35	10	1.120904	0.1941041	0.4197782
36	1	1.120904	0.1941041	0.4197782
36	2	1.120904	0.1941041	0.4197782
36	3	1.120904	0.1941041	0.4197782
36	4	1.120904	0.1941041	0.4197782
36	5	1.120904	0.1941041	0.4197782
36	6	1.120904	0.1941041	0.4197782
36	7	1.120904	0.1941041	0.4197782
36	9	1.120904	0.1941041	0.4197782
36	10	1.120904	0.1941041	0.4197782
37	1	0.8636188	0.3078233	0.0510566
37	2	-0.2470585	0.5180478	1.240837
37	3	0.8636188	0.3078233	0.0510566
37	4	0.8636188	0.3078233	0.0510566
37	5	0.8636188	0.3078233	0.0510566
37	6	0.8636188	0.3078233	0.0510566
37	7	-0.2470585	0.5180478	1.240837
37	9	0.8636188	0.3078233	0.0510566
37	10	-0.2470585	0.5180478	1.240837
38	4	1.120904	0.1941041	0.4197782
38	5	1.120904	0.1941041	0.4197782
38	6	1.120904	0.1941041	0.4197782
39	1	0.7481863	0.2571742	0.893129
39	2	0.7481862	0.2571742	0.893129
39	3	0.1004176	0.5283679	0.1146067
39	4	0.7481863	0.2571742	0.893129
39	5	0.7481863	0.2571742	0.893129
39	6	0.7481863	0.2571742	0.893129
39	7	0.7481863	0.2571742	0.893129
39	8	0.7481863	0.2571742	0.893129
39	9	0.04482062	0.5487988	0.07598339
39	10	0.7481863	0.2571742	0.893129
40	1	0.7481863	0.2571742	0.893129
40	2	0.7481862	0.2571742	0.893129
40	3	0.1004176	0.5283679	0.1146067
40	4	0.7481863	0.2571742	0.893129
40	5	0.7481863	0.2571742	0.893129
40	6	0.7481863	0.2571742	0.893129
40	7	0.7481863	0.2571742	0.893129
40	8	0.7481863	0.2571742	0.893129
40	9	0.04482062	0.5487988	0.07598339
40	10	0.7481863	0.2571742	0.893129
41	1	0.7481863	0.2571742	0.893129
41	2	0.7481862	0.2571742	0.893129
41	3	0.1004176	0.5283679	0.1146067
41	4	0.7481863	0.2571742	0.893129
41	5	0.7481863	0.2571742	0.893129
41	6	0.7481863	0.2571742	0.893129
41	7	0.7481863	0.2571742	0.893129
41	8	0.7481863	0.2571742	0.893129
41	9	0.04482062	0.5487988	0.07598339
41	10	0.7481863	0.2571742	0.893129
42	1	1.120904	0.1941041	0.4197782
42	2	1.120904	0.1941041	0.4197782
42	3	1.120904	0.1941041	0.4197782
42	4	1.120904	0.1941041	0.4197782
42	5	1.120904	0.1941041	0.4197782
42	6	1.120904	0.1941041	0.4197782
42	7	1.120904	0.1941041	0.4197782
42	8	1.120904	0.1941041	0.4197782
42	9	1.120904	0.1941041	0.4197782
42	10	1.120904	0.1941041	0.4197782
43	1	1.120904	0.1941041	0.4197782
43	2	1.120904	0.1941041	0.4197782
43	3	1.120904	0.1941041	0.4197782
43	4	1.120904	0.1941041	0.4197782
43	5	1.120904	0.1941041	0.4197782
43	6	1.120904	0.1941041	0.4197782
43	7	1.120904	0.1941041	0.4197782
43	8	1.120904	0.1941041	0.4197782
43	9	1.120904	0.1941041	0.4197782
43	10	1.120904	0.1941041	0.4197782
44	1	1.120904	0.1941041	0.4197782
44	2	1.120904	0.1941041	0.4197782
44	3	1.120904	0.1941041	0.4197782
44	4	1.120904	0.1941041	0.4197782
44	5	1.120904	0.1941041	0.4197782
44	6	1.120904	0.1941041	0.4197782
44	7	1.120904	0.1941041	0.4197782
44	8	1.120904	0.1941041	0.4197782
44	9	1.120904	0.1941041	0.4197782
44	10	1.120904	0.1941041	0.4197782
45	1	1.120904	0.1941041	0.4197782
45	2	1.120904	0.1941041	0.4197782
45	3	1.120904	0.1941041	0.4197782
45	4	1.120904	0.1941041	0.4197782
45	5	1.120904	0.1941041	0.4197782
45	6	1.120904	0.1941041	0.4197782
45	7	1.120904	0.1941041	0.4197782
45	8	1.120904	0.1941041	0.4197782
45	9	1.120904	0.1941041	0.4197782
45	10	1.120904	0.1941041	0.4197782
46	1	1.120904	0.1941041	0.4197782
46	2	1.120904	0.1941041	0.4197782
46	3	1.120904	0.1941041	0.4197782
46	4	1.120904	0.1941041	0.4197782
46	5	1.120904	0.1941041	0.4197782
46	6	1.120904	0.1941041	0.4197782
46	7	1.120904	0.1941041	0.4197782
46	8	1.120904	0.1941041	0.4197782
46	9	1.120904	0.1941041	0.4197782
46	10	1.120904	0.1941041	0.4197782
47	1	1.120904	0.1941041	0.4197782
47	2	1.120904	0.1941041	0.4197782
47	3	1.120904	0.1941041	0.4197782
47	4	1.120904	0.1941041	0.4197782
47	5	1.120904	0.1941041	0.4197782
47	6	1.120904	0.1941041	0.4197782
47	7	1.120904	0.1941041	0.4197782
47	8	1.120904	0.1941041	0.4197782
47	9	1.120904	0.1941041	0.4197782
47	10	1.120904	0.1941041	0.4197782
48	5	1.142749	0.1875702	0.4201533
48	8	-0.1198887	0.5652362	0.3984704
49	5	1.142749	0.1875702	0.4201533
49	8	-0.1198887	0.5652362	0.3984704
50	5	0.3401833	0.3420234	1.25464
50	6	0.1642526	0.5174027	0.03515489
50	8	0.762593	0.246695	0.9545188
51	5	0.3401833	0.3420234	1.25464
51	6	0.1642526	0.5174027	0.03515489
51	8	0.762593	0.246695	0.9545188
52	5	0.3401833	0.3420234	1.25464
52	6	0.1642526	0.5174027	0.03515489
52	8	0.762593	0.246695	0.9545188
53	6	1.277219	0.1473489	0.4224626
53	8	-0.1851002	0.5847416	0.3973505
54	6	1.277219	0.1473489	0.4224626
54	8	-0.1851002	0.5847416	0.3973505
55	5	0.3519932	0.3408529	1.231437
55	6	0.1601735	0.5182905	0.03837733
55	8	0.737368	0.2513253	0.982969
56	1	1.213782	0.1785681	0.3000366
56	2	0.2612524	0.3693117	1.216823
56	3	1.171913	0.1827382	0.3820941
56	5	1.213782	0.1785681	0.3000366
56	6	-0.2266979	0.5934764	0.4333748
56	7	0.8613843	0.2359554	0.7698195
56	8	1.138694	0.2196750	0.1139598
56	9	-0.2552187	0.5671559	0.7782458
56	10	0.8613843	0.2359554	0.7698195
57	1	1.213782	0.1785681	0.3000366
57	2	0.2612524	0.3693117	1.216823
57	3	1.171913	0.1827382	0.3820941
57	5	1.213782	0.1785681	0.3000366
57	6	-0.2266979	0.5934764	0.4333748
57	7	0.8613843	0.2359554	0.7698195
57	8	1.138694	0.2196750	0.1139598
57	9	-0.2552187	0.5671559	0.7782458
57	10	0.8613843	0.2359554	0.7698195
58	1	1.213782	0.1785681	0.3000366
58	2	0.2612524	0.3693117	1.216823
58	3	1.171913	0.1827382	0.3820941
58	5	1.213782	0.1785681	0.3000366
58	6	-0.2266979	0.5934764	0.4333748
58	7	0.8613843	0.2359554	0.7698195
58	8	1.138694	0.2196750	0.1139598
58	9	-0.2552187	0.5671559	0.7782458
58	10	0.8613843	0.2359554	0.7698195
59	1	0.9716405	0.2085489	0.7164957
59	2	1.168229	0.2031339	0.1908365
59	3	1.133752	0.1830559	0.4913999
59	4	-0.4109656	0.595978	0.9515955
59	5	0.9716405	0.2085489	0.7164957
59	6	0.1273864	0.5269951	0.04873801
59	7	1.193486	0.1905721	0.2408887
59	8	0.7615665	0.2487726	0.9369552
59	9	0.5674819	0.3988912	0.02128933
59	10	1.193486	0.1905721	0.2408887
60	1	0.9716405	0.2085489	0.7164957
60	2	1.168229	0.2031339	0.1908365
60	3	1.133752	0.1830559	0.4913999
60	4	-0.4109656	0.595978	0.9515955
60	5	0.9716405	0.2085489	0.7164957
60	6	0.1273864	0.5269951	0.04873801
60	7	1.193486	0.1905721	0.2408887
60	8	0.7615665	0.2487726	0.9369552
60	9	0.5674819	0.3988912	0.02128933
60	10	1.193486	0.1905721	0.2408887
61	1	0.9704792	0.2090759	0.7146959
61	2	1.187393	0.1930825	0.2339675
61	3	1.129864	0.1840980	0.49253
61	4	-0.4067169	0.5906206	0.9921648
61	5	0.9704792	0.2090759	0.7146959
61	6	0.1381183	0.5242748	0.04406923
61	7	1.187393	0.1930825	0.2339675
61	8	0.7677684	0.2477609	0.9287053
61	9	0.5023257	0.4181452	0.02249742
61	10	1.187393	0.1930825	0.2339675
62	1	0.860664	0.2318487	0.8126374
62	2	1.165942	0.1905957	0.3218259
62	3	0.9752738	0.2120019	0.6715713
62	4	-0.3219325	0.5412184	1.231870
62	5	0.860664	0.2318487	0.8126374
62	6	0.2368195	0.4977575	0.01598549
62	7	1.165942	0.1905957	0.3218259
62	8	0.9807733	0.2049625	0.7251223
62	9	0.05351818	0.5396976	0.1405409
62	10	1.165942	0.1905957	0.3218259
63	1	1.120585	0.1877197	0.4839852
63	2	1.098863	0.1909830	0.5156601
63	3	1.103438	0.1904248	0.5077086
63	4	-0.295639	0.5271754	1.293547
63	5	1.120585	0.1877197	0.4839852
63	6	0.0004037139	0.5603235	0.09266908
63	7	1.098863	0.1909830	0.5156601
63	8	1.194539	0.189746	0.2459746
63	9	1.098863	0.1909830	0.5156601
63	10	1.098863	0.1909830	0.5156601
64	1	1.156015	0.1820307	0.4359523
64	2	1.156790	0.1819393	0.4345747
64	3	1.136363	0.1847666	0.4667542
64	4	-0.259983	0.5116733	1.342093
64	6	-0.006537161	0.5616139	0.1003351
64	7	1.156790	0.1819393	0.4345747
64	9	1.156790	0.1819393	0.4345747
64	10	1.156790	0.1819393	0.4345747
65	1	1.156015	0.1820307	0.4359523
65	2	1.156790	0.1819393	0.4345747
65	3	1.136363	0.1847666	0.4667542
65	4	-0.259983	0.5116733	1.342093
65	6	-0.006537161	0.5616139	0.1003351
65	7	1.156790	0.1819393	0.4345747
65	9	1.156790	0.1819393	0.4345747
65	10	1.156790	0.1819393	0.4345747
66	1	1.156015	0.1820307	0.4359523
66	2	1.156790	0.1819393	0.4345747
66	3	1.136363	0.1847666	0.4667542
66	4	-0.259983	0.5116733	1.342093
66	6	-0.006537161	0.5616139	0.1003351
66	7	1.156790	0.1819393	0.4345747
66	9	1.156790	0.1819393	0.4345747
66	10	1.156790	0.1819393	0.4345747
67	1	1.156015	0.1820307	0.4359523
67	2	1.156790	0.1819393	0.4345747
67	3	1.136363	0.1847666	0.4667542
67	4	-0.259983	0.5116733	1.342093
67	6	-0.006537161	0.5616139	0.1003351
67	7	1.156790	0.1819393	0.4345747
67	9	1.156790	0.1819393	0.4345747
67	10	1.156790	0.1819393	0.4345747
68	1	1.156015	0.1820307	0.4359523
68	2	1.156790	0.1819393	0.4345747
68	3	1.136363	0.1847666	0.4667542
68	4	-0.259983	0.5116733	1.342093
68	6	-0.006537161	0.5616139	0.1003351
68	7	1.156790	0.1819393	0.4345747
68	9	1.156790	0.1819393	0.4345747
68	10	1.156790	0.1819393	0.4345747
69	1	1.152041	0.1833600	0.4344896
69	2	1.151404	0.1834525	0.4354536
69	3	1.132235	0.1860598	0.4661024
69	4	-0.2727894	0.5169195	1.327843
69	5	1.152041	0.1833600	0.4344896
69	6	-0.01235145	0.5630997	0.1027455
69	7	1.151404	0.1834525	0.4354536
69	9	1.151404	0.1834525	0.4354536
69	10	1.151404	0.1834525	0.4354536
70	1	0.970355	0.2117334	0.6887274
70	2	1.202316	0.1778538	0.3409017
70	3	0.8859556	0.2283793	0.772487
70	4	-0.4032595	0.5678608	1.207515
70	5	0.970355	0.2117334	0.6887274
70	6	-0.01262394	0.562746	0.1070533
70	7	1.201583	0.1926000	0.1969330
70	9	1.201518	0.1925900	0.1972257
70	10	1.201583	0.1926000	0.1969330
71	1	0.9914728	0.2081559	0.6619469
71	2	1.206150	0.1810648	0.2977849
71	3	0.9003204	0.2258119	0.7555976
71	4	-0.403143	0.5679644	1.206145
71	5	0.9914728	0.2081559	0.6619469
71	6	-0.02148332	0.5648584	0.1122284
71	7	1.177394	0.2027923	0.1672139
71	8	0.7434689	0.2582038	0.8968277
71	9	1.177421	0.2027543	0.1675104
71	10	1.177394	0.2027923	0.1672139
72	1	0.9914728	0.2081559	0.6619469
72	2	1.206150	0.1810648	0.2977849
72	3	0.9003204	0.2258119	0.7555976
72	4	-0.403143	0.5679644	1.206145
72	5	0.9914728	0.2081559	0.6619469
72	6	-0.02148332	0.5648584	0.1122284
72	7	1.177394	0.2027923	0.1672139
72	8	0.7434689	0.2582038	0.8968277
72	9	1.177421	0.2027543	0.1675104
72	10	1.177394	0.2027923	0.1672139
73	6	-0.02810154	0.564749	0.1328154
73	7	0.9915086	0.2043251	0.6998034
73	9	0.7399272	0.2549376	0.939631
73	10	0.9915086	0.2043251	0.6998034
74	1	0.1936558	0.3787389	1.322602
74	2	0.9864997	0.2702686	0.06109457
74	3	0.1935683	0.3788021	1.322234
74	4	-0.3116861	0.5664978	0.9511683
74	5	0.1936558	0.3787389	1.322602
74	6	-0.1655845	0.5889619	0.298019
74	7	0.879639	0.3045231	0.03655092
74	8	0.5846166	0.288939	1.060371
74	9	0.8163912	0.3247003	0.02298697
74	10	0.879639	0.3045231	0.03655092
75	1	0.1936558	0.3787389	1.322602
75	2	0.9864997	0.2702686	0.06109457
75	3	0.1935683	0.3788021	1.322234
75	4	-0.3116861	0.5664978	0.9511683
75	5	0.1936558	0.3787389	1.322602
75	6	-0.1655845	0.5889619	0.298019
75	7	0.879639	0.3045231	0.03655092
75	8	0.5846166	0.288939	1.060371
75	9	0.8163912	0.3247003	0.02298697
75	10	0.879639	0.3045231	0.03655092
76	1	0.1936558	0.3787389	1.322602
76	2	0.9864997	0.2702686	0.06109457
76	3	0.1935683	0.3788021	1.322234
76	4	-0.3116861	0.5664978	0.9511683
76	5	0.1936558	0.3787389	1.322602
76	6	-0.1655845	0.5889619	0.298019
76	7	0.879639	0.3045231	0.03655092
76	8	0.5846166	0.288939	1.060371
76	9	0.8163912	0.3247003	0.02298697
76	10	0.879639	0.3045231	0.03655092
77	1	0.1936558	0.3787389	1.322602
77	2	0.9864997	0.2702686	0.06109457
77	3	0.1935683	0.3788021	1.322234
77	4	-0.3116861	0.5664978	0.9511683
77	5	0.1936558	0.3787389	1.322602
77	6	-0.1655845	0.5889619	0.298019
77	7	0.879639	0.3045231	0.03655092
77	8	0.5846166	0.288939	1.060371
77	9	0.8163912	0.3247003	0.02298697
77	10	0.879639	0.3045231	0.03655092
78	1	0.1936558	0.3787389	1.322602
78	2	0.9864997	0.2702686	0.06109457
78	3	0.1935683	0.3788021	1.322234
78	4	-0.3116861	0.5664978	0.9511683
78	5	0.1936558	0.3787389	1.322602
78	6	-0.1655845	0.5889619	0.298019
78	7	0.879639	0.3045231	0.03655092
78	8	0.5846166	0.288939	1.060371
78	9	0.8163912	0.3247003	0.02298697
78	10	0.879639	0.3045231	0.03655092
79	6	0.148167	0.5206093	0.05078061
79	7	0.5974438	0.2858829	1.052856
79	9	0.6012125	0.2827028	1.073264
80	6	0.03159184	0.5502589	0.1004971
80	7	0.8073356	0.2427011	0.8622462
80	9	0.8181233	0.23809	0.8761504
80	10	0.8073355	0.2427011	0.8622462
81	1	-0.2147685	0.5059302	1.265763
81	2	0.953139	0.2804874	0.05814015
81	3	-0.04573665	0.4500136	1.321758
81	5	-0.2147685	0.5059302	1.265763
81	6	-0.2634151	0.5884829	0.591059
81	7	0.9910834	0.2691273	0.05889649
81	8	-0.09742147	0.4632205	1.343192
81	9	1.020576	0.2604604	0.05787221
81	10	0.9910834	0.2691273	0.05889649
82	1	0.519298	0.3037919	1.105671
82	2	0.5039257	0.4181475	0.01775957
82	3	0.8755818	0.2283897	0.8029536
82	4	-0.3146736	0.5363917	1.258310
82	5	0.519298	0.3037919	1.105671
82	6	-0.3146736	0.5363917	1.258310
82	7	0.5109014	0.4165702	0.01283363
82	8	0.7680194	0.2486174	0.9194776
82	9	0.5157044	0.4156129	0.008165553
82	10	0.5109014	0.4165702	0.01283363
83	1	0.519298	0.3037919	1.105671
83	2	0.5039257	0.4181475	0.01775957
83	3	0.8755818	0.2283897	0.8029536
83	4	-0.3146736	0.5363917	1.258310
83	5	0.519298	0.3037919	1.105671
83	6	-0.3146736	0.5363917	1.258310
83	7	0.5109014	0.4165702	0.01283363
83	8	0.7680194	0.2486174	0.9194776
83	9	0.5157044	0.4156129	0.008165553
83	10	0.5109014	0.4165702	0.01283363
84	1	1.120904	0.1941041	0.4197782
84	2	1.120904	0.1941041	0.4197782
84	3	1.120904	0.1941041	0.4197782
84	4	1.120904	0.1941041	0.4197782
84	5	1.120904	0.1941041	0.4197782
84	6	1.120904	0.1941041	0.4197782
84	7	1.120904	0.1941041	0.4197782
84	8	1.120904	0.1941041	0.4197782
84	9	1.120904	0.1941041	0.4197782
84	10	1.120904	0.1941041	0.4197782
85	1	1.120904	0.1941041	0.4197782
85	2	1.120904	0.1941041	0.4197782
85	3	1.120904	0.1941041	0.4197782
85	4	1.120904	0.1941041	0.4197782
85	5	1.120904	0.1941041	0.4197782
85	6	1.120904	0.1941041	0.4197782
85	7	1.120904	0.1941041	0.4197782
85	8	1.120904	0.1941041	0.4197782
85	9	1.120904	0.1941041	0.4197782
85	10	1.120904	0.1941041	0.4197782
86	1	1.120904	0.1941041	0.4197782
86	2	1.120904	0.1941041	0.4197782
86	3	1.120904	0.1941041	0.4197782
86	4	1.120904	0.1941041	0.4197782
86	5	1.120904	0.1941041	0.4197782
86	6	1.120904	0.1941041	0.4197782
86	7	1.120904	0.1941041	0.4197782
86	8	1.120904	0.1941041	0.4197782
86	9	1.120904	0.1941041	0.4197782
86	10	1.120904	0.1941041	0.4197782
87	1	1.120904	0.1941041	0.4197782
87	2	1.120904	0.1941041	0.4197782
87	3	1.120904	0.1941041	0.4197782
87	4	1.120904	0.1941041	0.4197782
87	5	1.120904	0.1941041	0.4197782
87	6	1.120904	0.1941041	0.4197782
87	7	1.120904	0.1941041	0.4197782
87	8	1.120904	0.1941041	0.4197782
87	9	1.120904	0.1941041	0.4197782
87	10	1.120904	0.1941041	0.4197782
88	1	1.120904	0.1941041	0.4197782
88	2	1.120904	0.1941041	0.4197782
88	3	1.120904	0.1941041	0.4197782
88	4	1.120904	0.1941041	0.4197782
88	5	1.120904	0.1941041	0.4197782
88	6	1.120904	0.1941041	0.4197782
88	7	1.120904	0.1941041	0.4197782
88	8	1.120904	0.1941041	0.4197782
88	9	1.120904	0.1941041	0.4197782
88	10	1.120904	0.1941041	0.4197782
89	1	1.120904	0.1941041	0.4197782
89	2	1.120904	0.1941041	0.4197782
89	3	1.120904	0.1941041	0.4197782
89	4	1.120904	0.1941041	0.4197782
89	5	1.120904	0.1941041	0.4197782
89	6	1.120904	0.1941041	0.4197782
89	7	1.120904	0.1941041	0.4197782
89	8	1.120904	0.1941041	0.4197782
89	9	1.120904	0.1941041	0.4197782
89	10	1.120904	0.1941041	0.4197782
90	1	1.120904	0.1941041	0.4197782
90	2	1.120904	0.1941041	0.4197782
90	3	1.120904	0.1941041	0.4197782
90	4	1.120904	0.1941041	0.4197782
90	5	1.120904	0.1941041	0.4197782
90	6	1.120904	0.1941041	0.4197782
90	7	1.120904	0.1941041	0.4197782
90	8	1.120904	0.1941041	0.4197782
90	9	1.120904	0.1941041	0.4197782
90	10	1.120904	0.1941041	0.4197782
91	1	1.120904	0.1941041	0.4197782
91	2	1.120904	0.1941041	0.4197782
91	3	1.120904	0.1941041	0.4197782
91	4	1.120904	0.1941041	0.4197782
91	5	1.120904	0.1941041	0.4197782
91	6	1.120904	0.1941041	0.4197782
91	7	1.120904	0.1941041	0.4197782
91	8	1.120904	0.1941041	0.4197782
91	9	1.120904	0.1941041	0.4197782
91	10	1.120904	0.1941041	0.4197782
92	1	1.120904	0.1941041	0.4197782
92	2	1.120904	0.1941041	0.4197782
92	3	1.120904	0.1941041	0.4197782
92	4	1.120904	0.1941041	0.4197782
92	5	1.120904	0.1941041	0.4197782
92	6	1.120904	0.1941041	0.4197782
92	7	1.120904	0.1941041	0.4197782
92	8	1.120904	0.1941041	0.4197782
92	9	1.120904	0.1941041	0.4197782
92	10	1.120904	0.1941041	0.4197782
93	1	1.120904	0.1941041	0.4197782
93	2	1.120904	0.1941041	0.4197782
93	3	1.120904	0.1941041	0.4197782
93	4	1.120904	0.1941041	0.4197782
93	5	1.120904	0.1941041	0.4197782
93	6	1.120904	0.1941041	0.4197782
93	7	1.120904	0.1941041	0.4197782
93	8	1.120904	0.1941041	0.4197782
93	9	1.120904	0.1941041	0.4197782
93	10	1.120904	0.1941041	0.4197782
94	1	1.148854	0.2088313	0.1914754
94	2	1.148854	0.2088313	0.1914754
94	3	1.148854	0.2088313	0.1914754
94	4	-0.3745747	0.5962008	0.8421489
94	5	1.148854	0.2088313	0.1914754
94	6	1.190642	0.1972595	0.1830019
94	7	1.148854	0.2088313	0.1914753
94	8	1.148854	0.2088313	0.1914753
94	9	1.148854	0.2088313	0.1914753
94	10	1.148854	0.2088313	0.1914753
95	1	1.071752	0.1957154	0.5486557
95	2	1.050772	0.2458834	0.1133379
95	3	1.050772	0.2458834	0.1133379
95	4	-0.3830897	0.594629	0.8828172
95	5	1.071752	0.1957154	0.5486557
95	6	0.975717	0.2731086	0.06472594
95	7	1.050772	0.2458834	0.1133379
95	8	1.071752	0.1957154	0.5486557
95	9	1.050772	0.2458834	0.1133379
95	10	1.050772	0.2458834	0.1133379
96	1	-0.2645468	0.536408	1.110432
96	4	1.349393	0.1493533	0.1899144
96	6	-0.0972383	0.5712187	0.2724391
96	8	-0.2645468	0.536408	1.110432
97	1	-0.2645468	0.536408	1.110432
97	4	1.349393	0.1493533	0.1899144
97	6	-0.0972383	0.5712187	0.2724391
97	8	-0.2645468	0.536408	1.110432
98	1	-0.2645468	0.536408	1.110432
98	4	1.349393	0.1493533	0.1899144
98	6	-0.0972383	0.5712187	0.2724391
98	8	-0.2645468	0.536408	1.110432
99	1	0.4873929	0.4232875	0.01554464
99	2	0.4413182	0.3161260	1.213240
99	3	1.124987	0.2211897	0.1393416
99	4	-0.3424608	0.594749	0.7619014
99	5	0.4873929	0.4232875	0.01554464
99	6	0.3946214	0.4521248	0.003164508
99	7	0.4413182	0.3161260	1.213240
99	8	0.4873929	0.4232875	0.01554464
99	9	0.4413182	0.3161260	1.213240
99	10	0.4413182	0.3161260	1.213240
100	1	0.5644361	0.4004849	0.01447264
100	2	0.4715919	0.3099237	1.185491
100	3	1.151160	0.2119296	0.1539751
100	4	-0.3363250	0.5934362	0.7568288
100	5	0.5644361	0.4004849	0.01447264
100	6	0.1930953	0.5085692	0.03769562
100	7	0.4715919	0.3099237	1.185491
100	8	0.5644361	0.4004849	0.01447264
100	9	0.4715919	0.3099237	1.185491
100	10	0.4715919	0.3099237	1.185491
101	1	0.2129652	0.3709727	1.342659
101	2	0.8449651	0.3154542	0.03040779
101	3	0.964903	0.2095126	0.7268
101	4	-0.1968873	0.5800947	0.4781335
101	5	0.2129652	0.3709727	1.342659
101	6	-0.2381017	0.5971665	0.4304129
101	7	0.8449651	0.3154542	0.03040779
101	8	0.2129652	0.3709727	1.342659
101	9	0.8449651	0.3154542	0.03040779
101	10	0.8449651	0.3154542	0.03040779
123	1	0.5252971	0.4121232	0.01447924
123	2	0.4941769	0.3047108	1.170593
123	3	1.201094	0.1901177	0.2229731
123	4	-0.3445517	0.5929778	0.7856143
123	5	0.5252971	0.4121232	0.01447924
123	6	0.2178479	0.5020091	0.02976079
123	7	0.4941769	0.3047108	1.170593
123	8	0.5252971	0.4121232	0.01447924
123	9	0.4941769	0.3047108	1.170593
123	10	0.4941769	0.3047108	1.170593
124	1	0.831528	0.2373717	0.8437673
124	2	0.3353299	0.4673903	0.02661395
124	3	1.186738	0.190298	0.2634915
124	4	-0.3715823	0.5942576	0.8525876
124	5	0.831528	0.2373717	0.8437673
124	6	0.9706515	0.2038054	0.7664161
124	7	0.3353299	0.4673903	0.02661395
124	8	0.831528	0.2373717	0.8437673
124	9	0.831528	0.2373717	0.8437673
124	10	0.3353299	0.4673903	0.02661395
125	1	1.127221	0.2208991	0.1356379
125	2	-0.2135525	0.4990757	1.330105
125	3	1.127221	0.2208991	0.1356379
125	4	-0.08342511	0.5766793	0.1776218
125	5	1.127221	0.2208991	0.1356379
125	6	1.214668	0.1925993	0.1583819
125	7	-0.2135525	0.4990757	1.330105
125	8	1.127221	0.2208991	0.1356379
125	9	1.127221	0.2208991	0.1356379
125	10	-0.2135525	0.4990757	1.330105
126	1	0.9513364	0.2136019	0.7262557
126	2	0.3230304	0.4709601	0.02748406
126	3	0.9513364	0.2136019	0.7262557
126	4	-0.3962385	0.594518	0.9226646
126	5	0.9513364	0.2136019	0.7262557
126	6	1.014804	0.1984293	0.6895789
126	7	0.3230304	0.4709601	0.02748406
126	8	0.9513364	0.2136019	0.7262557
126	9	0.9513364	0.2136019	0.7262557
126	10	0.3230304	0.4709601	0.02748406
127	1	0.8484971	0.3127333	0.04696229
127	3	0.8484971	0.3127333	0.04696229
127	4	-0.3463673	0.6006231	0.7152033
127	5	0.8484971	0.3127333	0.04696229
127	6	0.8686116	0.3072317	0.04220678
127	7	0.344855	0.3394917	1.265961
127	8	0.8484971	0.3127333	0.04696229
127	9	0.8484971	0.3127333	0.04696229
127	10	0.344855	0.3394917	1.265961
128	1	0.94562	0.2144352	0.7348441
128	2	0.2715742	0.485866	0.03140744
128	3	0.94562	0.2144352	0.7348441
128	4	-0.3965198	0.5941613	0.9270292
128	5	0.94562	0.2144352	0.7348441
128	6	1.010961	0.1988884	0.6963532
128	7	0.3321974	0.4683138	0.02669391
128	8	0.94562	0.2144352	0.7348441
128	9	0.94562	0.2144352	0.7348441
128	10	0.3321974	0.4683138	0.02669391
129	1	-0.1108834	0.5625427	0.398625
129	3	-0.1108834	0.5625427	0.398625
129	6	1.138367	0.1888808	0.4200781
129	8	-0.1108834	0.5625427	0.398625
129	9	-0.1108834	0.5625427	0.398625
130	1	0.9390073	0.2223592	0.6758072
130	2	0.9390073	0.2223592	0.6758072
130	3	0.9390072	0.2223592	0.6758073
130	6	0.005758414	0.547081	0.2081165
130	7	0.9390072	0.2223592	0.6758073
130	8	0.9390072	0.2223592	0.6758073
130	9	0.9390072	0.2223592	0.6758073
130	10	0.9390072	0.2223592	0.6758073
131	1	0.9665974	0.217283	0.6448062
131	2	0.9665974	0.217283	0.6448062
131	3	0.9665974	0.217283	0.6448061
131	5	0.9665974	0.217283	0.6448062
131	6	-0.009780706	0.5499707	0.2252722
131	7	0.9665974	0.217283	0.6448061
131	8	0.9665974	0.217283	0.6448061
131	9	0.9665974	0.217283	0.6448061
131	10	0.9665974	0.217283	0.6448061
132	1	0.9665974	0.217283	0.6448062
132	2	0.9665974	0.217283	0.6448062
132	3	0.9665974	0.217283	0.6448061
132	5	0.9665974	0.217283	0.6448062
132	6	-0.009780706	0.5499707	0.2252722
132	7	0.9665974	0.217283	0.6448061
132	8	0.9665974	0.217283	0.6448061
132	9	0.9665974	0.217283	0.6448061
132	10	0.9665974	0.217283	0.6448061
133	1	1.120904	0.1941041	0.4197782
133	2	1.120904	0.1941041	0.4197782
133	3	1.120904	0.1941041	0.4197782
133	4	1.120904	0.1941041	0.4197782
133	5	1.120904	0.1941041	0.4197782
133	6	1.120904	0.1941041	0.4197782
133	7	1.120904	0.1941041	0.4197782
133	8	1.120904	0.1941041	0.4197782
133	9	1.120904	0.1941041	0.4197782
133	10	1.120904	0.1941041	0.4197782
134	1	1.120904	0.1941041	0.4197782
134	2	1.120904	0.1941041	0.4197782
134	3	1.120904	0.1941041	0.4197782
134	4	1.120904	0.1941041	0.4197782
134	5	1.120904	0.1941041	0.4197782
134	6	1.120904	0.1941041	0.4197782
134	7	1.120904	0.1941041	0.4197782
134	8	1.120904	0.1941041	0.4197782
134	9	1.120904	0.1941041	0.4197782
134	10	1.120904	0.1941041	0.4197782
135	1	1.120904	0.1941041	0.4197782
135	2	1.120904	0.1941041	0.4197782
135	3	1.120904	0.1941041	0.4197782
135	4	1.120904	0.1941041	0.4197782
135	5	1.120904	0.1941041	0.4197782
135	6	1.120904	0.1941041	0.4197782
135	7	1.120904	0.1941041	0.4197782
135	8	1.120904	0.1941041	0.4197782
135	9	1.120904	0.1941041	0.4197782
135	10	1.120904	0.1941041	0.4197782
136	1	1.120904	0.1941041	0.4197782
136	2	1.120904	0.1941041	0.4197782
136	3	1.120904	0.1941041	0.4197782
136	4	1.120904	0.1941041	0.4197782
136	5	1.120904	0.1941041	0.4197782
136	6	1.120904	0.1941041	0.4197782
136	7	1.120904	0.1941041	0.4197782
136	8	1.120904	0.1941041	0.4197782
136	9	1.120904	0.1941041	0.4197782
136	10	1.120904	0.1941041	0.4197782
137	1	1.120904	0.1941041	0.4197782
137	2	1.120904	0.1941041	0.4197782
137	3	1.120904	0.1941041	0.4197782
137	4	1.120904	0.1941041	0.4197782
137	5	1.120904	0.1941041	0.4197782
137	6	1.120904	0.1941041	0.4197782
137	7	1.120904	0.1941041	0.4197782
137	8	1.120904	0.1941041	0.4197782
137	9	1.120904	0.1941041	0.4197782
137	10	1.120904	0.1941041	0.4197782
138	1	1.120904	0.1941041	0.4197782
138	2	1.120904	0.1941041	0.4197782
138	3	1.120904	0.1941041	0.4197782
138	4	1.120904	0.1941041	0.4197782
138	5	1.120904	0.1941041	0.4197782
138	6	1.120904	0.1941041	0.4197782
138	7	1.120904	0.1941041	0.4197782
138	8	1.120904	0.1941041	0.4197782
138	9	1.120904	0.1941041	0.4197782
138	10	1.120904	0.1941041	0.4197782
139	1	1.120904	0.1941041	0.4197782
139	2	1.120904	0.1941041	0.4197782
139	3	1.120904	0.1941041	0.4197782
139	4	1.120904	0.1941041	0.4197782
139	5	1.120904	0.1941041	0.4197782
139	6	1.120904	0.1941041	0.4197782
139	7	1.120904	0.1941041	0.4197782
139	8	1.120904	0.1941041	0.4197782
139	9	1.120904	0.1941041	0.4197782
139	10	1.120904	0.1941041	0.4197782
140	1	1.120904	0.1941041	0.4197782
140	2	1.120904	0.1941041	0.4197782
140	3	1.120904	0.1941041	0.4197782
140	4	1.120904	0.1941041	0.4197782
140	5	1.120904	0.1941041	0.4197782
140	6	1.120904	0.1941041	0.4197782
140	7	1.120904	0.1941041	0.4197782
140	8	1.120904	0.1941041	0.4197782
140	9	1.120904	0.1941041	0.4197782
140	10	1.120904	0.1941041	0.4197782
141	1	1.120904	0.1941041	0.4197782
141	2	1.120904	0.1941041	0.4197782
141	3	1.120904	0.1941041	0.4197782
141	4	1.120904	0.1941041	0.4197782
141	5	1.120904	0.1941041	0.4197782
141	6	1.120904	0.1941041	0.4197782
141	7	1.120904	0.1941041	0.4197782
141	8	1.120904	0.1941041	0.4197782
141	9	1.120904	0.1941041	0.4197782
141	10	1.120904	0.1941041	0.4197782
142	1	1.120904	0.1941041	0.4197782
142	2	1.120904	0.1941041	0.4197782
142	3	1.120904	0.1941041	0.4197782
142	4	1.120904	0.1941041	0.4197782
142	5	1.120904	0.1941041	0.4197782
142	6	1.120904	0.1941041	0.4197782
142	7	1.120904	0.1941041	0.4197782
142	8	1.120904	0.1941041	0.4197782
142	9	1.120904	0.1941041	0.4197782
142	10	1.120904	0.1941041	0.4197782
143	1	1.193211	0.1757069	0.3890074
143	2	1.193211	0.1757069	0.3890074
143	3	1.193211	0.1757069	0.3890074
143	4	-0.2270129	0.5933226	0.4358272
143	6	-0.2270129	0.5933226	0.4358272
143	7	1.193211	0.1757069	0.3890074
143	8	1.193211	0.1757069	0.3890074
143	9	1.193211	0.1757069	0.3890074
143	10	1.193211	0.1757069	0.3890074
144	1	1.193211	0.1757069	0.3890074
144	2	1.193211	0.1757069	0.3890074
144	3	1.193211	0.1757069	0.3890074
144	4	-0.2270129	0.5933226	0.4358272
144	6	-0.2270129	0.5933226	0.4358272
144	7	1.193211	0.1757069	0.3890074
144	8	1.193211	0.1757069	0.3890074
144	9	1.193211	0.1757069	0.3890074
144	10	1.193211	0.1757069	0.3890074
145	9	1.120904	0.1941041	0.4197782
145	10	1.120904	0.1941041	0.4197782
146	9	1.120904	0.1941041	0.4197782
146	10	1.120904	0.1941041	0.4197782
147	1	0.6369452	0.3775011	0.02855716
147	2	1.096982	0.196631	0.4652338
147	3	0.6369452	0.3775011	0.02855716
147	7	-0.06011353	0.457049	1.294407
147	8	0.6369452	0.3775011	0.02855716
147	9	-0.06011353	0.457049	1.294407
147	10	-0.06011353	0.457049	1.294407
148	1	0.6369452	0.3775011	0.02855716
148	2	1.096982	0.196631	0.4652338
148	3	0.6369452	0.3775011	0.02855716
148	7	-0.06011353	0.457049	1.294407
148	8	0.6369452	0.3775011	0.02855716
148	9	-0.06011353	0.457049	1.294407
148	10	-0.06011353	0.457049	1.294407
149	1	0.6369452	0.3775011	0.02855716
149	2	1.096982	0.196631	0.4652338
149	3	0.6369452	0.3775011	0.02855716
149	7	-0.06011353	0.457049	1.294407
149	8	0.6369452	0.3775011	0.02855716
149	9	-0.06011353	0.457049	1.294407
149	10	-0.06011353	0.457049	1.294407
150	1	0.6369452	0.3775011	0.02855716
150	2	1.096982	0.196631	0.4652338
150	3	0.6369452	0.3775011	0.02855716
150	7	-0.06011353	0.457049	1.294407
150	8	0.6369452	0.3775011	0.02855716
150	9	-0.06011353	0.457049	1.294407
150	10	-0.06011353	0.457049	1.294407
151	1	1.120904	0.1941041	0.4197782
151	2	1.120904	0.1941041	0.4197782
151	3	1.120904	0.1941041	0.4197782
151	5	1.120904	0.1941041	0.4197782
151	7	1.120904	0.1941041	0.4197782
151	8	1.120904	0.1941041	0.4197782
151	9	1.120904	0.1941041	0.4197782
151	10	1.120904	0.1941041	0.4197782
152	1	1.120904	0.1941041	0.4197782
152	2	1.120904	0.1941041	0.4197782
152	3	1.120904	0.1941041	0.4197782
152	5	1.120904	0.1941041	0.4197782
152	7	1.120904	0.1941041	0.4197782
152	8	1.120904	0.1941041	0.4197782
152	9	1.120904	0.1941041	0.4197782
152	10	1.120904	0.1941041	0.4197782
153	1	1.120904	0.1941041	0.4197782
153	2	1.120904	0.1941041	0.4197782
153	3	1.120904	0.1941041	0.4197782
153	4	1.120904	0.1941041	0.4197782
153	5	1.120904	0.1941041	0.4197782
153	6	1.120904	0.1941041	0.4197782
153	7	1.120904	0.1941041	0.4197782
153	8	1.120904	0.1941041	0.4197782
153	9	1.120904	0.1941041	0.4197782
153	10	1.120904	0.1941041	0.4197782
154	1	1.120904	0.1941041	0.4197782
154	2	1.120904	0.1941041	0.4197782
154	3	1.120904	0.1941041	0.4197782
154	4	1.120904	0.1941041	0.4197782
154	5	1.120904	0.1941041	0.4197782
154	6	1.120904	0.1941041	0.4197782
154	7	1.120904	0.1941041	0.4197782
154	8	1.120904	0.1941041	0.4197782
154	9	1.120904	0.1941041	0.4197782
154	10	1.120904	0.1941041	0.4197782
155	1	1.120904	0.1941041	0.4197782
155	2	1.120904	0.1941041	0.4197782
155	3	1.120904	0.1941041	0.4197782
155	4	1.120904	0.1941041	0.4197782
155	5	1.120904	0.1941041	0.4197782
155	6	1.120904	0.1941041	0.4197782
155	7	1.120904	0.1941041	0.4197782
155	8	1.120904	0.1941041	0.4197782
155	9	1.120904	0.1941041	0.4197782
155	10	1.120904	0.1941041	0.4197782
156	1	1.120904	0.1941041	0.4197782
156	2	1.120904	0.1941041	0.4197782
156	3	1.120904	0.1941041	0.4197782
156	4	1.120904	0.1941041	0.4197782
156	5	1.120904	0.1941041	0.4197782
156	6	1.120904	0.1941041	0.4197782
156	7	1.120904	0.1941041	0.4197782
156	8	1.120904	0.1941041	0.4197782
156	9	1.120904	0.1941041	0.4197782
156	10	1.120904	0.1941041	0.4197782
157	1	1.120904	0.1941041	0.4197782
157	2	1.120904	0.1941041	0.4197782
157	3	1.120904	0.1941041	0.4197782
157	4	1.120904	0.1941041	0.4197782
157	5	1.120904	0.1941041	0.4197782
157	6	1.120904	0.1941041	0.4197782
157	7	1.120904	0.1941041	0.4197782
157	8	1.120904	0.1941041	0.4197782
157	9	1.120904	0.1941041	0.4197782
157	10	1.120904	0.1941041	0.4197782
158	1	1.120904	0.1941041	0.4197782
158	2	1.120904	0.1941041	0.4197782
158	3	1.120904	0.1941041	0.4197782
158	4	1.120904	0.1941041	0.4197782
158	5	1.120904	0.1941041	0.4197782
158	6	1.120904	0.1941041	0.4197782
158	7	1.120904	0.1941041	0.4197782
158	8	1.120904	0.1941041	0.4197782
158	9	1.120904	0.1941041	0.4197782
158	10	1.120904	0.1941041	0.4197782
159	1	1.120904	0.1941041	0.4197782
159	2	1.120904	0.1941041	0.4197782
159	3	1.120904	0.1941041	0.4197782
159	4	1.120904	0.1941041	0.4197782
159	5	1.120904	0.1941041	0.4197782
159	6	1.120904	0.1941041	0.4197782
159	7	1.120904	0.1941041	0.4197782
159	8	1.120904	0.1941041	0.4197782
159	9	1.120904	0.1941041	0.4197782
159	10	1.120904	0.1941041	0.4197782
160	1	1.120904	0.1941041	0.4197782
160	2	1.120904	0.1941041	0.4197782
160	3	1.120904	0.1941041	0.4197782
160	4	1.120904	0.1941041	0.4197782
160	5	1.120904	0.1941041	0.4197782
160	6	1.120904	0.1941041	0.4197782
160	7	1.120904	0.1941041	0.4197782
160	8	1.120904	0.1941041	0.4197782
160	9	1.120904	0.1941041	0.4197782
160	10	1.120904	0.1941041	0.4197782
161	1	1.120904	0.1941041	0.4197782
161	2	1.120904	0.1941041	0.4197782
161	3	1.120904	0.1941041	0.4197782
161	4	1.120904	0.1941041	0.4197782
161	5	1.120904	0.1941041	0.4197782
161	6	1.120904	0.1941041	0.4197782
161	7	1.120904	0.1941041	0.4197782
161	8	1.120904	0.1941041	0.4197782
161	9	1.120904	0.1941041	0.4197782
161	10	1.120904	0.1941041	0.4197782
162	1	1.120904	0.1941041	0.4197782
162	2	1.120904	0.1941041	0.4197782
162	3	1.120904	0.1941041	0.4197782
162	4	1.120904	0.1941041	0.4197782
162	5	1.120904	0.1941041	0.4197782
162	6	1.120904	0.1941041	0.4197782
162	7	1.120904	0.1941041	0.4197782
162	8	1.120904	0.1941041	0.4197782
162	9	1.120904	0.1941041	0.4197782
162	10	1.120904	0.1941041	0.4197782
163	1	1.120904	0.1941041	0.4197782
163	2	1.120904	0.1941041	0.4197782
163	3	1.120904	0.1941041	0.4197782
163	4	1.120904	0.1941041	0.4197782
163	5	1.120904	0.1941041	0.4197782
163	6	1.120904	0.1941041	0.4197782
163	7	1.120904	0.1941041	0.4197782
163	8	1.120904	0.1941041	0.4197782
163	9	1.120904	0.1941041	0.4197782
163	10	1.120904	0.1941041	0.4197782
164	1	1.120904	0.1941041	0.4197782
164	2	1.120904	0.1941041	0.4197782
164	3	1.120904	0.1941041	0.4197782
164	4	1.120904	0.1941041	0.4197782
164	5	1.120904	0.1941041	0.4197782
164	6	1.120904	0.1941041	0.4197782
164	7	1.120904	0.1941041	0.4197782
164	8	1.120904	0.1941041	0.4197782
164	9	1.120904	0.1941041	0.4197782
164	10	1.120904	0.1941041	0.4197782
165	1	1.120904	0.1941041	0.4197782
165	2	1.120904	0.1941041	0.4197782
165	3	1.120904	0.1941041	0.4197782
165	4	1.120904	0.1941041	0.4197782
165	5	1.120904	0.1941041	0.4197782
165	6	1.120904	0.1941041	0.4197782
165	7	1.120904	0.1941041	0.4197782
165	8	1.120904	0.1941041	0.4197782
165	9	1.120904	0.1941041	0.4197782
165	10	1.120904	0.1941041	0.4197782
166	1	1.120904	0.1941041	0.4197782
166	2	1.120904	0.1941041	0.4197782
166	3	1.120904	0.1941041	0.4197782
166	4	1.120904	0.1941041	0.4197782
166	5	1.120904	0.1941041	0.4197782
166	6	1.120904	0.1941041	0.4197782
166	7	1.120904	0.1941041	0.4197782
166	8	1.120904	0.1941041	0.4197782
166	9	1.120904	0.1941041	0.4197782
166	10	1.120904	0.1941041	0.4197782
167	1	1.120904	0.1941041	0.4197782
167	2	1.120904	0.1941041	0.4197782
167	3	1.120904	0.1941041	0.4197782
167	4	1.120904	0.1941041	0.4197782
167	5	1.120904	0.1941041	0.4197782
167	6	1.120904	0.1941041	0.4197782
167	7	1.120904	0.1941041	0.4197782
167	8	1.120904	0.1941041	0.4197782
167	9	1.120904	0.1941041	0.4197782
167	10	1.120904	0.1941041	0.4197782
168	1	1.120904	0.1941041	0.4197782
168	2	1.120904	0.1941041	0.4197782
168	3	1.120904	0.1941041	0.4197782
168	4	1.120904	0.1941041	0.4197782
168	5	1.120904	0.1941041	0.4197782
168	6	1.120904	0.1941041	0.4197782
168	7	1.120904	0.1941041	0.4197782
168	8	1.120904	0.1941041	0.4197782
168	9	1.120904	0.1941041	0.4197782
168	10	1.120904	0.1941041	0.4197782
169	1	1.120904	0.1941041	0.4197782
169	2	1.120904	0.1941041	0.4197782
169	3	1.120904	0.1941041	0.4197782
169	4	1.120904	0.1941041	0.4197782
169	5	1.120904	0.1941041	0.4197782
169	6	1.120904	0.1941041	0.4197782
169	7	1.120904	0.1941041	0.4197782
169	8	1.120904	0.1941041	0.4197782
169	9	1.120904	0.1941041	0.4197782
169	10	1.120904	0.1941041	0.4197782
170	1	1.120904	0.1941041	0.4197782
170	2	1.120904	0.1941041	0.4197782
170	3	1.120904	0.1941041	0.4197782
170	4	1.120904	0.1941041	0.4197782
170	5	1.120904	0.1941041	0.4197782
170	6	1.120904	0.1941041	0.4197782
170	7	1.120904	0.1941041	0.4197782
170	8	1.120904	0.1941041	0.4197782
170	9	1.120904	0.1941041	0.4197782
170	10	1.120904	0.1941041	0.4197782
171	1	1.120904	0.1941041	0.4197782
171	2	1.120904	0.1941041	0.4197782
171	3	1.120904	0.1941041	0.4197782
171	4	1.120904	0.1941041	0.4197782
171	6	1.120904	0.1941041	0.4197782
171	7	1.120904	0.1941041	0.4197782
171	9	1.120904	0.1941041	0.4197782
171	10	1.120904	0.1941041	0.4197782
172	1	1.120904	0.1941041	0.4197782
172	2	1.120904	0.1941041	0.4197782
172	3	1.120904	0.1941041	0.4197782
172	4	1.120904	0.1941041	0.4197782
172	5	1.120904	0.1941041	0.4197782
172	6	1.120904	0.1941041	0.4197782
172	7	1.120904	0.1941041	0.4197782
172	9	1.120904	0.1941041	0.4197782
172	10	1.120904	0.1941041	0.4197782
173	1	1.120904	0.1941041	0.4197782
173	2	1.120904	0.1941041	0.4197782
173	3	1.120904	0.1941041	0.4197782
173	4	1.120904	0.1941041	0.4197782
173	5	1.120904	0.1941041	0.4197782
173	6	1.120904	0.1941041	0.4197782
173	7	1.120904	0.1941041	0.4197782
173	9	1.120904	0.1941041	0.4197782
173	10	1.120904	0.1941041	0.4197782
174	1	1.120904	0.1941041	0.4197782
174	2	1.120904	0.1941041	0.4197782
174	3	1.120904	0.1941041	0.4197782
174	4	1.120904	0.1941041	0.4197782
174	5	1.120904	0.1941041	0.4197782
174	6	1.120904	0.1941041	0.4197782
174	7	1.120904	0.1941041	0.4197782
174	9	1.120904	0.1941041	0.4197782
174	10	1.120904	0.1941041	0.4197782
175	1	0.2785783	0.4823959	0.04515475
175	2	0.405333	0.3354743	1.127551
175	3	0.405333	0.3354743	1.127551
175	5	0.2785783	0.4823959	0.04515475
175	6	0.4008148	0.3318171	1.177107
175	9	0.405333	0.3354743	1.127551
176	1	0.8632173	0.3087664	0.04289388
176	2	0.9175893	0.2213820	0.7486073
176	3	0.9175893	0.2213820	0.7486073
176	5	0.8632173	0.3087664	0.04289388
176	6	-0.2699731	0.60274	0.4691027
176	7	0.9175893	0.2213820	0.7486073
176	9	0.9175893	0.2213820	0.7486073
176	10	0.9175893	0.2213820	0.7486073
177	1	0.8632173	0.3087664	0.04289388
177	2	0.9175893	0.2213820	0.7486073
177	3	0.9175893	0.2213820	0.7486073
177	5	0.8632173	0.3087664	0.04289388
177	6	-0.2699731	0.60274	0.4691027
177	7	0.9175893	0.2213820	0.7486073
177	9	0.9175893	0.2213820	0.7486073
177	10	0.9175893	0.2213820	0.7486073
178	1	-0.02890150	0.4419405	1.352148
178	2	1.11752	0.186042	0.5096425
178	3	1.11752	0.186042	0.5096425
178	6	-0.06289226	0.5743716	0.1399829
178	7	1.11752	0.186042	0.5096425
178	9	1.11752	0.186042	0.5096425
178	10	1.11752	0.186042	0.5096425
179	1	-0.02890150	0.4419405	1.352148
179	2	1.11752	0.186042	0.5096425
179	3	1.11752	0.186042	0.5096425
179	6	-0.06289226	0.5743716	0.1399829
179	7	1.11752	0.186042	0.5096425
179	9	1.11752	0.186042	0.5096425
179	10	1.11752	0.186042	0.5096425
180	1	0.3852697	0.3351227	1.190159
180	2	1.161342	0.2069742	0.1730785
180	3	1.161342	0.2069742	0.1730785
180	6	-0.2342535	0.6002067	0.3889462
180	7	1.161342	0.2069742	0.1730785
180	8	0.3852697	0.3351227	1.190159
180	9	1.161342	0.2069742	0.1730785
180	10	1.161342	0.2069742	0.1730785
181	1	0.3852697	0.3351227	1.190159
181	2	1.161342	0.2069742	0.1730785
181	3	1.161342	0.2069742	0.1730785
181	6	-0.2342535	0.6002067	0.3889462
181	7	1.161342	0.2069742	0.1730785
181	8	0.3852697	0.3351227	1.190159
181	9	1.161342	0.2069742	0.1730785
181	10	1.161342	0.2069742	0.1730785
182	1	-0.2608657	0.5673098	0.7933618
182	2	0.9979137	0.2638499	0.09106513
182	3	0.9979137	0.2638499	0.09106513
182	7	0.9979137	0.2638499	0.09106513
182	8	-0.1972888	0.5017464	1.255713
182	9	0.9979137	0.2638499	0.09106513
182	10	0.9979137	0.2638499	0.09106513
183	1	-0.2608657	0.5673098	0.7933618
183	2	0.9979137	0.2638499	0.09106513
183	3	0.9979137	0.2638499	0.09106513
183	7	0.9979137	0.2638499	0.09106513
183	8	-0.1972888	0.5017464	1.255713
183	9	0.9979137	0.2638499	0.09106513
183	10	0.9979137	0.2638499	0.09106513
184	1	-0.2608657	0.5673098	0.7933618
184	2	0.9979137	0.2638499	0.09106513
184	3	0.9979137	0.2638499	0.09106513
184	7	0.9979137	0.2638499	0.09106513
184	8	-0.1972888	0.5017464	1.255713
184	9	0.9979137	0.2638499	0.09106513
184	10	0.9979137	0.2638499	0.09106513
185	1	0.2241124	0.4971727	0.05922585
185	2	0.5010857	0.3127448	1.070621
185	3	0.5010857	0.3127448	1.070621
185	7	0.5010857	0.3127448	1.070621
185	8	0.2241124	0.4971727	0.05922585
185	9	0.5010857	0.3127448	1.070621
185	10	0.5010857	0.3127448	1.070621
186	2	1.120904	0.1941041	0.4197782
186	3	1.120904	0.1941041	0.4197782
186	7	1.120904	0.1941041	0.4197782
186	9	1.120904	0.1941041	0.4197782
186	10	1.120904	0.1941041	0.4197782
187	1	1.13897	0.2145358	0.1640717
187	2	1.13897	0.2145358	0.1640717
187	3	1.13897	0.2145358	0.1640717
187	4	-0.4132068	0.5977397	0.9407432
187	6	1.13897	0.2145358	0.1640717
187	7	1.13897	0.2145358	0.1640717
187	8	1.13897	0.2145358	0.1640717
187	9	1.13897	0.2145358	0.1640717
187	10	1.13897	0.2145358	0.1640717
188	1	1.13897	0.2145358	0.1640717
188	2	1.13897	0.2145358	0.1640717
188	3	1.13897	0.2145358	0.1640717
188	4	-0.4132068	0.5977397	0.9407432
188	6	1.13897	0.2145358	0.1640717
188	7	1.13897	0.2145358	0.1640717
188	8	1.13897	0.2145358	0.1640717
188	9	1.13897	0.2145358	0.1640717
188	10	1.13897	0.2145358	0.1640717
189	1	1.157183	0.2065270	0.1897645
189	2	1.157183	0.2065270	0.1897645
189	3	1.157183	0.2065270	0.1897645
189	4	-0.3980706	0.6013966	0.8599002
189	5	1.157183	0.2065270	0.1897645
189	6	1.157183	0.2065270	0.1897645
189	7	1.157183	0.2065270	0.1897645
189	8	1.157183	0.2065270	0.1897645
189	9	1.157183	0.2065270	0.1897645
189	10	1.157183	0.2065270	0.1897645
190	1	1.157183	0.2065270	0.1897645
190	2	1.157183	0.2065270	0.1897645
190	3	1.157183	0.2065270	0.1897645
190	4	-0.3980706	0.6013966	0.8599002
190	5	1.157183	0.2065270	0.1897645
190	6	1.157183	0.2065270	0.1897645
190	7	1.157183	0.2065270	0.1897645
190	8	1.157183	0.2065270	0.1897645
190	9	1.157183	0.2065270	0.1897645
190	10	1.157183	0.2065270	0.1897645
191	1	1.120904	0.1941041	0.4197782
191	2	1.120904	0.1941041	0.4197782
191	3	1.120904	0.1941041	0.4197782
191	4	1.120904	0.1941041	0.4197782
191	5	1.120904	0.1941041	0.4197782
191	6	1.120904	0.1941041	0.4197782
191	7	1.120904	0.1941041	0.4197782
191	8	1.120904	0.1941041	0.4197782
191	9	1.120904	0.1941041	0.4197782
191	10	1.120904	0.1941041	0.4197782
192	1	1.120904	0.1941041	0.4197782
192	2	1.120904	0.1941041	0.4197782
192	3	1.120904	0.1941041	0.4197782
192	4	1.120904	0.1941041	0.4197782
192	5	1.120904	0.1941041	0.4197782
192	6	1.120904	0.1941041	0.4197782
192	7	1.120904	0.1941041	0.4197782
192	8	1.120904	0.1941041	0.4197782
192	9	1.120904	0.1941041	0.4197782
192	10	1.120904	0.1941041	0.4197782
193	1	1.120904	0.1941041	0.4197782
193	2	1.120904	0.1941041	0.4197782
193	3	1.120904	0.1941041	0.4197782
193	4	1.120904	0.1941041	0.4197782
193	5	1.120904	0.1941041	0.4197782
193	6	1.120904	0.1941041	0.4197782
193	7	1.120904	0.1941041	0.4197782
193	8	1.120904	0.1941041	0.4197782
193	9	1.120904	0.1941041	0.4197782
193	10	1.120904	0.1941041	0.4197782
194	1	1.120904	0.1941041	0.4197782
194	2	1.120904	0.1941041	0.4197782
194	3	1.120904	0.1941041	0.4197782
194	4	1.120904	0.1941041	0.4197782
194	5	1.120904	0.1941041	0.4197782
194	6	1.120904	0.1941041	0.4197782
194	7	1.120904	0.1941041	0.4197782
194	8	1.120904	0.1941041	0.4197782
194	9	1.120904	0.1941041	0.4197782
194	10	1.120904	0.1941041	0.4197782
195	1	1.120904	0.1941041	0.4197782
195	2	1.120904	0.1941041	0.4197782
195	3	1.120904	0.1941041	0.4197782
195	4	1.120904	0.1941041	0.4197782
195	5	1.120904	0.1941041	0.4197782
195	6	1.120904	0.1941041	0.4197782
195	7	1.120904	0.1941041	0.4197782
195	8	1.120904	0.1941041	0.4197782
195	9	1.120904	0.1941041	0.4197782
195	10	1.120904	0.1941041	0.4197782
196	1	1.120904	0.1941041	0.4197782
196	2	1.120904	0.1941041	0.4197782
196	3	1.120904	0.1941041	0.4197782
196	4	1.120904	0.1941041	0.4197782
196	5	1.120904	0.1941041	0.4197782
196	6	1.120904	0.1941041	0.4197782
196	7	1.120904	0.1941041	0.4197782
196	8	1.120904	0.1941041	0.4197782
196	9	1.120904	0.1941041	0.4197782
196	10	1.120904	0.1941041	0.4197782
197	1	1.120904	0.1941041	0.4197782
197	2	1.120904	0.1941041	0.4197782
197	3	1.120904	0.1941041	0.4197782
197	4	1.120904	0.1941041	0.4197782
197	5	1.120904	0.1941041	0.4197782
197	6	1.120904	0.1941041	0.4197782
197	7	1.120904	0.1941041	0.4197782
197	8	1.120904	0.1941041	0.4197782
197	9	1.120904	0.1941041	0.4197782
197	10	1.120904	0.1941041	0.4197782
198	1	0.1762721	0.39001	1.262138
198	2	0.4261581	0.4399206	0.03116837
198	3	0.1762721	0.39001	1.262138
198	4	0.1574130	0.3896527	1.321253
198	5	0.1762721	0.39001	1.262138
198	6	0.4261199	0.4404480	0.02605504
198	8	0.1890127	0.3892685	1.231940
198	9	0.4261199	0.4404480	0.02605504
198	10	0.4261199	0.4404480	0.02605504
199	1	0.4059052	0.3287005	1.192991
199	2	0.5033313	0.4185228	0.01579232
199	3	0.4059052	0.3287005	1.192991
199	4	0.5251944	0.2935771	1.189519
199	5	0.4059052	0.3287005	1.192991
199	6	0.3661269	0.4598526	0.01055456
199	7	0.3512270	0.4636539	0.01679345
199	8	0.4533723	0.3199186	1.140136
199	9	-0.3317877	0.5519018	1.155044
199	10	0.3512270	0.4636539	0.01679345
200	1	0.4059052	0.3287005	1.192991
200	2	0.5033313	0.4185228	0.01579232
200	3	0.4059052	0.3287005	1.192991
200	4	0.5251944	0.2935771	1.189519
200	5	0.4059052	0.3287005	1.192991
200	6	0.3661269	0.4598526	0.01055456
200	7	0.3512270	0.4636539	0.01679345
200	8	0.4533723	0.3199186	1.140136
200	9	-0.3317877	0.5519018	1.155044
200	10	0.3512270	0.4636539	0.01679345
201	1	0.4059052	0.3287005	1.192991
201	2	0.5033313	0.4185228	0.01579232
201	3	0.4059052	0.3287005	1.192991
201	4	0.5251944	0.2935771	1.189519
201	5	0.4059052	0.3287005	1.192991
201	6	0.3661269	0.4598526	0.01055456
201	7	0.3512270	0.4636539	0.01679345
201	8	0.4533723	0.3199186	1.140136
201	9	-0.3317877	0.5519018	1.155044
201	10	0.3512270	0.4636539	0.01679345
202	6	0.1676883	0.5102843	0.09556996
202	7	0.6281346	0.2859755	0.961497
202	10	0.6281346	0.2859755	0.961497
203	6	0.7943872	0.329415	0.04110879
203	7	0.7840767	0.3319988	0.04588844
203	9	-0.2103682	0.5018971	1.292763
203	10	0.7840767	0.3319988	0.04588844
204	1	1.159401	0.1934224	0.3130892
204	2	1.159401	0.1934224	0.3130892
204	3	1.159401	0.1934224	0.3130892
204	4	0.8901924	0.299008	0.06010381
204	5	1.159401	0.1934224	0.3130892
204	6	0.8901924	0.299008	0.06010381
204	7	1.159401	0.1934224	0.3130892
204	8	0.987807	0.2093543	0.6608743
204	9	-0.2793308	0.5761652	0.7600228
204	10	1.159401	0.1934224	0.3130892
205	1	1.159401	0.1934224	0.3130892
205	2	1.159401	0.1934224	0.3130892
205	3	1.159401	0.1934224	0.3130892
205	4	0.8901924	0.299008	0.06010381
205	5	1.159401	0.1934224	0.3130892
205	6	0.8901924	0.299008	0.06010381
205	7	1.159401	0.1934224	0.3130892
205	8	0.987807	0.2093543	0.6608743
205	9	-0.2793308	0.5761652	0.7600228
205	10	1.159401	0.1934224	0.3130892
206	1	1.159401	0.1934224	0.3130892
206	2	1.159401	0.1934224	0.3130892
206	3	1.159401	0.1934224	0.3130892
206	4	0.8901924	0.299008	0.06010381
206	5	1.159401	0.1934224	0.3130892
206	6	0.8901924	0.299008	0.06010381
206	7	1.159401	0.1934224	0.3130892
206	8	0.987807	0.2093543	0.6608743
206	9	-0.2793308	0.5761652	0.7600228
206	10	1.159401	0.1934224	0.3130892
207	1	1.169641	0.1910127	0.306793
207	2	1.169641	0.1910127	0.306793
207	3	1.169641	0.1910127	0.306793
207	4	-0.1623476	0.5742307	0.4344602
207	5	1.169641	0.1910127	0.306793
207	6	-0.1623476	0.5742307	0.4344602
207	7	1.169641	0.1910127	0.306793
207	8	0.08574405	0.4144535	1.286687
207	9	1.178121	0.2020944	0.1719877
207	10	1.169641	0.1910127	0.306793
208	1	1.169641	0.1910127	0.306793
208	2	1.169641	0.1910127	0.306793
208	3	1.169641	0.1910127	0.306793
208	4	-0.1623476	0.5742307	0.4344602
208	5	1.169641	0.1910127	0.306793
208	6	-0.1623476	0.5742307	0.4344602
208	7	1.169641	0.1910127	0.306793
208	8	0.08574405	0.4144535	1.286687
208	9	1.178121	0.2020944	0.1719877
208	10	1.169641	0.1910127	0.306793
209	1	1.163001	0.1899575	0.3368162
209	2	1.163001	0.1899575	0.3368162
209	3	1.163001	0.1899575	0.3368162
209	4	-0.1557979	0.5740646	0.4168049
209	5	1.163001	0.1899575	0.3368162
209	6	-0.1557979	0.5740646	0.4168049
209	7	1.163001	0.1899575	0.3368162
209	8	0.3904463	0.3357527	1.168661
209	9	1.136468	0.2182373	0.1347659
209	10	1.163001	0.1899575	0.3368162
210	1	1.163001	0.1899575	0.3368162
210	2	1.163001	0.1899575	0.3368162
210	3	1.163001	0.1899575	0.3368162
210	4	-0.1557979	0.5740646	0.4168049
210	5	1.163001	0.1899575	0.3368162
210	6	-0.1557979	0.5740646	0.4168049
210	7	1.163001	0.1899575	0.3368162
210	8	0.3904463	0.3357527	1.168661
210	9	1.136468	0.2182373	0.1347659
210	10	1.163001	0.1899575	0.3368162
211	1	1.163001	0.1899575	0.3368162
211	2	1.163001	0.1899575	0.3368162
211	3	1.163001	0.1899575	0.3368162
211	4	-0.1557979	0.5740646	0.4168049
211	5	1.163001	0.1899575	0.3368162
211	6	-0.1557979	0.5740646	0.4168049
211	7	1.163001	0.1899575	0.3368162
211	8	0.3904463	0.3357527	1.168661
211	9	1.136468	0.2182373	0.1347659
211	10	1.163001	0.1899575	0.3368162
212	1	1.177412	0.1854661	0.3388555
212	2	1.177412	0.1854661	0.3388555
212	3	1.177412	0.1854661	0.3388555
212	4	-0.2141464	0.5861144	0.4693416
212	5	1.177412	0.1854661	0.3388555
212	6	-0.2141464	0.5861144	0.4693416
212	7	1.177412	0.1854661	0.3388555
212	8	0.3648246	0.3416188	1.186034
212	9	1.249063	0.1800618	0.1812644
212	10	1.177412	0.1854661	0.3388555
213	1	1.177412	0.1854661	0.3388555
213	2	1.177412	0.1854661	0.3388555
213	3	1.177412	0.1854661	0.3388555
213	4	-0.2141464	0.5861144	0.4693416
213	5	1.177412	0.1854661	0.3388555
213	6	-0.2141464	0.5861144	0.4693416
213	7	1.177412	0.1854661	0.3388555
213	8	0.3648246	0.3416188	1.186034
213	9	1.249063	0.1800618	0.1812644
213	10	1.177412	0.1854661	0.3388555
214	1	1.171755	0.1852210	0.3579561
214	2	1.171755	0.1852210	0.3579561
214	3	1.171755	0.1852210	0.3579561
214	4	-0.2149648	0.5862059	0.4708469
214	5	1.171755	0.1852210	0.3579561
214	6	-0.2149648	0.5862059	0.4708469
214	7	1.171755	0.1852210	0.3579561
214	8	0.6051899	0.2875961	1.013052
214	9	1.266126	0.1711415	0.2193793
214	10	1.171755	0.1852210	0.3579561
215	1	1.171755	0.1852210	0.3579561
215	2	1.171755	0.1852210	0.3579561
215	3	1.171755	0.1852210	0.3579561
215	4	-0.2149648	0.5862059	0.4708469
215	5	1.171755	0.1852210	0.3579561
215	6	-0.2149648	0.5862059	0.4708469
215	7	1.171755	0.1852210	0.3579561
215	8	0.6051899	0.2875961	1.013052
215	9	1.266126	0.1711415	0.2193793
215	10	1.171755	0.1852210	0.3579561
216	1	1.171755	0.1852210	0.3579561
216	2	1.171755	0.1852210	0.3579561
216	3	1.171755	0.1852210	0.3579561
216	4	-0.2149648	0.5862059	0.4708469
216	5	1.171755	0.1852210	0.3579561
216	6	-0.2149648	0.5862059	0.4708469
216	7	1.171755	0.1852210	0.3579561
216	8	0.6051899	0.2875961	1.013052
216	9	1.266126	0.1711415	0.2193793
216	10	1.171755	0.1852210	0.3579561
217	1	1.171755	0.1852210	0.3579561
217	2	1.171755	0.1852210	0.3579561
217	3	1.171755	0.1852210	0.3579561
217	4	-0.2149648	0.5862059	0.4708469
217	5	1.171755	0.1852210	0.3579561
217	6	-0.2149648	0.5862059	0.4708469
217	7	1.171755	0.1852210	0.3579561
217	8	0.6051899	0.2875961	1.013052
217	9	1.266126	0.1711415	0.2193793
217	10	1.171755	0.1852210	0.3579561
218	1	1.183802	0.1875502	0.2993716
218	2	1.183802	0.1875502	0.2993716
218	3	0.4086406	0.3314879	1.157308
218	4	-0.2166872	0.5862036	0.4759449
218	5	1.183802	0.1875502	0.2993716
218	6	-0.2166872	0.5862036	0.4759449
218	7	1.183802	0.1875502	0.2993716
218	8	0.896481	0.2273942	0.7512315
218	9	1.236807	0.1854088	0.1643953
218	10	1.183802	0.1875502	0.2993716
219	1	1.133523	0.1904479	0.4188243
219	2	1.133523	0.1904479	0.4188243
219	3	-0.1136025	0.4740103	1.283952
219	5	1.133523	0.1904479	0.4188243
219	6	-0.1036297	0.5758076	0.2458000
219	7	1.133523	0.1904479	0.4188243
219	8	0.1454707	0.4011721	1.242294
219	9	1.264520	0.1641442	0.2934508
219	10	1.133523	0.1904479	0.4188243
220	1	1.123609	0.1909459	0.4431023
220	2	1.123609	0.1909459	0.4431023
220	3	-0.08679333	0.4649436	1.294797
220	5	1.123609	0.1909459	0.4431023
220	6	-0.1076111	0.577821	0.2375804
220	7	1.123609	0.1909459	0.4431023
220	8	0.2277275	0.3794646	1.215006
220	9	1.266090	0.1624761	0.3053538
220	10	1.123609	0.1909459	0.4431023
222	1	1.162515	0.1809852	0.4271577
222	2	1.162515	0.1809852	0.4271577
222	3	1.164275	0.2090546	0.1438192
222	4	-0.3741821	0.5611975	1.187858
222	5	1.162515	0.1809852	0.4271577
222	6	-0.02849711	0.56739	0.1078099
222	7	1.162515	0.1809852	0.4271577
222	8	1.207801	0.1869657	0.2344433
222	9	0.06842445	0.4180276	1.302307
222	10	1.162515	0.1809852	0.4271577
223	1	1.162515	0.1809852	0.4271577
223	2	1.162515	0.1809852	0.4271577
223	3	1.164275	0.2090546	0.1438192
223	4	-0.3741821	0.5611975	1.187858
223	5	1.162515	0.1809852	0.4271577
223	6	-0.02849711	0.56739	0.1078099
223	7	1.162515	0.1809852	0.4271577
223	8	1.207801	0.1869657	0.2344433
223	9	0.06842445	0.4180276	1.302307
223	10	1.162515	0.1809852	0.4271577
224	1	1.201903	0.1762935	0.3575792
224	2	1.201903	0.1762935	0.3575792
224	3	1.197197	0.1775281	0.3592153
224	4	-0.4233206	0.5884843	1.062264
224	5	1.201903	0.1762935	0.3575792
224	6	-0.01442388	0.5639754	0.1001745
224	7	1.201903	0.1762935	0.3575792
224	8	1.001518	0.2055084	0.6585791
224	9	1.192893	0.1811108	0.3363956
224	10	1.201903	0.1762935	0.3575792
225	1	1.201903	0.1762935	0.3575792
225	2	1.201903	0.1762935	0.3575792
225	3	1.197197	0.1775281	0.3592153
225	4	-0.4233206	0.5884843	1.062264
225	5	1.201903	0.1762935	0.3575792
225	6	-0.01442388	0.5639754	0.1001745
225	7	1.201903	0.1762935	0.3575792
225	8	1.001518	0.2055084	0.6585791
225	9	1.192893	0.1811108	0.3363956
225	10	1.201903	0.1762935	0.3575792
226	1	1.201903	0.1762935	0.3575792
226	2	1.201903	0.1762935	0.3575792
226	3	1.197197	0.1775281	0.3592153
226	4	-0.4233206	0.5884843	1.062264
226	5	1.201903	0.1762935	0.3575792
226	6	-0.01442388	0.5639754	0.1001745
226	7	1.201903	0.1762935	0.3575792
226	8	1.001518	0.2055084	0.6585791
226	9	1.192893	0.1811108	0.3363956
226	10	1.201903	0.1762935	0.3575792
227	1	1.201903	0.1762935	0.3575792
227	2	1.201903	0.1762935	0.3575792
227	3	1.197197	0.1775281	0.3592153
227	4	-0.4233206	0.5884843	1.062264
227	5	1.201903	0.1762935	0.3575792
227	6	-0.01442388	0.5639754	0.1001745
227	7	1.201903	0.1762935	0.3575792
227	8	1.001518	0.2055084	0.6585791
227	9	1.192893	0.1811108	0.3363956
227	10	1.201903	0.1762935	0.3575792
228	1	1.188085	0.1817817	0.3439163
228	2	1.188085	0.1817817	0.3439163
228	3	1.148221	0.1845836	0.4336245
228	4	-0.1817776	0.4906099	1.320360
228	5	1.188085	0.1817817	0.3439163
228	6	-0.05572419	0.5735284	0.1272154
228	7	1.188085	0.1817817	0.3439163
228	8	0.9166256	0.2231543	0.7338836
228	9	0.07437933	0.4163617	1.301268
228	10	1.188085	0.1817817	0.3439163
229	1	1.188085	0.1817817	0.3439163
229	2	1.188085	0.1817817	0.3439163
229	3	1.148221	0.1845836	0.4336245
229	4	-0.1817776	0.4906099	1.320360
229	5	1.188085	0.1817817	0.3439163
229	6	-0.05572419	0.5735284	0.1272154
229	7	1.188085	0.1817817	0.3439163
229	8	0.9166256	0.2231543	0.7338836
229	9	0.07437933	0.4163617	1.301268
229	10	1.188085	0.1817817	0.3439163
230	1	1.011893	0.2055481	0.6276124
230	2	1.011893	0.2055481	0.6276124
230	3	0.09799521	0.4103711	1.291040
230	4	1.011893	0.2055481	0.6276124
230	5	1.011893	0.2055481	0.6276124
230	6	-0.06022305	0.574558	0.1302694
230	7	1.011893	0.2055481	0.6276124
230	8	1.011893	0.2055481	0.6276124
230	9	1.011893	0.2055481	0.6276124
230	10	1.011893	0.2055481	0.6276124
231	1	1.011893	0.2055481	0.6276124
231	2	1.011893	0.2055481	0.6276124
231	3	0.09799521	0.4103711	1.291040
231	4	1.011893	0.2055481	0.6276124
231	5	1.011893	0.2055481	0.6276124
231	6	-0.06022305	0.574558	0.1302694
231	7	1.011893	0.2055481	0.6276124
231	8	1.011893	0.2055481	0.6276124
231	9	1.011893	0.2055481	0.6276124
231	10	1.011893	0.2055481	0.6276124
232	1	1.011893	0.2055481	0.6276124
232	2	1.011893	0.2055481	0.6276124
232	3	0.09799521	0.4103711	1.291040
232	4	1.011893	0.2055481	0.6276124
232	5	1.011893	0.2055481	0.6276124
232	6	-0.06022305	0.574558	0.1302694
232	7	1.011893	0.2055481	0.6276124
232	8	1.011893	0.2055481	0.6276124
232	9	1.011893	0.2055481	0.6276124
232	10	1.011893	0.2055481	0.6276124
233	1	0.936948	0.2194922	0.710287
233	2	0.936948	0.2194922	0.710287
233	3	0.936948	0.2194922	0.710287
233	4	0.936948	0.2194922	0.710287
233	5	0.936948	0.2194922	0.710287
233	6	-0.07776039	0.5781105	0.1467463
233	7	0.936948	0.2194922	0.710287
233	8	0.936948	0.2194922	0.710287
233	9	0.936948	0.2194922	0.710287
233	10	0.936948	0.2194922	0.710287
234	1	0.936948	0.2194922	0.710287
234	2	0.936948	0.2194922	0.710287
234	3	0.936948	0.2194922	0.710287
234	4	0.936948	0.2194922	0.710287
234	5	0.936948	0.2194922	0.710287
234	6	-0.07776039	0.5781105	0.1467463
234	7	0.936948	0.2194922	0.710287
234	8	0.936948	0.2194922	0.710287
234	9	0.936948	0.2194922	0.710287
234	10	0.936948	0.2194922	0.710287
235	1	1.120904	0.1941041	0.4197782
235	2	1.120904	0.1941041	0.4197782
235	3	1.120904	0.1941041	0.4197782
235	4	1.120904	0.1941041	0.4197782
235	5	1.120904	0.1941041	0.4197782
235	6	1.120904	0.1941041	0.4197782
235	7	1.120904	0.1941041	0.4197782
235	8	1.120904	0.1941041	0.4197782
235	9	1.120904	0.1941041	0.4197782
235	10	1.120904	0.1941041	0.4197782
236	1	1.120904	0.1941041	0.4197782
236	2	1.120904	0.1941041	0.4197782
236	3	1.120904	0.1941041	0.4197782
236	4	1.120904	0.1941041	0.4197782
236	5	1.120904	0.1941041	0.4197782
236	6	1.120904	0.1941041	0.4197782
236	7	1.120904	0.1941041	0.4197782
236	8	1.120904	0.1941041	0.4197782
236	9	1.120904	0.1941041	0.4197782
236	10	1.120904	0.1941041	0.4197782
237	1	1.120904	0.1941041	0.4197782
237	2	1.120904	0.1941041	0.4197782
237	3	1.120904	0.1941041	0.4197782
237	4	1.120904	0.1941041	0.4197782
237	5	1.120904	0.1941041	0.4197782
237	6	1.120904	0.1941041	0.4197782
237	7	1.120904	0.1941041	0.4197782
237	8	1.120904	0.1941041	0.4197782
237	9	1.120904	0.1941041	0.4197782
237	10	1.120904	0.1941041	0.4197782
238	1	1.120904	0.1941041	0.4197782
238	3	1.120904	0.1941041	0.4197782
238	4	1.120904	0.1941041	0.4197782
238	5	1.120904	0.1941041	0.4197782
238	6	1.120904	0.1941041	0.4197782
238	7	1.120904	0.1941041	0.4197782
238	8	1.120904	0.1941041	0.4197782
238	9	1.120904	0.1941041	0.4197782
238	10	1.120904	0.1941041	0.4197782
239	1	1.171587	0.1950482	0.2610663
239	2	-0.2783444	0.5878728	0.6410988
239	3	1.171587	0.1950482	0.2610663
239	4	1.171587	0.1950482	0.2610663
239	5	1.171587	0.1950482	0.2610663
239	6	1.171587	0.1950482	0.2610663
239	7	1.171587	0.1950482	0.2610663
239	8	1.171587	0.1950482	0.2610663
239	9	1.171587	0.1950482	0.2610663
239	10	1.171587	0.1950482	0.2610663
240	1	1.171587	0.1950482	0.2610663
240	2	-0.2783444	0.5878728	0.6410988
240	3	1.171587	0.1950482	0.2610663
240	4	1.171587	0.1950482	0.2610663
240	5	1.171587	0.1950482	0.2610663
240	6	1.171587	0.1950482	0.2610663
240	7	1.171587	0.1950482	0.2610663
240	8	1.171587	0.1950482	0.2610663
240	9	1.171587	0.1950482	0.2610663
240	10	1.171587	0.1950482	0.2610663
241	1	1.158297	0.1988028	0.2630239
241	2	-0.2061256	0.5696177	0.6091802
241	3	1.158297	0.1988028	0.2630239
241	4	1.158297	0.1988028	0.2630239
241	5	1.158297	0.1988028	0.2630239
241	6	1.158297	0.1988028	0.2630239
241	7	1.158297	0.1988028	0.2630239
241	8	1.158297	0.1988028	0.2630239
241	9	1.158297	0.1988028	0.2630239
241	10	1.158297	0.1988028	0.2630239
242	2	1.155933	0.1836267	0.4203797
242	7	-0.1131417	0.5632181	0.3985862
242	8	-0.1131417	0.5632181	0.3985862
242	9	-0.1131417	0.5632181	0.3985862
242	10	-0.1131417	0.5632181	0.3985862
243	1	1.120904	0.1941041	0.4197782
243	2	1.120904	0.1941041	0.4197782
243	3	1.120904	0.1941041	0.4197782
243	4	1.120904	0.1941041	0.4197782
243	5	1.120904	0.1941041	0.4197782
243	6	1.120904	0.1941041	0.4197782
243	7	1.120904	0.1941041	0.4197782
243	8	1.120904	0.1941041	0.4197782
243	9	1.120904	0.1941041	0.4197782
243	10	1.120904	0.1941041	0.4197782
244	1	1.120904	0.1941041	0.4197782
244	2	1.120904	0.1941041	0.4197782
244	3	1.120904	0.1941041	0.4197782
244	4	1.120904	0.1941041	0.4197782
244	5	1.120904	0.1941041	0.4197782
244	6	1.120904	0.1941041	0.4197782
244	7	1.120904	0.1941041	0.4197782
244	8	1.120904	0.1941041	0.4197782
244	9	1.120904	0.1941041	0.4197782
244	10	1.120904	0.1941041	0.4197782
245	1	1.120904	0.1941041	0.4197782
245	2	1.120904	0.1941041	0.4197782
245	3	1.120904	0.1941041	0.4197782
245	4	1.120904	0.1941041	0.4197782
245	5	1.120904	0.1941041	0.4197782
245	6	1.120904	0.1941041	0.4197782
245	7	1.120904	0.1941041	0.4197782
245	8	1.120904	0.1941041	0.4197782
245	9	1.120904	0.1941041	0.4197782
245	10	1.120904	0.1941041	0.4197782
246	1	1.120904	0.1941041	0.4197782
246	2	1.120904	0.1941041	0.4197782
246	3	1.120904	0.1941041	0.4197782
246	4	1.120904	0.1941041	0.4197782
246	5	1.120904	0.1941041	0.4197782
246	6	1.120904	0.1941041	0.4197782
246	7	1.120904	0.1941041	0.4197782
246	8	1.120904	0.1941041	0.4197782
246	9	1.120904	0.1941041	0.4197782
246	10	1.120904	0.1941041	0.4197782
247	1	1.120904	0.1941041	0.4197782
247	2	1.120904	0.1941041	0.4197782
247	3	1.120904	0.1941041	0.4197782
247	4	1.120904	0.1941041	0.4197782
247	5	1.120904	0.1941041	0.4197782
247	6	1.120904	0.1941041	0.4197782
247	7	1.120904	0.1941041	0.4197782
247	8	1.120904	0.1941041	0.4197782
247	9	1.120904	0.1941041	0.4197782
247	10	1.120904	0.1941041	0.4197782
248	1	1.120904	0.1941041	0.4197782
248	2	1.120904	0.1941041	0.4197782
248	3	1.120904	0.1941041	0.4197782
248	4	1.120904	0.1941041	0.4197782
248	5	1.120904	0.1941041	0.4197782
248	6	1.120904	0.1941041	0.4197782
248	7	1.120904	0.1941041	0.4197782
248	8	1.120904	0.1941041	0.4197782
248	9	1.120904	0.1941041	0.4197782
248	10	1.120904	0.1941041	0.4197782
249	1	1.120904	0.1941041	0.4197782
249	2	1.120904	0.1941041	0.4197782
249	3	1.120904	0.1941041	0.4197782
249	4	1.120904	0.1941041	0.4197782
249	5	1.120904	0.1941041	0.4197782
249	6	1.120904	0.1941041	0.4197782
249	7	1.120904	0.1941041	0.4197782
249	8	1.120904	0.1941041	0.4197782
249	9	1.120904	0.1941041	0.4197782
249	10	1.120904	0.1941041	0.4197782
250	1	1.120904	0.1941041	0.4197782
250	2	1.120904	0.1941041	0.4197782
250	3	1.120904	0.1941041	0.4197782
250	4	1.120904	0.1941041	0.4197782
250	5	1.120904	0.1941041	0.4197782
250	6	1.120904	0.1941041	0.4197782
250	7	1.120904	0.1941041	0.4197782
250	8	1.120904	0.1941041	0.4197782
250	9	1.120904	0.1941041	0.4197782
250	10	1.120904	0.1941041	0.4197782
251	1	1.120904	0.1941041	0.4197782
251	2	1.120904	0.1941041	0.4197782
251	3	1.120904	0.1941041	0.4197782
251	4	1.120904	0.1941041	0.4197782
251	5	1.120904	0.1941041	0.4197782
251	6	1.120904	0.1941041	0.4197782
251	7	1.120904	0.1941041	0.4197782
251	8	1.120904	0.1941041	0.4197782
251	9	1.120904	0.1941041	0.4197782
251	10	1.120904	0.1941041	0.4197782
252	1	1.120904	0.1941041	0.4197782
252	2	1.120904	0.1941041	0.4197782
252	3	1.120904	0.1941041	0.4197782
252	4	1.120904	0.1941041	0.4197782
252	5	1.120904	0.1941041	0.4197782
252	6	1.120904	0.1941041	0.4197782
252	7	1.120904	0.1941041	0.4197782
252	8	1.120904	0.1941041	0.4197782
252	9	1.120904	0.1941041	0.4197782
252	10	1.120904	0.1941041	0.4197782
253	1	1.120904	0.1941041	0.4197782
253	2	1.120904	0.1941041	0.4197782
253	3	1.120904	0.1941041	0.4197782
253	4	1.120904	0.1941041	0.4197782
253	5	1.120904	0.1941041	0.4197782
253	6	1.120904	0.1941041	0.4197782
253	7	1.120904	0.1941041	0.4197782
253	8	1.120904	0.1941041	0.4197782
253	9	1.120904	0.1941041	0.4197782
253	10	1.120904	0.1941041	0.4197782
254	1	1.120904	0.1941041	0.4197782
254	2	1.120904	0.1941041	0.4197782
254	3	1.120904	0.1941041	0.4197782
254	4	1.120904	0.1941041	0.4197782
254	5	1.120904	0.1941041	0.4197782
254	6	1.120904	0.1941041	0.4197782
254	7	1.120904	0.1941041	0.4197782
254	8	1.120904	0.1941041	0.4197782
254	9	1.120904	0.1941041	0.4197782
254	10	1.120904	0.1941041	0.4197782
255	1	1.120904	0.1941041	0.4197782
255	2	1.120904	0.1941041	0.4197782
255	3	1.120904	0.1941041	0.4197782
255	4	1.120904	0.1941041	0.4197782
255	5	1.120904	0.1941041	0.4197782
255	6	1.120904	0.1941041	0.4197782
255	7	1.120904	0.1941041	0.4197782
255	8	1.120904	0.1941041	0.4197782
255	9	1.120904	0.1941041	0.4197782
255	10	1.120904	0.1941041	0.4197782
256	1	1.120904	0.1941041	0.4197782
256	2	1.120904	0.1941041	0.4197782
256	3	1.120904	0.1941041	0.4197782
256	4	1.120904	0.1941041	0.4197782
256	5	1.120904	0.1941041	0.4197782
256	6	1.120904	0.1941041	0.4197782
256	7	1.120904	0.1941041	0.4197782
256	8	1.120904	0.1941041	0.4197782
256	9	1.120904	0.1941041	0.4197782
256	10	1.120904	0.1941041	0.4197782
257	1	1.120904	0.1941041	0.4197782
257	2	1.120904	0.1941041	0.4197782
257	3	1.120904	0.1941041	0.4197782
257	4	1.120904	0.1941041	0.4197782
257	5	1.120904	0.1941041	0.4197782
257	6	1.120904	0.1941041	0.4197782
257	7	1.120904	0.1941041	0.4197782
257	8	1.120904	0.1941041	0.4197782
257	9	1.120904	0.1941041	0.4197782
257	10	1.120904	0.1941041	0.4197782
258	1	1.120904	0.1941041	0.4197782
258	2	1.120904	0.1941041	0.4197782
258	3	1.120904	0.1941041	0.4197782
258	4	1.120904	0.1941041	0.4197782
258	5	1.120904	0.1941041	0.4197782
258	6	1.120904	0.1941041	0.4197782
258	7	1.120904	0.1941041	0.4197782
258	8	1.120904	0.1941041	0.4197782
258	9	1.120904	0.1941041	0.4197782
258	10	1.120904	0.1941041	0.4197782
259	1	1.120904	0.1941041	0.4197782
259	2	1.120904	0.1941041	0.4197782
259	3	1.120904	0.1941041	0.4197782
259	4	1.120904	0.1941041	0.4197782
259	5	1.120904	0.1941041	0.4197782
259	6	1.120904	0.1941041	0.4197782
259	7	1.120904	0.1941041	0.4197782
259	8	1.120904	0.1941041	0.4197782
259	9	1.120904	0.1941041	0.4197782
259	10	1.120904	0.1941041	0.4197782
260	1	1.120904	0.1941041	0.4197782
260	2	1.120904	0.1941041	0.4197782
260	3	1.120904	0.1941041	0.4197782
260	4	1.120904	0.1941041	0.4197782
260	5	1.120904	0.1941041	0.4197782
260	6	1.120904	0.1941041	0.4197782
260	7	1.120904	0.1941041	0.4197782
260	8	1.120904	0.1941041	0.4197782
260	9	1.120904	0.1941041	0.4197782
260	10	1.120904	0.1941041	0.4197782
261	1	1.120904	0.1941041	0.4197782
261	2	1.120904	0.1941041	0.4197782
261	3	1.120904	0.1941041	0.4197782
261	4	1.120904	0.1941041	0.4197782
261	5	1.120904	0.1941041	0.4197782
261	6	1.120904	0.1941041	0.4197782
261	7	1.120904	0.1941041	0.4197782
261	8	1.120904	0.1941041	0.4197782
261	9	1.120904	0.1941041	0.4197782
261	10	1.120904	0.1941041	0.4197782
262	1	1.120904	0.1941041	0.4197782
262	2	1.120904	0.1941041	0.4197782
262	3	1.120904	0.1941041	0.4197782
262	4	1.120904	0.1941041	0.4197782
262	5	1.120904	0.1941041	0.4197782
262	6	1.120904	0.1941041	0.4197782
262	7	1.120904	0.1941041	0.4197782
262	8	1.120904	0.1941041	0.4197782
262	9	1.120904	0.1941041	0.4197782
262	10	1.120904	0.1941041	0.4197782
263	1	1.120904	0.1941041	0.4197782
263	2	1.120904	0.1941041	0.4197782
263	3	1.120904	0.1941041	0.4197782
263	4	1.120904	0.1941041	0.4197782
263	5	1.120904	0.1941041	0.4197782
263	6	1.120904	0.1941041	0.4197782
263	7	1.120904	0.1941041	0.4197782
263	8	1.120904	0.1941041	0.4197782
263	9	1.120904	0.1941041	0.4197782
263	10	1.120904	0.1941041	0.4197782
264	1	1.120904	0.1941041	0.4197782
264	2	1.120904	0.1941041	0.4197782
264	3	1.120904	0.1941041	0.4197782
264	4	1.120904	0.1941041	0.4197782
264	5	1.120904	0.1941041	0.4197782
264	6	1.120904	0.1941041	0.4197782
264	7	1.120904	0.1941041	0.4197782
264	8	1.120904	0.1941041	0.4197782
264	9	1.120904	0.1941041	0.4197782
264	10	1.120904	0.1941041	0.4197782
265	1	1.120904	0.1941041	0.4197782
265	2	1.120904	0.1941041	0.4197782
265	3	1.120904	0.1941041	0.4197782
265	4	1.120904	0.1941041	0.4197782
265	5	1.120904	0.1941041	0.4197782
265	6	1.120904	0.1941041	0.4197782
265	7	1.120904	0.1941041	0.4197782
265	8	1.120904	0.1941041	0.4197782
265	9	1.120904	0.1941041	0.4197782
265	10	1.120904	0.1941041	0.4197782
266	1	1.120904	0.1941041	0.4197782
266	2	1.120904	0.1941041	0.4197782
266	3	1.120904	0.1941041	0.4197782
266	4	1.120904	0.1941041	0.4197782
266	5	1.120904	0.1941041	0.4197782
266	6	1.120904	0.1941041	0.4197782
266	7	1.120904	0.1941041	0.4197782
266	8	1.120904	0.1941041	0.4197782
266	9	1.120904	0.1941041	0.4197782
266	10	1.120904	0.1941041	0.4197782
267	1	1.120904	0.1941041	0.4197782
267	2	1.120904	0.1941041	0.4197782
267	3	1.120904	0.1941041	0.4197782
267	4	1.120904	0.1941041	0.4197782
267	5	1.120904	0.1941041	0.4197782
267	6	1.120904	0.1941041	0.4197782
267	7	1.120904	0.1941041	0.4197782
267	8	1.120904	0.1941041	0.4197782
267	9	1.120904	0.1941041	0.4197782
267	10	1.120904	0.1941041	0.4197782
268	1	1.120904	0.1941041	0.4197782
268	2	1.120904	0.1941041	0.4197782
268	3	1.120904	0.1941041	0.4197782
268	4	1.120904	0.1941041	0.4197782
268	5	1.120904	0.1941041	0.4197782
268	6	1.120904	0.1941041	0.4197782
268	7	1.120904	0.1941041	0.4197782
268	8	1.120904	0.1941041	0.4197782
268	9	1.120904	0.1941041	0.4197782
268	10	1.120904	0.1941041	0.4197782
269	1	1.120904	0.1941041	0.4197782
269	2	1.120904	0.1941041	0.4197782
269	3	1.120904	0.1941041	0.4197782
269	4	1.120904	0.1941041	0.4197782
269	5	1.120904	0.1941041	0.4197782
269	6	1.120904	0.1941041	0.4197782
269	7	1.120904	0.1941041	0.4197782
269	8	1.120904	0.1941041	0.4197782
269	9	1.120904	0.1941041	0.4197782
269	10	1.120904	0.1941041	0.4197782
270	1	1.120904	0.1941041	0.4197782
270	2	1.120904	0.1941041	0.4197782
270	3	1.120904	0.1941041	0.4197782
270	4	1.120904	0.1941041	0.4197782
270	5	1.120904	0.1941041	0.4197782
270	6	1.120904	0.1941041	0.4197782
270	7	1.120904	0.1941041	0.4197782
270	8	1.120904	0.1941041	0.4197782
270	9	1.120904	0.1941041	0.4197782
270	10	1.120904	0.1941041	0.4197782
271	1	1.120904	0.1941041	0.4197782
271	2	1.120904	0.1941041	0.4197782
271	3	1.120904	0.1941041	0.4197782
271	4	1.120904	0.1941041	0.4197782
271	5	1.120904	0.1941041	0.4197782
271	6	1.120904	0.1941041	0.4197782
271	7	1.120904	0.1941041	0.4197782
271	8	1.120904	0.1941041	0.4197782
271	9	1.120904	0.1941041	0.4197782
271	10	1.120904	0.1941041	0.4197782
272	1	1.120904	0.1941041	0.4197782
272	2	1.120904	0.1941041	0.4197782
272	3	1.120904	0.1941041	0.4197782
272	4	1.120904	0.1941041	0.4197782
272	5	1.120904	0.1941041	0.4197782
272	6	1.120904	0.1941041	0.4197782
272	7	1.120904	0.1941041	0.4197782
272	8	1.120904	0.1941041	0.4197782
272	9	1.120904	0.1941041	0.4197782
272	10	1.120904	0.1941041	0.4197782
273	1	1.120904	0.1941041	0.4197782
273	2	1.120904	0.1941041	0.4197782
273	3	1.120904	0.1941041	0.4197782
273	4	1.120904	0.1941041	0.4197782
273	5	1.120904	0.1941041	0.4197782
273	6	1.120904	0.1941041	0.4197782
273	7	1.120904	0.1941041	0.4197782
273	8	1.120904	0.1941041	0.4197782
273	9	1.120904	0.1941041	0.4197782
273	10	1.120904	0.1941041	0.4197782
274	1	1.120904	0.1941041	0.4197782
274	2	1.120904	0.1941041	0.4197782
274	3	1.120904	0.1941041	0.4197782
274	4	1.120904	0.1941041	0.4197782
274	5	1.120904	0.1941041	0.4197782
274	6	1.120904	0.1941041	0.4197782
274	7	1.120904	0.1941041	0.4197782
274	8	1.120904	0.1941041	0.4197782
274	9	1.120904	0.1941041	0.4197782
274	10	1.120904	0.1941041	0.4197782
275	1	1.120904	0.1941041	0.4197782
275	2	1.120904	0.1941041	0.4197782
275	3	1.120904	0.1941041	0.4197782
275	4	1.120904	0.1941041	0.4197782
275	5	1.120904	0.1941041	0.4197782
275	6	1.120904	0.1941041	0.4197782
275	7	1.120904	0.1941041	0.4197782
275	8	1.120904	0.1941041	0.4197782
275	9	1.120904	0.1941041	0.4197782
275	10	1.120904	0.1941041	0.4197782
276	1	1.120904	0.1941041	0.4197782
276	2	1.120904	0.1941041	0.4197782
276	3	1.120904	0.1941041	0.4197782
276	4	1.120904	0.1941041	0.4197782
276	5	1.120904	0.1941041	0.4197782
276	6	1.120904	0.1941041	0.4197782
276	7	1.120904	0.1941041	0.4197782
276	8	1.120904	0.1941041	0.4197782
276	9	1.120904	0.1941041	0.4197782
276	10	1.120904	0.1941041	0.4197782
277	1	1.120904	0.1941041	0.4197782
277	2	1.120904	0.1941041	0.4197782
277	3	1.120904	0.1941041	0.4197782
277	4	1.120904	0.1941041	0.4197782
277	5	1.120904	0.1941041	0.4197782
277	6	1.120904	0.1941041	0.4197782
277	7	1.120904	0.1941041	0.4197782
277	8	1.120904	0.1941041	0.4197782
277	9	1.120904	0.1941041	0.4197782
277	10	1.120904	0.1941041	0.4197782
278	1	1.120904	0.1941041	0.4197782
278	2	1.120904	0.1941041	0.4197782
278	3	1.120904	0.1941041	0.4197782
278	4	1.120904	0.1941041	0.4197782
278	5	1.120904	0.1941041	0.4197782
278	6	1.120904	0.1941041	0.4197782
278	7	1.120904	0.1941041	0.4197782
278	8	1.120904	0.1941041	0.4197782
278	9	1.120904	0.1941041	0.4197782
278	10	1.120904	0.1941041	0.4197782
279	1	1.120904	0.1941041	0.4197782
279	2	1.120904	0.1941041	0.4197782
279	3	1.120904	0.1941041	0.4197782
279	4	1.120904	0.1941041	0.4197782
279	6	1.120904	0.1941041	0.4197782
279	7	1.120904	0.1941041	0.4197782
279	8	1.120904	0.1941041	0.4197782
279	9	1.120904	0.1941041	0.4197782
279	10	1.120904	0.1941041	0.4197782
280	1	1.120904	0.1941041	0.4197782
280	2	1.120904	0.1941041	0.4197782
280	3	1.120904	0.1941041	0.4197782
280	4	1.120904	0.1941041	0.4197782
280	6	1.120904	0.1941041	0.4197782
280	7	1.120904	0.1941041	0.4197782
280	8	1.120904	0.1941041	0.4197782
280	9	1.120904	0.1941041	0.4197782
280	10	1.120904	0.1941041	0.4197782
281	1	1.120904	0.1941041	0.4197782
281	2	1.120904	0.1941041	0.4197782
281	3	1.120904	0.1941041	0.4197782
281	4	1.120904	0.1941041	0.4197782
281	6	1.120904	0.1941041	0.4197782
281	7	1.120904	0.1941041	0.4197782
281	8	1.120904	0.1941041	0.4197782
281	9	1.120904	0.1941041	0.4197782
281	10	1.120904	0.1941041	0.4197782
282	1	1.120904	0.1941041	0.4197782
282	2	1.120904	0.1941041	0.4197782
282	3	1.120904	0.1941041	0.4197782
282	4	1.120904	0.1941041	0.4197782
282	6	1.120904	0.1941041	0.4197782
282	7	1.120904	0.1941041	0.4197782
282	8	1.120904	0.1941041	0.4197782
282	9	1.120904	0.1941041	0.4197782
282	10	1.120904	0.1941041	0.4197782
283	1	1.120904	0.1941041	0.4197782
283	2	1.120904	0.1941041	0.4197782
283	3	1.120904	0.1941041	0.4197782
283	4	1.120904	0.1941041	0.4197782
283	6	1.120904	0.1941041	0.4197782
283	7	1.120904	0.1941041	0.4197782
283	8	1.120904	0.1941041	0.4197782
283	9	1.120904	0.1941041	0.4197782
283	10	1.120904	0.1941041	0.4197782
284	1	1.120904	0.1941041	0.4197782
284	2	1.120904	0.1941041	0.4197782
284	3	1.120904	0.1941041	0.4197782
284	6	1.120904	0.1941041	0.4197782
284	8	1.120904	0.1941041	0.4197782
284	9	1.120904	0.1941041	0.4197782
285	1	0.6633055	0.2778966	0.9379116
285	2	0.6633055	0.2778966	0.9379115
285	3	0.6633055	0.2778966	0.9379116
285	6	0.6633055	0.2778966	0.9379116
285	7	0.1448246	0.5167334	0.09903887
285	8	0.6633054	0.2778966	0.9379116
285	9	0.6633054	0.2778966	0.9379116
285	10	0.1448246	0.5167334	0.09903887
286	1	-0.1150736	0.563796	0.3985530
286	2	-0.1150736	0.563796	0.3985530
286	3	-0.1150736	0.563796	0.3985530
286	6	-0.1150736	0.563796	0.3985530
286	7	1.15216	0.1847552	0.4203150
286	9	-0.1150736	0.563796	0.3985530
286	10	1.15216	0.1847552	0.4203150
287	1	-0.1150736	0.563796	0.3985530
287	2	-0.1150736	0.563796	0.3985530
287	3	-0.1150736	0.563796	0.3985530
287	6	-0.1150736	0.563796	0.3985530
287	7	1.15216	0.1847552	0.4203150
287	9	-0.1150736	0.563796	0.3985530
287	10	1.15216	0.1847552	0.4203150
288	1	0.4845555	0.3176527	1.070698
288	2	0.4845555	0.3176527	1.070698
288	6	0.4845555	0.3176527	1.070698
288	7	0.2408322	0.4916322	0.06485892
288	9	0.4845555	0.3176527	1.070698
288	10	0.2408322	0.4916322	0.06485892
289	1	1.120904	0.1941041	0.4197782
289	2	1.120904	0.1941041	0.4197782
289	6	1.120904	0.1941041	0.4197782
289	9	1.120904	0.1941041	0.4197782
290	1	0.941303	0.2820450	0.077583
290	2	0.941303	0.2820450	0.077583
290	3	-0.2609614	0.5706049	0.7609906
290	5	0.941303	0.2820450	0.077583
290	6	0.941303	0.2820450	0.077583
290	8	0.5402386	0.302597	1.055803
290	9	0.941303	0.2820450	0.077583
291	1	1.117871	0.2192973	0.1790634
291	2	1.117871	0.2192973	0.1790634
291	3	-0.2891405	0.5645734	0.9038
291	5	1.117871	0.2192973	0.1790634
291	6	1.117871	0.2192973	0.1790634
291	7	0.8532754	0.311223	0.0478476
291	8	0.3135606	0.3549440	1.205056
291	9	1.117871	0.2192973	0.1790634
291	10	0.8532754	0.311223	0.0478476
292	1	1.117871	0.2192973	0.1790634
292	2	1.117871	0.2192973	0.1790634
292	3	-0.2891405	0.5645734	0.9038
292	5	1.117871	0.2192973	0.1790634
292	6	1.117871	0.2192973	0.1790634
292	7	0.8532754	0.311223	0.0478476
292	8	0.3135606	0.3549440	1.205056
292	9	1.117871	0.2192973	0.1790634
292	10	0.8532754	0.311223	0.0478476
293	1	1.117871	0.2192973	0.1790634
293	2	1.117871	0.2192973	0.1790634
293	3	-0.2891405	0.5645734	0.9038
293	5	1.117871	0.2192973	0.1790634
293	6	1.117871	0.2192973	0.1790634
293	7	0.8532754	0.311223	0.0478476
293	8	0.3135606	0.3549440	1.205056
293	9	1.117871	0.2192973	0.1790634
293	10	0.8532754	0.311223	0.0478476
294	6	1.120904	0.1941041	0.4197782
294	9	1.120904	0.1941041	0.4197782
295	6	1.120904	0.1941041	0.4197782
295	9	1.120904	0.1941041	0.4197782
296	6	1.120904	0.1941041	0.4197782
296	9	1.120904	0.1941041	0.4197782
297	1	0.936948	0.2194922	0.710287
297	2	0.936948	0.2194922	0.710287
297	3	0.936948	0.2194922	0.710287
297	4	0.936948	0.2194922	0.710287
297	5	0.936948	0.2194922	0.710287
297	6	-0.07776039	0.5781105	0.1467463
297	7	0.936948	0.2194922	0.710287
297	8	0.936948	0.2194922	0.710287
297	9	0.936948	0.2194922	0.710287
297	10	0.936948	0.2194922	0.710287
298	1	0.936948	0.2194922	0.710287
298	2	0.936948	0.2194922	0.710287
298	3	0.936948	0.2194922	0.710287
298	4	0.936948	0.2194922	0.710287
298	5	0.936948	0.2194922	0.710287
298	6	-0.07776039	0.5781105	0.1467463
298	7	0.936948	0.2194922	0.710287
298	8	0.936948	0.2194922	0.710287
298	9	0.936948	0.2194922	0.710287
298	10	0.936948	0.2194922	0.710287
299	1	0.936948	0.2194922	0.710287
299	2	0.936948	0.2194922	0.710287
299	3	0.936948	0.2194922	0.710287
299	4	0.936948	0.2194922	0.710287
299	5	0.936948	0.2194922	0.710287
299	6	-0.07776039	0.5781105	0.1467463
299	7	0.936948	0.2194922	0.710287
299	8	0.936948	0.2194922	0.710287
299	9	0.936948	0.2194922	0.710287
299	10	0.936948	0.2194922	0.710287
300	1	0.936948	0.2194922	0.710287
300	2	0.936948	0.2194922	0.710287
300	3	0.936948	0.2194922	0.710287
300	4	0.936948	0.2194922	0.710287
300	5	0.936948	0.2194922	0.710287
300	6	-0.07776039	0.5781105	0.1467463
300	7	0.936948	0.2194922	0.710287
300	8	0.936948	0.2194922	0.710287
300	9	0.936948	0.2194922	0.710287
300	10	0.936948	0.2194922	0.710287
301	1	0.936948	0.2194922	0.710287
301	2	0.936948	0.2194922	0.710287
301	3	0.936948	0.2194922	0.710287
301	4	0.936948	0.2194922	0.710287
301	5	0.936948	0.2194922	0.710287
301	6	-0.07776039	0.5781105	0.1467463
301	7	0.936948	0.2194922	0.710287
301	8	0.936948	0.2194922	0.710287
301	9	0.936948	0.2194922	0.710287
301	10	0.936948	0.2194922	0.710287
302	1	0.936948	0.2194922	0.710287
302	2	0.936948	0.2194922	0.710287
302	3	0.936948	0.2194922	0.710287
302	4	0.936948	0.2194922	0.710287
302	5	0.936948	0.2194922	0.710287
302	6	-0.07776039	0.5781105	0.1467463
302	7	0.936948	0.2194922	0.710287
302	8	0.936948	0.2194922	0.710287
302	9	0.936948	0.2194922	0.710287
302	10	0.936948	0.2194922	0.710287
303	1	0.936948	0.2194922	0.710287
303	2	0.936948	0.2194922	0.710287
303	3	0.936948	0.2194922	0.710287
303	4	0.936948	0.2194922	0.710287
303	5	0.936948	0.2194922	0.710287
303	6	-0.07776039	0.5781105	0.1467463
303	7	0.936948	0.2194922	0.710287
303	8	0.936948	0.2194922	0.710287
303	9	0.936948	0.2194922	0.710287
303	10	0.936948	0.2194922	0.710287
304	1	0.936948	0.2194922	0.710287
304	2	0.936948	0.2194922	0.710287
304	3	0.936948	0.2194922	0.710287
304	4	0.936948	0.2194922	0.710287
304	5	0.936948	0.2194922	0.710287
304	6	-0.07776039	0.5781105	0.1467463
304	7	0.936948	0.2194922	0.710287
304	8	0.936948	0.2194922	0.710287
304	9	0.936948	0.2194922	0.710287
304	10	0.936948	0.2194922	0.710287
305	1	0.936948	0.2194922	0.710287
305	2	0.936948	0.2194922	0.710287
305	3	0.936948	0.2194922	0.710287
305	4	0.936948	0.2194922	0.710287
305	5	0.936948	0.2194922	0.710287
305	6	-0.07776039	0.5781105	0.1467463
305	7	0.936948	0.2194922	0.710287
305	8	0.936948	0.2194922	0.710287
305	9	0.936948	0.2194922	0.710287
305	10	0.936948	0.2194922	0.710287
306	1	0.936948	0.2194922	0.710287
306	2	0.936948	0.2194922	0.710287
306	3	0.936948	0.2194922	0.710287
306	4	0.936948	0.2194922	0.710287
306	5	0.936948	0.2194922	0.710287
306	6	-0.07776039	0.5781105	0.1467463
306	7	0.936948	0.2194922	0.710287
306	8	0.936948	0.2194922	0.710287
306	9	0.936948	0.2194922	0.710287
306	10	0.936948	0.2194922	0.710287
307	1	0.936948	0.2194922	0.710287
307	2	0.936948	0.2194922	0.710287
307	3	0.936948	0.2194922	0.710287
307	4	0.936948	0.2194922	0.710287
307	5	0.936948	0.2194922	0.710287
307	6	-0.07776039	0.5781105	0.1467463
307	7	0.936948	0.2194922	0.710287
307	8	0.936948	0.2194922	0.710287
307	9	0.936948	0.2194922	0.710287
307	10	0.936948	0.2194922	0.710287
308	1	0.936948	0.2194922	0.710287
308	2	0.936948	0.2194922	0.710287
308	3	0.936948	0.2194922	0.710287
308	4	0.936948	0.2194922	0.710287
308	5	0.936948	0.2194922	0.710287
308	6	-0.07776039	0.5781105	0.1467463
308	7	0.936948	0.2194922	0.710287
308	8	0.936948	0.2194922	0.710287
308	9	0.936948	0.2194922	0.710287
308	10	0.936948	0.2194922	0.710287
309	1	0.936948	0.2194922	0.710287
309	2	0.936948	0.2194922	0.710287
309	3	0.936948	0.2194922	0.710287
309	4	0.936948	0.2194922	0.710287
309	5	0.936948	0.2194922	0.710287
309	6	-0.07776039	0.5781105	0.1467463
309	7	0.936948	0.2194922	0.710287
309	8	0.936948	0.2194922	0.710287
309	9	0.936948	0.2194922	0.710287
309	10	0.936948	0.2194922	0.710287
310	1	0.936948	0.2194922	0.710287
310	2	0.936948	0.2194922	0.710287
310	3	0.936948	0.2194922	0.710287
310	4	0.936948	0.2194922	0.710287
310	5	0.936948	0.2194922	0.710287
310	6	-0.07776039	0.5781105	0.1467463
310	7	0.936948	0.2194922	0.710287
310	8	0.936948	0.2194922	0.710287
310	9	0.936948	0.2194922	0.710287
310	10	0.936948	0.2194922	0.710287
311	1	0.936948	0.2194922	0.710287
311	2	0.936948	0.2194922	0.710287
311	3	0.936948	0.2194922	0.710287
311	4	0.936948	0.2194922	0.710287
311	5	0.936948	0.2194922	0.710287
311	6	-0.07776039	0.5781105	0.1467463
311	7	0.936948	0.2194922	0.710287
311	8	0.936948	0.2194922	0.710287
311	9	0.936948	0.2194922	0.710287
311	10	0.936948	0.2194922	0.710287
312	1	0.936948	0.2194922	0.710287
312	2	0.936948	0.2194922	0.710287
312	3	0.936948	0.2194922	0.710287
312	4	0.936948	0.2194922	0.710287
312	5	0.936948	0.2194922	0.710287
312	6	-0.07776039	0.5781105	0.1467463
312	7	0.936948	0.2194922	0.710287
312	8	0.936948	0.2194922	0.710287
312	9	0.936948	0.2194922	0.710287
312	10	0.936948	0.2194922	0.710287
313	1	0.936948	0.2194922	0.710287
313	2	0.936948	0.2194922	0.710287
313	3	0.936948	0.2194922	0.710287
313	4	0.936948	0.2194922	0.710287
313	5	0.936948	0.2194922	0.710287
313	6	-0.07776039	0.5781105	0.1467463
313	7	0.936948	0.2194922	0.710287
313	8	0.936948	0.2194922	0.710287
313	9	0.936948	0.2194922	0.710287
313	10	0.936948	0.2194922	0.710287
