1	1	0.8853372	0.2311096	0.7472532
1	2	0.8853372	0.2311096	0.7472532
1	3	0.8853372	0.2311096	0.7472532
1	4	0.8853372	0.2311096	0.7472532
1	5	0.8853372	0.2311096	0.7472532
1	7	0.8853372	0.2311096	0.7472532
1	8	0.8853372	0.2311096	0.7472532
1	9	0.8853372	0.2311096	0.7472532
1	10	0.8853372	0.2311096	0.7472532
1	11	0.8853372	0.2311096	0.7472532
1	12	0.8853372	0.2311096	0.7472532
1	13	0.8853372	0.2311096	0.7472532
1	14	0.8853372	0.2311096	0.7472532
1	15	0.8853372	0.2311096	0.7472532
1	16	0.8853372	0.2311096	0.7472532
1	17	0.8853372	0.2311096	0.7472532
1	18	0.8853372	0.2311096	0.7472532
1	19	0.8853372	0.2311096	0.7472532
1	20	0.8853372	0.2311096	0.7472532
1	21	0.8853372	0.2311096	0.7472532
1	22	0.8853372	0.2311096	0.7472532
1	23	0.8853372	0.2311096	0.7472532
1	24	0.8853372	0.2311096	0.7472532
1	25	0.8853372	0.2311096	0.7472532
1	26	0.8853372	0.2311096	0.7472532
1	27	0.8853372	0.2311096	0.7472532
1	28	0.8853372	0.2311096	0.7472532
1	29	-0.2667219	0.6019774	0.4670789
1	30	0.2291971	0.5011917	0.004416224
2	1	0.8853372	0.2311096	0.7472532
2	2	0.8853372	0.2311096	0.7472532
2	3	0.8853372	0.2311096	0.7472532
2	4	0.8853372	0.2311096	0.7472532
2	5	0.8853372	0.2311096	0.7472532
2	7	0.8853372	0.2311096	0.7472532
2	8	0.8853372	0.2311096	0.7472532
2	9	0.8853372	0.2311096	0.7472532
2	10	0.8853372	0.2311096	0.7472532
2	11	0.8853372	0.2311096	0.7472532
2	12	0.8853372	0.2311096	0.7472532
2	13	0.8853372	0.2311096	0.7472532
2	14	0.8853372	0.2311096	0.7472532
2	15	0.8853372	0.2311096	0.7472532
2	16	0.8853372	0.2311096	0.7472532
2	17	0.8853372	0.2311096	0.7472532
2	18	0.8853372	0.2311096	0.7472532
2	19	0.8853372	0.2311096	0.7472532
2	20	0.8853372	0.2311096	0.7472532
2	21	0.8853372	0.2311096	0.7472532
2	22	0.8853372	0.2311096	0.7472532
2	23	0.8853372	0.2311096	0.7472532
2	24	0.8853372	0.2311096	0.7472532
2	25	0.8853372	0.2311096	0.7472532
2	26	0.8853372	0.2311096	0.7472532
2	27	0.8853372	0.2311096	0.7472532
2	28	0.8853372	0.2311096	0.7472532
2	29	-0.2667219	0.6019774	0.4670789
2	30	0.2291971	0.5011917	0.004416224
3	1	0.8853372	0.2311096	0.7472532
3	2	0.8853372	0.2311096	0.7472532
3	3	0.8853372	0.2311096	0.7472532
3	4	0.8853372	0.2311096	0.7472532
3	5	0.8853372	0.2311096	0.7472532
3	7	0.8853372	0.2311096	0.7472532
3	8	0.8853372	0.2311096	0.7472532
3	9	0.8853372	0.2311096	0.7472532
3	10	0.8853372	0.2311096	0.7472532
3	11	0.8853372	0.2311096	0.7472532
3	12	0.8853372	0.2311096	0.7472532
3	13	0.8853372	0.2311096	0.7472532
3	14	0.8853372	0.2311096	0.7472532
3	15	0.8853372	0.2311096	0.7472532
3	16	0.8853372	0.2311096	0.7472532
3	17	0.8853372	0.2311096	0.7472532
3	18	0.8853372	0.2311096	0.7472532
3	19	0.8853372	0.2311096	0.7472532
3	20	0.8853372	0.2311096	0.7472532
3	21	0.8853372	0.2311096	0.7472532
3	22	0.8853372	0.2311096	0.7472532
3	23	0.8853372	0.2311096	0.7472532
3	24	0.8853372	0.2311096	0.7472532
3	25	0.8853372	0.2311096	0.7472532
3	26	0.8853372	0.2311096	0.7472532
3	27	0.8853372	0.2311096	0.7472532
3	28	0.8853372	0.2311096	0.7472532
3	29	-0.2667219	0.6019774	0.4670789
3	30	0.2291971	0.5011917	0.004416224
4	1	0.8853372	0.2311096	0.7472532
4	2	0.8853372	0.2311096	0.7472532
4	3	0.8853372	0.2311096	0.7472532
4	4	0.8853372	0.2311096	0.7472532
4	5	0.8853372	0.2311096	0.7472532
4	7	0.8853372	0.2311096	0.7472532
4	8	0.8853372	0.2311096	0.7472532
4	9	0.8853372	0.2311096	0.7472532
4	10	0.8853372	0.2311096	0.7472532
4	11	0.8853372	0.2311096	0.7472532
4	12	0.8853372	0.2311096	0.7472532
4	13	0.8853372	0.2311096	0.7472532
4	14	0.8853372	0.2311096	0.7472532
4	15	0.8853372	0.2311096	0.7472532
4	16	0.8853372	0.2311096	0.7472532
4	17	0.8853372	0.2311096	0.7472532
4	18	0.8853372	0.2311096	0.7472532
4	19	0.8853372	0.2311096	0.7472532
4	20	0.8853372	0.2311096	0.7472532
4	21	0.8853372	0.2311096	0.7472532
4	22	0.8853372	0.2311096	0.7472532
4	23	0.8853372	0.2311096	0.7472532
4	24	0.8853372	0.2311096	0.7472532
4	25	0.8853372	0.2311096	0.7472532
4	26	0.8853372	0.2311096	0.7472532
4	27	0.8853372	0.2311096	0.7472532
4	28	0.8853372	0.2311096	0.7472532
4	29	-0.2667219	0.6019774	0.4670789
4	30	0.2291971	0.5011917	0.004416224
5	29	1.266186	0.1506491	0.4222731
5	30	-0.1800052	0.5832176	0.397438
6	29	1.266186	0.1506491	0.4222731
6	30	-0.1800052	0.5832176	0.397438
7	29	1.266186	0.1506491	0.4222731
7	30	-0.1800052	0.5832176	0.397438
8	29	1.266186	0.1506491	0.4222731
8	30	-0.1800052	0.5832176	0.397438
9	1	0.884721	0.2311842	0.7483297
9	2	0.884721	0.2311842	0.7483297
9	3	0.884721	0.2311842	0.7483297
9	4	0.884721	0.2311842	0.7483297
9	5	0.884721	0.2311842	0.7483297
9	7	0.884721	0.2311842	0.7483297
9	8	0.884721	0.2311842	0.7483297
9	9	0.884721	0.2311842	0.7483297
9	10	0.884721	0.2311842	0.7483297
9	11	0.884721	0.2311842	0.7483297
9	12	0.884721	0.2311842	0.7483297
9	13	0.884721	0.2311842	0.7483297
9	14	0.884721	0.2311842	0.7483297
9	15	0.884721	0.2311842	0.7483297
9	16	0.884721	0.2311842	0.7483297
9	17	0.884721	0.2311842	0.7483297
9	18	0.884721	0.2311842	0.7483297
9	19	0.884721	0.2311842	0.7483297
9	20	0.884721	0.2311842	0.7483297
9	21	0.884721	0.2311842	0.7483297
9	22	0.884721	0.2311842	0.7483297
9	23	0.884721	0.2311842	0.7483297
9	24	0.884721	0.2311842	0.7483297
9	25	0.884721	0.2311842	0.7483297
9	26	0.884721	0.2311842	0.7483297
9	27	0.884721	0.2311842	0.7483297
9	28	0.884721	0.2311842	0.7483297
9	29	-0.2630604	0.6028595	0.4475479
9	30	0.2308439	0.5007217	0.004220098
16	1	0.884721	0.2311842	0.7483297
16	2	0.884721	0.2311842	0.7483297
16	3	0.884721	0.2311842	0.7483297
16	4	0.884721	0.2311842	0.7483297
16	5	0.884721	0.2311842	0.7483297
16	7	0.884721	0.2311842	0.7483297
16	8	0.884721	0.2311842	0.7483297
16	9	0.884721	0.2311842	0.7483297
16	10	0.884721	0.2311842	0.7483297
16	11	0.884721	0.2311842	0.7483297
16	12	0.884721	0.2311842	0.7483297
16	13	0.884721	0.2311842	0.7483297
16	14	0.884721	0.2311842	0.7483297
16	15	0.884721	0.2311842	0.7483297
16	16	0.884721	0.2311842	0.7483297
16	17	0.884721	0.2311842	0.7483297
16	18	0.884721	0.2311842	0.7483297
16	19	0.884721	0.2311842	0.7483297
16	20	0.884721	0.2311842	0.7483297
16	21	0.884721	0.2311842	0.7483297
16	22	0.884721	0.2311842	0.7483297
16	23	0.884721	0.2311842	0.7483297
16	24	0.884721	0.2311842	0.7483297
16	25	0.884721	0.2311842	0.7483297
16	26	0.884721	0.2311842	0.7483297
16	27	0.884721	0.2311842	0.7483297
16	28	0.884721	0.2311842	0.7483297
16	29	-0.2630604	0.6028595	0.4475479
16	30	0.2308439	0.5007217	0.004220098
17	1	0.884721	0.2311842	0.7483297
17	2	0.884721	0.2311842	0.7483297
17	3	0.884721	0.2311842	0.7483297
17	4	0.884721	0.2311842	0.7483297
17	5	0.884721	0.2311842	0.7483297
17	7	0.884721	0.2311842	0.7483297
17	8	0.884721	0.2311842	0.7483297
17	9	0.884721	0.2311842	0.7483297
17	10	0.884721	0.2311842	0.7483297
17	11	0.884721	0.2311842	0.7483297
17	12	0.884721	0.2311842	0.7483297
17	13	0.884721	0.2311842	0.7483297
17	14	0.884721	0.2311842	0.7483297
17	15	0.884721	0.2311842	0.7483297
17	16	0.884721	0.2311842	0.7483297
17	17	0.884721	0.2311842	0.7483297
17	18	0.884721	0.2311842	0.7483297
17	19	0.884721	0.2311842	0.7483297
17	20	0.884721	0.2311842	0.7483297
17	21	0.884721	0.2311842	0.7483297
17	22	0.884721	0.2311842	0.7483297
17	23	0.884721	0.2311842	0.7483297
17	24	0.884721	0.2311842	0.7483297
17	25	0.884721	0.2311842	0.7483297
17	26	0.884721	0.2311842	0.7483297
17	27	0.884721	0.2311842	0.7483297
17	28	0.884721	0.2311842	0.7483297
17	29	-0.2630604	0.6028595	0.4475479
17	30	0.2308439	0.5007217	0.004220098
18	1	0.884721	0.2311842	0.7483297
18	2	0.884721	0.2311842	0.7483297
18	3	0.884721	0.2311842	0.7483297
18	4	0.884721	0.2311842	0.7483297
18	5	0.884721	0.2311842	0.7483297
18	7	0.884721	0.2311842	0.7483297
18	8	0.884721	0.2311842	0.7483297
18	9	0.884721	0.2311842	0.7483297
18	10	0.884721	0.2311842	0.7483297
18	11	0.884721	0.2311842	0.7483297
18	12	0.884721	0.2311842	0.7483297
18	13	0.884721	0.2311842	0.7483297
18	14	0.884721	0.2311842	0.7483297
18	15	0.884721	0.2311842	0.7483297
18	16	0.884721	0.2311842	0.7483297
18	17	0.884721	0.2311842	0.7483297
18	18	0.884721	0.2311842	0.7483297
18	19	0.884721	0.2311842	0.7483297
18	20	0.884721	0.2311842	0.7483297
18	21	0.884721	0.2311842	0.7483297
18	22	0.884721	0.2311842	0.7483297
18	23	0.884721	0.2311842	0.7483297
18	24	0.884721	0.2311842	0.7483297
18	25	0.884721	0.2311842	0.7483297
18	26	0.884721	0.2311842	0.7483297
18	27	0.884721	0.2311842	0.7483297
18	28	0.884721	0.2311842	0.7483297
18	29	-0.2630604	0.6028595	0.4475479
18	30	0.2308439	0.5007217	0.004220098
19	1	0.884721	0.2311842	0.7483297
19	2	0.884721	0.2311842	0.7483297
19	3	0.884721	0.2311842	0.7483297
19	4	0.884721	0.2311842	0.7483297
19	5	0.884721	0.2311842	0.7483297
19	7	0.884721	0.2311842	0.7483297
19	8	0.884721	0.2311842	0.7483297
19	9	0.884721	0.2311842	0.7483297
19	10	0.884721	0.2311842	0.7483297
19	11	0.884721	0.2311842	0.7483297
19	12	0.884721	0.2311842	0.7483297
19	13	0.884721	0.2311842	0.7483297
19	14	0.884721	0.2311842	0.7483297
19	15	0.884721	0.2311842	0.7483297
19	16	0.884721	0.2311842	0.7483297
19	17	0.884721	0.2311842	0.7483297
19	18	0.884721	0.2311842	0.7483297
19	19	0.884721	0.2311842	0.7483297
19	20	0.884721	0.2311842	0.7483297
19	21	0.884721	0.2311842	0.7483297
19	22	0.884721	0.2311842	0.7483297
19	23	0.884721	0.2311842	0.7483297
19	24	0.884721	0.2311842	0.7483297
19	25	0.884721	0.2311842	0.7483297
19	26	0.884721	0.2311842	0.7483297
19	27	0.884721	0.2311842	0.7483297
19	28	0.884721	0.2311842	0.7483297
19	29	-0.2630604	0.6028595	0.4475479
19	30	0.2308439	0.5007217	0.004220098
20	1	0.903156	0.2276207	0.7293165
20	2	0.903156	0.2276207	0.7293165
20	3	0.903156	0.2276207	0.7293165
20	4	0.903156	0.2276207	0.7293165
20	5	0.903156	0.2276207	0.7293165
20	7	0.903156	0.2276207	0.7293165
20	8	0.903156	0.2276207	0.7293165
20	9	0.903156	0.2276207	0.7293165
20	10	0.903156	0.2276207	0.7293165
20	11	0.903156	0.2276207	0.7293165
20	12	0.903156	0.2276207	0.7293165
20	13	0.903156	0.2276207	0.7293165
20	14	0.903156	0.2276207	0.7293165
20	15	0.903156	0.2276207	0.7293165
20	16	0.903156	0.2276207	0.7293165
20	17	0.903156	0.2276207	0.7293165
20	18	0.903156	0.2276207	0.7293165
20	19	0.903156	0.2276207	0.7293165
20	20	0.903156	0.2276207	0.7293165
20	21	0.903156	0.2276207	0.7293165
20	22	0.903156	0.2276207	0.7293165
20	23	0.903156	0.2276207	0.7293165
20	24	0.903156	0.2276207	0.7293165
20	25	0.903156	0.2276207	0.7293165
20	26	0.903156	0.2276207	0.7293165
20	27	0.903156	0.2276207	0.7293165
20	28	0.903156	0.2276207	0.7293165
20	29	0.2142772	0.5053686	0.0069918
20	30	-0.2751392	0.602407	0.4876271
21	1	0.903156	0.2276207	0.7293165
21	2	0.903156	0.2276207	0.7293165
21	3	0.903156	0.2276207	0.7293165
21	4	0.903156	0.2276207	0.7293165
21	5	0.903156	0.2276207	0.7293165
21	7	0.903156	0.2276207	0.7293165
21	8	0.903156	0.2276207	0.7293165
21	9	0.903156	0.2276207	0.7293165
21	10	0.903156	0.2276207	0.7293165
21	11	0.903156	0.2276207	0.7293165
21	12	0.903156	0.2276207	0.7293165
21	13	0.903156	0.2276207	0.7293165
21	14	0.903156	0.2276207	0.7293165
21	15	0.903156	0.2276207	0.7293165
21	16	0.903156	0.2276207	0.7293165
21	17	0.903156	0.2276207	0.7293165
21	18	0.903156	0.2276207	0.7293165
21	19	0.903156	0.2276207	0.7293165
21	20	0.903156	0.2276207	0.7293165
21	21	0.903156	0.2276207	0.7293165
21	22	0.903156	0.2276207	0.7293165
21	23	0.903156	0.2276207	0.7293165
21	24	0.903156	0.2276207	0.7293165
21	25	0.903156	0.2276207	0.7293165
21	26	0.903156	0.2276207	0.7293165
21	27	0.903156	0.2276207	0.7293165
21	28	0.903156	0.2276207	0.7293165
21	29	0.2142772	0.5053686	0.0069918
21	30	-0.2751392	0.602407	0.4876271
22	1	0.903156	0.2276207	0.7293165
22	2	0.903156	0.2276207	0.7293165
22	3	0.903156	0.2276207	0.7293165
22	4	0.903156	0.2276207	0.7293165
22	5	0.903156	0.2276207	0.7293165
22	7	0.903156	0.2276207	0.7293165
22	8	0.903156	0.2276207	0.7293165
22	9	0.903156	0.2276207	0.7293165
22	10	0.903156	0.2276207	0.7293165
22	11	0.903156	0.2276207	0.7293165
22	12	0.903156	0.2276207	0.7293165
22	13	0.903156	0.2276207	0.7293165
22	14	0.903156	0.2276207	0.7293165
22	15	0.903156	0.2276207	0.7293165
22	16	0.903156	0.2276207	0.7293165
22	17	0.903156	0.2276207	0.7293165
22	18	0.903156	0.2276207	0.7293165
22	19	0.903156	0.2276207	0.7293165
22	20	0.903156	0.2276207	0.7293165
22	21	0.903156	0.2276207	0.7293165
22	22	0.903156	0.2276207	0.7293165
22	23	0.903156	0.2276207	0.7293165
22	24	0.903156	0.2276207	0.7293165
22	25	0.903156	0.2276207	0.7293165
22	26	0.903156	0.2276207	0.7293165
22	27	0.903156	0.2276207	0.7293165
22	28	0.903156	0.2276207	0.7293165
22	29	0.2142772	0.5053686	0.0069918
22	30	-0.2751392	0.602407	0.4876271
23	1	0.903156	0.2276207	0.7293165
23	2	0.903156	0.2276207	0.7293165
23	3	0.903156	0.2276207	0.7293165
23	4	0.903156	0.2276207	0.7293165
23	5	0.903156	0.2276207	0.7293165
23	7	0.903156	0.2276207	0.7293165
23	8	0.903156	0.2276207	0.7293165
23	9	0.903156	0.2276207	0.7293165
23	10	0.903156	0.2276207	0.7293165
23	11	0.903156	0.2276207	0.7293165
23	12	0.903156	0.2276207	0.7293165
23	13	0.903156	0.2276207	0.7293165
23	14	0.903156	0.2276207	0.7293165
23	15	0.903156	0.2276207	0.7293165
23	16	0.903156	0.2276207	0.7293165
23	17	0.903156	0.2276207	0.7293165
23	18	0.903156	0.2276207	0.7293165
23	19	0.903156	0.2276207	0.7293165
23	20	0.903156	0.2276207	0.7293165
23	21	0.903156	0.2276207	0.7293165
23	22	0.903156	0.2276207	0.7293165
23	23	0.903156	0.2276207	0.7293165
23	24	0.903156	0.2276207	0.7293165
23	25	0.903156	0.2276207	0.7293165
23	26	0.903156	0.2276207	0.7293165
23	27	0.903156	0.2276207	0.7293165
23	28	0.903156	0.2276207	0.7293165
23	29	0.2142772	0.5053686	0.0069918
23	30	-0.2751392	0.602407	0.4876271
24	1	0.903156	0.2276207	0.7293165
24	2	0.903156	0.2276207	0.7293165
24	3	0.903156	0.2276207	0.7293165
24	4	0.903156	0.2276207	0.7293165
24	5	0.903156	0.2276207	0.7293165
24	7	0.903156	0.2276207	0.7293165
24	8	0.903156	0.2276207	0.7293165
24	9	0.903156	0.2276207	0.7293165
24	10	0.903156	0.2276207	0.7293165
24	11	0.903156	0.2276207	0.7293165
24	12	0.903156	0.2276207	0.7293165
24	13	0.903156	0.2276207	0.7293165
24	14	0.903156	0.2276207	0.7293165
24	15	0.903156	0.2276207	0.7293165
24	16	0.903156	0.2276207	0.7293165
24	17	0.903156	0.2276207	0.7293165
24	18	0.903156	0.2276207	0.7293165
24	19	0.903156	0.2276207	0.7293165
24	20	0.903156	0.2276207	0.7293165
24	21	0.903156	0.2276207	0.7293165
24	22	0.903156	0.2276207	0.7293165
24	23	0.903156	0.2276207	0.7293165
24	24	0.903156	0.2276207	0.7293165
24	25	0.903156	0.2276207	0.7293165
24	26	0.903156	0.2276207	0.7293165
24	27	0.903156	0.2276207	0.7293165
24	28	0.903156	0.2276207	0.7293165
24	29	0.2142772	0.5053686	0.0069918
24	30	-0.2751392	0.602407	0.4876271
25	1	0.903156	0.2276207	0.7293165
25	2	0.903156	0.2276207	0.7293165
25	3	0.903156	0.2276207	0.7293165
25	4	0.903156	0.2276207	0.7293165
25	5	0.903156	0.2276207	0.7293165
25	7	0.903156	0.2276207	0.7293165
25	8	0.903156	0.2276207	0.7293165
25	9	0.903156	0.2276207	0.7293165
25	10	0.903156	0.2276207	0.7293165
25	11	0.903156	0.2276207	0.7293165
25	12	0.903156	0.2276207	0.7293165
25	13	0.903156	0.2276207	0.7293165
25	14	0.903156	0.2276207	0.7293165
25	15	0.903156	0.2276207	0.7293165
25	16	0.903156	0.2276207	0.7293165
25	17	0.903156	0.2276207	0.7293165
25	18	0.903156	0.2276207	0.7293165
25	19	0.903156	0.2276207	0.7293165
25	20	0.903156	0.2276207	0.7293165
25	21	0.903156	0.2276207	0.7293165
25	22	0.903156	0.2276207	0.7293165
25	23	0.903156	0.2276207	0.7293165
25	24	0.903156	0.2276207	0.7293165
25	25	0.903156	0.2276207	0.7293165
25	26	0.903156	0.2276207	0.7293165
25	27	0.903156	0.2276207	0.7293165
25	28	0.903156	0.2276207	0.7293165
25	29	0.2142772	0.5053686	0.0069918
25	30	-0.2751392	0.602407	0.4876271
28	1	0.8853372	0.2311096	0.7472532
28	2	0.8853372	0.2311096	0.7472532
28	3	0.8853372	0.2311096	0.7472532
28	4	0.8853372	0.2311096	0.7472532
28	5	0.8853372	0.2311096	0.7472532
28	7	0.8853372	0.2311096	0.7472532
28	8	0.8853372	0.2311096	0.7472532
28	9	0.8853372	0.2311096	0.7472532
28	10	0.8853372	0.2311096	0.7472532
28	11	0.8853372	0.2311096	0.7472532
28	12	0.8853372	0.2311096	0.7472532
28	13	0.8853372	0.2311096	0.7472532
28	14	0.8853372	0.2311096	0.7472532
28	15	0.8853372	0.2311096	0.7472532
28	16	0.8853372	0.2311096	0.7472532
28	17	0.8853372	0.2311096	0.7472532
28	18	0.8853372	0.2311096	0.7472532
28	19	0.8853372	0.2311096	0.7472532
28	20	0.8853372	0.2311096	0.7472532
28	21	0.8853372	0.2311096	0.7472532
28	22	0.8853372	0.2311096	0.7472532
28	23	0.8853372	0.2311096	0.7472532
28	24	0.8853372	0.2311096	0.7472532
28	25	0.8853372	0.2311096	0.7472532
28	26	0.8853372	0.2311096	0.7472532
28	27	0.8853372	0.2311096	0.7472532
28	28	0.8853372	0.2311096	0.7472532
28	29	-0.2667219	0.6019774	0.4670789
28	30	0.2291971	0.5011917	0.004416224
29	1	0.8853372	0.2311096	0.7472532
29	2	0.8853372	0.2311096	0.7472532
29	3	0.8853372	0.2311096	0.7472532
29	4	0.8853372	0.2311096	0.7472532
29	5	0.8853372	0.2311096	0.7472532
29	7	0.8853372	0.2311096	0.7472532
29	8	0.8853372	0.2311096	0.7472532
29	9	0.8853372	0.2311096	0.7472532
29	10	0.8853372	0.2311096	0.7472532
29	11	0.8853372	0.2311096	0.7472532
29	12	0.8853372	0.2311096	0.7472532
29	13	0.8853372	0.2311096	0.7472532
29	14	0.8853372	0.2311096	0.7472532
29	15	0.8853372	0.2311096	0.7472532
29	16	0.8853372	0.2311096	0.7472532
29	17	0.8853372	0.2311096	0.7472532
29	18	0.8853372	0.2311096	0.7472532
29	19	0.8853372	0.2311096	0.7472532
29	20	0.8853372	0.2311096	0.7472532
29	21	0.8853372	0.2311096	0.7472532
29	22	0.8853372	0.2311096	0.7472532
29	23	0.8853372	0.2311096	0.7472532
29	24	0.8853372	0.2311096	0.7472532
29	25	0.8853372	0.2311096	0.7472532
29	26	0.8853372	0.2311096	0.7472532
29	27	0.8853372	0.2311096	0.7472532
29	28	0.8853372	0.2311096	0.7472532
29	29	-0.2667219	0.6019774	0.4670789
29	30	0.2291971	0.5011917	0.004416224
30	1	0.8853372	0.2311096	0.7472532
30	2	0.8853372	0.2311096	0.7472532
30	3	0.8853372	0.2311096	0.7472532
30	4	0.8853372	0.2311096	0.7472532
30	5	0.8853372	0.2311096	0.7472532
30	7	0.8853372	0.2311096	0.7472532
30	8	0.8853372	0.2311096	0.7472532
30	9	0.8853372	0.2311096	0.7472532
30	10	0.8853372	0.2311096	0.7472532
30	11	0.8853372	0.2311096	0.7472532
30	12	0.8853372	0.2311096	0.7472532
30	13	0.8853372	0.2311096	0.7472532
30	14	0.8853372	0.2311096	0.7472532
30	15	0.8853372	0.2311096	0.7472532
30	16	0.8853372	0.2311096	0.7472532
30	17	0.8853372	0.2311096	0.7472532
30	18	0.8853372	0.2311096	0.7472532
30	19	0.8853372	0.2311096	0.7472532
30	20	0.8853372	0.2311096	0.7472532
30	21	0.8853372	0.2311096	0.7472532
30	22	0.8853372	0.2311096	0.7472532
30	23	0.8853372	0.2311096	0.7472532
30	24	0.8853372	0.2311096	0.7472532
30	25	0.8853372	0.2311096	0.7472532
30	26	0.8853372	0.2311096	0.7472532
30	27	0.8853372	0.2311096	0.7472532
30	28	0.8853372	0.2311096	0.7472532
30	29	-0.2667219	0.6019774	0.4670789
30	30	0.2291971	0.5011917	0.004416224
31	1	0.8783217	0.2325558	0.7535954
31	2	0.8783217	0.2325558	0.7535954
31	3	0.8783217	0.2325558	0.7535954
31	4	0.8783217	0.2325558	0.7535954
31	5	0.8783217	0.2325558	0.7535954
31	6	0.8783217	0.2325558	0.7535954
31	7	0.8783217	0.2325558	0.7535954
31	8	0.8783217	0.2325558	0.7535954
31	9	0.8783217	0.2325558	0.7535954
31	10	0.8783217	0.2325558	0.7535954
31	11	0.8783217	0.2325558	0.7535954
31	12	0.8783217	0.2325558	0.7535954
31	13	0.8783217	0.2325558	0.7535954
31	14	0.8783217	0.2325558	0.7535954
31	15	0.8783217	0.2325558	0.7535954
31	16	0.8783217	0.2325558	0.7535954
31	17	0.8783217	0.2325558	0.7535954
31	18	0.8783217	0.2325558	0.7535954
31	19	0.8783217	0.2325558	0.7535954
31	20	0.8783217	0.2325558	0.7535954
31	21	0.8783217	0.2325558	0.7535954
31	22	0.8783217	0.2325558	0.7535954
31	23	0.8783217	0.2325558	0.7535954
31	24	0.8783217	0.2325558	0.7535954
31	25	0.8783217	0.2325558	0.7535954
31	26	0.8783217	0.2325558	0.7535954
31	27	0.8783217	0.2325558	0.7535954
31	28	0.8783217	0.2325558	0.7535954
31	29	-0.2634279	0.601842	0.4587137
31	30	0.2339984	0.4998525	0.003538091
32	1	0.8783217	0.2325558	0.7535954
32	2	0.8783217	0.2325558	0.7535954
32	3	0.8783217	0.2325558	0.7535954
32	4	0.8783217	0.2325558	0.7535954
32	5	0.8783217	0.2325558	0.7535954
32	6	0.8783217	0.2325558	0.7535954
32	7	0.8783217	0.2325558	0.7535954
32	8	0.8783217	0.2325558	0.7535954
32	9	0.8783217	0.2325558	0.7535954
32	10	0.8783217	0.2325558	0.7535954
32	11	0.8783217	0.2325558	0.7535954
32	12	0.8783217	0.2325558	0.7535954
32	13	0.8783217	0.2325558	0.7535954
32	14	0.8783217	0.2325558	0.7535954
32	15	0.8783217	0.2325558	0.7535954
32	16	0.8783217	0.2325558	0.7535954
32	17	0.8783217	0.2325558	0.7535954
32	18	0.8783217	0.2325558	0.7535954
32	19	0.8783217	0.2325558	0.7535954
32	20	0.8783217	0.2325558	0.7535954
32	21	0.8783217	0.2325558	0.7535954
32	22	0.8783217	0.2325558	0.7535954
32	23	0.8783217	0.2325558	0.7535954
32	24	0.8783217	0.2325558	0.7535954
32	25	0.8783217	0.2325558	0.7535954
32	26	0.8783217	0.2325558	0.7535954
32	27	0.8783217	0.2325558	0.7535954
32	28	0.8783217	0.2325558	0.7535954
32	29	-0.2634279	0.601842	0.4587137
32	30	0.2339984	0.4998525	0.003538091
33	1	0.8783217	0.2325558	0.7535954
33	2	0.8783217	0.2325558	0.7535954
33	3	0.8783217	0.2325558	0.7535954
33	4	0.8783217	0.2325558	0.7535954
33	5	0.8783217	0.2325558	0.7535954
33	6	0.8783217	0.2325558	0.7535954
33	7	0.8783217	0.2325558	0.7535954
33	8	0.8783217	0.2325558	0.7535954
33	9	0.8783217	0.2325558	0.7535954
33	10	0.8783217	0.2325558	0.7535954
33	11	0.8783217	0.2325558	0.7535954
33	12	0.8783217	0.2325558	0.7535954
33	13	0.8783217	0.2325558	0.7535954
33	14	0.8783217	0.2325558	0.7535954
33	15	0.8783217	0.2325558	0.7535954
33	16	0.8783217	0.2325558	0.7535954
33	17	0.8783217	0.2325558	0.7535954
33	18	0.8783217	0.2325558	0.7535954
33	19	0.8783217	0.2325558	0.7535954
33	20	0.8783217	0.2325558	0.7535954
33	21	0.8783217	0.2325558	0.7535954
33	22	0.8783217	0.2325558	0.7535954
33	23	0.8783217	0.2325558	0.7535954
33	24	0.8783217	0.2325558	0.7535954
33	25	0.8783217	0.2325558	0.7535954
33	26	0.8783217	0.2325558	0.7535954
33	27	0.8783217	0.2325558	0.7535954
33	28	0.8783217	0.2325558	0.7535954
33	29	-0.2634279	0.601842	0.4587137
33	30	0.2339984	0.4998525	0.003538091
34	1	0.8783217	0.2325558	0.7535954
34	2	0.8783217	0.2325558	0.7535954
34	3	0.8783217	0.2325558	0.7535954
34	4	0.8783217	0.2325558	0.7535954
34	5	0.8783217	0.2325558	0.7535954
34	6	0.8783217	0.2325558	0.7535954
34	7	0.8783217	0.2325558	0.7535954
34	8	0.8783217	0.2325558	0.7535954
34	9	0.8783217	0.2325558	0.7535954
34	10	0.8783217	0.2325558	0.7535954
34	11	0.8783217	0.2325558	0.7535954
34	12	0.8783217	0.2325558	0.7535954
34	13	0.8783217	0.2325558	0.7535954
34	14	0.8783217	0.2325558	0.7535954
34	15	0.8783217	0.2325558	0.7535954
34	16	0.8783217	0.2325558	0.7535954
34	17	0.8783217	0.2325558	0.7535954
34	18	0.8783217	0.2325558	0.7535954
34	19	0.8783217	0.2325558	0.7535954
34	20	0.8783217	0.2325558	0.7535954
34	21	0.8783217	0.2325558	0.7535954
34	22	0.8783217	0.2325558	0.7535954
34	23	0.8783217	0.2325558	0.7535954
34	24	0.8783217	0.2325558	0.7535954
34	25	0.8783217	0.2325558	0.7535954
34	26	0.8783217	0.2325558	0.7535954
34	27	0.8783217	0.2325558	0.7535954
34	28	0.8783217	0.2325558	0.7535954
34	29	-0.2634279	0.601842	0.4587137
34	30	0.2339984	0.4998525	0.003538091
35	1	0.8783217	0.2325558	0.7535954
35	2	0.8783217	0.2325558	0.7535954
35	3	0.8783217	0.2325558	0.7535954
35	4	0.8783217	0.2325558	0.7535954
35	5	0.8783217	0.2325558	0.7535954
35	6	0.8783217	0.2325558	0.7535954
35	7	0.8783217	0.2325558	0.7535954
35	8	0.8783217	0.2325558	0.7535954
35	9	0.8783217	0.2325558	0.7535954
35	10	0.8783217	0.2325558	0.7535954
35	11	0.8783217	0.2325558	0.7535954
35	12	0.8783217	0.2325558	0.7535954
35	13	0.8783217	0.2325558	0.7535954
35	14	0.8783217	0.2325558	0.7535954
35	15	0.8783217	0.2325558	0.7535954
35	16	0.8783217	0.2325558	0.7535954
35	17	0.8783217	0.2325558	0.7535954
35	18	0.8783217	0.2325558	0.7535954
35	19	0.8783217	0.2325558	0.7535954
35	20	0.8783217	0.2325558	0.7535954
35	21	0.8783217	0.2325558	0.7535954
35	22	0.8783217	0.2325558	0.7535954
35	23	0.8783217	0.2325558	0.7535954
35	24	0.8783217	0.2325558	0.7535954
35	25	0.8783217	0.2325558	0.7535954
35	26	0.8783217	0.2325558	0.7535954
35	27	0.8783217	0.2325558	0.7535954
35	28	0.8783217	0.2325558	0.7535954
35	29	-0.2634279	0.601842	0.4587137
35	30	0.2339984	0.4998525	0.003538091
36	1	0.8783217	0.2325558	0.7535954
36	2	0.8783217	0.2325558	0.7535954
36	3	0.8783217	0.2325558	0.7535954
36	4	0.8783217	0.2325558	0.7535954
36	5	0.8783217	0.2325558	0.7535954
36	6	0.8783217	0.2325558	0.7535954
36	7	0.8783217	0.2325558	0.7535954
36	8	0.8783217	0.2325558	0.7535954
36	9	0.8783217	0.2325558	0.7535954
36	10	0.8783217	0.2325558	0.7535954
36	11	0.8783217	0.2325558	0.7535954
36	12	0.8783217	0.2325558	0.7535954
36	13	0.8783217	0.2325558	0.7535954
36	14	0.8783217	0.2325558	0.7535954
36	15	0.8783217	0.2325558	0.7535954
36	16	0.8783217	0.2325558	0.7535954
36	17	0.8783217	0.2325558	0.7535954
36	18	0.8783217	0.2325558	0.7535954
36	19	0.8783217	0.2325558	0.7535954
36	20	0.8783217	0.2325558	0.7535954
36	21	0.8783217	0.2325558	0.7535954
36	22	0.8783217	0.2325558	0.7535954
36	23	0.8783217	0.2325558	0.7535954
36	24	0.8783217	0.2325558	0.7535954
36	25	0.8783217	0.2325558	0.7535954
36	26	0.8783217	0.2325558	0.7535954
36	27	0.8783217	0.2325558	0.7535954
36	28	0.8783217	0.2325558	0.7535954
36	29	-0.2634279	0.601842	0.4587137
36	30	0.2339984	0.4998525	0.003538091
37	1	0.8783217	0.2325558	0.7535954
37	2	0.8783217	0.2325558	0.7535954
37	3	0.8783217	0.2325558	0.7535954
37	4	0.8783217	0.2325558	0.7535954
37	5	0.8783217	0.2325558	0.7535954
37	6	0.8783217	0.2325558	0.7535954
37	7	0.8783217	0.2325558	0.7535954
37	8	0.8783217	0.2325558	0.7535954
37	9	0.8783217	0.2325558	0.7535954
37	10	0.8783217	0.2325558	0.7535954
37	11	0.8783217	0.2325558	0.7535954
37	12	0.8783217	0.2325558	0.7535954
37	13	0.8783217	0.2325558	0.7535954
37	14	0.8783217	0.2325558	0.7535954
37	15	0.8783217	0.2325558	0.7535954
37	16	0.8783217	0.2325558	0.7535954
37	17	0.8783217	0.2325558	0.7535954
37	18	0.8783217	0.2325558	0.7535954
37	19	0.8783217	0.2325558	0.7535954
37	20	0.8783217	0.2325558	0.7535954
37	21	0.8783217	0.2325558	0.7535954
37	22	0.8783217	0.2325558	0.7535954
37	23	0.8783217	0.2325558	0.7535954
37	24	0.8783217	0.2325558	0.7535954
37	25	0.8783217	0.2325558	0.7535954
37	26	0.8783217	0.2325558	0.7535954
37	27	0.8783217	0.2325558	0.7535954
37	28	0.8783217	0.2325558	0.7535954
37	29	-0.2634279	0.601842	0.4587137
37	30	0.2339984	0.4998525	0.003538091
38	1	0.992972	0.2116113	0.6232877
38	2	0.9929722	0.2116113	0.6232876
38	3	0.992972	0.2116113	0.6232877
38	4	0.992972	0.2116113	0.6232877
38	5	0.992972	0.2116113	0.6232877
38	6	0.992972	0.2116113	0.6232877
38	7	0.992972	0.2116113	0.6232877
38	8	0.992972	0.2116113	0.6232877
38	9	0.992972	0.2116113	0.6232877
38	10	0.992972	0.2116113	0.6232877
38	11	0.992972	0.2116113	0.6232877
38	12	0.992972	0.2116113	0.6232877
38	13	0.992972	0.2116113	0.6232877
38	14	0.992972	0.2116113	0.6232877
38	15	0.992972	0.2116113	0.6232877
38	16	0.992972	0.2116113	0.6232877
38	17	0.992972	0.2116113	0.6232877
38	18	0.992972	0.2116113	0.6232877
38	19	0.992972	0.2116113	0.6232877
38	20	0.992972	0.2116113	0.6232877
38	21	0.992972	0.2116113	0.6232877
38	22	0.992972	0.2116113	0.6232877
38	23	0.992972	0.2116113	0.6232877
38	24	0.992972	0.2116113	0.6232877
38	25	0.992972	0.2116113	0.6232877
38	26	0.992972	0.2116113	0.6232877
38	27	0.992972	0.2116113	0.6232877
38	28	0.992972	0.2116113	0.6232877
38	30	-0.1227953	0.5863949	0.1973631
39	1	0.992972	0.2116113	0.6232877
39	2	0.9929722	0.2116113	0.6232876
39	3	0.992972	0.2116113	0.6232877
39	4	0.992972	0.2116113	0.6232877
39	5	0.992972	0.2116113	0.6232877
39	6	0.992972	0.2116113	0.6232877
39	7	0.992972	0.2116113	0.6232877
39	8	0.992972	0.2116113	0.6232877
39	9	0.992972	0.2116113	0.6232877
39	10	0.992972	0.2116113	0.6232877
39	11	0.992972	0.2116113	0.6232877
39	12	0.992972	0.2116113	0.6232877
39	13	0.992972	0.2116113	0.6232877
39	14	0.992972	0.2116113	0.6232877
39	15	0.992972	0.2116113	0.6232877
39	16	0.992972	0.2116113	0.6232877
39	17	0.992972	0.2116113	0.6232877
39	18	0.992972	0.2116113	0.6232877
39	19	0.992972	0.2116113	0.6232877
39	20	0.992972	0.2116113	0.6232877
39	21	0.992972	0.2116113	0.6232877
39	22	0.992972	0.2116113	0.6232877
39	23	0.992972	0.2116113	0.6232877
39	24	0.992972	0.2116113	0.6232877
39	25	0.992972	0.2116113	0.6232877
39	26	0.992972	0.2116113	0.6232877
39	27	0.992972	0.2116113	0.6232877
39	28	0.992972	0.2116113	0.6232877
39	30	-0.1227953	0.5863949	0.1973631
40	1	1.110144	0.1914401	0.4778857
40	2	1.110144	0.1914401	0.4778857
40	3	1.110144	0.1914401	0.4778857
40	4	1.110144	0.1914401	0.4778857
40	5	1.110144	0.1914401	0.4778857
40	6	-0.3370386	0.5925196	0.7680149
40	7	-0.3370386	0.5925196	0.7680149
40	8	1.110144	0.1914401	0.4778857
40	9	1.110144	0.1914401	0.4778857
40	10	1.110144	0.1914401	0.4778857
40	11	1.110144	0.1914401	0.4778857
40	12	1.110144	0.1914401	0.4778857
40	13	1.110144	0.1914401	0.4778857
40	14	1.110144	0.1914401	0.4778857
40	15	1.110144	0.1914401	0.4778857
40	16	1.110144	0.1914401	0.4778857
40	17	1.110144	0.1914401	0.4778857
40	18	1.110144	0.1914401	0.4778857
40	19	1.110144	0.1914401	0.4778857
40	20	1.110144	0.1914401	0.4778857
40	21	1.110144	0.1914401	0.4778857
40	22	1.110144	0.1914401	0.4778857
40	23	1.110144	0.1914401	0.4778857
40	24	1.110144	0.1914401	0.4778857
40	25	1.110144	0.1914401	0.4778857
40	26	1.184593	0.1870965	0.3015380
40	27	1.184593	0.1870965	0.3015380
40	28	1.184593	0.1870965	0.3015380
40	30	0.1086094	0.5340569	0.03409234
41	1	1.110144	0.1914401	0.4778857
41	2	1.110144	0.1914401	0.4778857
41	3	1.110144	0.1914401	0.4778857
41	4	1.110144	0.1914401	0.4778857
41	5	1.110144	0.1914401	0.4778857
41	6	-0.3370386	0.5925196	0.7680149
41	7	-0.3370386	0.5925196	0.7680149
41	8	1.110144	0.1914401	0.4778857
41	9	1.110144	0.1914401	0.4778857
41	10	1.110144	0.1914401	0.4778857
41	11	1.110144	0.1914401	0.4778857
41	12	1.110144	0.1914401	0.4778857
41	13	1.110144	0.1914401	0.4778857
41	14	1.110144	0.1914401	0.4778857
41	15	1.110144	0.1914401	0.4778857
41	16	1.110144	0.1914401	0.4778857
41	17	1.110144	0.1914401	0.4778857
41	18	1.110144	0.1914401	0.4778857
41	19	1.110144	0.1914401	0.4778857
41	20	1.110144	0.1914401	0.4778857
41	21	1.110144	0.1914401	0.4778857
41	22	1.110144	0.1914401	0.4778857
41	23	1.110144	0.1914401	0.4778857
41	24	1.110144	0.1914401	0.4778857
41	25	1.110144	0.1914401	0.4778857
41	26	1.184593	0.1870965	0.3015380
41	27	1.184593	0.1870965	0.3015380
41	28	1.184593	0.1870965	0.3015380
41	30	0.1086094	0.5340569	0.03409234
42	1	1.110144	0.1914401	0.4778857
42	2	1.110144	0.1914401	0.4778857
42	3	1.110144	0.1914401	0.4778857
42	4	1.110144	0.1914401	0.4778857
42	5	1.110144	0.1914401	0.4778857
42	6	-0.3370386	0.5925196	0.7680149
42	7	-0.3370386	0.5925196	0.7680149
42	8	1.110144	0.1914401	0.4778857
42	9	1.110144	0.1914401	0.4778857
42	10	1.110144	0.1914401	0.4778857
42	11	1.110144	0.1914401	0.4778857
42	12	1.110144	0.1914401	0.4778857
42	13	1.110144	0.1914401	0.4778857
42	14	1.110144	0.1914401	0.4778857
42	15	1.110144	0.1914401	0.4778857
42	16	1.110144	0.1914401	0.4778857
42	17	1.110144	0.1914401	0.4778857
42	18	1.110144	0.1914401	0.4778857
42	19	1.110144	0.1914401	0.4778857
42	20	1.110144	0.1914401	0.4778857
42	21	1.110144	0.1914401	0.4778857
42	22	1.110144	0.1914401	0.4778857
42	23	1.110144	0.1914401	0.4778857
42	24	1.110144	0.1914401	0.4778857
42	25	1.110144	0.1914401	0.4778857
42	26	1.184593	0.1870965	0.3015380
42	27	1.184593	0.1870965	0.3015380
42	28	1.184593	0.1870965	0.3015380
42	30	0.1086094	0.5340569	0.03409234
43	1	1.110144	0.1914401	0.4778857
43	2	1.110144	0.1914401	0.4778857
43	3	1.110144	0.1914401	0.4778857
43	4	1.110144	0.1914401	0.4778857
43	5	1.110144	0.1914401	0.4778857
43	6	-0.3370386	0.5925196	0.7680149
43	7	-0.3370386	0.5925196	0.7680149
43	8	1.110144	0.1914401	0.4778857
43	9	1.110144	0.1914401	0.4778857
43	10	1.110144	0.1914401	0.4778857
43	11	1.110144	0.1914401	0.4778857
43	12	1.110144	0.1914401	0.4778857
43	13	1.110144	0.1914401	0.4778857
43	14	1.110144	0.1914401	0.4778857
43	15	1.110144	0.1914401	0.4778857
43	16	1.110144	0.1914401	0.4778857
43	17	1.110144	0.1914401	0.4778857
43	18	1.110144	0.1914401	0.4778857
43	19	1.110144	0.1914401	0.4778857
43	20	1.110144	0.1914401	0.4778857
43	21	1.110144	0.1914401	0.4778857
43	22	1.110144	0.1914401	0.4778857
43	23	1.110144	0.1914401	0.4778857
43	24	1.110144	0.1914401	0.4778857
43	25	1.110144	0.1914401	0.4778857
43	26	1.184593	0.1870965	0.3015380
43	27	1.184593	0.1870965	0.3015380
43	28	1.184593	0.1870965	0.3015380
43	30	0.1086094	0.5340569	0.03409234
44	1	1.110144	0.1914401	0.4778857
44	2	1.110144	0.1914401	0.4778857
44	3	1.110144	0.1914401	0.4778857
44	4	1.110144	0.1914401	0.4778857
44	5	1.110144	0.1914401	0.4778857
44	6	-0.3370386	0.5925196	0.7680149
44	7	-0.3370386	0.5925196	0.7680149
44	8	1.110144	0.1914401	0.4778857
44	9	1.110144	0.1914401	0.4778857
44	10	1.110144	0.1914401	0.4778857
44	11	1.110144	0.1914401	0.4778857
44	12	1.110144	0.1914401	0.4778857
44	13	1.110144	0.1914401	0.4778857
44	14	1.110144	0.1914401	0.4778857
44	15	1.110144	0.1914401	0.4778857
44	16	1.110144	0.1914401	0.4778857
44	17	1.110144	0.1914401	0.4778857
44	18	1.110144	0.1914401	0.4778857
44	19	1.110144	0.1914401	0.4778857
44	20	1.110144	0.1914401	0.4778857
44	21	1.110144	0.1914401	0.4778857
44	22	1.110144	0.1914401	0.4778857
44	23	1.110144	0.1914401	0.4778857
44	24	1.110144	0.1914401	0.4778857
44	25	1.110144	0.1914401	0.4778857
44	26	1.184593	0.1870965	0.3015380
44	27	1.184593	0.1870965	0.3015380
44	28	1.184593	0.1870965	0.3015380
44	30	0.1086094	0.5340569	0.03409234
45	1	1.110144	0.1914401	0.4778857
45	2	1.110144	0.1914401	0.4778857
45	3	1.110144	0.1914401	0.4778857
45	4	1.110144	0.1914401	0.4778857
45	5	1.110144	0.1914401	0.4778857
45	6	-0.3370386	0.5925196	0.7680149
45	7	-0.3370386	0.5925196	0.7680149
45	8	1.110144	0.1914401	0.4778857
45	9	1.110144	0.1914401	0.4778857
45	10	1.110144	0.1914401	0.4778857
45	11	1.110144	0.1914401	0.4778857
45	12	1.110144	0.1914401	0.4778857
45	13	1.110144	0.1914401	0.4778857
45	14	1.110144	0.1914401	0.4778857
45	15	1.110144	0.1914401	0.4778857
45	16	1.110144	0.1914401	0.4778857
45	17	1.110144	0.1914401	0.4778857
45	18	1.110144	0.1914401	0.4778857
45	19	1.110144	0.1914401	0.4778857
45	20	1.110144	0.1914401	0.4778857
45	21	1.110144	0.1914401	0.4778857
45	22	1.110144	0.1914401	0.4778857
45	23	1.110144	0.1914401	0.4778857
45	24	1.110144	0.1914401	0.4778857
45	25	1.110144	0.1914401	0.4778857
45	26	1.184593	0.1870965	0.3015380
45	27	1.184593	0.1870965	0.3015380
45	28	1.184593	0.1870965	0.3015380
45	30	0.1086094	0.5340569	0.03409234
46	1	1.110144	0.1914401	0.4778857
46	2	1.110144	0.1914401	0.4778857
46	3	1.110144	0.1914401	0.4778857
46	4	1.110144	0.1914401	0.4778857
46	5	1.110144	0.1914401	0.4778857
46	6	-0.3370386	0.5925196	0.7680149
46	7	-0.3370386	0.5925196	0.7680149
46	8	1.110144	0.1914401	0.4778857
46	9	1.110144	0.1914401	0.4778857
46	10	1.110144	0.1914401	0.4778857
46	11	1.110144	0.1914401	0.4778857
46	12	1.110144	0.1914401	0.4778857
46	13	1.110144	0.1914401	0.4778857
46	14	1.110144	0.1914401	0.4778857
46	15	1.110144	0.1914401	0.4778857
46	16	1.110144	0.1914401	0.4778857
46	17	1.110144	0.1914401	0.4778857
46	18	1.110144	0.1914401	0.4778857
46	19	1.110144	0.1914401	0.4778857
46	20	1.110144	0.1914401	0.4778857
46	21	1.110144	0.1914401	0.4778857
46	22	1.110144	0.1914401	0.4778857
46	23	1.110144	0.1914401	0.4778857
46	24	1.110144	0.1914401	0.4778857
46	25	1.110144	0.1914401	0.4778857
46	26	1.184593	0.1870965	0.3015380
46	27	1.184593	0.1870965	0.3015380
46	28	1.184593	0.1870965	0.3015380
46	30	0.1086094	0.5340569	0.03409234
47	6	1.120904	0.1941041	0.4197782
47	7	1.120904	0.1941041	0.4197782
48	6	1.120904	0.1941041	0.4197782
48	7	1.120904	0.1941041	0.4197782
49	6	1.120904	0.1941041	0.4197782
49	7	1.120904	0.1941041	0.4197782
50	1	1.158816	0.1980055	0.269395
50	2	1.158816	0.1980055	0.2693951
50	3	1.158816	0.1980055	0.2693950
50	4	1.158816	0.1980055	0.2693950
50	5	1.158816	0.1980055	0.269395
50	6	-0.2022626	0.5695982	0.59799
50	7	-0.2022626	0.5695982	0.59799
50	8	1.158816	0.1980055	0.269395
50	9	1.158816	0.1980055	0.269395
50	10	1.158816	0.1980055	0.269395
50	11	1.158816	0.1980055	0.269395
50	12	1.158816	0.1980055	0.269395
50	13	1.158816	0.1980055	0.269395
50	14	1.158816	0.1980055	0.269395
50	15	1.158816	0.1980055	0.269395
50	16	1.158816	0.1980055	0.269395
50	17	1.158816	0.1980055	0.269395
50	18	1.158816	0.1980055	0.269395
50	19	1.158816	0.1980055	0.269395
50	20	1.158816	0.1980055	0.269395
50	21	1.158816	0.1980055	0.269395
50	22	1.158816	0.1980055	0.269395
50	23	1.158816	0.1980055	0.269395
50	24	1.158816	0.1980055	0.269395
50	25	1.158816	0.1980055	0.269395
50	26	-0.1826383	0.5645568	0.5901171
50	27	-0.1826383	0.5645568	0.5901171
50	28	-0.1826383	0.5645568	0.5901171
51	1	1.120904	0.1941041	0.4197782
51	2	1.120904	0.1941041	0.4197782
51	3	1.120904	0.1941041	0.4197782
51	4	1.120904	0.1941041	0.4197782
51	5	1.120904	0.1941041	0.4197782
51	6	1.120904	0.1941041	0.4197782
51	7	1.120904	0.1941041	0.4197782
51	8	1.120904	0.1941041	0.4197782
51	9	1.120904	0.1941041	0.4197782
51	10	1.120904	0.1941041	0.4197782
51	11	1.120904	0.1941041	0.4197782
51	12	1.120904	0.1941041	0.4197782
51	13	1.120904	0.1941041	0.4197782
51	14	1.120904	0.1941041	0.4197782
51	15	1.120904	0.1941041	0.4197782
51	16	1.120904	0.1941041	0.4197782
51	17	1.120904	0.1941041	0.4197782
51	18	1.120904	0.1941041	0.4197782
51	19	1.120904	0.1941041	0.4197782
51	20	1.120904	0.1941041	0.4197782
51	21	1.120904	0.1941041	0.4197782
51	22	1.120904	0.1941041	0.4197782
51	23	1.120904	0.1941041	0.4197782
51	24	1.120904	0.1941041	0.4197782
51	25	1.120904	0.1941041	0.4197782
51	26	1.120904	0.1941041	0.4197782
51	27	1.120904	0.1941041	0.4197782
51	28	1.120904	0.1941041	0.4197782
52	1	1.120904	0.1941041	0.4197782
52	2	1.120904	0.1941041	0.4197782
52	3	1.120904	0.1941041	0.4197782
52	4	1.120904	0.1941041	0.4197782
52	5	1.120904	0.1941041	0.4197782
52	6	1.120904	0.1941041	0.4197782
52	7	1.120904	0.1941041	0.4197782
52	8	1.120904	0.1941041	0.4197782
52	9	1.120904	0.1941041	0.4197782
52	10	1.120904	0.1941041	0.4197782
52	11	1.120904	0.1941041	0.4197782
52	12	1.120904	0.1941041	0.4197782
52	13	1.120904	0.1941041	0.4197782
52	14	1.120904	0.1941041	0.4197782
52	15	1.120904	0.1941041	0.4197782
52	16	1.120904	0.1941041	0.4197782
52	17	1.120904	0.1941041	0.4197782
52	18	1.120904	0.1941041	0.4197782
52	19	1.120904	0.1941041	0.4197782
52	20	1.120904	0.1941041	0.4197782
52	21	1.120904	0.1941041	0.4197782
52	22	1.120904	0.1941041	0.4197782
52	23	1.120904	0.1941041	0.4197782
52	24	1.120904	0.1941041	0.4197782
52	25	1.120904	0.1941041	0.4197782
52	26	1.120904	0.1941041	0.4197782
52	27	1.120904	0.1941041	0.4197782
52	28	1.120904	0.1941041	0.4197782
53	1	1.120904	0.1941041	0.4197782
53	2	1.120904	0.1941041	0.4197782
53	3	1.120904	0.1941041	0.4197782
53	4	1.120904	0.1941041	0.4197782
53	5	1.120904	0.1941041	0.4197782
53	6	1.120904	0.1941041	0.4197782
53	7	1.120904	0.1941041	0.4197782
53	8	1.120904	0.1941041	0.4197782
53	9	1.120904	0.1941041	0.4197782
53	10	1.120904	0.1941041	0.4197782
53	11	1.120904	0.1941041	0.4197782
53	12	1.120904	0.1941041	0.4197782
53	13	1.120904	0.1941041	0.4197782
53	14	1.120904	0.1941041	0.4197782
53	15	1.120904	0.1941041	0.4197782
53	16	1.120904	0.1941041	0.4197782
53	17	1.120904	0.1941041	0.4197782
53	18	1.120904	0.1941041	0.4197782
53	19	1.120904	0.1941041	0.4197782
53	20	1.120904	0.1941041	0.4197782
53	21	1.120904	0.1941041	0.4197782
53	22	1.120904	0.1941041	0.4197782
53	23	1.120904	0.1941041	0.4197782
53	24	1.120904	0.1941041	0.4197782
53	25	1.120904	0.1941041	0.4197782
53	26	1.120904	0.1941041	0.4197782
53	27	1.120904	0.1941041	0.4197782
53	28	1.120904	0.1941041	0.4197782
54	1	1.120904	0.1941041	0.4197782
54	2	1.120904	0.1941041	0.4197782
54	3	1.120904	0.1941041	0.4197782
54	4	1.120904	0.1941041	0.4197782
54	5	1.120904	0.1941041	0.4197782
54	6	1.120904	0.1941041	0.4197782
54	7	1.120904	0.1941041	0.4197782
54	8	1.120904	0.1941041	0.4197782
54	9	1.120904	0.1941041	0.4197782
54	10	1.120904	0.1941041	0.4197782
54	11	1.120904	0.1941041	0.4197782
54	12	1.120904	0.1941041	0.4197782
54	13	1.120904	0.1941041	0.4197782
54	14	1.120904	0.1941041	0.4197782
54	15	1.120904	0.1941041	0.4197782
54	16	1.120904	0.1941041	0.4197782
54	17	1.120904	0.1941041	0.4197782
54	18	1.120904	0.1941041	0.4197782
54	19	1.120904	0.1941041	0.4197782
54	20	1.120904	0.1941041	0.4197782
54	21	1.120904	0.1941041	0.4197782
54	22	1.120904	0.1941041	0.4197782
54	23	1.120904	0.1941041	0.4197782
54	24	1.120904	0.1941041	0.4197782
54	25	1.120904	0.1941041	0.4197782
54	26	1.120904	0.1941041	0.4197782
54	27	1.120904	0.1941041	0.4197782
54	28	1.120904	0.1941041	0.4197782
55	1	1.120904	0.1941041	0.4197782
55	2	1.120904	0.1941041	0.4197782
55	3	1.120904	0.1941041	0.4197782
55	4	1.120904	0.1941041	0.4197782
55	5	1.120904	0.1941041	0.4197782
55	6	1.120904	0.1941041	0.4197782
55	7	1.120904	0.1941041	0.4197782
55	8	1.120904	0.1941041	0.4197782
55	9	1.120904	0.1941041	0.4197782
55	10	1.120904	0.1941041	0.4197782
55	11	1.120904	0.1941041	0.4197782
55	12	1.120904	0.1941041	0.4197782
55	13	1.120904	0.1941041	0.4197782
55	14	1.120904	0.1941041	0.4197782
55	15	1.120904	0.1941041	0.4197782
55	16	1.120904	0.1941041	0.4197782
55	17	1.120904	0.1941041	0.4197782
55	18	1.120904	0.1941041	0.4197782
55	19	1.120904	0.1941041	0.4197782
55	20	1.120904	0.1941041	0.4197782
55	21	1.120904	0.1941041	0.4197782
55	22	1.120904	0.1941041	0.4197782
55	23	1.120904	0.1941041	0.4197782
55	24	1.120904	0.1941041	0.4197782
55	25	1.120904	0.1941041	0.4197782
55	26	1.120904	0.1941041	0.4197782
55	27	1.120904	0.1941041	0.4197782
55	28	1.120904	0.1941041	0.4197782
56	1	1.120904	0.1941041	0.4197782
56	2	1.120904	0.1941041	0.4197782
56	3	1.120904	0.1941041	0.4197782
56	4	1.120904	0.1941041	0.4197782
56	5	1.120904	0.1941041	0.4197782
56	6	1.120904	0.1941041	0.4197782
56	7	1.120904	0.1941041	0.4197782
56	8	1.120904	0.1941041	0.4197782
56	9	1.120904	0.1941041	0.4197782
56	10	1.120904	0.1941041	0.4197782
56	11	1.120904	0.1941041	0.4197782
56	12	1.120904	0.1941041	0.4197782
56	13	1.120904	0.1941041	0.4197782
56	14	1.120904	0.1941041	0.4197782
56	15	1.120904	0.1941041	0.4197782
56	16	1.120904	0.1941041	0.4197782
56	17	1.120904	0.1941041	0.4197782
56	18	1.120904	0.1941041	0.4197782
56	19	1.120904	0.1941041	0.4197782
56	20	1.120904	0.1941041	0.4197782
56	21	1.120904	0.1941041	0.4197782
56	22	1.120904	0.1941041	0.4197782
56	23	1.120904	0.1941041	0.4197782
56	24	1.120904	0.1941041	0.4197782
56	25	1.120904	0.1941041	0.4197782
56	26	1.120904	0.1941041	0.4197782
56	27	1.120904	0.1941041	0.4197782
56	28	1.120904	0.1941041	0.4197782
57	1	1.120904	0.1941041	0.4197782
57	2	1.120904	0.1941041	0.4197782
57	3	1.120904	0.1941041	0.4197782
57	4	1.120904	0.1941041	0.4197782
57	5	1.120904	0.1941041	0.4197782
57	6	1.120904	0.1941041	0.4197782
57	7	1.120904	0.1941041	0.4197782
57	8	1.120904	0.1941041	0.4197782
57	9	1.120904	0.1941041	0.4197782
57	10	1.120904	0.1941041	0.4197782
57	11	1.120904	0.1941041	0.4197782
57	12	1.120904	0.1941041	0.4197782
57	13	1.120904	0.1941041	0.4197782
57	14	1.120904	0.1941041	0.4197782
57	15	1.120904	0.1941041	0.4197782
57	16	1.120904	0.1941041	0.4197782
57	17	1.120904	0.1941041	0.4197782
57	18	1.120904	0.1941041	0.4197782
57	19	1.120904	0.1941041	0.4197782
57	20	1.120904	0.1941041	0.4197782
57	21	1.120904	0.1941041	0.4197782
57	22	1.120904	0.1941041	0.4197782
57	23	1.120904	0.1941041	0.4197782
57	24	1.120904	0.1941041	0.4197782
57	25	1.120904	0.1941041	0.4197782
57	26	1.120904	0.1941041	0.4197782
57	27	1.120904	0.1941041	0.4197782
57	28	1.120904	0.1941041	0.4197782
58	1	1.120904	0.1941041	0.4197782
58	2	1.120904	0.1941041	0.4197782
58	3	1.120904	0.1941041	0.4197782
58	4	1.120904	0.1941041	0.4197782
58	5	1.120904	0.1941041	0.4197782
58	6	1.120904	0.1941041	0.4197782
58	7	1.120904	0.1941041	0.4197782
58	8	1.120904	0.1941041	0.4197782
58	9	1.120904	0.1941041	0.4197782
58	10	1.120904	0.1941041	0.4197782
58	11	1.120904	0.1941041	0.4197782
58	12	1.120904	0.1941041	0.4197782
58	13	1.120904	0.1941041	0.4197782
58	14	1.120904	0.1941041	0.4197782
58	15	1.120904	0.1941041	0.4197782
58	16	1.120904	0.1941041	0.4197782
58	17	1.120904	0.1941041	0.4197782
58	18	1.120904	0.1941041	0.4197782
58	19	1.120904	0.1941041	0.4197782
58	20	1.120904	0.1941041	0.4197782
58	21	1.120904	0.1941041	0.4197782
58	22	1.120904	0.1941041	0.4197782
58	23	1.120904	0.1941041	0.4197782
58	24	1.120904	0.1941041	0.4197782
58	25	1.120904	0.1941041	0.4197782
58	26	1.120904	0.1941041	0.4197782
58	27	1.120904	0.1941041	0.4197782
58	28	1.120904	0.1941041	0.4197782
59	1	0.7445507	0.2589735	0.8860127
59	2	0.7445505	0.2589735	0.8860128
59	3	0.7445506	0.2589735	0.8860127
59	4	0.7445506	0.2589735	0.8860127
59	5	0.7445506	0.2589735	0.8860127
59	6	0.7445506	0.2589735	0.8860127
59	7	0.7445507	0.2589735	0.8860127
59	8	0.7445506	0.2589735	0.8860127
59	9	0.7445506	0.2589735	0.8860127
59	10	0.7445506	0.2589735	0.8860127
59	11	0.7445506	0.2589735	0.8860127
59	12	0.7445507	0.2589735	0.8860127
59	13	0.7445506	0.2589735	0.8860127
59	14	0.7445507	0.2589735	0.8860127
59	15	0.7445507	0.2589735	0.8860127
59	16	0.7445507	0.2589735	0.8860127
59	17	0.7445507	0.2589735	0.8860127
59	18	0.7445506	0.2589735	0.8860127
59	19	0.7445506	0.2589735	0.8860127
59	20	0.7445506	0.2589735	0.8860127
59	21	0.7445506	0.2589735	0.8860127
59	22	0.7445506	0.2589735	0.8860127
59	23	0.7445506	0.2589735	0.8860127
59	24	0.7445506	0.2589735	0.8860127
59	25	0.7445506	0.2589735	0.8860127
59	26	0.05099294	0.5465253	0.08032332
59	27	0.05099293	0.5465253	0.08032333
59	28	0.04768525	0.5477298	0.07813458
60	1	0.7445507	0.2589735	0.8860127
60	2	0.7445505	0.2589735	0.8860128
60	3	0.7445506	0.2589735	0.8860127
60	4	0.7445506	0.2589735	0.8860127
60	5	0.7445506	0.2589735	0.8860127
60	6	0.7445506	0.2589735	0.8860127
60	7	0.7445507	0.2589735	0.8860127
60	8	0.7445506	0.2589735	0.8860127
60	9	0.7445506	0.2589735	0.8860127
60	10	0.7445506	0.2589735	0.8860127
60	11	0.7445506	0.2589735	0.8860127
60	12	0.7445507	0.2589735	0.8860127
60	13	0.7445506	0.2589735	0.8860127
60	14	0.7445507	0.2589735	0.8860127
60	15	0.7445507	0.2589735	0.8860127
60	16	0.7445507	0.2589735	0.8860127
60	17	0.7445507	0.2589735	0.8860127
60	18	0.7445506	0.2589735	0.8860127
60	19	0.7445506	0.2589735	0.8860127
60	20	0.7445506	0.2589735	0.8860127
60	21	0.7445506	0.2589735	0.8860127
60	22	0.7445506	0.2589735	0.8860127
60	23	0.7445506	0.2589735	0.8860127
60	24	0.7445506	0.2589735	0.8860127
60	25	0.7445506	0.2589735	0.8860127
60	26	0.05099294	0.5465253	0.08032332
60	27	0.05099293	0.5465253	0.08032333
60	28	0.04768525	0.5477298	0.07813458
61	1	0.7445507	0.2589735	0.8860127
61	2	0.7445505	0.2589735	0.8860128
61	3	0.7445506	0.2589735	0.8860127
61	4	0.7445506	0.2589735	0.8860127
61	5	0.7445506	0.2589735	0.8860127
61	6	0.7445506	0.2589735	0.8860127
61	7	0.7445507	0.2589735	0.8860127
61	8	0.7445506	0.2589735	0.8860127
61	9	0.7445506	0.2589735	0.8860127
61	10	0.7445506	0.2589735	0.8860127
61	11	0.7445506	0.2589735	0.8860127
61	12	0.7445507	0.2589735	0.8860127
61	13	0.7445506	0.2589735	0.8860127
61	14	0.7445507	0.2589735	0.8860127
61	15	0.7445507	0.2589735	0.8860127
61	16	0.7445507	0.2589735	0.8860127
61	17	0.7445507	0.2589735	0.8860127
61	18	0.7445506	0.2589735	0.8860127
61	19	0.7445506	0.2589735	0.8860127
61	20	0.7445506	0.2589735	0.8860127
61	21	0.7445506	0.2589735	0.8860127
61	22	0.7445506	0.2589735	0.8860127
61	23	0.7445506	0.2589735	0.8860127
61	24	0.7445506	0.2589735	0.8860127
61	25	0.7445506	0.2589735	0.8860127
61	26	0.05099294	0.5465253	0.08032332
61	27	0.05099293	0.5465253	0.08032333
61	28	0.04768525	0.5477298	0.07813458
62	1	0.7381584	0.2598423	0.8962406
62	2	0.7381584	0.2598423	0.8962406
62	3	0.7381584	0.2598423	0.8962406
62	4	0.7381584	0.2598423	0.8962406
62	5	0.7381584	0.2598423	0.8962406
62	6	0.7381584	0.2598423	0.8962406
62	7	0.7381584	0.2598423	0.8962406
62	8	0.7381584	0.2598423	0.8962406
62	9	0.7381584	0.2598423	0.8962406
62	10	0.7381584	0.2598423	0.8962406
62	11	0.7381584	0.2598423	0.8962406
62	12	0.7381584	0.2598423	0.8962406
62	13	0.7381584	0.2598423	0.8962406
62	14	0.7381584	0.2598423	0.8962406
62	15	0.7381584	0.2598423	0.8962406
62	16	0.7381584	0.2598423	0.8962406
62	17	0.7381584	0.2598423	0.8962406
62	18	0.7381584	0.2598423	0.8962406
62	19	0.7381584	0.2598423	0.8962406
62	20	0.7381584	0.2598423	0.8962406
62	21	0.7381584	0.2598423	0.8962406
62	22	0.7381584	0.2598423	0.8962406
62	23	0.7381584	0.2598423	0.8962406
62	24	0.7381584	0.2598423	0.8962406
62	25	0.7381584	0.2598423	0.8962406
62	26	0.2414365	0.4962691	0.01712934
62	27	0.2414365	0.4962691	0.01712934
62	28	0.2245940	0.5012019	0.01787974
62	30	-0.3194394	0.6042372	0.6000366
63	1	0.7381584	0.2598423	0.8962406
63	2	0.7381584	0.2598423	0.8962406
63	3	0.7381584	0.2598423	0.8962406
63	4	0.7381584	0.2598423	0.8962406
63	5	0.7381584	0.2598423	0.8962406
63	6	0.7381584	0.2598423	0.8962406
63	7	0.7381584	0.2598423	0.8962406
63	8	0.7381584	0.2598423	0.8962406
63	9	0.7381584	0.2598423	0.8962406
63	10	0.7381584	0.2598423	0.8962406
63	11	0.7381584	0.2598423	0.8962406
63	12	0.7381584	0.2598423	0.8962406
63	13	0.7381584	0.2598423	0.8962406
63	14	0.7381584	0.2598423	0.8962406
63	15	0.7381584	0.2598423	0.8962406
63	16	0.7381584	0.2598423	0.8962406
63	17	0.7381584	0.2598423	0.8962406
63	18	0.7381584	0.2598423	0.8962406
63	19	0.7381584	0.2598423	0.8962406
63	20	0.7381584	0.2598423	0.8962406
63	21	0.7381584	0.2598423	0.8962406
63	22	0.7381584	0.2598423	0.8962406
63	23	0.7381584	0.2598423	0.8962406
63	24	0.7381584	0.2598423	0.8962406
63	25	0.7381584	0.2598423	0.8962406
63	26	0.2414365	0.4962691	0.01712934
63	27	0.2414365	0.4962691	0.01712934
63	28	0.2245940	0.5012019	0.01787974
63	30	-0.3194394	0.6042372	0.6000366
67	1	0.6069222	0.2881967	1.001995
67	2	0.6069222	0.2881967	1.001995
67	3	0.6069222	0.2881967	1.001995
67	4	0.6069222	0.2881967	1.001995
67	5	0.6069222	0.2881967	1.001995
67	6	0.6069222	0.2881967	1.001995
67	7	0.6069222	0.2881967	1.001995
67	8	0.6069222	0.2881967	1.001995
67	9	0.6069222	0.2881967	1.001995
67	10	0.6069222	0.2881967	1.001995
67	11	0.6069222	0.2881967	1.001995
67	12	0.6069222	0.2881967	1.001995
67	13	0.6069222	0.2881967	1.001995
67	14	0.6069222	0.2881967	1.001995
67	15	0.6069222	0.2881967	1.001995
67	16	0.6069222	0.2881967	1.001995
67	17	0.6069222	0.2881967	1.001995
67	18	0.6069222	0.2881967	1.001995
67	19	0.6069222	0.2881967	1.001995
67	20	0.6069222	0.2881967	1.001995
67	21	0.6069222	0.2881967	1.001995
67	22	0.6069222	0.2881967	1.001995
67	23	0.6069222	0.2881967	1.001995
67	24	0.6069222	0.2881967	1.001995
67	25	0.6069222	0.2881967	1.001995
67	26	0.3202336	0.4741688	0.003928601
67	27	0.3202336	0.4741688	0.003928601
67	28	0.3025424	0.4794391	0.003835927
67	29	-0.2687102	0.6026207	0.4665631
68	1	0.6069222	0.2881967	1.001995
68	2	0.6069222	0.2881967	1.001995
68	3	0.6069222	0.2881967	1.001995
68	4	0.6069222	0.2881967	1.001995
68	5	0.6069222	0.2881967	1.001995
68	6	0.6069222	0.2881967	1.001995
68	7	0.6069222	0.2881967	1.001995
68	8	0.6069222	0.2881967	1.001995
68	9	0.6069222	0.2881967	1.001995
68	10	0.6069222	0.2881967	1.001995
68	11	0.6069222	0.2881967	1.001995
68	12	0.6069222	0.2881967	1.001995
68	13	0.6069222	0.2881967	1.001995
68	14	0.6069222	0.2881967	1.001995
68	15	0.6069222	0.2881967	1.001995
68	16	0.6069222	0.2881967	1.001995
68	17	0.6069222	0.2881967	1.001995
68	18	0.6069222	0.2881967	1.001995
68	19	0.6069222	0.2881967	1.001995
68	20	0.6069222	0.2881967	1.001995
68	21	0.6069222	0.2881967	1.001995
68	22	0.6069222	0.2881967	1.001995
68	23	0.6069222	0.2881967	1.001995
68	24	0.6069222	0.2881967	1.001995
68	25	0.6069222	0.2881967	1.001995
68	26	0.3202336	0.4741688	0.003928601
68	27	0.3202336	0.4741688	0.003928601
68	28	0.3025424	0.4794391	0.003835927
68	29	-0.2687102	0.6026207	0.4665631
69	1	0.6069222	0.2881967	1.001995
69	2	0.6069222	0.2881967	1.001995
69	3	0.6069222	0.2881967	1.001995
69	4	0.6069222	0.2881967	1.001995
69	5	0.6069222	0.2881967	1.001995
69	6	0.6069222	0.2881967	1.001995
69	7	0.6069222	0.2881967	1.001995
69	8	0.6069222	0.2881967	1.001995
69	9	0.6069222	0.2881967	1.001995
69	10	0.6069222	0.2881967	1.001995
69	11	0.6069222	0.2881967	1.001995
69	12	0.6069222	0.2881967	1.001995
69	13	0.6069222	0.2881967	1.001995
69	14	0.6069222	0.2881967	1.001995
69	15	0.6069222	0.2881967	1.001995
69	16	0.6069222	0.2881967	1.001995
69	17	0.6069222	0.2881967	1.001995
69	18	0.6069222	0.2881967	1.001995
69	19	0.6069222	0.2881967	1.001995
69	20	0.6069222	0.2881967	1.001995
69	21	0.6069222	0.2881967	1.001995
69	22	0.6069222	0.2881967	1.001995
69	23	0.6069222	0.2881967	1.001995
69	24	0.6069222	0.2881967	1.001995
69	25	0.6069222	0.2881967	1.001995
69	26	0.3202336	0.4741688	0.003928601
69	27	0.3202336	0.4741688	0.003928601
69	28	0.3025424	0.4794391	0.003835927
69	29	-0.2687102	0.6026207	0.4665631
70	1	0.5863653	0.2920891	1.024002
70	2	0.5863653	0.2920891	1.024002
70	3	0.5863653	0.2920891	1.024002
70	4	0.5863653	0.2920891	1.024002
70	5	0.5863653	0.2920891	1.024002
70	6	0.5863653	0.2920891	1.024002
70	7	0.5863653	0.2920891	1.024002
70	8	0.5863653	0.2920891	1.024002
70	9	0.5863653	0.2920891	1.024002
70	10	0.5863653	0.2920891	1.024002
70	11	0.5863653	0.2920891	1.024002
70	12	0.5863653	0.2920891	1.024002
70	13	0.5863653	0.2920891	1.024002
70	14	0.5863653	0.2920891	1.024002
70	15	0.5863653	0.2920891	1.024002
70	16	0.5863653	0.2920891	1.024002
70	17	0.5863653	0.2920891	1.024002
70	18	0.5863653	0.2920891	1.024002
70	19	0.5863653	0.2920891	1.024002
70	20	0.5863653	0.2920891	1.024002
70	21	0.5863653	0.2920891	1.024002
70	22	0.5863653	0.2920891	1.024002
70	23	0.5863653	0.2920891	1.024002
70	24	0.5863653	0.2920891	1.024002
70	25	0.5863653	0.2920891	1.024002
70	26	0.478836	0.4279263	-0.005207688
70	27	0.478836	0.4279263	-0.005207688
70	28	0.4600006	0.4336514	-0.006435855
70	29	-0.1769944	0.5931282	0.2903568
70	30	-0.1769944	0.5931282	0.2903568
71	1	0.5863653	0.2920891	1.024002
71	2	0.5863653	0.2920891	1.024002
71	3	0.5863653	0.2920891	1.024002
71	4	0.5863653	0.2920891	1.024002
71	5	0.5863653	0.2920891	1.024002
71	6	0.5863653	0.2920891	1.024002
71	7	0.5863653	0.2920891	1.024002
71	8	0.5863653	0.2920891	1.024002
71	9	0.5863653	0.2920891	1.024002
71	10	0.5863653	0.2920891	1.024002
71	11	0.5863653	0.2920891	1.024002
71	12	0.5863653	0.2920891	1.024002
71	13	0.5863653	0.2920891	1.024002
71	14	0.5863653	0.2920891	1.024002
71	15	0.5863653	0.2920891	1.024002
71	16	0.5863653	0.2920891	1.024002
71	17	0.5863653	0.2920891	1.024002
71	18	0.5863653	0.2920891	1.024002
71	19	0.5863653	0.2920891	1.024002
71	20	0.5863653	0.2920891	1.024002
71	21	0.5863653	0.2920891	1.024002
71	22	0.5863653	0.2920891	1.024002
71	23	0.5863653	0.2920891	1.024002
71	24	0.5863653	0.2920891	1.024002
71	25	0.5863653	0.2920891	1.024002
71	26	0.478836	0.4279263	-0.005207688
71	27	0.478836	0.4279263	-0.005207688
71	28	0.4600006	0.4336514	-0.006435855
71	29	-0.1769944	0.5931282	0.2903568
71	30	-0.1769944	0.5931282	0.2903568
72	1	0.5863653	0.2920891	1.024002
72	2	0.5863653	0.2920891	1.024002
72	3	0.5863653	0.2920891	1.024002
72	4	0.5863653	0.2920891	1.024002
72	5	0.5863653	0.2920891	1.024002
72	6	0.5863653	0.2920891	1.024002
72	7	0.5863653	0.2920891	1.024002
72	8	0.5863653	0.2920891	1.024002
72	9	0.5863653	0.2920891	1.024002
72	10	0.5863653	0.2920891	1.024002
72	11	0.5863653	0.2920891	1.024002
72	12	0.5863653	0.2920891	1.024002
72	13	0.5863653	0.2920891	1.024002
72	14	0.5863653	0.2920891	1.024002
72	15	0.5863653	0.2920891	1.024002
72	16	0.5863653	0.2920891	1.024002
72	17	0.5863653	0.2920891	1.024002
72	18	0.5863653	0.2920891	1.024002
72	19	0.5863653	0.2920891	1.024002
72	20	0.5863653	0.2920891	1.024002
72	21	0.5863653	0.2920891	1.024002
72	22	0.5863653	0.2920891	1.024002
72	23	0.5863653	0.2920891	1.024002
72	24	0.5863653	0.2920891	1.024002
72	25	0.5863653	0.2920891	1.024002
72	26	0.478836	0.4279263	-0.005207688
72	27	0.478836	0.4279263	-0.005207688
72	28	0.4600006	0.4336514	-0.006435855
72	29	-0.1769944	0.5931282	0.2903568
72	30	-0.1769944	0.5931282	0.2903568
73	1	0.5863653	0.2920891	1.024002
73	2	0.5863653	0.2920891	1.024002
73	3	0.5863653	0.2920891	1.024002
73	4	0.5863653	0.2920891	1.024002
73	5	0.5863653	0.2920891	1.024002
73	6	0.5863653	0.2920891	1.024002
73	7	0.5863653	0.2920891	1.024002
73	8	0.5863653	0.2920891	1.024002
73	9	0.5863653	0.2920891	1.024002
73	10	0.5863653	0.2920891	1.024002
73	11	0.5863653	0.2920891	1.024002
73	12	0.5863653	0.2920891	1.024002
73	13	0.5863653	0.2920891	1.024002
73	14	0.5863653	0.2920891	1.024002
73	15	0.5863653	0.2920891	1.024002
73	16	0.5863653	0.2920891	1.024002
73	17	0.5863653	0.2920891	1.024002
73	18	0.5863653	0.2920891	1.024002
73	19	0.5863653	0.2920891	1.024002
73	20	0.5863653	0.2920891	1.024002
73	21	0.5863653	0.2920891	1.024002
73	22	0.5863653	0.2920891	1.024002
73	23	0.5863653	0.2920891	1.024002
73	24	0.5863653	0.2920891	1.024002
73	25	0.5863653	0.2920891	1.024002
73	26	0.478836	0.4279263	-0.005207688
73	27	0.478836	0.4279263	-0.005207688
73	28	0.4600006	0.4336514	-0.006435855
73	29	-0.1769944	0.5931282	0.2903568
73	30	-0.1769944	0.5931282	0.2903568
74	28	1.260682	0.1522954	0.4221786
74	29	-0.1774471	0.5824525	0.3974819
75	28	1.260682	0.1522954	0.4221786
75	29	-0.1774471	0.5824525	0.3974819
76	28	1.260682	0.1522954	0.4221786
76	29	-0.1774471	0.5824525	0.3974819
84	1	1.136167	0.1908300	0.4072449
84	2	1.136167	0.1908300	0.4072449
84	3	1.136167	0.1908300	0.4072449
84	4	1.136167	0.1908300	0.4072449
84	5	1.136167	0.1908300	0.4072449
84	6	1.136167	0.1908300	0.4072449
84	7	1.136167	0.1908300	0.4072449
84	8	1.136167	0.1908300	0.4072449
84	9	1.136167	0.1908300	0.4072449
84	10	1.136167	0.1908300	0.4072449
84	11	1.136167	0.1908300	0.4072449
84	12	1.136167	0.1908300	0.4072449
84	13	1.136167	0.1908300	0.4072449
84	14	1.136167	0.1908300	0.4072449
84	15	1.136167	0.1908300	0.4072449
84	16	1.136167	0.1908300	0.4072449
84	17	1.136167	0.1908300	0.4072449
84	18	1.136167	0.1908300	0.4072449
84	19	1.136167	0.1908300	0.4072449
84	20	1.136167	0.1908300	0.4072449
84	21	1.136167	0.1908300	0.4072449
84	22	1.136167	0.1908300	0.4072449
84	23	1.136167	0.1908300	0.4072449
84	24	1.136167	0.1908300	0.4072449
84	25	1.136167	0.1908300	0.4072449
84	26	1.136167	0.1908300	0.4072449
84	27	1.136167	0.1908300	0.4072449
84	28	0.5911506	0.2935008	0.9959113
84	29	1.136167	0.1908300	0.4072449
84	30	-0.2365845	0.6013683	0.384304
85	1	1.136167	0.1908300	0.4072449
85	2	1.136167	0.1908300	0.4072449
85	3	1.136167	0.1908300	0.4072449
85	4	1.136167	0.1908300	0.4072449
85	5	1.136167	0.1908300	0.4072449
85	6	1.136167	0.1908300	0.4072449
85	7	1.136167	0.1908300	0.4072449
85	8	1.136167	0.1908300	0.4072449
85	9	1.136167	0.1908300	0.4072449
85	10	1.136167	0.1908300	0.4072449
85	11	1.136167	0.1908300	0.4072449
85	12	1.136167	0.1908300	0.4072449
85	13	1.136167	0.1908300	0.4072449
85	14	1.136167	0.1908300	0.4072449
85	15	1.136167	0.1908300	0.4072449
85	16	1.136167	0.1908300	0.4072449
85	17	1.136167	0.1908300	0.4072449
85	18	1.136167	0.1908300	0.4072449
85	19	1.136167	0.1908300	0.4072449
85	20	1.136167	0.1908300	0.4072449
85	21	1.136167	0.1908300	0.4072449
85	22	1.136167	0.1908300	0.4072449
85	23	1.136167	0.1908300	0.4072449
85	24	1.136167	0.1908300	0.4072449
85	25	1.136167	0.1908300	0.4072449
85	26	1.136167	0.1908300	0.4072449
85	27	1.136167	0.1908300	0.4072449
85	28	0.5911506	0.2935008	0.9959113
85	29	1.136167	0.1908300	0.4072449
85	30	-0.2365845	0.6013683	0.384304
86	1	1.136167	0.1908300	0.4072449
86	2	1.136167	0.1908300	0.4072449
86	3	1.136167	0.1908300	0.4072449
86	4	1.136167	0.1908300	0.4072449
86	5	1.136167	0.1908300	0.4072449
86	6	1.136167	0.1908300	0.4072449
86	7	1.136167	0.1908300	0.4072449
86	8	1.136167	0.1908300	0.4072449
86	9	1.136167	0.1908300	0.4072449
86	10	1.136167	0.1908300	0.4072449
86	11	1.136167	0.1908300	0.4072449
86	12	1.136167	0.1908300	0.4072449
86	13	1.136167	0.1908300	0.4072449
86	14	1.136167	0.1908300	0.4072449
86	15	1.136167	0.1908300	0.4072449
86	16	1.136167	0.1908300	0.4072449
86	17	1.136167	0.1908300	0.4072449
86	18	1.136167	0.1908300	0.4072449
86	19	1.136167	0.1908300	0.4072449
86	20	1.136167	0.1908300	0.4072449
86	21	1.136167	0.1908300	0.4072449
86	22	1.136167	0.1908300	0.4072449
86	23	1.136167	0.1908300	0.4072449
86	24	1.136167	0.1908300	0.4072449
86	25	1.136167	0.1908300	0.4072449
86	26	1.136167	0.1908300	0.4072449
86	27	1.136167	0.1908300	0.4072449
86	28	0.5911506	0.2935008	0.9959113
86	29	1.136167	0.1908300	0.4072449
86	30	-0.2365845	0.6013683	0.384304
87	1	1.136167	0.1908300	0.4072449
87	2	1.136167	0.1908300	0.4072449
87	3	1.136167	0.1908300	0.4072449
87	4	1.136167	0.1908300	0.4072449
87	5	1.136167	0.1908300	0.4072449
87	6	1.136167	0.1908300	0.4072449
87	7	1.136167	0.1908300	0.4072449
87	8	1.136167	0.1908300	0.4072449
87	9	1.136167	0.1908300	0.4072449
87	10	1.136167	0.1908300	0.4072449
87	11	1.136167	0.1908300	0.4072449
87	12	1.136167	0.1908300	0.4072449
87	13	1.136167	0.1908300	0.4072449
87	14	1.136167	0.1908300	0.4072449
87	15	1.136167	0.1908300	0.4072449
87	16	1.136167	0.1908300	0.4072449
87	17	1.136167	0.1908300	0.4072449
87	18	1.136167	0.1908300	0.4072449
87	19	1.136167	0.1908300	0.4072449
87	20	1.136167	0.1908300	0.4072449
87	21	1.136167	0.1908300	0.4072449
87	22	1.136167	0.1908300	0.4072449
87	23	1.136167	0.1908300	0.4072449
87	24	1.136167	0.1908300	0.4072449
87	25	1.136167	0.1908300	0.4072449
87	26	1.136167	0.1908300	0.4072449
87	27	1.136167	0.1908300	0.4072449
87	28	0.5911506	0.2935008	0.9959113
87	29	1.136167	0.1908300	0.4072449
87	30	-0.2365845	0.6013683	0.384304
88	1	1.136167	0.1908300	0.4072449
88	2	1.136167	0.1908300	0.4072449
88	3	1.136167	0.1908300	0.4072449
88	4	1.136167	0.1908300	0.4072449
88	5	1.136167	0.1908300	0.4072449
88	6	1.136167	0.1908300	0.4072449
88	7	1.136167	0.1908300	0.4072449
88	8	1.136167	0.1908300	0.4072449
88	9	1.136167	0.1908300	0.4072449
88	10	1.136167	0.1908300	0.4072449
88	11	1.136167	0.1908300	0.4072449
88	12	1.136167	0.1908300	0.4072449
88	13	1.136167	0.1908300	0.4072449
88	14	1.136167	0.1908300	0.4072449
88	15	1.136167	0.1908300	0.4072449
88	16	1.136167	0.1908300	0.4072449
88	17	1.136167	0.1908300	0.4072449
88	18	1.136167	0.1908300	0.4072449
88	19	1.136167	0.1908300	0.4072449
88	20	1.136167	0.1908300	0.4072449
88	21	1.136167	0.1908300	0.4072449
88	22	1.136167	0.1908300	0.4072449
88	23	1.136167	0.1908300	0.4072449
88	24	1.136167	0.1908300	0.4072449
88	25	1.136167	0.1908300	0.4072449
88	26	1.136167	0.1908300	0.4072449
88	27	1.136167	0.1908300	0.4072449
88	28	0.5911506	0.2935008	0.9959113
88	29	1.136167	0.1908300	0.4072449
88	30	-0.2365845	0.6013683	0.384304
89	1	1.155080	0.1954475	0.3057536
89	2	1.155080	0.1954475	0.3057534
89	3	1.155080	0.1954475	0.3057536
89	4	1.155080	0.1954475	0.3057536
89	5	1.155080	0.1954475	0.3057536
89	6	1.155080	0.1954475	0.3057536
89	7	1.155080	0.1954475	0.3057536
89	8	1.155080	0.1954475	0.3057536
89	9	1.155080	0.1954475	0.3057536
89	10	1.155080	0.1954475	0.3057536
89	11	1.155080	0.1954475	0.3057536
89	12	1.155080	0.1954475	0.3057536
89	13	1.155080	0.1954475	0.3057536
89	14	1.155080	0.1954475	0.3057536
89	15	1.155080	0.1954475	0.3057536
89	16	1.155080	0.1954475	0.3057536
89	17	1.155080	0.1954475	0.3057536
89	18	1.155080	0.1954475	0.3057536
89	19	1.155080	0.1954475	0.3057536
89	20	1.155080	0.1954475	0.3057536
89	21	1.155080	0.1954475	0.3057536
89	22	1.155080	0.1954475	0.3057536
89	23	1.155080	0.1954475	0.3057536
89	24	1.155080	0.1954475	0.3057536
89	25	1.155080	0.1954475	0.3057536
89	26	1.155080	0.1954475	0.3057536
89	27	1.155080	0.1954475	0.3057536
89	28	-0.1682411	0.5657187	0.5361768
89	29	1.155080	0.1954475	0.3057536
89	30	1.155080	0.1954475	0.3057536
90	1	1.120904	0.1941041	0.4197782
90	2	1.120904	0.1941041	0.4197782
90	3	1.120904	0.1941041	0.4197782
90	4	1.120904	0.1941041	0.4197782
90	5	1.120904	0.1941041	0.4197782
90	6	1.120904	0.1941041	0.4197782
90	7	1.120904	0.1941041	0.4197782
90	8	1.120904	0.1941041	0.4197782
90	9	1.120904	0.1941041	0.4197782
90	10	1.120904	0.1941041	0.4197782
90	11	1.120904	0.1941041	0.4197782
90	12	1.120904	0.1941041	0.4197782
90	13	1.120904	0.1941041	0.4197782
90	14	1.120904	0.1941041	0.4197782
90	15	1.120904	0.1941041	0.4197782
90	16	1.120904	0.1941041	0.4197782
90	17	1.120904	0.1941041	0.4197782
90	18	1.120904	0.1941041	0.4197782
90	19	1.120904	0.1941041	0.4197782
90	20	1.120904	0.1941041	0.4197782
90	21	1.120904	0.1941041	0.4197782
90	22	1.120904	0.1941041	0.4197782
90	23	1.120904	0.1941041	0.4197782
90	24	1.120904	0.1941041	0.4197782
90	25	1.120904	0.1941041	0.4197782
90	26	1.120904	0.1941041	0.4197782
90	27	1.120904	0.1941041	0.4197782
90	29	1.120904	0.1941041	0.4197782
90	30	1.120904	0.1941041	0.4197782
91	1	1.120904	0.1941041	0.4197782
91	2	1.120904	0.1941041	0.4197782
91	3	1.120904	0.1941041	0.4197782
91	4	1.120904	0.1941041	0.4197782
91	5	1.120904	0.1941041	0.4197782
91	6	1.120904	0.1941041	0.4197782
91	7	1.120904	0.1941041	0.4197782
91	8	1.120904	0.1941041	0.4197782
91	9	1.120904	0.1941041	0.4197782
91	10	1.120904	0.1941041	0.4197782
91	11	1.120904	0.1941041	0.4197782
91	12	1.120904	0.1941041	0.4197782
91	13	1.120904	0.1941041	0.4197782
91	14	1.120904	0.1941041	0.4197782
91	15	1.120904	0.1941041	0.4197782
91	16	1.120904	0.1941041	0.4197782
91	17	1.120904	0.1941041	0.4197782
91	18	1.120904	0.1941041	0.4197782
91	19	1.120904	0.1941041	0.4197782
91	20	1.120904	0.1941041	0.4197782
91	21	1.120904	0.1941041	0.4197782
91	22	1.120904	0.1941041	0.4197782
91	23	1.120904	0.1941041	0.4197782
91	24	1.120904	0.1941041	0.4197782
91	25	1.120904	0.1941041	0.4197782
91	26	1.120904	0.1941041	0.4197782
91	27	1.120904	0.1941041	0.4197782
91	29	1.120904	0.1941041	0.4197782
91	30	1.120904	0.1941041	0.4197782
92	1	1.120904	0.1941041	0.4197782
92	2	1.120904	0.1941041	0.4197782
92	3	1.120904	0.1941041	0.4197782
92	4	1.120904	0.1941041	0.4197782
92	5	1.120904	0.1941041	0.4197782
92	6	1.120904	0.1941041	0.4197782
92	7	1.120904	0.1941041	0.4197782
92	8	1.120904	0.1941041	0.4197782
92	9	1.120904	0.1941041	0.4197782
92	10	1.120904	0.1941041	0.4197782
92	11	1.120904	0.1941041	0.4197782
92	12	1.120904	0.1941041	0.4197782
92	13	1.120904	0.1941041	0.4197782
92	14	1.120904	0.1941041	0.4197782
92	15	1.120904	0.1941041	0.4197782
92	16	1.120904	0.1941041	0.4197782
92	17	1.120904	0.1941041	0.4197782
92	18	1.120904	0.1941041	0.4197782
92	19	1.120904	0.1941041	0.4197782
92	20	1.120904	0.1941041	0.4197782
92	21	1.120904	0.1941041	0.4197782
92	22	1.120904	0.1941041	0.4197782
92	23	1.120904	0.1941041	0.4197782
92	24	1.120904	0.1941041	0.4197782
92	25	1.120904	0.1941041	0.4197782
92	26	1.120904	0.1941041	0.4197782
92	27	1.120904	0.1941041	0.4197782
92	29	1.120904	0.1941041	0.4197782
92	30	1.120904	0.1941041	0.4197782
93	1	1.120904	0.1941041	0.4197782
93	2	1.120904	0.1941041	0.4197782
93	3	1.120904	0.1941041	0.4197782
93	4	1.120904	0.1941041	0.4197782
93	5	1.120904	0.1941041	0.4197782
93	6	1.120904	0.1941041	0.4197782
93	7	1.120904	0.1941041	0.4197782
93	8	1.120904	0.1941041	0.4197782
93	9	1.120904	0.1941041	0.4197782
93	10	1.120904	0.1941041	0.4197782
93	11	1.120904	0.1941041	0.4197782
93	12	1.120904	0.1941041	0.4197782
93	13	1.120904	0.1941041	0.4197782
93	14	1.120904	0.1941041	0.4197782
93	15	1.120904	0.1941041	0.4197782
93	16	1.120904	0.1941041	0.4197782
93	17	1.120904	0.1941041	0.4197782
93	18	1.120904	0.1941041	0.4197782
93	19	1.120904	0.1941041	0.4197782
93	20	1.120904	0.1941041	0.4197782
93	21	1.120904	0.1941041	0.4197782
93	22	1.120904	0.1941041	0.4197782
93	23	1.120904	0.1941041	0.4197782
93	24	1.120904	0.1941041	0.4197782
93	25	1.120904	0.1941041	0.4197782
93	26	1.120904	0.1941041	0.4197782
93	27	1.120904	0.1941041	0.4197782
93	29	1.120904	0.1941041	0.4197782
93	30	1.120904	0.1941041	0.4197782
94	1	1.120904	0.1941041	0.4197782
94	2	1.120904	0.1941041	0.4197782
94	3	1.120904	0.1941041	0.4197782
94	4	1.120904	0.1941041	0.4197782
94	5	1.120904	0.1941041	0.4197782
94	6	1.120904	0.1941041	0.4197782
94	7	1.120904	0.1941041	0.4197782
94	8	1.120904	0.1941041	0.4197782
94	9	1.120904	0.1941041	0.4197782
94	10	1.120904	0.1941041	0.4197782
94	11	1.120904	0.1941041	0.4197782
94	12	1.120904	0.1941041	0.4197782
94	13	1.120904	0.1941041	0.4197782
94	14	1.120904	0.1941041	0.4197782
94	15	1.120904	0.1941041	0.4197782
94	16	1.120904	0.1941041	0.4197782
94	17	1.120904	0.1941041	0.4197782
94	18	1.120904	0.1941041	0.4197782
94	19	1.120904	0.1941041	0.4197782
94	20	1.120904	0.1941041	0.4197782
94	21	1.120904	0.1941041	0.4197782
94	22	1.120904	0.1941041	0.4197782
94	23	1.120904	0.1941041	0.4197782
94	24	1.120904	0.1941041	0.4197782
94	25	1.120904	0.1941041	0.4197782
94	26	1.120904	0.1941041	0.4197782
94	27	1.120904	0.1941041	0.4197782
94	29	1.120904	0.1941041	0.4197782
94	30	1.120904	0.1941041	0.4197782
95	1	1.120904	0.1941041	0.4197782
95	2	1.120904	0.1941041	0.4197782
95	3	1.120904	0.1941041	0.4197782
95	4	1.120904	0.1941041	0.4197782
95	5	1.120904	0.1941041	0.4197782
95	6	1.120904	0.1941041	0.4197782
95	7	1.120904	0.1941041	0.4197782
95	8	1.120904	0.1941041	0.4197782
95	9	1.120904	0.1941041	0.4197782
95	10	1.120904	0.1941041	0.4197782
95	11	1.120904	0.1941041	0.4197782
95	12	1.120904	0.1941041	0.4197782
95	13	1.120904	0.1941041	0.4197782
95	14	1.120904	0.1941041	0.4197782
95	15	1.120904	0.1941041	0.4197782
95	16	1.120904	0.1941041	0.4197782
95	17	1.120904	0.1941041	0.4197782
95	18	1.120904	0.1941041	0.4197782
95	19	1.120904	0.1941041	0.4197782
95	20	1.120904	0.1941041	0.4197782
95	21	1.120904	0.1941041	0.4197782
95	22	1.120904	0.1941041	0.4197782
95	23	1.120904	0.1941041	0.4197782
95	24	1.120904	0.1941041	0.4197782
95	25	1.120904	0.1941041	0.4197782
95	26	1.120904	0.1941041	0.4197782
95	27	1.120904	0.1941041	0.4197782
95	29	1.120904	0.1941041	0.4197782
95	30	1.120904	0.1941041	0.4197782
96	1	1.120904	0.1941041	0.4197782
96	2	1.120904	0.1941041	0.4197782
96	3	1.120904	0.1941041	0.4197782
96	4	1.120904	0.1941041	0.4197782
96	5	1.120904	0.1941041	0.4197782
96	6	1.120904	0.1941041	0.4197782
96	7	1.120904	0.1941041	0.4197782
96	8	1.120904	0.1941041	0.4197782
96	9	1.120904	0.1941041	0.4197782
96	10	1.120904	0.1941041	0.4197782
96	11	1.120904	0.1941041	0.4197782
96	12	1.120904	0.1941041	0.4197782
96	13	1.120904	0.1941041	0.4197782
96	14	1.120904	0.1941041	0.4197782
96	15	1.120904	0.1941041	0.4197782
96	16	1.120904	0.1941041	0.4197782
96	17	1.120904	0.1941041	0.4197782
96	18	1.120904	0.1941041	0.4197782
96	19	1.120904	0.1941041	0.4197782
96	20	1.120904	0.1941041	0.4197782
96	21	1.120904	0.1941041	0.4197782
96	22	1.120904	0.1941041	0.4197782
96	23	1.120904	0.1941041	0.4197782
96	24	1.120904	0.1941041	0.4197782
96	25	1.120904	0.1941041	0.4197782
96	26	1.120904	0.1941041	0.4197782
96	27	1.120904	0.1941041	0.4197782
96	29	1.120904	0.1941041	0.4197782
96	30	1.120904	0.1941041	0.4197782
97	1	1.120904	0.1941041	0.4197782
97	2	1.120904	0.1941041	0.4197782
97	3	1.120904	0.1941041	0.4197782
97	4	1.120904	0.1941041	0.4197782
97	5	1.120904	0.1941041	0.4197782
97	6	1.120904	0.1941041	0.4197782
97	7	1.120904	0.1941041	0.4197782
97	8	1.120904	0.1941041	0.4197782
97	9	1.120904	0.1941041	0.4197782
97	10	1.120904	0.1941041	0.4197782
97	11	1.120904	0.1941041	0.4197782
97	12	1.120904	0.1941041	0.4197782
97	13	1.120904	0.1941041	0.4197782
97	14	1.120904	0.1941041	0.4197782
97	15	1.120904	0.1941041	0.4197782
97	16	1.120904	0.1941041	0.4197782
97	17	1.120904	0.1941041	0.4197782
97	18	1.120904	0.1941041	0.4197782
97	19	1.120904	0.1941041	0.4197782
97	20	1.120904	0.1941041	0.4197782
97	21	1.120904	0.1941041	0.4197782
97	22	1.120904	0.1941041	0.4197782
97	23	1.120904	0.1941041	0.4197782
97	24	1.120904	0.1941041	0.4197782
97	25	1.120904	0.1941041	0.4197782
97	26	1.120904	0.1941041	0.4197782
97	27	1.120904	0.1941041	0.4197782
97	29	1.120904	0.1941041	0.4197782
97	30	1.120904	0.1941041	0.4197782
98	1	1.120904	0.1941041	0.4197782
98	2	1.120904	0.1941041	0.4197782
98	3	1.120904	0.1941041	0.4197782
98	4	1.120904	0.1941041	0.4197782
98	5	1.120904	0.1941041	0.4197782
98	6	1.120904	0.1941041	0.4197782
98	7	1.120904	0.1941041	0.4197782
98	8	1.120904	0.1941041	0.4197782
98	9	1.120904	0.1941041	0.4197782
98	10	1.120904	0.1941041	0.4197782
98	11	1.120904	0.1941041	0.4197782
98	12	1.120904	0.1941041	0.4197782
98	13	1.120904	0.1941041	0.4197782
98	14	1.120904	0.1941041	0.4197782
98	15	1.120904	0.1941041	0.4197782
98	16	1.120904	0.1941041	0.4197782
98	17	1.120904	0.1941041	0.4197782
98	18	1.120904	0.1941041	0.4197782
98	19	1.120904	0.1941041	0.4197782
98	20	1.120904	0.1941041	0.4197782
98	21	1.120904	0.1941041	0.4197782
98	22	1.120904	0.1941041	0.4197782
98	23	1.120904	0.1941041	0.4197782
98	24	1.120904	0.1941041	0.4197782
98	25	1.120904	0.1941041	0.4197782
98	26	1.120904	0.1941041	0.4197782
98	27	1.120904	0.1941041	0.4197782
98	29	1.120904	0.1941041	0.4197782
98	30	1.120904	0.1941041	0.4197782
99	2	1.120904	0.1941041	0.4197782
99	3	1.120904	0.1941041	0.4197782
99	4	1.120904	0.1941041	0.4197782
99	5	1.120904	0.1941041	0.4197782
99	6	1.120904	0.1941041	0.4197782
99	7	1.120904	0.1941041	0.4197782
99	8	1.120904	0.1941041	0.4197782
99	9	1.120904	0.1941041	0.4197782
99	10	1.120904	0.1941041	0.4197782
99	11	1.120904	0.1941041	0.4197782
99	12	1.120904	0.1941041	0.4197782
99	13	1.120904	0.1941041	0.4197782
99	14	1.120904	0.1941041	0.4197782
99	15	1.120904	0.1941041	0.4197782
99	16	1.120904	0.1941041	0.4197782
99	17	1.120904	0.1941041	0.4197782
99	18	1.120904	0.1941041	0.4197782
99	19	1.120904	0.1941041	0.4197782
99	20	1.120904	0.1941041	0.4197782
99	21	1.120904	0.1941041	0.4197782
99	22	1.120904	0.1941041	0.4197782
99	23	1.120904	0.1941041	0.4197782
99	24	1.120904	0.1941041	0.4197782
99	25	1.120904	0.1941041	0.4197782
99	26	1.120904	0.1941041	0.4197782
99	27	1.120904	0.1941041	0.4197782
99	29	1.120904	0.1941041	0.4197782
99	30	1.120904	0.1941041	0.4197782
100	2	1.120904	0.1941041	0.4197782
100	3	1.120904	0.1941041	0.4197782
100	4	1.120904	0.1941041	0.4197782
100	5	1.120904	0.1941041	0.4197782
100	6	1.120904	0.1941041	0.4197782
100	7	1.120904	0.1941041	0.4197782
100	8	1.120904	0.1941041	0.4197782
100	9	1.120904	0.1941041	0.4197782
100	10	1.120904	0.1941041	0.4197782
100	11	1.120904	0.1941041	0.4197782
100	12	1.120904	0.1941041	0.4197782
100	13	1.120904	0.1941041	0.4197782
100	14	1.120904	0.1941041	0.4197782
100	15	1.120904	0.1941041	0.4197782
100	16	1.120904	0.1941041	0.4197782
100	17	1.120904	0.1941041	0.4197782
100	18	1.120904	0.1941041	0.4197782
100	19	1.120904	0.1941041	0.4197782
100	20	1.120904	0.1941041	0.4197782
100	21	1.120904	0.1941041	0.4197782
100	22	1.120904	0.1941041	0.4197782
100	23	1.120904	0.1941041	0.4197782
100	24	1.120904	0.1941041	0.4197782
100	25	1.120904	0.1941041	0.4197782
100	26	1.120904	0.1941041	0.4197782
100	27	1.120904	0.1941041	0.4197782
100	29	1.120904	0.1941041	0.4197782
100	30	1.120904	0.1941041	0.4197782
101	2	1.120904	0.1941041	0.4197782
101	3	1.120904	0.1941041	0.4197782
101	4	1.120904	0.1941041	0.4197782
101	5	1.120904	0.1941041	0.4197782
101	6	1.120904	0.1941041	0.4197782
101	7	1.120904	0.1941041	0.4197782
101	8	1.120904	0.1941041	0.4197782
101	9	1.120904	0.1941041	0.4197782
101	10	1.120904	0.1941041	0.4197782
101	11	1.120904	0.1941041	0.4197782
101	12	1.120904	0.1941041	0.4197782
101	13	1.120904	0.1941041	0.4197782
101	14	1.120904	0.1941041	0.4197782
101	15	1.120904	0.1941041	0.4197782
101	16	1.120904	0.1941041	0.4197782
101	17	1.120904	0.1941041	0.4197782
101	18	1.120904	0.1941041	0.4197782
101	19	1.120904	0.1941041	0.4197782
101	20	1.120904	0.1941041	0.4197782
101	21	1.120904	0.1941041	0.4197782
101	22	1.120904	0.1941041	0.4197782
101	23	1.120904	0.1941041	0.4197782
101	24	1.120904	0.1941041	0.4197782
101	25	1.120904	0.1941041	0.4197782
101	26	1.120904	0.1941041	0.4197782
101	27	1.120904	0.1941041	0.4197782
101	29	1.120904	0.1941041	0.4197782
101	30	1.120904	0.1941041	0.4197782
