1	1	-0.1551758	0.575791	0.3978644
1	2	-0.1551758	0.575791	0.3978644
1	3	-0.1551758	0.575791	0.3978644
1	4	1.408068	0.108211	0.4247096
2	1	-0.1551758	0.575791	0.3978644
2	2	-0.1551758	0.575791	0.3978644
2	3	-0.1551758	0.575791	0.3978644
2	4	1.408068	0.108211	0.4247096
3	1	-0.1551758	0.575791	0.3978644
3	2	-0.1551758	0.575791	0.3978644
3	3	-0.1551758	0.575791	0.3978644
3	4	1.408068	0.108211	0.4247096
4	1	1.120904	0.1941041	0.4197782
4	2	1.120904	0.1941041	0.4197782
4	3	1.120904	0.1941041	0.4197782
5	1	1.120904	0.1941041	0.4197782
5	2	1.120904	0.1941041	0.4197782
5	3	1.120904	0.1941041	0.4197782
6	1	1.120904	0.1941041	0.4197782
6	2	1.120904	0.1941041	0.4197782
6	3	1.120904	0.1941041	0.4197782
7	1	1.120904	0.1941041	0.4197782
7	2	1.120904	0.1941041	0.4197782
7	3	1.120904	0.1941041	0.4197782
8	1	1.120904	0.1941041	0.4197782
8	2	1.120904	0.1941041	0.4197782
8	3	1.120904	0.1941041	0.4197782
9	1	1.120904	0.1941041	0.4197782
9	2	1.120904	0.1941041	0.4197782
9	3	1.120904	0.1941041	0.4197782
10	1	1.120904	0.1941041	0.4197782
10	2	1.120904	0.1941041	0.4197782
10	3	1.120904	0.1941041	0.4197782
11	1	1.120904	0.1941041	0.4197782
11	2	1.120904	0.1941041	0.4197782
11	3	1.120904	0.1941041	0.4197782
12	1	1.120904	0.1941041	0.4197782
12	2	1.120904	0.1941041	0.4197782
12	3	1.120904	0.1941041	0.4197782
30	1	1.120904	0.1941041	0.4197782
30	2	1.120904	0.1941041	0.4197782
30	3	1.120904	0.1941041	0.4197782
30	4	1.120904	0.1941041	0.4197782
31	1	1.120904	0.1941041	0.4197782
31	2	1.120904	0.1941041	0.4197782
31	3	1.120904	0.1941041	0.4197782
31	4	1.120904	0.1941041	0.4197782
32	1	1.120904	0.1941041	0.4197782
32	2	1.120904	0.1941041	0.4197782
32	3	1.120904	0.1941041	0.4197782
32	4	1.120904	0.1941041	0.4197782
33	1	1.120904	0.1941041	0.4197782
33	2	1.120904	0.1941041	0.4197782
33	3	1.120904	0.1941041	0.4197782
33	4	1.120904	0.1941041	0.4197782
34	1	1.120904	0.1941041	0.4197782
34	2	1.120904	0.1941041	0.4197782
34	3	1.120904	0.1941041	0.4197782
34	4	1.120904	0.1941041	0.4197782
35	1	1.120904	0.1941041	0.4197782
35	2	1.120904	0.1941041	0.4197782
35	3	1.120904	0.1941041	0.4197782
35	4	1.120904	0.1941041	0.4197782
36	1	1.120904	0.1941041	0.4197782
36	2	1.120904	0.1941041	0.4197782
36	3	1.120904	0.1941041	0.4197782
36	4	1.120904	0.1941041	0.4197782
37	1	1.120904	0.1941041	0.4197782
37	2	1.120904	0.1941041	0.4197782
37	3	1.120904	0.1941041	0.4197782
37	4	1.120904	0.1941041	0.4197782
50	1	1.120904	0.1941041	0.4197782
50	2	1.120904	0.1941041	0.4197782
50	3	1.120904	0.1941041	0.4197782
50	4	1.120904	0.1941041	0.4197782
51	1	1.120904	0.1941041	0.4197782
51	2	1.120904	0.1941041	0.4197782
51	3	1.120904	0.1941041	0.4197782
51	4	1.120904	0.1941041	0.4197782
52	1	1.120904	0.1941041	0.4197782
52	2	1.120904	0.1941041	0.4197782
52	3	1.120904	0.1941041	0.4197782
52	4	1.120904	0.1941041	0.4197782
53	1	1.120904	0.1941041	0.4197782
53	2	1.120904	0.1941041	0.4197782
53	3	1.120904	0.1941041	0.4197782
53	4	1.120904	0.1941041	0.4197782
54	1	1.120904	0.1941041	0.4197782
54	2	1.120904	0.1941041	0.4197782
54	3	1.120904	0.1941041	0.4197782
54	4	1.120904	0.1941041	0.4197782
55	1	1.120904	0.1941041	0.4197782
55	2	1.120904	0.1941041	0.4197782
55	3	1.120904	0.1941041	0.4197782
55	4	1.120904	0.1941041	0.4197782
56	1	1.120904	0.1941041	0.4197782
56	2	1.120904	0.1941041	0.4197782
56	3	1.120904	0.1941041	0.4197782
56	4	1.120904	0.1941041	0.4197782
57	1	1.120904	0.1941041	0.4197782
57	2	1.120904	0.1941041	0.4197782
57	3	1.120904	0.1941041	0.4197782
57	4	1.120904	0.1941041	0.4197782
58	1	1.120904	0.1941041	0.4197782
58	2	1.120904	0.1941041	0.4197782
58	3	1.120904	0.1941041	0.4197782
58	4	1.120904	0.1941041	0.4197782
59	1	1.120904	0.1941041	0.4197782
59	2	1.120904	0.1941041	0.4197782
59	3	1.120904	0.1941041	0.4197782
59	4	1.120904	0.1941041	0.4197782
60	1	1.120904	0.1941041	0.4197782
60	2	1.120904	0.1941041	0.4197782
60	4	1.120904	0.1941041	0.4197782
61	1	1.120904	0.1941041	0.4197782
61	2	1.120904	0.1941041	0.4197782
61	4	1.120904	0.1941041	0.4197782
62	1	1.120904	0.1941041	0.4197782
62	2	1.120904	0.1941041	0.4197782
62	4	1.120904	0.1941041	0.4197782
63	1	1.120904	0.1941041	0.4197782
63	2	1.120904	0.1941041	0.4197782
63	4	1.120904	0.1941041	0.4197782
72	1	-0.1551758	0.575791	0.3978644
72	2	-0.1551758	0.575791	0.3978644
72	3	1.408068	0.108211	0.4247096
72	4	-0.1551758	0.575791	0.3978644
73	1	-0.1551758	0.575791	0.3978644
73	2	-0.1551758	0.575791	0.3978644
73	3	1.408068	0.108211	0.4247096
73	4	-0.1551758	0.575791	0.3978644
74	1	-0.1551758	0.575791	0.3978644
74	2	-0.1551758	0.575791	0.3978644
74	3	1.408068	0.108211	0.4247096
74	4	-0.1551758	0.575791	0.3978644
75	1	-0.1551758	0.575791	0.3978644
75	2	-0.1551758	0.575791	0.3978644
75	3	1.408068	0.108211	0.4247096
75	4	-0.1551758	0.575791	0.3978644
76	1	-0.1551758	0.575791	0.3978644
76	2	-0.1551758	0.575791	0.3978644
76	3	1.408068	0.108211	0.4247096
76	4	-0.1551758	0.575791	0.3978644
77	1	1.245318	0.1568909	0.4219147
77	3	-0.2283505	0.5976781	0.3966078
77	4	1.245318	0.1568909	0.4219147
78	1	-0.1551758	0.575791	0.3978644
78	2	-0.1551758	0.575791	0.3978644
78	3	1.408068	0.108211	0.4247096
78	4	-0.1551758	0.575791	0.3978644
79	1	-0.1551758	0.575791	0.3978644
79	2	-0.1551758	0.575791	0.3978644
79	3	1.408068	0.108211	0.4247096
79	4	-0.1551758	0.575791	0.3978644
80	1	-0.1551758	0.575791	0.3978644
80	2	-0.1551758	0.575791	0.3978644
80	3	1.408068	0.108211	0.4247096
80	4	-0.1551758	0.575791	0.3978644
81	1	-0.1551758	0.575791	0.3978644
81	2	-0.1551758	0.575791	0.3978644
81	3	1.408068	0.108211	0.4247096
81	4	-0.1551758	0.575791	0.3978644
82	1	-0.1551758	0.575791	0.3978644
82	2	-0.1551758	0.575791	0.3978644
82	3	1.408068	0.108211	0.4247096
82	4	-0.1551758	0.575791	0.3978644
83	1	-0.1551758	0.575791	0.3978644
83	2	-0.1551758	0.575791	0.3978644
83	3	1.408068	0.108211	0.4247096
83	4	-0.1551758	0.575791	0.3978644
84	1	-0.1551758	0.575791	0.3978644
84	2	-0.1551758	0.575791	0.3978644
84	3	1.408068	0.108211	0.4247096
84	4	-0.1551758	0.575791	0.3978644
85	1	1.120904	0.1941041	0.4197782
85	2	1.120904	0.1941041	0.4197782
85	4	1.120904	0.1941041	0.4197782
86	1	1.120904	0.1941041	0.4197782
86	2	1.120904	0.1941041	0.4197782
86	4	1.120904	0.1941041	0.4197782
87	1	1.213737	0.166337	0.4213724
87	4	-0.1551758	0.575791	0.3978644
88	1	1.309443	0.1377103	0.4230159
88	4	-0.1997335	0.5891185	0.3970992
90	1	-0.1847307	0.584631	0.3973568
90	2	-0.1847307	0.584631	0.3973568
90	3	0.590871	0.269012	1.239408
90	4	1.152246	0.2222179	0.04882295
91	1	-0.1879878	0.5856053	0.3973009
91	2	-0.1879878	0.5856053	0.3973009
91	3	0.617445	0.2626355	1.224286
91	4	1.170187	0.216561	0.05201119
92	1	-0.1879878	0.5856053	0.3973009
92	2	-0.1879878	0.5856053	0.3973009
92	3	0.617445	0.2626355	1.224286
92	4	1.170187	0.216561	0.05201119
93	1	-0.1879878	0.5856053	0.3973009
93	2	-0.1879878	0.5856053	0.3973009
93	3	0.617445	0.2626355	1.224286
93	4	1.170187	0.216561	0.05201119
103	1	1.120904	0.1941041	0.4197782
103	2	1.120904	0.1941041	0.4197782
104	1	1.120904	0.1941041	0.4197782
104	2	1.120904	0.1941041	0.4197782
105	1	1.120904	0.1941041	0.4197782
105	2	1.120904	0.1941041	0.4197782
105	3	1.120904	0.1941041	0.4197782
105	4	1.120904	0.1941041	0.4197782
106	1	1.120904	0.1941041	0.4197782
106	2	1.120904	0.1941041	0.4197782
106	3	1.120904	0.1941041	0.4197782
106	4	1.120904	0.1941041	0.4197782
107	1	1.120904	0.1941041	0.4197782
107	2	1.120904	0.1941041	0.4197782
107	3	1.120904	0.1941041	0.4197782
107	4	1.120904	0.1941041	0.4197782
108	1	1.120904	0.1941041	0.4197782
108	2	1.120904	0.1941041	0.4197782
108	3	1.120904	0.1941041	0.4197782
108	4	1.120904	0.1941041	0.4197782
109	1	1.120904	0.1941041	0.4197782
109	2	1.120904	0.1941041	0.4197782
109	3	1.120904	0.1941041	0.4197782
109	4	1.120904	0.1941041	0.4197782
110	2	1.120904	0.1941041	0.4197782
110	3	1.120904	0.1941041	0.4197782
110	4	1.120904	0.1941041	0.4197782
111	1	1.120904	0.1941041	0.4197782
111	2	1.120904	0.1941041	0.4197782
111	3	1.120904	0.1941041	0.4197782
111	4	1.120904	0.1941041	0.4197782
112	1	1.120904	0.1941041	0.4197782
112	2	1.120904	0.1941041	0.4197782
112	3	1.120904	0.1941041	0.4197782
112	4	1.120904	0.1941041	0.4197782
113	1	1.120904	0.1941041	0.4197782
113	2	1.120904	0.1941041	0.4197782
113	3	1.120904	0.1941041	0.4197782
113	4	1.120904	0.1941041	0.4197782
114	1	1.120904	0.1941041	0.4197782
114	2	1.120904	0.1941041	0.4197782
114	3	1.120904	0.1941041	0.4197782
114	4	1.120904	0.1941041	0.4197782
115	1	-0.1551758	0.575791	0.3978644
115	2	-0.1551758	0.575791	0.3978644
115	3	1.408068	0.108211	0.4247096
115	4	-0.1551758	0.575791	0.3978644
116	1	-0.1551758	0.575791	0.3978644
116	2	-0.1551758	0.575791	0.3978644
116	3	1.408068	0.108211	0.4247096
116	4	-0.1551758	0.575791	0.3978644
117	1	1.120904	0.1941041	0.4197782
117	2	1.120904	0.1941041	0.4197782
117	4	1.120904	0.1941041	0.4197782
118	1	1.120904	0.1941041	0.4197782
118	2	1.120904	0.1941041	0.4197782
118	3	1.120904	0.1941041	0.4197782
118	4	1.120904	0.1941041	0.4197782
119	1	1.120904	0.1941041	0.4197782
119	2	1.120904	0.1941041	0.4197782
119	3	1.120904	0.1941041	0.4197782
119	4	1.120904	0.1941041	0.4197782
129	1	-0.1551758	0.575791	0.3978644
129	2	-0.1551758	0.575791	0.3978644
129	3	-0.1551758	0.575791	0.3978644
129	4	1.408068	0.108211	0.4247096
130	1	-0.1321506	0.5689039	0.3982598
130	2	-0.1321506	0.5689039	0.3982598
130	3	-0.1321506	0.5689039	0.3982598
130	4	1.261228	0.1521319	0.422188
131	1	1.120904	0.1941041	0.4197782
131	2	1.120904	0.1941041	0.4197782
131	3	1.120904	0.1941041	0.4197782
131	4	1.120904	0.1941041	0.4197782
132	1	1.120904	0.1941041	0.4197782
132	2	1.120904	0.1941041	0.4197782
132	3	1.120904	0.1941041	0.4197782
132	4	1.120904	0.1941041	0.4197782
133	1	1.120904	0.1941041	0.4197782
133	2	1.120904	0.1941041	0.4197782
133	3	1.120904	0.1941041	0.4197782
133	4	1.120904	0.1941041	0.4197782
134	1	1.120904	0.1941041	0.4197782
134	2	1.120904	0.1941041	0.4197782
134	3	1.120904	0.1941041	0.4197782
134	4	1.120904	0.1941041	0.4197782
135	1	1.120904	0.1941041	0.4197782
135	2	1.120904	0.1941041	0.4197782
135	3	1.120904	0.1941041	0.4197782
135	4	1.120904	0.1941041	0.4197782
136	1	1.120904	0.1941041	0.4197782
136	2	1.120904	0.1941041	0.4197782
136	3	1.120904	0.1941041	0.4197782
136	4	1.120904	0.1941041	0.4197782
137	1	1.120904	0.1941041	0.4197782
137	2	1.120904	0.1941041	0.4197782
137	3	1.120904	0.1941041	0.4197782
137	4	1.120904	0.1941041	0.4197782
138	1	1.120904	0.1941041	0.4197782
138	2	1.120904	0.1941041	0.4197782
138	3	1.120904	0.1941041	0.4197782
138	4	1.120904	0.1941041	0.4197782
139	1	1.120904	0.1941041	0.4197782
139	2	1.120904	0.1941041	0.4197782
139	3	1.120904	0.1941041	0.4197782
139	4	1.120904	0.1941041	0.4197782
140	1	1.120904	0.1941041	0.4197782
140	2	1.120904	0.1941041	0.4197782
140	3	1.120904	0.1941041	0.4197782
140	4	1.120904	0.1941041	0.4197782
141	1	1.120904	0.1941041	0.4197782
141	2	1.120904	0.1941041	0.4197782
141	3	1.120904	0.1941041	0.4197782
141	4	1.120904	0.1941041	0.4197782
143	1	-0.1551758	0.575791	0.3978644
143	2	-0.1551758	0.575791	0.3978644
143	3	1.408068	0.108211	0.4247096
143	4	-0.1551758	0.575791	0.3978644
144	1	-0.1551758	0.575791	0.3978644
144	2	-0.1551758	0.575791	0.3978644
144	3	1.408068	0.108211	0.4247096
144	4	-0.1551758	0.575791	0.3978644
145	1	-0.1879878	0.5856053	0.3973009
145	2	-0.1879878	0.5856053	0.3973009
145	3	0.617445	0.2626355	1.224286
145	4	1.170187	0.216561	0.05201119
146	1	-0.1879878	0.5856053	0.3973009
146	2	-0.1879878	0.5856053	0.3973009
146	3	0.617445	0.2626355	1.224286
146	4	1.170187	0.216561	0.05201119
147	1	-0.1879878	0.5856053	0.3973009
147	2	-0.1879878	0.5856053	0.3973009
147	3	0.617445	0.2626355	1.224286
147	4	1.170187	0.216561	0.05201119
148	1	-0.1879878	0.5856053	0.3973009
148	2	-0.1879878	0.5856053	0.3973009
148	3	0.617445	0.2626355	1.224286
148	4	1.170187	0.216561	0.05201119
149	1	-0.1879878	0.5856053	0.3973009
149	2	-0.1879878	0.5856053	0.3973009
149	3	0.617445	0.2626355	1.224286
149	4	1.170187	0.216561	0.05201119
150	1	-0.1879878	0.5856053	0.3973009
150	2	-0.1879878	0.5856053	0.3973009
150	3	0.617445	0.2626355	1.224286
150	4	1.170187	0.216561	0.05201119
151	1	-0.1879878	0.5856053	0.3973009
151	2	-0.1879878	0.5856053	0.3973009
151	3	0.617445	0.2626355	1.224286
151	4	1.170187	0.216561	0.05201119
152	1	0.6024278	0.3912417	-0.0058881
152	3	-0.3610018	0.5909165	0.854517
152	4	0.9791602	0.1900622	0.8775313
153	1	0.6024278	0.3912417	-0.0058881
153	3	-0.3610018	0.5909165	0.854517
153	4	0.9791602	0.1900622	0.8775313
154	1	0.6024278	0.3912417	-0.0058881
154	3	-0.3610018	0.5909165	0.854517
154	4	0.9791602	0.1900622	0.8775313
155	1	0.6024278	0.3912417	-0.0058881
155	3	-0.3610018	0.5909165	0.854517
155	4	0.9791602	0.1900622	0.8775313
156	1	0.02793990	0.5477218	0.1364003
156	2	0.02793990	0.5477218	0.1364003
156	3	-0.3235476	0.5411436	1.237371
156	4	1.408375	0.1100962	0.4051219
157	1	0.02793990	0.5477218	0.1364003
157	2	0.02793990	0.5477218	0.1364003
157	3	-0.3235476	0.5411436	1.237371
157	4	1.408375	0.1100962	0.4051219
158	1	0.02793990	0.5477218	0.1364003
158	2	0.02793990	0.5477218	0.1364003
158	3	-0.3235476	0.5411436	1.237371
158	4	1.408375	0.1100962	0.4051219
159	1	0.02793990	0.5477218	0.1364003
159	2	0.02793990	0.5477218	0.1364003
159	3	-0.3235476	0.5411436	1.237371
159	4	1.408375	0.1100962	0.4051219
160	1	0.02793990	0.5477218	0.1364003
160	2	0.02793990	0.5477218	0.1364003
160	3	-0.3235476	0.5411436	1.237371
160	4	1.408375	0.1100962	0.4051219
161	1	1.309443	0.1377103	0.4230159
161	4	-0.1997335	0.5891185	0.3970992
166	1	1.261228	0.1521319	0.422188
166	2	-0.1321507	0.5689039	0.3982598
166	3	-0.1321507	0.5689039	0.3982598
166	4	-0.1321507	0.5689039	0.3982598
167	1	1.120904	0.1941041	0.4197782
167	2	1.120904	0.1941041	0.4197782
167	3	1.120904	0.1941041	0.4197782
167	4	1.120904	0.1941041	0.4197782
168	1	1.120904	0.1941041	0.4197782
168	2	1.120904	0.1941041	0.4197782
168	3	1.120904	0.1941041	0.4197782
168	4	1.120904	0.1941041	0.4197782
169	1	1.120904	0.1941041	0.4197782
169	2	1.120904	0.1941041	0.4197782
169	3	1.120904	0.1941041	0.4197782
169	4	1.120904	0.1941041	0.4197782
170	1	1.120904	0.1941041	0.4197782
170	2	1.120904	0.1941041	0.4197782
170	3	1.120904	0.1941041	0.4197782
170	4	1.120904	0.1941041	0.4197782
171	1	1.120904	0.1941041	0.4197782
171	2	1.120904	0.1941041	0.4197782
171	3	1.120904	0.1941041	0.4197782
171	4	1.120904	0.1941041	0.4197782
172	1	1.120904	0.1941041	0.4197782
172	2	1.120904	0.1941041	0.4197782
172	3	1.120904	0.1941041	0.4197782
172	4	1.120904	0.1941041	0.4197782
173	1	1.120904	0.1941041	0.4197782
173	2	1.120904	0.1941041	0.4197782
173	3	1.120904	0.1941041	0.4197782
173	4	1.120904	0.1941041	0.4197782
174	1	1.120904	0.1941041	0.4197782
174	2	1.120904	0.1941041	0.4197782
174	3	1.120904	0.1941041	0.4197782
174	4	1.120904	0.1941041	0.4197782
175	1	1.120904	0.1941041	0.4197782
175	2	1.120904	0.1941041	0.4197782
175	3	1.120904	0.1941041	0.4197782
175	4	1.120904	0.1941041	0.4197782
176	1	1.120904	0.1941041	0.4197782
176	2	1.120904	0.1941041	0.4197782
176	3	1.120904	0.1941041	0.4197782
176	4	1.120904	0.1941041	0.4197782
177	1	1.120904	0.1941041	0.4197782
177	2	1.120904	0.1941041	0.4197782
177	3	1.120904	0.1941041	0.4197782
177	4	1.120904	0.1941041	0.4197782
178	1	1.120904	0.1941041	0.4197782
178	2	1.120904	0.1941041	0.4197782
178	3	1.120904	0.1941041	0.4197782
178	4	1.120904	0.1941041	0.4197782
179	1	1.120904	0.1941041	0.4197782
179	2	1.120904	0.1941041	0.4197782
179	3	1.120904	0.1941041	0.4197782
179	4	1.120904	0.1941041	0.4197782
180	1	1.120904	0.1941041	0.4197782
180	2	1.120904	0.1941041	0.4197782
180	3	1.120904	0.1941041	0.4197782
181	1	1.120904	0.1941041	0.4197782
181	2	1.120904	0.1941041	0.4197782
181	3	1.120904	0.1941041	0.4197782
182	1	1.120904	0.1941041	0.4197782
182	2	1.120904	0.1941041	0.4197782
182	3	1.120904	0.1941041	0.4197782
183	1	1.120904	0.1941041	0.4197782
183	2	1.120904	0.1941041	0.4197782
183	3	1.120904	0.1941041	0.4197782
184	1	1.120904	0.1941041	0.4197782
184	2	1.120904	0.1941041	0.4197782
184	3	1.120904	0.1941041	0.4197782
185	1	1.120904	0.1941041	0.4197782
185	2	1.120904	0.1941041	0.4197782
185	3	1.120904	0.1941041	0.4197782
186	1	1.120904	0.1941041	0.4197782
186	2	1.120904	0.1941041	0.4197782
187	1	1.120904	0.1941041	0.4197782
187	2	1.120904	0.1941041	0.4197782
188	1	-0.1879878	0.5856053	0.3973009
188	2	-0.1879878	0.5856053	0.3973009
188	3	0.617445	0.2626355	1.224286
188	4	1.170187	0.216561	0.05201119
189	1	-0.1879878	0.5856053	0.3973009
189	2	-0.1879878	0.5856053	0.3973009
189	3	0.617445	0.2626355	1.224286
189	4	1.170187	0.216561	0.05201119
190	1	-0.1997335	0.5891185	0.3970992
190	2	-0.1997335	0.5891185	0.3970992
190	3	1.309443	0.1377103	0.4230159
190	4	1.309443	0.1377103	0.4230159
191	1	1.120904	0.1941041	0.4197782
191	2	1.120904	0.1941041	0.4197782
191	3	1.120904	0.1941041	0.4197782
191	4	1.120904	0.1941041	0.4197782
192	1	1.120904	0.1941041	0.4197782
192	2	1.120904	0.1941041	0.4197782
192	3	1.120904	0.1941041	0.4197782
192	4	1.120904	0.1941041	0.4197782
193	1	1.120904	0.1941041	0.4197782
193	2	1.120904	0.1941041	0.4197782
193	3	1.120904	0.1941041	0.4197782
193	4	1.120904	0.1941041	0.4197782
194	1	1.120904	0.1941041	0.4197782
194	2	1.120904	0.1941041	0.4197782
194	3	1.120904	0.1941041	0.4197782
194	4	1.120904	0.1941041	0.4197782
195	1	1.120904	0.1941041	0.4197782
195	2	1.120904	0.1941041	0.4197782
195	3	1.120904	0.1941041	0.4197782
195	4	1.120904	0.1941041	0.4197782
196	1	1.120904	0.1941041	0.4197782
196	2	1.120904	0.1941041	0.4197782
196	3	1.120904	0.1941041	0.4197782
196	4	1.120904	0.1941041	0.4197782
197	1	1.120904	0.1941041	0.4197782
197	2	1.120904	0.1941041	0.4197782
197	3	1.120904	0.1941041	0.4197782
197	4	1.120904	0.1941041	0.4197782
198	1	1.120904	0.1941041	0.4197782
198	2	1.120904	0.1941041	0.4197782
198	3	1.120904	0.1941041	0.4197782
198	4	1.120904	0.1941041	0.4197782
199	1	1.120904	0.1941041	0.4197782
199	2	1.120904	0.1941041	0.4197782
199	3	1.120904	0.1941041	0.4197782
199	4	1.120904	0.1941041	0.4197782
200	1	1.120904	0.1941041	0.4197782
200	2	1.120904	0.1941041	0.4197782
200	3	1.120904	0.1941041	0.4197782
200	4	1.120904	0.1941041	0.4197782
201	1	1.120904	0.1941041	0.4197782
201	2	1.120904	0.1941041	0.4197782
201	3	1.120904	0.1941041	0.4197782
201	4	1.120904	0.1941041	0.4197782
202	1	1.120904	0.1941041	0.4197782
202	2	1.120904	0.1941041	0.4197782
202	3	1.120904	0.1941041	0.4197782
202	4	1.120904	0.1941041	0.4197782
203	1	1.120904	0.1941041	0.4197782
203	2	1.120904	0.1941041	0.4197782
203	3	1.120904	0.1941041	0.4197782
203	4	1.120904	0.1941041	0.4197782
204	1	1.120904	0.1941041	0.4197782
204	2	1.120904	0.1941041	0.4197782
204	3	1.120904	0.1941041	0.4197782
204	4	1.120904	0.1941041	0.4197782
205	1	1.120904	0.1941041	0.4197782
205	2	1.120904	0.1941041	0.4197782
205	3	1.120904	0.1941041	0.4197782
205	4	1.120904	0.1941041	0.4197782
206	1	1.120904	0.1941041	0.4197782
206	2	1.120904	0.1941041	0.4197782
206	3	1.120904	0.1941041	0.4197782
206	4	1.120904	0.1941041	0.4197782
207	1	1.120904	0.1941041	0.4197782
207	2	1.120904	0.1941041	0.4197782
207	3	1.120904	0.1941041	0.4197782
207	4	1.120904	0.1941041	0.4197782
208	1	1.120904	0.1941041	0.4197782
208	2	1.120904	0.1941041	0.4197782
208	3	1.120904	0.1941041	0.4197782
208	4	1.120904	0.1941041	0.4197782
209	1	1.120904	0.1941041	0.4197782
209	2	1.120904	0.1941041	0.4197782
209	3	1.120904	0.1941041	0.4197782
209	4	1.120904	0.1941041	0.4197782
210	1	1.120904	0.1941041	0.4197782
210	2	1.120904	0.1941041	0.4197782
210	3	1.120904	0.1941041	0.4197782
210	4	1.120904	0.1941041	0.4197782
211	1	1.120904	0.1941041	0.4197782
211	2	1.120904	0.1941041	0.4197782
211	3	1.120904	0.1941041	0.4197782
211	4	1.120904	0.1941041	0.4197782
212	1	1.120904	0.1941041	0.4197782
212	2	1.120904	0.1941041	0.4197782
212	3	1.120904	0.1941041	0.4197782
212	4	1.120904	0.1941041	0.4197782
213	1	1.120904	0.1941041	0.4197782
213	2	1.120904	0.1941041	0.4197782
213	3	1.120904	0.1941041	0.4197782
213	4	1.120904	0.1941041	0.4197782
214	1	1.120904	0.1941041	0.4197782
214	2	1.120904	0.1941041	0.4197782
214	3	1.120904	0.1941041	0.4197782
214	4	1.120904	0.1941041	0.4197782
215	1	1.120904	0.1941041	0.4197782
215	2	1.120904	0.1941041	0.4197782
215	3	1.120904	0.1941041	0.4197782
215	4	1.120904	0.1941041	0.4197782
216	1	1.120904	0.1941041	0.4197782
216	2	1.120904	0.1941041	0.4197782
216	3	1.120904	0.1941041	0.4197782
216	4	1.120904	0.1941041	0.4197782
217	1	1.120904	0.1941041	0.4197782
217	2	1.120904	0.1941041	0.4197782
217	3	1.120904	0.1941041	0.4197782
217	4	1.120904	0.1941041	0.4197782
218	1	1.120904	0.1941041	0.4197782
218	2	1.120904	0.1941041	0.4197782
218	3	1.120904	0.1941041	0.4197782
218	4	1.120904	0.1941041	0.4197782
219	1	1.120904	0.1941041	0.4197782
219	2	1.120904	0.1941041	0.4197782
219	3	1.120904	0.1941041	0.4197782
219	4	1.120904	0.1941041	0.4197782
220	1	1.120904	0.1941041	0.4197782
220	2	1.120904	0.1941041	0.4197782
220	3	1.120904	0.1941041	0.4197782
220	4	1.120904	0.1941041	0.4197782
221	1	1.120904	0.1941041	0.4197782
221	2	1.120904	0.1941041	0.4197782
221	3	1.120904	0.1941041	0.4197782
221	4	1.120904	0.1941041	0.4197782
222	1	1.120904	0.1941041	0.4197782
222	2	1.120904	0.1941041	0.4197782
222	3	1.120904	0.1941041	0.4197782
222	4	1.120904	0.1941041	0.4197782
223	1	1.120904	0.1941041	0.4197782
223	2	1.120904	0.1941041	0.4197782
223	3	1.120904	0.1941041	0.4197782
223	4	1.120904	0.1941041	0.4197782
224	1	1.120904	0.1941041	0.4197782
224	2	1.120904	0.1941041	0.4197782
224	3	1.120904	0.1941041	0.4197782
224	4	1.120904	0.1941041	0.4197782
225	1	1.120904	0.1941041	0.4197782
225	2	1.120904	0.1941041	0.4197782
225	3	1.120904	0.1941041	0.4197782
225	4	1.120904	0.1941041	0.4197782
226	1	1.120904	0.1941041	0.4197782
226	2	1.120904	0.1941041	0.4197782
226	3	1.120904	0.1941041	0.4197782
226	4	1.120904	0.1941041	0.4197782
227	1	1.120904	0.1941041	0.4197782
227	2	1.120904	0.1941041	0.4197782
227	3	1.120904	0.1941041	0.4197782
227	4	1.120904	0.1941041	0.4197782
228	1	1.120904	0.1941041	0.4197782
228	2	1.120904	0.1941041	0.4197782
228	3	1.120904	0.1941041	0.4197782
228	4	1.120904	0.1941041	0.4197782
229	1	1.120904	0.1941041	0.4197782
229	2	1.120904	0.1941041	0.4197782
229	3	1.120904	0.1941041	0.4197782
229	4	1.120904	0.1941041	0.4197782
230	1	1.120904	0.1941041	0.4197782
230	2	1.120904	0.1941041	0.4197782
230	3	1.120904	0.1941041	0.4197782
230	4	1.120904	0.1941041	0.4197782
231	2	1.120904	0.1941041	0.4197782
231	3	1.120904	0.1941041	0.4197782
231	4	1.120904	0.1941041	0.4197782
232	2	1.120904	0.1941041	0.4197782
232	3	1.120904	0.1941041	0.4197782
232	4	1.120904	0.1941041	0.4197782
233	2	1.120904	0.1941041	0.4197782
233	3	1.120904	0.1941041	0.4197782
233	4	1.120904	0.1941041	0.4197782
234	2	1.120904	0.1941041	0.4197782
234	3	1.120904	0.1941041	0.4197782
234	4	1.120904	0.1941041	0.4197782
235	2	1.120904	0.1941041	0.4197782
235	3	1.120904	0.1941041	0.4197782
235	4	1.120904	0.1941041	0.4197782
236	2	1.374866	0.1181419	0.4241394
236	3	-0.1702482	0.5802992	0.3976055
236	4	-0.1702482	0.5802992	0.3976055
237	2	1.374866	0.1181419	0.4241394
237	3	-0.1702482	0.5802992	0.3976055
237	4	-0.1702482	0.5802992	0.3976055
238	2	1.374866	0.1181419	0.4241394
238	3	-0.1702482	0.5802992	0.3976055
238	4	-0.1702482	0.5802992	0.3976055
239	2	1.374866	0.1181419	0.4241394
239	3	-0.1702482	0.5802992	0.3976055
239	4	-0.1702482	0.5802992	0.3976055
240	1	-0.1702482	0.5802992	0.3976055
240	2	-0.1702482	0.5802992	0.3976055
240	4	1.374866	0.1181419	0.4241394
241	1	-0.1702482	0.5802992	0.3976055
241	2	-0.1702482	0.5802992	0.3976055
241	4	1.374866	0.1181419	0.4241394
242	1	-0.1702482	0.5802992	0.3976055
242	2	-0.1702482	0.5802992	0.3976055
242	4	1.374866	0.1181419	0.4241394
243	1	-0.1702482	0.5802992	0.3976055
243	2	-0.1702482	0.5802992	0.3976055
243	4	1.374866	0.1181419	0.4241394
245	1	-0.1551758	0.575791	0.3978644
245	2	-0.1551758	0.575791	0.3978644
245	3	-0.1551758	0.575791	0.3978644
245	4	1.408068	0.108211	0.4247096
246	1	-0.1551758	0.575791	0.3978644
246	2	-0.1551758	0.575791	0.3978644
246	3	-0.1551758	0.575791	0.3978644
246	4	1.408068	0.108211	0.4247096
247	1	-0.1551758	0.575791	0.3978644
247	2	-0.1551758	0.575791	0.3978644
247	3	-0.1551758	0.575791	0.3978644
247	4	1.408068	0.108211	0.4247096
248	1	-0.1551758	0.575791	0.3978644
248	2	-0.1551758	0.575791	0.3978644
248	3	-0.1551758	0.575791	0.3978644
248	4	1.408068	0.108211	0.4247096
249	1	-0.1879878	0.5856053	0.3973009
249	2	-0.1879878	0.5856053	0.3973009
249	3	0.617445	0.2626355	1.224286
249	4	1.170187	0.216561	0.05201119
250	1	-0.1702482	0.5802992	0.3976055
250	2	-0.1702482	0.5802992	0.3976055
250	3	1.374866	0.1181419	0.4241394
251	1	-0.1702482	0.5802992	0.3976055
251	2	-0.1702482	0.5802992	0.3976055
251	3	1.374866	0.1181419	0.4241394
252	1	1.120904	0.1941041	0.4197782
252	2	1.120904	0.1941041	0.4197782
253	1	1.120904	0.1941041	0.4197782
253	2	1.120904	0.1941041	0.4197782
254	1	1.120904	0.1941041	0.4197782
254	2	1.120904	0.1941041	0.4197782
255	1	-0.1551758	0.575791	0.3978644
255	2	-0.1551758	0.575791	0.3978644
255	3	1.408068	0.108211	0.4247096
255	4	-0.1551758	0.575791	0.3978644
256	1	-0.1551758	0.575791	0.3978644
256	2	-0.1551758	0.575791	0.3978644
256	3	1.408068	0.108211	0.4247096
256	4	-0.1551758	0.575791	0.3978644
257	1	-0.1551758	0.575791	0.3978644
257	2	-0.1551758	0.575791	0.3978644
257	3	1.408068	0.108211	0.4247096
257	4	-0.1551758	0.575791	0.3978644
258	1	-0.1551758	0.575791	0.3978644
258	2	-0.1551758	0.575791	0.3978644
258	3	1.408068	0.108211	0.4247096
258	4	-0.1551758	0.575791	0.3978644
259	1	1.120904	0.1941041	0.4197782
259	2	1.120904	0.1941041	0.4197782
259	3	1.120904	0.1941041	0.4197782
259	4	1.120904	0.1941041	0.4197782
260	1	1.120904	0.1941041	0.4197782
260	2	1.120904	0.1941041	0.4197782
260	3	1.120904	0.1941041	0.4197782
260	4	1.120904	0.1941041	0.4197782
261	1	1.120904	0.1941041	0.4197782
261	2	1.120904	0.1941041	0.4197782
261	3	1.120904	0.1941041	0.4197782
261	4	1.120904	0.1941041	0.4197782
262	1	1.120904	0.1941041	0.4197782
262	2	1.120904	0.1941041	0.4197782
262	3	1.120904	0.1941041	0.4197782
262	4	1.120904	0.1941041	0.4197782
263	1	1.120904	0.1941041	0.4197782
263	2	1.120904	0.1941041	0.4197782
263	3	1.120904	0.1941041	0.4197782
263	4	1.120904	0.1941041	0.4197782
264	1	1.120904	0.1941041	0.4197782
264	2	1.120904	0.1941041	0.4197782
264	3	1.120904	0.1941041	0.4197782
264	4	1.120904	0.1941041	0.4197782
265	1	1.120904	0.1941041	0.4197782
265	2	1.120904	0.1941041	0.4197782
265	3	1.120904	0.1941041	0.4197782
265	4	1.120904	0.1941041	0.4197782
266	1	1.120904	0.1941041	0.4197782
266	2	1.120904	0.1941041	0.4197782
266	3	1.120904	0.1941041	0.4197782
266	4	1.120904	0.1941041	0.4197782
267	1	1.120904	0.1941041	0.4197782
267	2	1.120904	0.1941041	0.4197782
267	3	1.120904	0.1941041	0.4197782
267	4	1.120904	0.1941041	0.4197782
268	2	1.374866	0.1181419	0.4241394
268	3	-0.1702482	0.5802992	0.3976055
268	4	-0.1702482	0.5802992	0.3976055
269	2	1.374866	0.1181419	0.4241394
269	3	-0.1702482	0.5802992	0.3976055
269	4	-0.1702482	0.5802992	0.3976055
270	2	1.374866	0.1181419	0.4241394
270	3	-0.1702482	0.5802992	0.3976055
270	4	-0.1702482	0.5802992	0.3976055
271	2	1.374866	0.1181419	0.4241394
271	3	-0.1702482	0.5802992	0.3976055
271	4	-0.1702482	0.5802992	0.3976055
272	2	1.374866	0.1181419	0.4241394
272	3	-0.1702482	0.5802992	0.3976055
272	4	-0.1702482	0.5802992	0.3976055
278	2	0.6024278	0.3912417	-0.0058881
278	3	-0.3610018	0.5909165	0.854517
278	4	0.9791602	0.1900622	0.8775313
279	1	-0.1879878	0.5856053	0.3973009
279	2	-0.1879878	0.5856053	0.3973009
279	3	0.617445	0.2626355	1.224286
279	4	1.170187	0.216561	0.05201119
280	1	-0.1879878	0.5856053	0.3973009
280	2	-0.1879878	0.5856053	0.3973009
280	3	0.617445	0.2626355	1.224286
280	4	1.170187	0.216561	0.05201119
281	1	-0.1879878	0.5856053	0.3973009
281	2	-0.1879878	0.5856053	0.3973009
281	3	0.617445	0.2626355	1.224286
281	4	1.170187	0.216561	0.05201119
282	3	1.309443	0.1377103	0.4230159
282	4	-0.1997335	0.5891185	0.3970992
283	1	-0.1879878	0.5856053	0.3973009
283	2	-0.1879878	0.5856053	0.3973009
283	3	0.617445	0.2626355	1.224286
283	4	1.170187	0.216561	0.05201119
284	2	0.6024278	0.3912417	-0.0058881
284	3	-0.3610018	0.5909165	0.854517
284	4	0.9791602	0.1900622	0.8775313
285	2	0.6024278	0.3912417	-0.0058881
285	3	-0.3610018	0.5909165	0.854517
285	4	0.9791602	0.1900622	0.8775313
286	2	1.309443	0.1377103	0.4230159
286	4	-0.1997335	0.5891185	0.3970992
287	1	-0.1702482	0.5802992	0.3976055
287	2	-0.1702482	0.5802992	0.3976055
287	4	1.374866	0.1181419	0.4241394
288	1	-0.1702482	0.5802992	0.3976055
288	2	-0.1702482	0.5802992	0.3976055
288	4	1.374866	0.1181419	0.4241394
289	1	-0.1702482	0.5802992	0.3976055
289	2	-0.1702482	0.5802992	0.3976055
289	4	1.374866	0.1181419	0.4241394
290	1	-0.1702482	0.5802992	0.3976055
290	2	-0.1702482	0.5802992	0.3976055
290	4	1.374866	0.1181419	0.4241394
291	1	-0.1702482	0.5802992	0.3976055
291	2	-0.1702482	0.5802992	0.3976055
291	4	1.374866	0.1181419	0.4241394
292	1	-0.1702482	0.5802992	0.3976055
292	2	-0.1702482	0.5802992	0.3976055
292	4	1.374866	0.1181419	0.4241394
293	1	-0.1702482	0.5802992	0.3976055
293	2	-0.1702482	0.5802992	0.3976055
293	4	1.374866	0.1181419	0.4241394
294	1	1.120904	0.1941041	0.4197782
294	2	1.120904	0.1941041	0.4197782
295	1	1.120904	0.1941041	0.4197782
295	2	1.120904	0.1941041	0.4197782
296	1	-0.1702482	0.5802992	0.3976055
296	2	-0.1702482	0.5802992	0.3976055
296	4	1.374866	0.1181419	0.4241394
297	1	-0.1702482	0.5802992	0.3976055
297	2	-0.1702482	0.5802992	0.3976055
297	4	1.374866	0.1181419	0.4241394
298	1	-0.1702482	0.5802992	0.3976055
298	2	-0.1702482	0.5802992	0.3976055
298	4	1.374866	0.1181419	0.4241394
299	1	-0.1702482	0.5802992	0.3976055
299	2	-0.1702482	0.5802992	0.3976055
299	4	1.374866	0.1181419	0.4241394
300	1	-0.1702482	0.5802992	0.3976055
300	2	-0.1702482	0.5802992	0.3976055
300	4	1.374866	0.1181419	0.4241394
301	1	-0.1702482	0.5802992	0.3976055
301	2	-0.1702482	0.5802992	0.3976055
301	4	1.374866	0.1181419	0.4241394
302	1	-0.1702482	0.5802992	0.3976055
302	2	-0.1702482	0.5802992	0.3976055
302	4	1.374866	0.1181419	0.4241394
303	1	1.120904	0.1941041	0.4197782
303	2	1.120904	0.1941041	0.4197782
303	4	1.120904	0.1941041	0.4197782
304	1	1.120904	0.1941041	0.4197782
304	2	1.120904	0.1941041	0.4197782
304	3	1.120904	0.1941041	0.4197782
304	4	1.120904	0.1941041	0.4197782
305	1	1.120904	0.1941041	0.4197782
305	2	1.120904	0.1941041	0.4197782
305	3	1.120904	0.1941041	0.4197782
305	4	1.120904	0.1941041	0.4197782
306	1	1.120904	0.1941041	0.4197782
306	2	1.120904	0.1941041	0.4197782
306	3	1.120904	0.1941041	0.4197782
306	4	1.120904	0.1941041	0.4197782
307	1	1.120904	0.1941041	0.4197782
307	2	1.120904	0.1941041	0.4197782
307	3	1.120904	0.1941041	0.4197782
307	4	1.120904	0.1941041	0.4197782
308	1	1.120904	0.1941041	0.4197782
308	2	1.120904	0.1941041	0.4197782
308	3	1.120904	0.1941041	0.4197782
308	4	1.120904	0.1941041	0.4197782
309	1	1.120904	0.1941041	0.4197782
309	2	1.120904	0.1941041	0.4197782
309	3	1.120904	0.1941041	0.4197782
309	4	1.120904	0.1941041	0.4197782
310	1	1.120904	0.1941041	0.4197782
310	2	1.120904	0.1941041	0.4197782
310	3	1.120904	0.1941041	0.4197782
310	4	1.120904	0.1941041	0.4197782
311	1	1.120904	0.1941041	0.4197782
311	2	1.120904	0.1941041	0.4197782
311	3	1.120904	0.1941041	0.4197782
311	4	1.120904	0.1941041	0.4197782
312	1	1.120904	0.1941041	0.4197782
312	2	1.120904	0.1941041	0.4197782
312	3	1.120904	0.1941041	0.4197782
312	4	1.120904	0.1941041	0.4197782
313	1	1.120904	0.1941041	0.4197782
313	2	1.120904	0.1941041	0.4197782
313	3	1.120904	0.1941041	0.4197782
313	4	1.120904	0.1941041	0.4197782
314	1	1.120904	0.1941041	0.4197782
314	2	1.120904	0.1941041	0.4197782
314	3	1.120904	0.1941041	0.4197782
314	4	1.120904	0.1941041	0.4197782
315	1	1.120904	0.1941041	0.4197782
315	2	1.120904	0.1941041	0.4197782
315	3	1.120904	0.1941041	0.4197782
315	4	1.120904	0.1941041	0.4197782
316	1	1.120904	0.1941041	0.4197782
316	2	1.120904	0.1941041	0.4197782
316	3	1.120904	0.1941041	0.4197782
316	4	1.120904	0.1941041	0.4197782
317	1	1.120904	0.1941041	0.4197782
317	2	1.120904	0.1941041	0.4197782
317	3	1.120904	0.1941041	0.4197782
317	4	1.120904	0.1941041	0.4197782
318	1	1.120904	0.1941041	0.4197782
318	2	1.120904	0.1941041	0.4197782
318	3	1.120904	0.1941041	0.4197782
318	4	1.120904	0.1941041	0.4197782
319	1	1.120904	0.1941041	0.4197782
319	2	1.120904	0.1941041	0.4197782
319	3	1.120904	0.1941041	0.4197782
319	4	1.120904	0.1941041	0.4197782
327	1	-0.1702482	0.5802992	0.3976055
327	2	-0.1702482	0.5802992	0.3976055
327	4	1.374866	0.1181419	0.4241394
328	1	-0.1879878	0.5856053	0.3973009
328	2	-0.1879878	0.5856053	0.3973009
328	3	0.617445	0.2626355	1.224286
328	4	1.170187	0.216561	0.05201119
329	1	-0.1879878	0.5856053	0.3973009
329	2	-0.1879878	0.5856053	0.3973009
329	3	0.617445	0.2626355	1.224286
329	4	1.170187	0.216561	0.05201119
330	1	-0.1879878	0.5856053	0.3973009
330	2	-0.1879878	0.5856053	0.3973009
330	3	0.617445	0.2626355	1.224286
330	4	1.170187	0.216561	0.05201119
331	1	-0.1879878	0.5856053	0.3973009
331	2	-0.1879878	0.5856053	0.3973009
331	3	0.617445	0.2626355	1.224286
331	4	1.170187	0.216561	0.05201119
332	2	0.6024278	0.3912417	-0.0058881
332	3	-0.3610018	0.5909165	0.854517
332	4	0.9791602	0.1900622	0.8775313
333	2	0.6024278	0.3912417	-0.0058881
333	3	-0.3610018	0.5909165	0.854517
333	4	0.9791602	0.1900622	0.8775313
334	2	1.245318	0.1568909	0.4219147
334	3	-0.2283505	0.5976781	0.3966078
334	4	1.245318	0.1568909	0.4219147
335	1	-0.1551758	0.575791	0.3978644
335	2	-0.1551758	0.575791	0.3978644
335	3	1.408068	0.108211	0.4247096
335	4	-0.1551758	0.575791	0.3978644
336	1	-0.1551758	0.575791	0.3978644
336	2	-0.1551758	0.575791	0.3978644
336	3	1.408068	0.108211	0.4247096
336	4	-0.1551758	0.575791	0.3978644
337	1	-0.1551758	0.575791	0.3978644
337	2	-0.1551758	0.575791	0.3978644
337	3	1.408068	0.108211	0.4247096
337	4	-0.1551758	0.575791	0.3978644
338	1	-0.1551758	0.575791	0.3978644
338	2	-0.1551758	0.575791	0.3978644
338	3	1.408068	0.108211	0.4247096
338	4	-0.1551758	0.575791	0.3978644
339	1	-0.1551758	0.575791	0.3978644
339	2	-0.1551758	0.575791	0.3978644
339	3	1.408068	0.108211	0.4247096
339	4	-0.1551758	0.575791	0.3978644
340	1	-0.1551758	0.575791	0.3978644
340	2	-0.1551758	0.575791	0.3978644
340	3	1.408068	0.108211	0.4247096
340	4	-0.1551758	0.575791	0.3978644
341	1	-0.1551758	0.575791	0.3978644
341	2	-0.1551758	0.575791	0.3978644
341	3	1.408068	0.108211	0.4247096
341	4	-0.1551758	0.575791	0.3978644
342	1	-0.1551758	0.575791	0.3978644
342	2	-0.1551758	0.575791	0.3978644
342	3	1.408068	0.108211	0.4247096
342	4	-0.1551758	0.575791	0.3978644
343	1	-0.1551758	0.575791	0.3978644
343	2	-0.1551758	0.575791	0.3978644
343	3	1.408068	0.108211	0.4247096
343	4	-0.1551758	0.575791	0.3978644
344	1	-0.1551758	0.575791	0.3978644
344	2	-0.1551758	0.575791	0.3978644
344	3	1.408068	0.108211	0.4247096
344	4	-0.1551758	0.575791	0.3978644
345	1	1.120904	0.1941041	0.4197782
345	2	1.120904	0.1941041	0.4197782
346	1	-0.1702482	0.5802992	0.3976055
346	2	-0.1702482	0.5802992	0.3976055
346	3	1.374866	0.1181419	0.4241394
347	1	-0.1879878	0.5856053	0.3973009
347	2	-0.1879878	0.5856053	0.3973009
347	3	0.617445	0.2626355	1.224286
347	4	1.170187	0.216561	0.05201119
348	2	0.6024278	0.3912417	-0.0058881
348	3	-0.3610018	0.5909165	0.854517
348	4	0.9791602	0.1900622	0.8775313
349	1	-0.1879878	0.5856053	0.3973009
349	2	-0.1879878	0.5856053	0.3973009
349	3	0.617445	0.2626355	1.224286
349	4	1.170187	0.216561	0.05201119
350	1	-0.1551758	0.575791	0.3978644
350	2	-0.1551758	0.575791	0.3978644
350	3	1.408068	0.108211	0.4247096
350	4	-0.1551758	0.575791	0.3978644
351	1	1.120904	0.1941041	0.4197782
351	2	1.120904	0.1941041	0.4197782
351	3	1.120904	0.1941041	0.4197782
351	4	1.120904	0.1941041	0.4197782
352	1	1.120904	0.1941041	0.4197782
352	2	1.120904	0.1941041	0.4197782
352	3	1.120904	0.1941041	0.4197782
352	4	1.120904	0.1941041	0.4197782
353	1	1.120904	0.1941041	0.4197782
353	2	1.120904	0.1941041	0.4197782
353	3	1.120904	0.1941041	0.4197782
353	4	1.120904	0.1941041	0.4197782
354	1	1.120904	0.1941041	0.4197782
354	2	1.120904	0.1941041	0.4197782
354	3	1.120904	0.1941041	0.4197782
354	4	1.120904	0.1941041	0.4197782
355	1	1.120904	0.1941041	0.4197782
355	2	1.120904	0.1941041	0.4197782
355	3	1.120904	0.1941041	0.4197782
355	4	1.120904	0.1941041	0.4197782
356	1	1.120904	0.1941041	0.4197782
356	2	1.120904	0.1941041	0.4197782
356	3	1.120904	0.1941041	0.4197782
356	4	1.120904	0.1941041	0.4197782
357	1	1.120904	0.1941041	0.4197782
357	2	1.120904	0.1941041	0.4197782
357	3	1.120904	0.1941041	0.4197782
357	4	1.120904	0.1941041	0.4197782
358	1	1.120904	0.1941041	0.4197782
358	2	1.120904	0.1941041	0.4197782
358	3	1.120904	0.1941041	0.4197782
358	4	1.120904	0.1941041	0.4197782
359	1	-0.1551758	0.575791	0.3978644
359	2	-0.1551758	0.575791	0.3978644
359	3	1.408068	0.108211	0.4247096
359	4	-0.1551758	0.575791	0.3978644
360	1	-0.1551758	0.575791	0.3978644
360	2	-0.1551758	0.575791	0.3978644
360	3	1.408068	0.108211	0.4247096
360	4	-0.1551758	0.575791	0.3978644
361	1	-0.1551758	0.575791	0.3978644
361	2	-0.1551758	0.575791	0.3978644
361	3	1.408068	0.108211	0.4247096
361	4	-0.1551758	0.575791	0.3978644
362	1	-0.1551758	0.575791	0.3978644
362	2	-0.1551758	0.575791	0.3978644
362	3	1.408068	0.108211	0.4247096
362	4	-0.1551758	0.575791	0.3978644
363	1	-0.1551758	0.575791	0.3978644
363	2	-0.1551758	0.575791	0.3978644
363	3	1.408068	0.108211	0.4247096
363	4	-0.1551758	0.575791	0.3978644
364	1	-0.1551758	0.575791	0.3978644
364	2	-0.1551758	0.575791	0.3978644
364	3	1.408068	0.108211	0.4247096
364	4	-0.1551758	0.575791	0.3978644
365	1	-0.1551758	0.575791	0.3978644
365	2	-0.1551758	0.575791	0.3978644
365	3	1.408068	0.108211	0.4247096
365	4	-0.1551758	0.575791	0.3978644
366	1	-0.1551758	0.575791	0.3978644
366	2	-0.1551758	0.575791	0.3978644
366	3	1.408068	0.108211	0.4247096
366	4	-0.1551758	0.575791	0.3978644
367	1	-0.1879878	0.5856053	0.3973009
367	2	-0.1879878	0.5856053	0.3973009
367	3	0.617445	0.2626355	1.224286
367	4	1.170187	0.216561	0.05201119
368	1	-0.1879878	0.5856053	0.3973009
368	2	-0.1879878	0.5856053	0.3973009
368	3	0.617445	0.2626355	1.224286
368	4	1.170187	0.216561	0.05201119
369	1	-0.1879878	0.5856053	0.3973009
369	2	-0.1879878	0.5856053	0.3973009
369	3	0.617445	0.2626355	1.224286
369	4	1.170187	0.216561	0.05201119
370	1	-0.1879878	0.5856053	0.3973009
370	2	-0.1879878	0.5856053	0.3973009
370	3	0.617445	0.2626355	1.224286
370	4	1.170187	0.216561	0.05201119
371	1	-0.1702482	0.5802992	0.3976055
371	2	-0.1702482	0.5802992	0.3976055
371	4	1.374866	0.1181419	0.4241394
372	1	-0.1702482	0.5802992	0.3976055
372	2	-0.1702482	0.5802992	0.3976055
372	4	1.374866	0.1181419	0.4241394
373	1	-0.1879878	0.5856053	0.3973009
373	2	-0.1879878	0.5856053	0.3973009
373	3	0.617445	0.2626355	1.224286
373	4	1.170187	0.216561	0.05201119
374	1	-0.1879878	0.5856053	0.3973009
374	2	-0.1879878	0.5856053	0.3973009
374	3	0.617445	0.2626355	1.224286
374	4	1.170187	0.216561	0.05201119
375	1	-0.1879878	0.5856053	0.3973009
375	2	-0.1879878	0.5856053	0.3973009
375	3	0.617445	0.2626355	1.224286
375	4	1.170187	0.216561	0.05201119
376	1	-0.1879878	0.5856053	0.3973009
376	2	-0.1879878	0.5856053	0.3973009
376	3	0.617445	0.2626355	1.224286
376	4	1.170187	0.216561	0.05201119
384	1	-0.1879878	0.5856053	0.3973009
384	2	-0.1879878	0.5856053	0.3973009
384	3	0.617445	0.2626355	1.224286
384	4	1.170187	0.216561	0.05201119
385	1	-0.1879878	0.5856053	0.3973009
385	2	-0.1879878	0.5856053	0.3973009
385	3	0.617445	0.2626355	1.224286
385	4	1.170187	0.216561	0.05201119
386	1	-0.1879878	0.5856053	0.3973009
386	2	-0.1879878	0.5856053	0.3973009
386	3	0.617445	0.2626355	1.224286
386	4	1.170187	0.216561	0.05201119
387	1	-0.1879878	0.5856053	0.3973009
387	2	-0.1879878	0.5856053	0.3973009
387	3	0.617445	0.2626355	1.224286
387	4	1.170187	0.216561	0.05201119
388	1	-0.1551758	0.575791	0.3978644
388	2	-0.1551758	0.575791	0.3978644
388	3	1.408068	0.108211	0.4247096
388	4	-0.1551758	0.575791	0.3978644
389	1	1.120904	0.1941041	0.4197782
389	2	1.120904	0.1941041	0.4197782
389	3	1.120904	0.1941041	0.4197782
389	4	1.120904	0.1941041	0.4197782
390	1	1.120904	0.1941041	0.4197782
390	2	1.120904	0.1941041	0.4197782
390	3	1.120904	0.1941041	0.4197782
390	4	1.120904	0.1941041	0.4197782
391	1	1.120904	0.1941041	0.4197782
391	2	1.120904	0.1941041	0.4197782
391	3	1.120904	0.1941041	0.4197782
391	4	1.120904	0.1941041	0.4197782
392	1	1.120904	0.1941041	0.4197782
392	2	1.120904	0.1941041	0.4197782
392	3	1.120904	0.1941041	0.4197782
392	4	1.120904	0.1941041	0.4197782
393	1	1.120904	0.1941041	0.4197782
393	2	1.120904	0.1941041	0.4197782
393	3	1.120904	0.1941041	0.4197782
393	4	1.120904	0.1941041	0.4197782
394	1	1.120904	0.1941041	0.4197782
394	2	1.120904	0.1941041	0.4197782
394	3	1.120904	0.1941041	0.4197782
394	4	1.120904	0.1941041	0.4197782
395	1	1.120904	0.1941041	0.4197782
395	2	1.120904	0.1941041	0.4197782
395	3	1.120904	0.1941041	0.4197782
395	4	1.120904	0.1941041	0.4197782
396	1	1.120904	0.1941041	0.4197782
396	2	1.120904	0.1941041	0.4197782
396	3	1.120904	0.1941041	0.4197782
396	4	1.120904	0.1941041	0.4197782
