13	1	1.251103	0.1551604	0.4220141
13	25	-0.1729692	0.5811131	0.3975588
14	1	1.251103	0.1551604	0.4220141
14	25	-0.1729692	0.5811131	0.3975588
15	1	1.251103	0.1551604	0.4220141
15	25	-0.1729692	0.5811131	0.3975588
16	1	1.251103	0.1551604	0.4220141
16	25	-0.1729692	0.5811131	0.3975588
17	1	1.016607	0.2628315	0.04607038
17	16	-0.1917755	0.5866728	0.3978837
17	25	0.4559731	0.3092646	1.238048
18	1	1.016607	0.2628315	0.04607038
18	16	-0.1917755	0.5866728	0.3978837
18	25	0.4559731	0.3092646	1.238048
19	1	1.016607	0.2628315	0.04607038
19	16	-0.1917755	0.5866728	0.3978837
19	25	0.4559731	0.3092646	1.238048
20	1	1.016607	0.2628315	0.04607038
20	16	-0.1917755	0.5866728	0.3978837
20	25	0.4559731	0.3092646	1.238048
21	1	1.016607	0.2628315	0.04607038
21	16	-0.1917755	0.5866728	0.3978837
21	25	0.4559731	0.3092646	1.238048
22	1	0.0549941	0.5413174	0.1201403
22	11	1.346737	0.1447550	0.2433088
22	16	-0.1186589	0.4546	1.491201
22	25	0.0549941	0.5413174	0.1201403
23	1	0.0549941	0.5413174	0.1201403
23	11	1.346737	0.1447550	0.2433088
23	16	-0.1186589	0.4546	1.491201
23	25	0.0549941	0.5413174	0.1201403
24	1	0.0549941	0.5413174	0.1201403
24	11	1.346737	0.1447550	0.2433088
24	16	-0.1186589	0.4546	1.491201
24	25	0.0549941	0.5413174	0.1201403
25	1	0.0549941	0.5413174	0.1201403
25	11	1.346737	0.1447550	0.2433088
25	16	-0.1186589	0.4546	1.491201
25	25	0.0549941	0.5413174	0.1201403
26	1	0.0549941	0.5413174	0.1201403
26	11	1.346737	0.1447550	0.2433088
26	16	-0.1186589	0.4546	1.491201
26	25	0.0549941	0.5413174	0.1201403
27	1	0.0549941	0.5413174	0.1201403
27	11	1.346737	0.1447550	0.2433088
27	16	-0.1186589	0.4546	1.491201
27	25	0.0549941	0.5413174	0.1201403
28	1	0.0549941	0.5413174	0.1201403
28	11	1.346737	0.1447550	0.2433088
28	16	-0.1186589	0.4546	1.491201
28	25	0.0549941	0.5413174	0.1201403
29	1	0.0549941	0.5413174	0.1201403
29	11	1.346737	0.1447550	0.2433088
29	16	-0.1186589	0.4546	1.491201
29	25	0.0549941	0.5413174	0.1201403
30	1	0.0549941	0.5413174	0.1201403
30	11	1.346737	0.1447550	0.2433088
30	16	-0.1186589	0.4546	1.491201
30	25	0.0549941	0.5413174	0.1201403
31	1	0.0549941	0.5413174	0.1201403
31	11	1.346737	0.1447550	0.2433088
31	16	-0.1186589	0.4546	1.491201
31	25	0.0549941	0.5413174	0.1201403
32	1	0.0549941	0.5413174	0.1201403
32	11	1.346737	0.1447550	0.2433088
32	16	-0.1186589	0.4546	1.491201
32	25	0.0549941	0.5413174	0.1201403
33	1	0.9743758	0.1890440	0.90172
33	2	-0.1316304	0.5672247	0.4133665
33	3	-0.1316304	0.5672247	0.4133665
33	4	0.9743758	0.1890440	0.90172
33	5	-0.1316304	0.5672247	0.4133665
33	6	-0.1316304	0.5672247	0.4133665
33	7	-0.1316304	0.5672247	0.4133665
33	8	-0.1316304	0.5672247	0.4133665
33	9	-0.1316304	0.5672247	0.4133665
33	10	-0.1316304	0.5672247	0.4133665
33	11	1.271886	0.1823770	0.09106627
33	12	-0.1316304	0.5672247	0.4133665
33	13	-0.1316304	0.5672247	0.4133665
33	14	-0.1316304	0.5672247	0.4133665
33	15	-0.1316304	0.5672247	0.4133665
33	16	1.310615	0.1653804	0.1453672
33	17	-0.1316304	0.5672247	0.4133665
33	18	-0.1316304	0.5672247	0.4133665
33	19	-0.1316304	0.5672247	0.4133665
33	20	-0.1316304	0.5672247	0.4133665
33	21	-0.1316304	0.5672247	0.4133665
33	22	-0.1316304	0.5672247	0.4133665
33	23	-0.1316304	0.5672247	0.4133665
33	24	-0.1316304	0.5672247	0.4133665
33	25	-0.1316304	0.5672247	0.4133665
33	26	-0.1316304	0.5672247	0.4133665
33	27	-0.1316304	0.5672247	0.4133665
33	28	-0.1316304	0.5672247	0.4133665
34	1	0.9743758	0.1890440	0.90172
34	2	-0.1316304	0.5672247	0.4133665
34	3	-0.1316304	0.5672247	0.4133665
34	4	0.9743758	0.1890440	0.90172
34	5	-0.1316304	0.5672247	0.4133665
34	6	-0.1316304	0.5672247	0.4133665
34	7	-0.1316304	0.5672247	0.4133665
34	8	-0.1316304	0.5672247	0.4133665
34	9	-0.1316304	0.5672247	0.4133665
34	10	-0.1316304	0.5672247	0.4133665
34	11	1.271886	0.1823770	0.09106627
34	12	-0.1316304	0.5672247	0.4133665
34	13	-0.1316304	0.5672247	0.4133665
34	14	-0.1316304	0.5672247	0.4133665
34	15	-0.1316304	0.5672247	0.4133665
34	16	1.310615	0.1653804	0.1453672
34	17	-0.1316304	0.5672247	0.4133665
34	18	-0.1316304	0.5672247	0.4133665
34	19	-0.1316304	0.5672247	0.4133665
34	20	-0.1316304	0.5672247	0.4133665
34	21	-0.1316304	0.5672247	0.4133665
34	22	-0.1316304	0.5672247	0.4133665
34	23	-0.1316304	0.5672247	0.4133665
34	24	-0.1316304	0.5672247	0.4133665
34	25	-0.1316304	0.5672247	0.4133665
34	26	-0.1316304	0.5672247	0.4133665
34	27	-0.1316304	0.5672247	0.4133665
34	28	-0.1316304	0.5672247	0.4133665
35	1	0.9743758	0.1890440	0.90172
35	2	-0.1316304	0.5672247	0.4133665
35	3	-0.1316304	0.5672247	0.4133665
35	4	0.9743758	0.1890440	0.90172
35	5	-0.1316304	0.5672247	0.4133665
35	6	-0.1316304	0.5672247	0.4133665
35	7	-0.1316304	0.5672247	0.4133665
35	8	-0.1316304	0.5672247	0.4133665
35	9	-0.1316304	0.5672247	0.4133665
35	10	-0.1316304	0.5672247	0.4133665
35	11	1.271886	0.1823770	0.09106627
35	12	-0.1316304	0.5672247	0.4133665
35	13	-0.1316304	0.5672247	0.4133665
35	14	-0.1316304	0.5672247	0.4133665
35	15	-0.1316304	0.5672247	0.4133665
35	16	1.310615	0.1653804	0.1453672
35	17	-0.1316304	0.5672247	0.4133665
35	18	-0.1316304	0.5672247	0.4133665
35	19	-0.1316304	0.5672247	0.4133665
35	20	-0.1316304	0.5672247	0.4133665
35	21	-0.1316304	0.5672247	0.4133665
35	22	-0.1316304	0.5672247	0.4133665
35	23	-0.1316304	0.5672247	0.4133665
35	24	-0.1316304	0.5672247	0.4133665
35	25	-0.1316304	0.5672247	0.4133665
35	26	-0.1316304	0.5672247	0.4133665
35	27	-0.1316304	0.5672247	0.4133665
35	28	-0.1316304	0.5672247	0.4133665
128	1	0.9712433	0.1897859	0.903599
128	2	-0.1322964	0.5674072	0.4135207
128	3	-0.1322964	0.5674072	0.4135207
128	4	0.9712433	0.1897859	0.903599
128	5	-0.1322964	0.5674072	0.4135207
128	6	-0.1322964	0.5674072	0.4135207
128	7	-0.1322964	0.5674072	0.4135207
128	8	-0.1322964	0.5674072	0.4135207
128	9	-0.1322964	0.5674072	0.4135207
128	10	-0.1322964	0.5674072	0.4135207
128	11	1.269332	0.1832056	0.09038069
128	12	-0.1322964	0.5674072	0.4135207
128	13	-0.1322964	0.5674072	0.4135207
128	14	-0.1322964	0.5674072	0.4135207
128	15	-0.1322964	0.5674072	0.4135207
128	16	1.308482	0.1661036	0.1444862
128	17	-0.1322964	0.5674072	0.4135207
128	18	-0.1322964	0.5674072	0.4135207
128	19	-0.1322964	0.5674072	0.4135207
128	20	-0.1322964	0.5674072	0.4135207
128	21	-0.1322964	0.5674072	0.4135207
128	22	-0.1322964	0.5674072	0.4135207
128	23	-0.1322964	0.5674072	0.4135207
128	25	-0.1322964	0.5674072	0.4135207
128	26	-0.1322964	0.5674072	0.4135207
128	27	-0.1322964	0.5674072	0.4135207
128	28	-0.1322964	0.5674072	0.4135207
129	1	0.9712433	0.1897859	0.903599
129	2	-0.1322964	0.5674072	0.4135207
129	3	-0.1322964	0.5674072	0.4135207
129	4	0.9712433	0.1897859	0.903599
129	5	-0.1322964	0.5674072	0.4135207
129	6	-0.1322964	0.5674072	0.4135207
129	7	-0.1322964	0.5674072	0.4135207
129	8	-0.1322964	0.5674072	0.4135207
129	9	-0.1322964	0.5674072	0.4135207
129	10	-0.1322964	0.5674072	0.4135207
129	11	1.269332	0.1832056	0.09038069
129	12	-0.1322964	0.5674072	0.4135207
129	13	-0.1322964	0.5674072	0.4135207
129	14	-0.1322964	0.5674072	0.4135207
129	15	-0.1322964	0.5674072	0.4135207
129	16	1.308482	0.1661036	0.1444862
129	17	-0.1322964	0.5674072	0.4135207
129	18	-0.1322964	0.5674072	0.4135207
129	19	-0.1322964	0.5674072	0.4135207
129	20	-0.1322964	0.5674072	0.4135207
129	21	-0.1322964	0.5674072	0.4135207
129	22	-0.1322964	0.5674072	0.4135207
129	23	-0.1322964	0.5674072	0.4135207
129	25	-0.1322964	0.5674072	0.4135207
129	26	-0.1322964	0.5674072	0.4135207
129	27	-0.1322964	0.5674072	0.4135207
129	28	-0.1322964	0.5674072	0.4135207
130	1	1.004240	0.2671281	0.03993605
130	11	-0.1940255	0.587365	0.3976555
130	16	0.4245687	0.3152317	1.271461
131	1	1.004240	0.2671281	0.03993605
131	11	-0.1940255	0.587365	0.3976555
131	16	0.4245687	0.3152317	1.271461
132	1	1.004240	0.2671281	0.03993605
132	11	-0.1940255	0.587365	0.3976555
132	16	0.4245687	0.3152317	1.271461
133	1	1.004240	0.2671281	0.03993605
133	11	-0.1940255	0.587365	0.3976555
133	16	0.4245687	0.3152317	1.271461
134	1	1.004240	0.2671281	0.03993605
134	11	-0.1940255	0.587365	0.3976555
134	16	0.4245687	0.3152317	1.271461
135	1	1.004240	0.2671281	0.03993605
135	11	-0.1940255	0.587365	0.3976555
135	16	0.4245687	0.3152317	1.271461
136	1	1.004240	0.2671281	0.03993605
136	11	-0.1940255	0.587365	0.3976555
136	16	0.4245687	0.3152317	1.271461
137	1	1.270159	0.1494607	0.4223413
137	11	-0.1818449	0.5837679	0.3974064
138	1	1.270159	0.1494607	0.4223413
138	11	-0.1818449	0.5837679	0.3974064
139	1	1.268566	0.149937	0.422314
139	11	-0.1811082	0.5835475	0.3974190
140	1	1.268566	0.149937	0.422314
140	11	-0.1811082	0.5835475	0.3974190
141	1	0.8254999	0.2200757	1.032927
141	2	-0.1266944	0.5676045	0.3950576
141	3	-0.1266944	0.5676045	0.3950576
141	4	0.8254999	0.2200757	1.032927
141	5	-0.1266944	0.5676045	0.3950576
141	6	-0.1266944	0.5676045	0.3950576
141	7	-0.1266944	0.5676045	0.3950576
141	8	-0.1266944	0.5676045	0.3950576
141	9	-0.1266944	0.5676045	0.3950576
141	10	-0.1266944	0.5676045	0.3950576
141	11	1.332314	0.1556417	0.1779287
141	12	-0.1266944	0.5676045	0.3950576
141	13	-0.1266944	0.5676045	0.3950576
141	14	-0.1266944	0.5676045	0.3950576
141	15	-0.1183871	0.567172	0.3748628
141	16	1.335654	0.1490190	0.2337136
141	17	-0.1266944	0.5676045	0.3950576
141	18	-0.1266944	0.5676045	0.3950576
141	19	-0.1266944	0.5676045	0.3950576
141	20	-0.1266944	0.5676045	0.3950576
141	21	-0.1266944	0.5676045	0.3950576
141	22	-0.1266944	0.5676045	0.3950576
141	23	-0.1266944	0.5676045	0.3950576
141	24	1.302877	0.1708736	0.1137343
141	25	-0.1266944	0.5676045	0.3950576
141	26	-0.1266944	0.5676045	0.3950576
141	27	-0.1266944	0.5676045	0.3950576
141	28	-0.1266944	0.5676045	0.3950576
142	1	0.8254999	0.2200757	1.032927
142	2	-0.1266944	0.5676045	0.3950576
142	3	-0.1266944	0.5676045	0.3950576
142	4	0.8254999	0.2200757	1.032927
142	5	-0.1266944	0.5676045	0.3950576
142	6	-0.1266944	0.5676045	0.3950576
142	7	-0.1266944	0.5676045	0.3950576
142	8	-0.1266944	0.5676045	0.3950576
142	9	-0.1266944	0.5676045	0.3950576
142	10	-0.1266944	0.5676045	0.3950576
142	11	1.332314	0.1556417	0.1779287
142	12	-0.1266944	0.5676045	0.3950576
142	13	-0.1266944	0.5676045	0.3950576
142	14	-0.1266944	0.5676045	0.3950576
142	15	-0.1183871	0.567172	0.3748628
142	16	1.335654	0.1490190	0.2337136
142	17	-0.1266944	0.5676045	0.3950576
142	18	-0.1266944	0.5676045	0.3950576
142	19	-0.1266944	0.5676045	0.3950576
142	20	-0.1266944	0.5676045	0.3950576
142	21	-0.1266944	0.5676045	0.3950576
142	22	-0.1266944	0.5676045	0.3950576
142	23	-0.1266944	0.5676045	0.3950576
142	24	1.302877	0.1708736	0.1137343
142	25	-0.1266944	0.5676045	0.3950576
142	26	-0.1266944	0.5676045	0.3950576
142	27	-0.1266944	0.5676045	0.3950576
142	28	-0.1266944	0.5676045	0.3950576
143	1	0.8254999	0.2200757	1.032927
143	2	-0.1266944	0.5676045	0.3950576
143	3	-0.1266944	0.5676045	0.3950576
143	4	0.8254999	0.2200757	1.032927
143	5	-0.1266944	0.5676045	0.3950576
143	6	-0.1266944	0.5676045	0.3950576
143	7	-0.1266944	0.5676045	0.3950576
143	8	-0.1266944	0.5676045	0.3950576
143	9	-0.1266944	0.5676045	0.3950576
143	10	-0.1266944	0.5676045	0.3950576
143	11	1.332314	0.1556417	0.1779287
143	12	-0.1266944	0.5676045	0.3950576
143	13	-0.1266944	0.5676045	0.3950576
143	14	-0.1266944	0.5676045	0.3950576
143	15	-0.1183871	0.567172	0.3748628
143	16	1.335654	0.1490190	0.2337136
143	17	-0.1266944	0.5676045	0.3950576
143	18	-0.1266944	0.5676045	0.3950576
143	19	-0.1266944	0.5676045	0.3950576
143	20	-0.1266944	0.5676045	0.3950576
143	21	-0.1266944	0.5676045	0.3950576
143	22	-0.1266944	0.5676045	0.3950576
143	23	-0.1266944	0.5676045	0.3950576
143	24	1.302877	0.1708736	0.1137343
143	25	-0.1266944	0.5676045	0.3950576
143	26	-0.1266944	0.5676045	0.3950576
143	27	-0.1266944	0.5676045	0.3950576
143	28	-0.1266944	0.5676045	0.3950576
144	1	0.8254999	0.2200757	1.032927
144	2	-0.1266944	0.5676045	0.3950576
144	3	-0.1266944	0.5676045	0.3950576
144	4	0.8254999	0.2200757	1.032927
144	5	-0.1266944	0.5676045	0.3950576
144	6	-0.1266944	0.5676045	0.3950576
144	7	-0.1266944	0.5676045	0.3950576
144	8	-0.1266944	0.5676045	0.3950576
144	9	-0.1266944	0.5676045	0.3950576
144	10	-0.1266944	0.5676045	0.3950576
144	11	1.332314	0.1556417	0.1779287
144	12	-0.1266944	0.5676045	0.3950576
144	13	-0.1266944	0.5676045	0.3950576
144	14	-0.1266944	0.5676045	0.3950576
144	15	-0.1183871	0.567172	0.3748628
144	16	1.335654	0.1490190	0.2337136
144	17	-0.1266944	0.5676045	0.3950576
144	18	-0.1266944	0.5676045	0.3950576
144	19	-0.1266944	0.5676045	0.3950576
144	20	-0.1266944	0.5676045	0.3950576
144	21	-0.1266944	0.5676045	0.3950576
144	22	-0.1266944	0.5676045	0.3950576
144	23	-0.1266944	0.5676045	0.3950576
144	24	1.302877	0.1708736	0.1137343
144	25	-0.1266944	0.5676045	0.3950576
144	26	-0.1266944	0.5676045	0.3950576
144	27	-0.1266944	0.5676045	0.3950576
144	28	-0.1266944	0.5676045	0.3950576
211	1	0.821024	0.2216282	1.030731
211	2	-0.1369020	0.5689217	0.4120847
211	3	-0.1369020	0.5689217	0.4120847
211	4	0.821024	0.2216282	1.030731
211	5	-0.1369020	0.5689217	0.4120847
211	6	-0.1369020	0.5689217	0.4120847
211	7	-0.1369020	0.5689217	0.4120847
211	8	-0.1369020	0.5689217	0.4120847
211	9	-0.1369020	0.5689217	0.4120847
211	10	-0.1331785	0.5687832	0.4024853
211	11	1.318596	0.1607935	0.1673019
211	12	-0.1369020	0.5689217	0.4120847
211	13	-0.1369020	0.5689217	0.4120847
211	14	-0.1369020	0.5689217	0.4120847
211	15	-0.01659054	0.55411	0.2043218
211	16	1.329024	0.1514722	0.2289406
211	17	-0.1369020	0.5689217	0.4120847
211	18	-0.1369020	0.5689217	0.4120847
211	19	-0.1369020	0.5689217	0.4120847
211	20	-0.1369020	0.5689217	0.4120847
211	21	-0.1369020	0.5689217	0.4120847
211	22	-0.1369020	0.5689217	0.4120847
211	23	-0.1369020	0.5689217	0.4120847
211	24	1.281387	0.1782348	0.1041151
211	25	-0.1369020	0.5689217	0.4120847
211	26	-0.1369020	0.5689217	0.4120847
211	27	-0.1369020	0.5689217	0.4120847
211	28	1.189316	0.1664937	0.4917848
212	1	0.8191082	0.2220893	1.031807
212	2	-0.1366916	0.5689816	0.4108716
212	3	-0.1366916	0.5689816	0.4108716
212	4	0.8191082	0.2220893	1.031807
212	5	-0.1366916	0.5689816	0.4108716
212	6	-0.1366916	0.5689816	0.4108716
212	7	-0.1366916	0.5689816	0.4108716
212	8	-0.1366916	0.5689816	0.4108716
212	9	-0.1366916	0.5689816	0.4108716
212	10	-0.1326614	0.5688002	0.4007928
212	11	1.317528	0.1611675	0.1667410
212	12	-0.1366916	0.5689816	0.4108716
212	13	-0.1366916	0.5689816	0.4108716
212	14	-0.1366916	0.5689816	0.4108716
212	15	-0.01583902	0.5539866	0.2033297
212	16	1.328200	0.1517712	0.2284048
212	17	-0.1366916	0.5689816	0.4108716
212	18	-0.1366916	0.5689816	0.4108716
212	19	-0.1366916	0.5689816	0.4108716
212	20	-0.1366916	0.5689816	0.4108716
212	21	-0.1514953	0.5676667	0.4675254
212	22	-0.1366916	0.5689816	0.4108716
212	23	-0.1366916	0.5689816	0.4108716
212	24	1.280092	0.1786637	0.1036833
212	25	-0.1366916	0.5689816	0.4108716
212	26	-0.1366916	0.5689816	0.4108716
212	27	-0.1366916	0.5689816	0.4108716
212	28	1.18776	0.1668421	0.4929173
299	1	0.8532004	0.2142866	1.008664
299	2	-0.1412589	0.569369	0.4204918
299	3	-0.1412589	0.569369	0.4204918
299	4	0.8532004	0.2142866	1.008664
299	5	-0.1412589	0.569369	0.4204918
299	6	-0.1412589	0.569369	0.4204918
299	7	-0.1412589	0.569369	0.4204918
299	8	-0.1412589	0.569369	0.4204918
299	9	-0.1412589	0.569369	0.4204918
299	10	-0.1398351	0.5693993	0.4159957
299	11	1.314156	0.1624729	0.1637438
299	12	-0.1412589	0.569369	0.4204918
299	13	-0.1412589	0.569369	0.4204918
299	14	-0.1412589	0.569369	0.4204918
299	15	-0.02689128	0.556012	0.2158283
299	16	1.326493	0.1525639	0.225582
299	17	-0.1412589	0.569369	0.4204918
299	18	-0.1412589	0.569369	0.4204918
299	19	-0.1412589	0.569369	0.4204918
299	20	-0.1412589	0.569369	0.4204918
299	21	-0.1479848	0.5675964	0.4578776
299	22	-0.1412589	0.569369	0.4204918
299	23	-0.1412589	0.569369	0.4204918
299	24	1.273977	0.1807938	0.1005932
299	25	-0.1412589	0.569369	0.4204918
299	26	-0.1412589	0.569369	0.4204918
299	27	-0.1412589	0.569369	0.4204918
299	28	1.219524	0.1638293	0.4291682
300	1	0.7638671	0.2335840	1.080688
300	2	-0.1194974	0.5675922	0.3739705
300	3	-0.1194974	0.5675922	0.3739705
300	4	0.7638671	0.2335840	1.080688
300	5	-0.1194974	0.5675922	0.3739705
300	6	-0.1194974	0.5675922	0.3739705
300	7	-0.1194974	0.5675922	0.3739705
300	8	-0.1194974	0.5675922	0.3739705
300	9	-0.1194974	0.5675922	0.3739705
300	10	-0.1483781	0.5703654	0.4315966
300	11	1.310517	0.1692235	0.1075701
300	12	-0.1194974	0.5675922	0.3739705
300	13	-0.1194974	0.5675922	0.3739705
300	14	-0.1194974	0.5675922	0.3739705
300	15	-0.0436564	0.5588867	0.2367453
300	16	1.309669	0.1684580	0.1176570
300	17	-0.1194974	0.5675922	0.3739705
300	18	-0.1194974	0.5675922	0.3739705
300	19	-0.1194974	0.5675922	0.3739705
300	20	-0.1194974	0.5675922	0.3739705
300	21	-0.1379619	0.567116	0.4331021
300	22	-0.1194974	0.5675922	0.3739705
300	23	-0.1194974	0.5675922	0.3739705
300	24	1.298241	0.14237	0.4098528
300	25	-0.1194974	0.5675922	0.3739705
300	26	-0.1194974	0.5675922	0.3739705
300	27	-0.1194974	0.5675922	0.3739705
300	28	1.041409	0.1917764	0.6771057
301	1	0.7610658	0.2343078	1.081770
301	2	-0.1186534	0.5676439	0.3709714
301	3	-0.1186534	0.5676439	0.3709714
301	4	0.7610658	0.2343078	1.081770
301	5	-0.1186534	0.5676439	0.3709714
301	6	-0.1186534	0.5676439	0.3709714
301	7	-0.1186534	0.5676439	0.3709714
301	8	-0.1186534	0.5676439	0.3709714
301	9	-0.1186534	0.5676439	0.3709714
301	10	-0.2366655	0.552972	0.8641286
301	11	1.307622	0.1701975	0.1064514
301	12	-0.1186534	0.5676439	0.3709714
301	13	-0.1186534	0.5676439	0.3709714
301	14	-0.1186534	0.5676439	0.3709714
301	15	-0.04263485	0.5587843	0.2347502
301	16	1.306867	0.1694081	0.1164971
301	17	-0.1186534	0.5676439	0.3709714
301	18	-0.1186534	0.5676439	0.3709714
301	19	-0.1186534	0.5676439	0.3709714
301	20	-0.1186534	0.5676439	0.3709714
301	21	-0.1396090	0.5674478	0.434668
301	22	-0.1186534	0.5676439	0.3709714
301	23	-0.1186534	0.5676439	0.3709714
301	24	1.297192	0.1427236	0.4094407
301	25	-0.1186534	0.5676439	0.3709714
301	26	-0.1186534	0.5676439	0.3709714
301	27	-0.1186534	0.5676439	0.3709714
301	28	1.035042	0.1931861	0.6818992
302	1	0.757504	0.2353243	1.082194
302	2	-0.1188414	0.5678665	0.3693199
302	3	-0.1188414	0.5678665	0.3693199
302	4	0.757504	0.2353243	1.082194
302	5	-0.1188414	0.5678665	0.3693199
302	6	-0.1188414	0.5678665	0.3693199
302	7	-0.1188414	0.5678665	0.3693199
302	8	-0.1188414	0.5678665	0.3693199
302	9	-0.1188414	0.5678665	0.3693199
302	10	-0.2306015	0.558274	0.7937176
302	11	1.301739	0.1721925	0.1040171
302	12	-0.1188414	0.5678665	0.3693199
302	13	-0.1188414	0.5678665	0.3693199
302	14	-0.1188414	0.5678665	0.3693199
302	15	-0.04297234	0.5590957	0.2326587
302	16	1.301530	0.1712356	0.1141153
302	17	-0.1188414	0.5678665	0.3693199
302	18	-0.1188414	0.5678665	0.3693199
302	19	-0.1188414	0.5678665	0.3693199
302	20	-0.1188414	0.5678665	0.3693199
302	21	0.9308303	0.2208834	0.7145281
302	22	-0.1185544	0.5677748	0.3693827
302	23	-0.1188414	0.5678665	0.3693199
302	24	1.296506	0.1433106	0.4056433
302	25	-0.1188414	0.5678665	0.3693199
302	26	-0.1188414	0.5678665	0.3693199
302	27	-0.1188414	0.5678665	0.3693199
302	28	1.025942	0.1949503	0.6912318
303	1	1.248844	0.1846900	0.1360478
303	2	-0.1647605	0.5704302	0.4792314
303	3	-0.1647605	0.5704302	0.4792314
303	5	-0.1647605	0.5704302	0.4792314
303	6	-0.1647605	0.5704302	0.4792314
303	7	-0.1647605	0.5704302	0.4792314
303	8	-0.1647605	0.5704302	0.4792314
303	9	-0.1647605	0.5704302	0.4792314
303	10	0.1582953	0.5126645	0.09966276
303	11	1.026652	0.1761664	0.8752811
303	12	-0.1647605	0.5704302	0.4792314
303	13	-0.1647605	0.5704302	0.4792314
303	14	-0.1647605	0.5704302	0.4792314
303	15	-0.2157348	0.5728649	0.6053187
303	16	1.019166	0.1790245	0.869018
303	17	-0.1647605	0.5704302	0.4792314
303	18	-0.1647605	0.5704302	0.4792314
303	19	-0.1647605	0.5704302	0.4792314
303	20	-0.1647605	0.5704302	0.4792314
303	21	1.102621	0.2287162	0.1306664
303	22	-0.1036808	0.5653196	0.3498816
303	23	-0.1647605	0.5704302	0.4792314
303	24	1.250926	0.1892468	0.08475545
303	25	-0.1647605	0.5704302	0.4792314
303	26	-0.1647605	0.5704302	0.4792314
303	27	-0.1647605	0.5704302	0.4792314
303	28	1.184056	0.2051056	0.1246592
304	21	0.5694414	0.2838573	1.155448
304	24	-0.2019627	0.5897435	0.3974748
304	28	1.083317	0.2412003	0.06384148
305	21	1.238463	0.1589412	0.421797
305	28	-0.1670084	0.5793302	0.3976612
306	21	1.238463	0.1589412	0.421797
306	28	-0.1670084	0.5793302	0.3976612
307	21	1.238463	0.1589412	0.421797
307	28	-0.1670084	0.5793302	0.3976612
308	1	1.209125	0.2029899	0.07174922
308	2	-0.1427662	0.5680581	0.4379234
308	3	-0.1427662	0.5680581	0.4379234
308	5	-0.1427662	0.5680581	0.4379234
308	6	-0.1427662	0.5680581	0.4379234
308	7	-0.1427662	0.5680581	0.4379234
308	8	-0.1427662	0.5680581	0.4379234
308	9	-0.1427662	0.5680581	0.4379234
308	10	0.5163372	0.4127647	0.03452536
308	11	1.066609	0.1674469	0.8439396
308	12	-0.1427662	0.5680581	0.4379234
308	13	-0.1427662	0.5680581	0.4379234
308	14	-0.1427662	0.5680581	0.4379234
308	15	-0.2582614	0.566676	0.7919675
308	16	1.093065	0.1638512	0.8016075
308	17	-0.1427662	0.5680581	0.4379234
308	18	-0.1427662	0.5680581	0.4379234
308	19	-0.1427662	0.5680581	0.4379234
308	20	-0.1427662	0.5680581	0.4379234
308	21	-0.1427662	0.5680581	0.4379234
308	22	-0.1396426	0.5677778	0.4314967
308	23	-0.1427662	0.5680581	0.4379234
308	24	-0.2582614	0.566676	0.7919675
308	25	-0.1427662	0.5680581	0.4379234
308	26	-0.1427662	0.5680581	0.4379234
308	27	-0.1427662	0.5680581	0.4379234
308	28	1.133221	0.2268918	0.05857246
309	1	1.209125	0.2029899	0.07174922
309	2	-0.1427662	0.5680581	0.4379234
309	3	-0.1427662	0.5680581	0.4379234
309	5	-0.1427662	0.5680581	0.4379234
309	6	-0.1427662	0.5680581	0.4379234
309	7	-0.1427662	0.5680581	0.4379234
309	8	-0.1427662	0.5680581	0.4379234
309	9	-0.1427662	0.5680581	0.4379234
309	10	0.5163372	0.4127647	0.03452536
309	11	1.066609	0.1674469	0.8439396
309	12	-0.1427662	0.5680581	0.4379234
309	13	-0.1427662	0.5680581	0.4379234
309	14	-0.1427662	0.5680581	0.4379234
309	15	-0.2582614	0.566676	0.7919675
309	16	1.093065	0.1638512	0.8016075
309	17	-0.1427662	0.5680581	0.4379234
309	18	-0.1427662	0.5680581	0.4379234
309	19	-0.1427662	0.5680581	0.4379234
309	20	-0.1427662	0.5680581	0.4379234
309	21	-0.1427662	0.5680581	0.4379234
309	22	-0.1396426	0.5677778	0.4314967
309	23	-0.1427662	0.5680581	0.4379234
309	24	-0.2582614	0.566676	0.7919675
309	25	-0.1427662	0.5680581	0.4379234
309	26	-0.1427662	0.5680581	0.4379234
309	27	-0.1427662	0.5680581	0.4379234
309	28	1.133221	0.2268918	0.05857246
310	1	1.209125	0.2029899	0.07174922
310	2	-0.1427662	0.5680581	0.4379234
310	3	-0.1427662	0.5680581	0.4379234
310	5	-0.1427662	0.5680581	0.4379234
310	6	-0.1427662	0.5680581	0.4379234
310	7	-0.1427662	0.5680581	0.4379234
310	8	-0.1427662	0.5680581	0.4379234
310	9	-0.1427662	0.5680581	0.4379234
310	10	0.5163372	0.4127647	0.03452536
310	11	1.066609	0.1674469	0.8439396
310	12	-0.1427662	0.5680581	0.4379234
310	13	-0.1427662	0.5680581	0.4379234
310	14	-0.1427662	0.5680581	0.4379234
310	15	-0.2582614	0.566676	0.7919675
310	16	1.093065	0.1638512	0.8016075
310	17	-0.1427662	0.5680581	0.4379234
310	18	-0.1427662	0.5680581	0.4379234
310	19	-0.1427662	0.5680581	0.4379234
310	20	-0.1427662	0.5680581	0.4379234
310	21	-0.1427662	0.5680581	0.4379234
310	22	-0.1396426	0.5677778	0.4314967
310	23	-0.1427662	0.5680581	0.4379234
310	24	-0.2582614	0.566676	0.7919675
310	25	-0.1427662	0.5680581	0.4379234
310	26	-0.1427662	0.5680581	0.4379234
310	27	-0.1427662	0.5680581	0.4379234
310	28	1.133221	0.2268918	0.05857246
311	1	1.209125	0.2029899	0.07174922
311	2	-0.1427662	0.5680581	0.4379234
311	3	-0.1427662	0.5680581	0.4379234
311	5	-0.1427662	0.5680581	0.4379234
311	6	-0.1427662	0.5680581	0.4379234
311	7	-0.1427662	0.5680581	0.4379234
311	8	-0.1427662	0.5680581	0.4379234
311	9	-0.1427662	0.5680581	0.4379234
311	10	0.5163372	0.4127647	0.03452536
311	11	1.066609	0.1674469	0.8439396
311	12	-0.1427662	0.5680581	0.4379234
311	13	-0.1427662	0.5680581	0.4379234
311	14	-0.1427662	0.5680581	0.4379234
311	15	-0.2582614	0.566676	0.7919675
311	16	1.093065	0.1638512	0.8016075
311	17	-0.1427662	0.5680581	0.4379234
311	18	-0.1427662	0.5680581	0.4379234
311	19	-0.1427662	0.5680581	0.4379234
311	20	-0.1427662	0.5680581	0.4379234
311	21	-0.1427662	0.5680581	0.4379234
311	22	-0.1396426	0.5677778	0.4314967
311	23	-0.1427662	0.5680581	0.4379234
311	24	-0.2582614	0.566676	0.7919675
311	25	-0.1427662	0.5680581	0.4379234
311	26	-0.1427662	0.5680581	0.4379234
311	27	-0.1427662	0.5680581	0.4379234
311	28	1.133221	0.2268918	0.05857246
312	1	1.209125	0.2029899	0.07174922
312	2	-0.1427662	0.5680581	0.4379234
312	3	-0.1427662	0.5680581	0.4379234
312	5	-0.1427662	0.5680581	0.4379234
312	6	-0.1427662	0.5680581	0.4379234
312	7	-0.1427662	0.5680581	0.4379234
312	8	-0.1427662	0.5680581	0.4379234
312	9	-0.1427662	0.5680581	0.4379234
312	10	0.5163372	0.4127647	0.03452536
312	11	1.066609	0.1674469	0.8439396
312	12	-0.1427662	0.5680581	0.4379234
312	13	-0.1427662	0.5680581	0.4379234
312	14	-0.1427662	0.5680581	0.4379234
312	15	-0.2582614	0.566676	0.7919675
312	16	1.093065	0.1638512	0.8016075
312	17	-0.1427662	0.5680581	0.4379234
312	18	-0.1427662	0.5680581	0.4379234
312	19	-0.1427662	0.5680581	0.4379234
312	20	-0.1427662	0.5680581	0.4379234
312	21	-0.1427662	0.5680581	0.4379234
312	22	-0.1396426	0.5677778	0.4314967
312	23	-0.1427662	0.5680581	0.4379234
312	24	-0.2582614	0.566676	0.7919675
312	25	-0.1427662	0.5680581	0.4379234
312	26	-0.1427662	0.5680581	0.4379234
312	27	-0.1427662	0.5680581	0.4379234
312	28	1.133221	0.2268918	0.05857246
313	1	1.183243	0.2056525	0.1216345
313	11	-0.2024121	0.589875	0.3974965
313	28	0.7976256	0.2376439	0.9409746
314	1	1.183243	0.2056525	0.1216345
314	11	-0.2024121	0.589875	0.3974965
314	28	0.7976256	0.2376439	0.9409746
315	1	1.183243	0.2056525	0.1216345
315	11	-0.2024121	0.589875	0.3974965
315	28	0.7976256	0.2376439	0.9409746
316	1	1.183243	0.2056525	0.1216345
316	11	-0.2024121	0.589875	0.3974965
316	28	0.7976256	0.2376439	0.9409746
317	1	1.027067	0.2596501	0.0467706
317	11	-0.1955382	0.5878193	0.3976105
317	28	0.4673608	0.3061036	1.235815
318	1	1.027067	0.2596501	0.0467706
318	11	-0.1955382	0.5878193	0.3976105
318	28	0.4673608	0.3061036	1.235815
319	1	1.254271	0.1542129	0.4220685
319	28	-0.1744539	0.5815572	0.3975333
320	1	1.254271	0.1542129	0.4220685
320	28	-0.1744539	0.5815572	0.3975333
321	1	1.254271	0.1542129	0.4220685
321	28	-0.1744539	0.5815572	0.3975333
322	1	1.254271	0.1542129	0.4220685
322	28	-0.1744539	0.5815572	0.3975333
323	1	1.254271	0.1542129	0.4220685
323	28	-0.1744539	0.5815572	0.3975333
324	1	1.254271	0.1542129	0.4220685
324	28	-0.1744539	0.5815572	0.3975333
325	1	1.254271	0.1542129	0.4220685
325	28	-0.1744539	0.5815572	0.3975333
326	1	1.254271	0.1542129	0.4220685
326	28	-0.1744539	0.5815572	0.3975333
327	1	1.254271	0.1542129	0.4220685
327	28	-0.1744539	0.5815572	0.3975333
328	1	1.254271	0.1542129	0.4220685
328	28	-0.1744539	0.5815572	0.3975333
329	1	1.254271	0.1542129	0.4220685
329	28	-0.1744539	0.5815572	0.3975333
330	1	1.254271	0.1542129	0.4220685
330	28	-0.1744539	0.5815572	0.3975333
331	1	1.254271	0.1542129	0.4220685
331	28	-0.1744539	0.5815572	0.3975333
332	1	1.254271	0.1542129	0.4220685
332	28	-0.1744539	0.5815572	0.3975333
333	1	1.254271	0.1542129	0.4220685
333	28	-0.1744539	0.5815572	0.3975333
334	1	1.254271	0.1542129	0.4220685
334	28	-0.1744539	0.5815572	0.3975333
335	1	1.254271	0.1542129	0.4220685
335	28	-0.1744539	0.5815572	0.3975333
336	1	1.254271	0.1542129	0.4220685
336	28	-0.1744539	0.5815572	0.3975333
337	1	1.254271	0.1542129	0.4220685
337	28	-0.1744539	0.5815572	0.3975333
338	1	1.254271	0.1542129	0.4220685
338	28	-0.1744539	0.5815572	0.3975333
339	1	1.254271	0.1542129	0.4220685
339	28	-0.1744539	0.5815572	0.3975333
340	1	1.254271	0.1542129	0.4220685
340	28	-0.1744539	0.5815572	0.3975333
341	1	1.254271	0.1542129	0.4220685
341	28	-0.1744539	0.5815572	0.3975333
342	1	1.254271	0.1542129	0.4220685
342	28	-0.1744539	0.5815572	0.3975333
343	1	1.254271	0.1542129	0.4220685
343	28	-0.1744539	0.5815572	0.3975333
344	1	1.254271	0.1542129	0.4220685
344	28	-0.1744539	0.5815572	0.3975333
345	1	1.254271	0.1542129	0.4220685
345	28	-0.1744539	0.5815572	0.3975333
346	1	1.254271	0.1542129	0.4220685
346	28	-0.1744539	0.5815572	0.3975333
347	1	1.254271	0.1542129	0.4220685
347	28	-0.1744539	0.5815572	0.3975333
348	1	1.254271	0.1542129	0.4220685
348	28	-0.1744539	0.5815572	0.3975333
349	1	1.254271	0.1542129	0.4220685
349	28	-0.1744539	0.5815572	0.3975333
350	1	1.254271	0.1542129	0.4220685
350	28	-0.1744539	0.5815572	0.3975333
351	1	1.254271	0.1542129	0.4220685
351	28	-0.1744539	0.5815572	0.3975333
352	1	1.254271	0.1542129	0.4220685
352	28	-0.1744539	0.5815572	0.3975333
353	1	1.254271	0.1542129	0.4220685
353	28	-0.1744539	0.5815572	0.3975333
354	1	1.254271	0.1542129	0.4220685
354	28	-0.1744539	0.5815572	0.3975333
355	1	1.254271	0.1542129	0.4220685
355	28	-0.1744539	0.5815572	0.3975333
356	1	1.254271	0.1542129	0.4220685
356	28	-0.1744539	0.5815572	0.3975333
357	1	1.254271	0.1542129	0.4220685
357	28	-0.1744539	0.5815572	0.3975333
358	1	1.254271	0.1542129	0.4220685
358	28	-0.1744539	0.5815572	0.3975333
359	1	1.254271	0.1542129	0.4220685
359	28	-0.1744539	0.5815572	0.3975333
360	1	1.254271	0.1542129	0.4220685
360	28	-0.1744539	0.5815572	0.3975333
361	1	1.254271	0.1542129	0.4220685
361	28	-0.1744539	0.5815572	0.3975333
362	1	1.254271	0.1542129	0.4220685
362	28	-0.1744539	0.5815572	0.3975333
363	1	1.254271	0.1542129	0.4220685
363	28	-0.1744539	0.5815572	0.3975333
364	1	1.254271	0.1542129	0.4220685
364	28	-0.1744539	0.5815572	0.3975333
365	1	1.254271	0.1542129	0.4220685
365	28	-0.1744539	0.5815572	0.3975333
366	1	1.254271	0.1542129	0.4220685
366	28	-0.1744539	0.5815572	0.3975333
367	1	1.254271	0.1542129	0.4220685
367	28	-0.1744539	0.5815572	0.3975333
368	1	1.254271	0.1542129	0.4220685
368	28	-0.1744539	0.5815572	0.3975333
369	1	1.254271	0.1542129	0.4220685
369	28	-0.1744539	0.5815572	0.3975333
370	1	1.254271	0.1542129	0.4220685
370	28	-0.1744539	0.5815572	0.3975333
371	1	1.254271	0.1542129	0.4220685
371	28	-0.1744539	0.5815572	0.3975333
372	1	1.254271	0.1542129	0.4220685
372	28	-0.1744539	0.5815572	0.3975333
373	1	1.254271	0.1542129	0.4220685
373	28	-0.1744539	0.5815572	0.3975333
374	1	1.254271	0.1542129	0.4220685
374	28	-0.1744539	0.5815572	0.3975333
375	1	1.254271	0.1542129	0.4220685
375	28	-0.1744539	0.5815572	0.3975333
376	1	1.254271	0.1542129	0.4220685
376	28	-0.1744539	0.5815572	0.3975333
377	1	1.254271	0.1542129	0.4220685
377	28	-0.1744539	0.5815572	0.3975333
378	1	1.254271	0.1542129	0.4220685
378	28	-0.1744539	0.5815572	0.3975333
379	1	1.254271	0.1542129	0.4220685
379	28	-0.1744539	0.5815572	0.3975333
380	1	1.254271	0.1542129	0.4220685
380	28	-0.1744539	0.5815572	0.3975333
381	1	1.254271	0.1542129	0.4220685
381	28	-0.1744539	0.5815572	0.3975333
382	1	1.254271	0.1542129	0.4220685
382	28	-0.1744539	0.5815572	0.3975333
383	1	1.254271	0.1542129	0.4220685
383	28	-0.1744539	0.5815572	0.3975333
384	1	1.254271	0.1542129	0.4220685
384	28	-0.1744539	0.5815572	0.3975333
385	1	1.254271	0.1542129	0.4220685
385	28	-0.1744539	0.5815572	0.3975333
386	1	1.254271	0.1542129	0.4220685
386	28	-0.1744539	0.5815572	0.3975333
387	1	1.254271	0.1542129	0.4220685
387	28	-0.1744539	0.5815572	0.3975333
388	1	1.254271	0.1542129	0.4220685
388	28	-0.1744539	0.5815572	0.3975333
389	1	1.254271	0.1542129	0.4220685
389	28	-0.1744539	0.5815572	0.3975333
390	1	1.254271	0.1542129	0.4220685
390	28	-0.1744539	0.5815572	0.3975333
391	1	1.254271	0.1542129	0.4220685
391	28	-0.1744539	0.5815572	0.3975333
392	1	1.254271	0.1542129	0.4220685
392	28	-0.1744539	0.5815572	0.3975333
393	1	1.254271	0.1542129	0.4220685
393	28	-0.1744539	0.5815572	0.3975333
394	1	-0.1529636	0.5751292	0.3979024
394	4	-0.1529636	0.5751292	0.3979024
394	28	1.300030	0.1405261	0.4228543
395	1	-0.1529636	0.5751292	0.3979024
395	4	-0.1529636	0.5751292	0.3979024
395	28	1.300030	0.1405261	0.4228543
396	1	-0.1529636	0.5751292	0.3979024
396	4	-0.1529636	0.5751292	0.3979024
396	28	1.300030	0.1405261	0.4228543
397	1	-0.1529636	0.5751292	0.3979024
397	4	-0.1529636	0.5751292	0.3979024
397	28	1.300030	0.1405261	0.4228543
398	1	-0.1529636	0.5751292	0.3979024
398	4	-0.1529636	0.5751292	0.3979024
398	28	1.300030	0.1405261	0.4228543
399	1	-0.1529636	0.5751292	0.3979024
399	4	-0.1529636	0.5751292	0.3979024
399	28	1.300030	0.1405261	0.4228543
400	1	-0.1529636	0.5751292	0.3979024
400	4	-0.1529636	0.5751292	0.3979024
400	28	1.300030	0.1405261	0.4228543
401	1	-0.1529636	0.5751292	0.3979024
401	4	-0.1529636	0.5751292	0.3979024
401	28	1.300030	0.1405261	0.4228543
402	1	1.254271	0.1542129	0.4220685
402	28	-0.1744539	0.5815572	0.3975333
403	1	1.254271	0.1542129	0.4220685
403	28	-0.1744539	0.5815572	0.3975333
404	1	1.254271	0.1542129	0.4220685
404	28	-0.1744539	0.5815572	0.3975333
405	1	1.254271	0.1542129	0.4220685
405	28	-0.1744539	0.5815572	0.3975333
406	1	1.254271	0.1542129	0.4220685
406	28	-0.1744539	0.5815572	0.3975333
407	1	1.254271	0.1542129	0.4220685
407	28	-0.1744539	0.5815572	0.3975333
408	1	1.254271	0.1542129	0.4220685
408	28	-0.1744539	0.5815572	0.3975333
409	1	1.254271	0.1542129	0.4220685
409	28	-0.1744539	0.5815572	0.3975333
410	1	1.254271	0.1542129	0.4220685
410	28	-0.1744539	0.5815572	0.3975333
411	1	1.254271	0.1542129	0.4220685
411	28	-0.1744539	0.5815572	0.3975333
412	1	1.254271	0.1542129	0.4220685
412	28	-0.1744539	0.5815572	0.3975333
413	1	1.254271	0.1542129	0.4220685
413	28	-0.1744539	0.5815572	0.3975333
414	1	1.254271	0.1542129	0.4220685
414	28	-0.1744539	0.5815572	0.3975333
415	1	1.254271	0.1542129	0.4220685
415	28	-0.1744539	0.5815572	0.3975333
416	1	1.254271	0.1542129	0.4220685
416	28	-0.1744539	0.5815572	0.3975333
417	1	1.254271	0.1542129	0.4220685
417	28	-0.1744539	0.5815572	0.3975333
418	1	1.254271	0.1542129	0.4220685
418	28	-0.1744539	0.5815572	0.3975333
419	1	1.254271	0.1542129	0.4220685
419	28	-0.1744539	0.5815572	0.3975333
420	1	1.254271	0.1542129	0.4220685
420	28	-0.1744539	0.5815572	0.3975333
421	1	1.254271	0.1542129	0.4220685
421	28	-0.1744539	0.5815572	0.3975333
422	1	1.254271	0.1542129	0.4220685
422	28	-0.1744539	0.5815572	0.3975333
423	1	1.254271	0.1542129	0.4220685
423	28	-0.1744539	0.5815572	0.3975333
424	1	1.254271	0.1542129	0.4220685
424	28	-0.1744539	0.5815572	0.3975333
425	1	1.254271	0.1542129	0.4220685
425	28	-0.1744539	0.5815572	0.3975333
426	1	1.254271	0.1542129	0.4220685
426	28	-0.1744539	0.5815572	0.3975333
427	1	1.254271	0.1542129	0.4220685
427	28	-0.1744539	0.5815572	0.3975333
428	1	1.254271	0.1542129	0.4220685
428	28	-0.1744539	0.5815572	0.3975333
429	1	1.254271	0.1542129	0.4220685
429	28	-0.1744539	0.5815572	0.3975333
430	1	1.254271	0.1542129	0.4220685
430	28	-0.1744539	0.5815572	0.3975333
431	1	1.254271	0.1542129	0.4220685
431	28	-0.1744539	0.5815572	0.3975333
432	1	1.254271	0.1542129	0.4220685
432	28	-0.1744539	0.5815572	0.3975333
433	1	1.254271	0.1542129	0.4220685
433	28	-0.1744539	0.5815572	0.3975333
434	1	1.254271	0.1542129	0.4220685
434	28	-0.1744539	0.5815572	0.3975333
435	1	1.254271	0.1542129	0.4220685
435	28	-0.1744539	0.5815572	0.3975333
436	1	1.254271	0.1542129	0.4220685
436	28	-0.1744539	0.5815572	0.3975333
437	1	1.254271	0.1542129	0.4220685
437	28	-0.1744539	0.5815572	0.3975333
438	1	1.254271	0.1542129	0.4220685
438	28	-0.1744539	0.5815572	0.3975333
439	1	1.044265	0.2542323	0.04977891
439	15	-0.1999328	0.5891138	0.3977330
439	28	0.4933016	0.2998705	1.221138
440	1	1.044265	0.2542323	0.04977891
440	15	-0.1999328	0.5891138	0.3977330
440	28	0.4933016	0.2998705	1.221138
441	1	1.044265	0.2542323	0.04977891
441	15	-0.1999328	0.5891138	0.3977330
441	28	0.4933016	0.2998705	1.221138
442	1	1.044265	0.2542323	0.04977891
442	15	-0.1999328	0.5891138	0.3977330
442	28	0.4933016	0.2998705	1.221138
443	1	1.044265	0.2542323	0.04977891
443	15	-0.1999328	0.5891138	0.3977330
443	28	0.4933016	0.2998705	1.221138
444	1	1.044265	0.2542323	0.04977891
444	15	-0.1999328	0.5891138	0.3977330
444	28	0.4933016	0.2998705	1.221138
445	1	1.044265	0.2542323	0.04977891
445	15	-0.1999328	0.5891138	0.3977330
445	28	0.4933016	0.2998705	1.221138
446	1	1.044265	0.2542323	0.04977891
446	15	-0.1999328	0.5891138	0.3977330
446	28	0.4933016	0.2998705	1.221138
447	1	1.044265	0.2542323	0.04977891
447	15	-0.1999328	0.5891138	0.3977330
447	28	0.4933016	0.2998705	1.221138
448	1	1.044265	0.2542323	0.04977891
448	15	-0.1999328	0.5891138	0.3977330
448	28	0.4933016	0.2998705	1.221138
449	1	1.044265	0.2542323	0.04977891
449	15	-0.1999328	0.5891138	0.3977330
449	28	0.4933016	0.2998705	1.221138
450	1	1.044265	0.2542323	0.04977891
450	15	-0.1999328	0.5891138	0.3977330
450	28	0.4933016	0.2998705	1.221138
451	1	1.044265	0.2542323	0.04977891
451	15	-0.1999328	0.5891138	0.3977330
451	28	0.4933016	0.2998705	1.221138
452	1	1.044265	0.2542323	0.04977891
452	15	-0.1999328	0.5891138	0.3977330
452	28	0.4933016	0.2998705	1.221138
453	1	1.044265	0.2542323	0.04977891
453	15	-0.1999328	0.5891138	0.3977330
453	28	0.4933016	0.2998705	1.221138
454	1	1.044265	0.2542323	0.04977891
454	15	-0.1999328	0.5891138	0.3977330
454	28	0.4933016	0.2998705	1.221138
455	1	1.044265	0.2542323	0.04977891
455	15	-0.1999328	0.5891138	0.3977330
455	28	0.4933016	0.2998705	1.221138
456	1	1.044265	0.2542323	0.04977891
456	15	-0.1999328	0.5891138	0.3977330
456	28	0.4933016	0.2998705	1.221138
457	1	1.044265	0.2542323	0.04977891
457	15	-0.1999328	0.5891138	0.3977330
457	28	0.4933016	0.2998705	1.221138
458	1	1.022061	0.1849534	0.801734
458	2	-0.1395051	0.5678155	0.4307181
458	3	-0.1395051	0.5678155	0.4307181
458	5	-0.1395051	0.5678155	0.4307181
458	6	-0.1395051	0.5678155	0.4307181
458	7	-0.1395051	0.5678155	0.4307181
458	8	-0.1395051	0.5678155	0.4307181
458	9	-0.1395051	0.5678155	0.4307181
458	10	0.7209988	0.3517975	0.03557367
458	12	-0.1395051	0.5678155	0.4307181
458	13	-0.1395051	0.5678155	0.4307181
458	14	-0.1395051	0.5678155	0.4307181
458	15	1.312323	0.1706384	0.08822887
458	16	1.153624	0.1599811	0.6615008
458	17	-0.1395051	0.5678155	0.4307181
458	18	-0.1395051	0.5678155	0.4307181
458	19	-0.1395051	0.5678155	0.4307181
458	20	-0.1395051	0.5678155	0.4307181
458	21	-0.1395051	0.5678155	0.4307181
458	22	-0.1593658	0.5687566	0.4799184
458	23	-0.1395051	0.5678155	0.4307181
458	24	0.1421906	0.5193062	0.08130564
458	25	-0.1395051	0.5678155	0.4307181
458	26	-0.1395051	0.5678155	0.4307181
458	27	-0.1395051	0.5678155	0.4307181
458	28	0.8210542	0.2289845	0.9577444
459	1	1.022061	0.1849534	0.801734
459	2	-0.1395051	0.5678155	0.4307181
459	3	-0.1395051	0.5678155	0.4307181
459	5	-0.1395051	0.5678155	0.4307181
459	6	-0.1395051	0.5678155	0.4307181
459	7	-0.1395051	0.5678155	0.4307181
459	8	-0.1395051	0.5678155	0.4307181
459	9	-0.1395051	0.5678155	0.4307181
459	10	0.7209988	0.3517975	0.03557367
459	12	-0.1395051	0.5678155	0.4307181
459	13	-0.1395051	0.5678155	0.4307181
459	14	-0.1395051	0.5678155	0.4307181
459	15	1.312323	0.1706384	0.08822887
459	16	1.153624	0.1599811	0.6615008
459	17	-0.1395051	0.5678155	0.4307181
459	18	-0.1395051	0.5678155	0.4307181
459	19	-0.1395051	0.5678155	0.4307181
459	20	-0.1395051	0.5678155	0.4307181
459	21	-0.1395051	0.5678155	0.4307181
459	22	-0.1593658	0.5687566	0.4799184
459	23	-0.1395051	0.5678155	0.4307181
459	24	0.1421906	0.5193062	0.08130564
459	25	-0.1395051	0.5678155	0.4307181
459	26	-0.1395051	0.5678155	0.4307181
459	27	-0.1395051	0.5678155	0.4307181
459	28	0.8210542	0.2289845	0.9577444
460	1	1.022061	0.1849534	0.801734
460	2	-0.1395051	0.5678155	0.4307181
460	3	-0.1395051	0.5678155	0.4307181
460	5	-0.1395051	0.5678155	0.4307181
460	6	-0.1395051	0.5678155	0.4307181
460	7	-0.1395051	0.5678155	0.4307181
460	8	-0.1395051	0.5678155	0.4307181
460	9	-0.1395051	0.5678155	0.4307181
460	10	0.7209988	0.3517975	0.03557367
460	12	-0.1395051	0.5678155	0.4307181
460	13	-0.1395051	0.5678155	0.4307181
460	14	-0.1395051	0.5678155	0.4307181
460	15	1.312323	0.1706384	0.08822887
460	16	1.153624	0.1599811	0.6615008
460	17	-0.1395051	0.5678155	0.4307181
460	18	-0.1395051	0.5678155	0.4307181
460	19	-0.1395051	0.5678155	0.4307181
460	20	-0.1395051	0.5678155	0.4307181
460	21	-0.1395051	0.5678155	0.4307181
460	22	-0.1593658	0.5687566	0.4799184
460	23	-0.1395051	0.5678155	0.4307181
460	24	0.1421906	0.5193062	0.08130564
460	25	-0.1395051	0.5678155	0.4307181
460	26	-0.1395051	0.5678155	0.4307181
460	27	-0.1395051	0.5678155	0.4307181
460	28	0.8210542	0.2289845	0.9577444
461	13	-0.2712807	0.5480427	1.014981
461	15	1.387503	0.1257027	0.3119743
461	20	0.1117554	0.5279695	0.08514412
461	22	0.1117554	0.5279695	0.08514412
461	28	-0.1545319	0.4710737	1.433666
462	1	0.9315364	0.2068191	0.8518184
462	2	-0.1081234	0.5668957	0.3473553
462	3	-0.1081234	0.5668957	0.3473553
462	5	-0.1081234	0.5668957	0.3473553
462	6	-0.1088779	0.5669596	0.3489455
462	7	-0.1081234	0.5668957	0.3473553
462	8	-0.1081234	0.5668957	0.3473553
462	9	-0.1081234	0.5668957	0.3473553
462	10	0.8710841	0.2172007	0.9270854
462	11	1.315782	0.1675174	0.1089616
462	12	-0.1081234	0.5668957	0.3473553
462	13	0.8495877	0.2290649	0.8728633
462	14	-0.1081234	0.5668957	0.3473553
462	15	0.9779027	0.1927508	0.8545942
462	16	1.307575	0.16957	0.1128074
462	17	-0.1081234	0.5668957	0.3473553
462	18	-0.1097976	0.5670232	0.3510258
462	19	-0.1081234	0.5668957	0.3473553
462	20	-0.1097976	0.5670232	0.3510258
462	21	-0.1081234	0.5668957	0.3473553
462	22	-0.1097976	0.5670232	0.3510258
462	23	-0.1081234	0.5668957	0.3473553
462	24	-0.0569226	0.5622408	0.2426019
462	25	-0.1081234	0.5668957	0.3473553
462	26	-0.1081234	0.5668957	0.3473553
462	27	-0.1081234	0.5668957	0.3473553
462	28	0.8832214	0.2204507	0.8591131
463	1	0.758078	0.2366216	1.067647
463	2	-0.1277972	0.5694122	0.3803939
463	3	-0.1277972	0.5694122	0.3803939
463	4	0.758078	0.2366216	1.067647
463	5	-0.1277972	0.5694122	0.3803939
463	6	-0.1277972	0.5694122	0.3803939
463	7	-0.1277972	0.5694122	0.3803939
463	8	-0.1277972	0.5694122	0.3803939
463	9	-0.1277972	0.5694122	0.3803939
463	10	1.161425	0.166436	0.574547
463	11	1.264861	0.1847754	0.08800068
463	12	-0.1277972	0.5694122	0.3803939
463	13	1.039561	0.1941639	0.6588931
463	14	-0.1277972	0.5694122	0.3803939
463	15	1.293625	0.1456059	0.3913885
463	16	1.266029	0.1835282	0.0969165
463	17	-0.1277972	0.5694122	0.3803939
463	18	-0.1277972	0.5694122	0.3803939
463	19	-0.1277972	0.5694122	0.3803939
463	20	-0.1277972	0.5694122	0.3803939
463	21	-0.1277972	0.5694122	0.3803939
463	22	-0.1277972	0.5694122	0.3803939
463	23	-0.1277972	0.5694122	0.3803939
463	24	-0.0629436	0.563818	0.2447149
463	25	-0.1277972	0.5694122	0.3803939
463	26	-0.1277972	0.5694122	0.3803939
463	27	-0.1277972	0.5694122	0.3803939
463	28	1.070241	0.1867805	0.6416487
464	1	0.758078	0.2366216	1.067647
464	2	-0.1277972	0.5694122	0.3803939
464	3	-0.1277972	0.5694122	0.3803939
464	4	0.758078	0.2366216	1.067647
464	5	-0.1277972	0.5694122	0.3803939
464	6	-0.1277972	0.5694122	0.3803939
464	7	-0.1277972	0.5694122	0.3803939
464	8	-0.1277972	0.5694122	0.3803939
464	9	-0.1277972	0.5694122	0.3803939
464	10	1.161425	0.166436	0.574547
464	11	1.264861	0.1847754	0.08800068
464	12	-0.1277972	0.5694122	0.3803939
464	13	1.039561	0.1941639	0.6588931
464	14	-0.1277972	0.5694122	0.3803939
464	15	1.293625	0.1456059	0.3913885
464	16	1.266029	0.1835282	0.0969165
464	17	-0.1277972	0.5694122	0.3803939
464	18	-0.1277972	0.5694122	0.3803939
464	19	-0.1277972	0.5694122	0.3803939
464	20	-0.1277972	0.5694122	0.3803939
464	21	-0.1277972	0.5694122	0.3803939
464	22	-0.1277972	0.5694122	0.3803939
464	23	-0.1277972	0.5694122	0.3803939
464	24	-0.0629436	0.563818	0.2447149
464	25	-0.1277972	0.5694122	0.3803939
464	26	-0.1277972	0.5694122	0.3803939
464	27	-0.1277972	0.5694122	0.3803939
464	28	1.070241	0.1867805	0.6416487
465	1	0.7499315	0.2385229	1.072812
465	2	-0.1286028	0.5696963	0.3799524
465	3	-0.1286028	0.5696963	0.3799524
465	4	0.7499315	0.2385229	1.072812
465	5	-0.1286028	0.5696963	0.3799524
465	6	-0.1286028	0.5696963	0.3799524
465	7	-0.1286028	0.5696963	0.3799524
465	8	-0.1286028	0.5696963	0.3799524
465	9	-0.1286028	0.5696963	0.3799524
465	10	1.157450	0.1673876	0.5768317
465	11	1.260865	0.1860635	0.08701407
465	12	-0.1286028	0.5696963	0.3799524
465	13	1.032515	0.1956815	0.6646189
465	14	-0.1286028	0.5696963	0.3799524
465	15	1.291496	0.1462783	0.3909987
465	16	1.262142	0.1847904	0.09586424
465	17	-0.1286028	0.5696963	0.3799524
465	18	-0.1286028	0.5696963	0.3799524
465	19	-0.1286028	0.5696963	0.3799524
465	20	-0.1286028	0.5696963	0.3799524
465	21	-0.1286028	0.5696963	0.3799524
465	22	-0.1286028	0.5696963	0.3799524
465	24	-0.06541924	0.5643585	0.2466542
465	25	-0.1286028	0.5696963	0.3799524
465	26	-0.1286028	0.5696963	0.3799524
465	27	-0.1286028	0.5696963	0.3799524
465	28	1.064383	0.1880704	0.6461285
466	1	1.044288	0.2542251	0.0497841
466	24	-0.1999218	0.5891129	0.3977097
466	28	0.493265	0.2998789	1.221163
467	1	1.044288	0.2542251	0.0497841
467	24	-0.1999218	0.5891129	0.3977097
467	28	0.493265	0.2998789	1.221163
468	1	1.044288	0.2542251	0.0497841
468	24	-0.1999218	0.5891129	0.3977097
468	28	0.493265	0.2998789	1.221163
469	1	1.044288	0.2542251	0.0497841
469	24	-0.1999218	0.5891129	0.3977097
469	28	0.493265	0.2998789	1.221163
470	1	1.044288	0.2542251	0.0497841
470	24	-0.1999218	0.5891129	0.3977097
470	28	0.493265	0.2998789	1.221163
471	1	1.044288	0.2542251	0.0497841
471	24	-0.1999218	0.5891129	0.3977097
471	28	0.493265	0.2998789	1.221163
472	1	1.044288	0.2542251	0.0497841
472	24	-0.1999218	0.5891129	0.3977097
472	28	0.493265	0.2998789	1.221163
473	1	1.044288	0.2542251	0.0497841
473	24	-0.1999218	0.5891129	0.3977097
473	28	0.493265	0.2998789	1.221163
474	1	1.044288	0.2542251	0.0497841
474	24	-0.1999218	0.5891129	0.3977097
474	28	0.493265	0.2998789	1.221163
475	1	1.044288	0.2542251	0.0497841
475	24	-0.1999218	0.5891129	0.3977097
475	28	0.493265	0.2998789	1.221163
476	1	1.044288	0.2542251	0.0497841
476	24	-0.1999218	0.5891129	0.3977097
476	28	0.493265	0.2998789	1.221163
477	1	1.044288	0.2542251	0.0497841
477	24	-0.1999218	0.5891129	0.3977097
477	28	0.493265	0.2998789	1.221163
478	1	1.044288	0.2542251	0.0497841
478	24	-0.1999218	0.5891129	0.3977097
478	28	0.493265	0.2998789	1.221163
479	1	1.044288	0.2542251	0.0497841
479	24	-0.1999218	0.5891129	0.3977097
479	28	0.493265	0.2998789	1.221163
480	1	1.044288	0.2542251	0.0497841
480	24	-0.1999218	0.5891129	0.3977097
480	28	0.493265	0.2998789	1.221163
481	1	1.044288	0.2542251	0.0497841
481	24	-0.1999218	0.5891129	0.3977097
481	28	0.493265	0.2998789	1.221163
482	1	1.044288	0.2542251	0.0497841
482	24	-0.1999218	0.5891129	0.3977097
482	28	0.493265	0.2998789	1.221163
483	1	1.044288	0.2542251	0.0497841
483	24	-0.1999218	0.5891129	0.3977097
483	28	0.493265	0.2998789	1.221163
484	1	1.044288	0.2542251	0.0497841
484	24	-0.1999218	0.5891129	0.3977097
484	28	0.493265	0.2998789	1.221163
485	1	1.044288	0.2542251	0.0497841
485	24	-0.1999218	0.5891129	0.3977097
485	28	0.493265	0.2998789	1.221163
486	1	1.044288	0.2542251	0.0497841
486	24	-0.1999218	0.5891129	0.3977097
486	28	0.493265	0.2998789	1.221163
487	1	1.044288	0.2542251	0.0497841
487	24	-0.1999218	0.5891129	0.3977097
487	28	0.493265	0.2998789	1.221163
488	1	1.044288	0.2542251	0.0497841
488	24	-0.1999218	0.5891129	0.3977097
488	28	0.493265	0.2998789	1.221163
489	1	1.044288	0.2542251	0.0497841
489	24	-0.1999218	0.5891129	0.3977097
489	28	0.493265	0.2998789	1.221163
490	1	1.044288	0.2542251	0.0497841
490	24	-0.1999218	0.5891129	0.3977097
490	28	0.493265	0.2998789	1.221163
491	1	1.044288	0.2542251	0.0497841
491	24	-0.1999218	0.5891129	0.3977097
491	28	0.493265	0.2998789	1.221163
492	1	1.044288	0.2542251	0.0497841
492	24	-0.1999218	0.5891129	0.3977097
492	28	0.493265	0.2998789	1.221163
493	1	1.044288	0.2542251	0.0497841
493	24	-0.1999218	0.5891129	0.3977097
493	28	0.493265	0.2998789	1.221163
494	1	1.044288	0.2542251	0.0497841
494	24	-0.1999218	0.5891129	0.3977097
494	28	0.493265	0.2998789	1.221163
495	1	1.044288	0.2542251	0.0497841
495	24	-0.1999218	0.5891129	0.3977097
495	28	0.493265	0.2998789	1.221163
496	1	1.044288	0.2542251	0.0497841
496	24	-0.1999218	0.5891129	0.3977097
496	28	0.493265	0.2998789	1.221163
497	1	1.044288	0.2542251	0.0497841
497	24	-0.1999218	0.5891129	0.3977097
497	28	0.493265	0.2998789	1.221163
498	1	1.044288	0.2542251	0.0497841
498	24	-0.1999218	0.5891129	0.3977097
498	28	0.493265	0.2998789	1.221163
499	1	1.044288	0.2542251	0.0497841
499	24	-0.1999218	0.5891129	0.3977097
499	28	0.493265	0.2998789	1.221163
500	1	1.044288	0.2542251	0.0497841
500	24	-0.1999218	0.5891129	0.3977097
500	28	0.493265	0.2998789	1.221163
501	1	1.044288	0.2542251	0.0497841
501	24	-0.1999218	0.5891129	0.3977097
501	28	0.493265	0.2998789	1.221163
502	1	-0.2784520	0.5802243	0.7172094
502	4	-0.2784520	0.5802243	0.7172094
502	24	1.106013	0.1659457	0.7426972
502	28	0.7073875	0.3590569	0.003746828
503	1	-0.2784520	0.5802243	0.7172094
503	4	-0.2784520	0.5802243	0.7172094
503	24	1.106013	0.1659457	0.7426972
503	28	0.7073875	0.3590569	0.003746828
504	1	-0.2784520	0.5802243	0.7172094
504	4	-0.2784520	0.5802243	0.7172094
504	24	1.106013	0.1659457	0.7426972
504	28	0.7073875	0.3590569	0.003746828
505	1	-0.2784520	0.5802243	0.7172094
505	4	-0.2784520	0.5802243	0.7172094
505	24	1.106013	0.1659457	0.7426972
505	28	0.7073875	0.3590569	0.003746828
506	1	-0.2784520	0.5802243	0.7172094
506	4	-0.2784520	0.5802243	0.7172094
506	24	1.106013	0.1659457	0.7426972
506	28	0.7073875	0.3590569	0.003746828
507	1	-0.2784520	0.5802243	0.7172094
507	4	-0.2784520	0.5802243	0.7172094
507	24	1.106013	0.1659457	0.7426972
507	28	0.7073875	0.3590569	0.003746828
508	1	-0.2784520	0.5802243	0.7172094
508	4	-0.2784520	0.5802243	0.7172094
508	24	1.106013	0.1659457	0.7426972
508	28	0.7073875	0.3590569	0.003746828
509	1	1.044288	0.2542251	0.0497841
509	24	-0.1999218	0.5891129	0.3977097
509	28	0.493265	0.2998789	1.221163
510	1	1.044288	0.2542251	0.0497841
510	24	-0.1999218	0.5891129	0.3977097
510	28	0.493265	0.2998789	1.221163
511	1	1.044288	0.2542251	0.0497841
511	24	-0.1999218	0.5891129	0.3977097
511	28	0.493265	0.2998789	1.221163
512	1	1.044288	0.2542251	0.0497841
512	24	-0.1999218	0.5891129	0.3977097
512	28	0.493265	0.2998789	1.221163
513	1	1.044288	0.2542251	0.0497841
513	24	-0.1999218	0.5891129	0.3977097
513	28	0.493265	0.2998789	1.221163
514	1	1.044288	0.2542251	0.0497841
514	24	-0.1999218	0.5891129	0.3977097
514	28	0.493265	0.2998789	1.221163
515	1	1.044288	0.2542251	0.0497841
515	24	-0.1999218	0.5891129	0.3977097
515	28	0.493265	0.2998789	1.221163
516	1	1.044288	0.2542251	0.0497841
516	24	-0.1999218	0.5891129	0.3977097
516	28	0.493265	0.2998789	1.221163
517	1	1.044288	0.2542251	0.0497841
517	24	-0.1999218	0.5891129	0.3977097
517	28	0.493265	0.2998789	1.221163
518	1	1.044288	0.2542251	0.0497841
518	24	-0.1999218	0.5891129	0.3977097
518	28	0.493265	0.2998789	1.221163
519	1	1.044288	0.2542251	0.0497841
519	24	-0.1999218	0.5891129	0.3977097
519	28	0.493265	0.2998789	1.221163
520	1	1.044288	0.2542251	0.0497841
520	24	-0.1999218	0.5891129	0.3977097
520	28	0.493265	0.2998789	1.221163
521	1	1.044288	0.2542251	0.0497841
521	24	-0.1999218	0.5891129	0.3977097
521	28	0.493265	0.2998789	1.221163
522	1	1.044288	0.2542251	0.0497841
522	24	-0.1999218	0.5891129	0.3977097
522	28	0.493265	0.2998789	1.221163
523	1	1.044288	0.2542251	0.0497841
523	24	-0.1999218	0.5891129	0.3977097
523	28	0.493265	0.2998789	1.221163
524	1	1.044288	0.2542251	0.0497841
524	24	-0.1999218	0.5891129	0.3977097
524	28	0.493265	0.2998789	1.221163
525	1	1.044288	0.2542251	0.0497841
525	24	-0.1999218	0.5891129	0.3977097
525	28	0.493265	0.2998789	1.221163
526	1	1.044288	0.2542251	0.0497841
526	24	-0.1999218	0.5891129	0.3977097
526	28	0.493265	0.2998789	1.221163
527	1	1.044288	0.2542251	0.0497841
527	24	-0.1999218	0.5891129	0.3977097
527	28	0.493265	0.2998789	1.221163
528	1	1.044288	0.2542251	0.0497841
528	24	-0.1999218	0.5891129	0.3977097
528	28	0.493265	0.2998789	1.221163
529	1	1.044288	0.2542251	0.0497841
529	24	-0.1999218	0.5891129	0.3977097
529	28	0.493265	0.2998789	1.221163
530	1	1.044288	0.2542251	0.0497841
530	24	-0.1999218	0.5891129	0.3977097
530	28	0.493265	0.2998789	1.221163
531	1	1.044288	0.2542251	0.0497841
531	24	-0.1999218	0.5891129	0.3977097
531	28	0.493265	0.2998789	1.221163
532	1	1.044288	0.2542251	0.0497841
532	24	-0.1999218	0.5891129	0.3977097
532	28	0.493265	0.2998789	1.221163
533	1	1.044288	0.2542251	0.0497841
533	24	-0.1999218	0.5891129	0.3977097
533	28	0.493265	0.2998789	1.221163
534	1	1.044288	0.2542251	0.0497841
534	24	-0.1999218	0.5891129	0.3977097
534	28	0.493265	0.2998789	1.221163
535	1	1.237433	0.1593084	0.421194
535	15	-0.3745795	0.558653	1.214245
535	24	0.1810821	0.5125147	0.03399839
535	28	1.237433	0.1593084	0.421194
536	1	1.237433	0.1593084	0.421194
536	15	-0.3745795	0.558653	1.214245
536	24	0.1810821	0.5125147	0.03399839
536	28	1.237433	0.1593084	0.421194
537	1	1.237433	0.1593084	0.421194
537	15	-0.3745795	0.558653	1.214245
537	24	0.1810821	0.5125147	0.03399839
537	28	1.237433	0.1593084	0.421194
538	1	1.025089	0.1914650	0.7282837
538	2	-0.1207998	0.569263	0.361252
538	3	-0.1207998	0.569263	0.361252
538	5	-0.1207998	0.569263	0.361252
538	6	-0.1207998	0.569263	0.361252
538	7	-0.1207998	0.569263	0.361252
538	8	-0.1207998	0.569263	0.361252
538	9	-0.1207998	0.569263	0.361252
538	10	0.9372895	0.2060196	0.8427873
538	11	1.270093	0.1830963	0.08922218
538	12	-0.1207998	0.569263	0.361252
538	13	0.9835805	0.2060194	0.7063762
538	14	-0.1207998	0.569263	0.361252
538	15	0.9667599	0.1952777	0.8623895
538	16	1.249665	0.1894688	0.0862734
538	17	-0.1207998	0.569263	0.361252
538	18	-0.1207998	0.569263	0.361252
538	19	-0.1207998	0.569263	0.361252
538	20	-0.1207998	0.569263	0.361252
538	21	-0.1207998	0.569263	0.361252
538	22	-0.1207998	0.569263	0.361252
538	24	0.9667599	0.1952777	0.8623895
538	25	-0.1207998	0.569263	0.361252
538	26	-0.1207998	0.569263	0.361252
538	27	-0.1207998	0.569263	0.361252
538	28	1.014482	0.1983587	0.6912286
539	1	0.8730474	0.2187579	0.9058687
539	2	-0.1129052	0.5683868	0.3466701
539	3	-0.1129052	0.5683868	0.3466701
539	5	-0.1129052	0.5683868	0.3466701
539	6	-0.1129052	0.5683868	0.3466701
539	7	-0.1129052	0.5683868	0.3466701
539	8	-0.1129052	0.5683868	0.3466701
539	9	-0.1129052	0.5683868	0.3466701
539	10	1.035106	0.1868247	0.7447487
539	11	1.29553	0.1441664	0.4000401
539	12	-0.1129052	0.5683868	0.3466701
539	13	0.6591703	0.2697741	1.030587
539	14	-0.1129052	0.5683868	0.3466701
539	15	1.288119	0.1747243	0.1190657
539	16	1.104082	0.1732486	0.6760202
539	17	-0.1129052	0.5683868	0.3466701
539	18	-0.1129052	0.5683868	0.3466701
539	19	-0.1129052	0.5683868	0.3466701
539	20	-0.1129052	0.5683868	0.3466701
539	21	-0.1129052	0.5683868	0.3466701
539	22	-0.1129052	0.5683868	0.3466701
539	24	1.288119	0.1747243	0.1190657
539	25	-0.1129052	0.5683868	0.3466701
539	26	-0.1129052	0.5683868	0.3466701
539	27	-0.1129052	0.5683868	0.3466701
539	28	0.7001761	0.2589279	1.017230
540	1	0.8730474	0.2187579	0.9058687
540	2	-0.1129052	0.5683868	0.3466701
540	3	-0.1129052	0.5683868	0.3466701
540	5	-0.1129052	0.5683868	0.3466701
540	6	-0.1129052	0.5683868	0.3466701
540	7	-0.1129052	0.5683868	0.3466701
540	8	-0.1129052	0.5683868	0.3466701
540	9	-0.1129052	0.5683868	0.3466701
540	10	1.035106	0.1868247	0.7447487
540	11	1.29553	0.1441664	0.4000401
540	12	-0.1129052	0.5683868	0.3466701
540	13	0.6591703	0.2697741	1.030587
540	14	-0.1129052	0.5683868	0.3466701
540	15	1.288119	0.1747243	0.1190657
540	16	1.104082	0.1732486	0.6760202
540	17	-0.1129052	0.5683868	0.3466701
540	18	-0.1129052	0.5683868	0.3466701
540	19	-0.1129052	0.5683868	0.3466701
540	20	-0.1129052	0.5683868	0.3466701
540	21	-0.1129052	0.5683868	0.3466701
540	22	-0.1129052	0.5683868	0.3466701
540	24	1.288119	0.1747243	0.1190657
540	25	-0.1129052	0.5683868	0.3466701
540	26	-0.1129052	0.5683868	0.3466701
540	27	-0.1129052	0.5683868	0.3466701
540	28	0.7001761	0.2589279	1.017230
541	1	-0.1371475	0.5703241	0.3989112
541	10	-0.1210175	0.5655021	0.3991617
541	13	-0.1574945	0.5764067	0.3985958
541	15	0.6348822	0.2631192	1.168108
541	16	-0.1110383	0.5625189	0.3993169
541	19	-0.1574945	0.5764067	0.3985958
541	24	1.154467	0.2201869	0.06240525
542	1	1.211725	0.1669807	0.4209236
542	10	1.190034	0.1734676	0.4205607
542	15	-0.3837576	0.564867	1.179713
542	19	1.217762	0.1651751	0.4210246
542	24	0.1530422	0.5202454	0.04002049
543	1	1.211725	0.1669807	0.4209236
543	10	1.190034	0.1734676	0.4205607
543	15	-0.3837576	0.564867	1.179713
543	19	1.217762	0.1651751	0.4210246
543	24	0.1530422	0.5202454	0.04002049
544	1	1.211725	0.1669807	0.4209236
544	10	1.190034	0.1734676	0.4205607
544	15	-0.3837576	0.564867	1.179713
544	19	1.217762	0.1651751	0.4210246
544	24	0.1530422	0.5202454	0.04002049
545	1	1.211725	0.1669807	0.4209236
545	10	1.190034	0.1734676	0.4205607
545	15	-0.3837576	0.564867	1.179713
545	19	1.217762	0.1651751	0.4210246
545	24	0.1530422	0.5202454	0.04002049
546	1	1.211725	0.1669807	0.4209236
546	10	1.190034	0.1734676	0.4205607
546	15	-0.3837576	0.564867	1.179713
546	19	1.217762	0.1651751	0.4210246
546	24	0.1530422	0.5202454	0.04002049
547	1	1.211725	0.1669807	0.4209236
547	10	1.190034	0.1734676	0.4205607
547	15	-0.3837576	0.564867	1.179713
547	19	1.217762	0.1651751	0.4210246
547	24	0.1530422	0.5202454	0.04002049
548	1	1.211725	0.1669807	0.4209236
548	10	1.190034	0.1734676	0.4205607
548	15	-0.3837576	0.564867	1.179713
548	19	1.217762	0.1651751	0.4210246
548	24	0.1530422	0.5202454	0.04002049
549	1	1.211725	0.1669807	0.4209236
549	10	1.190034	0.1734676	0.4205607
549	15	-0.3837576	0.564867	1.179713
549	19	1.217762	0.1651751	0.4210246
549	24	0.1530422	0.5202454	0.04002049
550	1	1.211725	0.1669807	0.4209236
550	10	1.190034	0.1734676	0.4205607
550	15	-0.3837576	0.564867	1.179713
550	19	1.217762	0.1651751	0.4210246
550	24	0.1530422	0.5202454	0.04002049
551	1	1.252424	0.1548484	0.4212143
551	2	-0.1414645	0.572378	0.3912793
551	3	-0.1414645	0.572378	0.3912793
551	5	-0.1414645	0.572378	0.3912793
551	6	-0.1414645	0.572378	0.3912793
551	7	-0.1375746	0.5721164	0.3824086
551	8	-0.1414645	0.572378	0.3912793
551	9	-0.1414645	0.572378	0.3912793
551	10	1.203589	0.203288	0.08510877
551	11	1.211934	0.2015698	0.07754538
551	12	-0.1414645	0.572378	0.3912793
551	13	0.7245831	0.2480569	1.053032
551	14	-0.1414645	0.572378	0.3912793
551	15	0.8149297	0.2233452	1.031675
551	16	1.230985	0.1550579	0.4823153
551	17	-0.1414645	0.572378	0.3912793
551	18	-0.1414645	0.572378	0.3912793
551	19	1.099727	0.1863736	0.55879
551	20	-0.1414645	0.572378	0.3912793
551	21	-0.1414645	0.572378	0.3912793
551	22	-0.1414645	0.572378	0.3912793
551	23	1.121650	0.1811944	0.5455101
551	24	1.253492	0.1503188	0.4629537
551	25	-0.1414645	0.572378	0.3912793
551	26	-0.1414645	0.572378	0.3912793
551	27	-0.1414645	0.572378	0.3912793
551	28	1.189773	0.1746156	0.4099547
665	15	1.276536	0.1475532	0.4224508
665	24	-0.1847861	0.5846476	0.3973559
666	15	1.276536	0.1475532	0.4224508
666	24	-0.1847861	0.5846476	0.3973559
667	15	1.276536	0.1475532	0.4224508
667	24	-0.1847861	0.5846476	0.3973559
668	15	1.276536	0.1475532	0.4224508
668	24	-0.1847861	0.5846476	0.3973559
669	15	1.276536	0.1475532	0.4224508
669	24	-0.1847861	0.5846476	0.3973559
670	15	1.276536	0.1475532	0.4224508
670	24	-0.1847861	0.5846476	0.3973559
671	15	1.276536	0.1475532	0.4224508
671	24	-0.1847861	0.5846476	0.3973559
672	15	1.276536	0.1475532	0.4224508
672	24	-0.1847861	0.5846476	0.3973559
673	15	1.276536	0.1475532	0.4224508
673	24	-0.1847861	0.5846476	0.3973559
674	15	1.276536	0.1475532	0.4224508
674	24	-0.1847861	0.5846476	0.3973559
675	15	1.276536	0.1475532	0.4224508
675	24	-0.1847861	0.5846476	0.3973559
676	15	1.276536	0.1475532	0.4224508
676	24	-0.1847861	0.5846476	0.3973559
677	15	1.276536	0.1475532	0.4224508
677	24	-0.1847861	0.5846476	0.3973559
678	15	1.276536	0.1475532	0.4224508
678	24	-0.1847861	0.5846476	0.3973559
679	15	1.276536	0.1475532	0.4224508
679	24	-0.1847861	0.5846476	0.3973559
680	15	1.276536	0.1475532	0.4224508
680	24	-0.1847861	0.5846476	0.3973559
681	15	1.276536	0.1475532	0.4224508
681	24	-0.1847861	0.5846476	0.3973559
682	15	1.276536	0.1475532	0.4224508
682	24	-0.1847861	0.5846476	0.3973559
683	15	1.276536	0.1475532	0.4224508
683	24	-0.1847861	0.5846476	0.3973559
684	15	1.276536	0.1475532	0.4224508
684	24	-0.1847861	0.5846476	0.3973559
685	15	1.276536	0.1475532	0.4224508
685	24	-0.1847861	0.5846476	0.3973559
686	15	1.276536	0.1475532	0.4224508
686	24	-0.1847861	0.5846476	0.3973559
687	15	1.276536	0.1475532	0.4224508
687	24	-0.1847861	0.5846476	0.3973559
688	15	1.276536	0.1475532	0.4224508
688	24	-0.1847861	0.5846476	0.3973559
689	15	1.276536	0.1475532	0.4224508
689	24	-0.1847861	0.5846476	0.3973559
690	15	1.276536	0.1475532	0.4224508
690	24	-0.1847861	0.5846476	0.3973559
691	15	1.276536	0.1475532	0.4224508
691	24	-0.1847861	0.5846476	0.3973559
692	15	1.276536	0.1475532	0.4224508
692	24	-0.1847861	0.5846476	0.3973559
693	15	1.276536	0.1475532	0.4224508
693	24	-0.1847861	0.5846476	0.3973559
694	15	1.276536	0.1475532	0.4224508
694	24	-0.1847861	0.5846476	0.3973559
695	15	1.276536	0.1475532	0.4224508
695	24	-0.1847861	0.5846476	0.3973559
696	15	1.276536	0.1475532	0.4224508
696	24	-0.1847861	0.5846476	0.3973559
697	15	1.276536	0.1475532	0.4224508
697	24	-0.1847861	0.5846476	0.3973559
698	15	1.276536	0.1475532	0.4224508
698	24	-0.1847861	0.5846476	0.3973559
699	15	1.276536	0.1475532	0.4224508
699	24	-0.1847861	0.5846476	0.3973559
700	15	1.276536	0.1475532	0.4224508
700	24	-0.1847861	0.5846476	0.3973559
701	15	1.276536	0.1475532	0.4224508
701	24	-0.1847861	0.5846476	0.3973559
702	15	1.276536	0.1475532	0.4224508
702	24	-0.1847861	0.5846476	0.3973559
703	15	1.276536	0.1475532	0.4224508
703	24	-0.1847861	0.5846476	0.3973559
704	15	1.276536	0.1475532	0.4224508
704	24	-0.1847861	0.5846476	0.3973559
705	15	1.276536	0.1475532	0.4224508
705	24	-0.1847861	0.5846476	0.3973559
706	15	1.276536	0.1475532	0.4224508
706	24	-0.1847861	0.5846476	0.3973559
707	15	1.276536	0.1475532	0.4224508
707	24	-0.1847861	0.5846476	0.3973559
708	15	1.276536	0.1475532	0.4224508
708	24	-0.1847861	0.5846476	0.3973559
709	15	1.276536	0.1475532	0.4224508
709	24	-0.1847861	0.5846476	0.3973559
710	15	1.276536	0.1475532	0.4224508
710	24	-0.1847861	0.5846476	0.3973559
711	15	1.276536	0.1475532	0.4224508
711	24	-0.1847861	0.5846476	0.3973559
712	15	1.276536	0.1475532	0.4224508
712	24	-0.1847861	0.5846476	0.3973559
713	15	1.276536	0.1475532	0.4224508
713	24	-0.1847861	0.5846476	0.3973559
714	15	1.276536	0.1475532	0.4224508
714	24	-0.1847861	0.5846476	0.3973559
715	15	1.276536	0.1475532	0.4224508
715	24	-0.1847861	0.5846476	0.3973559
716	15	1.276536	0.1475532	0.4224508
716	24	-0.1847861	0.5846476	0.3973559
717	15	1.276536	0.1475532	0.4224508
717	24	-0.1847861	0.5846476	0.3973559
718	15	1.276536	0.1475532	0.4224508
718	24	-0.1847861	0.5846476	0.3973559
719	15	1.276536	0.1475532	0.4224508
719	24	-0.1847861	0.5846476	0.3973559
720	15	1.276536	0.1475532	0.4224508
720	24	-0.1847861	0.5846476	0.3973559
721	15	1.276536	0.1475532	0.4224508
721	24	-0.1847861	0.5846476	0.3973559
722	15	1.276536	0.1475532	0.4224508
722	24	-0.1847861	0.5846476	0.3973559
723	15	1.276536	0.1475532	0.4224508
723	24	-0.1847861	0.5846476	0.3973559
724	15	1.276536	0.1475532	0.4224508
724	24	-0.1847861	0.5846476	0.3973559
725	15	1.276536	0.1475532	0.4224508
725	24	-0.1847861	0.5846476	0.3973559
726	15	1.276536	0.1475532	0.4224508
726	24	-0.1847861	0.5846476	0.3973559
727	15	1.276536	0.1475532	0.4224508
727	24	-0.1847861	0.5846476	0.3973559
728	15	1.276536	0.1475532	0.4224508
728	24	-0.1847861	0.5846476	0.3973559
729	15	1.276536	0.1475532	0.4224508
729	24	-0.1847861	0.5846476	0.3973559
730	15	1.276536	0.1475532	0.4224508
730	24	-0.1847861	0.5846476	0.3973559
731	15	1.276536	0.1475532	0.4224508
731	24	-0.1847861	0.5846476	0.3973559
732	15	1.276536	0.1475532	0.4224508
732	24	-0.1847861	0.5846476	0.3973559
733	15	1.276536	0.1475532	0.4224508
733	24	-0.1847861	0.5846476	0.3973559
734	15	1.276536	0.1475532	0.4224508
734	24	-0.1847861	0.5846476	0.3973559
735	15	1.276536	0.1475532	0.4224508
735	24	-0.1847861	0.5846476	0.3973559
736	15	1.276536	0.1475532	0.4224508
736	24	-0.1847861	0.5846476	0.3973559
737	15	1.276536	0.1475532	0.4224508
737	24	-0.1847861	0.5846476	0.3973559
738	15	1.276536	0.1475532	0.4224508
738	24	-0.1847861	0.5846476	0.3973559
739	15	1.276536	0.1475532	0.4224508
739	24	-0.1847861	0.5846476	0.3973559
740	15	1.276536	0.1475532	0.4224508
740	24	-0.1847861	0.5846476	0.3973559
741	15	1.276536	0.1475532	0.4224508
741	24	-0.1847861	0.5846476	0.3973559
742	15	1.276536	0.1475532	0.4224508
742	24	-0.1847861	0.5846476	0.3973559
743	15	1.276536	0.1475532	0.4224508
743	24	-0.1847861	0.5846476	0.3973559
744	15	1.276536	0.1475532	0.4224508
744	24	-0.1847861	0.5846476	0.3973559
745	15	1.276536	0.1475532	0.4224508
745	24	-0.1847861	0.5846476	0.3973559
746	15	1.276536	0.1475532	0.4224508
746	24	-0.1847861	0.5846476	0.3973559
747	15	1.276536	0.1475532	0.4224508
747	24	-0.1847861	0.5846476	0.3973559
748	15	1.276536	0.1475532	0.4224508
748	24	-0.1847861	0.5846476	0.3973559
749	15	1.276536	0.1475532	0.4224508
749	24	-0.1847861	0.5846476	0.3973559
750	15	1.276536	0.1475532	0.4224508
750	24	-0.1847861	0.5846476	0.3973559
751	15	1.276536	0.1475532	0.4224508
751	24	-0.1847861	0.5846476	0.3973559
752	15	1.276536	0.1475532	0.4224508
752	24	-0.1847861	0.5846476	0.3973559
753	15	1.276536	0.1475532	0.4224508
753	24	-0.1847861	0.5846476	0.3973559
754	15	1.276536	0.1475532	0.4224508
754	24	-0.1847861	0.5846476	0.3973559
755	15	1.276536	0.1475532	0.4224508
755	24	-0.1847861	0.5846476	0.3973559
756	15	1.276536	0.1475532	0.4224508
756	24	-0.1847861	0.5846476	0.3973559
757	15	1.276536	0.1475532	0.4224508
757	24	-0.1847861	0.5846476	0.3973559
758	15	1.276536	0.1475532	0.4224508
758	24	-0.1847861	0.5846476	0.3973559
759	15	1.276536	0.1475532	0.4224508
759	24	-0.1847861	0.5846476	0.3973559
760	15	1.276536	0.1475532	0.4224508
760	24	-0.1847861	0.5846476	0.3973559
761	15	1.276536	0.1475532	0.4224508
761	24	-0.1847861	0.5846476	0.3973559
762	15	1.276536	0.1475532	0.4224508
762	24	-0.1847861	0.5846476	0.3973559
763	15	1.276536	0.1475532	0.4224508
763	24	-0.1847861	0.5846476	0.3973559
764	15	1.276536	0.1475532	0.4224508
764	24	-0.1847861	0.5846476	0.3973559
765	15	1.276536	0.1475532	0.4224508
765	24	-0.1847861	0.5846476	0.3973559
766	15	1.276536	0.1475532	0.4224508
766	24	-0.1847861	0.5846476	0.3973559
767	15	1.276536	0.1475532	0.4224508
767	24	-0.1847861	0.5846476	0.3973559
768	15	1.276536	0.1475532	0.4224508
768	24	-0.1847861	0.5846476	0.3973559
769	15	1.276536	0.1475532	0.4224508
769	24	-0.1847861	0.5846476	0.3973559
770	15	1.276536	0.1475532	0.4224508
770	24	-0.1847861	0.5846476	0.3973559
771	15	1.276536	0.1475532	0.4224508
771	24	-0.1847861	0.5846476	0.3973559
772	15	1.276536	0.1475532	0.4224508
772	24	-0.1847861	0.5846476	0.3973559
773	15	1.276536	0.1475532	0.4224508
773	24	-0.1847861	0.5846476	0.3973559
774	15	1.276536	0.1475532	0.4224508
774	24	-0.1847861	0.5846476	0.3973559
775	15	1.276536	0.1475532	0.4224508
775	24	-0.1847861	0.5846476	0.3973559
776	15	1.276536	0.1475532	0.4224508
776	24	-0.1847861	0.5846476	0.3973559
777	15	1.276536	0.1475532	0.4224508
777	24	-0.1847861	0.5846476	0.3973559
778	15	1.276536	0.1475532	0.4224508
778	24	-0.1847861	0.5846476	0.3973559
779	15	1.276536	0.1475532	0.4224508
779	24	-0.1847861	0.5846476	0.3973559
780	15	1.276536	0.1475532	0.4224508
780	24	-0.1847861	0.5846476	0.3973559
781	15	1.276536	0.1475532	0.4224508
781	24	-0.1847861	0.5846476	0.3973559
782	15	1.276536	0.1475532	0.4224508
782	24	-0.1847861	0.5846476	0.3973559
783	15	1.276536	0.1475532	0.4224508
783	24	-0.1847861	0.5846476	0.3973559
784	15	1.276536	0.1475532	0.4224508
784	24	-0.1847861	0.5846476	0.3973559
785	15	1.276536	0.1475532	0.4224508
785	24	-0.1847861	0.5846476	0.3973559
786	15	1.276536	0.1475532	0.4224508
786	24	-0.1847861	0.5846476	0.3973559
787	15	1.276536	0.1475532	0.4224508
787	24	-0.1847861	0.5846476	0.3973559
788	15	1.276536	0.1475532	0.4224508
788	24	-0.1847861	0.5846476	0.3973559
789	15	1.276536	0.1475532	0.4224508
789	24	-0.1847861	0.5846476	0.3973559
790	15	1.276536	0.1475532	0.4224508
790	24	-0.1847861	0.5846476	0.3973559
791	15	1.276536	0.1475532	0.4224508
791	24	-0.1847861	0.5846476	0.3973559
792	15	1.276536	0.1475532	0.4224508
792	24	-0.1847861	0.5846476	0.3973559
793	15	1.276536	0.1475532	0.4224508
793	24	-0.1847861	0.5846476	0.3973559
794	15	1.276536	0.1475532	0.4224508
794	24	-0.1847861	0.5846476	0.3973559
795	15	1.276536	0.1475532	0.4224508
795	24	-0.1847861	0.5846476	0.3973559
796	15	1.276536	0.1475532	0.4224508
796	24	-0.1847861	0.5846476	0.3973559
797	15	1.276536	0.1475532	0.4224508
797	24	-0.1847861	0.5846476	0.3973559
798	15	1.276536	0.1475532	0.4224508
798	24	-0.1847861	0.5846476	0.3973559
799	15	1.276536	0.1475532	0.4224508
799	24	-0.1847861	0.5846476	0.3973559
800	15	1.276536	0.1475532	0.4224508
800	24	-0.1847861	0.5846476	0.3973559
801	15	1.276536	0.1475532	0.4224508
801	24	-0.1847861	0.5846476	0.3973559
802	15	1.276536	0.1475532	0.4224508
802	24	-0.1847861	0.5846476	0.3973559
803	15	1.276536	0.1475532	0.4224508
803	24	-0.1847861	0.5846476	0.3973559
804	15	1.276536	0.1475532	0.4224508
804	24	-0.1847861	0.5846476	0.3973559
805	15	1.276536	0.1475532	0.4224508
805	24	-0.1847861	0.5846476	0.3973559
806	15	1.276536	0.1475532	0.4224508
806	24	-0.1847861	0.5846476	0.3973559
807	15	1.276536	0.1475532	0.4224508
807	24	-0.1847861	0.5846476	0.3973559
808	15	1.276536	0.1475532	0.4224508
808	24	-0.1847861	0.5846476	0.3973559
809	15	1.276536	0.1475532	0.4224508
809	24	-0.1847861	0.5846476	0.3973559
810	15	1.276536	0.1475532	0.4224508
810	24	-0.1847861	0.5846476	0.3973559
811	15	1.276536	0.1475532	0.4224508
811	24	-0.1847861	0.5846476	0.3973559
812	15	1.276536	0.1475532	0.4224508
812	24	-0.1847861	0.5846476	0.3973559
813	15	1.276536	0.1475532	0.4224508
813	24	-0.1847861	0.5846476	0.3973559
814	15	1.276536	0.1475532	0.4224508
814	24	-0.1847861	0.5846476	0.3973559
815	15	1.276536	0.1475532	0.4224508
815	24	-0.1847861	0.5846476	0.3973559
816	15	1.276536	0.1475532	0.4224508
816	24	-0.1847861	0.5846476	0.3973559
817	15	1.276536	0.1475532	0.4224508
817	24	-0.1847861	0.5846476	0.3973559
818	15	1.276536	0.1475532	0.4224508
818	24	-0.1847861	0.5846476	0.3973559
819	15	1.276536	0.1475532	0.4224508
819	24	-0.1847861	0.5846476	0.3973559
820	15	1.276536	0.1475532	0.4224508
820	24	-0.1847861	0.5846476	0.3973559
821	15	1.276536	0.1475532	0.4224508
821	24	-0.1847861	0.5846476	0.3973559
822	15	1.276536	0.1475532	0.4224508
822	24	-0.1847861	0.5846476	0.3973559
823	15	1.276536	0.1475532	0.4224508
823	24	-0.1847861	0.5846476	0.3973559
824	15	1.276536	0.1475532	0.4224508
824	24	-0.1847861	0.5846476	0.3973559
825	15	1.276536	0.1475532	0.4224508
825	24	-0.1847861	0.5846476	0.3973559
826	15	1.276536	0.1475532	0.4224508
826	24	-0.1847861	0.5846476	0.3973559
827	15	1.276536	0.1475532	0.4224508
827	24	-0.1847861	0.5846476	0.3973559
828	15	1.276536	0.1475532	0.4224508
828	24	-0.1847861	0.5846476	0.3973559
829	15	1.276536	0.1475532	0.4224508
829	24	-0.1847861	0.5846476	0.3973559
830	15	1.276536	0.1475532	0.4224508
830	24	-0.1847861	0.5846476	0.3973559
831	15	1.276536	0.1475532	0.4224508
831	24	-0.1847861	0.5846476	0.3973559
832	15	1.276536	0.1475532	0.4224508
832	24	-0.1847861	0.5846476	0.3973559
833	15	1.276536	0.1475532	0.4224508
833	24	-0.1847861	0.5846476	0.3973559
834	15	1.276536	0.1475532	0.4224508
834	24	-0.1847861	0.5846476	0.3973559
835	15	1.276536	0.1475532	0.4224508
835	24	-0.1847861	0.5846476	0.3973559
836	15	1.276536	0.1475532	0.4224508
836	24	-0.1847861	0.5846476	0.3973559
837	15	1.276536	0.1475532	0.4224508
837	24	-0.1847861	0.5846476	0.3973559
838	15	1.276536	0.1475532	0.4224508
838	24	-0.1847861	0.5846476	0.3973559
839	15	1.276536	0.1475532	0.4224508
839	24	-0.1847861	0.5846476	0.3973559
840	15	1.276536	0.1475532	0.4224508
840	24	-0.1847861	0.5846476	0.3973559
841	15	1.276536	0.1475532	0.4224508
841	24	-0.1847861	0.5846476	0.3973559
842	15	1.276536	0.1475532	0.4224508
842	24	-0.1847861	0.5846476	0.3973559
843	15	1.276536	0.1475532	0.4224508
843	24	-0.1847861	0.5846476	0.3973559
844	15	1.276536	0.1475532	0.4224508
844	24	-0.1847861	0.5846476	0.3973559
845	15	1.276536	0.1475532	0.4224508
845	24	-0.1847861	0.5846476	0.3973559
846	15	1.276536	0.1475532	0.4224508
846	24	-0.1847861	0.5846476	0.3973559
847	15	1.276536	0.1475532	0.4224508
847	24	-0.1847861	0.5846476	0.3973559
848	15	1.276536	0.1475532	0.4224508
848	24	-0.1847861	0.5846476	0.3973559
849	15	1.276536	0.1475532	0.4224508
849	24	-0.1847861	0.5846476	0.3973559
850	15	1.276536	0.1475532	0.4224508
850	24	-0.1847861	0.5846476	0.3973559
851	15	1.276536	0.1475532	0.4224508
851	24	-0.1847861	0.5846476	0.3973559
852	15	1.276536	0.1475532	0.4224508
852	24	-0.1847861	0.5846476	0.3973559
853	15	1.276536	0.1475532	0.4224508
853	24	-0.1847861	0.5846476	0.3973559
854	15	1.276536	0.1475532	0.4224508
854	24	-0.1847861	0.5846476	0.3973559
855	15	1.276536	0.1475532	0.4224508
855	24	-0.1847861	0.5846476	0.3973559
856	15	1.276536	0.1475532	0.4224508
856	24	-0.1847861	0.5846476	0.3973559
857	15	1.276536	0.1475532	0.4224508
857	24	-0.1847861	0.5846476	0.3973559
858	15	1.276536	0.1475532	0.4224508
858	24	-0.1847861	0.5846476	0.3973559
859	15	1.276536	0.1475532	0.4224508
859	24	-0.1847861	0.5846476	0.3973559
860	15	1.276536	0.1475532	0.4224508
860	24	-0.1847861	0.5846476	0.3973559
861	15	1.276536	0.1475532	0.4224508
861	24	-0.1847861	0.5846476	0.3973559
862	15	1.276536	0.1475532	0.4224508
862	24	-0.1847861	0.5846476	0.3973559
863	15	1.276536	0.1475532	0.4224508
863	24	-0.1847861	0.5846476	0.3973559
864	15	1.276536	0.1475532	0.4224508
864	24	-0.1847861	0.5846476	0.3973559
865	15	1.276536	0.1475532	0.4224508
865	24	-0.1847861	0.5846476	0.3973559
866	15	1.276536	0.1475532	0.4224508
866	24	-0.1847861	0.5846476	0.3973559
867	15	1.276536	0.1475532	0.4224508
867	24	-0.1847861	0.5846476	0.3973559
868	15	1.276536	0.1475532	0.4224508
868	24	-0.1847861	0.5846476	0.3973559
869	15	1.276536	0.1475532	0.4224508
869	24	-0.1847861	0.5846476	0.3973559
870	15	1.276536	0.1475532	0.4224508
870	24	-0.1847861	0.5846476	0.3973559
871	15	1.276536	0.1475532	0.4224508
871	24	-0.1847861	0.5846476	0.3973559
872	15	1.276536	0.1475532	0.4224508
872	24	-0.1847861	0.5846476	0.3973559
873	15	1.276536	0.1475532	0.4224508
873	24	-0.1847861	0.5846476	0.3973559
874	15	1.276536	0.1475532	0.4224508
874	24	-0.1847861	0.5846476	0.3973559
875	15	1.276536	0.1475532	0.4224508
875	24	-0.1847861	0.5846476	0.3973559
876	15	1.276536	0.1475532	0.4224508
876	24	-0.1847861	0.5846476	0.3973559
877	15	1.276536	0.1475532	0.4224508
877	24	-0.1847861	0.5846476	0.3973559
878	15	1.276536	0.1475532	0.4224508
878	24	-0.1847861	0.5846476	0.3973559
879	15	1.276536	0.1475532	0.4224508
879	24	-0.1847861	0.5846476	0.3973559
880	15	1.276536	0.1475532	0.4224508
880	24	-0.1847861	0.5846476	0.3973559
881	15	1.276536	0.1475532	0.4224508
881	24	-0.1847861	0.5846476	0.3973559
882	15	1.276536	0.1475532	0.4224508
882	24	-0.1847861	0.5846476	0.3973559
883	15	1.276536	0.1475532	0.4224508
883	24	-0.1847861	0.5846476	0.3973559
884	15	1.276536	0.1475532	0.4224508
884	24	-0.1847861	0.5846476	0.3973559
885	15	1.276536	0.1475532	0.4224508
885	24	-0.1847861	0.5846476	0.3973559
886	15	1.276536	0.1475532	0.4224508
886	24	-0.1847861	0.5846476	0.3973559
887	15	1.276536	0.1475532	0.4224508
887	24	-0.1847861	0.5846476	0.3973559
888	15	1.276536	0.1475532	0.4224508
888	24	-0.1847861	0.5846476	0.3973559
889	15	1.276536	0.1475532	0.4224508
889	24	-0.1847861	0.5846476	0.3973559
890	15	1.276536	0.1475532	0.4224508
890	24	-0.1847861	0.5846476	0.3973559
891	15	1.276536	0.1475532	0.4224508
891	24	-0.1847861	0.5846476	0.3973559
892	15	1.276536	0.1475532	0.4224508
892	24	-0.1847861	0.5846476	0.3973559
893	15	1.276536	0.1475532	0.4224508
893	24	-0.1847861	0.5846476	0.3973559
894	15	1.276536	0.1475532	0.4224508
894	24	-0.1847861	0.5846476	0.3973559
895	15	1.276536	0.1475532	0.4224508
895	24	-0.1847861	0.5846476	0.3973559
896	15	1.276536	0.1475532	0.4224508
896	24	-0.1847861	0.5846476	0.3973559
897	15	1.276536	0.1475532	0.4224508
897	24	-0.1847861	0.5846476	0.3973559
898	15	1.276536	0.1475532	0.4224508
898	24	-0.1847861	0.5846476	0.3973559
899	15	1.276536	0.1475532	0.4224508
899	24	-0.1847861	0.5846476	0.3973559
900	15	1.276536	0.1475532	0.4224508
900	24	-0.1847861	0.5846476	0.3973559
901	15	1.276536	0.1475532	0.4224508
901	24	-0.1847861	0.5846476	0.3973559
902	15	1.276536	0.1475532	0.4224508
902	24	-0.1847861	0.5846476	0.3973559
903	15	1.276536	0.1475532	0.4224508
903	24	-0.1847861	0.5846476	0.3973559
904	15	1.276536	0.1475532	0.4224508
904	24	-0.1847861	0.5846476	0.3973559
905	15	1.276536	0.1475532	0.4224508
905	24	-0.1847861	0.5846476	0.3973559
906	15	1.276536	0.1475532	0.4224508
906	24	-0.1847861	0.5846476	0.3973559
907	15	1.276536	0.1475532	0.4224508
907	24	-0.1847861	0.5846476	0.3973559
908	15	1.276536	0.1475532	0.4224508
908	24	-0.1847861	0.5846476	0.3973559
909	15	1.276536	0.1475532	0.4224508
909	24	-0.1847861	0.5846476	0.3973559
910	15	1.276536	0.1475532	0.4224508
910	24	-0.1847861	0.5846476	0.3973559
911	15	1.276536	0.1475532	0.4224508
911	24	-0.1847861	0.5846476	0.3973559
912	15	1.276536	0.1475532	0.4224508
912	24	-0.1847861	0.5846476	0.3973559
913	15	1.276536	0.1475532	0.4224508
913	24	-0.1847861	0.5846476	0.3973559
914	15	1.276536	0.1475532	0.4224508
914	24	-0.1847861	0.5846476	0.3973559
915	15	1.276536	0.1475532	0.4224508
915	24	-0.1847861	0.5846476	0.3973559
916	15	1.276536	0.1475532	0.4224508
916	24	-0.1847861	0.5846476	0.3973559
917	15	1.276536	0.1475532	0.4224508
917	24	-0.1847861	0.5846476	0.3973559
918	15	1.276536	0.1475532	0.4224508
918	24	-0.1847861	0.5846476	0.3973559
919	15	1.276536	0.1475532	0.4224508
919	24	-0.1847861	0.5846476	0.3973559
920	15	1.276536	0.1475532	0.4224508
920	24	-0.1847861	0.5846476	0.3973559
921	15	1.276536	0.1475532	0.4224508
921	24	-0.1847861	0.5846476	0.3973559
922	15	1.276536	0.1475532	0.4224508
922	24	-0.1847861	0.5846476	0.3973559
923	15	1.276536	0.1475532	0.4224508
923	24	-0.1847861	0.5846476	0.3973559
924	15	1.276536	0.1475532	0.4224508
924	24	-0.1847861	0.5846476	0.3973559
925	15	1.276536	0.1475532	0.4224508
925	24	-0.1847861	0.5846476	0.3973559
926	15	1.276536	0.1475532	0.4224508
926	24	-0.1847861	0.5846476	0.3973559
927	15	1.276536	0.1475532	0.4224508
927	24	-0.1847861	0.5846476	0.3973559
928	15	1.276536	0.1475532	0.4224508
928	24	-0.1847861	0.5846476	0.3973559
929	15	1.276536	0.1475532	0.4224508
929	24	-0.1847861	0.5846476	0.3973559
930	15	1.276536	0.1475532	0.4224508
930	24	-0.1847861	0.5846476	0.3973559
931	15	1.276536	0.1475532	0.4224508
931	24	-0.1847861	0.5846476	0.3973559
932	15	1.276536	0.1475532	0.4224508
932	24	-0.1847861	0.5846476	0.3973559
933	15	1.276536	0.1475532	0.4224508
933	24	-0.1847861	0.5846476	0.3973559
934	15	1.276536	0.1475532	0.4224508
934	24	-0.1847861	0.5846476	0.3973559
935	15	1.276536	0.1475532	0.4224508
935	24	-0.1847861	0.5846476	0.3973559
936	15	1.276536	0.1475532	0.4224508
936	24	-0.1847861	0.5846476	0.3973559
937	15	1.276536	0.1475532	0.4224508
937	24	-0.1847861	0.5846476	0.3973559
938	15	1.276536	0.1475532	0.4224508
938	24	-0.1847861	0.5846476	0.3973559
939	15	1.276536	0.1475532	0.4224508
939	24	-0.1847861	0.5846476	0.3973559
940	15	1.276536	0.1475532	0.4224508
940	24	-0.1847861	0.5846476	0.3973559
941	15	1.276536	0.1475532	0.4224508
941	24	-0.1847861	0.5846476	0.3973559
942	15	1.276536	0.1475532	0.4224508
942	24	-0.1847861	0.5846476	0.3973559
943	15	1.276536	0.1475532	0.4224508
943	24	-0.1847861	0.5846476	0.3973559
944	15	1.276536	0.1475532	0.4224508
944	24	-0.1847861	0.5846476	0.3973559
945	15	1.276536	0.1475532	0.4224508
945	24	-0.1847861	0.5846476	0.3973559
946	15	1.276536	0.1475532	0.4224508
946	24	-0.1847861	0.5846476	0.3973559
947	15	1.276536	0.1475532	0.4224508
947	24	-0.1847861	0.5846476	0.3973559
948	15	1.276536	0.1475532	0.4224508
948	24	-0.1847861	0.5846476	0.3973559
949	15	1.276536	0.1475532	0.4224508
949	24	-0.1847861	0.5846476	0.3973559
950	15	1.276536	0.1475532	0.4224508
950	24	-0.1847861	0.5846476	0.3973559
951	15	1.276536	0.1475532	0.4224508
951	24	-0.1847861	0.5846476	0.3973559
952	15	1.276536	0.1475532	0.4224508
952	24	-0.1847861	0.5846476	0.3973559
953	15	1.276536	0.1475532	0.4224508
953	24	-0.1847861	0.5846476	0.3973559
954	15	1.276536	0.1475532	0.4224508
954	24	-0.1847861	0.5846476	0.3973559
955	15	1.276536	0.1475532	0.4224508
955	24	-0.1847861	0.5846476	0.3973559
956	15	1.276536	0.1475532	0.4224508
956	24	-0.1847861	0.5846476	0.3973559
957	15	1.276536	0.1475532	0.4224508
957	24	-0.1847861	0.5846476	0.3973559
958	15	1.276536	0.1475532	0.4224508
958	24	-0.1847861	0.5846476	0.3973559
959	15	1.276536	0.1475532	0.4224508
959	24	-0.1847861	0.5846476	0.3973559
960	15	1.276536	0.1475532	0.4224508
960	24	-0.1847861	0.5846476	0.3973559
961	15	1.276536	0.1475532	0.4224508
961	24	-0.1847861	0.5846476	0.3973559
962	15	1.276536	0.1475532	0.4224508
962	24	-0.1847861	0.5846476	0.3973559
963	15	1.276536	0.1475532	0.4224508
963	24	-0.1847861	0.5846476	0.3973559
964	15	1.276536	0.1475532	0.4224508
964	24	-0.1847861	0.5846476	0.3973559
965	15	1.276536	0.1475532	0.4224508
965	24	-0.1847861	0.5846476	0.3973559
966	15	1.276536	0.1475532	0.4224508
966	24	-0.1847861	0.5846476	0.3973559
967	15	1.276536	0.1475532	0.4224508
967	24	-0.1847861	0.5846476	0.3973559
968	15	1.276536	0.1475532	0.4224508
968	24	-0.1847861	0.5846476	0.3973559
969	15	1.276536	0.1475532	0.4224508
969	24	-0.1847861	0.5846476	0.3973559
970	15	1.276536	0.1475532	0.4224508
970	24	-0.1847861	0.5846476	0.3973559
971	15	1.276536	0.1475532	0.4224508
971	24	-0.1847861	0.5846476	0.3973559
972	15	1.276536	0.1475532	0.4224508
972	24	-0.1847861	0.5846476	0.3973559
973	15	1.276536	0.1475532	0.4224508
973	24	-0.1847861	0.5846476	0.3973559
974	15	1.276536	0.1475532	0.4224508
974	24	-0.1847861	0.5846476	0.3973559
975	15	1.276536	0.1475532	0.4224508
975	24	-0.1847861	0.5846476	0.3973559
976	15	1.276536	0.1475532	0.4224508
976	24	-0.1847861	0.5846476	0.3973559
977	15	1.276536	0.1475532	0.4224508
977	24	-0.1847861	0.5846476	0.3973559
978	15	1.276536	0.1475532	0.4224508
978	24	-0.1847861	0.5846476	0.3973559
979	15	1.276536	0.1475532	0.4224508
979	24	-0.1847861	0.5846476	0.3973559
980	15	1.276536	0.1475532	0.4224508
980	24	-0.1847861	0.5846476	0.3973559
981	15	1.276536	0.1475532	0.4224508
981	24	-0.1847861	0.5846476	0.3973559
982	15	1.276536	0.1475532	0.4224508
982	24	-0.1847861	0.5846476	0.3973559
983	15	1.276536	0.1475532	0.4224508
983	24	-0.1847861	0.5846476	0.3973559
984	15	1.276536	0.1475532	0.4224508
984	24	-0.1847861	0.5846476	0.3973559
985	15	1.276536	0.1475532	0.4224508
985	24	-0.1847861	0.5846476	0.3973559
986	15	1.276536	0.1475532	0.4224508
986	24	-0.1847861	0.5846476	0.3973559
987	15	1.276536	0.1475532	0.4224508
987	24	-0.1847861	0.5846476	0.3973559
988	15	1.276536	0.1475532	0.4224508
988	24	-0.1847861	0.5846476	0.3973559
989	15	1.276536	0.1475532	0.4224508
989	24	-0.1847861	0.5846476	0.3973559
990	15	1.276536	0.1475532	0.4224508
990	24	-0.1847861	0.5846476	0.3973559
991	15	1.276536	0.1475532	0.4224508
991	24	-0.1847861	0.5846476	0.3973559
992	1	0.6968417	0.2483375	1.132002
992	2	-0.1511947	0.5736593	0.407256
992	3	-0.1511947	0.5736593	0.407256
992	4	0.6968417	0.2483375	1.132002
992	5	-0.1511947	0.5736593	0.407256
992	6	-0.1511947	0.5736593	0.407256
992	7	-0.1457003	0.5732843	0.3947813
992	8	-0.1511947	0.5736593	0.407256
992	9	-0.1511947	0.5736593	0.407256
992	10	1.232399	0.1916732	0.1153086
992	11	1.216496	0.198876	0.09079645
992	12	-0.1511947	0.5736593	0.407256
992	13	1.241866	0.1643533	0.358138
992	14	-0.1511947	0.5736593	0.407256
992	15	1.306242	0.1497791	0.3128538
992	16	1.296552	0.1556462	0.2832689
992	17	-0.1511947	0.5736593	0.407256
992	18	-0.1511947	0.5736593	0.407256
992	19	0.9705345	0.2087262	0.7179975
992	20	-0.1511947	0.5736593	0.407256
992	21	-0.1511947	0.5736593	0.407256
992	22	-0.1511947	0.5736593	0.407256
992	23	1.202069	0.1725460	0.3942274
992	24	1.296607	0.1582588	0.2572166
992	25	-0.1511947	0.5736593	0.407256
992	26	-0.1511947	0.5736593	0.407256
992	27	-0.1511947	0.5736593	0.407256
992	28	1.215266	0.1766607	0.3145627
