1	1	1.120904	0.1941041	0.4197782
1	3	1.120904	0.1941041	0.4197782
1	4	1.120904	0.1941041	0.4197782
1	5	1.120904	0.1941041	0.4197782
1	6	1.120904	0.1941041	0.4197782
2	1	1.120904	0.1941041	0.4197782
2	3	1.120904	0.1941041	0.4197782
2	4	1.120904	0.1941041	0.4197782
2	5	1.120904	0.1941041	0.4197782
2	6	1.120904	0.1941041	0.4197782
3	1	1.120904	0.1941041	0.4197782
3	3	1.120904	0.1941041	0.4197782
3	4	1.120904	0.1941041	0.4197782
3	5	1.120904	0.1941041	0.4197782
3	6	1.120904	0.1941041	0.4197782
4	1	1.120904	0.1941041	0.4197782
4	3	1.120904	0.1941041	0.4197782
4	4	1.120904	0.1941041	0.4197782
4	5	1.120904	0.1941041	0.4197782
4	6	1.120904	0.1941041	0.4197782
5	1	1.120904	0.1941041	0.4197782
5	3	1.120904	0.1941041	0.4197782
5	4	1.120904	0.1941041	0.4197782
5	5	1.120904	0.1941041	0.4197782
5	6	1.120904	0.1941041	0.4197782
6	1	1.120904	0.1941041	0.4197782
6	3	1.120904	0.1941041	0.4197782
6	4	1.120904	0.1941041	0.4197782
6	5	1.120904	0.1941041	0.4197782
6	6	1.120904	0.1941041	0.4197782
7	1	0.7387917	0.3474365	0.02635645
7	2	0.7387917	0.3474365	0.02635645
7	3	0.7387917	0.3474365	0.02635645
7	4	1.243488	0.1621140	0.375549
7	5	-0.3252208	0.5432272	1.221655
7	6	-0.3252208	0.5432272	1.221655
8	1	-0.1227995	0.5661069	0.3984204
8	2	-0.1227995	0.5661069	0.3984204
8	3	-0.1227995	0.5661069	0.3984204
8	4	1.204325	0.1691522	0.4212108
9	2	1.120904	0.1941041	0.4197782
9	3	1.120904	0.1941041	0.4197782
15	1	1.344919	0.1435613	0.2604925
15	2	-0.2587106	0.5511676	0.9469729
15	3	0.1821532	0.5109879	0.04597212
15	4	0.0297347	0.4254733	1.342537
15	5	-0.2587106	0.5511676	0.9469729
15	6	-0.2587106	0.5511676	0.9469729
16	1	-0.2931895	0.5911997	0.6518773
16	2	1.045073	0.2490840	0.09841481
16	3	1.045073	0.2490840	0.09841481
16	4	0.4546789	0.3165120	1.170043
16	5	1.045073	0.2490840	0.09841481
16	6	1.045073	0.2490840	0.09841481
17	1	-0.2931895	0.5911997	0.6518773
17	2	1.045073	0.2490840	0.09841481
17	3	1.045073	0.2490840	0.09841481
17	4	0.4546789	0.3165120	1.170043
17	5	1.045073	0.2490840	0.09841481
17	6	1.045073	0.2490840	0.09841481
18	1	-0.2931895	0.5911997	0.6518773
18	2	1.045073	0.2490840	0.09841481
18	3	1.045073	0.2490840	0.09841481
18	4	0.4546789	0.3165120	1.170043
18	5	1.045073	0.2490840	0.09841481
18	6	1.045073	0.2490840	0.09841481
19	1	0.8146862	0.2451154	0.816661
19	2	0.8146862	0.2451154	0.816661
19	3	0.8146862	0.2451154	0.816661
19	4	0.04971878	0.5418912	0.1299995
19	5	0.8146862	0.2451154	0.816661
19	6	0.8146862	0.2451154	0.816661
20	1	0.8146862	0.2451154	0.816661
20	2	0.8146862	0.2451154	0.816661
20	3	0.8146862	0.2451154	0.816661
20	4	0.04971878	0.5418912	0.1299995
20	5	0.8146862	0.2451154	0.816661
20	6	0.8146862	0.2451154	0.816661
21	1	1.120904	0.1941041	0.4197782
21	2	1.120904	0.1941041	0.4197782
21	3	1.120904	0.1941041	0.4197782
21	5	1.120904	0.1941041	0.4197782
21	6	1.120904	0.1941041	0.4197782
22	1	1.120904	0.1941041	0.4197782
22	2	1.120904	0.1941041	0.4197782
22	3	1.120904	0.1941041	0.4197782
22	5	1.120904	0.1941041	0.4197782
22	6	1.120904	0.1941041	0.4197782
23	1	1.120904	0.1941041	0.4197782
23	2	1.120904	0.1941041	0.4197782
23	3	1.120904	0.1941041	0.4197782
23	4	1.120904	0.1941041	0.4197782
23	6	1.120904	0.1941041	0.4197782
24	1	1.120904	0.1941041	0.4197782
24	2	1.120904	0.1941041	0.4197782
24	3	1.120904	0.1941041	0.4197782
24	4	1.120904	0.1941041	0.4197782
24	5	1.120904	0.1941041	0.4197782
24	6	1.120904	0.1941041	0.4197782
25	1	1.120904	0.1941041	0.4197782
25	2	1.120904	0.1941041	0.4197782
25	3	1.120904	0.1941041	0.4197782
25	4	1.120904	0.1941041	0.4197782
25	5	1.120904	0.1941041	0.4197782
25	6	1.120904	0.1941041	0.4197782
26	1	1.120904	0.1941041	0.4197782
26	2	1.120904	0.1941041	0.4197782
26	3	1.120904	0.1941041	0.4197782
26	4	1.120904	0.1941041	0.4197782
26	5	1.120904	0.1941041	0.4197782
26	6	1.120904	0.1941041	0.4197782
27	1	1.120904	0.1941041	0.4197782
27	2	1.120904	0.1941041	0.4197782
27	3	1.120904	0.1941041	0.4197782
27	4	1.120904	0.1941041	0.4197782
27	5	1.120904	0.1941041	0.4197782
27	6	1.120904	0.1941041	0.4197782
28	1	1.120904	0.1941041	0.4197782
28	2	1.120904	0.1941041	0.4197782
28	3	1.120904	0.1941041	0.4197782
28	4	1.120904	0.1941041	0.4197782
28	5	1.120904	0.1941041	0.4197782
28	6	1.120904	0.1941041	0.4197782
29	1	1.120904	0.1941041	0.4197782
29	2	1.120904	0.1941041	0.4197782
29	3	1.120904	0.1941041	0.4197782
29	4	1.120904	0.1941041	0.4197782
29	5	1.120904	0.1941041	0.4197782
29	6	1.120904	0.1941041	0.4197782
30	1	1.120904	0.1941041	0.4197782
30	2	1.120904	0.1941041	0.4197782
30	3	1.120904	0.1941041	0.4197782
30	4	1.120904	0.1941041	0.4197782
30	5	1.120904	0.1941041	0.4197782
30	6	1.120904	0.1941041	0.4197782
31	1	1.120904	0.1941041	0.4197782
31	2	1.120904	0.1941041	0.4197782
31	3	1.120904	0.1941041	0.4197782
31	4	1.120904	0.1941041	0.4197782
31	5	1.120904	0.1941041	0.4197782
31	6	1.120904	0.1941041	0.4197782
32	1	1.120904	0.1941041	0.4197782
32	2	1.120904	0.1941041	0.4197782
32	3	1.120904	0.1941041	0.4197782
32	4	1.120904	0.1941041	0.4197782
32	5	1.120904	0.1941041	0.4197782
32	6	1.120904	0.1941041	0.4197782
33	1	1.120904	0.1941041	0.4197782
33	2	1.120904	0.1941041	0.4197782
33	3	1.120904	0.1941041	0.4197782
33	4	1.120904	0.1941041	0.4197782
33	5	1.120904	0.1941041	0.4197782
33	6	1.120904	0.1941041	0.4197782
34	1	1.120904	0.1941041	0.4197782
34	2	1.120904	0.1941041	0.4197782
34	3	1.120904	0.1941041	0.4197782
34	4	1.120904	0.1941041	0.4197782
34	5	1.120904	0.1941041	0.4197782
34	6	1.120904	0.1941041	0.4197782
35	1	1.120904	0.1941041	0.4197782
35	2	1.120904	0.1941041	0.4197782
35	3	1.120904	0.1941041	0.4197782
35	4	1.120904	0.1941041	0.4197782
35	5	1.120904	0.1941041	0.4197782
35	6	1.120904	0.1941041	0.4197782
36	1	1.120904	0.1941041	0.4197782
36	2	1.120904	0.1941041	0.4197782
36	3	1.120904	0.1941041	0.4197782
36	4	1.120904	0.1941041	0.4197782
36	5	1.120904	0.1941041	0.4197782
36	6	1.120904	0.1941041	0.4197782
37	1	1.120904	0.1941041	0.4197782
37	2	1.120904	0.1941041	0.4197782
37	3	1.120904	0.1941041	0.4197782
37	4	1.120904	0.1941041	0.4197782
37	5	1.120904	0.1941041	0.4197782
37	6	1.120904	0.1941041	0.4197782
38	1	1.120904	0.1941041	0.4197782
38	2	1.120904	0.1941041	0.4197782
38	3	1.120904	0.1941041	0.4197782
38	4	1.120904	0.1941041	0.4197782
38	5	1.120904	0.1941041	0.4197782
38	6	1.120904	0.1941041	0.4197782
39	1	1.120904	0.1941041	0.4197782
39	2	1.120904	0.1941041	0.4197782
39	3	1.120904	0.1941041	0.4197782
39	4	1.120904	0.1941041	0.4197782
39	5	1.120904	0.1941041	0.4197782
39	6	1.120904	0.1941041	0.4197782
40	1	1.120904	0.1941041	0.4197782
40	2	1.120904	0.1941041	0.4197782
40	3	1.120904	0.1941041	0.4197782
40	4	1.120904	0.1941041	0.4197782
40	5	1.120904	0.1941041	0.4197782
40	6	1.120904	0.1941041	0.4197782
41	1	1.120904	0.1941041	0.4197782
41	2	1.120904	0.1941041	0.4197782
41	3	1.120904	0.1941041	0.4197782
41	4	1.120904	0.1941041	0.4197782
41	5	1.120904	0.1941041	0.4197782
41	6	1.120904	0.1941041	0.4197782
42	1	1.120904	0.1941041	0.4197782
42	2	1.120904	0.1941041	0.4197782
42	3	1.120904	0.1941041	0.4197782
42	4	1.120904	0.1941041	0.4197782
42	5	1.120904	0.1941041	0.4197782
42	6	1.120904	0.1941041	0.4197782
43	1	1.120904	0.1941041	0.4197782
43	2	1.120904	0.1941041	0.4197782
43	3	1.120904	0.1941041	0.4197782
43	4	1.120904	0.1941041	0.4197782
43	5	1.120904	0.1941041	0.4197782
43	6	1.120904	0.1941041	0.4197782
44	1	1.120904	0.1941041	0.4197782
44	2	1.120904	0.1941041	0.4197782
44	3	1.120904	0.1941041	0.4197782
44	4	1.120904	0.1941041	0.4197782
44	5	1.120904	0.1941041	0.4197782
44	6	1.120904	0.1941041	0.4197782
45	1	1.120904	0.1941041	0.4197782
45	2	1.120904	0.1941041	0.4197782
45	3	1.120904	0.1941041	0.4197782
45	4	1.120904	0.1941041	0.4197782
45	5	1.120904	0.1941041	0.4197782
45	6	1.120904	0.1941041	0.4197782
46	1	1.120904	0.1941041	0.4197782
46	2	1.120904	0.1941041	0.4197782
46	3	1.120904	0.1941041	0.4197782
46	4	1.120904	0.1941041	0.4197782
46	5	1.120904	0.1941041	0.4197782
46	6	1.120904	0.1941041	0.4197782
47	1	1.120904	0.1941041	0.4197782
47	2	1.120904	0.1941041	0.4197782
47	3	1.120904	0.1941041	0.4197782
47	4	1.120904	0.1941041	0.4197782
47	5	1.120904	0.1941041	0.4197782
47	6	1.120904	0.1941041	0.4197782
48	1	1.120904	0.1941041	0.4197782
48	2	1.120904	0.1941041	0.4197782
48	3	1.120904	0.1941041	0.4197782
48	4	1.120904	0.1941041	0.4197782
48	5	1.120904	0.1941041	0.4197782
48	6	1.120904	0.1941041	0.4197782
49	1	1.120904	0.1941041	0.4197782
49	2	1.120904	0.1941041	0.4197782
49	3	1.120904	0.1941041	0.4197782
49	4	1.120904	0.1941041	0.4197782
49	5	1.120904	0.1941041	0.4197782
49	6	1.120904	0.1941041	0.4197782
50	1	1.120904	0.1941041	0.4197782
50	2	1.120904	0.1941041	0.4197782
50	3	1.120904	0.1941041	0.4197782
50	4	1.120904	0.1941041	0.4197782
50	5	1.120904	0.1941041	0.4197782
50	6	1.120904	0.1941041	0.4197782
51	1	1.120904	0.1941041	0.4197782
51	2	1.120904	0.1941041	0.4197782
51	3	1.120904	0.1941041	0.4197782
51	4	1.120904	0.1941041	0.4197782
51	5	1.120904	0.1941041	0.4197782
51	6	1.120904	0.1941041	0.4197782
52	1	1.120904	0.1941041	0.4197782
52	2	1.120904	0.1941041	0.4197782
52	3	1.120904	0.1941041	0.4197782
52	4	1.120904	0.1941041	0.4197782
52	5	1.120904	0.1941041	0.4197782
52	6	1.120904	0.1941041	0.4197782
53	1	1.120904	0.1941041	0.4197782
53	2	1.120904	0.1941041	0.4197782
53	3	1.120904	0.1941041	0.4197782
53	4	1.120904	0.1941041	0.4197782
53	5	1.120904	0.1941041	0.4197782
53	6	1.120904	0.1941041	0.4197782
54	1	0.6132957	0.3848804	0.02512315
54	2	-0.04485271	0.4505796	1.313544
54	3	-0.04485271	0.4505796	1.313544
54	4	-0.04485271	0.4505796	1.313544
54	5	0.6132957	0.3848804	0.02512316
54	6	0.6132957	0.3848804	0.02512316
55	1	0.6132957	0.3848804	0.02512315
55	2	-0.04485271	0.4505796	1.313544
55	3	-0.04485271	0.4505796	1.313544
55	4	-0.04485271	0.4505796	1.313544
55	5	0.6132957	0.3848804	0.02512316
55	6	0.6132957	0.3848804	0.02512316
56	1	0.6132957	0.3848804	0.02512315
56	2	-0.04485271	0.4505796	1.313544
56	3	-0.04485271	0.4505796	1.313544
56	4	-0.04485271	0.4505796	1.313544
56	5	0.6132957	0.3848804	0.02512316
56	6	0.6132957	0.3848804	0.02512316
57	1	1.232647	0.1606808	0.4216971
57	2	-0.1642458	0.5785039	0.3977086
57	3	-0.1642458	0.5785039	0.3977086
57	4	-0.1642458	0.5785039	0.3977086
57	5	1.232647	0.1606808	0.4216971
57	6	1.232647	0.1606808	0.4216971
58	2	1.120904	0.1941041	0.4197782
58	3	1.120904	0.1941041	0.4197782
58	4	1.120904	0.1941041	0.4197782
59	2	1.120904	0.1941041	0.4197782
59	3	1.120904	0.1941041	0.4197782
59	4	1.120904	0.1941041	0.4197782
60	1	1.120904	0.1941041	0.4197782
60	2	1.120904	0.1941041	0.4197782
60	3	1.120904	0.1941041	0.4197782
60	4	1.120904	0.1941041	0.4197782
60	5	1.120904	0.1941041	0.4197782
60	6	1.120904	0.1941041	0.4197782
61	1	1.120904	0.1941041	0.4197782
61	2	1.120904	0.1941041	0.4197782
61	3	1.120904	0.1941041	0.4197782
61	4	1.120904	0.1941041	0.4197782
61	5	1.120904	0.1941041	0.4197782
61	6	1.120904	0.1941041	0.4197782
62	1	1.120904	0.1941041	0.4197782
62	2	1.120904	0.1941041	0.4197782
62	3	1.120904	0.1941041	0.4197782
62	4	1.120904	0.1941041	0.4197782
62	5	1.120904	0.1941041	0.4197782
62	6	1.120904	0.1941041	0.4197782
63	1	1.120904	0.1941041	0.4197782
63	2	1.120904	0.1941041	0.4197782
63	3	1.120904	0.1941041	0.4197782
63	4	1.120904	0.1941041	0.4197782
63	5	1.120904	0.1941041	0.4197782
63	6	1.120904	0.1941041	0.4197782
64	1	1.120904	0.1941041	0.4197782
64	2	1.120904	0.1941041	0.4197782
64	3	1.120904	0.1941041	0.4197782
64	4	1.120904	0.1941041	0.4197782
64	5	1.120904	0.1941041	0.4197782
64	6	1.120904	0.1941041	0.4197782
65	1	1.120904	0.1941041	0.4197782
65	2	1.120904	0.1941041	0.4197782
65	3	1.120904	0.1941041	0.4197782
65	4	1.120904	0.1941041	0.4197782
65	5	1.120904	0.1941041	0.4197782
65	6	1.120904	0.1941041	0.4197782
66	1	1.120904	0.1941041	0.4197782
66	2	1.120904	0.1941041	0.4197782
66	3	1.120904	0.1941041	0.4197782
66	4	1.120904	0.1941041	0.4197782
66	5	1.120904	0.1941041	0.4197782
66	6	1.120904	0.1941041	0.4197782
67	1	1.120904	0.1941041	0.4197782
67	2	1.120904	0.1941041	0.4197782
67	3	1.120904	0.1941041	0.4197782
67	4	1.120904	0.1941041	0.4197782
67	5	1.120904	0.1941041	0.4197782
67	6	1.120904	0.1941041	0.4197782
68	1	1.120904	0.1941041	0.4197782
68	2	1.120904	0.1941041	0.4197782
68	3	1.120904	0.1941041	0.4197782
68	4	1.120904	0.1941041	0.4197782
68	5	1.120904	0.1941041	0.4197782
68	6	1.120904	0.1941041	0.4197782
69	1	1.120904	0.1941041	0.4197782
69	2	1.120904	0.1941041	0.4197782
69	3	1.120904	0.1941041	0.4197782
69	4	1.120904	0.1941041	0.4197782
69	5	1.120904	0.1941041	0.4197782
69	6	1.120904	0.1941041	0.4197782
70	1	1.120904	0.1941041	0.4197782
70	2	1.120904	0.1941041	0.4197782
70	3	1.120904	0.1941041	0.4197782
70	4	1.120904	0.1941041	0.4197782
70	5	1.120904	0.1941041	0.4197782
70	6	1.120904	0.1941041	0.4197782
71	1	1.120904	0.1941041	0.4197782
71	2	1.120904	0.1941041	0.4197782
71	3	1.120904	0.1941041	0.4197782
71	4	1.120904	0.1941041	0.4197782
71	5	1.120904	0.1941041	0.4197782
71	6	1.120904	0.1941041	0.4197782
72	1	0.3675509	0.3388792	1.205149
72	2	0.3675509	0.3388792	1.205149
72	3	0.3675509	0.3388792	1.205149
72	4	0.3675509	0.3388792	1.205149
72	5	0.2818462	0.4835958	0.02363427
72	6	0.2818462	0.4835958	0.02363427
73	1	1.120904	0.1941041	0.4197782
73	2	1.120904	0.1941041	0.4197782
73	4	1.120904	0.1941041	0.4197782
74	1	1.120904	0.1941041	0.4197782
74	2	1.120904	0.1941041	0.4197782
74	3	1.120904	0.1941041	0.4197782
74	4	1.120904	0.1941041	0.4197782
74	5	1.120904	0.1941041	0.4197782
74	6	1.120904	0.1941041	0.4197782
75	1	1.120904	0.1941041	0.4197782
75	2	1.120904	0.1941041	0.4197782
75	3	1.120904	0.1941041	0.4197782
75	4	1.120904	0.1941041	0.4197782
75	5	1.120904	0.1941041	0.4197782
75	6	1.120904	0.1941041	0.4197782
76	1	1.120904	0.1941041	0.4197782
76	2	1.120904	0.1941041	0.4197782
76	3	1.120904	0.1941041	0.4197782
76	4	1.120904	0.1941041	0.4197782
76	5	1.120904	0.1941041	0.4197782
76	6	1.120904	0.1941041	0.4197782
77	1	1.120904	0.1941041	0.4197782
77	2	1.120904	0.1941041	0.4197782
77	3	1.120904	0.1941041	0.4197782
77	4	1.120904	0.1941041	0.4197782
77	5	1.120904	0.1941041	0.4197782
77	6	1.120904	0.1941041	0.4197782
78	1	1.120904	0.1941041	0.4197782
78	2	1.120904	0.1941041	0.4197782
78	3	1.120904	0.1941041	0.4197782
78	4	1.120904	0.1941041	0.4197782
78	5	1.120904	0.1941041	0.4197782
78	6	1.120904	0.1941041	0.4197782
79	1	1.120904	0.1941041	0.4197782
79	2	1.120904	0.1941041	0.4197782
79	3	1.120904	0.1941041	0.4197782
79	4	1.120904	0.1941041	0.4197782
79	5	1.120904	0.1941041	0.4197782
79	6	1.120904	0.1941041	0.4197782
80	1	1.120904	0.1941041	0.4197782
80	2	1.120904	0.1941041	0.4197782
80	3	1.120904	0.1941041	0.4197782
80	4	1.120904	0.1941041	0.4197782
80	5	1.120904	0.1941041	0.4197782
80	6	1.120904	0.1941041	0.4197782
81	1	1.120904	0.1941041	0.4197782
81	2	1.120904	0.1941041	0.4197782
81	3	1.120904	0.1941041	0.4197782
81	4	1.120904	0.1941041	0.4197782
81	5	1.120904	0.1941041	0.4197782
81	6	1.120904	0.1941041	0.4197782
82	1	1.120904	0.1941041	0.4197782
82	2	1.120904	0.1941041	0.4197782
82	3	1.120904	0.1941041	0.4197782
82	4	1.120904	0.1941041	0.4197782
82	5	1.120904	0.1941041	0.4197782
82	6	1.120904	0.1941041	0.4197782
83	1	1.120904	0.1941041	0.4197782
83	2	1.120904	0.1941041	0.4197782
83	3	1.120904	0.1941041	0.4197782
83	4	1.120904	0.1941041	0.4197782
83	5	1.120904	0.1941041	0.4197782
83	6	1.120904	0.1941041	0.4197782
84	1	1.120904	0.1941041	0.4197782
84	2	1.120904	0.1941041	0.4197782
84	3	1.120904	0.1941041	0.4197782
84	4	1.120904	0.1941041	0.4197782
84	5	1.120904	0.1941041	0.4197782
84	6	1.120904	0.1941041	0.4197782
85	1	1.120904	0.1941041	0.4197782
85	2	1.120904	0.1941041	0.4197782
85	3	1.120904	0.1941041	0.4197782
85	4	1.120904	0.1941041	0.4197782
85	5	1.120904	0.1941041	0.4197782
85	6	1.120904	0.1941041	0.4197782
86	1	1.120904	0.1941041	0.4197782
86	2	1.120904	0.1941041	0.4197782
86	3	1.120904	0.1941041	0.4197782
86	4	1.120904	0.1941041	0.4197782
86	5	1.120904	0.1941041	0.4197782
86	6	1.120904	0.1941041	0.4197782
87	1	1.120904	0.1941041	0.4197782
87	2	1.120904	0.1941041	0.4197782
87	3	1.120904	0.1941041	0.4197782
87	4	1.120904	0.1941041	0.4197782
87	5	1.120904	0.1941041	0.4197782
87	6	1.120904	0.1941041	0.4197782
88	1	1.120904	0.1941041	0.4197782
88	2	1.120904	0.1941041	0.4197782
88	3	1.120904	0.1941041	0.4197782
88	4	1.120904	0.1941041	0.4197782
88	5	1.120904	0.1941041	0.4197782
88	6	1.120904	0.1941041	0.4197782
89	1	1.120904	0.1941041	0.4197782
89	2	1.120904	0.1941041	0.4197782
89	3	1.120904	0.1941041	0.4197782
89	4	1.120904	0.1941041	0.4197782
89	5	1.120904	0.1941041	0.4197782
89	6	1.120904	0.1941041	0.4197782
90	1	1.120904	0.1941041	0.4197782
90	2	1.120904	0.1941041	0.4197782
90	3	1.120904	0.1941041	0.4197782
90	4	1.120904	0.1941041	0.4197782
90	5	1.120904	0.1941041	0.4197782
90	6	1.120904	0.1941041	0.4197782
91	1	0.040052	0.5481941	0.09602775
91	2	0.7838737	0.2495033	0.8639782
91	3	0.7838737	0.2495033	0.8639782
91	4	0.7838737	0.2495033	0.8639782
91	5	0.7838737	0.2495033	0.8639782
91	6	0.7838737	0.2495033	0.8639782
92	1	0.040052	0.5481941	0.09602775
92	2	0.7838737	0.2495033	0.8639782
92	3	0.7838737	0.2495033	0.8639782
92	4	0.7838737	0.2495033	0.8639782
92	5	0.7838737	0.2495033	0.8639782
92	6	0.7838737	0.2495033	0.8639782
93	2	1.120904	0.1941041	0.4197782
93	3	1.120904	0.1941041	0.4197782
93	4	1.120904	0.1941041	0.4197782
93	5	1.120904	0.1941041	0.4197782
93	6	1.120904	0.1941041	0.4197782
94	2	1.120904	0.1941041	0.4197782
94	3	1.120904	0.1941041	0.4197782
94	4	1.120904	0.1941041	0.4197782
94	5	1.120904	0.1941041	0.4197782
94	6	1.120904	0.1941041	0.4197782
95	2	1.120904	0.1941041	0.4197782
95	3	1.120904	0.1941041	0.4197782
95	4	1.120904	0.1941041	0.4197782
95	5	1.120904	0.1941041	0.4197782
95	6	1.120904	0.1941041	0.4197782
96	1	1.120904	0.1941041	0.4197782
96	2	1.120904	0.1941041	0.4197782
96	3	1.120904	0.1941041	0.4197782
96	4	1.120904	0.1941041	0.4197782
96	5	1.120904	0.1941041	0.4197782
96	6	1.120904	0.1941041	0.4197782
97	1	1.120904	0.1941041	0.4197782
97	2	1.120904	0.1941041	0.4197782
97	3	1.120904	0.1941041	0.4197782
97	4	1.120904	0.1941041	0.4197782
97	5	1.120904	0.1941041	0.4197782
97	6	1.120904	0.1941041	0.4197782
98	1	1.120904	0.1941041	0.4197782
98	2	1.120904	0.1941041	0.4197782
98	3	1.120904	0.1941041	0.4197782
98	4	1.120904	0.1941041	0.4197782
98	5	1.120904	0.1941041	0.4197782
98	6	1.120904	0.1941041	0.4197782
99	1	1.120904	0.1941041	0.4197782
99	2	1.120904	0.1941041	0.4197782
99	3	1.120904	0.1941041	0.4197782
99	4	1.120904	0.1941041	0.4197782
99	5	1.120904	0.1941041	0.4197782
99	6	1.120904	0.1941041	0.4197782
100	1	1.120904	0.1941041	0.4197782
100	2	1.120904	0.1941041	0.4197782
100	3	1.120904	0.1941041	0.4197782
100	4	1.120904	0.1941041	0.4197782
100	5	1.120904	0.1941041	0.4197782
100	6	1.120904	0.1941041	0.4197782
101	1	1.120904	0.1941041	0.4197782
101	2	1.120904	0.1941041	0.4197782
101	3	1.120904	0.1941041	0.4197782
101	4	1.120904	0.1941041	0.4197782
101	5	1.120904	0.1941041	0.4197782
101	6	1.120904	0.1941041	0.4197782
102	1	1.120904	0.1941041	0.4197782
102	2	1.120904	0.1941041	0.4197782
102	3	1.120904	0.1941041	0.4197782
102	4	1.120904	0.1941041	0.4197782
102	5	1.120904	0.1941041	0.4197782
102	6	1.120904	0.1941041	0.4197782
103	1	1.120904	0.1941041	0.4197782
103	2	1.120904	0.1941041	0.4197782
103	3	1.120904	0.1941041	0.4197782
103	4	1.120904	0.1941041	0.4197782
103	5	1.120904	0.1941041	0.4197782
103	6	1.120904	0.1941041	0.4197782
104	1	0.07014342	0.5372159	0.1161419
104	2	0.7752787	0.2532568	0.8521117
104	3	0.7752787	0.2532568	0.8521117
104	4	0.7752787	0.2532568	0.8521117
104	5	0.7752787	0.2532568	0.8521117
104	6	0.7752787	0.2532568	0.8521117
105	1	0.07014342	0.5372159	0.1161419
105	2	0.7752787	0.2532568	0.8521117
105	3	0.7752787	0.2532568	0.8521117
105	4	0.7752787	0.2532568	0.8521117
105	5	0.7752787	0.2532568	0.8521117
105	6	0.7752787	0.2532568	0.8521117
106	1	0.07014342	0.5372159	0.1161419
106	2	0.7752787	0.2532568	0.8521117
106	3	0.7752787	0.2532568	0.8521117
106	4	0.7752787	0.2532568	0.8521117
106	5	0.7752787	0.2532568	0.8521117
106	6	0.7752787	0.2532568	0.8521117
112	1	1.408068	0.108211	0.4247096
112	2	-0.1367959	0.5702933	0.39818
112	3	-0.1367959	0.5702933	0.39818
112	4	-0.1367959	0.5702933	0.39818
112	5	-0.1367959	0.5702933	0.39818
112	6	-0.1367959	0.5702933	0.39818
113	1	1.408068	0.108211	0.4247096
113	2	-0.1367959	0.5702933	0.39818
113	3	-0.1367959	0.5702933	0.39818
113	4	-0.1367959	0.5702933	0.39818
113	5	-0.1367959	0.5702933	0.39818
113	6	-0.1367959	0.5702933	0.39818
114	1	1.408068	0.108211	0.4247096
114	2	-0.1367959	0.5702933	0.39818
114	3	-0.1367959	0.5702933	0.39818
114	4	-0.1367959	0.5702933	0.39818
114	5	-0.1367959	0.5702933	0.39818
114	6	-0.1367959	0.5702933	0.39818
115	1	1.408068	0.108211	0.4247096
115	2	-0.1367959	0.5702933	0.39818
115	3	-0.1367959	0.5702933	0.39818
115	4	-0.1367959	0.5702933	0.39818
115	5	-0.1367959	0.5702933	0.39818
115	6	-0.1367959	0.5702933	0.39818
116	1	1.408068	0.108211	0.4247096
116	2	-0.1367959	0.5702933	0.39818
116	3	-0.1367959	0.5702933	0.39818
116	4	-0.1367959	0.5702933	0.39818
116	5	-0.1367959	0.5702933	0.39818
116	6	-0.1367959	0.5702933	0.39818
117	1	1.120904	0.1941041	0.4197782
117	2	1.120904	0.1941041	0.4197782
117	3	1.120904	0.1941041	0.4197782
117	4	1.120904	0.1941041	0.4197782
117	5	1.120904	0.1941041	0.4197782
117	6	1.120904	0.1941041	0.4197782
118	1	1.120904	0.1941041	0.4197782
118	2	1.120904	0.1941041	0.4197782
118	3	1.120904	0.1941041	0.4197782
118	4	1.120904	0.1941041	0.4197782
118	5	1.120904	0.1941041	0.4197782
118	6	1.120904	0.1941041	0.4197782
119	1	1.120904	0.1941041	0.4197782
119	2	1.120904	0.1941041	0.4197782
119	3	1.120904	0.1941041	0.4197782
119	4	1.120904	0.1941041	0.4197782
119	5	1.120904	0.1941041	0.4197782
119	6	1.120904	0.1941041	0.4197782
120	1	1.120904	0.1941041	0.4197782
120	2	1.120904	0.1941041	0.4197782
120	3	1.120904	0.1941041	0.4197782
120	4	1.120904	0.1941041	0.4197782
120	5	1.120904	0.1941041	0.4197782
120	6	1.120904	0.1941041	0.4197782
121	1	1.120904	0.1941041	0.4197782
121	2	1.120904	0.1941041	0.4197782
121	3	1.120904	0.1941041	0.4197782
121	4	1.120904	0.1941041	0.4197782
121	5	1.120904	0.1941041	0.4197782
121	6	1.120904	0.1941041	0.4197782
122	1	1.120904	0.1941041	0.4197782
122	2	1.120904	0.1941041	0.4197782
122	3	1.120904	0.1941041	0.4197782
122	4	1.120904	0.1941041	0.4197782
122	5	1.120904	0.1941041	0.4197782
122	6	1.120904	0.1941041	0.4197782
123	1	1.120904	0.1941041	0.4197782
123	2	1.120904	0.1941041	0.4197782
123	3	1.120904	0.1941041	0.4197782
123	4	1.120904	0.1941041	0.4197782
123	5	1.120904	0.1941041	0.4197782
123	6	1.120904	0.1941041	0.4197782
124	1	1.120904	0.1941041	0.4197782
124	2	1.120904	0.1941041	0.4197782
124	3	1.120904	0.1941041	0.4197782
124	4	1.120904	0.1941041	0.4197782
124	5	1.120904	0.1941041	0.4197782
124	6	1.120904	0.1941041	0.4197782
125	1	1.120904	0.1941041	0.4197782
125	2	1.120904	0.1941041	0.4197782
125	3	1.120904	0.1941041	0.4197782
125	4	1.120904	0.1941041	0.4197782
125	5	1.120904	0.1941041	0.4197782
125	6	1.120904	0.1941041	0.4197782
126	1	1.120904	0.1941041	0.4197782
126	2	1.120904	0.1941041	0.4197782
126	3	1.120904	0.1941041	0.4197782
126	4	1.120904	0.1941041	0.4197782
126	5	1.120904	0.1941041	0.4197782
126	6	1.120904	0.1941041	0.4197782
127	1	1.120904	0.1941041	0.4197782
127	2	1.120904	0.1941041	0.4197782
127	3	1.120904	0.1941041	0.4197782
127	4	1.120904	0.1941041	0.4197782
127	5	1.120904	0.1941041	0.4197782
127	6	1.120904	0.1941041	0.4197782
128	1	1.120904	0.1941041	0.4197782
128	2	1.120904	0.1941041	0.4197782
128	3	1.120904	0.1941041	0.4197782
128	4	1.120904	0.1941041	0.4197782
128	5	1.120904	0.1941041	0.4197782
128	6	1.120904	0.1941041	0.4197782
129	1	1.120904	0.1941041	0.4197782
129	2	1.120904	0.1941041	0.4197782
129	3	1.120904	0.1941041	0.4197782
129	4	1.120904	0.1941041	0.4197782
129	5	1.120904	0.1941041	0.4197782
129	6	1.120904	0.1941041	0.4197782
130	1	1.120904	0.1941041	0.4197782
130	2	1.120904	0.1941041	0.4197782
130	3	1.120904	0.1941041	0.4197782
130	4	1.120904	0.1941041	0.4197782
130	5	1.120904	0.1941041	0.4197782
130	6	1.120904	0.1941041	0.4197782
131	1	1.120904	0.1941041	0.4197782
131	2	1.120904	0.1941041	0.4197782
131	3	1.120904	0.1941041	0.4197782
131	4	1.120904	0.1941041	0.4197782
131	5	1.120904	0.1941041	0.4197782
131	6	1.120904	0.1941041	0.4197782
132	1	1.120904	0.1941041	0.4197782
132	2	1.120904	0.1941041	0.4197782
132	3	1.120904	0.1941041	0.4197782
132	4	1.120904	0.1941041	0.4197782
132	5	1.120904	0.1941041	0.4197782
132	6	1.120904	0.1941041	0.4197782
133	1	1.120904	0.1941041	0.4197782
133	2	1.120904	0.1941041	0.4197782
133	3	1.120904	0.1941041	0.4197782
133	4	1.120904	0.1941041	0.4197782
133	5	1.120904	0.1941041	0.4197782
133	6	1.120904	0.1941041	0.4197782
134	1	1.120904	0.1941041	0.4197782
134	2	1.120904	0.1941041	0.4197782
134	3	1.120904	0.1941041	0.4197782
134	4	1.120904	0.1941041	0.4197782
134	5	1.120904	0.1941041	0.4197782
134	6	1.120904	0.1941041	0.4197782
135	1	1.120904	0.1941041	0.4197782
135	2	1.120904	0.1941041	0.4197782
135	3	1.120904	0.1941041	0.4197782
135	4	1.120904	0.1941041	0.4197782
135	5	1.120904	0.1941041	0.4197782
135	6	1.120904	0.1941041	0.4197782
136	1	1.120904	0.1941041	0.4197782
136	2	1.120904	0.1941041	0.4197782
136	3	1.120904	0.1941041	0.4197782
136	4	1.120904	0.1941041	0.4197782
136	5	1.120904	0.1941041	0.4197782
136	6	1.120904	0.1941041	0.4197782
137	1	1.120904	0.1941041	0.4197782
137	2	1.120904	0.1941041	0.4197782
137	3	1.120904	0.1941041	0.4197782
137	4	1.120904	0.1941041	0.4197782
137	5	1.120904	0.1941041	0.4197782
137	6	1.120904	0.1941041	0.4197782
138	1	1.120904	0.1941041	0.4197782
138	2	1.120904	0.1941041	0.4197782
138	3	1.120904	0.1941041	0.4197782
138	4	1.120904	0.1941041	0.4197782
138	5	1.120904	0.1941041	0.4197782
138	6	1.120904	0.1941041	0.4197782
139	1	1.120904	0.1941041	0.4197782
139	2	1.120904	0.1941041	0.4197782
139	3	1.120904	0.1941041	0.4197782
139	4	1.120904	0.1941041	0.4197782
139	5	1.120904	0.1941041	0.4197782
139	6	1.120904	0.1941041	0.4197782
140	1	1.120904	0.1941041	0.4197782
140	2	1.120904	0.1941041	0.4197782
140	3	1.120904	0.1941041	0.4197782
140	4	1.120904	0.1941041	0.4197782
140	5	1.120904	0.1941041	0.4197782
140	6	1.120904	0.1941041	0.4197782
141	1	1.120904	0.1941041	0.4197782
141	2	1.120904	0.1941041	0.4197782
141	3	1.120904	0.1941041	0.4197782
141	4	1.120904	0.1941041	0.4197782
141	5	1.120904	0.1941041	0.4197782
141	6	1.120904	0.1941041	0.4197782
142	1	1.120904	0.1941041	0.4197782
142	2	1.120904	0.1941041	0.4197782
142	3	1.120904	0.1941041	0.4197782
142	4	1.120904	0.1941041	0.4197782
142	5	1.120904	0.1941041	0.4197782
142	6	1.120904	0.1941041	0.4197782
143	1	1.120904	0.1941041	0.4197782
143	2	1.120904	0.1941041	0.4197782
143	3	1.120904	0.1941041	0.4197782
143	4	1.120904	0.1941041	0.4197782
143	5	1.120904	0.1941041	0.4197782
143	6	1.120904	0.1941041	0.4197782
144	1	0.040052	0.5481941	0.09602775
144	2	0.7838737	0.2495033	0.8639782
144	3	0.7838737	0.2495033	0.8639782
144	4	0.7838737	0.2495033	0.8639782
144	5	0.7838737	0.2495033	0.8639782
144	6	0.7838737	0.2495033	0.8639782
145	1	0.040052	0.5481941	0.09602775
145	2	0.7838737	0.2495033	0.8639782
145	3	0.7838737	0.2495033	0.8639782
145	4	0.7838737	0.2495033	0.8639782
145	5	0.7838737	0.2495033	0.8639782
145	6	0.7838737	0.2495033	0.8639782
146	1	0.040052	0.5481941	0.09602775
146	2	0.7838737	0.2495033	0.8639782
146	3	0.7838737	0.2495033	0.8639782
146	4	0.7838737	0.2495033	0.8639782
146	5	0.7838737	0.2495033	0.8639782
146	6	0.7838737	0.2495033	0.8639782
147	1	0.02525750	0.5535541	0.08650969
147	2	0.7881808	0.24762	0.869949
147	3	0.7881807	0.24762	0.869949
147	4	0.7881807	0.24762	0.869949
147	5	0.7881807	0.24762	0.869949
147	6	0.7881807	0.24762	0.869949
148	2	1.120904	0.1941041	0.4197782
148	3	1.120904	0.1941041	0.4197782
148	4	1.120904	0.1941041	0.4197782
148	5	1.120904	0.1941041	0.4197782
148	6	1.120904	0.1941041	0.4197782
149	1	0.040052	0.5481941	0.09602775
149	2	0.7838737	0.2495033	0.8639782
149	3	0.7838737	0.2495033	0.8639782
149	4	0.7838737	0.2495033	0.8639782
149	5	0.7838737	0.2495033	0.8639782
149	6	0.7838737	0.2495033	0.8639782
150	1	0.040052	0.5481941	0.09602775
150	2	0.7838737	0.2495033	0.8639782
150	3	0.7838737	0.2495033	0.8639782
150	4	0.7838737	0.2495033	0.8639782
150	5	0.7838737	0.2495033	0.8639782
150	6	0.7838737	0.2495033	0.8639782
151	1	0.040052	0.5481941	0.09602775
151	2	0.7838737	0.2495033	0.8639782
151	3	0.7838737	0.2495033	0.8639782
151	4	0.7838737	0.2495033	0.8639782
151	5	0.7838737	0.2495033	0.8639782
151	6	0.7838737	0.2495033	0.8639782
152	1	1.120904	0.1941041	0.4197782
152	2	1.120904	0.1941041	0.4197782
152	3	1.120904	0.1941041	0.4197782
152	4	1.120904	0.1941041	0.4197782
152	5	1.120904	0.1941041	0.4197782
152	6	1.120904	0.1941041	0.4197782
153	1	1.120904	0.1941041	0.4197782
153	2	1.120904	0.1941041	0.4197782
153	3	1.120904	0.1941041	0.4197782
153	4	1.120904	0.1941041	0.4197782
153	5	1.120904	0.1941041	0.4197782
153	6	1.120904	0.1941041	0.4197782
154	1	1.120904	0.1941041	0.4197782
154	2	1.120904	0.1941041	0.4197782
154	3	1.120904	0.1941041	0.4197782
154	4	1.120904	0.1941041	0.4197782
154	5	1.120904	0.1941041	0.4197782
154	6	1.120904	0.1941041	0.4197782
155	1	1.120904	0.1941041	0.4197782
155	2	1.120904	0.1941041	0.4197782
155	3	1.120904	0.1941041	0.4197782
155	4	1.120904	0.1941041	0.4197782
155	5	1.120904	0.1941041	0.4197782
155	6	1.120904	0.1941041	0.4197782
156	1	1.120904	0.1941041	0.4197782
156	2	1.120904	0.1941041	0.4197782
156	3	1.120904	0.1941041	0.4197782
156	4	1.120904	0.1941041	0.4197782
156	5	1.120904	0.1941041	0.4197782
156	6	1.120904	0.1941041	0.4197782
157	1	1.120904	0.1941041	0.4197782
157	2	1.120904	0.1941041	0.4197782
157	3	1.120904	0.1941041	0.4197782
157	4	1.120904	0.1941041	0.4197782
157	5	1.120904	0.1941041	0.4197782
157	6	1.120904	0.1941041	0.4197782
158	1	1.120904	0.1941041	0.4197782
158	2	1.120904	0.1941041	0.4197782
158	3	1.120904	0.1941041	0.4197782
158	4	1.120904	0.1941041	0.4197782
158	5	1.120904	0.1941041	0.4197782
158	6	1.120904	0.1941041	0.4197782
159	1	1.120904	0.1941041	0.4197782
159	2	1.120904	0.1941041	0.4197782
159	3	1.120904	0.1941041	0.4197782
159	4	1.120904	0.1941041	0.4197782
159	5	1.120904	0.1941041	0.4197782
159	6	1.120904	0.1941041	0.4197782
160	1	1.120904	0.1941041	0.4197782
160	2	1.120904	0.1941041	0.4197782
160	3	1.120904	0.1941041	0.4197782
160	4	1.120904	0.1941041	0.4197782
160	5	1.120904	0.1941041	0.4197782
160	6	1.120904	0.1941041	0.4197782
161	1	1.120904	0.1941041	0.4197782
161	2	1.120904	0.1941041	0.4197782
161	3	1.120904	0.1941041	0.4197782
161	4	1.120904	0.1941041	0.4197782
161	5	1.120904	0.1941041	0.4197782
161	6	1.120904	0.1941041	0.4197782
162	1	1.120904	0.1941041	0.4197782
162	2	1.120904	0.1941041	0.4197782
162	3	1.120904	0.1941041	0.4197782
162	4	1.120904	0.1941041	0.4197782
162	5	1.120904	0.1941041	0.4197782
162	6	1.120904	0.1941041	0.4197782
163	1	1.120904	0.1941041	0.4197782
163	2	1.120904	0.1941041	0.4197782
163	3	1.120904	0.1941041	0.4197782
163	4	1.120904	0.1941041	0.4197782
163	5	1.120904	0.1941041	0.4197782
163	6	1.120904	0.1941041	0.4197782
164	1	1.120904	0.1941041	0.4197782
164	2	1.120904	0.1941041	0.4197782
164	3	1.120904	0.1941041	0.4197782
164	4	1.120904	0.1941041	0.4197782
164	5	1.120904	0.1941041	0.4197782
164	6	1.120904	0.1941041	0.4197782
165	1	1.120904	0.1941041	0.4197782
165	2	1.120904	0.1941041	0.4197782
165	3	1.120904	0.1941041	0.4197782
165	4	1.120904	0.1941041	0.4197782
165	5	1.120904	0.1941041	0.4197782
165	6	1.120904	0.1941041	0.4197782
166	1	1.120904	0.1941041	0.4197782
166	2	1.120904	0.1941041	0.4197782
166	3	1.120904	0.1941041	0.4197782
166	4	1.120904	0.1941041	0.4197782
166	5	1.120904	0.1941041	0.4197782
166	6	1.120904	0.1941041	0.4197782
167	1	1.120904	0.1941041	0.4197782
167	2	1.120904	0.1941041	0.4197782
167	3	1.120904	0.1941041	0.4197782
167	4	1.120904	0.1941041	0.4197782
167	5	1.120904	0.1941041	0.4197782
167	6	1.120904	0.1941041	0.4197782
168	1	1.120904	0.1941041	0.4197782
168	2	1.120904	0.1941041	0.4197782
168	3	1.120904	0.1941041	0.4197782
168	4	1.120904	0.1941041	0.4197782
168	5	1.120904	0.1941041	0.4197782
168	6	1.120904	0.1941041	0.4197782
169	1	1.120904	0.1941041	0.4197782
169	2	1.120904	0.1941041	0.4197782
169	3	1.120904	0.1941041	0.4197782
169	4	1.120904	0.1941041	0.4197782
169	5	1.120904	0.1941041	0.4197782
169	6	1.120904	0.1941041	0.4197782
170	1	1.120904	0.1941041	0.4197782
170	2	1.120904	0.1941041	0.4197782
170	3	1.120904	0.1941041	0.4197782
170	4	1.120904	0.1941041	0.4197782
170	5	1.120904	0.1941041	0.4197782
170	6	1.120904	0.1941041	0.4197782
171	1	1.120904	0.1941041	0.4197782
171	2	1.120904	0.1941041	0.4197782
171	3	1.120904	0.1941041	0.4197782
171	4	1.120904	0.1941041	0.4197782
171	5	1.120904	0.1941041	0.4197782
171	6	1.120904	0.1941041	0.4197782
172	1	1.120904	0.1941041	0.4197782
172	2	1.120904	0.1941041	0.4197782
172	3	1.120904	0.1941041	0.4197782
172	4	1.120904	0.1941041	0.4197782
172	5	1.120904	0.1941041	0.4197782
172	6	1.120904	0.1941041	0.4197782
173	1	1.120904	0.1941041	0.4197782
173	2	1.120904	0.1941041	0.4197782
173	3	1.120904	0.1941041	0.4197782
173	4	1.120904	0.1941041	0.4197782
173	5	1.120904	0.1941041	0.4197782
173	6	1.120904	0.1941041	0.4197782
174	1	1.120904	0.1941041	0.4197782
174	2	1.120904	0.1941041	0.4197782
174	3	1.120904	0.1941041	0.4197782
174	4	1.120904	0.1941041	0.4197782
174	5	1.120904	0.1941041	0.4197782
174	6	1.120904	0.1941041	0.4197782
175	1	1.120904	0.1941041	0.4197782
175	2	1.120904	0.1941041	0.4197782
175	3	1.120904	0.1941041	0.4197782
175	4	1.120904	0.1941041	0.4197782
175	5	1.120904	0.1941041	0.4197782
175	6	1.120904	0.1941041	0.4197782
176	1	1.120904	0.1941041	0.4197782
176	2	1.120904	0.1941041	0.4197782
176	3	1.120904	0.1941041	0.4197782
176	4	1.120904	0.1941041	0.4197782
176	5	1.120904	0.1941041	0.4197782
176	6	1.120904	0.1941041	0.4197782
177	1	1.120904	0.1941041	0.4197782
177	2	1.120904	0.1941041	0.4197782
177	3	1.120904	0.1941041	0.4197782
177	4	1.120904	0.1941041	0.4197782
177	5	1.120904	0.1941041	0.4197782
177	6	1.120904	0.1941041	0.4197782
178	1	1.120904	0.1941041	0.4197782
178	2	1.120904	0.1941041	0.4197782
178	3	1.120904	0.1941041	0.4197782
178	4	1.120904	0.1941041	0.4197782
178	5	1.120904	0.1941041	0.4197782
178	6	1.120904	0.1941041	0.4197782
179	1	1.120904	0.1941041	0.4197782
179	2	1.120904	0.1941041	0.4197782
179	3	1.120904	0.1941041	0.4197782
179	4	1.120904	0.1941041	0.4197782
179	5	1.120904	0.1941041	0.4197782
179	6	1.120904	0.1941041	0.4197782
180	1	1.120904	0.1941041	0.4197782
180	2	1.120904	0.1941041	0.4197782
180	3	1.120904	0.1941041	0.4197782
180	4	1.120904	0.1941041	0.4197782
180	5	1.120904	0.1941041	0.4197782
180	6	1.120904	0.1941041	0.4197782
181	1	1.120904	0.1941041	0.4197782
181	2	1.120904	0.1941041	0.4197782
181	3	1.120904	0.1941041	0.4197782
181	4	1.120904	0.1941041	0.4197782
181	5	1.120904	0.1941041	0.4197782
181	6	1.120904	0.1941041	0.4197782
182	1	1.120904	0.1941041	0.4197782
182	2	1.120904	0.1941041	0.4197782
182	3	1.120904	0.1941041	0.4197782
182	4	1.120904	0.1941041	0.4197782
182	5	1.120904	0.1941041	0.4197782
182	6	1.120904	0.1941041	0.4197782
183	1	1.120904	0.1941041	0.4197782
183	2	1.120904	0.1941041	0.4197782
183	3	1.120904	0.1941041	0.4197782
183	4	1.120904	0.1941041	0.4197782
183	5	1.120904	0.1941041	0.4197782
183	6	1.120904	0.1941041	0.4197782
184	1	1.120904	0.1941041	0.4197782
184	2	1.120904	0.1941041	0.4197782
184	3	1.120904	0.1941041	0.4197782
184	4	1.120904	0.1941041	0.4197782
184	5	1.120904	0.1941041	0.4197782
184	6	1.120904	0.1941041	0.4197782
185	1	1.120904	0.1941041	0.4197782
185	2	1.120904	0.1941041	0.4197782
185	3	1.120904	0.1941041	0.4197782
185	4	1.120904	0.1941041	0.4197782
185	5	1.120904	0.1941041	0.4197782
185	6	1.120904	0.1941041	0.4197782
186	1	1.120904	0.1941041	0.4197782
186	2	1.120904	0.1941041	0.4197782
186	3	1.120904	0.1941041	0.4197782
186	4	1.120904	0.1941041	0.4197782
186	5	1.120904	0.1941041	0.4197782
186	6	1.120904	0.1941041	0.4197782
187	1	1.120904	0.1941041	0.4197782
187	2	1.120904	0.1941041	0.4197782
187	3	1.120904	0.1941041	0.4197782
187	4	1.120904	0.1941041	0.4197782
187	5	1.120904	0.1941041	0.4197782
187	6	1.120904	0.1941041	0.4197782
188	1	1.120904	0.1941041	0.4197782
188	2	1.120904	0.1941041	0.4197782
188	3	1.120904	0.1941041	0.4197782
188	4	1.120904	0.1941041	0.4197782
188	5	1.120904	0.1941041	0.4197782
188	6	1.120904	0.1941041	0.4197782
189	1	1.120904	0.1941041	0.4197782
189	2	1.120904	0.1941041	0.4197782
189	3	1.120904	0.1941041	0.4197782
189	4	1.120904	0.1941041	0.4197782
189	5	1.120904	0.1941041	0.4197782
189	6	1.120904	0.1941041	0.4197782
190	1	1.120904	0.1941041	0.4197782
190	2	1.120904	0.1941041	0.4197782
190	3	1.120904	0.1941041	0.4197782
190	4	1.120904	0.1941041	0.4197782
190	5	1.120904	0.1941041	0.4197782
190	6	1.120904	0.1941041	0.4197782
191	1	1.120904	0.1941041	0.4197782
191	2	1.120904	0.1941041	0.4197782
191	3	1.120904	0.1941041	0.4197782
191	4	1.120904	0.1941041	0.4197782
191	5	1.120904	0.1941041	0.4197782
191	6	1.120904	0.1941041	0.4197782
192	1	1.120904	0.1941041	0.4197782
192	2	1.120904	0.1941041	0.4197782
192	3	1.120904	0.1941041	0.4197782
192	4	1.120904	0.1941041	0.4197782
192	5	1.120904	0.1941041	0.4197782
192	6	1.120904	0.1941041	0.4197782
193	1	1.120904	0.1941041	0.4197782
193	2	1.120904	0.1941041	0.4197782
193	3	1.120904	0.1941041	0.4197782
193	4	1.120904	0.1941041	0.4197782
193	5	1.120904	0.1941041	0.4197782
193	6	1.120904	0.1941041	0.4197782
194	1	1.120904	0.1941041	0.4197782
194	2	1.120904	0.1941041	0.4197782
194	3	1.120904	0.1941041	0.4197782
194	4	1.120904	0.1941041	0.4197782
194	5	1.120904	0.1941041	0.4197782
194	6	1.120904	0.1941041	0.4197782
195	1	1.120904	0.1941041	0.4197782
195	2	1.120904	0.1941041	0.4197782
195	3	1.120904	0.1941041	0.4197782
195	4	1.120904	0.1941041	0.4197782
195	5	1.120904	0.1941041	0.4197782
195	6	1.120904	0.1941041	0.4197782
196	1	1.120904	0.1941041	0.4197782
196	2	1.120904	0.1941041	0.4197782
196	3	1.120904	0.1941041	0.4197782
196	4	1.120904	0.1941041	0.4197782
196	5	1.120904	0.1941041	0.4197782
196	6	1.120904	0.1941041	0.4197782
197	1	1.120904	0.1941041	0.4197782
197	2	1.120904	0.1941041	0.4197782
197	3	1.120904	0.1941041	0.4197782
197	4	1.120904	0.1941041	0.4197782
197	5	1.120904	0.1941041	0.4197782
197	6	1.120904	0.1941041	0.4197782
198	1	1.120904	0.1941041	0.4197782
198	2	1.120904	0.1941041	0.4197782
198	3	1.120904	0.1941041	0.4197782
198	4	1.120904	0.1941041	0.4197782
198	5	1.120904	0.1941041	0.4197782
198	6	1.120904	0.1941041	0.4197782
199	1	1.120904	0.1941041	0.4197782
199	2	1.120904	0.1941041	0.4197782
199	3	1.120904	0.1941041	0.4197782
199	4	1.120904	0.1941041	0.4197782
199	5	1.120904	0.1941041	0.4197782
199	6	1.120904	0.1941041	0.4197782
200	1	1.120904	0.1941041	0.4197782
200	2	1.120904	0.1941041	0.4197782
200	3	1.120904	0.1941041	0.4197782
200	4	1.120904	0.1941041	0.4197782
200	5	1.120904	0.1941041	0.4197782
200	6	1.120904	0.1941041	0.4197782
201	1	1.120904	0.1941041	0.4197782
201	5	1.120904	0.1941041	0.4197782
201	6	1.120904	0.1941041	0.4197782
202	1	0.6248493	0.3833449	0.006292437
202	2	-0.1377838	0.459105	1.502916
202	3	-0.1377838	0.4591050	1.502916
202	4	-0.05766128	0.4517587	1.339605
202	5	0.6248493	0.3833449	0.006292437
202	6	0.6248493	0.3833449	0.006292437
203	1	0.6248493	0.3833449	0.006292437
203	2	-0.1377838	0.459105	1.502916
203	3	-0.1377838	0.4591050	1.502916
203	4	-0.05766128	0.4517587	1.339605
203	5	0.6248493	0.3833449	0.006292437
203	6	0.6248493	0.3833449	0.006292437
204	1	0.6248493	0.3833449	0.006292437
204	2	-0.1377838	0.459105	1.502916
204	3	-0.1377838	0.4591050	1.502916
204	4	-0.05766128	0.4517587	1.339605
204	5	0.6248493	0.3833449	0.006292437
204	6	0.6248493	0.3833449	0.006292437
205	1	0.6248493	0.3833449	0.006292437
205	2	-0.1377838	0.459105	1.502916
205	3	-0.1377838	0.4591050	1.502916
205	4	-0.05766128	0.4517587	1.339605
205	5	0.6248493	0.3833449	0.006292437
205	6	0.6248493	0.3833449	0.006292437
206	1	0.6248493	0.3833449	0.006292437
206	2	-0.1377838	0.459105	1.502916
206	3	-0.1377838	0.4591050	1.502916
206	4	-0.05766128	0.4517587	1.339605
206	5	0.6248493	0.3833449	0.006292437
206	6	0.6248493	0.3833449	0.006292437
207	2	1.120904	0.1941041	0.4197782
207	3	1.120904	0.1941041	0.4197782
208	2	1.120904	0.1941041	0.4197782
208	3	1.120904	0.1941041	0.4197782
209	1	1.120904	0.1941041	0.4197782
209	2	1.120904	0.1941041	0.4197782
209	3	1.120904	0.1941041	0.4197782
209	4	1.120904	0.1941041	0.4197782
209	5	1.120904	0.1941041	0.4197782
209	6	1.120904	0.1941041	0.4197782
210	1	1.120904	0.1941041	0.4197782
210	2	1.120904	0.1941041	0.4197782
210	3	1.120904	0.1941041	0.4197782
210	4	1.120904	0.1941041	0.4197782
210	5	1.120904	0.1941041	0.4197782
210	6	1.120904	0.1941041	0.4197782
211	1	1.120904	0.1941041	0.4197782
211	2	1.120904	0.1941041	0.4197782
211	3	1.120904	0.1941041	0.4197782
211	4	1.120904	0.1941041	0.4197782
211	5	1.120904	0.1941041	0.4197782
211	6	1.120904	0.1941041	0.4197782
212	1	1.120904	0.1941041	0.4197782
212	2	1.120904	0.1941041	0.4197782
212	3	1.120904	0.1941041	0.4197782
212	4	1.120904	0.1941041	0.4197782
212	5	1.120904	0.1941041	0.4197782
212	6	1.120904	0.1941041	0.4197782
213	1	1.120904	0.1941041	0.4197782
213	2	1.120904	0.1941041	0.4197782
213	3	1.120904	0.1941041	0.4197782
213	4	1.120904	0.1941041	0.4197782
213	5	1.120904	0.1941041	0.4197782
213	6	1.120904	0.1941041	0.4197782
214	1	1.120904	0.1941041	0.4197782
214	2	1.120904	0.1941041	0.4197782
214	3	1.120904	0.1941041	0.4197782
214	4	1.120904	0.1941041	0.4197782
214	5	1.120904	0.1941041	0.4197782
214	6	1.120904	0.1941041	0.4197782
215	1	1.120904	0.1941041	0.4197782
215	2	1.120904	0.1941041	0.4197782
215	3	1.120904	0.1941041	0.4197782
215	4	1.120904	0.1941041	0.4197782
215	5	1.120904	0.1941041	0.4197782
215	6	1.120904	0.1941041	0.4197782
216	1	1.120904	0.1941041	0.4197782
216	2	1.120904	0.1941041	0.4197782
216	3	1.120904	0.1941041	0.4197782
216	4	1.120904	0.1941041	0.4197782
216	5	1.120904	0.1941041	0.4197782
216	6	1.120904	0.1941041	0.4197782
217	1	1.120904	0.1941041	0.4197782
217	2	1.120904	0.1941041	0.4197782
217	3	1.120904	0.1941041	0.4197782
217	4	1.120904	0.1941041	0.4197782
217	5	1.120904	0.1941041	0.4197782
217	6	1.120904	0.1941041	0.4197782
218	1	1.120904	0.1941041	0.4197782
218	2	1.120904	0.1941041	0.4197782
218	3	1.120904	0.1941041	0.4197782
218	4	1.120904	0.1941041	0.4197782
218	5	1.120904	0.1941041	0.4197782
218	6	1.120904	0.1941041	0.4197782
219	1	1.120904	0.1941041	0.4197782
219	2	1.120904	0.1941041	0.4197782
219	3	1.120904	0.1941041	0.4197782
219	4	1.120904	0.1941041	0.4197782
219	5	1.120904	0.1941041	0.4197782
219	6	1.120904	0.1941041	0.4197782
220	1	1.120904	0.1941041	0.4197782
220	2	1.120904	0.1941041	0.4197782
220	3	1.120904	0.1941041	0.4197782
220	4	1.120904	0.1941041	0.4197782
220	5	1.120904	0.1941041	0.4197782
220	6	1.120904	0.1941041	0.4197782
221	1	1.120904	0.1941041	0.4197782
221	2	1.120904	0.1941041	0.4197782
221	3	1.120904	0.1941041	0.4197782
221	4	1.120904	0.1941041	0.4197782
221	5	1.120904	0.1941041	0.4197782
221	6	1.120904	0.1941041	0.4197782
222	1	1.120904	0.1941041	0.4197782
222	2	1.120904	0.1941041	0.4197782
222	3	1.120904	0.1941041	0.4197782
222	4	1.120904	0.1941041	0.4197782
222	5	1.120904	0.1941041	0.4197782
222	6	1.120904	0.1941041	0.4197782
223	1	1.120904	0.1941041	0.4197782
223	2	1.120904	0.1941041	0.4197782
223	3	1.120904	0.1941041	0.4197782
223	4	1.120904	0.1941041	0.4197782
223	5	1.120904	0.1941041	0.4197782
223	6	1.120904	0.1941041	0.4197782
224	1	1.120904	0.1941041	0.4197782
224	2	1.120904	0.1941041	0.4197782
224	3	1.120904	0.1941041	0.4197782
224	4	1.120904	0.1941041	0.4197782
224	5	1.120904	0.1941041	0.4197782
224	6	1.120904	0.1941041	0.4197782
225	1	1.120904	0.1941041	0.4197782
225	2	1.120904	0.1941041	0.4197782
225	3	1.120904	0.1941041	0.4197782
225	4	1.120904	0.1941041	0.4197782
225	5	1.120904	0.1941041	0.4197782
225	6	1.120904	0.1941041	0.4197782
226	1	1.120904	0.1941041	0.4197782
226	2	1.120904	0.1941041	0.4197782
226	3	1.120904	0.1941041	0.4197782
226	4	1.120904	0.1941041	0.4197782
226	5	1.120904	0.1941041	0.4197782
226	6	1.120904	0.1941041	0.4197782
227	1	1.120904	0.1941041	0.4197782
227	2	1.120904	0.1941041	0.4197782
227	3	1.120904	0.1941041	0.4197782
227	4	1.120904	0.1941041	0.4197782
227	5	1.120904	0.1941041	0.4197782
227	6	1.120904	0.1941041	0.4197782
228	1	1.120904	0.1941041	0.4197782
228	2	1.120904	0.1941041	0.4197782
228	3	1.120904	0.1941041	0.4197782
228	4	1.120904	0.1941041	0.4197782
228	5	1.120904	0.1941041	0.4197782
228	6	1.120904	0.1941041	0.4197782
229	1	1.120904	0.1941041	0.4197782
229	2	1.120904	0.1941041	0.4197782
229	3	1.120904	0.1941041	0.4197782
229	4	1.120904	0.1941041	0.4197782
229	5	1.120904	0.1941041	0.4197782
229	6	1.120904	0.1941041	0.4197782
230	1	1.120904	0.1941041	0.4197782
230	2	1.120904	0.1941041	0.4197782
230	3	1.120904	0.1941041	0.4197782
230	4	1.120904	0.1941041	0.4197782
230	5	1.120904	0.1941041	0.4197782
230	6	1.120904	0.1941041	0.4197782
231	1	1.120904	0.1941041	0.4197782
231	2	1.120904	0.1941041	0.4197782
231	3	1.120904	0.1941041	0.4197782
231	4	1.120904	0.1941041	0.4197782
231	5	1.120904	0.1941041	0.4197782
231	6	1.120904	0.1941041	0.4197782
232	1	1.120904	0.1941041	0.4197782
232	2	1.120904	0.1941041	0.4197782
232	3	1.120904	0.1941041	0.4197782
232	4	1.120904	0.1941041	0.4197782
232	5	1.120904	0.1941041	0.4197782
232	6	1.120904	0.1941041	0.4197782
233	1	1.120904	0.1941041	0.4197782
233	2	1.120904	0.1941041	0.4197782
233	3	1.120904	0.1941041	0.4197782
233	4	1.120904	0.1941041	0.4197782
233	5	1.120904	0.1941041	0.4197782
233	6	1.120904	0.1941041	0.4197782
234	1	1.120904	0.1941041	0.4197782
234	2	1.120904	0.1941041	0.4197782
234	3	1.120904	0.1941041	0.4197782
234	4	1.120904	0.1941041	0.4197782
234	5	1.120904	0.1941041	0.4197782
234	6	1.120904	0.1941041	0.4197782
235	1	0.8146862	0.2451154	0.816661
235	2	0.8146862	0.2451154	0.816661
235	3	0.8146862	0.2451154	0.816661
235	4	0.04971878	0.5418912	0.1299995
235	5	0.8146862	0.2451154	0.816661
235	6	0.8146862	0.2451154	0.816661
237	1	0.8146862	0.2451154	0.816661
237	2	0.8146862	0.2451154	0.816661
237	3	0.8146862	0.2451154	0.816661
237	4	0.04971878	0.5418912	0.1299995
237	5	0.8146862	0.2451154	0.816661
237	6	0.8146862	0.2451154	0.816661
238	1	1.120904	0.1941041	0.4197782
238	2	1.120904	0.1941041	0.4197782
238	3	1.120904	0.1941041	0.4197782
238	5	1.120904	0.1941041	0.4197782
238	6	1.120904	0.1941041	0.4197782
239	1	0.8146862	0.2451154	0.816661
239	2	0.8146862	0.2451154	0.816661
239	3	0.8146862	0.2451154	0.816661
239	4	0.04971878	0.5418912	0.1299995
239	5	0.8146862	0.2451154	0.816661
239	6	0.8146862	0.2451154	0.816661
240	1	1.120904	0.1941041	0.4197782
240	2	1.120904	0.1941041	0.4197782
240	3	1.120904	0.1941041	0.4197782
240	4	1.120904	0.1941041	0.4197782
240	5	1.120904	0.1941041	0.4197782
240	6	1.120904	0.1941041	0.4197782
241	1	1.120904	0.1941041	0.4197782
241	2	1.120904	0.1941041	0.4197782
241	3	1.120904	0.1941041	0.4197782
241	4	1.120904	0.1941041	0.4197782
241	5	1.120904	0.1941041	0.4197782
241	6	1.120904	0.1941041	0.4197782
242	1	1.120904	0.1941041	0.4197782
242	2	1.120904	0.1941041	0.4197782
242	3	1.120904	0.1941041	0.4197782
242	4	1.120904	0.1941041	0.4197782
242	5	1.120904	0.1941041	0.4197782
242	6	1.120904	0.1941041	0.4197782
243	1	1.120904	0.1941041	0.4197782
243	2	1.120904	0.1941041	0.4197782
243	3	1.120904	0.1941041	0.4197782
243	4	1.120904	0.1941041	0.4197782
243	5	1.120904	0.1941041	0.4197782
243	6	1.120904	0.1941041	0.4197782
244	1	1.120904	0.1941041	0.4197782
244	2	1.120904	0.1941041	0.4197782
244	3	1.120904	0.1941041	0.4197782
244	4	1.120904	0.1941041	0.4197782
244	5	1.120904	0.1941041	0.4197782
244	6	1.120904	0.1941041	0.4197782
245	1	1.120904	0.1941041	0.4197782
245	2	1.120904	0.1941041	0.4197782
245	3	1.120904	0.1941041	0.4197782
245	4	1.120904	0.1941041	0.4197782
245	5	1.120904	0.1941041	0.4197782
245	6	1.120904	0.1941041	0.4197782
246	1	1.120904	0.1941041	0.4197782
246	2	1.120904	0.1941041	0.4197782
246	3	1.120904	0.1941041	0.4197782
246	4	1.120904	0.1941041	0.4197782
246	5	1.120904	0.1941041	0.4197782
246	6	1.120904	0.1941041	0.4197782
247	1	1.120904	0.1941041	0.4197782
247	2	1.120904	0.1941041	0.4197782
247	3	1.120904	0.1941041	0.4197782
247	4	1.120904	0.1941041	0.4197782
247	5	1.120904	0.1941041	0.4197782
247	6	1.120904	0.1941041	0.4197782
248	1	1.120904	0.1941041	0.4197782
248	2	1.120904	0.1941041	0.4197782
248	3	1.120904	0.1941041	0.4197782
248	4	1.120904	0.1941041	0.4197782
248	5	1.120904	0.1941041	0.4197782
248	6	1.120904	0.1941041	0.4197782
249	1	1.120904	0.1941041	0.4197782
249	2	1.120904	0.1941041	0.4197782
249	3	1.120904	0.1941041	0.4197782
249	4	1.120904	0.1941041	0.4197782
249	5	1.120904	0.1941041	0.4197782
249	6	1.120904	0.1941041	0.4197782
250	1	1.120904	0.1941041	0.4197782
250	2	1.120904	0.1941041	0.4197782
250	3	1.120904	0.1941041	0.4197782
250	4	1.120904	0.1941041	0.4197782
250	5	1.120904	0.1941041	0.4197782
250	6	1.120904	0.1941041	0.4197782
251	1	1.120904	0.1941041	0.4197782
251	2	1.120904	0.1941041	0.4197782
251	3	1.120904	0.1941041	0.4197782
251	4	1.120904	0.1941041	0.4197782
251	5	1.120904	0.1941041	0.4197782
251	6	1.120904	0.1941041	0.4197782
252	1	1.120904	0.1941041	0.4197782
252	2	1.120904	0.1941041	0.4197782
252	3	1.120904	0.1941041	0.4197782
252	4	1.120904	0.1941041	0.4197782
252	5	1.120904	0.1941041	0.4197782
252	6	1.120904	0.1941041	0.4197782
