1	1	0.980055	0.2771235	0.01215697
1	2	0.1050103	0.4076508	1.297324
1	3	0.1058848	0.4076732	1.294525
1	4	0.1050103	0.4076508	1.297324
1	5	0.1276162	0.5282354	0.03576981
1	6	0.1050370	0.4076512	1.297241
1	7	0.1050370	0.4076512	1.297241
1	8	0.1050370	0.4076512	1.297241
1	9	0.1050370	0.4076512	1.297241
1	11	0.1050103	0.4076508	1.297324
1	12	0.1058848	0.4076732	1.294525
1	13	0.1050103	0.4076508	1.297324
1	14	0.1276162	0.5282354	0.03576981
1	15	0.1050370	0.4076512	1.297241
1	16	0.1050370	0.4076512	1.297241
1	17	0.1050370	0.4076512	1.297241
1	18	0.1050370	0.4076512	1.297241
1	19	0.980055	0.2771235	0.01215697
1	20	0.1050103	0.4076508	1.297324
1	21	0.1058848	0.4076732	1.294525
1	22	0.1050103	0.4076508	1.297324
1	23	0.1276162	0.5282354	0.03576981
1	24	0.1050370	0.4076512	1.297241
1	25	0.1050370	0.4076512	1.297241
1	26	0.1050370	0.4076512	1.297241
1	27	0.1050370	0.4076512	1.297241
1	28	0.980055	0.2771235	0.01215697
1	29	0.1050103	0.4076508	1.297324
1	30	0.1058848	0.4076732	1.294525
1	31	0.1050103	0.4076508	1.297324
1	32	0.1276162	0.5282354	0.03576981
1	33	0.1050370	0.4076512	1.297241
1	34	0.1050370	0.4076512	1.297241
1	35	0.1050370	0.4076512	1.297241
1	36	0.1050370	0.4076512	1.297241
1	37	0.980055	0.2771235	0.01215697
1	38	0.1050103	0.4076508	1.297324
1	39	0.1058848	0.4076732	1.294525
1	40	0.1050103	0.4076508	1.297324
1	41	0.1276162	0.5282354	0.03576981
1	42	0.1050370	0.4076512	1.297241
1	43	0.1050370	0.4076512	1.297241
1	44	0.1050370	0.4076512	1.297241
1	45	0.1050370	0.4076512	1.297241
1	46	0.980055	0.2771235	0.01215697
1	47	0.1050103	0.4076508	1.297324
1	48	0.1060683	0.4076783	1.293934
1	49	0.1050103	0.4076508	1.297324
1	50	0.1276162	0.5282354	0.03576981
1	51	0.1050370	0.4076512	1.297241
1	52	0.1050370	0.4076512	1.297241
1	53	0.1050370	0.4076512	1.297241
1	54	0.1050370	0.4076512	1.297241
2	1	0.9906859	0.2742425	0.009378431
2	2	0.1003946	0.4087659	1.299875
2	3	0.099129	0.4093658	1.29766
2	4	0.1003946	0.4087659	1.299875
2	5	0.1087916	0.533176	0.04228442
2	6	0.1003678	0.4087807	1.299807
2	7	0.1003678	0.4087807	1.299807
2	8	0.1003678	0.4087807	1.299807
2	9	0.1003678	0.4087807	1.299807
2	11	0.1003946	0.4087659	1.299875
2	12	0.099129	0.4093658	1.29766
2	13	0.1003946	0.4087659	1.299875
2	14	0.1087916	0.533176	0.04228442
2	15	0.1003678	0.4087807	1.299807
2	16	0.1003678	0.4087807	1.299807
2	17	0.1003678	0.4087807	1.299807
2	18	0.1003678	0.4087807	1.299807
2	19	0.9906859	0.2742425	0.009378431
2	20	0.1003946	0.4087659	1.299875
2	21	0.099129	0.4093658	1.29766
2	22	0.1003946	0.4087659	1.299875
2	23	0.1087916	0.533176	0.04228442
2	24	0.1003678	0.4087807	1.299807
2	25	0.1003678	0.4087807	1.299807
2	26	0.1003678	0.4087807	1.299807
2	27	0.1003678	0.4087807	1.299807
2	28	0.9906859	0.2742425	0.009378431
2	29	0.1003946	0.4087659	1.299875
2	30	0.099129	0.4093658	1.29766
2	31	0.1003946	0.4087659	1.299875
2	32	0.1087916	0.533176	0.04228442
2	33	0.1003678	0.4087807	1.299807
2	34	0.1003678	0.4087807	1.299807
2	35	0.1003678	0.4087807	1.299807
2	36	0.1003678	0.4087807	1.299807
2	37	0.9906859	0.2742425	0.009378431
2	38	0.1003946	0.4087659	1.299875
2	39	0.099129	0.4093658	1.29766
2	40	0.1003946	0.4087659	1.299875
2	41	0.1087916	0.533176	0.04228442
2	42	0.1003678	0.4087807	1.299807
2	43	0.1003678	0.4087807	1.299807
2	44	0.1003678	0.4087807	1.299807
2	45	0.1003678	0.4087807	1.299807
2	46	0.9906859	0.2742425	0.009378431
2	47	0.1003946	0.4087659	1.299875
2	48	0.09884987	0.4094959	1.297194
2	49	0.1003946	0.4087659	1.299875
2	50	0.1087916	0.533176	0.04228442
2	51	0.1003678	0.4087807	1.299807
2	52	0.1003678	0.4087807	1.299807
2	53	0.1003678	0.4087807	1.299807
2	54	0.1003678	0.4087807	1.299807
3	1	1.120904	0.1941041	0.4197782
3	19	1.120904	0.1941041	0.4197782
3	28	1.120904	0.1941041	0.4197782
3	37	1.120904	0.1941041	0.4197782
3	46	1.120904	0.1941041	0.4197782
4	1	1.120904	0.1941041	0.4197782
4	19	1.120904	0.1941041	0.4197782
4	28	1.120904	0.1941041	0.4197782
4	37	1.120904	0.1941041	0.4197782
4	46	1.120904	0.1941041	0.4197782
5	1	1.120904	0.1941041	0.4197782
5	19	1.120904	0.1941041	0.4197782
5	28	1.120904	0.1941041	0.4197782
5	37	1.120904	0.1941041	0.4197782
5	46	1.120904	0.1941041	0.4197782
6	1	1.120904	0.1941041	0.4197782
6	19	1.120904	0.1941041	0.4197782
6	28	1.120904	0.1941041	0.4197782
6	37	1.120904	0.1941041	0.4197782
6	46	1.120904	0.1941041	0.4197782
7	1	1.120904	0.1941041	0.4197782
7	19	1.120904	0.1941041	0.4197782
7	28	1.120904	0.1941041	0.4197782
7	37	1.120904	0.1941041	0.4197782
7	46	1.120904	0.1941041	0.4197782
8	1	1.120904	0.1941041	0.4197782
8	19	1.120904	0.1941041	0.4197782
8	28	1.120904	0.1941041	0.4197782
8	37	1.120904	0.1941041	0.4197782
8	46	1.120904	0.1941041	0.4197782
9	1	1.120904	0.1941041	0.4197782
9	19	1.120904	0.1941041	0.4197782
9	28	1.120904	0.1941041	0.4197782
9	37	1.120904	0.1941041	0.4197782
9	46	1.120904	0.1941041	0.4197782
10	1	1.120904	0.1941041	0.4197782
10	19	1.120904	0.1941041	0.4197782
10	28	1.120904	0.1941041	0.4197782
10	37	1.120904	0.1941041	0.4197782
10	46	1.120904	0.1941041	0.4197782
11	1	1.120904	0.1941041	0.4197782
11	19	1.120904	0.1941041	0.4197782
11	28	1.120904	0.1941041	0.4197782
11	37	1.120904	0.1941041	0.4197782
11	46	1.120904	0.1941041	0.4197782
12	1	1.120904	0.1941041	0.4197782
12	19	1.120904	0.1941041	0.4197782
12	28	1.120904	0.1941041	0.4197782
12	37	1.120904	0.1941041	0.4197782
12	46	1.120904	0.1941041	0.4197782
13	1	1.227400	0.187637	0.1700367
13	5	-0.2230161	0.5788242	0.5677216
13	10	0.4341315	0.3146031	1.249510
13	14	-0.2230161	0.5788242	0.5677216
13	19	1.227400	0.187637	0.1700367
13	23	-0.2230161	0.5788242	0.5677216
13	28	1.227400	0.187637	0.1700367
13	32	-0.2230161	0.5788242	0.5677216
13	37	1.227400	0.187637	0.1700367
13	41	-0.2230161	0.5788242	0.5677216
13	46	1.227400	0.187637	0.1700367
13	50	-0.2230161	0.5788242	0.5677216
14	1	1.227315	0.1876715	0.1699462
14	5	-0.2229907	0.5788194	0.5676941
14	10	0.4347444	0.3144629	1.249094
14	14	-0.2229907	0.5788194	0.5676941
14	19	1.227315	0.1876715	0.1699462
14	23	-0.2229907	0.5788194	0.5676941
14	28	1.227448	0.1875845	0.1704147
14	32	-0.2229907	0.5788194	0.5676941
14	37	1.227315	0.1876715	0.1699462
14	41	-0.2229907	0.5788194	0.5676941
14	46	1.227315	0.1876715	0.1699462
14	50	-0.2229907	0.5788194	0.5676941
15	1	1.227315	0.1876715	0.1699462
15	5	-0.2229907	0.5788194	0.5676941
15	10	0.4347444	0.3144629	1.249094
15	14	-0.2229907	0.5788194	0.5676941
15	19	1.227315	0.1876715	0.1699462
15	23	-0.2229907	0.5788194	0.5676941
15	28	1.227448	0.1875845	0.1704147
15	32	-0.2229907	0.5788194	0.5676941
15	37	1.227315	0.1876715	0.1699462
15	41	-0.2229907	0.5788194	0.5676941
15	46	1.227315	0.1876715	0.1699462
15	50	-0.2229907	0.5788194	0.5676941
16	1	1.227315	0.1876715	0.1699462
16	5	-0.2229907	0.5788194	0.5676941
16	10	0.4347444	0.3144629	1.249094
16	14	-0.2229907	0.5788194	0.5676941
16	19	1.227315	0.1876715	0.1699462
16	23	-0.2229907	0.5788194	0.5676941
16	28	1.227448	0.1875845	0.1704147
16	32	-0.2229907	0.5788194	0.5676941
16	37	1.227315	0.1876715	0.1699462
16	41	-0.2229907	0.5788194	0.5676941
16	46	1.227315	0.1876715	0.1699462
16	50	-0.2229907	0.5788194	0.5676941
17	1	1.227315	0.1876715	0.1699462
17	5	-0.2229907	0.5788194	0.5676941
17	10	0.4347444	0.3144629	1.249094
17	14	-0.2229907	0.5788194	0.5676941
17	19	1.227315	0.1876715	0.1699462
17	23	-0.2229907	0.5788194	0.5676941
17	28	1.227448	0.1875845	0.1704147
17	32	-0.2229907	0.5788194	0.5676941
17	37	1.227315	0.1876715	0.1699462
17	41	-0.2229907	0.5788194	0.5676941
17	46	1.227315	0.1876715	0.1699462
17	50	-0.2229907	0.5788194	0.5676941
18	1	1.227315	0.1876715	0.1699462
18	5	-0.2229907	0.5788194	0.5676941
18	10	0.4347444	0.3144629	1.249094
18	14	-0.2229907	0.5788194	0.5676941
18	19	1.227315	0.1876715	0.1699462
18	23	-0.2229907	0.5788194	0.5676941
18	28	1.227448	0.1875845	0.1704147
18	32	-0.2229907	0.5788194	0.5676941
18	37	1.227315	0.1876715	0.1699462
18	41	-0.2229907	0.5788194	0.5676941
18	46	1.227315	0.1876715	0.1699462
18	50	-0.2229907	0.5788194	0.5676941
19	1	1.227315	0.1876715	0.1699462
19	5	-0.2229907	0.5788194	0.5676941
19	10	0.4347444	0.3144629	1.249094
19	14	-0.2229907	0.5788194	0.5676941
19	19	1.227315	0.1876715	0.1699462
19	23	-0.2229907	0.5788194	0.5676941
19	28	1.227448	0.1875845	0.1704147
19	32	-0.2229907	0.5788194	0.5676941
19	37	1.227315	0.1876715	0.1699462
19	41	-0.2229907	0.5788194	0.5676941
19	46	1.227315	0.1876715	0.1699462
19	50	-0.2229907	0.5788194	0.5676941
20	1	1.227315	0.1876715	0.1699462
20	5	-0.2229907	0.5788194	0.5676941
20	10	0.4347444	0.3144629	1.249094
20	14	-0.2229907	0.5788194	0.5676941
20	19	1.227315	0.1876715	0.1699462
20	23	-0.2229907	0.5788194	0.5676941
20	28	1.227448	0.1875845	0.1704147
20	32	-0.2229907	0.5788194	0.5676941
20	37	1.227315	0.1876715	0.1699462
20	41	-0.2229907	0.5788194	0.5676941
20	46	1.227315	0.1876715	0.1699462
20	50	-0.2229907	0.5788194	0.5676941
21	1	1.227315	0.1876715	0.1699462
21	5	-0.2229907	0.5788194	0.5676941
21	10	0.4347444	0.3144629	1.249094
21	14	-0.2229907	0.5788194	0.5676941
21	19	1.227315	0.1876715	0.1699462
21	23	-0.2229907	0.5788194	0.5676941
21	28	1.227448	0.1875845	0.1704147
21	32	-0.2229907	0.5788194	0.5676941
21	37	1.227315	0.1876715	0.1699462
21	41	-0.2229907	0.5788194	0.5676941
21	46	1.227315	0.1876715	0.1699462
21	50	-0.2229907	0.5788194	0.5676941
22	1	1.198683	0.2019058	0.1132637
22	5	-0.2039798	0.5735536	0.5638533
22	10	0.8521713	0.2222403	0.9328795
22	14	-0.2039798	0.5735536	0.5638533
22	23	-0.2039798	0.5735536	0.5638533
22	32	-0.2039798	0.5735536	0.5638533
22	37	1.198683	0.2019058	0.1132637
22	41	-0.2039798	0.5735536	0.5638533
22	50	-0.2039798	0.5735536	0.5638533
23	1	1.198683	0.2019058	0.1132637
23	5	-0.2039798	0.5735536	0.5638533
23	10	0.8521713	0.2222403	0.9328795
23	14	-0.2039798	0.5735536	0.5638533
23	23	-0.2039798	0.5735536	0.5638533
23	32	-0.2039798	0.5735536	0.5638533
23	37	1.198683	0.2019058	0.1132637
23	41	-0.2039798	0.5735536	0.5638533
23	50	-0.2039798	0.5735536	0.5638533
24	1	1.198683	0.2019058	0.1132637
24	5	-0.2039798	0.5735536	0.5638533
24	10	0.8521713	0.2222403	0.9328795
24	14	-0.2039798	0.5735536	0.5638533
24	23	-0.2039798	0.5735536	0.5638533
24	32	-0.2039798	0.5735536	0.5638533
24	37	1.198683	0.2019058	0.1132637
24	41	-0.2039798	0.5735536	0.5638533
24	50	-0.2039798	0.5735536	0.5638533
25	1	0.806513	0.3261107	0.03812000
25	10	-0.2423827	0.5074263	1.332312
25	37	0.806513	0.3261107	0.03812
26	1	0.1705457	0.5127041	0.06317034
26	10	-0.3303752	0.5567996	1.102347
26	19	1.096094	0.1851881	0.5812446
26	28	1.076627	0.1881580	0.6091794
26	37	0.1705457	0.5127041	0.06317034
26	46	1.096094	0.1851881	0.5812446
27	1	1.107792	0.2260785	0.1415657
27	10	-0.3434817	0.5694322	1.015787
27	19	1.107792	0.2260785	0.1415657
27	28	0.903185	0.2949098	0.06242798
27	37	1.107792	0.2260785	0.1415657
27	46	1.107792	0.2260785	0.1415657
28	1	1.107792	0.2260785	0.1415657
28	10	-0.3434817	0.5694322	1.015787
28	19	1.107792	0.2260785	0.1415657
28	28	0.903185	0.2949098	0.06242798
28	37	1.107792	0.2260785	0.1415657
28	46	1.107792	0.2260785	0.1415657
29	1	0.9840874	0.2689648	0.0811228
29	10	-0.3403279	0.5603639	1.096356
29	19	1.074318	0.2385305	0.1168150
29	37	0.9840874	0.2689648	0.0811228
29	46	1.074318	0.2385305	0.1168150
30	1	0.9840874	0.2689648	0.0811228
30	10	-0.3403279	0.5603639	1.096356
30	19	1.074318	0.2385305	0.1168150
30	37	0.9840874	0.2689648	0.0811228
30	46	1.074318	0.2385305	0.1168150
31	1	0.806513	0.3261107	0.03812000
31	10	-0.2423827	0.5074263	1.332312
31	37	0.806513	0.3261107	0.03812
32	1	1.242711	0.1761103	0.2391417
32	10	0.1110233	0.5284958	0.08208684
32	19	-0.2436432	0.5157693	1.253352
32	28	0.3791102	0.4530054	0.04014766
32	37	1.242711	0.1761103	0.2391417
32	46	-0.2436432	0.5157693	1.253352
33	1	1.073135	0.2385421	0.1201866
33	10	-0.3436177	0.5693401	1.017100
33	19	1.073135	0.2385421	0.1201866
33	28	1.073135	0.2385421	0.1201866
33	37	1.073135	0.2385421	0.1201866
33	46	1.073135	0.2385421	0.1201866
35	1	1.069630	0.2394836	0.1211854
35	10	-0.3264149	0.5660016	0.9994897
35	19	1.069630	0.2394835	0.1211854
35	28	1.069630	0.2394835	0.1211854
35	37	1.069630	0.2394835	0.1211854
35	46	1.069630	0.2394835	0.1211854
36	1	1.120904	0.1941041	0.4197782
36	10	1.120904	0.1941041	0.4197782
36	19	1.120904	0.1941041	0.4197782
36	28	1.120904	0.1941041	0.4197782
36	37	1.120904	0.1941041	0.4197782
36	46	1.120904	0.1941041	0.4197782
37	1	1.120904	0.1941041	0.4197782
37	10	1.120904	0.1941041	0.4197782
37	19	1.120904	0.1941041	0.4197782
37	28	1.120904	0.1941041	0.4197782
37	37	1.120904	0.1941041	0.4197782
37	46	1.120904	0.1941041	0.4197782
38	1	1.120904	0.1941041	0.4197782
38	10	1.120904	0.1941041	0.4197782
38	19	1.120904	0.1941041	0.4197782
38	28	1.120904	0.1941041	0.4197782
38	37	1.120904	0.1941041	0.4197782
38	46	1.120904	0.1941041	0.4197782
39	1	1.120904	0.1941041	0.4197782
39	10	1.120904	0.1941041	0.4197782
39	19	1.120904	0.1941041	0.4197782
39	28	1.120904	0.1941041	0.4197782
39	37	1.120904	0.1941041	0.4197782
39	46	1.120904	0.1941041	0.4197782
40	1	1.120904	0.1941041	0.4197782
40	10	1.120904	0.1941041	0.4197782
40	19	1.120904	0.1941041	0.4197782
40	28	1.120904	0.1941041	0.4197782
40	37	1.120904	0.1941041	0.4197782
40	46	1.120904	0.1941041	0.4197782
41	1	1.120904	0.1941041	0.4197782
41	10	1.120904	0.1941041	0.4197782
41	19	1.120904	0.1941041	0.4197782
41	28	1.120904	0.1941041	0.4197782
41	37	1.120904	0.1941041	0.4197782
41	46	1.120904	0.1941041	0.4197782
42	1	1.120904	0.1941041	0.4197782
42	10	1.120904	0.1941041	0.4197782
42	19	1.120904	0.1941041	0.4197782
42	28	1.120904	0.1941041	0.4197782
42	37	1.120904	0.1941041	0.4197782
42	46	1.120904	0.1941041	0.4197782
43	1	1.120904	0.1941041	0.4197782
43	10	1.120904	0.1941041	0.4197782
43	19	1.120904	0.1941041	0.4197782
43	28	1.120904	0.1941041	0.4197782
43	37	1.120904	0.1941041	0.4197782
43	46	1.120904	0.1941041	0.4197782
44	1	1.120904	0.1941041	0.4197782
44	10	1.120904	0.1941041	0.4197782
44	19	1.120904	0.1941041	0.4197782
44	28	1.120904	0.1941041	0.4197782
44	37	1.120904	0.1941041	0.4197782
44	46	1.120904	0.1941041	0.4197782
45	1	1.120904	0.1941041	0.4197782
45	10	1.120904	0.1941041	0.4197782
45	19	1.120904	0.1941041	0.4197782
45	28	1.120904	0.1941041	0.4197782
45	37	1.120904	0.1941041	0.4197782
45	46	1.120904	0.1941041	0.4197782
46	1	1.120904	0.1941041	0.4197782
46	10	1.120904	0.1941041	0.4197782
46	19	1.120904	0.1941041	0.4197782
46	28	1.120904	0.1941041	0.4197782
46	37	1.120904	0.1941041	0.4197782
46	46	1.120904	0.1941041	0.4197782
47	1	1.120904	0.1941041	0.4197782
47	10	1.120904	0.1941041	0.4197782
47	19	1.120904	0.1941041	0.4197782
47	28	1.120904	0.1941041	0.4197782
47	37	1.120904	0.1941041	0.4197782
47	46	1.120904	0.1941041	0.4197782
48	1	1.120904	0.1941041	0.4197782
48	10	1.120904	0.1941041	0.4197782
48	19	1.120904	0.1941041	0.4197782
48	28	1.120904	0.1941041	0.4197782
48	37	1.120904	0.1941041	0.4197782
48	46	1.120904	0.1941041	0.4197782
49	1	1.120904	0.1941041	0.4197782
49	10	1.120904	0.1941041	0.4197782
49	19	1.120904	0.1941041	0.4197782
49	28	1.120904	0.1941041	0.4197782
49	37	1.120904	0.1941041	0.4197782
49	46	1.120904	0.1941041	0.4197782
50	1	1.120904	0.1941041	0.4197782
50	10	1.120904	0.1941041	0.4197782
50	19	1.120904	0.1941041	0.4197782
50	28	1.120904	0.1941041	0.4197782
50	37	1.120904	0.1941041	0.4197782
50	46	1.120904	0.1941041	0.4197782
51	1	1.120904	0.1941041	0.4197782
51	10	1.120904	0.1941041	0.4197782
51	19	1.120904	0.1941041	0.4197782
51	28	1.120904	0.1941041	0.4197782
51	37	1.120904	0.1941041	0.4197782
51	46	1.120904	0.1941041	0.4197782
52	1	1.120904	0.1941041	0.4197782
52	10	1.120904	0.1941041	0.4197782
52	19	1.120904	0.1941041	0.4197782
52	28	1.120904	0.1941041	0.4197782
52	37	1.120904	0.1941041	0.4197782
52	46	1.120904	0.1941041	0.4197782
53	1	1.120904	0.1941041	0.4197782
53	10	1.120904	0.1941041	0.4197782
53	19	1.120904	0.1941041	0.4197782
53	28	1.120904	0.1941041	0.4197782
53	37	1.120904	0.1941041	0.4197782
53	46	1.120904	0.1941041	0.4197782
54	1	1.120904	0.1941041	0.4197782
54	10	1.120904	0.1941041	0.4197782
54	19	1.120904	0.1941041	0.4197782
54	28	1.120904	0.1941041	0.4197782
54	37	1.120904	0.1941041	0.4197782
54	46	1.120904	0.1941041	0.4197782
55	1	1.120904	0.1941041	0.4197782
55	10	1.120904	0.1941041	0.4197782
55	19	1.120904	0.1941041	0.4197782
55	28	1.120904	0.1941041	0.4197782
55	37	1.120904	0.1941041	0.4197782
55	46	1.120904	0.1941041	0.4197782
56	1	1.120904	0.1941041	0.4197782
56	10	1.120904	0.1941041	0.4197782
56	19	1.120904	0.1941041	0.4197782
56	28	1.120904	0.1941041	0.4197782
56	37	1.120904	0.1941041	0.4197782
56	46	1.120904	0.1941041	0.4197782
57	1	1.120904	0.1941041	0.4197782
57	10	1.120904	0.1941041	0.4197782
57	19	1.120904	0.1941041	0.4197782
57	28	1.120904	0.1941041	0.4197782
57	37	1.120904	0.1941041	0.4197782
57	46	1.120904	0.1941041	0.4197782
58	1	1.120904	0.1941041	0.4197782
58	10	1.120904	0.1941041	0.4197782
58	19	1.120904	0.1941041	0.4197782
58	28	1.120904	0.1941041	0.4197782
58	37	1.120904	0.1941041	0.4197782
58	46	1.120904	0.1941041	0.4197782
59	1	1.120904	0.1941041	0.4197782
59	10	1.120904	0.1941041	0.4197782
59	19	1.120904	0.1941041	0.4197782
59	28	1.120904	0.1941041	0.4197782
59	37	1.120904	0.1941041	0.4197782
59	46	1.120904	0.1941041	0.4197782
60	1	1.120904	0.1941041	0.4197782
60	10	1.120904	0.1941041	0.4197782
60	19	1.120904	0.1941041	0.4197782
60	28	1.120904	0.1941041	0.4197782
60	37	1.120904	0.1941041	0.4197782
60	46	1.120904	0.1941041	0.4197782
61	1	1.120904	0.1941041	0.4197782
61	10	1.120904	0.1941041	0.4197782
61	19	1.120904	0.1941041	0.4197782
61	28	1.120904	0.1941041	0.4197782
61	37	1.120904	0.1941041	0.4197782
61	46	1.120904	0.1941041	0.4197782
62	1	1.120904	0.1941041	0.4197782
62	10	1.120904	0.1941041	0.4197782
62	19	1.120904	0.1941041	0.4197782
62	28	1.120904	0.1941041	0.4197782
62	37	1.120904	0.1941041	0.4197782
62	46	1.120904	0.1941041	0.4197782
63	1	1.120904	0.1941041	0.4197782
63	10	1.120904	0.1941041	0.4197782
63	19	1.120904	0.1941041	0.4197782
63	28	1.120904	0.1941041	0.4197782
63	37	1.120904	0.1941041	0.4197782
63	46	1.120904	0.1941041	0.4197782
64	1	1.120904	0.1941041	0.4197782
64	10	1.120904	0.1941041	0.4197782
64	19	1.120904	0.1941041	0.4197782
64	28	1.120904	0.1941041	0.4197782
64	37	1.120904	0.1941041	0.4197782
64	46	1.120904	0.1941041	0.4197782
65	1	1.120904	0.1941041	0.4197782
65	10	1.120904	0.1941041	0.4197782
65	19	1.120904	0.1941041	0.4197782
65	28	1.120904	0.1941041	0.4197782
65	37	1.120904	0.1941041	0.4197782
65	46	1.120904	0.1941041	0.4197782
66	1	1.120904	0.1941041	0.4197782
66	10	1.120904	0.1941041	0.4197782
66	19	1.120904	0.1941041	0.4197782
66	28	1.120904	0.1941041	0.4197782
66	37	1.120904	0.1941041	0.4197782
66	46	1.120904	0.1941041	0.4197782
67	1	1.120904	0.1941041	0.4197782
67	10	1.120904	0.1941041	0.4197782
67	19	1.120904	0.1941041	0.4197782
67	28	1.120904	0.1941041	0.4197782
67	37	1.120904	0.1941041	0.4197782
67	46	1.120904	0.1941041	0.4197782
68	1	1.120904	0.1941041	0.4197782
68	10	1.120904	0.1941041	0.4197782
68	19	1.120904	0.1941041	0.4197782
68	28	1.120904	0.1941041	0.4197782
68	37	1.120904	0.1941041	0.4197782
68	46	1.120904	0.1941041	0.4197782
69	1	1.120904	0.1941041	0.4197782
69	10	1.120904	0.1941041	0.4197782
69	19	1.120904	0.1941041	0.4197782
69	28	1.120904	0.1941041	0.4197782
69	37	1.120904	0.1941041	0.4197782
69	46	1.120904	0.1941041	0.4197782
70	1	1.120904	0.1941041	0.4197782
70	10	1.120904	0.1941041	0.4197782
70	19	1.120904	0.1941041	0.4197782
70	28	1.120904	0.1941041	0.4197782
70	37	1.120904	0.1941041	0.4197782
70	46	1.120904	0.1941041	0.4197782
71	1	0.61203	0.3854478	0.02323068
71	2	-0.009051365	0.4468273	1.245226
71	3	-0.03352822	0.4490669	1.295162
71	4	-0.009051088	0.4468272	1.245226
71	6	-0.006854898	0.446626	1.240749
71	7	-0.0068549	0.446626	1.240749
71	8	-0.006854912	0.446626	1.240749
71	9	-0.00685491	0.446626	1.240749
71	10	0.6120301	0.3854478	0.02323068
71	11	-0.009051098	0.4468272	1.245226
71	12	-0.03352822	0.4490669	1.295162
71	13	-0.009051094	0.4468272	1.245226
71	15	-0.006854913	0.446626	1.240749
71	16	-0.006854909	0.446626	1.240749
71	17	-0.006854929	0.446626	1.240749
71	18	-0.006854907	0.446626	1.240749
71	19	0.6120301	0.3854478	0.02323068
71	20	-0.0090511	0.4468272	1.245226
71	21	-0.03352823	0.4490669	1.295162
71	22	-0.009051102	0.4468272	1.245226
71	24	-0.006854929	0.446626	1.240749
71	25	-0.006854946	0.446626	1.240749
71	26	-0.006854921	0.446626	1.240749
71	27	-0.00685491	0.446626	1.240749
71	28	0.6120301	0.3854477	0.02323068
71	29	-0.009051115	0.4468272	1.245226
71	30	-0.03352823	0.4490669	1.295162
71	31	-0.009051104	0.4468272	1.245226
71	33	-0.00685496	0.446626	1.240749
71	34	-0.006854965	0.446626	1.240749
71	35	-0.006854956	0.446626	1.240749
71	36	-0.006854962	0.446626	1.240749
71	37	0.6120301	0.3854478	0.02323068
71	38	-0.009051107	0.4468272	1.245226
71	39	-0.03352823	0.4490669	1.295162
71	40	-0.009051102	0.4468272	1.245226
71	42	-0.006854935	0.446626	1.240749
71	43	-0.006854931	0.446626	1.240749
71	44	-0.006854933	0.446626	1.240749
71	45	-0.006854949	0.446626	1.240749
71	46	0.61203	0.3854478	0.02323068
71	47	-0.009051105	0.4468272	1.245226
71	48	-0.03578272	0.449273	1.299764
71	49	-0.009051098	0.4468272	1.245226
71	51	-0.00685491	0.446626	1.240749
71	52	-0.006854931	0.446626	1.240749
71	53	-0.006854889	0.446626	1.240749
71	54	-0.006854929	0.446626	1.240749
72	1	0.61203	0.3854478	0.02323068
72	2	-0.009051365	0.4468273	1.245226
72	3	-0.03352822	0.4490669	1.295162
72	4	-0.009051088	0.4468272	1.245226
72	6	-0.006854898	0.446626	1.240749
72	7	-0.0068549	0.446626	1.240749
72	8	-0.006854912	0.446626	1.240749
72	9	-0.00685491	0.446626	1.240749
72	10	0.6120301	0.3854478	0.02323068
72	11	-0.009051098	0.4468272	1.245226
72	12	-0.03352822	0.4490669	1.295162
72	13	-0.009051094	0.4468272	1.245226
72	15	-0.006854913	0.446626	1.240749
72	16	-0.006854909	0.446626	1.240749
72	17	-0.006854929	0.446626	1.240749
72	18	-0.006854907	0.446626	1.240749
72	19	0.6120301	0.3854478	0.02323068
72	20	-0.0090511	0.4468272	1.245226
72	21	-0.03352823	0.4490669	1.295162
72	22	-0.009051102	0.4468272	1.245226
72	24	-0.006854929	0.446626	1.240749
72	25	-0.006854946	0.446626	1.240749
72	26	-0.006854921	0.446626	1.240749
72	27	-0.00685491	0.446626	1.240749
72	28	0.6120301	0.3854477	0.02323068
72	29	-0.009051115	0.4468272	1.245226
72	30	-0.03352823	0.4490669	1.295162
72	31	-0.009051104	0.4468272	1.245226
72	33	-0.00685496	0.446626	1.240749
72	34	-0.006854965	0.446626	1.240749
72	35	-0.006854956	0.446626	1.240749
72	36	-0.006854962	0.446626	1.240749
72	37	0.6120301	0.3854478	0.02323068
72	38	-0.009051107	0.4468272	1.245226
72	39	-0.03352823	0.4490669	1.295162
72	40	-0.009051102	0.4468272	1.245226
72	42	-0.006854935	0.446626	1.240749
72	43	-0.006854931	0.446626	1.240749
72	44	-0.006854933	0.446626	1.240749
72	45	-0.006854949	0.446626	1.240749
72	46	0.61203	0.3854478	0.02323068
72	47	-0.009051105	0.4468272	1.245226
72	48	-0.03578272	0.449273	1.299764
72	49	-0.009051098	0.4468272	1.245226
72	51	-0.00685491	0.446626	1.240749
72	52	-0.006854931	0.446626	1.240749
72	53	-0.006854889	0.446626	1.240749
72	54	-0.006854929	0.446626	1.240749
73	1	0.61203	0.3854478	0.02323068
73	2	-0.009051365	0.4468273	1.245226
73	3	-0.03352822	0.4490669	1.295162
73	4	-0.009051088	0.4468272	1.245226
73	6	-0.006854898	0.446626	1.240749
73	7	-0.0068549	0.446626	1.240749
73	8	-0.006854912	0.446626	1.240749
73	9	-0.00685491	0.446626	1.240749
73	10	0.6120301	0.3854478	0.02323068
73	11	-0.009051098	0.4468272	1.245226
73	12	-0.03352822	0.4490669	1.295162
73	13	-0.009051094	0.4468272	1.245226
73	15	-0.006854913	0.446626	1.240749
73	16	-0.006854909	0.446626	1.240749
73	17	-0.006854929	0.446626	1.240749
73	18	-0.006854907	0.446626	1.240749
73	19	0.6120301	0.3854478	0.02323068
73	20	-0.0090511	0.4468272	1.245226
73	21	-0.03352823	0.4490669	1.295162
73	22	-0.009051102	0.4468272	1.245226
73	24	-0.006854929	0.446626	1.240749
73	25	-0.006854946	0.446626	1.240749
73	26	-0.006854921	0.446626	1.240749
73	27	-0.00685491	0.446626	1.240749
73	28	0.6120301	0.3854477	0.02323068
73	29	-0.009051115	0.4468272	1.245226
73	30	-0.03352823	0.4490669	1.295162
73	31	-0.009051104	0.4468272	1.245226
73	33	-0.00685496	0.446626	1.240749
73	34	-0.006854965	0.446626	1.240749
73	35	-0.006854956	0.446626	1.240749
73	36	-0.006854962	0.446626	1.240749
73	37	0.6120301	0.3854478	0.02323068
73	38	-0.009051107	0.4468272	1.245226
73	39	-0.03352823	0.4490669	1.295162
73	40	-0.009051102	0.4468272	1.245226
73	42	-0.006854935	0.446626	1.240749
73	43	-0.006854931	0.446626	1.240749
73	44	-0.006854933	0.446626	1.240749
73	45	-0.006854949	0.446626	1.240749
73	46	0.61203	0.3854478	0.02323068
73	47	-0.009051105	0.4468272	1.245226
73	48	-0.03578272	0.449273	1.299764
73	49	-0.009051098	0.4468272	1.245226
73	51	-0.00685491	0.446626	1.240749
73	52	-0.006854931	0.446626	1.240749
73	53	-0.006854889	0.446626	1.240749
73	54	-0.006854929	0.446626	1.240749
74	1	0.61203	0.3854478	0.02323068
74	2	-0.009051365	0.4468273	1.245226
74	3	-0.03352822	0.4490669	1.295162
74	4	-0.009051088	0.4468272	1.245226
74	6	-0.006854898	0.446626	1.240749
74	7	-0.0068549	0.446626	1.240749
74	8	-0.006854912	0.446626	1.240749
74	9	-0.00685491	0.446626	1.240749
74	10	0.6120301	0.3854478	0.02323068
74	11	-0.009051098	0.4468272	1.245226
74	12	-0.03352822	0.4490669	1.295162
74	13	-0.009051094	0.4468272	1.245226
74	15	-0.006854913	0.446626	1.240749
74	16	-0.006854909	0.446626	1.240749
74	17	-0.006854929	0.446626	1.240749
74	18	-0.006854907	0.446626	1.240749
74	19	0.6120301	0.3854478	0.02323068
74	20	-0.0090511	0.4468272	1.245226
74	21	-0.03352823	0.4490669	1.295162
74	22	-0.009051102	0.4468272	1.245226
74	24	-0.006854929	0.446626	1.240749
74	25	-0.006854946	0.446626	1.240749
74	26	-0.006854921	0.446626	1.240749
74	27	-0.00685491	0.446626	1.240749
74	28	0.6120301	0.3854477	0.02323068
74	29	-0.009051115	0.4468272	1.245226
74	30	-0.03352823	0.4490669	1.295162
74	31	-0.009051104	0.4468272	1.245226
74	33	-0.00685496	0.446626	1.240749
74	34	-0.006854965	0.446626	1.240749
74	35	-0.006854956	0.446626	1.240749
74	36	-0.006854962	0.446626	1.240749
74	37	0.6120301	0.3854478	0.02323068
74	38	-0.009051107	0.4468272	1.245226
74	39	-0.03352823	0.4490669	1.295162
74	40	-0.009051102	0.4468272	1.245226
74	42	-0.006854935	0.446626	1.240749
74	43	-0.006854931	0.446626	1.240749
74	44	-0.006854933	0.446626	1.240749
74	45	-0.006854949	0.446626	1.240749
74	46	0.61203	0.3854478	0.02323068
74	47	-0.009051105	0.4468272	1.245226
74	48	-0.03578272	0.449273	1.299764
74	49	-0.009051098	0.4468272	1.245226
74	51	-0.00685491	0.446626	1.240749
74	52	-0.006854931	0.446626	1.240749
74	53	-0.006854889	0.446626	1.240749
74	54	-0.006854929	0.446626	1.240749
75	1	0.61203	0.3854478	0.02323068
75	2	-0.009051365	0.4468273	1.245226
75	3	-0.03352822	0.4490669	1.295162
75	4	-0.009051088	0.4468272	1.245226
75	6	-0.006854898	0.446626	1.240749
75	7	-0.0068549	0.446626	1.240749
75	8	-0.006854912	0.446626	1.240749
75	9	-0.00685491	0.446626	1.240749
75	10	0.6120301	0.3854478	0.02323068
75	11	-0.009051098	0.4468272	1.245226
75	12	-0.03352822	0.4490669	1.295162
75	13	-0.009051094	0.4468272	1.245226
75	15	-0.006854913	0.446626	1.240749
75	16	-0.006854909	0.446626	1.240749
75	17	-0.006854929	0.446626	1.240749
75	18	-0.006854907	0.446626	1.240749
75	19	0.6120301	0.3854478	0.02323068
75	20	-0.0090511	0.4468272	1.245226
75	21	-0.03352823	0.4490669	1.295162
75	22	-0.009051102	0.4468272	1.245226
75	24	-0.006854929	0.446626	1.240749
75	25	-0.006854946	0.446626	1.240749
75	26	-0.006854921	0.446626	1.240749
75	27	-0.00685491	0.446626	1.240749
75	28	0.6120301	0.3854477	0.02323068
75	29	-0.009051115	0.4468272	1.245226
75	30	-0.03352823	0.4490669	1.295162
75	31	-0.009051104	0.4468272	1.245226
75	33	-0.00685496	0.446626	1.240749
75	34	-0.006854965	0.446626	1.240749
75	35	-0.006854956	0.446626	1.240749
75	36	-0.006854962	0.446626	1.240749
75	37	0.6120301	0.3854478	0.02323068
75	38	-0.009051107	0.4468272	1.245226
75	39	-0.03352823	0.4490669	1.295162
75	40	-0.009051102	0.4468272	1.245226
75	42	-0.006854935	0.446626	1.240749
75	43	-0.006854931	0.446626	1.240749
75	44	-0.006854933	0.446626	1.240749
75	45	-0.006854949	0.446626	1.240749
75	46	0.61203	0.3854478	0.02323068
75	47	-0.009051105	0.4468272	1.245226
75	48	-0.03578272	0.449273	1.299764
75	49	-0.009051098	0.4468272	1.245226
75	51	-0.00685491	0.446626	1.240749
75	52	-0.006854931	0.446626	1.240749
75	53	-0.006854889	0.446626	1.240749
75	54	-0.006854929	0.446626	1.240749
76	1	0.8963423	0.298182	0.05016606
76	2	-0.135047	0.489346	1.195177
76	3	-0.2431823	0.5655127	0.7590597
76	4	-0.135047	0.489346	1.195177
76	6	0.3189121	0.3582968	1.156061
76	7	0.3189121	0.3582968	1.156061
76	8	0.3189121	0.3582968	1.156061
76	9	0.3189121	0.3582968	1.156061
76	10	0.8963423	0.298182	0.05016606
76	11	-0.135047	0.489346	1.195177
76	12	-0.2431823	0.5655127	0.7590597
76	13	-0.135047	0.489346	1.195177
76	15	0.3189121	0.3582968	1.156061
76	16	0.3189121	0.3582968	1.156061
76	17	0.3189121	0.3582968	1.156061
76	18	0.3189121	0.3582968	1.156061
76	19	0.8963423	0.298182	0.05016606
76	20	-0.135047	0.489346	1.195177
76	21	-0.2431823	0.5655127	0.7590597
76	22	-0.135047	0.489346	1.195177
76	24	0.5297202	0.3011661	1.100978
76	25	0.3189121	0.3582968	1.156061
76	26	0.3189121	0.3582968	1.156061
76	27	0.3189121	0.3582968	1.156061
76	28	0.8963423	0.298182	0.05016606
76	29	-0.135047	0.489346	1.195177
76	30	-0.2431823	0.5655127	0.7590597
76	31	-0.135047	0.489346	1.195177
76	33	0.3189121	0.3582968	1.156061
76	34	0.3189121	0.3582968	1.156061
76	35	0.3189121	0.3582968	1.156061
76	36	0.3189121	0.3582968	1.156061
76	37	0.8963423	0.298182	0.05016606
76	38	-0.135047	0.489346	1.195177
76	39	-0.2431823	0.5655127	0.7590597
76	40	-0.135047	0.489346	1.195177
76	42	0.3189121	0.3582968	1.156061
76	43	0.3189121	0.3582968	1.156061
76	44	0.3189121	0.3582968	1.156061
76	45	0.3189121	0.3582968	1.156061
76	46	0.8963423	0.298182	0.05016606
76	47	-0.135047	0.489346	1.195177
76	48	-0.2447669	0.5663809	0.7551252
76	49	-0.135047	0.489346	1.195177
76	51	0.3189121	0.3582968	1.156061
76	52	0.3189121	0.3582968	1.156061
76	53	0.3189121	0.3582968	1.156061
76	54	0.3189121	0.3582968	1.156061
77	1	0.8963423	0.298182	0.05016606
77	2	-0.135047	0.489346	1.195177
77	3	-0.2431823	0.5655127	0.7590597
77	4	-0.135047	0.489346	1.195177
77	6	0.3189121	0.3582968	1.156061
77	7	0.3189121	0.3582968	1.156061
77	8	0.3189121	0.3582968	1.156061
77	9	0.3189121	0.3582968	1.156061
77	10	0.8963423	0.298182	0.05016606
77	11	-0.135047	0.489346	1.195177
77	12	-0.2431823	0.5655127	0.7590597
77	13	-0.135047	0.489346	1.195177
77	15	0.3189121	0.3582968	1.156061
77	16	0.3189121	0.3582968	1.156061
77	17	0.3189121	0.3582968	1.156061
77	18	0.3189121	0.3582968	1.156061
77	19	0.8963423	0.298182	0.05016606
77	20	-0.135047	0.489346	1.195177
77	21	-0.2431823	0.5655127	0.7590597
77	22	-0.135047	0.489346	1.195177
77	24	0.5297202	0.3011661	1.100978
77	25	0.3189121	0.3582968	1.156061
77	26	0.3189121	0.3582968	1.156061
77	27	0.3189121	0.3582968	1.156061
77	28	0.8963423	0.298182	0.05016606
77	29	-0.135047	0.489346	1.195177
77	30	-0.2431823	0.5655127	0.7590597
77	31	-0.135047	0.489346	1.195177
77	33	0.3189121	0.3582968	1.156061
77	34	0.3189121	0.3582968	1.156061
77	35	0.3189121	0.3582968	1.156061
77	36	0.3189121	0.3582968	1.156061
77	37	0.8963423	0.298182	0.05016606
77	38	-0.135047	0.489346	1.195177
77	39	-0.2431823	0.5655127	0.7590597
77	40	-0.135047	0.489346	1.195177
77	42	0.3189121	0.3582968	1.156061
77	43	0.3189121	0.3582968	1.156061
77	44	0.3189121	0.3582968	1.156061
77	45	0.3189121	0.3582968	1.156061
77	46	0.8963423	0.298182	0.05016606
77	47	-0.135047	0.489346	1.195177
77	48	-0.2447669	0.5663809	0.7551252
77	49	-0.135047	0.489346	1.195177
77	51	0.3189121	0.3582968	1.156061
77	52	0.3189121	0.3582968	1.156061
77	53	0.3189121	0.3582968	1.156061
77	54	0.3189121	0.3582968	1.156061
78	1	0.601604	0.3885737	0.02297841
78	2	0.0002895832	0.4439767	1.245948
78	3	-0.02379078	0.4460941	1.295927
78	4	0.0002896278	0.4439767	1.245948
78	6	0.002449765	0.4437866	1.241467
78	7	0.002449765	0.4437866	1.241467
78	8	0.002449765	0.4437866	1.241467
78	9	0.002449766	0.4437866	1.241467
78	10	0.601604	0.3885737	0.02297841
78	11	0.0002896282	0.4439767	1.245948
78	12	-0.02379078	0.4460941	1.295927
78	13	0.0002896276	0.4439767	1.245948
78	15	0.002449758	0.4437866	1.241467
78	16	0.002449759	0.4437866	1.241467
78	17	0.002449759	0.4437866	1.241467
78	18	0.002449759	0.4437866	1.241467
78	19	0.601604	0.3885737	0.02297841
78	20	0.0002896265	0.4439767	1.245948
78	21	-0.02379078	0.4460941	1.295927
78	22	0.0002896257	0.4439767	1.245948
78	25	0.002449748	0.4437866	1.241467
78	26	0.002449748	0.4437866	1.241467
78	27	0.002449748	0.4437866	1.241467
78	28	0.601604	0.3885737	0.02297841
78	29	0.0002896251	0.4439767	1.245948
78	30	-0.02379078	0.4460941	1.295927
78	31	0.0002896235	0.4439767	1.245948
78	33	0.002449739	0.4437866	1.241467
78	34	0.002449739	0.4437866	1.241467
78	35	0.002449739	0.4437866	1.241467
78	36	0.002449739	0.4437866	1.241467
78	37	0.601604	0.3885737	0.02297841
78	38	0.0002896228	0.4439767	1.245948
78	39	-0.02379078	0.4460941	1.295927
78	40	0.0002896211	0.4439767	1.245948
78	42	0.002449727	0.4437866	1.241467
78	43	0.002449728	0.4437866	1.241467
78	44	0.002449728	0.4437866	1.241467
78	45	0.002449728	0.4437866	1.241467
78	46	0.601604	0.3885737	0.02297841
78	47	0.0002896212	0.4439767	1.245948
78	48	-0.02600922	0.446289	1.300533
78	49	0.0002896191	0.4439767	1.245948
78	51	0.002449718	0.4437866	1.241467
78	52	0.002449718	0.4437866	1.241467
78	53	0.002449718	0.4437866	1.241467
78	54	0.002449718	0.4437866	1.241467
79	1	0.4514974	0.316276	1.181758
79	2	0.3808299	0.3419139	1.135945
79	3	-0.02718792	0.5562593	0.2142520
79	4	-0.03528137	0.5575016	0.2257914
79	6	0.6023583	0.2894743	1.002784
79	8	0.775574	0.3365415	0.02592878
79	9	0.6023583	0.2894743	1.002784
79	10	0.4514974	0.316276	1.181758
79	11	0.3808299	0.3419139	1.135945
79	12	-0.02718792	0.5562593	0.2142520
79	13	-0.03528137	0.5575016	0.2257914
79	15	0.6023583	0.2894743	1.002784
79	17	0.775574	0.3365415	0.02592878
79	18	0.6023583	0.2894743	1.002784
79	19	0.4514974	0.316276	1.181758
79	20	0.3808299	0.3419139	1.135945
79	21	-0.02718792	0.5562593	0.2142520
79	22	-0.0623759	0.561371	0.2672909
79	26	0.775574	0.3365415	0.02592878
79	27	0.6023583	0.2894743	1.002784
79	28	0.4514974	0.316276	1.181758
79	29	0.3808299	0.3419139	1.135945
79	30	-0.02718792	0.5562593	0.2142520
79	31	-0.03528137	0.5575016	0.2257914
79	33	0.6023583	0.2894743	1.002784
79	35	0.775574	0.3365415	0.02592878
79	36	0.6023583	0.2894743	1.002784
79	37	0.4514974	0.316276	1.181758
79	38	0.3808299	0.3419139	1.135945
79	39	-0.02718792	0.5562593	0.2142520
79	40	-0.03528137	0.5575016	0.2257914
79	42	0.6023583	0.2894743	1.002784
79	44	0.775574	0.3365415	0.02592878
79	45	0.6023583	0.2894743	1.002784
79	46	0.4514974	0.316276	1.181758
79	47	0.9263765	0.2229705	0.7069714
79	48	-0.02718792	0.5562593	0.2142520
79	49	-0.03528137	0.5575016	0.2257914
79	51	0.6023583	0.2894743	1.002784
79	53	0.775574	0.3365415	0.02592878
79	54	0.6023583	0.2894743	1.002784
80	1	0.4514974	0.316276	1.181758
80	2	0.3808299	0.3419139	1.135945
80	3	-0.02718792	0.5562593	0.2142520
80	4	-0.03528137	0.5575016	0.2257914
80	6	0.6023583	0.2894743	1.002784
80	8	0.775574	0.3365415	0.02592878
80	9	0.6023583	0.2894743	1.002784
80	10	0.4514974	0.316276	1.181758
80	11	0.3808299	0.3419139	1.135945
80	12	-0.02718792	0.5562593	0.2142520
80	13	-0.03528137	0.5575016	0.2257914
80	15	0.6023583	0.2894743	1.002784
80	17	0.775574	0.3365415	0.02592878
80	18	0.6023583	0.2894743	1.002784
80	19	0.4514974	0.316276	1.181758
80	20	0.3808299	0.3419139	1.135945
80	21	-0.02718792	0.5562593	0.2142520
80	22	-0.0623759	0.561371	0.2672909
80	26	0.775574	0.3365415	0.02592878
80	27	0.6023583	0.2894743	1.002784
80	28	0.4514974	0.316276	1.181758
80	29	0.3808299	0.3419139	1.135945
80	30	-0.02718792	0.5562593	0.2142520
80	31	-0.03528137	0.5575016	0.2257914
80	33	0.6023583	0.2894743	1.002784
80	35	0.775574	0.3365415	0.02592878
80	36	0.6023583	0.2894743	1.002784
80	37	0.4514974	0.316276	1.181758
80	38	0.3808299	0.3419139	1.135945
80	39	-0.02718792	0.5562593	0.2142520
80	40	-0.03528137	0.5575016	0.2257914
80	42	0.6023583	0.2894743	1.002784
80	44	0.775574	0.3365415	0.02592878
80	45	0.6023583	0.2894743	1.002784
80	46	0.4514974	0.316276	1.181758
80	47	0.9263765	0.2229705	0.7069714
80	48	-0.02718792	0.5562593	0.2142520
80	49	-0.03528137	0.5575016	0.2257914
80	51	0.6023583	0.2894743	1.002784
80	53	0.775574	0.3365415	0.02592878
80	54	0.6023583	0.2894743	1.002784
81	1	0.8770255	0.3041007	0.0484388
81	2	0.1755353	0.3913646	1.250885
81	6	-0.2151866	0.5688838	0.6431545
81	9	-0.1971271	0.5159786	1.114202
81	10	0.8770255	0.3041007	0.0484388
81	11	0.1755353	0.3913646	1.250885
81	15	-0.2151866	0.5688838	0.6431545
81	18	-0.1971271	0.5159786	1.114202
81	19	0.8770255	0.3041007	0.0484388
81	20	0.1755353	0.3913646	1.250885
81	27	-0.1971271	0.5159786	1.114202
81	28	0.8770255	0.3041007	0.0484388
81	29	0.1755353	0.3913646	1.250885
81	33	-0.2151866	0.5688838	0.6431545
81	36	-0.1971271	0.5159786	1.114202
81	37	0.8770255	0.3041007	0.0484388
81	38	0.1755353	0.3913646	1.250885
81	42	-0.2151866	0.5688838	0.6431545
81	45	-0.1971271	0.5159786	1.114202
81	46	0.8770255	0.3041007	0.0484388
81	47	0.2046741	0.3821293	1.256535
81	51	-0.2151866	0.5688838	0.6431545
81	54	-0.1971271	0.5159786	1.114202
82	1	0.9435898	0.2827236	0.06412068
82	2	-0.1924730	0.5060965	1.198413
82	9	-0.2324054	0.5381918	0.9980386
82	10	0.9435898	0.2827236	0.06412068
82	11	-0.1924730	0.5060965	1.198413
82	18	-0.2324054	0.5381918	0.9980386
82	19	0.9435898	0.2827236	0.06412068
82	20	-0.1924730	0.5060965	1.198413
82	27	-0.2324054	0.5381918	0.9980386
82	28	0.9435898	0.2827236	0.06412068
82	29	-0.1924730	0.5060965	1.198413
82	36	-0.2324054	0.5381918	0.9980386
82	37	0.9435898	0.2827236	0.06412068
82	38	-0.1924730	0.5060965	1.198413
82	45	-0.2324054	0.5381918	0.9980386
82	46	0.9435898	0.2827236	0.06412068
82	47	-0.2630171	0.5590918	0.8811379
82	54	-0.2324054	0.5381918	0.9980386
83	1	0.9435898	0.2827236	0.06412068
83	2	-0.1924730	0.5060965	1.198413
83	9	-0.2324054	0.5381918	0.9980386
83	10	0.9435898	0.2827236	0.06412068
83	11	-0.1924730	0.5060965	1.198413
83	18	-0.2324054	0.5381918	0.9980386
83	19	0.9435898	0.2827236	0.06412068
83	20	-0.1924730	0.5060965	1.198413
83	27	-0.2324054	0.5381918	0.9980386
83	28	0.9435898	0.2827236	0.06412068
83	29	-0.1924730	0.5060965	1.198413
83	36	-0.2324054	0.5381918	0.9980386
83	37	0.9435898	0.2827236	0.06412068
83	38	-0.1924730	0.5060965	1.198413
83	45	-0.2324054	0.5381918	0.9980386
83	46	0.9435898	0.2827236	0.06412068
83	47	-0.2630171	0.5590918	0.8811379
83	54	-0.2324054	0.5381918	0.9980386
84	1	0.9435898	0.2827236	0.06412068
84	2	-0.1924730	0.5060965	1.198413
84	9	-0.2324054	0.5381918	0.9980386
84	10	0.9435898	0.2827236	0.06412068
84	11	-0.1924730	0.5060965	1.198413
84	18	-0.2324054	0.5381918	0.9980386
84	19	0.9435898	0.2827236	0.06412068
84	20	-0.1924730	0.5060965	1.198413
84	27	-0.2324054	0.5381918	0.9980386
84	28	0.9435898	0.2827236	0.06412068
84	29	-0.1924730	0.5060965	1.198413
84	36	-0.2324054	0.5381918	0.9980386
84	37	0.9435898	0.2827236	0.06412068
84	38	-0.1924730	0.5060965	1.198413
84	45	-0.2324054	0.5381918	0.9980386
84	46	0.9435898	0.2827236	0.06412068
84	47	-0.2630171	0.5590918	0.8811379
84	54	-0.2324054	0.5381918	0.9980386
85	1	0.9435898	0.2827236	0.06412068
85	2	-0.1924730	0.5060965	1.198413
85	9	-0.2324054	0.5381918	0.9980386
85	10	0.9435898	0.2827236	0.06412068
85	11	-0.1924730	0.5060965	1.198413
85	18	-0.2324054	0.5381918	0.9980386
85	19	0.9435898	0.2827236	0.06412068
85	20	-0.1924730	0.5060965	1.198413
85	27	-0.2324054	0.5381918	0.9980386
85	28	0.9435898	0.2827236	0.06412068
85	29	-0.1924730	0.5060965	1.198413
85	36	-0.2324054	0.5381918	0.9980386
85	37	0.9435898	0.2827236	0.06412068
85	38	-0.1924730	0.5060965	1.198413
85	45	-0.2324054	0.5381918	0.9980386
85	46	0.9435898	0.2827236	0.06412068
85	47	-0.2630171	0.5590918	0.8811379
85	54	-0.2324054	0.5381918	0.9980386
86	1	0.9435898	0.2827236	0.06412068
86	2	-0.1924730	0.5060965	1.198413
86	9	-0.2324054	0.5381918	0.9980386
86	10	0.9435898	0.2827236	0.06412068
86	11	-0.1924730	0.5060965	1.198413
86	18	-0.2324054	0.5381918	0.9980386
86	19	0.9435898	0.2827236	0.06412068
86	20	-0.1924730	0.5060965	1.198413
86	27	-0.2324054	0.5381918	0.9980386
86	28	0.9435898	0.2827236	0.06412068
86	29	-0.1924730	0.5060965	1.198413
86	36	-0.2324054	0.5381918	0.9980386
86	37	0.9435898	0.2827236	0.06412068
86	38	-0.1924730	0.5060965	1.198413
86	45	-0.2324054	0.5381918	0.9980386
86	46	0.9435898	0.2827236	0.06412068
86	47	-0.2630171	0.5590918	0.8811379
86	54	-0.2324054	0.5381918	0.9980386
87	1	0.9435898	0.2827236	0.06412068
87	2	-0.1924730	0.5060965	1.198413
87	9	-0.2324054	0.5381918	0.9980386
87	10	0.9435898	0.2827236	0.06412068
87	11	-0.1924730	0.5060965	1.198413
87	18	-0.2324054	0.5381918	0.9980386
87	19	0.9435898	0.2827236	0.06412068
87	20	-0.1924730	0.5060965	1.198413
87	27	-0.2324054	0.5381918	0.9980386
87	28	0.9435898	0.2827236	0.06412068
87	29	-0.1924730	0.5060965	1.198413
87	36	-0.2324054	0.5381918	0.9980386
87	37	0.9435898	0.2827236	0.06412068
87	38	-0.1924730	0.5060965	1.198413
87	45	-0.2324054	0.5381918	0.9980386
87	46	0.9435898	0.2827236	0.06412068
87	47	-0.2630171	0.5590918	0.8811379
87	54	-0.2324054	0.5381918	0.9980386
88	1	0.9662353	0.2753169	0.07078362
88	2	-0.2415803	0.5315389	1.091003
88	9	-0.2225332	0.528269	1.067278
88	10	0.9662353	0.2753169	0.07078362
88	11	-0.2415803	0.5315389	1.091003
88	18	-0.2225332	0.528269	1.067278
88	19	0.9662353	0.2753169	0.07078362
88	20	-0.2415803	0.5315389	1.091003
88	27	-0.2225332	0.528269	1.067278
88	28	0.9662353	0.2753169	0.07078362
88	29	-0.2415803	0.5315389	1.091003
88	36	-0.2225332	0.528269	1.067278
88	37	0.9662353	0.2753169	0.07078362
88	38	-0.2415803	0.5315389	1.091003
88	45	-0.2225332	0.528269	1.067278
88	46	0.9662353	0.2753169	0.07078362
88	54	-0.2225332	0.528269	1.067278
89	1	-0.05295174	0.4464689	1.378147
89	2	-0.232642	0.5665821	0.7174014
89	8	0.8305522	0.3210034	0.01789131
89	9	-0.1490029	0.4896134	1.233653
89	10	-0.05295174	0.4464689	1.378147
89	11	-0.232642	0.5665821	0.7174014
89	17	0.8305522	0.3210034	0.01789131
89	18	-0.1490029	0.4896134	1.233653
89	19	-0.05295174	0.4464689	1.378147
89	20	-0.232642	0.5665821	0.7174014
89	26	0.8305522	0.3210034	0.01789131
89	27	-0.1490029	0.4896134	1.233653
89	28	-0.05295174	0.4464689	1.378147
89	29	-0.232642	0.5665821	0.7174014
89	35	0.8305522	0.3210034	0.01789131
89	36	-0.1490029	0.4896134	1.233653
89	37	-0.05295174	0.4464689	1.378147
89	38	-0.232642	0.5665821	0.7174014
89	44	0.8305522	0.3210034	0.01789131
89	45	-0.1490029	0.4896134	1.233653
89	46	-0.05295174	0.4464689	1.378147
89	47	-0.1876630	0.57223	0.5288873
89	53	0.8305522	0.3210034	0.01789131
89	54	-0.1490029	0.4896134	1.233653
90	1	-0.3042345	0.5776731	0.818468
90	2	-0.2554709	0.5668199	0.782318
90	7	1.116065	0.2292053	0.086202
90	8	1.28371	0.1607423	0.2706123
90	9	-0.2585357	0.567506	0.784551
90	10	-0.3042345	0.5776731	0.818468
90	11	-0.2554709	0.5668199	0.782318
90	16	1.116065	0.2292053	0.086202
90	17	1.28371	0.1607423	0.2706123
90	18	-0.2585357	0.567506	0.784551
90	19	-0.3042345	0.5776731	0.818468
90	20	-0.2554709	0.5668199	0.782318
90	25	1.116065	0.2292053	0.086202
90	26	1.28371	0.1607423	0.2706123
90	27	-0.2585357	0.567506	0.784551
90	28	-0.3042345	0.5776731	0.818468
90	29	-0.2554709	0.5668199	0.782318
90	34	1.116065	0.2292053	0.086202
90	35	1.28371	0.1607423	0.2706123
90	36	-0.2585357	0.567506	0.784551
90	37	-0.3042345	0.5776731	0.818468
90	38	-0.2554709	0.5668199	0.782318
90	43	1.116065	0.2292053	0.086202
90	44	1.28371	0.1607423	0.2706123
90	45	-0.2585357	0.567506	0.784551
90	46	-0.3042345	0.5776731	0.818468
90	47	-0.2529405	0.5662531	0.7804784
90	52	1.116065	0.2292053	0.086202
90	53	1.28371	0.1607423	0.2706123
91	1	0.008244275	0.553394	0.1382320
91	2	-0.2638448	0.5229317	1.241907
91	7	1.232413	0.1595749	0.4333463
91	8	1.232413	0.1595749	0.4333463
91	9	-0.03450548	0.5577128	0.2214123
91	10	0.008244275	0.553394	0.1382320
91	11	-0.2638448	0.5229317	1.241907
91	16	1.232413	0.1595749	0.4333463
91	17	1.232413	0.1595749	0.4333463
91	18	-0.03450548	0.5577128	0.2214123
91	19	0.008244275	0.553394	0.1382320
91	20	-0.2638448	0.5229317	1.241907
91	25	1.232413	0.1595749	0.4333463
91	26	1.232413	0.1595749	0.4333463
91	27	-0.03450548	0.5577128	0.2214123
91	28	0.008244275	0.553394	0.1382320
91	29	-0.2638448	0.5229317	1.241907
91	34	1.232413	0.1595749	0.4333463
91	35	1.232413	0.1595749	0.4333463
91	36	-0.03450548	0.5577128	0.2214123
91	37	0.008244275	0.553394	0.1382320
91	38	-0.2638448	0.5229317	1.241907
91	43	1.232413	0.1595749	0.4333463
91	44	1.232413	0.1595749	0.4333463
91	45	-0.03450548	0.5577128	0.2214123
91	46	0.008244275	0.553394	0.1382320
91	47	-0.2638448	0.5229317	1.241907
91	52	1.232413	0.1595749	0.4333463
91	53	1.232413	0.1595749	0.4333463
91	54	-0.03450548	0.5577128	0.2214123
92	1	0.1022817	0.5316918	0.07617585
92	2	-0.2698458	0.5351361	1.138651
92	3	-0.2113948	0.5088329	1.227057
92	4	-0.1980024	0.5032852	1.242567
92	7	1.269381	0.1555125	0.3646631
92	8	1.269381	0.1555125	0.3646631
92	9	0.1266696	0.5228968	0.09146189
92	10	0.1022817	0.5316918	0.07617585
92	11	-0.2698458	0.5351361	1.138651
92	12	-0.2113948	0.5088329	1.227057
92	13	-0.1980024	0.5032852	1.242567
92	16	1.269381	0.1555125	0.3646631
92	17	1.269381	0.1555125	0.3646631
92	18	0.1266696	0.5228968	0.09146189
92	19	0.1022817	0.5316918	0.07617585
92	20	-0.2698458	0.5351361	1.138651
92	21	-0.2113948	0.5088329	1.227057
92	22	-0.1402237	0.4824712	1.278558
92	25	1.269381	0.1555125	0.3646631
92	26	1.269381	0.1555125	0.3646631
92	27	0.1266696	0.5228968	0.09146189
92	28	0.1022817	0.5316918	0.07617585
92	29	-0.2698458	0.5351361	1.138651
92	30	-0.2113948	0.5088329	1.227057
92	31	-0.1980024	0.5032852	1.242567
92	34	1.269381	0.1555125	0.3646631
92	35	1.269381	0.1555125	0.3646631
92	36	0.1266696	0.5228968	0.09146189
92	37	0.1022817	0.5316918	0.07617585
92	38	-0.2698458	0.5351361	1.138651
92	39	-0.2113948	0.5088329	1.227057
92	40	-0.1980024	0.5032852	1.242567
92	43	1.269381	0.1555125	0.3646631
92	44	1.269381	0.1555125	0.3646631
92	45	0.1266696	0.5228968	0.09146189
92	46	0.1022817	0.5316918	0.07617585
92	47	-0.2698458	0.5351361	1.138651
92	48	-0.2113948	0.5088329	1.227057
92	49	-0.1980024	0.5032852	1.242567
92	52	1.269381	0.1555125	0.3646631
92	53	1.269381	0.1555125	0.3646631
92	54	0.1266696	0.5228968	0.09146189
93	36	1.120904	0.1941041	0.4197782
93	54	1.120904	0.1941041	0.4197782
94	36	-0.1260654	0.5633864	0.4350033
94	45	1.140012	0.1919134	0.3851773
94	54	-0.1260654	0.5633864	0.4350033
95	1	-0.06444568	0.4486806	1.390100
95	2	-0.2417804	0.5341028	1.066185
95	3	-0.2326218	0.5464541	0.9168013
95	4	-0.2261300	0.5338715	1.022358
95	6	-0.2405118	0.5799275	0.6083463
95	7	1.000467	0.2659784	0.06244755
95	8	1.035257	0.2566532	0.0523348
95	9	-0.2417804	0.5341028	1.066185
95	10	-0.06444568	0.4486806	1.390100
95	11	-0.2417804	0.5341028	1.066185
95	12	-0.2326218	0.5464541	0.9168013
95	13	-0.2261300	0.5338715	1.022358
95	15	-0.2405118	0.5799275	0.6083463
95	16	1.000467	0.2659784	0.06244755
95	17	1.035257	0.2566532	0.0523348
95	18	-0.2628777	0.5584849	0.8867418
95	19	-0.06444568	0.4486806	1.390100
95	20	-0.2417804	0.5341028	1.066185
95	21	-0.2326218	0.5464541	0.9168013
95	22	-0.1886939	0.562911	0.6242712
95	25	1.000467	0.2659784	0.06244755
95	26	1.035257	0.2566532	0.0523348
95	28	-0.06444568	0.4486806	1.390100
95	29	-0.2417804	0.5341028	1.066185
95	30	-0.2326218	0.5464541	0.9168013
95	31	-0.2261300	0.5338715	1.022358
95	33	-0.2405118	0.5799275	0.6083463
95	34	1.000467	0.2659784	0.06244755
95	35	1.035257	0.2566532	0.0523348
95	36	-0.2417804	0.5341028	1.066185
95	37	-0.06444568	0.4486806	1.390100
95	38	-0.2417804	0.5341028	1.066185
95	39	-0.2326218	0.5464541	0.9168013
95	40	-0.2261300	0.5338715	1.022358
95	42	-0.2405118	0.5799275	0.6083463
95	43	1.000467	0.2659784	0.06244755
95	44	1.035257	0.2566532	0.0523348
95	45	-0.2548928	0.5446832	0.9999794
95	46	-0.06444568	0.4486806	1.390100
95	47	-0.2417804	0.5341028	1.066185
95	48	-0.2326218	0.5464541	0.9168013
95	49	-0.2261300	0.5338715	1.022358
95	51	-0.2405118	0.5799275	0.6083463
95	52	1.000467	0.2659784	0.06244755
95	53	1.035257	0.2566532	0.0523348
95	54	-0.2417804	0.5341028	1.066185
96	1	-0.2112390	0.4994219	1.319857
96	2	-0.2382354	0.5335578	1.061140
96	3	-0.02726474	0.4527168	1.240536
96	4	0.04653047	0.4298231	1.249938
96	5	0.1293996	0.5242565	0.06994407
96	6	-0.2800702	0.5627272	0.8953656
96	7	1.245720	0.1748511	0.2427525
96	8	1.254779	0.1821007	0.1442146
96	9	-0.2382354	0.5335578	1.061140
96	10	-0.2112390	0.4994219	1.319857
96	11	-0.2382354	0.5335578	1.061140
96	12	-0.02726474	0.4527168	1.240536
96	13	0.04653047	0.4298231	1.249938
96	14	0.1293996	0.5242565	0.06994407
96	15	-0.2800702	0.5627272	0.8953656
96	16	1.245720	0.1748511	0.2427525
96	17	1.254779	0.1821007	0.1442146
96	18	-0.2581426	0.5458342	0.9981506
96	19	-0.2112390	0.4994219	1.319857
96	20	-0.2382354	0.5335578	1.061140
96	21	-0.02726474	0.4527168	1.240536
96	22	1.023937	0.2064646	0.5830397
96	23	0.1293996	0.5242565	0.06994407
96	24	-0.2800702	0.5627272	0.8953656
96	25	1.245720	0.1748511	0.2427525
96	26	1.254779	0.1821007	0.1442146
96	27	-0.2526872	0.542212	1.017968
96	28	-0.2112390	0.4994219	1.319857
96	29	-0.2382354	0.5335578	1.061140
96	30	-0.02726474	0.4527168	1.240536
96	31	0.04653047	0.4298231	1.249938
96	32	0.1293996	0.5242565	0.06994407
96	33	-0.2800702	0.5627272	0.8953656
96	34	1.245720	0.1748511	0.2427525
96	35	1.254779	0.1821007	0.1442146
96	36	-0.2382354	0.5335578	1.061140
96	37	-0.2112390	0.4994219	1.319857
96	38	-0.2382354	0.5335578	1.061140
96	39	-0.02726474	0.4527168	1.240536
96	40	0.04653047	0.4298231	1.249938
96	41	0.1293996	0.5242565	0.06994407
96	42	-0.2800702	0.5627272	0.8953656
96	43	1.245720	0.1748511	0.2427525
96	44	1.254779	0.1821007	0.1442146
96	45	-0.2461761	0.5381713	1.038822
96	46	-0.2112390	0.4994219	1.319857
96	47	-0.2382354	0.5335578	1.061140
96	48	-0.02726474	0.4527168	1.240536
96	49	0.04653047	0.4298231	1.249938
96	50	0.1293996	0.5242565	0.06994407
96	51	-0.2800702	0.5627272	0.8953656
96	52	1.245720	0.1748511	0.2427525
96	53	1.254779	0.1821007	0.1442146
96	54	-0.2382354	0.5335578	1.061140
97	1	-0.2112390	0.4994219	1.319857
97	2	-0.2382354	0.5335578	1.061140
97	3	-0.02726474	0.4527168	1.240536
97	4	0.04653047	0.4298231	1.249938
97	5	0.1293996	0.5242565	0.06994407
97	6	-0.2800702	0.5627272	0.8953656
97	7	1.245720	0.1748511	0.2427525
97	8	1.254779	0.1821007	0.1442146
97	9	-0.2382354	0.5335578	1.061140
97	10	-0.2112390	0.4994219	1.319857
97	11	-0.2382354	0.5335578	1.061140
97	12	-0.02726474	0.4527168	1.240536
97	13	0.04653047	0.4298231	1.249938
97	14	0.1293996	0.5242565	0.06994407
97	15	-0.2800702	0.5627272	0.8953656
97	16	1.245720	0.1748511	0.2427525
97	17	1.254779	0.1821007	0.1442146
97	18	-0.2581426	0.5458342	0.9981506
97	19	-0.2112390	0.4994219	1.319857
97	20	-0.2382354	0.5335578	1.061140
97	21	-0.02726474	0.4527168	1.240536
97	22	1.023937	0.2064646	0.5830397
97	23	0.1293996	0.5242565	0.06994407
97	24	-0.2800702	0.5627272	0.8953656
97	25	1.245720	0.1748511	0.2427525
97	26	1.254779	0.1821007	0.1442146
97	27	-0.2526872	0.542212	1.017968
97	28	-0.2112390	0.4994219	1.319857
97	29	-0.2382354	0.5335578	1.061140
97	30	-0.02726474	0.4527168	1.240536
97	31	0.04653047	0.4298231	1.249938
97	32	0.1293996	0.5242565	0.06994407
97	33	-0.2800702	0.5627272	0.8953656
97	34	1.245720	0.1748511	0.2427525
97	35	1.254779	0.1821007	0.1442146
97	36	-0.2382354	0.5335578	1.061140
97	37	-0.2112390	0.4994219	1.319857
97	38	-0.2382354	0.5335578	1.061140
97	39	-0.02726474	0.4527168	1.240536
97	40	0.04653047	0.4298231	1.249938
97	41	0.1293996	0.5242565	0.06994407
97	42	-0.2800702	0.5627272	0.8953656
97	43	1.245720	0.1748511	0.2427525
97	44	1.254779	0.1821007	0.1442146
97	45	-0.2461761	0.5381713	1.038822
97	46	-0.2112390	0.4994219	1.319857
97	47	-0.2382354	0.5335578	1.061140
97	48	-0.02726474	0.4527168	1.240536
97	49	0.04653047	0.4298231	1.249938
97	50	0.1293996	0.5242565	0.06994407
97	51	-0.2800702	0.5627272	0.8953656
97	52	1.245720	0.1748511	0.2427525
97	53	1.254779	0.1821007	0.1442146
97	54	-0.2382354	0.5335578	1.061140
98	1	-0.1846245	0.5784981	0.4578186
98	2	-0.2159173	0.5659857	0.674026
98	3	0.2337285	0.4926961	0.07524964
98	4	0.05839089	0.535793	0.1648742
98	5	0.514696	0.2982933	1.173720
98	6	-0.2807252	0.5585747	0.9384455
98	7	0.947895	0.2827917	0.05075843
98	8	1.126639	0.2273012	0.07391033
98	9	-0.2159173	0.5659857	0.674026
98	10	-0.1846245	0.5784981	0.4578186
98	11	-0.2159173	0.5659857	0.674026
98	12	0.2337285	0.4926961	0.07524964
98	13	0.05839089	0.535793	0.1648742
98	14	0.514696	0.2982933	1.173720
98	15	-0.2807252	0.5585747	0.9384455
98	16	0.947895	0.2827917	0.05075843
98	17	1.126639	0.2273012	0.07391033
98	18	-0.2431994	0.5637281	0.7767949
98	19	-0.1846245	0.5784981	0.4578186
98	20	-0.2159173	0.5659857	0.674026
98	21	0.2337285	0.4926961	0.07524964
98	22	0.6602405	0.3696359	0.03785014
98	23	0.514696	0.2982933	1.173720
98	24	-0.2807252	0.5585747	0.9384455
98	25	0.947895	0.2827917	0.05075843
98	27	-0.2352642	0.5645457	0.7453088
98	28	-0.1846245	0.5784981	0.4578186
98	29	-0.2159173	0.5659857	0.674026
98	30	0.2337285	0.4926961	0.07524964
98	31	0.05839089	0.535793	0.1648742
98	32	0.514696	0.2982933	1.173720
98	33	-0.2807252	0.5585747	0.9384455
98	34	0.947895	0.2827917	0.05075843
98	35	1.126639	0.2273012	0.07391033
98	36	-0.2159173	0.5659857	0.674026
98	37	-0.1846245	0.5784981	0.4578186
98	38	-0.2159173	0.5659857	0.674026
98	39	0.2337285	0.4926961	0.07524964
98	40	0.05839089	0.535793	0.1648742
98	41	0.514696	0.2982933	1.173720
98	42	-0.2807252	0.5585747	0.9384455
98	43	0.947895	0.2827917	0.05075843
98	44	1.126639	0.2273012	0.07391033
98	45	-0.2263026	0.5653045	0.7113807
98	46	-0.1846245	0.5784981	0.4578186
98	47	-0.2159173	0.5659857	0.674026
98	48	0.2337285	0.4926961	0.07524964
98	49	0.05839089	0.535793	0.1648742
98	50	0.514696	0.2982933	1.173720
98	51	-0.2807252	0.5585747	0.9384455
98	52	0.947895	0.2827917	0.05075843
98	53	1.126639	0.2273012	0.07391033
98	54	-0.2159173	0.5659857	0.674026
99	1	-0.1846245	0.5784981	0.4578186
99	2	-0.2159173	0.5659857	0.674026
99	3	0.2337285	0.4926961	0.07524964
99	4	0.05839089	0.535793	0.1648742
99	5	0.514696	0.2982933	1.173720
99	6	-0.2807252	0.5585747	0.9384455
99	7	0.947895	0.2827917	0.05075843
99	8	1.126639	0.2273012	0.07391033
99	9	-0.2159173	0.5659857	0.674026
99	10	-0.1846245	0.5784981	0.4578186
99	11	-0.2159173	0.5659857	0.674026
99	12	0.2337285	0.4926961	0.07524964
99	13	0.05839089	0.535793	0.1648742
99	14	0.514696	0.2982933	1.173720
99	15	-0.2807252	0.5585747	0.9384455
99	16	0.947895	0.2827917	0.05075843
99	17	1.126639	0.2273012	0.07391033
99	18	-0.2431994	0.5637281	0.7767949
99	19	-0.1846245	0.5784981	0.4578186
99	20	-0.2159173	0.5659857	0.674026
99	21	0.2337285	0.4926961	0.07524964
99	22	0.6602405	0.3696359	0.03785014
99	23	0.514696	0.2982933	1.173720
99	24	-0.2807252	0.5585747	0.9384455
99	25	0.947895	0.2827917	0.05075843
99	27	-0.2352642	0.5645457	0.7453088
99	28	-0.1846245	0.5784981	0.4578186
99	29	-0.2159173	0.5659857	0.674026
99	30	0.2337285	0.4926961	0.07524964
99	31	0.05839089	0.535793	0.1648742
99	32	0.514696	0.2982933	1.173720
99	33	-0.2807252	0.5585747	0.9384455
99	34	0.947895	0.2827917	0.05075843
99	35	1.126639	0.2273012	0.07391033
99	36	-0.2159173	0.5659857	0.674026
99	37	-0.1846245	0.5784981	0.4578186
99	38	-0.2159173	0.5659857	0.674026
99	39	0.2337285	0.4926961	0.07524964
99	40	0.05839089	0.535793	0.1648742
99	41	0.514696	0.2982933	1.173720
99	42	-0.2807252	0.5585747	0.9384455
99	43	0.947895	0.2827917	0.05075843
99	44	1.126639	0.2273012	0.07391033
99	45	-0.2263026	0.5653045	0.7113807
99	46	-0.1846245	0.5784981	0.4578186
99	47	-0.2159173	0.5659857	0.674026
99	48	0.2337285	0.4926961	0.07524964
99	49	0.05839089	0.535793	0.1648742
99	50	0.514696	0.2982933	1.173720
99	51	-0.2807252	0.5585747	0.9384455
99	52	0.947895	0.2827917	0.05075843
99	53	1.126639	0.2273012	0.07391033
99	54	-0.2159173	0.5659857	0.674026
100	1	-0.2242587	0.5053595	1.299385
100	2	-0.2399444	0.537071	1.031362
100	3	0.00842206	0.4410532	1.250954
100	4	0.2714122	0.3697959	1.182086
100	5	0.1729786	0.5129237	0.05382522
100	6	-0.2719485	0.565582	0.8431428
100	7	1.252489	0.1707475	0.2634684
100	8	1.278201	0.1731960	0.1634361
100	9	-0.2399444	0.537071	1.031362
100	10	-0.2242587	0.5053595	1.299385
100	11	-0.2399444	0.537071	1.031362
100	12	0.00842206	0.4410532	1.250954
100	13	0.2714122	0.3697959	1.182086
100	14	0.1729786	0.5129237	0.05382522
100	15	-0.2719485	0.565582	0.8431428
100	16	1.252489	0.1707475	0.2634684
100	17	1.278201	0.1731960	0.1634361
100	18	-0.2566620	0.549523	0.9572322
100	19	-0.2242587	0.5053595	1.299385
100	20	-0.2399444	0.537071	1.031362
100	21	0.00842206	0.4410532	1.250954
100	22	1.126474	0.1914670	0.4294988
100	23	0.1729786	0.5129237	0.05382522
100	24	-0.2719485	0.565582	0.8431428
100	25	1.252489	0.1707475	0.2634684
100	27	-0.2523735	0.5459473	0.9800288
100	28	-0.2242587	0.5053595	1.299385
100	29	-0.2399444	0.537071	1.031362
100	30	0.00842206	0.4410532	1.250954
100	31	0.2714122	0.3697959	1.182086
100	32	0.1729786	0.5129237	0.05382522
100	33	-0.2719485	0.565582	0.8431428
100	34	1.252489	0.1707475	0.2634684
100	35	1.278201	0.1731960	0.1634361
100	36	-0.2399444	0.537071	1.031362
100	37	-0.2242587	0.5053595	1.299385
100	38	-0.2399444	0.537071	1.031362
100	39	0.00842206	0.4410532	1.250954
100	40	0.2714122	0.3697959	1.182086
100	41	0.1729786	0.5129237	0.05382522
100	42	-0.2719485	0.565582	0.8431428
100	43	1.252489	0.1707475	0.2634684
100	44	1.278201	0.1731960	0.1634361
100	45	-0.2469628	0.5418678	1.004510
100	46	-0.2242587	0.5053595	1.299385
100	47	-0.2399444	0.537071	1.031362
100	48	0.00842206	0.4410532	1.250954
100	49	0.2714122	0.3697959	1.182086
100	50	0.1729786	0.5129237	0.05382522
100	51	-0.2719485	0.565582	0.8431428
100	52	1.252489	0.1707475	0.2634684
100	53	1.278201	0.1731960	0.1634361
100	54	-0.2399444	0.537071	1.031362
101	1	-0.2255729	0.5054064	1.302793
101	2	-0.2342116	0.5598577	0.7886629
101	3	-0.2264541	0.5516458	0.847179
101	4	0.7256008	0.2656031	0.8761586
101	5	-0.2342116	0.5598577	0.7886629
101	6	-0.1024618	0.5701319	0.2986027
101	7	1.200698	0.1964471	0.1614202
101	8	1.263732	0.1790603	0.1479622
101	9	-0.2342116	0.5598577	0.7886629
101	10	-0.2255729	0.5054064	1.302793
101	11	-0.2342116	0.5598577	0.7886629
101	12	-0.2264541	0.5516458	0.847179
101	13	0.7256008	0.2656031	0.8761586
101	14	-0.2342116	0.5598577	0.7886629
101	15	-0.1024618	0.5701319	0.2986027
101	16	1.200698	0.1964471	0.1614202
101	17	1.263732	0.1790603	0.1479622
101	18	-0.1863637	0.5703362	0.5438247
101	19	-0.2255729	0.5054064	1.302793
101	20	-0.2342116	0.5598577	0.7886629
101	21	-0.2264541	0.5516458	0.847179
101	22	1.133617	0.2137222	0.1879102
101	23	-0.2342116	0.5598577	0.7886629
101	24	-0.1024618	0.5701319	0.2986027
101	25	1.200698	0.1964471	0.1614202
101	27	-0.2017774	0.5687601	0.6048647
101	28	-0.2255729	0.5054064	1.302793
101	29	-0.2342116	0.5598577	0.7886629
101	30	-0.2264541	0.5516458	0.847179
101	31	0.7256008	0.2656031	0.8761586
101	32	-0.2342116	0.5598577	0.7886629
101	33	-0.1024618	0.5701319	0.2986027
101	34	1.200698	0.1964471	0.1614202
101	35	1.263732	0.1790603	0.1479622
101	36	-0.2342116	0.5598577	0.7886629
101	37	-0.2255729	0.5054064	1.302793
101	38	-0.2342116	0.5598577	0.7886629
101	39	-0.2264541	0.5516458	0.847179
101	40	0.7256008	0.2656031	0.8761586
101	41	-0.2342116	0.5598577	0.7886629
101	42	-0.1024618	0.5701319	0.2986027
101	43	1.200698	0.1964471	0.1614202
101	44	1.263732	0.1790603	0.1479622
101	45	-0.2185293	0.565742	0.6841381
101	46	-0.2255729	0.5054064	1.302793
101	47	-0.2342116	0.5598577	0.7886629
101	48	-0.2264541	0.5516458	0.847179
101	49	0.7256008	0.2656031	0.8761586
101	50	-0.2342116	0.5598577	0.7886629
101	51	-0.1024618	0.5701319	0.2986027
101	52	1.200698	0.1964471	0.1614202
101	53	1.263732	0.1790603	0.1479622
101	54	-0.2342116	0.5598577	0.7886629
102	1	-0.2051408	0.4978126	1.317834
102	2	-0.2452203	0.5482473	0.9361573
102	3	-0.2280962	0.5411435	0.9560909
102	4	-0.2122784	0.5275783	1.043902
102	5	-0.2452203	0.5482473	0.9361573
102	6	-0.1537377	0.5729414	0.4218643
102	7	1.115957	0.2273075	0.1053259
102	8	1.168487	0.2131191	0.091128
102	9	-0.2452203	0.5482473	0.9361573
102	10	-0.2051408	0.4978126	1.317834
102	11	-0.2452203	0.5482473	0.9361573
102	12	-0.2280962	0.5411435	0.9560909
102	13	-0.2122784	0.5275783	1.043902
102	14	-0.2452203	0.5482473	0.9361573
102	15	-0.1537377	0.5729414	0.4218643
102	16	1.115957	0.2273075	0.1053259
102	17	1.168487	0.2131191	0.091128
102	18	-0.195763	0.5711408	0.5635501
102	19	-0.2051408	0.4978126	1.317834
102	20	-0.2452203	0.5482473	0.9361573
102	21	-0.2280962	0.5411435	0.9560909
102	22	1.066109	0.2395343	0.13106
102	23	-0.2452203	0.5482473	0.9361573
102	24	-0.1537377	0.5729414	0.4218643
102	25	1.115957	0.2273075	0.1053259
102	27	-0.2156722	0.5683597	0.6497787
102	28	-0.2051408	0.4978126	1.317834
102	29	-0.2452203	0.5482473	0.9361573
102	30	-0.2280962	0.5411435	0.9560909
102	31	-0.2122784	0.5275783	1.043902
102	32	-0.2452203	0.5482473	0.9361573
102	33	-0.1537377	0.5729414	0.4218643
102	34	1.115957	0.2273075	0.1053259
102	35	1.168487	0.2131191	0.091128
102	36	-0.2452203	0.5482473	0.9361573
102	37	-0.2051408	0.4978126	1.317834
102	38	-0.2452203	0.5482473	0.9361573
102	39	-0.2280962	0.5411435	0.9560909
102	40	-0.2122784	0.5275783	1.043902
102	41	-0.2452203	0.5482473	0.9361573
102	42	-0.1537377	0.5729414	0.4218643
102	43	1.115957	0.2273075	0.1053259
102	44	1.168487	0.2131191	0.091128
102	45	-0.2360636	0.562186	0.7710474
102	46	-0.2051408	0.4978126	1.317834
102	47	-0.2452203	0.5482473	0.9361573
102	48	-0.2280962	0.5411435	0.9560909
102	49	-0.2122784	0.5275783	1.043902
102	50	-0.2452203	0.5482473	0.9361573
102	51	-0.1537377	0.5729414	0.4218643
102	52	1.115957	0.2273075	0.1053259
102	53	1.168487	0.2131191	0.091128
102	54	-0.2452203	0.5482473	0.9361573
103	1	-0.2051408	0.4978126	1.317834
103	2	-0.2452203	0.5482473	0.9361573
103	3	-0.2280962	0.5411435	0.9560909
103	4	-0.2122784	0.5275783	1.043902
103	5	-0.2452203	0.5482473	0.9361573
103	6	-0.1537377	0.5729414	0.4218643
103	7	1.115957	0.2273075	0.1053259
103	8	1.168487	0.2131191	0.091128
103	9	-0.2452203	0.5482473	0.9361573
103	10	-0.2051408	0.4978126	1.317834
103	11	-0.2452203	0.5482473	0.9361573
103	12	-0.2280962	0.5411435	0.9560909
103	13	-0.2122784	0.5275783	1.043902
103	14	-0.2452203	0.5482473	0.9361573
103	15	-0.1537377	0.5729414	0.4218643
103	16	1.115957	0.2273075	0.1053259
103	17	1.168487	0.2131191	0.091128
103	18	-0.195763	0.5711408	0.5635501
103	19	-0.2051408	0.4978126	1.317834
103	20	-0.2452203	0.5482473	0.9361573
103	21	-0.2280962	0.5411435	0.9560909
103	22	1.066109	0.2395343	0.13106
103	23	-0.2452203	0.5482473	0.9361573
103	24	-0.1537377	0.5729414	0.4218643
103	25	1.115957	0.2273075	0.1053259
103	27	-0.2156722	0.5683597	0.6497787
103	28	-0.2051408	0.4978126	1.317834
103	29	-0.2452203	0.5482473	0.9361573
103	30	-0.2280962	0.5411435	0.9560909
103	31	-0.2122784	0.5275783	1.043902
103	32	-0.2452203	0.5482473	0.9361573
103	33	-0.1537377	0.5729414	0.4218643
103	34	1.115957	0.2273075	0.1053259
103	35	1.168487	0.2131191	0.091128
103	36	-0.2452203	0.5482473	0.9361573
103	37	-0.2051408	0.4978126	1.317834
103	38	-0.2452203	0.5482473	0.9361573
103	39	-0.2280962	0.5411435	0.9560909
103	40	-0.2122784	0.5275783	1.043902
103	41	-0.2452203	0.5482473	0.9361573
103	42	-0.1537377	0.5729414	0.4218643
103	43	1.115957	0.2273075	0.1053259
103	44	1.168487	0.2131191	0.091128
103	45	-0.2360636	0.562186	0.7710474
103	46	-0.2051408	0.4978126	1.317834
103	47	-0.2452203	0.5482473	0.9361573
103	48	-0.2280962	0.5411435	0.9560909
103	49	-0.2122784	0.5275783	1.043902
103	50	-0.2452203	0.5482473	0.9361573
103	51	-0.1537377	0.5729414	0.4218643
103	52	1.115957	0.2273075	0.1053259
103	53	1.168487	0.2131191	0.091128
103	54	-0.2452203	0.5482473	0.9361573
104	8	1.120904	0.1941041	0.4197782
104	17	1.120904	0.1941041	0.4197782
104	35	1.120904	0.1941041	0.4197782
104	44	1.120904	0.1941041	0.4197782
104	53	1.120904	0.1941041	0.4197782
105	8	0.639725	0.2812760	0.973912
105	17	0.6397249	0.281276	0.973912
105	26	0.1283952	0.5248202	0.06731716
105	35	0.639725	0.2812760	0.973912
105	44	0.639725	0.2812760	0.973912
105	53	0.639725	0.2812760	0.973912
106	8	0.639725	0.2812760	0.973912
106	17	0.6397249	0.281276	0.973912
106	26	0.1283952	0.5248202	0.06731716
106	35	0.639725	0.2812760	0.973912
106	44	0.639725	0.2812760	0.973912
106	53	0.639725	0.2812760	0.973912
107	8	1.120904	0.1941041	0.4197782
107	17	1.120904	0.1941041	0.4197782
107	26	1.120904	0.1941041	0.4197782
107	35	1.120904	0.1941041	0.4197782
107	44	1.120904	0.1941041	0.4197782
107	53	1.120904	0.1941041	0.4197782
108	8	1.120904	0.1941041	0.4197782
108	17	1.120904	0.1941041	0.4197782
108	26	1.120904	0.1941041	0.4197782
108	35	1.120904	0.1941041	0.4197782
108	44	1.120904	0.1941041	0.4197782
108	53	1.120904	0.1941041	0.4197782
109	8	1.120904	0.1941041	0.4197782
109	17	1.120904	0.1941041	0.4197782
109	26	1.120904	0.1941041	0.4197782
109	35	1.120904	0.1941041	0.4197782
109	44	1.120904	0.1941041	0.4197782
109	53	1.120904	0.1941041	0.4197782
110	8	1.120904	0.1941041	0.4197782
110	17	1.120904	0.1941041	0.4197782
110	26	1.120904	0.1941041	0.4197782
110	35	1.120904	0.1941041	0.4197782
110	44	1.120904	0.1941041	0.4197782
110	53	1.120904	0.1941041	0.4197782
111	8	1.120904	0.1941041	0.4197782
111	17	1.120904	0.1941041	0.4197782
111	26	1.120904	0.1941041	0.4197782
111	35	1.120904	0.1941041	0.4197782
111	44	1.120904	0.1941041	0.4197782
111	53	1.120904	0.1941041	0.4197782
112	8	1.120904	0.1941041	0.4197782
112	17	1.120904	0.1941041	0.4197782
112	26	1.120904	0.1941041	0.4197782
112	35	1.120904	0.1941041	0.4197782
112	44	1.120904	0.1941041	0.4197782
112	53	1.120904	0.1941041	0.4197782
113	8	1.120904	0.1941041	0.4197782
113	17	1.120904	0.1941041	0.4197782
113	26	1.120904	0.1941041	0.4197782
113	35	1.120904	0.1941041	0.4197782
113	44	1.120904	0.1941041	0.4197782
113	53	1.120904	0.1941041	0.4197782
114	8	1.120904	0.1941041	0.4197782
114	17	1.120904	0.1941041	0.4197782
114	26	1.120904	0.1941041	0.4197782
114	35	1.120904	0.1941041	0.4197782
114	44	1.120904	0.1941041	0.4197782
114	53	1.120904	0.1941041	0.4197782
115	8	1.120904	0.1941041	0.4197782
115	17	1.120904	0.1941041	0.4197782
115	26	1.120904	0.1941041	0.4197782
115	35	1.120904	0.1941041	0.4197782
115	44	1.120904	0.1941041	0.4197782
115	53	1.120904	0.1941041	0.4197782
116	8	1.120904	0.1941041	0.4197782
116	17	1.120904	0.1941041	0.4197782
116	26	1.120904	0.1941041	0.4197782
116	35	1.120904	0.1941041	0.4197782
116	44	1.120904	0.1941041	0.4197782
116	53	1.120904	0.1941041	0.4197782
117	8	1.120904	0.1941041	0.4197782
117	17	1.120904	0.1941041	0.4197782
117	26	1.120904	0.1941041	0.4197782
117	35	1.120904	0.1941041	0.4197782
117	44	1.120904	0.1941041	0.4197782
117	53	1.120904	0.1941041	0.4197782
118	8	1.120904	0.1941041	0.4197782
118	17	1.120904	0.1941041	0.4197782
118	26	1.120904	0.1941041	0.4197782
118	35	1.120904	0.1941041	0.4197782
118	44	1.120904	0.1941041	0.4197782
118	53	1.120904	0.1941041	0.4197782
