1	1	1.120904	0.1941041	0.4197782
1	2	1.120904	0.1941041	0.4197782
1	3	1.120904	0.1941041	0.4197782
1	4	1.120904	0.1941041	0.4197782
1	5	1.120904	0.1941041	0.4197782
1	6	1.120904	0.1941041	0.4197782
1	7	1.120904	0.1941041	0.4197782
1	8	1.120904	0.1941041	0.4197782
1	9	1.120904	0.1941041	0.4197782
2	1	1.120904	0.1941041	0.4197782
2	2	1.120904	0.1941041	0.4197782
2	3	1.120904	0.1941041	0.4197782
2	4	1.120904	0.1941041	0.4197782
2	5	1.120904	0.1941041	0.4197782
2	6	1.120904	0.1941041	0.4197782
2	7	1.120904	0.1941041	0.4197782
2	8	1.120904	0.1941041	0.4197782
2	9	1.120904	0.1941041	0.4197782
3	1	1.120904	0.1941041	0.4197782
3	2	1.120904	0.1941041	0.4197782
3	3	1.120904	0.1941041	0.4197782
3	4	1.120904	0.1941041	0.4197782
3	5	1.120904	0.1941041	0.4197782
3	6	1.120904	0.1941041	0.4197782
3	7	1.120904	0.1941041	0.4197782
3	8	1.120904	0.1941041	0.4197782
3	9	1.120904	0.1941041	0.4197782
4	1	0.7283729	0.3501432	0.03023646
4	2	1.077901	0.1920444	0.5669146
4	3	-0.1700503	0.568981	0.5091806
4	4	-0.1700503	0.568981	0.5091806
4	5	-0.1700503	0.568981	0.5091806
4	6	1.077901	0.1920444	0.5669146
4	7	1.077901	0.1920444	0.5669146
4	8	-0.1700503	0.568981	0.5091806
4	9	-0.1700503	0.568981	0.5091806
6	1	1.204198	0.1708537	0.4047238
6	2	0.05638508	0.5374454	0.1544111
6	6	0.05638508	0.5374454	0.1544111
6	7	-0.2350642	0.5266257	1.120489
7	1	-0.2868215	0.540168	1.138812
7	2	-0.009486682	0.5529212	0.1951678
7	6	-0.009486682	0.5529212	0.1951678
7	7	-0.03496252	0.5573918	0.2259402
7	8	1.366991	0.1212365	0.4166801
8	1	0.1804752	0.5092289	0.06834734
8	2	0.1935349	0.5063122	0.05876574
8	3	0.095694	0.4072595	1.328656
8	4	-0.2828002	0.5598623	0.9318005
8	5	0.095694	0.4072595	1.328656
8	6	0.1935349	0.5063122	0.05876574
8	7	-0.04270341	0.558425	0.2385128
8	8	1.413597	0.1213547	0.2781663
8	9	0.095694	0.4072595	1.328656
9	1	0.1804752	0.5092289	0.06834734
9	2	0.1935349	0.5063122	0.05876574
9	3	0.095694	0.4072595	1.328656
9	4	-0.2828002	0.5598623	0.9318005
9	5	0.095694	0.4072595	1.328656
9	6	0.1935349	0.5063122	0.05876574
9	7	-0.04270341	0.558425	0.2385128
9	8	1.413597	0.1213547	0.2781663
9	9	0.095694	0.4072595	1.328656
10	1	0.1804752	0.5092289	0.06834734
10	2	0.1935349	0.5063122	0.05876574
10	3	0.095694	0.4072595	1.328656
10	4	-0.2828002	0.5598623	0.9318005
10	5	0.095694	0.4072595	1.328656
10	6	0.1935349	0.5063122	0.05876574
10	7	-0.04270341	0.558425	0.2385128
10	8	1.413597	0.1213547	0.2781663
10	9	0.095694	0.4072595	1.328656
11	1	0.1804752	0.5092289	0.06834734
11	2	0.1935349	0.5063122	0.05876574
11	3	0.095694	0.4072595	1.328656
11	4	-0.2828002	0.5598623	0.9318005
11	5	0.095694	0.4072595	1.328656
11	6	0.1935349	0.5063122	0.05876574
11	7	-0.04270341	0.558425	0.2385128
11	8	1.413597	0.1213547	0.2781663
11	9	0.095694	0.4072595	1.328656
12	2	0.2302017	0.4967871	0.04510264
12	3	-0.008453318	0.4375803	1.335097
12	4	-0.2692902	0.5689449	0.8019844
12	5	-0.008453318	0.4375803	1.335097
12	6	0.2302017	0.4967871	0.04510264
12	7	0.01371808	0.5484292	0.1713004
12	8	1.407085	0.1206231	0.3046064
12	9	-0.008453318	0.4375803	1.335097
13	3	-0.2555631	0.5431417	1.017231
13	4	-0.1398228	0.5735448	0.3748797
13	5	-0.2555631	0.5431417	1.017231
13	7	0.1915816	0.5070601	0.05711041
13	8	1.373617	0.122572	0.3839208
13	9	-0.2555631	0.5431417	1.017231
14	3	-0.2555631	0.5431417	1.017231
14	4	-0.1398228	0.5735448	0.3748797
14	5	-0.2555631	0.5431417	1.017231
14	7	0.1915816	0.5070601	0.05711041
14	8	1.373617	0.122572	0.3839208
14	9	-0.2555631	0.5431417	1.017231
15	3	-0.2555631	0.5431417	1.017231
15	4	-0.1398228	0.5735448	0.3748797
15	5	-0.2555631	0.5431417	1.017231
15	7	0.1915816	0.5070601	0.05711041
15	8	1.373617	0.122572	0.3839208
15	9	-0.2555631	0.5431417	1.017231
16	3	-0.2555631	0.5431417	1.017231
16	4	-0.1398228	0.5735448	0.3748797
16	5	-0.2555631	0.5431417	1.017231
16	7	0.1915816	0.5070601	0.05711041
16	8	1.373617	0.122572	0.3839208
16	9	-0.2555631	0.5431417	1.017231
17	3	-0.2555631	0.5431417	1.017231
17	4	-0.1398228	0.5735448	0.3748797
17	5	-0.2555631	0.5431417	1.017231
17	7	0.1915816	0.5070601	0.05711041
17	8	1.373617	0.122572	0.3839208
17	9	-0.2555631	0.5431417	1.017231
18	1	0.1814993	0.5088925	0.06866292
18	2	0.1814993	0.5088925	0.06866292
18	3	0.7801513	0.2441467	0.9280292
18	4	1.252576	0.1753111	0.2179893
18	5	0.7801513	0.2441467	0.9280292
18	6	0.1814993	0.5088925	0.06866292
18	7	0.7940691	0.329737	0.03885517
18	8	-0.3392376	0.5930522	0.7692169
18	9	0.7801513	0.2441467	0.9280292
19	1	0.1814993	0.5088925	0.06866292
19	2	0.1814993	0.5088925	0.06866292
19	3	0.7801513	0.2441467	0.9280292
19	4	1.252576	0.1753111	0.2179893
19	5	0.7801513	0.2441467	0.9280292
19	6	0.1814993	0.5088925	0.06866292
19	7	0.7940691	0.329737	0.03885517
19	8	-0.3392376	0.5930522	0.7692169
19	9	0.7801513	0.2441467	0.9280292
20	1	1.120904	0.1941041	0.4197782
20	2	1.120904	0.1941041	0.4197782
20	3	1.120904	0.1941041	0.4197782
20	4	1.120904	0.1941041	0.4197782
20	5	1.120904	0.1941041	0.4197782
20	6	1.120904	0.1941041	0.4197782
20	7	1.120904	0.1941041	0.4197782
20	8	1.120904	0.1941041	0.4197782
20	9	1.120904	0.1941041	0.4197782
21	1	1.120904	0.1941041	0.4197782
21	2	1.120904	0.1941041	0.4197782
21	4	1.120904	0.1941041	0.4197782
21	5	1.120904	0.1941041	0.4197782
21	6	1.120904	0.1941041	0.4197782
21	7	1.120904	0.1941041	0.4197782
21	8	1.120904	0.1941041	0.4197782
21	9	1.120904	0.1941041	0.4197782
22	1	1.120904	0.1941041	0.4197782
22	2	1.120904	0.1941041	0.4197782
22	5	1.120904	0.1941041	0.4197782
22	6	1.120904	0.1941041	0.4197782
22	7	1.120904	0.1941041	0.4197782
22	8	1.120904	0.1941041	0.4197782
22	9	1.120904	0.1941041	0.4197782
23	1	1.120904	0.1941041	0.4197782
23	2	1.120904	0.1941041	0.4197782
23	3	1.120904	0.1941041	0.4197782
23	5	1.120904	0.1941041	0.4197782
23	6	1.120904	0.1941041	0.4197782
23	7	1.120904	0.1941041	0.4197782
23	8	1.120904	0.1941041	0.4197782
23	9	1.120904	0.1941041	0.4197782
24	1	-0.001351376	0.5498699	0.2014311
24	2	-0.001351376	0.5498699	0.2014311
24	3	-0.001351376	0.5498699	0.2014311
24	4	1.423922	0.1083342	0.3767683
24	5	-0.001351376	0.5498699	0.2014311
24	6	-0.001351376	0.5498699	0.2014311
24	7	-0.001351376	0.5498699	0.2014311
24	8	-0.07093987	0.4467400	1.428469
24	9	-0.001351376	0.5498699	0.2014311
25	1	-0.1285089	0.5678143	0.3983253
25	2	-0.1285089	0.5678143	0.3983253
25	3	-0.1285089	0.5678143	0.3983253
25	4	1.403380	0.1096133	0.4246253
25	5	-0.1285089	0.5678143	0.3983253
25	6	-0.1285089	0.5678143	0.3983253
25	7	-0.1285089	0.5678143	0.3983253
25	9	-0.1285089	0.5678143	0.3983253
26	1	-0.1263159	0.5671586	0.3983605
26	2	-0.1263159	0.5671586	0.3983604
26	3	-0.1263159	0.5671586	0.3983605
26	4	1.408068	0.1082110	0.424709
26	5	-0.1263159	0.5671586	0.3983604
26	6	-0.1263159	0.5671586	0.3983604
26	7	-0.1263159	0.5671586	0.3983604
26	8	-0.1263159	0.5671586	0.3983604
26	9	-0.1263159	0.5671586	0.3983604
27	1	1.120904	0.1941041	0.4197782
27	2	1.120904	0.1941041	0.4197782
27	3	1.120904	0.1941041	0.4197782
27	4	1.120904	0.1941041	0.4197782
27	5	1.120904	0.1941041	0.4197782
27	6	1.120904	0.1941041	0.4197782
27	7	1.120904	0.1941041	0.4197782
27	8	1.120904	0.1941041	0.4197782
27	9	1.120904	0.1941041	0.4197782
28	1	1.120904	0.1941041	0.4197782
28	2	1.120904	0.1941041	0.4197782
28	3	1.120904	0.1941041	0.4197782
28	4	1.120904	0.1941041	0.4197782
28	5	1.120904	0.1941041	0.4197782
28	6	1.120904	0.1941041	0.4197782
28	7	1.120904	0.1941041	0.4197782
28	8	1.120904	0.1941041	0.4197782
28	9	1.120904	0.1941041	0.4197782
29	1	1.143023	0.1874882	0.4201580
29	2	-0.1238053	0.5664077	0.3984031
29	4	1.169037	0.1797072	0.4206048
29	5	-0.1238053	0.5664077	0.3984031
29	6	-0.1238053	0.5664077	0.3984031
29	7	-0.1238053	0.5664077	0.3984031
29	8	1.169037	0.1797072	0.4206048
30	1	0.2838902	0.481528	0.03810161
30	2	-0.06090668	0.5607641	0.2689760
30	3	-0.02507861	0.4316811	1.442549
30	4	1.426326	0.1123981	0.3294129
30	5	-0.06090668	0.5607641	0.2689760
30	6	-0.06090668	0.5607641	0.2689760
30	7	-0.06090668	0.5607641	0.2689760
30	8	0.4376115	0.4380152	0.01629839
30	9	-0.09243946	0.4552571	1.407423
31	1	-0.2413863	0.5281809	1.123708
31	2	-0.01775443	0.5530491	0.2182637
31	3	0.3035025	0.4758939	0.03613826
31	4	1.422532	0.1091306	0.372972
31	5	-0.01775443	0.5530491	0.2182637
31	6	-0.01775443	0.5530491	0.2182637
31	7	-0.01775443	0.5530491	0.2182637
31	8	-0.0716806	0.4474787	1.423331
31	9	-0.01775443	0.5530491	0.2182637
32	1	-0.2413863	0.5281809	1.123708
32	2	-0.01775443	0.5530491	0.2182637
32	3	0.3035025	0.4758939	0.03613826
32	4	1.422532	0.1091306	0.372972
32	5	-0.01775443	0.5530491	0.2182637
32	6	-0.01775443	0.5530491	0.2182637
32	7	-0.01775443	0.5530491	0.2182637
32	8	-0.0716806	0.4474787	1.423331
32	9	-0.01775443	0.5530491	0.2182637
33	1	-0.2593029	0.5420695	1.038876
33	2	-0.01474917	0.5528601	0.2112807
33	3	0.2870286	0.4806016	0.03803358
33	4	1.415544	0.1107865	0.3771562
33	5	-0.01474917	0.5528601	0.2112807
33	6	-0.01474917	0.5528601	0.2112807
33	7	-0.01474917	0.5528601	0.2112807
33	8	-0.1070715	0.4585197	1.418211
34	1	-0.2593029	0.5420695	1.038876
34	2	-0.01474917	0.5528601	0.2112807
34	3	0.2870286	0.4806016	0.03803358
34	4	1.415544	0.1107865	0.3771562
34	5	-0.01474917	0.5528601	0.2112807
34	6	-0.01474917	0.5528601	0.2112807
34	7	-0.01474917	0.5528601	0.2112807
34	8	-0.1070715	0.4585197	1.418211
35	1	-0.2413863	0.5281809	1.123708
35	2	-0.01775443	0.5530491	0.2182637
35	3	0.3035025	0.4758939	0.03613826
35	4	1.422532	0.1091306	0.372972
35	5	-0.01775443	0.5530491	0.2182637
35	6	-0.01775443	0.5530491	0.2182637
35	7	-0.01775443	0.5530491	0.2182637
35	8	-0.0716806	0.4474787	1.423331
35	9	-0.01775443	0.5530491	0.2182637
36	2	1.120904	0.1941041	0.4197782
36	5	1.120904	0.1941041	0.4197782
36	6	1.120904	0.1941041	0.4197782
36	9	1.120904	0.1941041	0.4197782
37	2	1.120904	0.1941041	0.4197782
37	6	1.120904	0.1941041	0.4197782
37	9	1.120904	0.1941041	0.4197782
38	2	1.120904	0.1941041	0.4197782
38	6	1.120904	0.1941041	0.4197782
38	9	1.120904	0.1941041	0.4197782
39	2	1.152587	0.2077230	0.1914574
39	3	0.2473377	0.3720364	1.230828
39	6	1.152587	0.2077230	0.1914574
39	8	-0.1388231	0.573168	0.3756676
39	9	1.152587	0.2077230	0.1914574
40	1	-0.1124388	0.5630074	0.3986033
40	2	-0.1124388	0.5630074	0.3986033
40	3	-0.1124388	0.5630074	0.3986033
40	6	-0.1124388	0.5630074	0.3986033
40	7	1.165309	0.1808226	0.4205355
40	8	-0.1124388	0.5630074	0.3986033
40	9	-0.1124388	0.5630074	0.3986033
41	1	1.120904	0.1941041	0.4197782
41	2	1.120904	0.1941041	0.4197782
41	3	1.120904	0.1941041	0.4197782
41	5	1.120904	0.1941041	0.4197782
41	6	1.120904	0.1941041	0.4197782
41	7	1.120904	0.1941041	0.4197782
41	8	1.120904	0.1941041	0.4197782
41	9	1.120904	0.1941041	0.4197782
42	1	-0.1263159	0.5671586	0.3983605
42	2	-0.1263159	0.5671586	0.3983604
42	3	-0.1263159	0.5671586	0.3983605
42	4	1.408068	0.1082110	0.424709
42	5	-0.1263159	0.5671586	0.3983604
42	6	-0.1263159	0.5671586	0.3983604
42	7	-0.1263159	0.5671586	0.3983604
42	8	-0.1263159	0.5671586	0.3983604
42	9	-0.1263159	0.5671586	0.3983604
43	1	-0.1263159	0.5671586	0.3983605
43	2	-0.1263159	0.5671586	0.3983604
43	3	-0.1263159	0.5671586	0.3983605
43	4	1.408068	0.1082110	0.424709
43	5	-0.1263159	0.5671586	0.3983604
43	6	-0.1263159	0.5671586	0.3983604
43	7	-0.1263159	0.5671586	0.3983604
43	8	-0.1263159	0.5671586	0.3983604
43	9	-0.1263159	0.5671586	0.3983604
44	1	1.120904	0.1941041	0.4197782
44	2	1.120904	0.1941041	0.4197782
44	3	1.120904	0.1941041	0.4197782
44	4	1.120904	0.1941041	0.4197782
44	5	1.120904	0.1941041	0.4197782
44	6	1.120904	0.1941041	0.4197782
44	7	1.120904	0.1941041	0.4197782
44	8	1.120904	0.1941041	0.4197782
44	9	1.120904	0.1941041	0.4197782
45	1	1.120904	0.1941041	0.4197782
45	2	1.120904	0.1941041	0.4197782
45	3	1.120904	0.1941041	0.4197782
45	4	1.120904	0.1941041	0.4197782
45	5	1.120904	0.1941041	0.4197782
45	6	1.120904	0.1941041	0.4197782
45	7	1.120904	0.1941041	0.4197782
45	8	1.120904	0.1941041	0.4197782
45	9	1.120904	0.1941041	0.4197782
46	1	1.120904	0.1941041	0.4197782
46	2	1.120904	0.1941041	0.4197782
46	3	1.120904	0.1941041	0.4197782
46	4	1.120904	0.1941041	0.4197782
46	5	1.120904	0.1941041	0.4197782
46	6	1.120904	0.1941041	0.4197782
46	7	1.120904	0.1941041	0.4197782
46	8	1.120904	0.1941041	0.4197782
46	9	1.120904	0.1941041	0.4197782
47	1	1.120904	0.1941041	0.4197782
47	2	1.120904	0.1941041	0.4197782
47	3	1.120904	0.1941041	0.4197782
47	4	1.120904	0.1941041	0.4197782
47	5	1.120904	0.1941041	0.4197782
47	6	1.120904	0.1941041	0.4197782
47	7	1.120904	0.1941041	0.4197782
47	8	1.120904	0.1941041	0.4197782
47	9	1.120904	0.1941041	0.4197782
48	1	1.120904	0.1941041	0.4197782
48	2	1.120904	0.1941041	0.4197782
48	3	1.120904	0.1941041	0.4197782
48	4	1.120904	0.1941041	0.4197782
48	5	1.120904	0.1941041	0.4197782
48	6	1.120904	0.1941041	0.4197782
48	7	1.120904	0.1941041	0.4197782
48	8	1.120904	0.1941041	0.4197782
48	9	1.120904	0.1941041	0.4197782
49	1	1.120904	0.1941041	0.4197782
49	2	1.120904	0.1941041	0.4197782
49	3	1.120904	0.1941041	0.4197782
49	4	1.120904	0.1941041	0.4197782
49	5	1.120904	0.1941041	0.4197782
49	6	1.120904	0.1941041	0.4197782
49	7	1.120904	0.1941041	0.4197782
49	8	1.120904	0.1941041	0.4197782
49	9	1.120904	0.1941041	0.4197782
50	1	1.120904	0.1941041	0.4197782
50	2	1.120904	0.1941041	0.4197782
50	4	1.120904	0.1941041	0.4197782
50	6	1.120904	0.1941041	0.4197782
50	7	1.120904	0.1941041	0.4197782
50	8	1.120904	0.1941041	0.4197782
50	9	1.120904	0.1941041	0.4197782
51	1	1.120904	0.1941041	0.4197782
51	2	1.120904	0.1941041	0.4197782
51	4	1.120904	0.1941041	0.4197782
51	6	1.120904	0.1941041	0.4197782
51	7	1.120904	0.1941041	0.4197782
51	8	1.120904	0.1941041	0.4197782
51	9	1.120904	0.1941041	0.4197782
52	1	1.120904	0.1941041	0.4197782
52	2	1.120904	0.1941041	0.4197782
52	3	1.120904	0.1941041	0.4197782
52	4	1.120904	0.1941041	0.4197782
52	5	1.120904	0.1941041	0.4197782
52	6	1.120904	0.1941041	0.4197782
52	7	1.120904	0.1941041	0.4197782
52	8	1.120904	0.1941041	0.4197782
52	9	1.120904	0.1941041	0.4197782
53	1	1.120904	0.1941041	0.4197782
53	2	1.120904	0.1941041	0.4197782
53	3	1.120904	0.1941041	0.4197782
53	4	1.120904	0.1941041	0.4197782
53	5	1.120904	0.1941041	0.4197782
53	6	1.120904	0.1941041	0.4197782
53	7	1.120904	0.1941041	0.4197782
53	8	1.120904	0.1941041	0.4197782
53	9	1.120904	0.1941041	0.4197782
54	1	1.120904	0.1941041	0.4197782
54	2	1.120904	0.1941041	0.4197782
54	3	1.120904	0.1941041	0.4197782
54	4	1.120904	0.1941041	0.4197782
54	5	1.120904	0.1941041	0.4197782
54	6	1.120904	0.1941041	0.4197782
54	7	1.120904	0.1941041	0.4197782
54	8	1.120904	0.1941041	0.4197782
54	9	1.120904	0.1941041	0.4197782
55	1	-0.1263228	0.5671592	0.3983752
55	2	-0.1263228	0.5671592	0.3983751
55	3	-0.1263228	0.5671592	0.3983751
55	4	-0.1263228	0.5671592	0.3983751
55	5	-0.1263228	0.5671592	0.3983751
55	6	-0.1263228	0.5671592	0.3983751
55	7	-0.1263228	0.5671592	0.3983751
55	8	1.408077	0.1082102	0.4246902
55	9	-0.1263228	0.5671592	0.3983751
56	1	-0.001402481	0.5498796	0.2014852
56	2	-0.001402481	0.5498796	0.2014852
56	3	-0.001402481	0.5498796	0.2014852
56	4	-0.0708385	0.4467097	1.428469
56	5	-0.001402481	0.5498796	0.2014852
56	6	-0.001402481	0.5498796	0.2014852
56	7	-0.001402481	0.5498796	0.2014852
56	8	1.423958	0.1083336	0.376668
56	9	-0.001402481	0.5498796	0.2014852
57	1	-0.1186106	0.5648537	0.3984952
57	2	-0.1186106	0.5648537	0.3984952
57	3	-0.1186106	0.5648537	0.3984952
57	4	1.258988	0.1528025	0.4221461
57	5	-0.1186106	0.5648537	0.3984952
57	6	-0.1186106	0.5648537	0.3984952
57	7	-0.1186106	0.5648537	0.3984952
57	9	-0.1186106	0.5648537	0.3984952
58	1	-0.1186106	0.5648537	0.3984952
58	2	-0.1186106	0.5648537	0.3984952
58	3	-0.1186106	0.5648537	0.3984952
58	4	1.258988	0.1528025	0.4221461
58	5	-0.1186106	0.5648537	0.3984952
58	6	-0.1186106	0.5648537	0.3984952
58	7	-0.1186106	0.5648537	0.3984952
58	9	-0.1186106	0.5648537	0.3984952
59	1	-0.2442357	0.5651158	0.7660972
59	2	0.09363255	0.5297914	0.1204955
59	3	-0.2442357	0.5651158	0.7660972
59	4	1.403585	0.1098148	0.4220276
59	5	-0.2442357	0.5651158	0.7660972
59	6	0.09363255	0.5297914	0.1204955
59	7	0.09363255	0.5297914	0.1204955
59	9	-0.2442357	0.5651158	0.7660972
60	1	-0.3044851	0.5598023	0.9962975
60	2	-0.01724428	0.5555632	0.1918474
60	4	1.361	0.1228644	0.4182022
60	7	-0.01724428	0.5555632	0.1918474
61	1	0.7508724	0.3440381	0.02443227
61	2	1.011802	0.2047015	0.636271
61	3	1.011802	0.2047015	0.636271
61	4	-0.2482969	0.602175	0.4108253
61	5	1.011802	0.2047015	0.636271
61	6	1.011802	0.2047015	0.636271
61	7	1.011802	0.2047015	0.636271
61	8	1.011802	0.2047015	0.636271
61	9	1.011802	0.2047015	0.636271
62	1	1.212278	0.1667763	0.421318
62	2	-0.1153023	0.5638617	0.398576
62	3	-0.1153023	0.5638617	0.398576
62	5	-0.1153023	0.5638617	0.398576
62	6	-0.1153023	0.5638617	0.398576
62	7	-0.1153023	0.5638617	0.398576
62	8	-0.1153023	0.5638617	0.398576
62	9	-0.1153023	0.5638617	0.398576
63	2	1.120904	0.1941041	0.4197782
63	3	1.120904	0.1941041	0.4197782
63	5	1.120904	0.1941041	0.4197782
63	6	1.120904	0.1941041	0.4197782
63	7	1.120904	0.1941041	0.4197782
63	8	1.120904	0.1941041	0.4197782
63	9	1.120904	0.1941041	0.4197782
64	1	1.120904	0.1941041	0.4197782
64	2	1.120904	0.1941041	0.4197782
64	3	1.120904	0.1941041	0.4197782
64	4	1.120904	0.1941041	0.4197782
64	5	1.120904	0.1941041	0.4197782
64	6	1.120904	0.1941041	0.4197782
64	7	1.120904	0.1941041	0.4197782
64	8	1.120904	0.1941041	0.4197782
64	9	1.120904	0.1941041	0.4197782
65	1	1.120904	0.1941041	0.4197782
65	2	1.120904	0.1941041	0.4197782
65	3	1.120904	0.1941041	0.4197782
65	4	1.120904	0.1941041	0.4197782
65	5	1.120904	0.1941041	0.4197782
65	6	1.120904	0.1941041	0.4197782
65	7	1.120904	0.1941041	0.4197782
65	8	1.120904	0.1941041	0.4197782
65	9	1.120904	0.1941041	0.4197782
66	1	1.120904	0.1941041	0.4197782
66	2	1.120904	0.1941041	0.4197782
66	3	1.120904	0.1941041	0.4197782
66	4	1.120904	0.1941041	0.4197782
66	5	1.120904	0.1941041	0.4197782
66	6	1.120904	0.1941041	0.4197782
66	7	1.120904	0.1941041	0.4197782
66	8	1.120904	0.1941041	0.4197782
66	9	1.120904	0.1941041	0.4197782
67	1	1.120904	0.1941041	0.4197782
67	2	1.120904	0.1941041	0.4197782
67	3	1.120904	0.1941041	0.4197782
67	4	1.120904	0.1941041	0.4197782
67	5	1.120904	0.1941041	0.4197782
67	6	1.120904	0.1941041	0.4197782
67	7	1.120904	0.1941041	0.4197782
67	8	1.120904	0.1941041	0.4197782
67	9	1.120904	0.1941041	0.4197782
69	1	1.120904	0.1941041	0.4197782
69	2	1.120904	0.1941041	0.4197782
69	3	1.120904	0.1941041	0.4197782
69	4	1.120904	0.1941041	0.4197782
69	5	1.120904	0.1941041	0.4197782
69	6	1.120904	0.1941041	0.4197782
69	7	1.120904	0.1941041	0.4197782
69	8	1.120904	0.1941041	0.4197782
69	9	1.120904	0.1941041	0.4197782
70	1	1.120904	0.1941041	0.4197782
70	2	1.120904	0.1941041	0.4197782
70	3	1.120904	0.1941041	0.4197782
70	4	1.120904	0.1941041	0.4197782
70	5	1.120904	0.1941041	0.4197782
70	6	1.120904	0.1941041	0.4197782
70	7	1.120904	0.1941041	0.4197782
70	8	1.120904	0.1941041	0.4197782
70	9	1.120904	0.1941041	0.4197782
71	1	1.120904	0.1941041	0.4197782
71	2	1.120904	0.1941041	0.4197782
71	3	1.120904	0.1941041	0.4197782
71	4	1.120904	0.1941041	0.4197782
71	5	1.120904	0.1941041	0.4197782
71	6	1.120904	0.1941041	0.4197782
71	7	1.120904	0.1941041	0.4197782
71	8	1.120904	0.1941041	0.4197782
71	9	1.120904	0.1941041	0.4197782
72	1	1.120904	0.1941041	0.4197782
72	2	1.120904	0.1941041	0.4197782
72	3	1.120904	0.1941041	0.4197782
72	4	1.120904	0.1941041	0.4197782
72	5	1.120904	0.1941041	0.4197782
72	6	1.120904	0.1941041	0.4197782
72	7	1.120904	0.1941041	0.4197782
72	8	1.120904	0.1941041	0.4197782
72	9	1.120904	0.1941041	0.4197782
