1	1	0.9562853	0.2178204	0.6698692
1	2	0.9562852	0.2178204	0.6698694
1	3	0.9562852	0.2178204	0.6698693
1	4	0.9562853	0.2178204	0.6698693
1	5	-0.01632331	0.553929	0.2053278
1	6	-0.01632332	0.553929	0.2053278
1	7	0.9562853	0.2178204	0.6698692
1	8	0.9562853	0.2178204	0.6698692
1	9	0.9562853	0.2178204	0.6698692
1	10	0.9562853	0.2178204	0.6698692
1	11	0.9562853	0.2178204	0.6698692
67	7	-0.1328778	0.5691214	0.3982473
67	11	1.168415	0.1798932	0.4205941
68	7	-0.1328778	0.5691214	0.3982473
68	11	1.168415	0.1798932	0.4205941
69	7	-0.1328778	0.5691214	0.3982473
69	11	1.168415	0.1798932	0.4205941
70	7	1.130346	0.19128	0.4199403
70	11	-0.1135152	0.5633299	0.3985798
71	7	1.130346	0.19128	0.4199403
71	11	-0.1135152	0.5633299	0.3985798
72	7	0.7212842	0.3517525	0.03517864
72	8	-0.1392241	0.4812181	1.288030
72	11	0.7160783	0.3528567	0.03957785
73	7	0.7195523	0.3521211	0.03662958
73	8	-0.1293312	0.4800047	1.270901
73	11	0.7143264	0.3532266	0.04107452
74	2	-0.0928944	0.4671867	1.290548
74	3	-0.0928944	0.4671867	1.290548
74	4	-0.0928944	0.4671867	1.290548
74	7	0.2935346	0.4784276	0.04040476
74	8	1.117486	0.2229348	0.1441515
74	9	1.117486	0.2229348	0.1441515
74	10	0.6966674	0.2693124	0.924664
74	11	0.3191731	0.4707171	0.0412589
75	2	1.120904	0.1941041	0.4197782
75	3	1.120904	0.1941041	0.4197782
75	4	1.120904	0.1941041	0.4197782
75	6	1.120904	0.1941041	0.4197782
75	7	1.120904	0.1941041	0.4197782
75	8	1.120904	0.1941041	0.4197782
75	9	1.120904	0.1941041	0.4197782
75	10	1.120904	0.1941041	0.4197782
75	11	1.120904	0.1941041	0.4197782
76	1	0.1635620	0.5154953	0.05609119
76	2	1.190070	0.1868325	0.2880157
76	3	1.190070	0.1868325	0.2880157
76	4	1.190070	0.1868325	0.2880157
76	5	-0.4354438	0.5902441	1.08055
76	6	1.190070	0.1868325	0.2880157
76	7	1.190070	0.1868325	0.2880157
76	8	1.190070	0.1868325	0.2880157
76	9	1.190070	0.1868325	0.2880157
76	10	1.190070	0.1868325	0.2880157
76	11	1.190070	0.1868325	0.2880157
77	1	1.098916	0.1918096	0.5073123
77	2	1.098916	0.1918096	0.5073123
77	3	1.098916	0.1918096	0.5073123
77	4	1.098916	0.1918096	0.5073123
77	5	-0.1910253	0.5965222	0.298071
77	6	1.098916	0.1918096	0.5073123
77	7	1.098916	0.1918096	0.5073123
77	8	1.098916	0.1918096	0.5073123
77	9	1.098916	0.1918096	0.5073123
77	10	1.098916	0.1918096	0.5073123
77	11	1.098916	0.1918096	0.5073123
78	1	1.098916	0.1918096	0.5073123
78	2	1.098916	0.1918096	0.5073123
78	3	1.098916	0.1918096	0.5073123
78	4	1.098916	0.1918096	0.5073123
78	5	-0.1910253	0.5965222	0.298071
78	6	1.098916	0.1918096	0.5073123
78	7	1.098916	0.1918096	0.5073123
78	8	1.098916	0.1918096	0.5073123
78	9	1.098916	0.1918096	0.5073123
78	10	1.098916	0.1918096	0.5073123
78	11	1.098916	0.1918096	0.5073123
79	1	1.098916	0.1918096	0.5073123
79	2	1.098916	0.1918096	0.5073123
79	3	1.098916	0.1918096	0.5073123
79	4	1.098916	0.1918096	0.5073123
79	5	-0.1910253	0.5965222	0.298071
79	6	1.098916	0.1918096	0.5073123
79	7	1.098916	0.1918096	0.5073123
79	8	1.098916	0.1918096	0.5073123
79	9	1.098916	0.1918096	0.5073123
79	10	1.098916	0.1918096	0.5073123
79	11	1.098916	0.1918096	0.5073123
80	1	1.098916	0.1918096	0.5073123
80	2	1.098916	0.1918096	0.5073123
80	3	1.098916	0.1918096	0.5073123
80	4	1.098916	0.1918096	0.5073123
80	5	-0.1910253	0.5965222	0.298071
80	6	1.098916	0.1918096	0.5073123
80	7	1.098916	0.1918096	0.5073123
80	8	1.098916	0.1918096	0.5073123
80	9	1.098916	0.1918096	0.5073123
80	10	1.098916	0.1918096	0.5073123
80	11	1.098916	0.1918096	0.5073123
81	1	1.146082	0.2112137	0.1760331
81	2	1.146082	0.2112137	0.1760332
81	3	1.146082	0.2112137	0.1760331
81	5	-0.4059661	0.5994089	0.9028646
81	6	1.146082	0.2112137	0.1760331
81	7	1.146082	0.2112137	0.1760331
81	8	1.146082	0.2112137	0.1760331
81	9	1.146082	0.2112137	0.1760331
81	10	1.146082	0.2112137	0.1760331
81	11	1.146082	0.2112137	0.1760331
82	1	1.120904	0.1941041	0.4197782
82	2	1.120904	0.1941041	0.4197782
82	3	1.120904	0.1941041	0.4197782
82	4	1.120904	0.1941041	0.4197782
82	5	1.120904	0.1941041	0.4197782
82	6	1.120904	0.1941041	0.4197782
82	7	1.120904	0.1941041	0.4197782
82	8	1.120904	0.1941041	0.4197782
82	9	1.120904	0.1941041	0.4197782
82	10	1.120904	0.1941041	0.4197782
82	11	1.120904	0.1941041	0.4197782
83	1	1.120904	0.1941041	0.4197782
83	2	1.120904	0.1941041	0.4197782
83	3	1.120904	0.1941041	0.4197782
83	4	1.120904	0.1941041	0.4197782
83	5	1.120904	0.1941041	0.4197782
83	6	1.120904	0.1941041	0.4197782
83	7	1.120904	0.1941041	0.4197782
83	8	1.120904	0.1941041	0.4197782
83	9	1.120904	0.1941041	0.4197782
83	10	1.120904	0.1941041	0.4197782
83	11	1.120904	0.1941041	0.4197782
84	1	1.120904	0.1941041	0.4197782
84	2	1.120904	0.1941041	0.4197782
84	3	1.120904	0.1941041	0.4197782
84	4	1.120904	0.1941041	0.4197782
84	5	1.120904	0.1941041	0.4197782
84	6	1.120904	0.1941041	0.4197782
84	7	1.120904	0.1941041	0.4197782
84	8	1.120904	0.1941041	0.4197782
84	9	1.120904	0.1941041	0.4197782
84	10	1.120904	0.1941041	0.4197782
84	11	1.120904	0.1941041	0.4197782
85	5	1.197285	0.1712579	0.4210899
85	10	-0.1471741	0.5733976	0.3980018
86	5	1.197285	0.1712579	0.4210899
86	10	-0.1471741	0.5733976	0.3980018
87	1	0.8043845	0.2480931	0.8175106
87	2	0.8043845	0.2480931	0.8175106
87	3	0.8043846	0.2480931	0.8175106
87	4	0.8043846	0.2480931	0.8175106
87	5	0.02347796	0.5518281	0.1088577
87	6	0.8638931	0.2234322	0.8865255
87	7	0.8043845	0.2480931	0.8175106
87	8	0.8043845	0.2480931	0.8175106
87	9	0.8043845	0.2480931	0.8175106
87	10	0.075056	0.5331038	0.1424134
87	11	0.8043845	0.2480931	0.8175106
88	1	0.8043845	0.2480931	0.8175106
88	2	0.8043845	0.2480931	0.8175106
88	3	0.8043846	0.2480931	0.8175106
88	4	0.8043846	0.2480931	0.8175106
88	5	0.02347796	0.5518281	0.1088577
88	6	0.8638931	0.2234322	0.8865255
88	7	0.8043845	0.2480931	0.8175106
88	8	0.8043845	0.2480931	0.8175106
88	9	0.8043845	0.2480931	0.8175106
88	10	0.075056	0.5331038	0.1424134
88	11	0.8043845	0.2480931	0.8175106
89	1	1.120904	0.1941041	0.4197782
89	2	1.120904	0.1941041	0.4197782
89	3	1.120904	0.1941041	0.4197782
89	4	1.120904	0.1941041	0.4197782
89	5	1.120904	0.1941041	0.4197782
89	6	1.120904	0.1941041	0.4197782
89	7	1.120904	0.1941041	0.4197782
89	8	1.120904	0.1941041	0.4197782
89	9	1.120904	0.1941041	0.4197782
89	10	1.120904	0.1941041	0.4197782
89	11	1.120904	0.1941041	0.4197782
90	1	1.120904	0.1941041	0.4197782
90	2	1.120904	0.1941041	0.4197782
90	3	1.120904	0.1941041	0.4197782
90	4	1.120904	0.1941041	0.4197782
90	5	1.120904	0.1941041	0.4197782
90	6	1.120904	0.1941041	0.4197782
90	7	1.120904	0.1941041	0.4197782
90	8	1.120904	0.1941041	0.4197782
90	9	1.120904	0.1941041	0.4197782
90	10	1.120904	0.1941041	0.4197782
90	11	1.120904	0.1941041	0.4197782
91	1	1.120904	0.1941041	0.4197782
91	2	1.120904	0.1941041	0.4197782
91	3	1.120904	0.1941041	0.4197782
91	4	1.120904	0.1941041	0.4197782
91	5	1.120904	0.1941041	0.4197782
91	6	1.120904	0.1941041	0.4197782
91	7	1.120904	0.1941041	0.4197782
91	8	1.120904	0.1941041	0.4197782
91	9	1.120904	0.1941041	0.4197782
91	10	1.120904	0.1941041	0.4197782
91	11	1.120904	0.1941041	0.4197782
92	1	1.120904	0.1941041	0.4197782
92	2	1.120904	0.1941041	0.4197782
92	3	1.120904	0.1941041	0.4197782
92	4	1.120904	0.1941041	0.4197782
92	5	1.120904	0.1941041	0.4197782
92	6	1.120904	0.1941041	0.4197782
92	7	1.120904	0.1941041	0.4197782
92	8	1.120904	0.1941041	0.4197782
92	9	1.120904	0.1941041	0.4197782
92	10	1.120904	0.1941041	0.4197782
92	11	1.120904	0.1941041	0.4197782
93	1	1.120904	0.1941041	0.4197782
93	2	1.120904	0.1941041	0.4197782
93	3	1.120904	0.1941041	0.4197782
93	4	1.120904	0.1941041	0.4197782
93	5	1.120904	0.1941041	0.4197782
93	6	1.120904	0.1941041	0.4197782
93	7	1.120904	0.1941041	0.4197782
93	8	1.120904	0.1941041	0.4197782
93	9	1.120904	0.1941041	0.4197782
93	10	1.120904	0.1941041	0.4197782
93	11	1.120904	0.1941041	0.4197782
94	1	1.120904	0.1941041	0.4197782
94	2	1.120904	0.1941041	0.4197782
94	3	1.120904	0.1941041	0.4197782
94	4	1.120904	0.1941041	0.4197782
94	5	1.120904	0.1941041	0.4197782
94	6	1.120904	0.1941041	0.4197782
94	7	1.120904	0.1941041	0.4197782
94	8	1.120904	0.1941041	0.4197782
94	9	1.120904	0.1941041	0.4197782
94	10	1.120904	0.1941041	0.4197782
94	11	1.120904	0.1941041	0.4197782
95	1	1.120904	0.1941041	0.4197782
95	2	1.120904	0.1941041	0.4197782
95	3	1.120904	0.1941041	0.4197782
95	4	1.120904	0.1941041	0.4197782
95	5	1.120904	0.1941041	0.4197782
95	6	1.120904	0.1941041	0.4197782
95	7	1.120904	0.1941041	0.4197782
95	8	1.120904	0.1941041	0.4197782
95	9	1.120904	0.1941041	0.4197782
95	10	1.120904	0.1941041	0.4197782
95	11	1.120904	0.1941041	0.4197782
96	1	1.120904	0.1941041	0.4197782
96	2	1.120904	0.1941041	0.4197782
96	3	1.120904	0.1941041	0.4197782
96	4	1.120904	0.1941041	0.4197782
96	5	1.120904	0.1941041	0.4197782
96	6	1.120904	0.1941041	0.4197782
96	7	1.120904	0.1941041	0.4197782
96	8	1.120904	0.1941041	0.4197782
96	9	1.120904	0.1941041	0.4197782
96	10	1.120904	0.1941041	0.4197782
96	11	1.120904	0.1941041	0.4197782
97	1	1.120904	0.1941041	0.4197782
97	2	1.120904	0.1941041	0.4197782
97	3	1.120904	0.1941041	0.4197782
97	4	1.120904	0.1941041	0.4197782
97	5	1.120904	0.1941041	0.4197782
97	6	1.120904	0.1941041	0.4197782
97	7	1.120904	0.1941041	0.4197782
97	8	1.120904	0.1941041	0.4197782
97	9	1.120904	0.1941041	0.4197782
97	10	1.120904	0.1941041	0.4197782
97	11	1.120904	0.1941041	0.4197782
98	1	1.120904	0.1941041	0.4197782
98	2	1.120904	0.1941041	0.4197782
98	3	1.120904	0.1941041	0.4197782
98	4	1.120904	0.1941041	0.4197782
98	5	1.120904	0.1941041	0.4197782
98	6	1.120904	0.1941041	0.4197782
98	7	1.120904	0.1941041	0.4197782
98	8	1.120904	0.1941041	0.4197782
98	9	1.120904	0.1941041	0.4197782
98	10	1.120904	0.1941041	0.4197782
98	11	1.120904	0.1941041	0.4197782
99	1	1.120904	0.1941041	0.4197782
99	2	1.120904	0.1941041	0.4197782
99	3	1.120904	0.1941041	0.4197782
99	4	1.120904	0.1941041	0.4197782
99	5	1.120904	0.1941041	0.4197782
99	6	1.120904	0.1941041	0.4197782
99	7	1.120904	0.1941041	0.4197782
99	8	1.120904	0.1941041	0.4197782
99	9	1.120904	0.1941041	0.4197782
99	10	1.120904	0.1941041	0.4197782
99	11	1.120904	0.1941041	0.4197782
102	1	1.120904	0.1941041	0.4197782
102	2	1.120904	0.1941041	0.4197782
102	3	1.120904	0.1941041	0.4197782
102	4	1.120904	0.1941041	0.4197782
102	5	1.120904	0.1941041	0.4197782
102	6	1.120904	0.1941041	0.4197782
102	7	1.120904	0.1941041	0.4197782
102	8	1.120904	0.1941041	0.4197782
102	9	1.120904	0.1941041	0.4197782
102	10	1.120904	0.1941041	0.4197782
102	11	1.120904	0.1941041	0.4197782
103	1	1.120904	0.1941041	0.4197782
103	2	1.120904	0.1941041	0.4197782
103	3	1.120904	0.1941041	0.4197782
103	4	1.120904	0.1941041	0.4197782
103	5	1.120904	0.1941041	0.4197782
103	6	1.120904	0.1941041	0.4197782
103	7	1.120904	0.1941041	0.4197782
103	8	1.120904	0.1941041	0.4197782
103	9	1.120904	0.1941041	0.4197782
103	10	1.120904	0.1941041	0.4197782
103	11	1.120904	0.1941041	0.4197782
104	1	1.120904	0.1941041	0.4197782
104	2	1.120904	0.1941041	0.4197782
104	3	1.120904	0.1941041	0.4197782
104	4	1.120904	0.1941041	0.4197782
104	5	1.120904	0.1941041	0.4197782
104	6	1.120904	0.1941041	0.4197782
104	7	1.120904	0.1941041	0.4197782
104	8	1.120904	0.1941041	0.4197782
104	9	1.120904	0.1941041	0.4197782
104	10	1.120904	0.1941041	0.4197782
104	11	1.120904	0.1941041	0.4197782
105	1	1.120904	0.1941041	0.4197782
105	2	1.120904	0.1941041	0.4197782
105	3	1.120904	0.1941041	0.4197782
105	4	1.120904	0.1941041	0.4197782
105	5	1.120904	0.1941041	0.4197782
105	6	1.120904	0.1941041	0.4197782
105	7	1.120904	0.1941041	0.4197782
105	8	1.120904	0.1941041	0.4197782
105	9	1.120904	0.1941041	0.4197782
105	10	1.120904	0.1941041	0.4197782
105	11	1.120904	0.1941041	0.4197782
106	1	1.120904	0.1941041	0.4197782
106	2	1.120904	0.1941041	0.4197782
106	3	1.120904	0.1941041	0.4197782
106	4	1.120904	0.1941041	0.4197782
106	5	1.120904	0.1941041	0.4197782
106	6	1.120904	0.1941041	0.4197782
106	7	1.120904	0.1941041	0.4197782
106	8	1.120904	0.1941041	0.4197782
106	9	1.120904	0.1941041	0.4197782
106	10	1.120904	0.1941041	0.4197782
106	11	1.120904	0.1941041	0.4197782
107	9	1.120904	0.1941041	0.4197782
107	10	1.120904	0.1941041	0.4197782
107	11	1.120904	0.1941041	0.4197782
108	1	0.1263720	0.4052243	1.258419
108	2	0.1263720	0.4052243	1.258419
108	3	0.126372	0.4052243	1.258419
108	4	0.126372	0.4052243	1.258419
108	5	0.126372	0.4052243	1.258419
108	6	0.126372	0.4052243	1.258419
108	7	0.126372	0.4052243	1.258419
108	8	0.4711054	0.4269243	0.02750234
108	9	0.4711054	0.4269243	0.02750234
108	10	0.4711054	0.4269243	0.02750234
108	11	0.4711054	0.4269243	0.02750234
109	1	0.1263720	0.4052243	1.258419
109	2	0.1263720	0.4052243	1.258419
109	3	0.126372	0.4052243	1.258419
109	4	0.126372	0.4052243	1.258419
109	5	0.126372	0.4052243	1.258419
109	6	0.126372	0.4052243	1.258419
109	7	0.126372	0.4052243	1.258419
109	8	0.4711054	0.4269243	0.02750234
109	9	0.4711054	0.4269243	0.02750234
109	10	0.4711054	0.4269243	0.02750234
109	11	0.4711054	0.4269243	0.02750234
110	1	0.1263720	0.4052243	1.258419
110	2	0.1263720	0.4052243	1.258419
110	3	0.126372	0.4052243	1.258419
110	4	0.126372	0.4052243	1.258419
110	5	0.126372	0.4052243	1.258419
110	6	0.126372	0.4052243	1.258419
110	7	0.126372	0.4052243	1.258419
110	8	0.4711054	0.4269243	0.02750234
110	9	0.4711054	0.4269243	0.02750234
110	10	0.4711054	0.4269243	0.02750234
110	11	0.4711054	0.4269243	0.02750234
111	1	0.1263720	0.4052243	1.258419
111	2	0.1263720	0.4052243	1.258419
111	3	0.126372	0.4052243	1.258419
111	4	0.126372	0.4052243	1.258419
111	5	0.126372	0.4052243	1.258419
111	6	0.126372	0.4052243	1.258419
111	7	0.126372	0.4052243	1.258419
111	8	0.4711054	0.4269243	0.02750234
111	9	0.4711054	0.4269243	0.02750234
111	10	0.4711054	0.4269243	0.02750234
111	11	0.4711054	0.4269243	0.02750234
112	1	1.120904	0.1941041	0.4197782
112	2	1.120904	0.1941041	0.4197782
112	3	1.120904	0.1941041	0.4197782
112	4	1.120904	0.1941041	0.4197782
112	5	1.120904	0.1941041	0.4197782
112	6	1.120904	0.1941041	0.4197782
112	7	1.120904	0.1941041	0.4197782
112	8	1.120904	0.1941041	0.4197782
112	9	1.120904	0.1941041	0.4197782
112	10	1.120904	0.1941041	0.4197782
112	11	1.120904	0.1941041	0.4197782
113	1	1.120904	0.1941041	0.4197782
113	2	1.120904	0.1941041	0.4197782
113	3	1.120904	0.1941041	0.4197782
113	4	1.120904	0.1941041	0.4197782
113	5	1.120904	0.1941041	0.4197782
113	6	1.120904	0.1941041	0.4197782
113	7	1.120904	0.1941041	0.4197782
113	8	1.120904	0.1941041	0.4197782
113	9	1.120904	0.1941041	0.4197782
113	10	1.120904	0.1941041	0.4197782
113	11	1.120904	0.1941041	0.4197782
114	1	1.120904	0.1941041	0.4197782
114	2	1.120904	0.1941041	0.4197782
114	3	1.120904	0.1941041	0.4197782
114	4	1.120904	0.1941041	0.4197782
114	5	1.120904	0.1941041	0.4197782
114	6	1.120904	0.1941041	0.4197782
114	7	1.120904	0.1941041	0.4197782
114	8	1.120904	0.1941041	0.4197782
114	9	1.120904	0.1941041	0.4197782
114	10	1.120904	0.1941041	0.4197782
114	11	1.120904	0.1941041	0.4197782
115	1	1.120904	0.1941041	0.4197782
115	2	1.120904	0.1941041	0.4197782
115	3	1.120904	0.1941041	0.4197782
115	4	1.120904	0.1941041	0.4197782
115	5	1.120904	0.1941041	0.4197782
115	6	1.120904	0.1941041	0.4197782
115	7	1.120904	0.1941041	0.4197782
115	8	1.120904	0.1941041	0.4197782
115	9	1.120904	0.1941041	0.4197782
115	10	1.120904	0.1941041	0.4197782
115	11	1.120904	0.1941041	0.4197782
116	1	1.120904	0.1941041	0.4197782
116	2	1.120904	0.1941041	0.4197782
116	3	1.120904	0.1941041	0.4197782
116	4	1.120904	0.1941041	0.4197782
116	5	1.120904	0.1941041	0.4197782
116	6	1.120904	0.1941041	0.4197782
116	7	1.120904	0.1941041	0.4197782
116	8	1.120904	0.1941041	0.4197782
116	9	1.120904	0.1941041	0.4197782
116	10	1.120904	0.1941041	0.4197782
116	11	1.120904	0.1941041	0.4197782
117	1	1.120904	0.1941041	0.4197782
117	2	1.120904	0.1941041	0.4197782
117	3	1.120904	0.1941041	0.4197782
117	4	1.120904	0.1941041	0.4197782
117	5	1.120904	0.1941041	0.4197782
117	6	1.120904	0.1941041	0.4197782
117	7	1.120904	0.1941041	0.4197782
117	8	1.120904	0.1941041	0.4197782
117	9	1.120904	0.1941041	0.4197782
117	10	1.120904	0.1941041	0.4197782
117	11	1.120904	0.1941041	0.4197782
118	1	1.120904	0.1941041	0.4197782
118	2	1.120904	0.1941041	0.4197782
118	3	1.120904	0.1941041	0.4197782
118	4	1.120904	0.1941041	0.4197782
118	5	1.120904	0.1941041	0.4197782
118	6	1.120904	0.1941041	0.4197782
118	7	1.120904	0.1941041	0.4197782
118	8	1.120904	0.1941041	0.4197782
118	9	1.120904	0.1941041	0.4197782
118	10	1.120904	0.1941041	0.4197782
118	11	1.120904	0.1941041	0.4197782
119	1	1.120904	0.1941041	0.4197782
119	2	1.120904	0.1941041	0.4197782
119	3	1.120904	0.1941041	0.4197782
119	4	1.120904	0.1941041	0.4197782
119	5	1.120904	0.1941041	0.4197782
119	6	1.120904	0.1941041	0.4197782
119	7	1.120904	0.1941041	0.4197782
119	8	1.120904	0.1941041	0.4197782
119	9	1.120904	0.1941041	0.4197782
119	10	1.120904	0.1941041	0.4197782
119	11	1.120904	0.1941041	0.4197782
120	1	1.120904	0.1941041	0.4197782
120	2	1.120904	0.1941041	0.4197782
120	4	1.120904	0.1941041	0.4197782
121	1	1.120904	0.1941041	0.4197782
121	2	1.120904	0.1941041	0.4197782
121	3	1.120904	0.1941041	0.4197782
121	4	1.120904	0.1941041	0.4197782
122	1	1.120904	0.1941041	0.4197782
122	2	1.120904	0.1941041	0.4197782
122	3	1.120904	0.1941041	0.4197782
122	4	1.120904	0.1941041	0.4197782
123	1	1.120904	0.1941041	0.4197782
123	2	1.120904	0.1941041	0.4197782
123	3	1.120904	0.1941041	0.4197782
123	4	1.120904	0.1941041	0.4197782
124	1	1.120904	0.1941041	0.4197782
124	2	1.120904	0.1941041	0.4197782
124	3	1.120904	0.1941041	0.4197782
124	4	1.120904	0.1941041	0.4197782
125	1	1.120904	0.1941041	0.4197782
125	2	1.120904	0.1941041	0.4197782
125	3	1.120904	0.1941041	0.4197782
125	4	1.120904	0.1941041	0.4197782
126	1	-0.1668934	0.493088	1.251942
126	2	-0.1668934	0.493088	1.251942
126	3	-0.1668934	0.493088	1.251942
126	4	-0.1668934	0.493088	1.251942
126	5	0.7690836	0.336795	0.04254244
126	6	0.7690836	0.336795	0.04254244
126	7	0.7690836	0.336795	0.04254244
126	8	0.7690836	0.336795	0.04254244
126	9	0.7690836	0.336795	0.04254244
126	10	0.7690836	0.336795	0.04254244
126	11	0.7690836	0.336795	0.04254244
127	1	1.120904	0.1941041	0.4197782
127	2	1.120904	0.1941041	0.4197782
127	3	1.120904	0.1941041	0.4197782
127	4	1.120904	0.1941041	0.4197782
127	5	1.120904	0.1941041	0.4197782
127	6	1.120904	0.1941041	0.4197782
127	7	1.120904	0.1941041	0.4197782
127	8	1.120904	0.1941041	0.4197782
127	9	1.120904	0.1941041	0.4197782
127	10	1.120904	0.1941041	0.4197782
127	11	1.120904	0.1941041	0.4197782
128	1	1.120904	0.1941041	0.4197782
128	2	1.120904	0.1941041	0.4197782
128	3	1.120904	0.1941041	0.4197782
128	4	1.120904	0.1941041	0.4197782
128	5	1.120904	0.1941041	0.4197782
128	6	1.120904	0.1941041	0.4197782
128	7	1.120904	0.1941041	0.4197782
128	8	1.120904	0.1941041	0.4197782
128	9	1.120904	0.1941041	0.4197782
128	10	1.120904	0.1941041	0.4197782
128	11	1.120904	0.1941041	0.4197782
129	1	1.120904	0.1941041	0.4197782
129	2	1.120904	0.1941041	0.4197782
129	3	1.120904	0.1941041	0.4197782
129	4	1.120904	0.1941041	0.4197782
129	5	1.120904	0.1941041	0.4197782
129	6	1.120904	0.1941041	0.4197782
129	7	1.120904	0.1941041	0.4197782
129	8	1.120904	0.1941041	0.4197782
129	9	1.120904	0.1941041	0.4197782
129	10	1.120904	0.1941041	0.4197782
129	11	1.120904	0.1941041	0.4197782
130	1	1.120904	0.1941041	0.4197782
130	2	1.120904	0.1941041	0.4197782
130	3	1.120904	0.1941041	0.4197782
130	4	1.120904	0.1941041	0.4197782
130	5	1.120904	0.1941041	0.4197782
130	6	1.120904	0.1941041	0.4197782
130	7	1.120904	0.1941041	0.4197782
130	8	1.120904	0.1941041	0.4197782
130	9	1.120904	0.1941041	0.4197782
130	10	1.120904	0.1941041	0.4197782
130	11	1.120904	0.1941041	0.4197782
131	1	1.120904	0.1941041	0.4197782
131	2	1.120904	0.1941041	0.4197782
131	3	1.120904	0.1941041	0.4197782
131	4	1.120904	0.1941041	0.4197782
131	5	1.120904	0.1941041	0.4197782
131	6	1.120904	0.1941041	0.4197782
131	7	1.120904	0.1941041	0.4197782
131	8	1.120904	0.1941041	0.4197782
131	9	1.120904	0.1941041	0.4197782
131	10	1.120904	0.1941041	0.4197782
131	11	1.120904	0.1941041	0.4197782
132	1	1.120904	0.1941041	0.4197782
132	2	1.120904	0.1941041	0.4197782
132	3	1.120904	0.1941041	0.4197782
132	4	1.120904	0.1941041	0.4197782
132	5	1.120904	0.1941041	0.4197782
132	6	1.120904	0.1941041	0.4197782
132	7	1.120904	0.1941041	0.4197782
132	8	1.120904	0.1941041	0.4197782
132	9	1.120904	0.1941041	0.4197782
132	10	1.120904	0.1941041	0.4197782
132	11	1.120904	0.1941041	0.4197782
133	1	1.120904	0.1941041	0.4197782
133	2	1.120904	0.1941041	0.4197782
133	3	1.120904	0.1941041	0.4197782
133	4	1.120904	0.1941041	0.4197782
133	5	1.120904	0.1941041	0.4197782
133	6	1.120904	0.1941041	0.4197782
133	7	1.120904	0.1941041	0.4197782
133	8	1.120904	0.1941041	0.4197782
133	9	1.120904	0.1941041	0.4197782
133	10	1.120904	0.1941041	0.4197782
133	11	1.120904	0.1941041	0.4197782
134	1	-0.1378724	0.4891838	1.20511
134	2	-0.1378724	0.4891838	1.20511
134	3	-0.1378724	0.4891838	1.20511
134	4	-0.1378724	0.4891838	1.20511
134	5	0.7619803	0.3384131	0.04744013
134	6	0.7619803	0.3384131	0.04744014
134	7	0.7619803	0.3384131	0.04744014
134	8	0.7619803	0.3384131	0.04744014
134	9	0.7619803	0.3384131	0.04744014
134	10	0.7619803	0.3384131	0.04744014
134	11	0.7619803	0.3384131	0.04744014
135	1	-0.1378724	0.4891838	1.20511
135	2	-0.1378724	0.4891838	1.20511
135	3	-0.1378724	0.4891838	1.20511
135	4	-0.1378724	0.4891838	1.20511
135	5	0.7619803	0.3384131	0.04744013
135	6	0.7619803	0.3384131	0.04744014
135	7	0.7619803	0.3384131	0.04744014
135	8	0.7619803	0.3384131	0.04744014
135	9	0.7619803	0.3384131	0.04744014
135	10	0.7619803	0.3384131	0.04744014
135	11	0.7619803	0.3384131	0.04744014
136	2	-0.2013822	0.5093805	1.192125
136	3	-0.2013822	0.5093805	1.192125
136	4	-0.2013822	0.5093805	1.192125
136	5	0.8393626	0.3146113	0.05527046
136	6	0.8393626	0.3146113	0.05527046
136	7	0.8393625	0.3146113	0.05527046
136	8	0.8393625	0.3146113	0.05527046
136	9	0.8393625	0.3146113	0.05527046
136	10	0.8393625	0.3146113	0.05527046
136	11	0.8393625	0.3146113	0.05527046
137	2	-0.2013822	0.5093805	1.192125
137	3	-0.2013822	0.5093805	1.192125
137	4	-0.2013822	0.5093805	1.192125
137	5	0.8393626	0.3146113	0.05527046
137	6	0.8393626	0.3146113	0.05527046
137	7	0.8393625	0.3146113	0.05527046
137	8	0.8393625	0.3146113	0.05527046
137	9	0.8393625	0.3146113	0.05527046
137	10	0.8393625	0.3146113	0.05527046
137	11	0.8393625	0.3146113	0.05527046
138	5	1.120904	0.1941041	0.4197782
138	6	1.120904	0.1941041	0.4197782
139	5	1.120904	0.1941041	0.4197782
139	6	1.120904	0.1941041	0.4197782
140	5	1.275617	0.1478282	0.4224350
140	6	-0.1843628	0.584521	0.3973632
141	5	1.275617	0.1478282	0.4224350
141	6	-0.1843628	0.584521	0.3973632
142	5	1.275617	0.1478282	0.4224350
142	6	-0.1843628	0.584521	0.3973632
143	5	1.275617	0.1478282	0.4224350
143	6	-0.1843628	0.584521	0.3973632
144	5	1.275617	0.1478282	0.4224350
144	6	-0.1843628	0.584521	0.3973632
145	5	1.275617	0.1478282	0.4224350
145	6	-0.1843628	0.584521	0.3973632
146	5	1.275617	0.1478282	0.4224350
146	6	-0.1843628	0.584521	0.3973632
147	5	1.275617	0.1478282	0.4224350
147	6	-0.1843628	0.584521	0.3973632
148	5	1.275617	0.1478282	0.4224350
148	6	-0.1843628	0.584521	0.3973632
149	5	1.275617	0.1478282	0.4224350
149	6	-0.1843628	0.584521	0.3973632
150	5	1.275617	0.1478282	0.4224350
150	6	-0.1843628	0.584521	0.3973632
151	5	1.275617	0.1478282	0.4224350
151	6	-0.1843628	0.584521	0.3973632
152	5	1.275617	0.1478282	0.4224350
152	6	-0.1843628	0.584521	0.3973632
153	5	1.275617	0.1478282	0.4224350
153	6	-0.1843628	0.584521	0.3973632
154	5	1.275617	0.1478282	0.4224350
154	6	-0.1843628	0.584521	0.3973632
155	5	1.275617	0.1478282	0.4224350
155	6	-0.1843628	0.584521	0.3973632
156	5	1.275617	0.1478282	0.4224350
156	6	-0.1843628	0.584521	0.3973632
157	5	1.275617	0.1478282	0.4224350
157	6	-0.1843628	0.584521	0.3973632
158	5	1.275617	0.1478282	0.4224350
158	6	-0.1843628	0.584521	0.3973632
159	5	1.275617	0.1478282	0.4224350
159	6	-0.1843628	0.584521	0.3973632
160	5	1.275617	0.1478282	0.4224350
160	6	-0.1843628	0.584521	0.3973632
340	1	1.079243	0.2372656	0.1148362
340	2	1.079243	0.2372656	0.1148362
340	3	1.079243	0.2372656	0.1148362
340	4	1.079243	0.2372656	0.1148362
340	6	-0.2182415	0.5992608	0.3511345
340	7	0.6785649	0.2715887	0.9554525
340	8	0.6785649	0.2715887	0.9554525
340	9	0.6785649	0.2715887	0.9554525
340	10	0.6785649	0.2715887	0.9554525
340	11	0.6785649	0.2715887	0.9554525
341	1	1.079243	0.2372656	0.1148362
341	2	1.079243	0.2372656	0.1148362
341	3	1.079243	0.2372656	0.1148362
341	4	1.079243	0.2372656	0.1148362
341	6	-0.2182415	0.5992608	0.3511345
341	7	0.6785649	0.2715887	0.9554525
341	8	0.6785649	0.2715887	0.9554525
341	9	0.6785649	0.2715887	0.9554525
341	10	0.6785649	0.2715887	0.9554525
341	11	0.6785649	0.2715887	0.9554525
342	1	-0.1922062	0.5723457	0.5411279
342	2	-0.1922062	0.5723457	0.5411279
342	3	-0.1922062	0.5723457	0.5411279
342	4	-0.1922062	0.5723457	0.5411279
342	6	1.38167	0.1159570	0.4257396
342	10	0.1346962	0.5205445	0.09111909
343	1	0.3805560	0.3346728	1.208508
343	3	0.3805560	0.3346728	1.208508
343	4	0.3805560	0.3346728	1.208508
343	6	-0.1307251	0.5852914	0.2316665
343	10	1.198199	0.1764931	0.3665174
343	11	0.861621	0.3116463	0.01906019
344	1	-0.269258	0.5793085	0.6991908
344	3	-0.269258	0.5793085	0.6991908
344	4	-0.269258	0.5793085	0.6991908
344	6	0.596261	0.2666076	1.247351
344	7	1.116791	0.2298082	0.07808727
344	8	0.9701327	0.2761573	0.05097073
344	9	0.9701327	0.2761573	0.05097073
344	10	-0.08002397	0.563896	0.2942762
344	11	0.4574147	0.4303711	0.03369090
345	1	0.3498376	0.3410277	1.236056
345	3	0.3498376	0.3410277	1.236056
345	4	0.3498376	0.3410277	1.236056
345	6	-0.07424271	0.5747399	0.1697809
345	7	0.9700236	0.278389	0.02917766
346	1	0.03849855	0.4179448	1.391316
346	4	0.03849855	0.4179448	1.391316
346	6	1.101912	0.2374391	0.04631438
346	7	-0.06157505	0.5689294	0.1900308
347	1	0.03849855	0.4179448	1.391316
347	4	0.03849855	0.4179448	1.391316
347	6	1.101912	0.2374391	0.04631438
347	7	-0.06157505	0.5689294	0.1900308
348	1	0.03849855	0.4179448	1.391316
348	4	0.03849855	0.4179448	1.391316
348	6	1.101912	0.2374391	0.04631438
348	7	-0.06157505	0.5689294	0.1900308
349	1	-0.1071929	0.4655563	1.348840
349	4	-0.1071929	0.4655563	1.348840
349	6	-0.1377162	0.5773334	0.3311283
349	7	1.166391	0.2165293	0.06351235
350	4	-0.2017131	0.4930602	1.354826
350	6	0.97529	0.2006452	0.7840635
350	7	0.2755639	0.4863535	0.01481976
351	4	1.197285	0.1712579	0.4210899
351	6	-0.1471741	0.5733976	0.3980018
352	4	1.197285	0.1712579	0.4210899
352	6	-0.1471741	0.5733976	0.3980018
353	4	1.197285	0.1712579	0.4210899
353	6	-0.1471741	0.5733976	0.3980018
354	4	1.197285	0.1712579	0.4210899
354	6	-0.1471741	0.5733976	0.3980018
355	4	1.197285	0.1712579	0.4210899
355	6	-0.1471741	0.5733976	0.3980018
356	4	1.197285	0.1712579	0.4210899
356	6	-0.1471741	0.5733976	0.3980018
357	4	1.197285	0.1712579	0.4210899
357	6	-0.1471741	0.5733976	0.3980018
358	4	1.197285	0.1712579	0.4210899
358	6	-0.1471741	0.5733976	0.3980018
359	1	1.284378	0.1600419	0.2755848
359	4	-0.1373367	0.4770684	1.32359
359	6	-0.03412357	0.560579	0.1918841
360	1	0.970663	0.2103887	0.7011447
360	4	0.3349981	0.3489407	1.201372
360	6	0.1266741	0.5238452	0.08205055
361	1	0.985499	0.2092271	0.6689364
361	2	0.985499	0.2092271	0.6689364
361	4	0.1940940	0.3852925	1.256368
361	6	0.0873896	0.5340171	0.09701825
362	1	0.985499	0.2092271	0.6689364
362	2	0.985499	0.2092271	0.6689364
362	4	0.1940940	0.3852925	1.256368
362	6	0.0873896	0.5340171	0.09701825
363	1	0.985499	0.2092271	0.6689364
363	2	0.985499	0.2092271	0.6689364
363	4	0.1940940	0.3852925	1.256368
363	6	0.0873896	0.5340171	0.09701825
364	1	0.985499	0.2092271	0.6689364
364	2	0.985499	0.2092271	0.6689364
364	4	0.1940940	0.3852925	1.256368
364	6	0.0873896	0.5340171	0.09701825
365	1	0.985499	0.2092271	0.6689364
365	2	0.985499	0.2092271	0.6689364
365	4	0.1940940	0.3852925	1.256368
365	6	0.0873896	0.5340171	0.09701825
366	1	0.985499	0.2092271	0.6689364
366	2	0.985499	0.2092271	0.6689364
366	4	0.1940940	0.3852925	1.256368
366	6	0.0873896	0.5340171	0.09701825
367	1	0.985499	0.2092271	0.6689364
367	2	0.985499	0.2092271	0.6689364
367	4	0.1940940	0.3852925	1.256368
367	6	0.0873896	0.5340171	0.09701825
368	1	0.985499	0.2092271	0.6689364
368	2	0.985499	0.2092271	0.6689364
368	4	0.1940940	0.3852925	1.256368
368	6	0.0873896	0.5340171	0.09701825
369	1	0.985499	0.2092271	0.6689364
369	2	0.985499	0.2092271	0.6689364
369	4	0.1940940	0.3852925	1.256368
369	6	0.0873896	0.5340171	0.09701825
370	1	0.985499	0.2092271	0.6689364
370	2	0.985499	0.2092271	0.6689364
370	4	0.1940940	0.3852925	1.256368
370	6	0.0873896	0.5340171	0.09701825
371	1	0.985499	0.2092271	0.6689364
371	2	0.985499	0.2092271	0.6689364
371	4	0.1940940	0.3852925	1.256368
371	6	0.0873896	0.5340171	0.09701825
372	1	0.970663	0.2103887	0.7011447
372	4	0.3349981	0.3489407	1.201372
372	6	0.1266741	0.5238452	0.08205055
