3	1	1.120904	0.1941041	0.4197782
3	3	1.120904	0.1941041	0.4197782
3	4	1.120904	0.1941041	0.4197782
4	1	1.213773	0.1663340	0.4212966
4	2	-0.2423802	0.6018653	0.3964585
4	3	1.213773	0.166334	0.4212966
4	4	1.213773	0.166334	0.4212966
5	1	1.120904	0.1941041	0.4197782
5	2	1.120904	0.1941041	0.4197782
5	3	1.120904	0.1941041	0.4197782
5	4	1.120904	0.1941041	0.4197782
6	1	1.120904	0.1941041	0.4197782
6	2	1.120904	0.1941041	0.4197782
6	3	1.120904	0.1941041	0.4197782
6	4	1.120904	0.1941041	0.4197782
7	1	1.120904	0.1941041	0.4197782
7	2	1.120904	0.1941041	0.4197782
7	3	1.120904	0.1941041	0.4197782
7	4	1.120904	0.1941041	0.4197782
8	1	1.120904	0.1941041	0.4197782
8	2	1.120904	0.1941041	0.4197782
8	3	1.120904	0.1941041	0.4197782
8	4	1.120904	0.1941041	0.4197782
9	1	1.120904	0.1941041	0.4197782
9	2	1.120904	0.1941041	0.4197782
9	3	1.120904	0.1941041	0.4197782
9	4	1.120904	0.1941041	0.4197782
10	1	1.120904	0.1941041	0.4197782
10	2	1.120904	0.1941041	0.4197782
10	3	1.120904	0.1941041	0.4197782
10	4	1.120904	0.1941041	0.4197782
11	1	1.120904	0.1941041	0.4197782
11	2	1.120904	0.1941041	0.4197782
11	3	1.120904	0.1941041	0.4197782
11	4	1.120904	0.1941041	0.4197782
12	1	1.120904	0.1941041	0.4197782
12	2	1.120904	0.1941041	0.4197782
12	3	1.120904	0.1941041	0.4197782
12	4	1.120904	0.1941041	0.4197782
13	1	1.120904	0.1941041	0.4197782
13	2	1.120904	0.1941041	0.4197782
13	3	1.120904	0.1941041	0.4197782
13	4	1.120904	0.1941041	0.4197782
14	1	1.120904	0.1941041	0.4197782
14	2	1.120904	0.1941041	0.4197782
14	3	1.120904	0.1941041	0.4197782
14	4	1.120904	0.1941041	0.4197782
15	1	1.120904	0.1941041	0.4197782
15	2	1.120904	0.1941041	0.4197782
15	3	1.120904	0.1941041	0.4197782
15	4	1.120904	0.1941041	0.4197782
16	1	1.120904	0.1941041	0.4197782
16	2	1.120904	0.1941041	0.4197782
16	3	1.120904	0.1941041	0.4197782
16	4	1.120904	0.1941041	0.4197782
17	1	1.120904	0.1941041	0.4197782
17	2	1.120904	0.1941041	0.4197782
17	3	1.120904	0.1941041	0.4197782
17	4	1.120904	0.1941041	0.4197782
18	1	1.120904	0.1941041	0.4197782
18	2	1.120904	0.1941041	0.4197782
18	3	1.120904	0.1941041	0.4197782
18	4	1.120904	0.1941041	0.4197782
19	1	1.120904	0.1941041	0.4197782
19	2	1.120904	0.1941041	0.4197782
19	3	1.120904	0.1941041	0.4197782
19	4	1.120904	0.1941041	0.4197782
20	1	1.120904	0.1941041	0.4197782
20	2	1.120904	0.1941041	0.4197782
20	3	1.120904	0.1941041	0.4197782
20	4	1.120904	0.1941041	0.4197782
21	1	1.120904	0.1941041	0.4197782
21	2	1.120904	0.1941041	0.4197782
21	3	1.120904	0.1941041	0.4197782
21	4	1.120904	0.1941041	0.4197782
22	1	1.120904	0.1941041	0.4197782
22	2	1.120904	0.1941041	0.4197782
22	3	1.120904	0.1941041	0.4197782
22	4	1.120904	0.1941041	0.4197782
23	1	1.120904	0.1941041	0.4197782
23	2	1.120904	0.1941041	0.4197782
23	3	1.120904	0.1941041	0.4197782
23	4	1.120904	0.1941041	0.4197782
24	1	1.120904	0.1941041	0.4197782
24	2	1.120904	0.1941041	0.4197782
24	3	1.120904	0.1941041	0.4197782
24	4	1.120904	0.1941041	0.4197782
25	1	1.120904	0.1941041	0.4197782
25	2	1.120904	0.1941041	0.4197782
25	3	1.120904	0.1941041	0.4197782
25	4	1.120904	0.1941041	0.4197782
26	1	1.120904	0.1941041	0.4197782
26	2	1.120904	0.1941041	0.4197782
26	3	1.120904	0.1941041	0.4197782
26	4	1.120904	0.1941041	0.4197782
27	1	1.120904	0.1941041	0.4197782
27	2	1.120904	0.1941041	0.4197782
27	3	1.120904	0.1941041	0.4197782
27	4	1.120904	0.1941041	0.4197782
28	1	1.213773	0.1663340	0.4212966
28	2	-0.2423802	0.6018653	0.3964585
28	3	1.213773	0.166334	0.4212966
28	4	1.213773	0.166334	0.4212966
29	1	1.213773	0.1663340	0.4212966
29	2	-0.2423802	0.6018653	0.3964585
29	3	1.213773	0.166334	0.4212966
29	4	1.213773	0.166334	0.4212966
30	1	1.213773	0.1663340	0.4212966
30	2	-0.2423802	0.6018653	0.3964585
30	3	1.213773	0.166334	0.4212966
30	4	1.213773	0.166334	0.4212966
33	1	1.213773	0.1663340	0.4212966
33	2	-0.2423802	0.6018653	0.3964585
33	3	1.213773	0.166334	0.4212966
33	4	1.213773	0.166334	0.4212966
34	1	1.213773	0.1663340	0.4212966
34	2	-0.2423802	0.6018653	0.3964585
34	3	1.213773	0.166334	0.4212966
34	4	1.213773	0.166334	0.4212966
35	1	1.213773	0.1663340	0.4212966
35	2	-0.2423802	0.6018653	0.3964585
35	3	1.213773	0.166334	0.4212966
35	4	1.213773	0.166334	0.4212966
36	1	1.213773	0.1663340	0.4212966
36	2	-0.2423802	0.6018653	0.3964585
36	3	1.213773	0.166334	0.4212966
36	4	1.213773	0.166334	0.4212966
37	1	1.245450	0.1568799	0.4216345
37	2	-0.2284997	0.5976905	0.3969243
37	3	1.245450	0.1568799	0.4216345
38	1	1.245450	0.1568799	0.4216345
38	2	-0.2284997	0.5976905	0.3969243
38	3	1.245450	0.1568799	0.4216345
39	1	1.245450	0.1568799	0.4216345
39	2	-0.2284997	0.5976905	0.3969243
39	3	1.245450	0.1568799	0.4216345
40	1	1.245454	0.1568796	0.4216264
40	2	-0.228504	0.5976909	0.3969335
40	4	1.245454	0.1568796	0.4216264
41	1	1.245454	0.1568796	0.4216264
41	2	-0.228504	0.5976909	0.3969335
41	4	1.245454	0.1568796	0.4216264
42	1	1.245454	0.1568796	0.4216264
42	2	-0.228504	0.5976909	0.3969335
42	4	1.245454	0.1568796	0.4216264
43	1	1.284850	0.1453565	0.4197198
43	2	-0.4215331	0.5730014	1.210424
43	3	0.1289853	0.5279179	0.03488125
43	4	1.284850	0.1453565	0.4197198
44	1	1.284850	0.1453565	0.4197198
44	2	-0.4215331	0.5730014	1.210424
44	3	0.1289853	0.5279179	0.03488125
44	4	1.284850	0.1453565	0.4197198
45	1	1.284850	0.1453565	0.4197198
45	2	-0.4215331	0.5730014	1.210424
45	3	0.1289853	0.5279179	0.03488125
45	4	1.284850	0.1453565	0.4197198
46	1	1.284850	0.1453565	0.4197198
46	2	-0.4215331	0.5730014	1.210424
46	3	0.1289853	0.5279179	0.03488125
46	4	1.284850	0.1453565	0.4197198
47	2	-0.1305767	0.4523409	1.548707
47	3	-0.01631070	0.5621848	0.1234792
47	4	1.323852	0.1613309	0.1464879
48	2	-0.1305767	0.4523409	1.548707
48	3	-0.01631070	0.5621848	0.1234792
48	4	1.323852	0.1613309	0.1464879
58	1	1.284850	0.1453565	0.4197198
58	2	-0.4215331	0.5730014	1.210424
58	3	0.1289853	0.5279179	0.03488125
58	4	1.284850	0.1453565	0.4197198
59	1	1.213773	0.1663340	0.4212966
59	2	-0.2423802	0.6018653	0.3964585
59	3	1.213773	0.166334	0.4212966
59	4	1.213773	0.166334	0.4212966
60	1	1.213773	0.1663340	0.4212966
60	2	-0.2423802	0.6018653	0.3964585
60	3	1.213773	0.166334	0.4212966
60	4	1.213773	0.166334	0.4212966
61	1	1.213773	0.1663340	0.4212966
61	2	-0.2423802	0.6018653	0.3964585
61	3	1.213773	0.166334	0.4212966
61	4	1.213773	0.166334	0.4212966
62	1	1.213773	0.1663340	0.4212966
62	2	-0.2423802	0.6018653	0.3964585
62	3	1.213773	0.166334	0.4212966
62	4	1.213773	0.166334	0.4212966
63	1	1.213773	0.1663340	0.4212966
63	2	-0.2423802	0.6018653	0.3964585
63	3	1.213773	0.166334	0.4212966
63	4	1.213773	0.166334	0.4212966
64	1	1.120904	0.1941041	0.4197782
64	3	1.120904	0.1941041	0.4197782
64	4	1.120904	0.1941041	0.4197782
65	1	1.120904	0.1941041	0.4197782
65	3	1.120904	0.1941041	0.4197782
65	4	1.120904	0.1941041	0.4197782
66	1	1.120904	0.1941041	0.4197782
66	3	1.120904	0.1941041	0.4197782
66	4	1.120904	0.1941041	0.4197782
67	1	1.120904	0.1941041	0.4197782
67	3	1.120904	0.1941041	0.4197782
67	4	1.120904	0.1941041	0.4197782
68	1	1.24533	0.1568899	0.4218886
68	3	-0.2283643	0.5976793	0.3966372
68	4	1.24533	0.1568899	0.4218886
69	1	1.24533	0.1568899	0.4218886
69	3	-0.2283643	0.5976793	0.3966372
69	4	1.24533	0.1568899	0.4218886
70	1	1.24533	0.1568899	0.4218886
70	3	-0.2283643	0.5976793	0.3966372
70	4	1.24533	0.1568899	0.4218886
72	1	1.120904	0.1941041	0.4197782
72	3	1.120904	0.1941041	0.4197782
72	4	1.120904	0.1941041	0.4197782
73	1	1.120904	0.1941041	0.4197782
73	3	1.120904	0.1941041	0.4197782
73	4	1.120904	0.1941041	0.4197782
74	1	1.213773	0.1663340	0.4212966
74	2	-0.2423802	0.6018653	0.3964585
74	3	1.213773	0.166334	0.4212966
74	4	1.213773	0.166334	0.4212966
75	1	1.213773	0.1663340	0.4212966
75	2	-0.2423802	0.6018653	0.3964585
75	3	1.213773	0.166334	0.4212966
75	4	1.213773	0.166334	0.4212966
76	1	1.213773	0.1663340	0.4212966
76	2	-0.2423802	0.6018653	0.3964585
76	3	1.213773	0.166334	0.4212966
76	4	1.213773	0.166334	0.4212966
77	1	1.213773	0.1663340	0.4212966
77	2	-0.2423802	0.6018653	0.3964585
77	3	1.213773	0.166334	0.4212966
77	4	1.213773	0.166334	0.4212966
78	1	1.120904	0.1941041	0.4197782
78	2	1.120904	0.1941041	0.4197782
78	3	1.120904	0.1941041	0.4197782
78	4	1.120904	0.1941041	0.4197782
79	1	1.120904	0.1941041	0.4197782
79	2	1.120904	0.1941041	0.4197782
79	3	1.120904	0.1941041	0.4197782
79	4	1.120904	0.1941041	0.4197782
80	1	1.120904	0.1941041	0.4197782
80	2	1.120904	0.1941041	0.4197782
80	3	1.120904	0.1941041	0.4197782
80	4	1.120904	0.1941041	0.4197782
81	1	1.120904	0.1941041	0.4197782
81	2	1.120904	0.1941041	0.4197782
81	3	1.120904	0.1941041	0.4197782
81	4	1.120904	0.1941041	0.4197782
82	1	1.120904	0.1941041	0.4197782
82	2	1.120904	0.1941041	0.4197782
82	3	1.120904	0.1941041	0.4197782
82	4	1.120904	0.1941041	0.4197782
83	1	1.120904	0.1941041	0.4197782
83	2	1.120904	0.1941041	0.4197782
83	3	1.120904	0.1941041	0.4197782
83	4	1.120904	0.1941041	0.4197782
84	1	1.120904	0.1941041	0.4197782
84	2	1.120904	0.1941041	0.4197782
84	3	1.120904	0.1941041	0.4197782
84	4	1.120904	0.1941041	0.4197782
85	1	1.120904	0.1941041	0.4197782
85	2	1.120904	0.1941041	0.4197782
85	3	1.120904	0.1941041	0.4197782
85	4	1.120904	0.1941041	0.4197782
86	1	1.120904	0.1941041	0.4197782
86	2	1.120904	0.1941041	0.4197782
86	3	1.120904	0.1941041	0.4197782
86	4	1.120904	0.1941041	0.4197782
87	1	1.120904	0.1941041	0.4197782
87	2	1.120904	0.1941041	0.4197782
87	3	1.120904	0.1941041	0.4197782
87	4	1.120904	0.1941041	0.4197782
88	1	1.120904	0.1941041	0.4197782
88	2	1.120904	0.1941041	0.4197782
88	3	1.120904	0.1941041	0.4197782
88	4	1.120904	0.1941041	0.4197782
89	1	1.120904	0.1941041	0.4197782
89	2	1.120904	0.1941041	0.4197782
89	3	1.120904	0.1941041	0.4197782
89	4	1.120904	0.1941041	0.4197782
90	1	1.120904	0.1941041	0.4197782
90	2	1.120904	0.1941041	0.4197782
90	3	1.120904	0.1941041	0.4197782
90	4	1.120904	0.1941041	0.4197782
91	1	1.120904	0.1941041	0.4197782
91	2	1.120904	0.1941041	0.4197782
91	3	1.120904	0.1941041	0.4197782
91	4	1.120904	0.1941041	0.4197782
92	1	1.120904	0.1941041	0.4197782
92	2	1.120904	0.1941041	0.4197782
92	3	1.120904	0.1941041	0.4197782
92	4	1.120904	0.1941041	0.4197782
93	1	1.120904	0.1941041	0.4197782
93	2	1.120904	0.1941041	0.4197782
93	3	1.120904	0.1941041	0.4197782
93	4	1.120904	0.1941041	0.4197782
94	1	1.120904	0.1941041	0.4197782
94	2	1.120904	0.1941041	0.4197782
94	3	1.120904	0.1941041	0.4197782
94	4	1.120904	0.1941041	0.4197782
95	1	1.120904	0.1941041	0.4197782
95	2	1.120904	0.1941041	0.4197782
95	3	1.120904	0.1941041	0.4197782
95	4	1.120904	0.1941041	0.4197782
96	1	1.213773	0.1663340	0.4212966
96	2	-0.2423802	0.6018653	0.3964585
96	3	1.213773	0.166334	0.4212966
96	4	1.213773	0.166334	0.4212966
97	1	1.120904	0.1941041	0.4197782
97	3	1.120904	0.1941041	0.4197782
98	1	1.120904	0.1941041	0.4197782
98	2	1.120904	0.1941041	0.4197782
98	3	1.120904	0.1941041	0.4197782
99	1	1.120904	0.1941041	0.4197782
99	2	1.120904	0.1941041	0.4197782
99	3	1.120904	0.1941041	0.4197782
100	1	1.374907	0.1181384	0.4240515
100	2	-0.1702849	0.5803023	0.3976834
100	3	-0.1702849	0.5803023	0.3976834
101	1	1.374907	0.1181384	0.4240515
101	2	-0.1702849	0.5803023	0.3976834
101	3	-0.1702849	0.5803023	0.3976834
102	1	1.374907	0.1181384	0.4240515
102	2	-0.1702849	0.5803023	0.3976834
102	3	-0.1702849	0.5803023	0.3976834
103	1	1.284850	0.1453565	0.4197198
103	2	-0.4215331	0.5730014	1.210424
103	3	0.1289853	0.5279179	0.03488125
103	4	1.284850	0.1453565	0.4197198
104	1	1.284850	0.1453565	0.4197198
104	2	-0.4215331	0.5730014	1.210424
104	3	0.1289853	0.5279179	0.03488125
104	4	1.284850	0.1453565	0.4197198
105	1	1.284850	0.1453565	0.4197198
105	2	-0.4215331	0.5730014	1.210424
105	3	0.1289853	0.5279179	0.03488125
105	4	1.284850	0.1453565	0.4197198
106	1	1.284850	0.1453565	0.4197198
106	2	-0.4215331	0.5730014	1.210424
106	3	0.1289853	0.5279179	0.03488125
106	4	1.284850	0.1453565	0.4197198
107	1	1.284850	0.1453565	0.4197198
107	2	-0.4215331	0.5730014	1.210424
107	3	0.1289853	0.5279179	0.03488125
107	4	1.284850	0.1453565	0.4197198
108	1	1.284850	0.1453565	0.4197198
108	2	-0.4215331	0.5730014	1.210424
108	3	0.1289853	0.5279179	0.03488125
108	4	1.284850	0.1453565	0.4197198
109	1	1.284850	0.1453565	0.4197198
109	2	-0.4215331	0.5730014	1.210424
109	3	0.1289853	0.5279179	0.03488125
109	4	1.284850	0.1453565	0.4197198
110	1	1.284850	0.1453565	0.4197198
110	2	-0.4215331	0.5730014	1.210424
110	3	0.1289853	0.5279179	0.03488125
110	4	1.284850	0.1453565	0.4197198
111	1	1.284850	0.1453565	0.4197198
111	2	-0.4215331	0.5730014	1.210424
111	3	0.1289853	0.5279179	0.03488125
111	4	1.284850	0.1453565	0.4197198
112	1	1.284850	0.1453565	0.4197198
112	2	-0.4215331	0.5730014	1.210424
112	3	0.1289853	0.5279179	0.03488125
112	4	1.284850	0.1453565	0.4197198
113	1	1.284850	0.1453565	0.4197198
113	2	-0.4215331	0.5730014	1.210424
113	3	0.1289853	0.5279179	0.03488125
113	4	1.284850	0.1453565	0.4197198
114	1	1.284850	0.1453565	0.4197198
114	2	-0.4215331	0.5730014	1.210424
114	3	0.1289853	0.5279179	0.03488125
114	4	1.284850	0.1453565	0.4197198
115	1	1.284850	0.1453565	0.4197198
115	2	-0.4215331	0.5730014	1.210424
115	3	0.1289853	0.5279179	0.03488125
115	4	1.284850	0.1453565	0.4197198
117	1	1.24533	0.1568899	0.4218886
117	3	-0.2283643	0.5976793	0.3966372
117	4	1.24533	0.1568899	0.4218886
118	1	1.24533	0.1568899	0.4218886
118	3	-0.2283643	0.5976793	0.3966372
118	4	1.24533	0.1568899	0.4218886
119	1	1.24533	0.1568899	0.4218886
119	3	-0.2283643	0.5976793	0.3966372
119	4	1.24533	0.1568899	0.4218886
120	1	1.24533	0.1568899	0.4218886
120	3	-0.2283643	0.5976793	0.3966372
120	4	1.24533	0.1568899	0.4218886
121	1	1.182487	0.1756866	0.4208111
121	3	-0.1702605	0.5803002	0.3976316
121	4	1.182487	0.1756866	0.4208112
122	1	1.213737	0.166337	0.4213724
122	3	-0.1551758	0.575791	0.3978644
123	1	1.213737	0.166337	0.4213724
123	3	-0.1551758	0.575791	0.3978644
124	1	-0.03721144	0.4444471	1.351797
124	3	-0.08405755	0.5712046	0.2337376
124	4	1.303924	0.1561232	0.2568174
125	1	1.120904	0.1941041	0.4197782
125	3	1.120904	0.1941041	0.4197782
125	4	1.120904	0.1941041	0.4197782
126	1	1.120904	0.1941041	0.4197782
126	3	1.120904	0.1941041	0.4197782
126	4	1.120904	0.1941041	0.4197782
127	1	1.120904	0.1941041	0.4197782
127	2	1.120904	0.1941041	0.4197782
127	3	1.120904	0.1941041	0.4197782
127	4	1.120904	0.1941041	0.4197782
128	1	1.120904	0.1941041	0.4197782
128	2	1.120904	0.1941041	0.4197782
128	3	1.120904	0.1941041	0.4197782
128	4	1.120904	0.1941041	0.4197782
129	1	1.120904	0.1941041	0.4197782
129	2	1.120904	0.1941041	0.4197782
129	3	1.120904	0.1941041	0.4197782
129	4	1.120904	0.1941041	0.4197782
130	1	1.120904	0.1941041	0.4197782
130	2	1.120904	0.1941041	0.4197782
130	3	1.120904	0.1941041	0.4197782
130	4	1.120904	0.1941041	0.4197782
131	1	1.120904	0.1941041	0.4197782
131	2	1.120904	0.1941041	0.4197782
131	3	1.120904	0.1941041	0.4197782
131	4	1.120904	0.1941041	0.4197782
132	1	1.120904	0.1941041	0.4197782
132	2	1.120904	0.1941041	0.4197782
132	3	1.120904	0.1941041	0.4197782
132	4	1.120904	0.1941041	0.4197782
133	1	1.120904	0.1941041	0.4197782
133	2	1.120904	0.1941041	0.4197782
133	3	1.120904	0.1941041	0.4197782
133	4	1.120904	0.1941041	0.4197782
134	1	1.120904	0.1941041	0.4197782
134	2	1.120904	0.1941041	0.4197782
134	3	1.120904	0.1941041	0.4197782
134	4	1.120904	0.1941041	0.4197782
135	1	1.120904	0.1941041	0.4197782
135	2	1.120904	0.1941041	0.4197782
135	3	1.120904	0.1941041	0.4197782
135	4	1.120904	0.1941041	0.4197782
136	1	1.120904	0.1941041	0.4197782
136	2	1.120904	0.1941041	0.4197782
136	3	1.120904	0.1941041	0.4197782
136	4	1.120904	0.1941041	0.4197782
137	1	1.120904	0.1941041	0.4197782
137	2	1.120904	0.1941041	0.4197782
137	3	1.120904	0.1941041	0.4197782
137	4	1.120904	0.1941041	0.4197782
138	1	1.120904	0.1941041	0.4197782
138	2	1.120904	0.1941041	0.4197782
138	3	1.120904	0.1941041	0.4197782
138	4	1.120904	0.1941041	0.4197782
139	1	1.120904	0.1941041	0.4197782
139	2	1.120904	0.1941041	0.4197782
139	3	1.120904	0.1941041	0.4197782
139	4	1.120904	0.1941041	0.4197782
145	1	1.120904	0.1941041	0.4197782
145	2	1.120904	0.1941041	0.4197782
145	4	1.120904	0.1941041	0.4197782
146	1	-0.1551767	0.575791	0.3978662
146	2	-0.1551767	0.575791	0.3978662
146	3	1.408069	0.1082109	0.4247074
146	4	-0.1551767	0.575791	0.3978662
147	1	-0.1551767	0.575791	0.3978662
147	2	-0.1551767	0.575791	0.3978662
147	3	1.408069	0.1082109	0.4247074
147	4	-0.1551767	0.575791	0.3978662
148	1	-0.1551767	0.575791	0.3978662
148	2	-0.1551767	0.575791	0.3978662
148	3	1.408069	0.1082109	0.4247074
148	4	-0.1551767	0.575791	0.3978662
149	1	-0.1551767	0.575791	0.3978662
149	2	-0.1551767	0.575791	0.3978662
149	3	1.408069	0.1082109	0.4247074
149	4	-0.1551767	0.575791	0.3978662
150	1	1.120904	0.1941041	0.4197782
150	2	1.120904	0.1941041	0.4197782
150	3	1.120904	0.1941041	0.4197782
150	4	1.120904	0.1941041	0.4197782
151	1	1.120904	0.1941041	0.4197782
151	2	1.120904	0.1941041	0.4197782
151	3	1.120904	0.1941041	0.4197782
151	4	1.120904	0.1941041	0.4197782
152	1	1.120904	0.1941041	0.4197782
152	2	1.120904	0.1941041	0.4197782
152	3	1.120904	0.1941041	0.4197782
152	4	1.120904	0.1941041	0.4197782
153	1	1.120904	0.1941041	0.4197782
153	2	1.120904	0.1941041	0.4197782
153	3	1.120904	0.1941041	0.4197782
153	4	1.120904	0.1941041	0.4197782
154	1	1.120904	0.1941041	0.4197782
154	2	1.120904	0.1941041	0.4197782
154	3	1.120904	0.1941041	0.4197782
154	4	1.120904	0.1941041	0.4197782
155	1	1.120904	0.1941041	0.4197782
155	2	1.120904	0.1941041	0.4197782
155	3	1.120904	0.1941041	0.4197782
155	4	1.120904	0.1941041	0.4197782
156	1	1.120904	0.1941041	0.4197782
156	2	1.120904	0.1941041	0.4197782
156	3	1.120904	0.1941041	0.4197782
156	4	1.120904	0.1941041	0.4197782
157	1	1.120904	0.1941041	0.4197782
157	2	1.120904	0.1941041	0.4197782
157	3	1.120904	0.1941041	0.4197782
157	4	1.120904	0.1941041	0.4197782
158	2	1.120904	0.1941041	0.4197782
158	3	1.120904	0.1941041	0.4197782
158	4	1.120904	0.1941041	0.4197782
159	2	1.120904	0.1941041	0.4197782
159	3	1.120904	0.1941041	0.4197782
159	4	1.120904	0.1941041	0.4197782
160	2	1.120904	0.1941041	0.4197782
160	3	1.120904	0.1941041	0.4197782
160	4	1.120904	0.1941041	0.4197782
161	1	1.261267	0.1521287	0.4221066
161	2	-0.1321853	0.5689068	0.3983334
161	3	-0.1321853	0.5689068	0.3983334
161	4	-0.1321853	0.5689068	0.3983334
162	1	1.120904	0.1941041	0.4197782
162	2	1.120904	0.1941041	0.4197782
162	3	1.120904	0.1941041	0.4197782
162	4	1.120904	0.1941041	0.4197782
163	1	1.120904	0.1941041	0.4197782
163	2	1.120904	0.1941041	0.4197782
163	3	1.120904	0.1941041	0.4197782
163	4	1.120904	0.1941041	0.4197782
164	1	1.120904	0.1941041	0.4197782
164	2	1.120904	0.1941041	0.4197782
164	3	1.120904	0.1941041	0.4197782
164	4	1.120904	0.1941041	0.4197782
165	1	1.120904	0.1941041	0.4197782
165	2	1.120904	0.1941041	0.4197782
165	3	1.120904	0.1941041	0.4197782
165	4	1.120904	0.1941041	0.4197782
166	1	1.120904	0.1941041	0.4197782
166	2	1.120904	0.1941041	0.4197782
166	3	1.120904	0.1941041	0.4197782
166	4	1.120904	0.1941041	0.4197782
167	1	1.120904	0.1941041	0.4197782
167	2	1.120904	0.1941041	0.4197782
167	3	1.120904	0.1941041	0.4197782
167	4	1.120904	0.1941041	0.4197782
168	1	1.120904	0.1941041	0.4197782
168	2	1.120904	0.1941041	0.4197782
168	3	1.120904	0.1941041	0.4197782
168	4	1.120904	0.1941041	0.4197782
169	1	1.120904	0.1941041	0.4197782
169	2	1.120904	0.1941041	0.4197782
169	3	1.120904	0.1941041	0.4197782
169	4	1.120904	0.1941041	0.4197782
170	1	1.120904	0.1941041	0.4197782
170	2	1.120904	0.1941041	0.4197782
170	3	1.120904	0.1941041	0.4197782
170	4	1.120904	0.1941041	0.4197782
171	1	1.120904	0.1941041	0.4197782
171	2	1.120904	0.1941041	0.4197782
171	3	1.120904	0.1941041	0.4197782
171	4	1.120904	0.1941041	0.4197782
172	1	1.120904	0.1941041	0.4197782
172	2	1.120904	0.1941041	0.4197782
172	3	1.120904	0.1941041	0.4197782
172	4	1.120904	0.1941041	0.4197782
173	1	1.120904	0.1941041	0.4197782
173	2	1.120904	0.1941041	0.4197782
173	3	1.120904	0.1941041	0.4197782
173	4	1.120904	0.1941041	0.4197782
176	1	1.24533	0.1568899	0.4218886
176	3	-0.2283643	0.5976793	0.3966372
176	4	1.24533	0.1568899	0.4218886
177	1	1.284850	0.1453565	0.4197198
177	2	-0.4215331	0.5730014	1.210424
177	3	0.1289853	0.5279179	0.03488125
177	4	1.284850	0.1453565	0.4197198
178	1	0.5968001	0.3929245	-0.005980026
178	2	-0.3624592	0.5906225	0.8617255
178	3	0.9864147	0.1886216	0.870429
179	1	0.5968001	0.3929245	-0.005980026
179	2	-0.3624592	0.5906225	0.8617255
179	3	0.9864147	0.1886216	0.870429
180	1	0.5968001	0.3929245	-0.005980026
180	2	-0.3624592	0.5906225	0.8617255
180	3	0.9864147	0.1886216	0.870429
181	1	1.245450	0.1568799	0.4216345
181	2	-0.2284997	0.5976905	0.3969243
181	3	1.245450	0.1568799	0.4216345
182	1	1.120904	0.1941041	0.4197782
182	2	1.120904	0.1941041	0.4197782
182	3	1.120904	0.1941041	0.4197782
183	1	1.120904	0.1941041	0.4197782
183	2	1.120904	0.1941041	0.4197782
183	3	1.120904	0.1941041	0.4197782
183	4	1.120904	0.1941041	0.4197782
184	1	1.120904	0.1941041	0.4197782
184	2	1.120904	0.1941041	0.4197782
184	3	1.120904	0.1941041	0.4197782
184	4	1.120904	0.1941041	0.4197782
185	1	1.120904	0.1941041	0.4197782
185	2	1.120904	0.1941041	0.4197782
185	3	1.120904	0.1941041	0.4197782
185	4	1.120904	0.1941041	0.4197782
186	1	1.120904	0.1941041	0.4197782
186	2	1.120904	0.1941041	0.4197782
186	3	1.120904	0.1941041	0.4197782
186	4	1.120904	0.1941041	0.4197782
187	1	1.120904	0.1941041	0.4197782
187	2	1.120904	0.1941041	0.4197782
187	3	1.120904	0.1941041	0.4197782
187	4	1.120904	0.1941041	0.4197782
188	1	1.120904	0.1941041	0.4197782
188	2	1.120904	0.1941041	0.4197782
188	3	1.120904	0.1941041	0.4197782
188	4	1.120904	0.1941041	0.4197782
189	1	1.120904	0.1941041	0.4197782
189	2	1.120904	0.1941041	0.4197782
189	3	1.120904	0.1941041	0.4197782
189	4	1.120904	0.1941041	0.4197782
190	1	1.120904	0.1941041	0.4197782
190	2	1.120904	0.1941041	0.4197782
190	3	1.120904	0.1941041	0.4197782
190	4	1.120904	0.1941041	0.4197782
191	1	1.120904	0.1941041	0.4197782
191	2	1.120904	0.1941041	0.4197782
191	3	1.120904	0.1941041	0.4197782
191	4	1.120904	0.1941041	0.4197782
192	1	1.120904	0.1941041	0.4197782
192	2	1.120904	0.1941041	0.4197782
192	3	1.120904	0.1941041	0.4197782
192	4	1.120904	0.1941041	0.4197782
193	1	1.120904	0.1941041	0.4197782
193	2	1.120904	0.1941041	0.4197782
193	3	1.120904	0.1941041	0.4197782
193	4	1.120904	0.1941041	0.4197782
194	1	1.120904	0.1941041	0.4197782
194	2	1.120904	0.1941041	0.4197782
194	3	1.120904	0.1941041	0.4197782
194	4	1.120904	0.1941041	0.4197782
195	1	1.120904	0.1941041	0.4197782
195	2	1.120904	0.1941041	0.4197782
195	3	1.120904	0.1941041	0.4197782
195	4	1.120904	0.1941041	0.4197782
196	1	1.120904	0.1941041	0.4197782
196	2	1.120904	0.1941041	0.4197782
196	3	1.120904	0.1941041	0.4197782
196	4	1.120904	0.1941041	0.4197782
197	1	1.120904	0.1941041	0.4197782
197	2	1.120904	0.1941041	0.4197782
197	3	1.120904	0.1941041	0.4197782
197	4	1.120904	0.1941041	0.4197782
198	1	1.120904	0.1941041	0.4197782
198	2	1.120904	0.1941041	0.4197782
198	3	1.120904	0.1941041	0.4197782
198	4	1.120904	0.1941041	0.4197782
199	1	1.120904	0.1941041	0.4197782
199	2	1.120904	0.1941041	0.4197782
199	3	1.120904	0.1941041	0.4197782
199	4	1.120904	0.1941041	0.4197782
200	1	1.120904	0.1941041	0.4197782
200	2	1.120904	0.1941041	0.4197782
200	3	1.120904	0.1941041	0.4197782
200	4	1.120904	0.1941041	0.4197782
201	1	1.120904	0.1941041	0.4197782
201	2	1.120904	0.1941041	0.4197782
201	3	1.120904	0.1941041	0.4197782
201	4	1.120904	0.1941041	0.4197782
202	1	1.120904	0.1941041	0.4197782
202	2	1.120904	0.1941041	0.4197782
202	3	1.120904	0.1941041	0.4197782
202	4	1.120904	0.1941041	0.4197782
203	1	1.120904	0.1941041	0.4197782
203	2	1.120904	0.1941041	0.4197782
203	3	1.120904	0.1941041	0.4197782
203	4	1.120904	0.1941041	0.4197782
204	1	1.120904	0.1941041	0.4197782
204	2	1.120904	0.1941041	0.4197782
204	3	1.120904	0.1941041	0.4197782
204	4	1.120904	0.1941041	0.4197782
205	1	1.120904	0.1941041	0.4197782
205	2	1.120904	0.1941041	0.4197782
205	3	1.120904	0.1941041	0.4197782
205	4	1.120904	0.1941041	0.4197782
206	1	1.120904	0.1941041	0.4197782
206	2	1.120904	0.1941041	0.4197782
206	3	1.120904	0.1941041	0.4197782
206	4	1.120904	0.1941041	0.4197782
207	1	1.120904	0.1941041	0.4197782
207	2	1.120904	0.1941041	0.4197782
207	3	1.120904	0.1941041	0.4197782
207	4	1.120904	0.1941041	0.4197782
208	1	1.120904	0.1941041	0.4197782
208	2	1.120904	0.1941041	0.4197782
208	3	1.120904	0.1941041	0.4197782
208	4	1.120904	0.1941041	0.4197782
209	1	1.120904	0.1941041	0.4197782
209	2	1.120904	0.1941041	0.4197782
209	3	1.120904	0.1941041	0.4197782
209	4	1.120904	0.1941041	0.4197782
210	1	1.120904	0.1941041	0.4197782
210	2	1.120904	0.1941041	0.4197782
210	3	1.120904	0.1941041	0.4197782
210	4	1.120904	0.1941041	0.4197782
211	1	1.120904	0.1941041	0.4197782
211	2	1.120904	0.1941041	0.4197782
211	3	1.120904	0.1941041	0.4197782
211	4	1.120904	0.1941041	0.4197782
212	1	1.120904	0.1941041	0.4197782
212	2	1.120904	0.1941041	0.4197782
212	3	1.120904	0.1941041	0.4197782
212	4	1.120904	0.1941041	0.4197782
215	1	1.182487	0.1756866	0.4208111
215	3	-0.1702605	0.5803002	0.3976316
215	4	1.182487	0.1756866	0.4208112
216	1	1.202362	0.1700061	0.4185347
216	2	-0.3206358	0.5550321	1.091162
216	3	0.1618639	0.5155529	0.06052471
216	4	1.202362	0.1700061	0.4185347
217	1	1.120904	0.1941041	0.4197782
217	2	1.120904	0.1941041	0.4197782
217	3	1.120904	0.1941041	0.4197782
217	4	1.120904	0.1941041	0.4197782
218	1	1.120904	0.1941041	0.4197782
218	2	1.120904	0.1941041	0.4197782
218	3	1.120904	0.1941041	0.4197782
218	4	1.120904	0.1941041	0.4197782
219	1	1.120904	0.1941041	0.4197782
219	2	1.120904	0.1941041	0.4197782
219	3	1.120904	0.1941041	0.4197782
219	4	1.120904	0.1941041	0.4197782
220	1	1.120904	0.1941041	0.4197782
220	2	1.120904	0.1941041	0.4197782
220	3	1.120904	0.1941041	0.4197782
220	4	1.120904	0.1941041	0.4197782
221	1	1.120904	0.1941041	0.4197782
221	2	1.120904	0.1941041	0.4197782
221	3	1.120904	0.1941041	0.4197782
221	4	1.120904	0.1941041	0.4197782
222	1	1.120904	0.1941041	0.4197782
222	2	1.120904	0.1941041	0.4197782
222	3	1.120904	0.1941041	0.4197782
222	4	1.120904	0.1941041	0.4197782
223	1	1.120904	0.1941041	0.4197782
223	2	1.120904	0.1941041	0.4197782
223	3	1.120904	0.1941041	0.4197782
223	4	1.120904	0.1941041	0.4197782
224	1	1.120904	0.1941041	0.4197782
224	2	1.120904	0.1941041	0.4197782
224	3	1.120904	0.1941041	0.4197782
224	4	1.120904	0.1941041	0.4197782
225	1	1.120904	0.1941041	0.4197782
225	2	1.120904	0.1941041	0.4197782
225	3	1.120904	0.1941041	0.4197782
225	4	1.120904	0.1941041	0.4197782
226	1	1.120904	0.1941041	0.4197782
226	2	1.120904	0.1941041	0.4197782
226	3	1.120904	0.1941041	0.4197782
226	4	1.120904	0.1941041	0.4197782
227	1	1.120904	0.1941041	0.4197782
227	2	1.120904	0.1941041	0.4197782
227	3	1.120904	0.1941041	0.4197782
227	4	1.120904	0.1941041	0.4197782
228	1	1.120904	0.1941041	0.4197782
228	2	1.120904	0.1941041	0.4197782
228	3	1.120904	0.1941041	0.4197782
228	4	1.120904	0.1941041	0.4197782
229	1	1.120904	0.1941041	0.4197782
229	2	1.120904	0.1941041	0.4197782
229	3	1.120904	0.1941041	0.4197782
229	4	1.120904	0.1941041	0.4197782
230	1	1.120904	0.1941041	0.4197782
230	2	1.120904	0.1941041	0.4197782
230	3	1.120904	0.1941041	0.4197782
230	4	1.120904	0.1941041	0.4197782
231	1	1.120904	0.1941041	0.4197782
231	2	1.120904	0.1941041	0.4197782
231	3	1.120904	0.1941041	0.4197782
231	4	1.120904	0.1941041	0.4197782
232	1	1.120904	0.1941041	0.4197782
232	2	1.120904	0.1941041	0.4197782
232	3	1.120904	0.1941041	0.4197782
232	4	1.120904	0.1941041	0.4197782
233	1	1.120904	0.1941041	0.4197782
233	2	1.120904	0.1941041	0.4197782
233	3	1.120904	0.1941041	0.4197782
233	4	1.120904	0.1941041	0.4197782
234	1	1.120904	0.1941041	0.4197782
234	2	1.120904	0.1941041	0.4197782
234	3	1.120904	0.1941041	0.4197782
234	4	1.120904	0.1941041	0.4197782
235	1	1.120904	0.1941041	0.4197782
235	2	1.120904	0.1941041	0.4197782
235	3	1.120904	0.1941041	0.4197782
235	4	1.120904	0.1941041	0.4197782
236	1	1.120904	0.1941041	0.4197782
236	2	1.120904	0.1941041	0.4197782
236	3	1.120904	0.1941041	0.4197782
236	4	1.120904	0.1941041	0.4197782
237	1	1.120904	0.1941041	0.4197782
237	2	1.120904	0.1941041	0.4197782
237	3	1.120904	0.1941041	0.4197782
237	4	1.120904	0.1941041	0.4197782
246	2	1.120904	0.1941041	0.4197782
246	3	1.120904	0.1941041	0.4197782
247	2	1.120904	0.1941041	0.4197782
247	3	1.120904	0.1941041	0.4197782
247	4	1.120904	0.1941041	0.4197782
248	1	1.261267	0.1521287	0.4221066
248	2	-0.1321853	0.5689068	0.3983334
248	3	-0.1321853	0.5689068	0.3983334
248	4	-0.1321853	0.5689068	0.3983334
249	1	1.120904	0.1941041	0.4197782
249	2	1.120904	0.1941041	0.4197782
249	3	1.120904	0.1941041	0.4197782
249	4	1.120904	0.1941041	0.4197782
250	1	1.120904	0.1941041	0.4197782
250	2	1.120904	0.1941041	0.4197782
250	3	1.120904	0.1941041	0.4197782
250	4	1.120904	0.1941041	0.4197782
251	1	1.120904	0.1941041	0.4197782
251	2	1.120904	0.1941041	0.4197782
251	3	1.120904	0.1941041	0.4197782
251	4	1.120904	0.1941041	0.4197782
252	1	1.120904	0.1941041	0.4197782
252	2	1.120904	0.1941041	0.4197782
252	3	1.120904	0.1941041	0.4197782
252	4	1.120904	0.1941041	0.4197782
253	1	1.120904	0.1941041	0.4197782
253	2	1.120904	0.1941041	0.4197782
253	3	1.120904	0.1941041	0.4197782
253	4	1.120904	0.1941041	0.4197782
254	1	1.120904	0.1941041	0.4197782
254	2	1.120904	0.1941041	0.4197782
254	3	1.120904	0.1941041	0.4197782
254	4	1.120904	0.1941041	0.4197782
255	1	1.120904	0.1941041	0.4197782
255	2	1.120904	0.1941041	0.4197782
255	3	1.120904	0.1941041	0.4197782
255	4	1.120904	0.1941041	0.4197782
256	1	1.120904	0.1941041	0.4197782
256	2	1.120904	0.1941041	0.4197782
256	3	1.120904	0.1941041	0.4197782
256	4	1.120904	0.1941041	0.4197782
257	1	1.120904	0.1941041	0.4197782
257	2	1.120904	0.1941041	0.4197782
257	3	1.120904	0.1941041	0.4197782
257	4	1.120904	0.1941041	0.4197782
258	1	-0.1321515	0.568904	0.3982615
258	2	-0.1321515	0.568904	0.3982615
258	3	1.261229	0.1521318	0.4221861
258	4	-0.1321515	0.568904	0.3982615
259	3	1.309443	0.1377103	0.4230159
259	4	-0.1997335	0.5891185	0.3970992
260	3	1.309443	0.1377103	0.4230159
260	4	-0.1997335	0.5891185	0.3970992
261	3	1.309443	0.1377103	0.4230159
261	4	-0.1997335	0.5891185	0.3970992
262	3	1.309443	0.1377103	0.4230159
262	4	-0.1997335	0.5891185	0.3970992
263	3	1.309443	0.1377103	0.4230159
263	4	-0.1997335	0.5891185	0.3970992
264	3	1.309443	0.1377103	0.4230159
264	4	-0.1997335	0.5891185	0.3970992
265	3	1.309443	0.1377103	0.4230159
265	4	-0.1997335	0.5891185	0.3970992
266	3	1.309443	0.1377103	0.4230159
266	4	-0.1997335	0.5891185	0.3970992
267	3	1.309443	0.1377103	0.4230159
267	4	-0.1997335	0.5891185	0.3970992
268	3	1.309443	0.1377103	0.4230159
268	4	-0.1997335	0.5891185	0.3970992
269	3	1.309443	0.1377103	0.4230159
269	4	-0.1997335	0.5891185	0.3970992
270	3	1.309443	0.1377103	0.4230159
270	4	-0.1997335	0.5891185	0.3970992
271	3	1.309443	0.1377103	0.4230159
271	4	-0.1997335	0.5891185	0.3970992
272	3	1.309443	0.1377103	0.4230159
272	4	-0.1997335	0.5891185	0.3970992
273	3	1.309443	0.1377103	0.4230159
273	4	-0.1997335	0.5891185	0.3970992
274	1	1.120904	0.1941041	0.4197782
274	4	1.120904	0.1941041	0.4197782
275	1	1.120904	0.1941041	0.4197782
275	4	1.120904	0.1941041	0.4197782
276	1	1.120904	0.1941041	0.4197782
276	4	1.120904	0.1941041	0.4197782
277	1	1.120904	0.1941041	0.4197782
277	4	1.120904	0.1941041	0.4197782
278	1	1.120904	0.1941041	0.4197782
278	4	1.120904	0.1941041	0.4197782
285	1	1.120904	0.1941041	0.4197782
285	4	1.120904	0.1941041	0.4197782
286	1	1.245454	0.1568796	0.4216264
286	2	-0.228504	0.5976909	0.3969335
286	4	1.245454	0.1568796	0.4216264
287	1	1.245454	0.1568796	0.4216264
287	2	-0.228504	0.5976909	0.3969335
287	4	1.245454	0.1568796	0.4216264
288	1	1.245454	0.1568796	0.4216264
288	2	-0.228504	0.5976909	0.3969335
288	4	1.245454	0.1568796	0.4216264
289	1	1.245454	0.1568796	0.4216264
289	2	-0.228504	0.5976909	0.3969335
289	4	1.245454	0.1568796	0.4216264
290	1	1.245454	0.1568796	0.4216264
290	2	-0.228504	0.5976909	0.3969335
290	4	1.245454	0.1568796	0.4216264
291	1	1.245454	0.1568796	0.4216264
291	2	-0.228504	0.5976909	0.3969335
291	4	1.245454	0.1568796	0.4216264
292	1	1.245454	0.1568796	0.4216264
292	2	-0.228504	0.5976909	0.3969335
292	4	1.245454	0.1568796	0.4216264
293	1	1.245454	0.1568796	0.4216264
293	2	-0.228504	0.5976909	0.3969335
293	4	1.245454	0.1568796	0.4216264
294	1	1.245454	0.1568796	0.4216264
294	2	-0.228504	0.5976909	0.3969335
294	4	1.245454	0.1568796	0.4216264
311	1	1.284850	0.1453565	0.4197198
311	2	-0.4215331	0.5730014	1.210424
311	3	0.1289853	0.5279179	0.03488125
311	4	1.284850	0.1453565	0.4197198
312	1	1.284850	0.1453565	0.4197198
312	2	-0.4215331	0.5730014	1.210424
312	3	0.1289853	0.5279179	0.03488125
312	4	1.284850	0.1453565	0.4197198
313	1	1.284850	0.1453565	0.4197198
313	2	-0.4215331	0.5730014	1.210424
313	3	0.1289853	0.5279179	0.03488125
313	4	1.284850	0.1453565	0.4197198
314	1	1.284850	0.1453565	0.4197198
314	2	-0.4215331	0.5730014	1.210424
314	3	0.1289853	0.5279179	0.03488125
314	4	1.284850	0.1453565	0.4197198
326	1	1.120904	0.1941041	0.4197782
326	2	1.120904	0.1941041	0.4197782
326	3	1.120904	0.1941041	0.4197782
326	4	1.120904	0.1941041	0.4197782
327	1	1.120904	0.1941041	0.4197782
327	2	1.120904	0.1941041	0.4197782
327	3	1.120904	0.1941041	0.4197782
327	4	1.120904	0.1941041	0.4197782
