1	1	1.120904	0.1941041	0.4197782
1	2	1.120904	0.1941041	0.4197782
1	3	1.120904	0.1941041	0.4197782
1	4	1.120904	0.1941041	0.4197782
1	5	1.120904	0.1941041	0.4197782
1	6	1.120904	0.1941041	0.4197782
1	7	1.120904	0.1941041	0.4197782
1	8	1.120904	0.1941041	0.4197782
1	9	1.120904	0.1941041	0.4197782
1	10	1.120904	0.1941041	0.4197782
1	11	1.120904	0.1941041	0.4197782
1	12	1.120904	0.1941041	0.4197782
1	13	1.120904	0.1941041	0.4197782
1	14	1.120904	0.1941041	0.4197782
1	15	1.120904	0.1941041	0.4197782
1	16	1.120904	0.1941041	0.4197782
1	17	1.120904	0.1941041	0.4197782
1	18	1.120904	0.1941041	0.4197782
10	1	1.216610	0.1654776	0.4214217
10	7	-0.1565627	0.5762058	0.3978406
11	1	1.196264	0.2023547	0.1159435
11	4	-0.1162876	0.5691235	0.3493372
11	7	0.548903	0.2906754	1.148408
11	10	-0.1663656	0.5725315	0.4631387
11	16	-0.06793654	0.5632992	0.2645703
12	1	0.8908054	0.2162365	0.8785247
12	4	-0.1102476	0.5676539	0.3461019
12	7	-0.2143964	0.5741848	0.5882953
12	10	-0.2143964	0.5741848	0.5882953
12	16	0.977635	0.2743174	0.04709529
13	1	0.8908054	0.2162365	0.8785247
13	4	-0.1102476	0.5676539	0.3461019
13	7	-0.2143964	0.5741848	0.5882953
13	10	-0.2143964	0.5741848	0.5882953
13	16	0.977635	0.2743174	0.04709529
14	1	1.265605	0.1508228	0.4222629
14	4	-0.1328597	0.569116	0.3982478
14	7	-0.1328597	0.569116	0.3982478
14	10	-0.1328597	0.569116	0.3982478
15	1	-0.2054110	0.4875848	1.419982
15	4	-0.01651036	0.5557197	0.1881333
15	7	-0.01651036	0.5557197	0.1881333
15	10	-0.01651036	0.5557197	0.1881333
15	13	1.293255	0.1507504	0.3414993
15	14	1.293255	0.1507504	0.3414993
16	1	0.9711265	0.2017153	0.7857278
16	2	-0.1179379	0.5661819	0.3833502
16	3	-0.1250704	0.5714798	0.3518696
16	5	-0.1179379	0.5661819	0.3833502
16	6	-0.1250704	0.5714798	0.3518696
16	8	-0.1179379	0.5661819	0.3833502
16	9	-0.1250704	0.5714798	0.3518696
16	11	-0.1179379	0.5661819	0.3833502
16	12	-0.1250704	0.5714798	0.3518696
16	13	1.376068	0.1283069	0.3198675
16	14	1.376068	0.1283069	0.3198675
16	15	-0.1250704	0.5714798	0.3518696
16	16	0.938769	0.2106292	0.7927483
16	17	-0.1179379	0.5661819	0.3833502
16	18	-0.1250704	0.5714798	0.3518696
17	1	-0.1236152	0.5661372	0.4005234
17	2	-0.1093669	0.5624783	0.3947936
17	3	1.205795	0.1687058	0.4213029
17	4	-0.1340103	0.5694484	0.3983448
17	5	-0.1093669	0.5624783	0.3947936
17	6	1.205795	0.1687058	0.4213029
17	7	-0.1340103	0.5694484	0.3983448
17	8	-0.1093669	0.5624783	0.3947936
17	9	1.205795	0.1687058	0.4213029
17	10	-0.1340103	0.5694484	0.3983448
17	11	-0.1093669	0.5624783	0.3947936
17	12	1.205795	0.1687058	0.4213029
17	13	-0.1834934	0.5842564	0.3974232
17	14	-0.1834934	0.5842564	0.3974232
17	15	1.205795	0.1687058	0.4213029
17	16	-0.1093669	0.5624783	0.3947936
17	17	-0.1093669	0.5624783	0.3947936
17	18	1.205795	0.1687058	0.4213029
18	1	-0.1236152	0.5661372	0.4005234
18	2	-0.1093669	0.5624783	0.3947936
18	3	1.205795	0.1687058	0.4213029
18	4	-0.1340103	0.5694484	0.3983448
18	5	-0.1093669	0.5624783	0.3947936
18	6	1.205795	0.1687058	0.4213029
18	7	-0.1340103	0.5694484	0.3983448
18	8	-0.1093669	0.5624783	0.3947936
18	9	1.205795	0.1687058	0.4213029
18	10	-0.1340103	0.5694484	0.3983448
18	11	-0.1093669	0.5624783	0.3947936
18	12	1.205795	0.1687058	0.4213029
18	13	-0.1834934	0.5842564	0.3974232
18	14	-0.1834934	0.5842564	0.3974232
18	15	1.205795	0.1687058	0.4213029
18	16	-0.1093669	0.5624783	0.3947936
18	17	-0.1093669	0.5624783	0.3947936
18	18	1.205795	0.1687058	0.4213029
19	1	-0.1236152	0.5661372	0.4005234
19	2	-0.1093669	0.5624783	0.3947936
19	3	1.205795	0.1687058	0.4213029
19	4	-0.1340103	0.5694484	0.3983448
19	5	-0.1093669	0.5624783	0.3947936
19	6	1.205795	0.1687058	0.4213029
19	7	-0.1340103	0.5694484	0.3983448
19	8	-0.1093669	0.5624783	0.3947936
19	9	1.205795	0.1687058	0.4213029
19	10	-0.1340103	0.5694484	0.3983448
19	11	-0.1093669	0.5624783	0.3947936
19	12	1.205795	0.1687058	0.4213029
19	13	-0.1834934	0.5842564	0.3974232
19	14	-0.1834934	0.5842564	0.3974232
19	15	1.205795	0.1687058	0.4213029
19	16	-0.1093669	0.5624783	0.3947936
19	17	-0.1093669	0.5624783	0.3947936
19	18	1.205795	0.1687058	0.4213029
20	1	-0.12792	0.5674658	0.4000439
20	2	-0.1151145	0.563939	0.3972570
20	3	1.196835	0.1713947	0.4210617
20	4	-0.1384992	0.5707819	0.3983582
20	5	-0.1151145	0.563939	0.3972570
20	6	1.196835	0.1713947	0.4210617
20	7	-0.1384992	0.5707819	0.3983582
20	8	-0.1151145	0.563939	0.3972570
20	9	1.196835	0.1713947	0.4210617
20	10	-0.1384992	0.5707819	0.3983582
20	11	-0.1151145	0.563939	0.3972570
20	12	1.196835	0.1713947	0.4210617
20	13	-0.1877836	0.5855284	0.3974610
20	15	1.196835	0.1713947	0.4210617
20	16	-0.1151145	0.563939	0.3972570
20	17	-0.1151145	0.563939	0.3972570
20	18	1.196835	0.1713947	0.4210617
21	1	1.120904	0.1941041	0.4197782
21	2	1.120904	0.1941041	0.4197782
21	3	1.120904	0.1941041	0.4197782
21	4	1.120904	0.1941041	0.4197782
21	5	1.120904	0.1941041	0.4197782
21	6	1.120904	0.1941041	0.4197782
21	7	1.120904	0.1941041	0.4197782
21	8	1.120904	0.1941041	0.4197782
21	9	1.120904	0.1941041	0.4197782
21	10	1.120904	0.1941041	0.4197782
21	11	1.120904	0.1941041	0.4197782
21	12	1.120904	0.1941041	0.4197782
21	13	1.120904	0.1941041	0.4197782
21	14	1.120904	0.1941041	0.4197782
21	15	1.120904	0.1941041	0.4197782
21	16	1.120904	0.1941041	0.4197782
21	17	1.120904	0.1941041	0.4197782
21	18	1.120904	0.1941041	0.4197782
22	1	1.120904	0.1941041	0.4197782
22	2	1.120904	0.1941041	0.4197782
22	3	1.120904	0.1941041	0.4197782
22	4	1.120904	0.1941041	0.4197782
22	5	1.120904	0.1941041	0.4197782
22	6	1.120904	0.1941041	0.4197782
22	7	1.120904	0.1941041	0.4197782
22	8	1.120904	0.1941041	0.4197782
22	9	1.120904	0.1941041	0.4197782
22	10	1.120904	0.1941041	0.4197782
22	11	1.120904	0.1941041	0.4197782
22	12	1.120904	0.1941041	0.4197782
22	13	1.120904	0.1941041	0.4197782
22	14	1.120904	0.1941041	0.4197782
22	15	1.120904	0.1941041	0.4197782
22	16	1.120904	0.1941041	0.4197782
22	17	1.120904	0.1941041	0.4197782
22	18	1.120904	0.1941041	0.4197782
23	1	1.120904	0.1941041	0.4197782
23	2	1.120904	0.1941041	0.4197782
23	3	1.120904	0.1941041	0.4197782
23	4	1.120904	0.1941041	0.4197782
23	5	1.120904	0.1941041	0.4197782
23	6	1.120904	0.1941041	0.4197782
23	7	1.120904	0.1941041	0.4197782
23	8	1.120904	0.1941041	0.4197782
23	9	1.120904	0.1941041	0.4197782
23	10	1.120904	0.1941041	0.4197782
23	11	1.120904	0.1941041	0.4197782
23	12	1.120904	0.1941041	0.4197782
23	13	1.120904	0.1941041	0.4197782
23	14	1.120904	0.1941041	0.4197782
23	15	1.120904	0.1941041	0.4197782
23	16	1.120904	0.1941041	0.4197782
23	17	1.120904	0.1941041	0.4197782
23	18	1.120904	0.1941041	0.4197782
24	1	1.120904	0.1941041	0.4197782
24	2	1.120904	0.1941041	0.4197782
24	3	1.120904	0.1941041	0.4197782
24	4	1.120904	0.1941041	0.4197782
24	5	1.120904	0.1941041	0.4197782
24	6	1.120904	0.1941041	0.4197782
24	7	1.120904	0.1941041	0.4197782
24	8	1.120904	0.1941041	0.4197782
24	9	1.120904	0.1941041	0.4197782
24	10	1.120904	0.1941041	0.4197782
24	11	1.120904	0.1941041	0.4197782
24	12	1.120904	0.1941041	0.4197782
24	13	1.120904	0.1941041	0.4197782
24	14	1.120904	0.1941041	0.4197782
24	15	1.120904	0.1941041	0.4197782
24	16	1.120904	0.1941041	0.4197782
24	17	1.120904	0.1941041	0.4197782
24	18	1.120904	0.1941041	0.4197782
25	1	1.120904	0.1941041	0.4197782
25	2	1.120904	0.1941041	0.4197782
25	3	1.120904	0.1941041	0.4197782
25	4	1.120904	0.1941041	0.4197782
25	5	1.120904	0.1941041	0.4197782
25	6	1.120904	0.1941041	0.4197782
25	7	1.120904	0.1941041	0.4197782
25	8	1.120904	0.1941041	0.4197782
25	9	1.120904	0.1941041	0.4197782
25	10	1.120904	0.1941041	0.4197782
25	11	1.120904	0.1941041	0.4197782
25	12	1.120904	0.1941041	0.4197782
25	13	1.120904	0.1941041	0.4197782
25	14	1.120904	0.1941041	0.4197782
25	15	1.120904	0.1941041	0.4197782
25	16	1.120904	0.1941041	0.4197782
25	17	1.120904	0.1941041	0.4197782
25	18	1.120904	0.1941041	0.4197782
26	1	1.120904	0.1941041	0.4197782
26	2	1.120904	0.1941041	0.4197782
26	3	1.120904	0.1941041	0.4197782
26	4	1.120904	0.1941041	0.4197782
26	5	1.120904	0.1941041	0.4197782
26	6	1.120904	0.1941041	0.4197782
26	7	1.120904	0.1941041	0.4197782
26	8	1.120904	0.1941041	0.4197782
26	9	1.120904	0.1941041	0.4197782
26	10	1.120904	0.1941041	0.4197782
26	11	1.120904	0.1941041	0.4197782
26	12	1.120904	0.1941041	0.4197782
26	13	1.120904	0.1941041	0.4197782
26	14	1.120904	0.1941041	0.4197782
26	15	1.120904	0.1941041	0.4197782
26	16	1.120904	0.1941041	0.4197782
26	17	1.120904	0.1941041	0.4197782
26	18	1.120904	0.1941041	0.4197782
27	1	1.120904	0.1941041	0.4197782
27	2	1.120904	0.1941041	0.4197782
27	3	1.120904	0.1941041	0.4197782
27	4	1.120904	0.1941041	0.4197782
27	5	1.120904	0.1941041	0.4197782
27	6	1.120904	0.1941041	0.4197782
27	7	1.120904	0.1941041	0.4197782
27	8	1.120904	0.1941041	0.4197782
27	9	1.120904	0.1941041	0.4197782
27	10	1.120904	0.1941041	0.4197782
27	11	1.120904	0.1941041	0.4197782
27	12	1.120904	0.1941041	0.4197782
27	13	1.120904	0.1941041	0.4197782
27	14	1.120904	0.1941041	0.4197782
27	15	1.120904	0.1941041	0.4197782
27	16	1.120904	0.1941041	0.4197782
27	17	1.120904	0.1941041	0.4197782
27	18	1.120904	0.1941041	0.4197782
28	1	1.120904	0.1941041	0.4197782
28	2	1.120904	0.1941041	0.4197782
28	3	1.120904	0.1941041	0.4197782
28	4	1.120904	0.1941041	0.4197782
28	5	1.120904	0.1941041	0.4197782
28	6	1.120904	0.1941041	0.4197782
28	7	1.120904	0.1941041	0.4197782
28	8	1.120904	0.1941041	0.4197782
28	9	1.120904	0.1941041	0.4197782
28	10	1.120904	0.1941041	0.4197782
28	11	1.120904	0.1941041	0.4197782
28	12	1.120904	0.1941041	0.4197782
28	13	1.120904	0.1941041	0.4197782
28	14	1.120904	0.1941041	0.4197782
28	15	1.120904	0.1941041	0.4197782
28	16	1.120904	0.1941041	0.4197782
28	17	1.120904	0.1941041	0.4197782
28	18	1.120904	0.1941041	0.4197782
29	1	1.120904	0.1941041	0.4197782
29	2	1.120904	0.1941041	0.4197782
29	3	1.120904	0.1941041	0.4197782
29	4	1.120904	0.1941041	0.4197782
29	5	1.120904	0.1941041	0.4197782
29	6	1.120904	0.1941041	0.4197782
29	7	1.120904	0.1941041	0.4197782
29	8	1.120904	0.1941041	0.4197782
29	9	1.120904	0.1941041	0.4197782
29	10	1.120904	0.1941041	0.4197782
29	11	1.120904	0.1941041	0.4197782
29	12	1.120904	0.1941041	0.4197782
29	13	1.120904	0.1941041	0.4197782
29	14	1.120904	0.1941041	0.4197782
29	15	1.120904	0.1941041	0.4197782
29	16	1.120904	0.1941041	0.4197782
29	17	1.120904	0.1941041	0.4197782
29	18	1.120904	0.1941041	0.4197782
30	1	1.120904	0.1941041	0.4197782
30	2	1.120904	0.1941041	0.4197782
30	3	1.120904	0.1941041	0.4197782
30	4	1.120904	0.1941041	0.4197782
30	5	1.120904	0.1941041	0.4197782
30	6	1.120904	0.1941041	0.4197782
30	7	1.120904	0.1941041	0.4197782
30	8	1.120904	0.1941041	0.4197782
30	9	1.120904	0.1941041	0.4197782
30	10	1.120904	0.1941041	0.4197782
30	11	1.120904	0.1941041	0.4197782
30	12	1.120904	0.1941041	0.4197782
30	13	1.120904	0.1941041	0.4197782
30	14	1.120904	0.1941041	0.4197782
30	15	1.120904	0.1941041	0.4197782
30	16	1.120904	0.1941041	0.4197782
30	17	1.120904	0.1941041	0.4197782
30	18	1.120904	0.1941041	0.4197782
31	1	1.120904	0.1941041	0.4197782
31	2	1.120904	0.1941041	0.4197782
31	3	1.120904	0.1941041	0.4197782
31	4	1.120904	0.1941041	0.4197782
31	5	1.120904	0.1941041	0.4197782
31	6	1.120904	0.1941041	0.4197782
31	7	1.120904	0.1941041	0.4197782
31	8	1.120904	0.1941041	0.4197782
31	9	1.120904	0.1941041	0.4197782
31	10	1.120904	0.1941041	0.4197782
31	11	1.120904	0.1941041	0.4197782
31	12	1.120904	0.1941041	0.4197782
31	13	1.120904	0.1941041	0.4197782
31	14	1.120904	0.1941041	0.4197782
31	15	1.120904	0.1941041	0.4197782
31	16	1.120904	0.1941041	0.4197782
31	17	1.120904	0.1941041	0.4197782
31	18	1.120904	0.1941041	0.4197782
32	1	1.120904	0.1941041	0.4197782
32	2	1.120904	0.1941041	0.4197782
32	3	1.120904	0.1941041	0.4197782
32	4	1.120904	0.1941041	0.4197782
32	5	1.120904	0.1941041	0.4197782
32	6	1.120904	0.1941041	0.4197782
32	7	1.120904	0.1941041	0.4197782
32	8	1.120904	0.1941041	0.4197782
32	9	1.120904	0.1941041	0.4197782
32	10	1.120904	0.1941041	0.4197782
32	11	1.120904	0.1941041	0.4197782
32	12	1.120904	0.1941041	0.4197782
32	13	1.120904	0.1941041	0.4197782
32	14	1.120904	0.1941041	0.4197782
32	15	1.120904	0.1941041	0.4197782
32	16	1.120904	0.1941041	0.4197782
32	17	1.120904	0.1941041	0.4197782
32	18	1.120904	0.1941041	0.4197782
33	1	1.120904	0.1941041	0.4197782
33	2	1.120904	0.1941041	0.4197782
33	3	1.120904	0.1941041	0.4197782
33	4	1.120904	0.1941041	0.4197782
33	5	1.120904	0.1941041	0.4197782
33	6	1.120904	0.1941041	0.4197782
33	7	1.120904	0.1941041	0.4197782
33	8	1.120904	0.1941041	0.4197782
33	9	1.120904	0.1941041	0.4197782
33	10	1.120904	0.1941041	0.4197782
33	11	1.120904	0.1941041	0.4197782
33	12	1.120904	0.1941041	0.4197782
33	13	1.120904	0.1941041	0.4197782
33	14	1.120904	0.1941041	0.4197782
33	15	1.120904	0.1941041	0.4197782
33	16	1.120904	0.1941041	0.4197782
33	17	1.120904	0.1941041	0.4197782
33	18	1.120904	0.1941041	0.4197782
34	1	1.120904	0.1941041	0.4197782
34	2	1.120904	0.1941041	0.4197782
34	3	1.120904	0.1941041	0.4197782
34	4	1.120904	0.1941041	0.4197782
34	5	1.120904	0.1941041	0.4197782
34	6	1.120904	0.1941041	0.4197782
34	7	1.120904	0.1941041	0.4197782
34	8	1.120904	0.1941041	0.4197782
34	9	1.120904	0.1941041	0.4197782
34	10	1.120904	0.1941041	0.4197782
34	11	1.120904	0.1941041	0.4197782
34	12	1.120904	0.1941041	0.4197782
34	13	1.120904	0.1941041	0.4197782
34	14	1.120904	0.1941041	0.4197782
34	15	1.120904	0.1941041	0.4197782
34	16	1.120904	0.1941041	0.4197782
34	17	1.120904	0.1941041	0.4197782
34	18	1.120904	0.1941041	0.4197782
35	1	1.120904	0.1941041	0.4197782
35	2	1.120904	0.1941041	0.4197782
35	3	1.120904	0.1941041	0.4197782
35	4	1.120904	0.1941041	0.4197782
35	5	1.120904	0.1941041	0.4197782
35	6	1.120904	0.1941041	0.4197782
35	7	1.120904	0.1941041	0.4197782
35	8	1.120904	0.1941041	0.4197782
35	9	1.120904	0.1941041	0.4197782
35	10	1.120904	0.1941041	0.4197782
35	11	1.120904	0.1941041	0.4197782
35	12	1.120904	0.1941041	0.4197782
35	13	1.120904	0.1941041	0.4197782
35	14	1.120904	0.1941041	0.4197782
35	15	1.120904	0.1941041	0.4197782
35	16	1.120904	0.1941041	0.4197782
35	17	1.120904	0.1941041	0.4197782
35	18	1.120904	0.1941041	0.4197782
36	4	-0.1593163	0.5770294	0.3977933
36	15	1.222334	0.1637654	0.4215200
37	1	-0.1143830	0.5635872	0.3985876
37	2	-0.1143830	0.5635872	0.3985877
37	3	-0.1143830	0.5635872	0.3985876
37	4	-0.1143830	0.5635872	0.3985876
37	5	-0.1143830	0.5635872	0.3985876
37	6	-0.1143830	0.5635872	0.3985876
37	7	-0.1143830	0.5635872	0.3985876
37	8	-0.1143830	0.5635872	0.3985876
37	9	-0.1143830	0.5635872	0.3985876
37	10	-0.1143830	0.5635872	0.3985875
37	11	-0.1143830	0.5635872	0.3985875
37	12	-0.1143830	0.5635872	0.3985875
37	13	-0.1143830	0.5635872	0.3985875
37	14	-0.1143830	0.5635872	0.3985875
37	15	1.315382	0.1359369	0.4230905
37	16	-0.1143830	0.5635871	0.3985875
37	17	-0.1143830	0.5635871	0.3985875
37	18	-0.1143830	0.5635871	0.3985875
38	1	-0.1143830	0.5635872	0.3985876
38	2	-0.1143830	0.5635872	0.3985877
38	3	-0.1143830	0.5635872	0.3985876
38	4	-0.1143830	0.5635872	0.3985876
38	5	-0.1143830	0.5635872	0.3985876
38	6	-0.1143830	0.5635872	0.3985876
38	7	-0.1143830	0.5635872	0.3985876
38	8	-0.1143830	0.5635872	0.3985876
38	9	-0.1143830	0.5635872	0.3985876
38	10	-0.1143830	0.5635872	0.3985875
38	11	-0.1143830	0.5635872	0.3985875
38	12	-0.1143830	0.5635872	0.3985875
38	13	-0.1143830	0.5635872	0.3985875
38	14	-0.1143830	0.5635872	0.3985875
38	15	1.315382	0.1359369	0.4230905
38	16	-0.1143830	0.5635871	0.3985875
38	17	-0.1143830	0.5635871	0.3985875
38	18	-0.1143830	0.5635871	0.3985875
39	1	-0.1143830	0.5635872	0.3985876
39	2	-0.1143830	0.5635872	0.3985877
39	3	-0.1143830	0.5635872	0.3985876
39	4	-0.1143830	0.5635872	0.3985876
39	5	-0.1143830	0.5635872	0.3985876
39	6	-0.1143830	0.5635872	0.3985876
39	7	-0.1143830	0.5635872	0.3985876
39	8	-0.1143830	0.5635872	0.3985876
39	9	-0.1143830	0.5635872	0.3985876
39	10	-0.1143830	0.5635872	0.3985875
39	11	-0.1143830	0.5635872	0.3985875
39	12	-0.1143830	0.5635872	0.3985875
39	13	-0.1143830	0.5635872	0.3985875
39	14	-0.1143830	0.5635872	0.3985875
39	15	1.315382	0.1359369	0.4230905
39	16	-0.1143830	0.5635871	0.3985875
39	17	-0.1143830	0.5635871	0.3985875
39	18	-0.1143830	0.5635871	0.3985875
40	1	-0.1143830	0.5635872	0.3985876
40	2	-0.1143830	0.5635872	0.3985877
40	3	-0.1143830	0.5635872	0.3985876
40	4	-0.1143830	0.5635872	0.3985876
40	5	-0.1143830	0.5635872	0.3985876
40	6	-0.1143830	0.5635872	0.3985876
40	7	-0.1143830	0.5635872	0.3985876
40	8	-0.1143830	0.5635872	0.3985876
40	9	-0.1143830	0.5635872	0.3985876
40	10	-0.1143830	0.5635872	0.3985875
40	11	-0.1143830	0.5635872	0.3985875
40	12	-0.1143830	0.5635872	0.3985875
40	13	-0.1143830	0.5635872	0.3985875
40	14	-0.1143830	0.5635872	0.3985875
40	15	1.315382	0.1359369	0.4230905
40	16	-0.1143830	0.5635871	0.3985875
40	17	-0.1143830	0.5635871	0.3985875
40	18	-0.1143830	0.5635871	0.3985875
41	1	-0.1143830	0.5635872	0.3985876
41	2	-0.1143830	0.5635872	0.3985877
41	3	-0.1143830	0.5635872	0.3985876
41	4	-0.1143830	0.5635872	0.3985876
41	5	-0.1143830	0.5635872	0.3985876
41	6	-0.1143830	0.5635872	0.3985876
41	7	-0.1143830	0.5635872	0.3985876
41	8	-0.1143830	0.5635872	0.3985876
41	9	-0.1143830	0.5635872	0.3985876
41	10	-0.1143830	0.5635872	0.3985875
41	11	-0.1143830	0.5635872	0.3985875
41	12	-0.1143830	0.5635872	0.3985875
41	13	-0.1143830	0.5635872	0.3985875
41	14	-0.1143830	0.5635872	0.3985875
41	15	1.315382	0.1359369	0.4230905
41	16	-0.1143830	0.5635871	0.3985875
41	17	-0.1143830	0.5635871	0.3985875
41	18	-0.1143830	0.5635871	0.3985875
42	1	-0.1143830	0.5635872	0.3985876
42	2	-0.1143830	0.5635872	0.3985877
42	3	-0.1143830	0.5635872	0.3985876
42	4	-0.1143830	0.5635872	0.3985876
42	5	-0.1143830	0.5635872	0.3985876
42	6	-0.1143830	0.5635872	0.3985876
42	7	-0.1143830	0.5635872	0.3985876
42	8	-0.1143830	0.5635872	0.3985876
42	9	-0.1143830	0.5635872	0.3985876
42	10	-0.1143830	0.5635872	0.3985875
42	11	-0.1143830	0.5635872	0.3985875
42	12	-0.1143830	0.5635872	0.3985875
42	13	-0.1143830	0.5635872	0.3985875
42	14	-0.1143830	0.5635872	0.3985875
42	15	1.315382	0.1359369	0.4230905
42	16	-0.1143830	0.5635871	0.3985875
42	17	-0.1143830	0.5635871	0.3985875
42	18	-0.1143830	0.5635871	0.3985875
43	1	-0.1143830	0.5635872	0.3985876
43	2	-0.1143830	0.5635872	0.3985877
43	3	-0.1143830	0.5635872	0.3985876
43	4	-0.1143830	0.5635872	0.3985876
43	5	-0.1143830	0.5635872	0.3985876
43	6	-0.1143830	0.5635872	0.3985876
43	7	-0.1143830	0.5635872	0.3985876
43	8	-0.1143830	0.5635872	0.3985876
43	9	-0.1143830	0.5635872	0.3985876
43	10	-0.1143830	0.5635872	0.3985875
43	11	-0.1143830	0.5635872	0.3985875
43	12	-0.1143830	0.5635872	0.3985875
43	13	-0.1143830	0.5635872	0.3985875
43	14	-0.1143830	0.5635872	0.3985875
43	15	1.315382	0.1359369	0.4230905
43	16	-0.1143830	0.5635871	0.3985875
43	17	-0.1143830	0.5635871	0.3985875
43	18	-0.1143830	0.5635871	0.3985875
44	1	-0.1143830	0.5635872	0.3985876
44	2	-0.1143830	0.5635872	0.3985877
44	3	-0.1143830	0.5635872	0.3985876
44	4	-0.1143830	0.5635872	0.3985876
44	5	-0.1143830	0.5635872	0.3985876
44	6	-0.1143830	0.5635872	0.3985876
44	7	-0.1143830	0.5635872	0.3985876
44	8	-0.1143830	0.5635872	0.3985876
44	9	-0.1143830	0.5635872	0.3985876
44	10	-0.1143830	0.5635872	0.3985875
44	11	-0.1143830	0.5635872	0.3985875
44	12	-0.1143830	0.5635872	0.3985875
44	13	-0.1143830	0.5635872	0.3985875
44	14	-0.1143830	0.5635872	0.3985875
44	15	1.315382	0.1359369	0.4230905
44	16	-0.1143830	0.5635871	0.3985875
44	17	-0.1143830	0.5635871	0.3985875
44	18	-0.1143830	0.5635871	0.3985875
45	1	-0.1143830	0.5635872	0.3985876
45	2	-0.1143830	0.5635872	0.3985877
45	3	-0.1143830	0.5635872	0.3985876
45	4	-0.1143830	0.5635872	0.3985876
45	5	-0.1143830	0.5635872	0.3985876
45	6	-0.1143830	0.5635872	0.3985876
45	7	-0.1143830	0.5635872	0.3985876
45	8	-0.1143830	0.5635872	0.3985876
45	9	-0.1143830	0.5635872	0.3985876
45	10	-0.1143830	0.5635872	0.3985875
45	11	-0.1143830	0.5635872	0.3985875
45	12	-0.1143830	0.5635872	0.3985875
45	13	-0.1143830	0.5635872	0.3985875
45	14	-0.1143830	0.5635872	0.3985875
45	15	1.315382	0.1359369	0.4230905
45	16	-0.1143830	0.5635871	0.3985875
45	17	-0.1143830	0.5635871	0.3985875
45	18	-0.1143830	0.5635871	0.3985875
46	1	-0.1143830	0.5635872	0.3985876
46	2	-0.1143830	0.5635872	0.3985877
46	3	-0.1143830	0.5635872	0.3985876
46	4	-0.1143830	0.5635872	0.3985876
46	5	-0.1143830	0.5635872	0.3985876
46	6	-0.1143830	0.5635872	0.3985876
46	7	-0.1143830	0.5635872	0.3985876
46	8	-0.1143830	0.5635872	0.3985876
46	9	-0.1143830	0.5635872	0.3985876
46	10	-0.1143830	0.5635872	0.3985875
46	11	-0.1143830	0.5635872	0.3985875
46	12	-0.1143830	0.5635872	0.3985875
46	13	-0.1143830	0.5635872	0.3985875
46	14	-0.1143830	0.5635872	0.3985875
46	15	1.315382	0.1359369	0.4230905
46	16	-0.1143830	0.5635871	0.3985875
46	17	-0.1143830	0.5635871	0.3985875
46	18	-0.1143830	0.5635871	0.3985875
48	1	-0.113006	0.5634712	0.3956784
48	2	-0.113006	0.5634712	0.3956784
48	3	-0.1602972	0.5771106	0.3998789
48	4	-0.113006	0.5634712	0.3956784
48	5	-0.113006	0.5634712	0.3956784
48	6	-0.1602972	0.5771106	0.3998789
48	7	-0.113006	0.5634712	0.3956784
48	8	-0.113006	0.5634712	0.3956784
48	9	-0.1602972	0.5771106	0.3998789
48	10	-0.113006	0.5634712	0.3956784
48	11	-0.113006	0.5634712	0.3956784
48	12	-0.1602972	0.5771106	0.3998789
48	13	1.339496	0.1288167	0.4225885
48	14	1.339496	0.1288167	0.4225885
48	15	1.316274	0.1358634	0.42119
48	16	-0.113006	0.5634712	0.3956784
48	17	-0.113006	0.5634712	0.3956784
48	18	-0.1602972	0.5771106	0.3998789
49	1	-0.113006	0.5634712	0.3956784
49	2	-0.113006	0.5634712	0.3956784
49	3	-0.1602972	0.5771106	0.3998789
49	4	-0.113006	0.5634712	0.3956784
49	5	-0.113006	0.5634712	0.3956784
49	6	-0.1602972	0.5771106	0.3998789
49	7	-0.113006	0.5634712	0.3956784
49	8	-0.113006	0.5634712	0.3956784
49	9	-0.1602972	0.5771106	0.3998789
49	10	-0.113006	0.5634712	0.3956784
49	11	-0.113006	0.5634712	0.3956784
49	12	-0.1602972	0.5771106	0.3998789
49	13	1.339496	0.1288167	0.4225885
49	14	1.339496	0.1288167	0.4225885
49	15	1.316274	0.1358634	0.42119
49	16	-0.113006	0.5634712	0.3956784
49	17	-0.113006	0.5634712	0.3956784
49	18	-0.1602972	0.5771106	0.3998789
50	2	1.290587	0.1599385	0.2583127
50	3	-0.1963928	0.5888935	0.389485
50	5	1.270084	0.1733840	0.1854922
50	6	-0.1963928	0.5888935	0.389485
50	8	1.270084	0.1733840	0.1854922
50	9	-0.1963928	0.5888935	0.389485
50	11	1.270084	0.1733840	0.1854922
50	12	-0.1963928	0.5888935	0.389485
50	13	0.6135861	0.273194	1.131028
50	14	0.6135861	0.273194	1.131028
50	15	0.7583812	0.2428562	1.004971
50	17	1.160542	0.2156628	0.08933572
50	18	-0.1963928	0.5888935	0.389485
51	3	1.120904	0.1941041	0.4197782
51	6	1.120904	0.1941041	0.4197782
51	9	1.120904	0.1941041	0.4197782
51	12	1.120904	0.1941041	0.4197782
51	18	1.120904	0.1941041	0.4197782
52	3	1.120904	0.1941041	0.4197782
52	6	1.120904	0.1941041	0.4197782
52	9	1.120904	0.1941041	0.4197782
52	12	1.120904	0.1941041	0.4197782
52	18	1.120904	0.1941041	0.4197782
53	1	1.168487	0.1799628	0.4196929
53	2	-0.1201669	0.5650289	0.4013448
53	3	1.168487	0.1799628	0.4196929
53	4	1.168487	0.1799628	0.4196929
53	5	1.131741	0.1927673	0.4010893
53	6	1.168487	0.1799628	0.4196929
53	7	1.168487	0.1799628	0.4196929
53	8	1.131741	0.1927673	0.4010893
53	9	1.168487	0.1799628	0.4196929
53	10	1.168487	0.1799628	0.4196929
53	11	1.131741	0.1927673	0.4010893
53	12	1.168487	0.1799628	0.4196929
53	13	-0.1963782	0.588017	0.3981272
53	14	-0.1963782	0.588017	0.3981272
53	15	-0.1861530	0.5848636	0.3992437
53	16	1.168487	0.1799628	0.4196929
53	17	1.168487	0.1799628	0.4196929
53	18	1.168487	0.1799628	0.4196929
54	1	1.168487	0.1799628	0.4196929
54	2	-0.1201669	0.5650289	0.4013448
54	3	1.168487	0.1799628	0.4196929
54	4	1.168487	0.1799628	0.4196929
54	5	1.131741	0.1927673	0.4010893
54	6	1.168487	0.1799628	0.4196929
54	7	1.168487	0.1799628	0.4196929
54	8	1.131741	0.1927673	0.4010893
54	9	1.168487	0.1799628	0.4196929
54	10	1.168487	0.1799628	0.4196929
54	11	1.131741	0.1927673	0.4010893
54	12	1.168487	0.1799628	0.4196929
54	13	-0.1963782	0.588017	0.3981272
54	14	-0.1963782	0.588017	0.3981272
54	15	-0.1861530	0.5848636	0.3992437
54	16	1.168487	0.1799628	0.4196929
54	17	1.168487	0.1799628	0.4196929
54	18	1.168487	0.1799628	0.4196929
55	1	1.168487	0.1799628	0.4196929
55	2	-0.1201669	0.5650289	0.4013448
55	3	1.168487	0.1799628	0.4196929
55	4	1.168487	0.1799628	0.4196929
55	5	1.131741	0.1927673	0.4010893
55	6	1.168487	0.1799628	0.4196929
55	7	1.168487	0.1799628	0.4196929
55	8	1.131741	0.1927673	0.4010893
55	9	1.168487	0.1799628	0.4196929
55	10	1.168487	0.1799628	0.4196929
55	11	1.131741	0.1927673	0.4010893
55	12	1.168487	0.1799628	0.4196929
55	13	-0.1963782	0.588017	0.3981272
55	14	-0.1963782	0.588017	0.3981272
55	15	-0.1861530	0.5848636	0.3992437
55	16	1.168487	0.1799628	0.4196929
55	17	1.168487	0.1799628	0.4196929
55	18	1.168487	0.1799628	0.4196929
56	1	1.168487	0.1799628	0.4196929
56	2	-0.1201669	0.5650289	0.4013448
56	3	1.168487	0.1799628	0.4196929
56	4	1.168487	0.1799628	0.4196929
56	5	1.131741	0.1927673	0.4010893
56	6	1.168487	0.1799628	0.4196929
56	7	1.168487	0.1799628	0.4196929
56	8	1.131741	0.1927673	0.4010893
56	9	1.168487	0.1799628	0.4196929
56	10	1.168487	0.1799628	0.4196929
56	11	1.131741	0.1927673	0.4010893
56	12	1.168487	0.1799628	0.4196929
56	13	-0.1963782	0.588017	0.3981272
56	14	-0.1963782	0.588017	0.3981272
56	15	-0.1861530	0.5848636	0.3992437
56	16	1.168487	0.1799628	0.4196929
56	17	1.168487	0.1799628	0.4196929
56	18	1.168487	0.1799628	0.4196929
57	1	1.126450	0.1924452	0.4198734
57	2	-0.1398864	0.5712177	0.3981269
57	3	1.126450	0.1924452	0.4198734
57	4	1.126450	0.1924452	0.4198734
57	6	1.126450	0.1924452	0.4198734
57	7	1.126450	0.1924452	0.4198734
57	9	1.126450	0.1924452	0.4198734
57	10	1.126450	0.1924452	0.4198734
57	12	1.126450	0.1924452	0.4198734
57	16	1.126450	0.1924452	0.4198734
57	17	1.126450	0.1924452	0.4198734
57	18	1.126450	0.1924452	0.4198734
58	1	1.124600	0.1929985	0.4198417
58	2	-0.1408198	0.5714969	0.3981109
58	3	1.124600	0.1929985	0.4198417
58	4	1.124600	0.1929985	0.4198417
58	5	1.124600	0.1929985	0.4198417
58	6	1.124600	0.1929985	0.4198417
58	7	1.124600	0.1929985	0.4198417
58	8	1.124600	0.1929985	0.4198417
58	9	1.124600	0.1929985	0.4198417
58	10	1.124600	0.1929985	0.4198417
58	11	1.124600	0.1929985	0.4198417
58	12	1.124600	0.1929985	0.4198417
58	13	1.124600	0.1929985	0.4198417
58	14	1.124600	0.1929985	0.4198417
58	15	1.124600	0.1929985	0.4198417
58	16	1.124600	0.1929985	0.4198417
58	17	1.124600	0.1929985	0.4198417
58	18	1.124600	0.1929985	0.4198417
59	1	1.124600	0.1929985	0.4198417
59	2	-0.1408198	0.5714969	0.3981109
59	3	1.124600	0.1929985	0.4198417
59	4	1.124600	0.1929985	0.4198417
59	5	1.124600	0.1929985	0.4198417
59	6	1.124600	0.1929985	0.4198417
59	7	1.124600	0.1929985	0.4198417
59	8	1.124600	0.1929985	0.4198417
59	9	1.124600	0.1929985	0.4198417
59	10	1.124600	0.1929985	0.4198417
59	11	1.124600	0.1929985	0.4198417
59	12	1.124600	0.1929985	0.4198417
59	13	1.124600	0.1929985	0.4198417
59	14	1.124600	0.1929985	0.4198417
59	15	1.124600	0.1929985	0.4198417
59	16	1.124600	0.1929985	0.4198417
59	17	1.124600	0.1929985	0.4198417
59	18	1.124600	0.1929985	0.4198417
60	1	1.124600	0.1929985	0.4198417
60	2	-0.1408198	0.5714969	0.3981109
60	3	1.124600	0.1929985	0.4198417
60	4	1.124600	0.1929985	0.4198417
60	5	1.124600	0.1929985	0.4198417
60	6	1.124600	0.1929985	0.4198417
60	7	1.124600	0.1929985	0.4198417
60	8	1.124600	0.1929985	0.4198417
60	9	1.124600	0.1929985	0.4198417
60	10	1.124600	0.1929985	0.4198417
60	11	1.124600	0.1929985	0.4198417
60	12	1.124600	0.1929985	0.4198417
60	13	1.124600	0.1929985	0.4198417
60	14	1.124600	0.1929985	0.4198417
60	15	1.124600	0.1929985	0.4198417
60	16	1.124600	0.1929985	0.4198417
60	17	1.124600	0.1929985	0.4198417
60	18	1.124600	0.1929985	0.4198417
61	1	1.124600	0.1929985	0.4198417
61	2	-0.1408198	0.5714969	0.3981109
61	3	1.124600	0.1929985	0.4198417
61	4	1.124600	0.1929985	0.4198417
61	5	1.124600	0.1929985	0.4198417
61	6	1.124600	0.1929985	0.4198417
61	7	1.124600	0.1929985	0.4198417
61	8	1.124600	0.1929985	0.4198417
61	9	1.124600	0.1929985	0.4198417
61	10	1.124600	0.1929985	0.4198417
61	11	1.124600	0.1929985	0.4198417
61	12	1.124600	0.1929985	0.4198417
61	13	1.124600	0.1929985	0.4198417
61	14	1.124600	0.1929985	0.4198417
61	15	1.124600	0.1929985	0.4198417
61	16	1.124600	0.1929985	0.4198417
61	17	1.124600	0.1929985	0.4198417
61	18	1.124600	0.1929985	0.4198417
62	1	1.120904	0.1941041	0.4197782
62	3	1.120904	0.1941041	0.4197782
62	4	1.120904	0.1941041	0.4197782
62	5	1.120904	0.1941041	0.4197782
62	6	1.120904	0.1941041	0.4197782
62	7	1.120904	0.1941041	0.4197782
62	8	1.120904	0.1941041	0.4197782
62	9	1.120904	0.1941041	0.4197782
62	10	1.120904	0.1941041	0.4197782
62	11	1.120904	0.1941041	0.4197782
62	12	1.120904	0.1941041	0.4197782
62	13	1.120904	0.1941041	0.4197782
62	14	1.120904	0.1941041	0.4197782
62	15	1.120904	0.1941041	0.4197782
62	16	1.120904	0.1941041	0.4197782
62	17	1.120904	0.1941041	0.4197782
62	18	1.120904	0.1941041	0.4197782
63	1	1.120904	0.1941041	0.4197782
63	2	1.120904	0.1941041	0.4197782
63	3	1.120904	0.1941041	0.4197782
63	4	1.120904	0.1941041	0.4197782
63	5	1.120904	0.1941041	0.4197782
63	6	1.120904	0.1941041	0.4197782
63	7	1.120904	0.1941041	0.4197782
63	8	1.120904	0.1941041	0.4197782
63	9	1.120904	0.1941041	0.4197782
63	10	1.120904	0.1941041	0.4197782
63	11	1.120904	0.1941041	0.4197782
63	12	1.120904	0.1941041	0.4197782
63	13	1.120904	0.1941041	0.4197782
63	14	1.120904	0.1941041	0.4197782
63	15	1.120904	0.1941041	0.4197782
63	16	1.120904	0.1941041	0.4197782
63	17	1.120904	0.1941041	0.4197782
63	18	1.120904	0.1941041	0.4197782
64	1	1.120904	0.1941041	0.4197782
64	2	1.120904	0.1941041	0.4197782
64	3	1.120904	0.1941041	0.4197782
64	4	1.120904	0.1941041	0.4197782
64	5	1.120904	0.1941041	0.4197782
64	6	1.120904	0.1941041	0.4197782
64	7	1.120904	0.1941041	0.4197782
64	8	1.120904	0.1941041	0.4197782
64	9	1.120904	0.1941041	0.4197782
64	10	1.120904	0.1941041	0.4197782
64	11	1.120904	0.1941041	0.4197782
64	12	1.120904	0.1941041	0.4197782
64	13	1.120904	0.1941041	0.4197782
64	14	1.120904	0.1941041	0.4197782
64	15	1.120904	0.1941041	0.4197782
64	16	1.120904	0.1941041	0.4197782
64	17	1.120904	0.1941041	0.4197782
64	18	1.120904	0.1941041	0.4197782
65	1	1.120904	0.1941041	0.4197782
65	2	1.120904	0.1941041	0.4197782
65	3	1.120904	0.1941041	0.4197782
65	4	1.120904	0.1941041	0.4197782
65	5	1.120904	0.1941041	0.4197782
65	6	1.120904	0.1941041	0.4197782
65	7	1.120904	0.1941041	0.4197782
65	8	1.120904	0.1941041	0.4197782
65	9	1.120904	0.1941041	0.4197782
65	10	1.120904	0.1941041	0.4197782
65	11	1.120904	0.1941041	0.4197782
65	12	1.120904	0.1941041	0.4197782
65	13	1.120904	0.1941041	0.4197782
65	14	1.120904	0.1941041	0.4197782
65	15	1.120904	0.1941041	0.4197782
65	16	1.120904	0.1941041	0.4197782
65	17	1.120904	0.1941041	0.4197782
65	18	1.120904	0.1941041	0.4197782
66	1	1.120904	0.1941041	0.4197782
66	2	1.120904	0.1941041	0.4197782
66	3	1.120904	0.1941041	0.4197782
66	4	1.120904	0.1941041	0.4197782
66	5	1.120904	0.1941041	0.4197782
66	6	1.120904	0.1941041	0.4197782
66	7	1.120904	0.1941041	0.4197782
66	8	1.120904	0.1941041	0.4197782
66	9	1.120904	0.1941041	0.4197782
66	10	1.120904	0.1941041	0.4197782
66	11	1.120904	0.1941041	0.4197782
66	12	1.120904	0.1941041	0.4197782
66	13	1.120904	0.1941041	0.4197782
66	14	1.120904	0.1941041	0.4197782
66	15	1.120904	0.1941041	0.4197782
66	16	1.120904	0.1941041	0.4197782
66	17	1.120904	0.1941041	0.4197782
66	18	1.120904	0.1941041	0.4197782
67	1	1.120904	0.1941041	0.4197782
67	2	1.120904	0.1941041	0.4197782
67	3	1.120904	0.1941041	0.4197782
67	4	1.120904	0.1941041	0.4197782
67	5	1.120904	0.1941041	0.4197782
67	6	1.120904	0.1941041	0.4197782
67	7	1.120904	0.1941041	0.4197782
67	8	1.120904	0.1941041	0.4197782
67	9	1.120904	0.1941041	0.4197782
67	10	1.120904	0.1941041	0.4197782
67	11	1.120904	0.1941041	0.4197782
67	12	1.120904	0.1941041	0.4197782
67	13	1.120904	0.1941041	0.4197782
67	14	1.120904	0.1941041	0.4197782
67	15	1.120904	0.1941041	0.4197782
67	16	1.120904	0.1941041	0.4197782
67	17	1.120904	0.1941041	0.4197782
67	18	1.120904	0.1941041	0.4197782
68	1	1.120904	0.1941041	0.4197782
68	2	1.120904	0.1941041	0.4197782
68	3	1.120904	0.1941041	0.4197782
68	4	1.120904	0.1941041	0.4197782
68	5	1.120904	0.1941041	0.4197782
68	6	1.120904	0.1941041	0.4197782
68	7	1.120904	0.1941041	0.4197782
68	8	1.120904	0.1941041	0.4197782
68	9	1.120904	0.1941041	0.4197782
68	10	1.120904	0.1941041	0.4197782
68	11	1.120904	0.1941041	0.4197782
68	12	1.120904	0.1941041	0.4197782
68	13	1.120904	0.1941041	0.4197782
68	14	1.120904	0.1941041	0.4197782
68	15	1.120904	0.1941041	0.4197782
68	16	1.120904	0.1941041	0.4197782
68	17	1.120904	0.1941041	0.4197782
68	18	1.120904	0.1941041	0.4197782
69	1	1.120904	0.1941041	0.4197782
69	2	1.120904	0.1941041	0.4197782
69	3	1.120904	0.1941041	0.4197782
69	4	1.120904	0.1941041	0.4197782
69	5	1.120904	0.1941041	0.4197782
69	6	1.120904	0.1941041	0.4197782
69	7	1.120904	0.1941041	0.4197782
69	8	1.120904	0.1941041	0.4197782
69	9	1.120904	0.1941041	0.4197782
69	10	1.120904	0.1941041	0.4197782
69	11	1.120904	0.1941041	0.4197782
69	12	1.120904	0.1941041	0.4197782
69	13	1.120904	0.1941041	0.4197782
69	14	1.120904	0.1941041	0.4197782
69	15	1.120904	0.1941041	0.4197782
69	16	1.120904	0.1941041	0.4197782
69	17	1.120904	0.1941041	0.4197782
69	18	1.120904	0.1941041	0.4197782
70	1	1.120904	0.1941041	0.4197782
70	2	1.120904	0.1941041	0.4197782
70	3	1.120904	0.1941041	0.4197782
70	4	1.120904	0.1941041	0.4197782
70	5	1.120904	0.1941041	0.4197782
70	6	1.120904	0.1941041	0.4197782
70	7	1.120904	0.1941041	0.4197782
70	8	1.120904	0.1941041	0.4197782
70	9	1.120904	0.1941041	0.4197782
70	10	1.120904	0.1941041	0.4197782
70	11	1.120904	0.1941041	0.4197782
70	12	1.120904	0.1941041	0.4197782
70	13	1.120904	0.1941041	0.4197782
70	14	1.120904	0.1941041	0.4197782
70	15	1.120904	0.1941041	0.4197782
70	16	1.120904	0.1941041	0.4197782
70	17	1.120904	0.1941041	0.4197782
70	18	1.120904	0.1941041	0.4197782
71	3	-0.1276771	0.5675658	0.3983366
71	6	-0.1276771	0.5675658	0.3983366
71	9	-0.1276771	0.5675658	0.3983366
71	12	-0.1276771	0.5675658	0.3983366
71	15	1.335095	0.1300376	0.4234565
71	18	-0.1389522	0.5709383	0.398143
72	3	-0.1276771	0.5675658	0.3983366
72	6	-0.1276771	0.5675658	0.3983366
72	9	-0.1276771	0.5675658	0.3983366
72	12	-0.1276771	0.5675658	0.3983366
72	15	1.335095	0.1300376	0.4234565
72	18	-0.1389522	0.5709383	0.398143
73	3	-0.1276771	0.5675658	0.3983366
73	6	-0.1276771	0.5675658	0.3983366
73	9	-0.1276771	0.5675658	0.3983366
73	12	-0.1276771	0.5675658	0.3983366
73	15	1.335095	0.1300376	0.4234565
73	18	-0.1389522	0.5709383	0.398143
74	3	-0.1276771	0.5675658	0.3983366
74	6	-0.1276771	0.5675658	0.3983366
74	9	-0.1276771	0.5675658	0.3983366
74	12	-0.1276771	0.5675658	0.3983366
74	15	1.335095	0.1300376	0.4234565
74	18	-0.1389522	0.5709383	0.398143
75	3	-0.1276771	0.5675658	0.3983366
75	6	-0.1276771	0.5675658	0.3983366
75	9	-0.1276771	0.5675658	0.3983366
75	12	-0.1276771	0.5675658	0.3983366
75	15	1.335095	0.1300376	0.4234565
75	18	-0.1389522	0.5709383	0.398143
76	3	-0.1276771	0.5675658	0.3983366
76	6	-0.1276771	0.5675658	0.3983366
76	9	-0.1276771	0.5675658	0.3983366
76	12	-0.1276771	0.5675658	0.3983366
76	15	1.335095	0.1300376	0.4234565
76	18	-0.1389522	0.5709383	0.398143
77	3	-0.1314489	0.5686939	0.3982725
77	9	-0.1314489	0.5686939	0.3982725
77	12	-0.1314489	0.568694	0.3982725
77	15	1.327191	0.132402	0.42332
77	18	-0.1426846	0.5720546	0.3980796
78	3	-0.1314489	0.5686939	0.3982725
78	9	-0.1314489	0.5686939	0.3982725
78	12	-0.1314489	0.568694	0.3982725
78	15	1.327191	0.132402	0.42332
78	18	-0.1426846	0.5720546	0.3980796
79	3	-0.1314489	0.5686939	0.3982725
79	9	-0.1314489	0.5686939	0.3982725
79	12	-0.1314489	0.568694	0.3982725
79	15	1.327191	0.132402	0.42332
79	18	-0.1426846	0.5720546	0.3980796
80	3	-0.1153032	0.5664764	0.3726678
80	6	-0.2473634	0.5631483	0.7948109
80	9	-0.1153032	0.5664764	0.3726678
80	12	-0.1153032	0.5664764	0.3726678
80	15	1.338321	0.1298272	0.416036
80	18	-0.06009289	0.5614248	0.2600307
81	3	-0.1153032	0.5664764	0.3726678
81	6	-0.2473634	0.5631483	0.7948109
81	9	-0.1153032	0.5664764	0.3726678
81	12	-0.1153032	0.5664764	0.3726678
81	15	1.338321	0.1298272	0.416036
81	18	-0.06009289	0.5614248	0.2600307
82	3	1.245338	0.1568849	0.4219151
82	15	-0.1702576	0.580302	0.3976054
83	3	1.245338	0.1568849	0.4219151
83	15	-0.1702576	0.580302	0.3976054
84	3	1.245338	0.1568849	0.4219151
84	15	-0.1702576	0.580302	0.3976054
85	3	1.245338	0.1568849	0.4219151
85	15	-0.1702576	0.580302	0.3976054
86	3	1.245338	0.1568849	0.4219151
86	15	-0.1702576	0.580302	0.3976054
87	3	1.245338	0.1568849	0.4219151
87	15	-0.1702576	0.580302	0.3976054
88	3	1.245338	0.1568849	0.4219151
88	15	-0.1702576	0.580302	0.3976054
89	3	1.245338	0.1568849	0.4219151
89	15	-0.1702576	0.580302	0.3976054
90	3	1.245338	0.1568849	0.4219151
90	15	-0.1702576	0.580302	0.3976054
91	3	1.245338	0.1568849	0.4219151
91	15	-0.1702576	0.580302	0.3976054
92	3	1.245338	0.1568849	0.4219151
92	15	-0.1702576	0.580302	0.3976054
93	3	1.245338	0.1568849	0.4219151
93	15	-0.1702576	0.580302	0.3976054
94	3	1.245338	0.1568849	0.4219151
94	15	-0.1702576	0.580302	0.3976054
95	3	1.245338	0.1568849	0.4219151
95	15	-0.1702576	0.580302	0.3976054
96	3	1.245338	0.1568849	0.4219151
96	15	-0.1702576	0.580302	0.3976054
97	3	1.245338	0.1568849	0.4219151
97	15	-0.1702576	0.580302	0.3976054
98	3	1.245338	0.1568849	0.4219151
98	15	-0.1702576	0.580302	0.3976054
99	3	1.245338	0.1568849	0.4219151
99	15	-0.1702576	0.580302	0.3976054
100	3	1.245338	0.1568849	0.4219151
100	15	-0.1702576	0.580302	0.3976054
101	3	1.245338	0.1568849	0.4219151
101	15	-0.1702576	0.580302	0.3976054
102	3	1.245338	0.1568849	0.4219151
102	15	-0.1702576	0.580302	0.3976054
103	3	1.245338	0.1568849	0.4219151
103	15	-0.1702576	0.580302	0.3976054
104	3	1.245338	0.1568849	0.4219151
104	15	-0.1702576	0.580302	0.3976054
105	3	1.245338	0.1568849	0.4219151
105	15	-0.1702576	0.580302	0.3976054
106	3	1.245338	0.1568849	0.4219151
106	15	-0.1702576	0.580302	0.3976054
107	3	1.245338	0.1568849	0.4219151
107	15	-0.1702576	0.580302	0.3976054
108	3	1.245338	0.1568849	0.4219151
108	15	-0.1702576	0.580302	0.3976054
109	3	1.245338	0.1568849	0.4219151
109	15	-0.1702576	0.580302	0.3976054
110	3	1.245338	0.1568849	0.4219151
110	15	-0.1702576	0.580302	0.3976054
111	3	0.9798389	0.2055173	0.7223776
111	15	-0.1883024	0.5866908	0.3874715
111	18	1.258219	0.1699021	0.2549611
112	3	0.9798389	0.2055173	0.7223776
112	15	-0.1883024	0.5866908	0.3874715
112	18	1.258219	0.1699021	0.2549611
113	3	0.9798389	0.2055173	0.7223776
113	15	-0.1883024	0.5866908	0.3874715
113	18	1.258219	0.1699021	0.2549611
114	3	0.9798389	0.2055173	0.7223776
114	15	-0.1883024	0.5866908	0.3874715
114	18	1.258219	0.1699021	0.2549611
115	3	0.9798389	0.2055173	0.7223776
115	15	-0.1883024	0.5866908	0.3874715
115	18	1.258219	0.1699021	0.2549611
116	3	-0.1485711	0.5689399	0.4462917
116	6	-0.2200110	0.5685634	0.6605463
116	9	-0.2261106	0.5679212	0.6848847
116	12	-0.2261106	0.5679212	0.6848847
116	15	1.340413	0.1300025	0.408133
116	18	0.09721252	0.5300545	0.1073388
117	3	-0.1485711	0.5689399	0.4462917
117	6	-0.2200110	0.5685634	0.6605463
117	9	-0.2261106	0.5679212	0.6848847
117	12	-0.2261106	0.5679212	0.6848847
117	15	1.340413	0.1300025	0.408133
117	18	0.09721252	0.5300545	0.1073388
118	3	-0.1485711	0.5689399	0.4462917
118	6	-0.2200110	0.5685634	0.6605463
118	9	-0.2261106	0.5679212	0.6848847
118	12	-0.2261106	0.5679212	0.6848847
118	15	1.340413	0.1300025	0.408133
118	18	0.09721252	0.5300545	0.1073388
119	3	-0.1485711	0.5689399	0.4462917
119	6	-0.2200110	0.5685634	0.6605463
119	9	-0.2261106	0.5679212	0.6848847
119	12	-0.2261106	0.5679212	0.6848847
119	15	1.340413	0.1300025	0.408133
119	18	0.09721252	0.5300545	0.1073388
120	3	-0.1485711	0.5689399	0.4462917
120	6	-0.2200110	0.5685634	0.6605463
120	9	-0.2261106	0.5679212	0.6848847
120	12	-0.2261106	0.5679212	0.6848847
120	15	1.340413	0.1300025	0.408133
120	18	0.09721252	0.5300545	0.1073388
121	6	1.245338	0.1568849	0.4219151
121	15	-0.1702576	0.580302	0.3976054
122	6	-0.2042528	0.5739155	0.5610719
122	9	-0.10498	0.5676992	0.3301301
122	12	-0.10498	0.5676992	0.3301301
122	15	1.310337	0.1376689	0.4207923
123	6	-0.2042528	0.5739155	0.5610719
123	9	-0.10498	0.5676992	0.3301301
123	12	-0.10498	0.5676992	0.3301301
123	15	1.310337	0.1376689	0.4207923
124	6	-0.2042528	0.5739155	0.5610719
124	9	-0.10498	0.5676992	0.3301301
124	12	-0.10498	0.5676992	0.3301301
124	15	1.310337	0.1376689	0.4207923
125	6	-0.1426843	0.5720546	0.398079
125	9	-0.1426843	0.5720546	0.398079
125	12	-0.1426843	0.5720546	0.398079
125	15	1.327191	0.132402	0.4233206
126	6	-0.1426843	0.5720546	0.398079
126	9	-0.1426843	0.5720546	0.398079
126	12	-0.1426843	0.5720546	0.398079
126	15	1.327191	0.132402	0.4233206
127	6	-0.1426843	0.5720546	0.398079
127	9	-0.1426843	0.5720546	0.398079
127	12	-0.1426843	0.5720546	0.398079
127	15	1.327191	0.132402	0.4233206
128	6	-0.1426843	0.5720546	0.398079
128	9	-0.1426843	0.5720546	0.398079
128	12	-0.1426843	0.5720546	0.398079
128	15	1.327191	0.132402	0.4233206
129	6	-0.1454747	0.5728892	0.3980311
129	9	-0.1454747	0.5728892	0.3980312
129	12	-0.1454747	0.5728892	0.3980311
129	15	1.345004	0.1270739	0.4236264
130	3	-0.1483193	0.5703054	0.4320178
130	6	-0.2137843	0.5715447	0.6126532
130	9	-0.2137843	0.5715447	0.6126532
130	12	-0.2137843	0.5715447	0.6126532
130	15	1.369480	0.1197649	0.4239266
130	18	0.1718118	0.5111614	0.0747273
131	3	-0.1483193	0.5703054	0.4320178
131	6	-0.2137843	0.5715447	0.6126532
131	9	-0.2137843	0.5715447	0.6126532
131	12	-0.2137843	0.5715447	0.6126532
131	15	1.369480	0.1197649	0.4239266
131	18	0.1718118	0.5111614	0.0747273
132	3	-0.1483193	0.5703054	0.4320178
132	6	-0.2137843	0.5715447	0.6126532
132	9	-0.2137843	0.5715447	0.6126532
132	12	-0.2137843	0.5715447	0.6126532
132	15	1.369480	0.1197649	0.4239266
132	18	0.1718118	0.5111614	0.0747273
133	3	-0.1483193	0.5703054	0.4320178
133	6	-0.2137843	0.5715447	0.6126532
133	9	-0.2137843	0.5715447	0.6126532
133	12	-0.2137843	0.5715447	0.6126532
133	15	1.369480	0.1197649	0.4239266
133	18	0.1718118	0.5111614	0.0747273
134	3	-0.1483193	0.5703054	0.4320178
134	6	-0.2137843	0.5715447	0.6126532
134	9	-0.2137843	0.5715447	0.6126532
134	12	-0.2137843	0.5715447	0.6126532
134	15	1.369480	0.1197649	0.4239266
134	18	0.1718118	0.5111614	0.0747273
135	3	-0.1483193	0.5703054	0.4320178
135	6	-0.2137843	0.5715447	0.6126532
135	9	-0.2137843	0.5715447	0.6126532
135	12	-0.2137843	0.5715447	0.6126532
135	15	1.369480	0.1197649	0.4239266
135	18	0.1718118	0.5111614	0.0747273
136	3	1.268511	0.1499536	0.422313
136	15	-0.1810825	0.5835399	0.3974195
137	3	1.268511	0.1499536	0.422313
137	15	-0.1810825	0.5835399	0.3974195
138	3	1.268511	0.1499536	0.422313
138	15	-0.1810825	0.5835399	0.3974195
139	3	1.268511	0.1499536	0.422313
139	15	-0.1810825	0.5835399	0.3974195
140	3	1.058085	0.1883619	0.6617997
140	15	-0.2044826	0.5903332	0.3990577
140	18	1.255720	0.1722720	0.2388409
141	3	1.058085	0.1883619	0.6617997
141	15	-0.2044826	0.5903332	0.3990577
141	18	1.255720	0.1722720	0.2388409
142	3	-0.2023890	0.5719166	0.5753873
142	6	-0.2023890	0.5719166	0.5753873
142	9	-0.2023890	0.5719166	0.5753873
142	12	-0.2023890	0.5719166	0.5753873
142	15	1.369593	0.1196755	0.4244804
142	18	0.1878759	0.5070228	0.06840008
143	3	-0.2023890	0.5719166	0.5753873
143	6	-0.2023890	0.5719166	0.5753873
143	9	-0.2023890	0.5719166	0.5753873
143	12	-0.2023890	0.5719166	0.5753873
143	15	1.369593	0.1196755	0.4244804
143	18	0.1878759	0.5070228	0.06840008
144	3	-0.2023890	0.5719166	0.5753873
144	6	-0.2023890	0.5719166	0.5753873
144	9	-0.2023890	0.5719166	0.5753873
144	12	-0.2023890	0.5719166	0.5753873
144	15	1.369593	0.1196755	0.4244804
144	18	0.1878759	0.5070228	0.06840008
145	3	-0.2023890	0.5719166	0.5753873
145	6	-0.2023890	0.5719166	0.5753873
145	9	-0.2023890	0.5719166	0.5753873
145	12	-0.2023890	0.5719166	0.5753873
145	15	1.369593	0.1196755	0.4244804
145	18	0.1878759	0.5070228	0.06840008
146	3	-0.2023890	0.5719166	0.5753873
146	6	-0.2023890	0.5719166	0.5753873
146	9	-0.2023890	0.5719166	0.5753873
146	12	-0.2023890	0.5719166	0.5753873
146	15	1.369593	0.1196755	0.4244804
146	18	0.1878759	0.5070228	0.06840008
147	3	-0.2023890	0.5719166	0.5753873
147	6	-0.2023890	0.5719166	0.5753873
147	9	-0.2023890	0.5719166	0.5753873
147	12	-0.2023890	0.5719166	0.5753873
147	15	1.369593	0.1196755	0.4244804
147	18	0.1878759	0.5070228	0.06840008
148	3	-0.2023890	0.5719166	0.5753873
148	6	-0.2023890	0.5719166	0.5753873
148	9	-0.2023890	0.5719166	0.5753873
148	12	-0.2023890	0.5719166	0.5753873
148	15	1.369593	0.1196755	0.4244804
148	18	0.1878759	0.5070228	0.06840008
149	3	-0.2023890	0.5719166	0.5753873
149	6	-0.2023890	0.5719166	0.5753873
149	9	-0.2023890	0.5719166	0.5753873
149	12	-0.2023890	0.5719166	0.5753873
149	15	1.369593	0.1196755	0.4244804
149	18	0.1878759	0.5070228	0.06840008
150	3	-0.2023890	0.5719166	0.5753873
150	6	-0.2023890	0.5719166	0.5753873
150	9	-0.2023890	0.5719166	0.5753873
150	12	-0.2023890	0.5719166	0.5753873
150	15	1.369593	0.1196755	0.4244804
150	18	0.1878759	0.5070228	0.06840008
151	3	-0.2023890	0.5719166	0.5753873
151	6	-0.2023890	0.5719166	0.5753873
151	9	-0.2023890	0.5719166	0.5753873
151	12	-0.2023890	0.5719166	0.5753873
151	15	1.369593	0.1196755	0.4244804
151	18	0.1878759	0.5070228	0.06840008
194	1	-0.1198142	0.5716143	0.3350467
194	2	-0.1586049	0.5743735	0.4220151
194	3	1.344960	0.1301998	0.3927786
194	4	-0.1198142	0.5716143	0.3350467
194	5	-0.1198142	0.5716143	0.3350467
194	6	1.344960	0.1301998	0.3927786
194	7	-0.1198142	0.5716143	0.3350467
194	8	-0.1198142	0.5716143	0.3350467
194	9	1.344960	0.1301998	0.3927786
194	10	-0.1198142	0.5716143	0.3350467
194	11	-0.1198142	0.5716143	0.3350467
194	12	1.344960	0.1301998	0.3927786
194	13	-0.02949855	0.5581171	0.202651
194	14	-0.02949855	0.5581171	0.202651
194	15	-0.1660886	0.4686458	1.491781
194	16	-0.1446677	0.5735031	0.3895702
194	17	-0.1198142	0.5716143	0.3350467
194	18	1.337564	0.1318433	0.398289
195	1	-0.1198142	0.5716143	0.3350467
195	2	-0.1586049	0.5743735	0.4220151
195	3	1.344960	0.1301998	0.3927786
195	4	-0.1198142	0.5716143	0.3350467
195	5	-0.1198142	0.5716143	0.3350467
195	6	1.344960	0.1301998	0.3927786
195	7	-0.1198142	0.5716143	0.3350467
195	8	-0.1198142	0.5716143	0.3350467
195	9	1.344960	0.1301998	0.3927786
195	10	-0.1198142	0.5716143	0.3350467
195	11	-0.1198142	0.5716143	0.3350467
195	12	1.344960	0.1301998	0.3927786
195	13	-0.02949855	0.5581171	0.202651
195	14	-0.02949855	0.5581171	0.202651
195	15	-0.1660886	0.4686458	1.491781
195	16	-0.1446677	0.5735031	0.3895702
195	17	-0.1198142	0.5716143	0.3350467
195	18	1.337564	0.1318433	0.398289
196	1	-0.3017214	0.568021	0.9067093
196	2	0.05553333	0.5407912	0.1237655
196	3	1.330872	0.1326354	0.4101596
196	4	-0.315738	0.555725	1.069862
196	5	0.00913436	0.5510751	0.1585877
196	6	1.330872	0.1326354	0.4101596
196	7	-0.3152703	0.5485913	1.139176
196	8	0.00913436	0.5510751	0.1585877
196	9	1.330872	0.1326354	0.4101596
196	10	-0.3152703	0.5485913	1.139176
196	11	0.00913436	0.5510751	0.1585877
196	12	1.330872	0.1326354	0.4101596
196	13	0.1730786	0.5125529	0.05720533
196	14	0.1730786	0.5125529	0.05720533
196	15	-0.2603689	0.54608	1.002275
196	16	-0.312534	0.549998	1.117173
196	17	0.08875876	0.5334989	0.09811887
196	18	1.325205	0.1342304	0.4110525
197	3	-0.1640731	0.5807831	0.3746128
197	6	-0.1640731	0.5807831	0.3746128
197	9	-0.1640731	0.5807831	0.3746128
197	12	-0.1640731	0.5807831	0.3746128
197	13	1.344901	0.1452901	0.2434147
197	14	1.344901	0.1452901	0.2434147
197	15	0.5637665	0.2784678	1.225579
197	17	1.342237	0.1391441	0.3121692
197	18	-0.1641535	0.5803292	0.3793487
198	3	-0.1640731	0.5807831	0.3746128
198	6	-0.1640731	0.5807831	0.3746128
198	9	-0.1640731	0.5807831	0.3746128
198	12	-0.1640731	0.5807831	0.3746128
198	13	1.344901	0.1452901	0.2434147
198	14	1.344901	0.1452901	0.2434147
198	15	0.5637665	0.2784678	1.225579
198	17	1.342237	0.1391441	0.3121692
198	18	-0.1641535	0.5803292	0.3793487
199	3	-0.1661140	0.5808102	0.3803595
199	6	-0.1661140	0.5808102	0.3803595
199	9	-0.1661140	0.5808102	0.3803595
199	12	-0.1661140	0.5808102	0.3803595
199	13	1.339335	0.1495407	0.2176959
199	14	1.339335	0.1495407	0.2176959
199	15	0.6219033	0.2658203	1.179589
199	17	1.308781	0.1416355	0.3860716
199	18	-0.1657042	0.5802993	0.3842143
200	3	-0.1661140	0.5808102	0.3803595
200	6	-0.1661140	0.5808102	0.3803595
200	9	-0.1661140	0.5808102	0.3803595
200	12	-0.1661140	0.5808102	0.3803595
200	13	1.339335	0.1495407	0.2176959
200	14	1.339335	0.1495407	0.2176959
200	15	0.6219033	0.2658203	1.179589
200	17	1.308781	0.1416355	0.3860716
200	18	-0.1657042	0.5802993	0.3842143
201	3	-0.1661140	0.5808102	0.3803595
201	6	-0.1661140	0.5808102	0.3803595
201	9	-0.1661140	0.5808102	0.3803595
201	12	-0.1661140	0.5808102	0.3803595
201	13	1.339335	0.1495407	0.2176959
201	14	1.339335	0.1495407	0.2176959
201	15	0.6219033	0.2658203	1.179589
201	17	1.308781	0.1416355	0.3860716
201	18	-0.1657042	0.5802993	0.3842143
202	3	-0.1661140	0.5808102	0.3803595
202	6	-0.1661140	0.5808102	0.3803595
202	9	-0.1661140	0.5808102	0.3803595
202	12	-0.1661140	0.5808102	0.3803595
202	13	1.339335	0.1495407	0.2176959
202	14	1.339335	0.1495407	0.2176959
202	15	0.6219033	0.2658203	1.179589
202	17	1.308781	0.1416355	0.3860716
202	18	-0.1657042	0.5802993	0.3842143
203	3	-0.1661140	0.5808102	0.3803595
203	6	-0.1661140	0.5808102	0.3803595
203	9	-0.1661140	0.5808102	0.3803595
203	12	-0.1661140	0.5808102	0.3803595
203	13	1.339335	0.1495407	0.2176959
203	14	1.339335	0.1495407	0.2176959
203	15	0.6219033	0.2658203	1.179589
203	17	1.308781	0.1416355	0.3860716
203	18	-0.1657042	0.5802993	0.3842143
204	3	-0.1729553	0.5830395	0.3784283
204	6	-0.1729553	0.5830395	0.3784283
204	9	-0.1729553	0.5830395	0.3784283
204	12	-0.1729553	0.5830395	0.3784283
204	13	1.318920	0.1567701	0.2062173
204	14	1.318920	0.1567701	0.2062173
204	15	0.5496006	0.2830565	1.221852
204	17	1.293341	0.1465060	0.3833063
205	3	-0.1661140	0.5808102	0.3803595
205	6	-0.1661140	0.5808102	0.3803595
205	9	-0.1661140	0.5808102	0.3803595
205	12	-0.1661140	0.5808102	0.3803595
205	13	1.339335	0.1495407	0.2176959
205	14	1.339335	0.1495407	0.2176959
205	15	0.6219033	0.2658203	1.179589
205	17	1.308781	0.1416355	0.3860716
205	18	-0.1657042	0.5802993	0.3842143
206	3	-0.1661140	0.5808102	0.3803595
206	6	-0.1661140	0.5808102	0.3803595
206	9	-0.1661140	0.5808102	0.3803595
206	12	-0.1661140	0.5808102	0.3803595
206	13	1.339335	0.1495407	0.2176959
206	14	1.339335	0.1495407	0.2176959
206	15	0.6219033	0.2658203	1.179589
206	17	1.308781	0.1416355	0.3860716
206	18	-0.1657042	0.5802993	0.3842143
207	3	-0.1661140	0.5808102	0.3803595
207	6	-0.1661140	0.5808102	0.3803595
207	9	-0.1661140	0.5808102	0.3803595
207	12	-0.1661140	0.5808102	0.3803595
207	13	1.339335	0.1495407	0.2176959
207	14	1.339335	0.1495407	0.2176959
207	15	0.6219033	0.2658203	1.179589
207	17	1.308781	0.1416355	0.3860716
207	18	-0.1657042	0.5802993	0.3842143
208	3	-0.1661140	0.5808102	0.3803595
208	6	-0.1661140	0.5808102	0.3803595
208	9	-0.1661140	0.5808102	0.3803595
208	12	-0.1661140	0.5808102	0.3803595
208	13	1.339335	0.1495407	0.2176959
208	14	1.339335	0.1495407	0.2176959
208	15	0.6219033	0.2658203	1.179589
208	17	1.308781	0.1416355	0.3860716
208	18	-0.1657042	0.5802993	0.3842143
209	1	-0.3238854	0.5598532	1.052963
209	2	0.009224654	0.550807	0.1609788
209	3	1.332612	0.1296106	0.435006
209	4	-0.3253765	0.5593946	1.061902
209	5	-0.02690721	0.5582825	0.1933757
209	6	1.332612	0.1296106	0.435006
209	7	-0.3254252	0.5593797	1.062192
209	8	-0.02690721	0.5582825	0.1933757
209	9	1.332612	0.1296106	0.435006
209	10	-0.3254252	0.5593797	1.062192
209	11	-0.02690721	0.5582825	0.1933757
209	12	1.332612	0.1296106	0.435006
209	13	0.2907439	0.4806585	0.02652051
209	14	0.2907439	0.4806585	0.02652051
209	15	-0.1373370	0.5700946	0.4017438
209	16	-0.3207475	0.560824	1.034096
209	17	0.1015467	0.5308189	0.08699152
209	18	1.328098	0.1310484	0.4340601
210	1	-0.2313243	0.5766602	0.6136494
210	4	-0.2357517	0.5768688	0.6246289
210	7	-0.2358911	0.5768756	0.624972
210	10	-0.2358911	0.5768756	0.624972
210	13	1.224915	0.1516294	0.5341772
210	14	1.224915	0.1516294	0.5341772
210	15	0.590592	0.3937835	0.003801879
211	1	-0.2313243	0.5766602	0.6136494
211	4	-0.2357517	0.5768688	0.6246289
211	7	-0.2358911	0.5768756	0.624972
211	10	-0.2358911	0.5768756	0.624972
211	13	1.224915	0.1516294	0.5341772
211	14	1.224915	0.1516294	0.5341772
211	15	0.590592	0.3937835	0.003801879
212	1	-0.2313243	0.5766602	0.6136494
212	4	-0.2357517	0.5768688	0.6246289
212	7	-0.2358911	0.5768756	0.624972
212	10	-0.2358911	0.5768756	0.624972
212	13	1.224915	0.1516294	0.5341772
212	14	1.224915	0.1516294	0.5341772
212	15	0.590592	0.3937835	0.003801879
213	1	-0.2313243	0.5766602	0.6136494
213	4	-0.2357517	0.5768688	0.6246289
213	7	-0.2358911	0.5768756	0.624972
213	10	-0.2358911	0.5768756	0.624972
213	13	1.224915	0.1516294	0.5341772
213	14	1.224915	0.1516294	0.5341772
213	15	0.590592	0.3937835	0.003801879
214	1	-0.2135141	0.5731773	0.5956785
214	4	-0.2172666	0.573478	0.6037571
214	7	-0.2173837	0.5734879	0.6040042
214	10	-0.2173837	0.5734879	0.6040042
214	13	1.101622	0.1688592	0.726765
214	15	0.883874	0.3045544	0.02376119
215	1	-0.2135141	0.5731773	0.5956785
215	4	-0.2172666	0.573478	0.6037571
215	7	-0.2173837	0.5734879	0.6040042
215	10	-0.2173837	0.5734879	0.6040042
215	13	1.101622	0.1688592	0.726765
215	15	0.883874	0.3045544	0.02376119
216	1	-0.2042463	0.5721377	0.5786698
216	4	-0.2076766	0.5723948	0.5862309
216	7	-0.2077834	0.5724032	0.5864625
216	10	-0.2077834	0.5724032	0.5864625
216	13	1.105471	0.1673481	0.7303985
216	15	0.9323216	0.2896018	0.02916663
216	16	-0.1963291	0.5715954	0.5607129
217	1	-0.2042463	0.5721377	0.5786698
217	4	-0.2076766	0.5723948	0.5862309
217	7	-0.2077834	0.5724032	0.5864625
217	10	-0.2077834	0.5724032	0.5864625
217	13	1.105471	0.1673481	0.7303985
217	15	0.9323216	0.2896018	0.02916663
217	16	-0.1963291	0.5715954	0.5607129
218	1	-0.2042463	0.5721377	0.5786698
218	4	-0.2076766	0.5723948	0.5862309
218	7	-0.2077834	0.5724032	0.5864625
218	10	-0.2077834	0.5724032	0.5864625
218	13	1.105471	0.1673481	0.7303985
218	15	0.9323216	0.2896018	0.02916663
218	16	-0.1963291	0.5715954	0.5607129
219	1	-0.2209031	0.5753434	0.5959878
219	4	-0.2249452	0.5755242	0.6061083
219	7	-0.2250725	0.57553	0.6064252
219	10	-0.2250725	0.57553	0.6064252
219	13	1.233026	0.1489957	0.5363739
219	14	1.233026	0.1489957	0.5363739
219	15	0.6521922	0.3753621	0.004822978
219	16	-0.2118218	0.5749399	0.5732248
220	1	-0.2209031	0.5753434	0.5959878
220	4	-0.2249452	0.5755242	0.6061083
220	7	-0.2250725	0.57553	0.6064252
220	10	-0.2250725	0.57553	0.6064252
220	13	1.233026	0.1489957	0.5363739
220	14	1.233026	0.1489957	0.5363739
220	15	0.6521922	0.3753621	0.004822978
220	16	-0.2118218	0.5749399	0.5732248
221	1	-0.2209031	0.5753434	0.5959878
221	4	-0.2249452	0.5755242	0.6061083
221	7	-0.2250725	0.57553	0.6064252
221	10	-0.2250725	0.57553	0.6064252
221	13	1.233026	0.1489957	0.5363739
221	14	1.233026	0.1489957	0.5363739
221	15	0.6521922	0.3753621	0.004822978
221	16	-0.2118218	0.5749399	0.5732248
222	1	-0.2209031	0.5753434	0.5959878
222	4	-0.2249452	0.5755242	0.6061083
222	7	-0.2250725	0.57553	0.6064252
222	10	-0.2250725	0.57553	0.6064252
222	13	1.233026	0.1489957	0.5363739
222	14	1.233026	0.1489957	0.5363739
222	15	0.6521922	0.3753621	0.004822978
222	16	-0.2118218	0.5749399	0.5732248
223	1	-0.2209031	0.5753434	0.5959878
223	4	-0.2249452	0.5755242	0.6061083
223	7	-0.2250725	0.57553	0.6064252
223	10	-0.2250725	0.57553	0.6064252
223	13	1.233026	0.1489957	0.5363739
223	14	1.233026	0.1489957	0.5363739
223	15	0.6521922	0.3753621	0.004822978
223	16	-0.2118218	0.5749399	0.5732248
224	1	-0.2209031	0.5753434	0.5959878
224	4	-0.2249452	0.5755242	0.6061083
224	7	-0.2250725	0.57553	0.6064252
224	10	-0.2250725	0.57553	0.6064252
224	13	1.233026	0.1489957	0.5363739
224	14	1.233026	0.1489957	0.5363739
224	15	0.6521922	0.3753621	0.004822978
224	16	-0.2118218	0.5749399	0.5732248
225	1	-0.2209031	0.5753434	0.5959878
225	4	-0.2249452	0.5755242	0.6061083
225	7	-0.2250725	0.57553	0.6064252
225	10	-0.2250725	0.57553	0.6064252
225	13	1.233026	0.1489957	0.5363739
225	14	1.233026	0.1489957	0.5363739
225	15	0.6521922	0.3753621	0.004822978
225	16	-0.2118218	0.5749399	0.5732248
226	13	-0.1656517	0.5787849	0.3990665
226	14	-0.1656517	0.5787849	0.3990665
226	15	1.173914	0.2109627	0.09650452
226	16	0.7391977	0.2466255	1.024150
227	13	-0.1501089	0.5742754	0.3979514
227	14	-0.1501089	0.5742754	0.3979514
227	15	1.287952	0.1441386	0.4226469
228	13	-0.1501089	0.5742754	0.3979514
228	14	-0.1501089	0.5742754	0.3979514
228	15	1.287952	0.1441386	0.4226469
229	13	-0.1501089	0.5742754	0.3979514
229	14	-0.1501089	0.5742754	0.3979514
229	15	1.287952	0.1441386	0.4226469
230	13	-0.1501089	0.5742754	0.3979514
230	14	-0.1501089	0.5742754	0.3979514
230	15	1.287952	0.1441386	0.4226469
231	13	-0.1501089	0.5742754	0.3979514
231	14	-0.1501089	0.5742754	0.3979514
231	15	1.287952	0.1441386	0.4226469
232	13	-0.1501089	0.5742754	0.3979514
232	14	-0.1501089	0.5742754	0.3979514
232	15	1.287952	0.1441386	0.4226469
233	13	-0.1501089	0.5742754	0.3979514
233	14	-0.1501089	0.5742754	0.3979514
233	15	1.287952	0.1441386	0.4226469
234	13	-0.1501089	0.5742754	0.3979514
234	14	-0.1501089	0.5742754	0.3979514
234	15	1.287952	0.1441386	0.4226469
235	13	-0.1501089	0.5742754	0.3979514
235	14	-0.1501089	0.5742754	0.3979514
235	15	1.287952	0.1441386	0.4226469
236	13	-0.1501089	0.5742754	0.3979514
236	14	-0.1501089	0.5742754	0.3979514
236	15	1.287952	0.1441386	0.4226469
237	13	-0.1501089	0.5742754	0.3979514
237	14	-0.1501089	0.5742754	0.3979514
237	15	1.287952	0.1441386	0.4226469
238	13	-0.1501089	0.5742754	0.3979514
238	14	-0.1501089	0.5742754	0.3979514
238	15	1.287952	0.1441386	0.4226469
239	13	-0.1501089	0.5742754	0.3979514
239	14	-0.1501089	0.5742754	0.3979514
239	15	1.287952	0.1441386	0.4226469
240	14	1.245338	0.1568849	0.4219151
240	15	-0.1702576	0.580302	0.3976054
241	14	1.245338	0.1568849	0.4219151
241	15	-0.1702576	0.580302	0.3976054
242	14	1.245338	0.1568849	0.4219151
242	15	-0.1702576	0.580302	0.3976054
243	14	1.245338	0.1568849	0.4219151
243	15	-0.1702576	0.580302	0.3976054
244	13	-0.1501089	0.5742754	0.3979514
244	14	-0.1501089	0.5742754	0.3979514
244	15	1.287952	0.1441386	0.4226469
245	13	-0.1501089	0.5742754	0.3979514
245	14	-0.1501089	0.5742754	0.3979514
245	15	1.287952	0.1441386	0.4226469
246	13	-0.1501089	0.5742754	0.3979514
246	14	-0.1501089	0.5742754	0.3979514
246	15	1.287952	0.1441386	0.4226469
247	13	-0.1501089	0.5742754	0.3979514
247	14	-0.1501089	0.5742754	0.3979514
247	15	1.287952	0.1441386	0.4226469
248	13	-0.1501089	0.5742754	0.3979514
248	14	-0.1501089	0.5742754	0.3979514
248	15	1.287952	0.1441386	0.4226469
249	14	1.245338	0.1568849	0.4219151
249	15	-0.1702576	0.580302	0.3976054
250	14	1.245338	0.1568849	0.4219151
250	15	-0.1702576	0.580302	0.3976054
251	14	1.245338	0.1568849	0.4219151
251	15	-0.1702576	0.580302	0.3976054
252	14	1.245338	0.1568849	0.4219151
252	15	-0.1702576	0.580302	0.3976054
253	14	1.245338	0.1568849	0.4219151
253	15	-0.1702576	0.580302	0.3976054
254	14	1.245338	0.1568849	0.4219151
254	15	-0.1702576	0.580302	0.3976054
255	14	1.245338	0.1568849	0.4219151
255	15	-0.1702576	0.580302	0.3976054
256	14	1.245338	0.1568849	0.4219151
256	15	-0.1702576	0.580302	0.3976054
257	14	1.245338	0.1568849	0.4219151
257	15	-0.1702576	0.580302	0.3976054
258	14	1.245338	0.1568849	0.4219151
258	15	-0.1702576	0.580302	0.3976054
259	14	1.245338	0.1568849	0.4219151
259	15	-0.1702576	0.580302	0.3976054
260	1	1.109050	0.1740404	0.6535313
260	3	-0.2097288	0.5886939	0.4307617
260	4	1.103842	0.1747725	0.6616264
260	6	-0.2097288	0.5886939	0.4307617
260	7	1.103673	0.1747962	0.6618889
260	9	-0.2097288	0.5886939	0.4307617
260	10	1.103673	0.1747962	0.6618889
260	12	-0.2097288	0.5886939	0.4307617
260	14	0.947129	0.2862405	0.01884001
260	15	1.189710	0.2028264	0.1305820
260	16	1.119897	0.1725263	0.6365736
260	18	-0.2057929	0.5879155	0.4268766
261	3	1.272654	0.1461731	0.4475688
261	4	-0.2862978	0.5871387	0.6718109
261	6	1.272654	0.1461731	0.4475688
261	7	-0.2864146	0.5871424	0.6721186
261	9	1.272654	0.1461731	0.4475688
261	10	-0.2864146	0.5871424	0.6721186
261	12	1.272654	0.1461731	0.4475688
261	14	0.2402899	0.4967864	0.01538167
261	15	-0.005360901	0.555207	0.1603586
261	16	-0.2775395	0.5868634	0.6487301
261	18	1.269569	0.1474437	0.4440669
262	3	1.272654	0.1461731	0.4475688
262	4	-0.2862978	0.5871387	0.6718109
262	6	1.272654	0.1461731	0.4475688
262	7	-0.2864146	0.5871424	0.6721186
262	9	1.272654	0.1461731	0.4475688
262	10	-0.2864146	0.5871424	0.6721186
262	12	1.272654	0.1461731	0.4475688
262	14	0.2402899	0.4967864	0.01538167
262	15	-0.005360901	0.555207	0.1603586
262	16	-0.2775395	0.5868634	0.6487301
262	18	1.269569	0.1474437	0.4440669
263	3	1.272654	0.1461731	0.4475688
263	4	-0.2862978	0.5871387	0.6718109
263	6	1.272654	0.1461731	0.4475688
263	7	-0.2864146	0.5871424	0.6721186
263	9	1.272654	0.1461731	0.4475688
263	10	-0.2864146	0.5871424	0.6721186
263	12	1.272654	0.1461731	0.4475688
263	14	0.2402899	0.4967864	0.01538167
263	15	-0.005360901	0.555207	0.1603586
263	16	-0.2775395	0.5868634	0.6487301
263	18	1.269569	0.1474437	0.4440669
264	3	1.272654	0.1461731	0.4475688
264	4	-0.2862978	0.5871387	0.6718109
264	6	1.272654	0.1461731	0.4475688
264	7	-0.2864146	0.5871424	0.6721186
264	9	1.272654	0.1461731	0.4475688
264	10	-0.2864146	0.5871424	0.6721186
264	12	1.272654	0.1461731	0.4475688
264	14	0.2402899	0.4967864	0.01538167
264	15	-0.005360901	0.555207	0.1603586
264	16	-0.2775395	0.5868634	0.6487301
264	18	1.269569	0.1474437	0.4440669
265	3	1.272654	0.1461731	0.4475688
265	4	-0.2862978	0.5871387	0.6718109
265	6	1.272654	0.1461731	0.4475688
265	7	-0.2864146	0.5871424	0.6721186
265	9	1.272654	0.1461731	0.4475688
265	10	-0.2864146	0.5871424	0.6721186
265	12	1.272654	0.1461731	0.4475688
265	14	0.2402899	0.4967864	0.01538167
265	15	-0.005360901	0.555207	0.1603586
265	16	-0.2775395	0.5868634	0.6487301
265	18	1.269569	0.1474437	0.4440669
266	3	1.272654	0.1461731	0.4475688
266	4	-0.2862978	0.5871387	0.6718109
266	6	1.272654	0.1461731	0.4475688
266	7	-0.2864146	0.5871424	0.6721186
266	9	1.272654	0.1461731	0.4475688
266	10	-0.2864146	0.5871424	0.6721186
266	12	1.272654	0.1461731	0.4475688
266	14	0.2402899	0.4967864	0.01538167
266	15	-0.005360901	0.555207	0.1603586
266	16	-0.2775395	0.5868634	0.6487301
266	18	1.269569	0.1474437	0.4440669
267	1	1.109050	0.1740404	0.6535313
267	3	-0.2097288	0.5886939	0.4307617
267	4	1.103842	0.1747725	0.6616264
267	6	-0.2097288	0.5886939	0.4307617
267	7	1.103673	0.1747962	0.6618889
267	9	-0.2097288	0.5886939	0.4307617
267	10	1.103673	0.1747962	0.6618889
267	12	-0.2097288	0.5886939	0.4307617
267	14	0.947129	0.2862405	0.01884001
267	15	1.189710	0.2028264	0.1305820
267	16	1.119897	0.1725263	0.6365736
267	18	-0.2057929	0.5879155	0.4268766
268	1	1.109050	0.1740404	0.6535313
268	3	-0.2097288	0.5886939	0.4307617
268	4	1.103842	0.1747725	0.6616264
268	6	-0.2097288	0.5886939	0.4307617
268	7	1.103673	0.1747962	0.6618889
268	9	-0.2097288	0.5886939	0.4307617
268	10	1.103673	0.1747962	0.6618889
268	12	-0.2097288	0.5886939	0.4307617
268	14	0.947129	0.2862405	0.01884001
268	15	1.189710	0.2028264	0.1305820
268	16	1.119897	0.1725263	0.6365736
268	18	-0.2057929	0.5879155	0.4268766
269	1	1.109050	0.1740404	0.6535313
269	3	-0.2097288	0.5886939	0.4307617
269	4	1.103842	0.1747725	0.6616264
269	6	-0.2097288	0.5886939	0.4307617
269	7	1.103673	0.1747962	0.6618889
269	9	-0.2097288	0.5886939	0.4307617
269	10	1.103673	0.1747962	0.6618889
269	12	-0.2097288	0.5886939	0.4307617
269	14	0.947129	0.2862405	0.01884001
269	15	1.189710	0.2028264	0.1305820
269	16	1.119897	0.1725263	0.6365736
269	18	-0.2057929	0.5879155	0.4268766
270	1	1.109050	0.1740404	0.6535313
270	3	-0.2097288	0.5886939	0.4307617
270	4	1.103842	0.1747725	0.6616264
270	6	-0.2097288	0.5886939	0.4307617
270	7	1.103673	0.1747962	0.6618889
270	9	-0.2097288	0.5886939	0.4307617
270	10	1.103673	0.1747962	0.6618889
270	12	-0.2097288	0.5886939	0.4307617
270	14	0.947129	0.2862405	0.01884001
270	15	1.189710	0.2028264	0.1305820
270	16	1.119897	0.1725263	0.6365736
270	18	-0.2057929	0.5879155	0.4268766
271	1	-0.2600991	0.5690831	0.7735295
271	4	-0.2624653	0.5690975	0.7803601
271	7	-0.2625414	0.5690983	0.7805766
271	10	-0.2625414	0.5690983	0.7805766
271	14	0.7530608	0.3453733	0.004752772
271	15	0.7455134	0.3449026	0.03165832
271	16	-0.2549943	0.5690951	0.7583677
271	18	1.231496	0.1368022	0.6617141
272	14	0.2273631	0.4993222	0.02834627
272	15	-0.3013675	0.548465	1.099458
272	16	-0.3013675	0.548465	1.099458
272	18	1.365415	0.1258279	0.3758246
273	14	0.2273631	0.4993222	0.02834627
273	15	-0.3013675	0.548465	1.099458
273	16	-0.3013675	0.548465	1.099458
273	18	1.365415	0.1258279	0.3758246
274	14	0.2273631	0.4993222	0.02834627
274	15	-0.3013675	0.548465	1.099458
274	16	-0.3013675	0.548465	1.099458
274	18	1.365415	0.1258279	0.3758246
275	14	0.2273631	0.4993222	0.02834627
275	15	-0.3013675	0.548465	1.099458
275	16	-0.3013675	0.548465	1.099458
275	18	1.365415	0.1258279	0.3758246
276	13	0.04442755	0.545108	0.1137158
276	14	0.04442755	0.545108	0.1137158
276	15	-0.06017143	0.4460936	1.403141
276	16	-0.06017143	0.4460936	1.403141
276	18	1.396897	0.1322081	0.2198269
277	13	0.04442755	0.545108	0.1137158
277	14	0.04442755	0.545108	0.1137158
277	15	-0.06017143	0.4460936	1.403141
277	16	-0.06017143	0.4460936	1.403141
277	18	1.396897	0.1322081	0.2198269
278	13	0.04442755	0.545108	0.1137158
278	14	0.04442755	0.545108	0.1137158
278	15	-0.06017143	0.4460936	1.403141
278	16	-0.06017143	0.4460936	1.403141
278	18	1.396897	0.1322081	0.2198269
279	13	0.04442755	0.545108	0.1137158
279	14	0.04442755	0.545108	0.1137158
279	15	-0.06017143	0.4460936	1.403141
279	16	-0.06017143	0.4460936	1.403141
279	18	1.396897	0.1322081	0.2198269
280	14	0.2273631	0.4993222	0.02834627
280	15	-0.3013675	0.548465	1.099458
280	16	-0.3013675	0.548465	1.099458
280	18	1.365415	0.1258279	0.3758246
281	14	0.2273631	0.4993222	0.02834627
281	15	-0.3013675	0.548465	1.099458
281	16	-0.3013675	0.548465	1.099458
281	18	1.365415	0.1258279	0.3758246
282	14	0.2273631	0.4993222	0.02834627
282	15	-0.3013675	0.548465	1.099458
282	16	-0.3013675	0.548465	1.099458
282	18	1.365415	0.1258279	0.3758246
283	14	1.273899	0.1485433	0.4204122
283	15	0.1990955	0.5057834	0.04761935
283	16	-0.3182768	0.5483443	1.150484
284	14	1.273899	0.1485433	0.4204122
284	15	0.1990955	0.5057834	0.04761935
284	16	-0.3182768	0.5483443	1.150484
285	14	1.273899	0.1485433	0.4204122
285	15	0.1990955	0.5057834	0.04761935
285	16	-0.3182768	0.5483443	1.150484
286	14	1.273899	0.1485433	0.4204122
286	15	0.1990955	0.5057834	0.04761935
286	16	-0.3182768	0.5483443	1.150484
287	14	1.273899	0.1485433	0.4204122
287	15	0.1990955	0.5057834	0.04761935
287	16	-0.3182768	0.5483443	1.150484
288	14	1.273899	0.1485433	0.4204122
288	15	0.1990955	0.5057834	0.04761935
288	16	-0.3182768	0.5483443	1.150484
289	14	1.273899	0.1485433	0.4204122
289	15	0.1990955	0.5057834	0.04761935
289	16	-0.3182768	0.5483443	1.150484
290	1	1.245902	0.1742838	0.2478371
290	2	-0.04918392	0.561363	0.2284950
290	4	1.248294	0.1736355	0.2472131
290	5	-0.05143103	0.5622481	0.2263462
290	7	1.248373	0.1736141	0.2471930
290	8	-0.05143103	0.5622481	0.2263462
290	10	1.248373	0.1736141	0.2471930
290	11	-0.05143103	0.5622481	0.2263462
290	14	0.01105896	0.4396547	1.257041
290	15	-0.0004130257	0.4410708	1.276815
290	16	1.241049	0.1755930	0.2491643
290	17	-0.05064379	0.5619414	0.2270653
290	18	-0.1536882	0.4539852	1.600520
291	1	1.245588	0.1745986	0.2456416
291	2	-0.05086078	0.5616489	0.2306038
291	4	1.247496	0.1740819	0.2451405
291	5	-0.05313799	0.5625402	0.228482
291	7	1.247811	0.1739964	0.2450591
291	8	-0.05313799	0.5625402	0.228482
291	10	1.247811	0.1739964	0.2450591
291	11	-0.05313799	0.5625402	0.228482
291	14	0.02358594	0.4359573	1.256765
291	15	0.005439255	0.4393354	1.276766
291	16	1.240754	0.1759024	0.2469685
291	17	-0.05234081	0.5622315	0.2291922
291	18	-0.1498481	0.4528389	1.600562
292	1	1.245588	0.1745986	0.2456416
292	2	-0.05086078	0.5616489	0.2306038
292	4	1.247496	0.1740819	0.2451405
292	5	-0.05313799	0.5625402	0.228482
292	7	1.247811	0.1739964	0.2450591
292	8	-0.05313799	0.5625402	0.228482
292	10	1.247811	0.1739964	0.2450591
292	11	-0.05313799	0.5625402	0.228482
292	14	0.02358594	0.4359573	1.256765
292	15	0.005439255	0.4393354	1.276766
292	16	1.240754	0.1759024	0.2469685
292	17	-0.05234081	0.5622315	0.2291922
292	18	-0.1498481	0.4528389	1.600562
293	1	-0.2693619	0.5726859	0.7651245
293	4	-0.2707866	0.5729662	0.7665444
293	5	0.8715142	0.3069345	0.03659823
293	7	-0.271021	0.5730126	0.7667758
293	8	0.8715142	0.3069345	0.03659823
293	10	-0.271021	0.5730126	0.7667758
293	11	0.8715142	0.3069345	0.03659823
293	14	1.111459	0.2239886	0.1514692
293	15	1.048058	0.1999462	0.576552
293	16	-0.2657155	0.5719775	0.7613984
293	17	0.870718	0.3071011	0.03729347
293	18	0.7951516	0.2241736	1.08175
294	1	-0.1242553	0.4721389	1.333889
294	4	-0.1242553	0.4721389	1.333889
294	5	0.2210447	0.4989038	0.05111215
294	8	0.2210447	0.4989038	0.05111215
294	11	0.2210447	0.4989038	0.05111215
294	14	-0.08683342	0.4579488	1.364230
294	15	0.3964934	0.3363082	1.145337
294	16	-0.1232088	0.4721182	1.331011
294	17	0.2197554	0.4991539	0.05243246
294	18	1.411075	0.1225920	0.2733378
295	1	-0.1242553	0.4721389	1.333889
295	4	-0.1242553	0.4721389	1.333889
295	5	0.2210447	0.4989038	0.05111215
295	8	0.2210447	0.4989038	0.05111215
295	11	0.2210447	0.4989038	0.05111215
295	14	-0.08683342	0.4579488	1.364230
295	15	0.3964934	0.3363082	1.145337
295	16	-0.1232088	0.4721182	1.331011
295	17	0.2197554	0.4991539	0.05243246
295	18	1.411075	0.1225920	0.2733378
296	1	-0.1249654	0.4723803	1.333590
296	4	-0.1249654	0.4723803	1.333590
296	5	0.2215969	0.4987506	0.05100254
296	8	0.2216338	0.4987437	0.05096296
296	11	0.2216338	0.4987437	0.05096296
296	14	-0.08757369	0.4581788	1.364132
296	15	0.3954715	0.3365563	1.14589
296	16	-0.1239210	0.4723604	1.330709
296	17	0.2203841	0.4989864	0.05223953
296	18	1.411071	0.1225307	0.2739553
297	1	-0.2760138	0.5378236	1.130196
297	4	-0.2760138	0.5378236	1.130196
297	5	-0.1545602	0.5680298	0.4729598
297	14	0.4277007	0.4424076	0.001976941
297	15	0.5391256	0.4065136	0.02931676
297	16	-0.274851	0.5379954	1.125067
297	17	-0.1545602	0.5680298	0.4729598
297	18	1.354755	0.1224457	0.4407546
298	1	0.9422367	0.2063113	0.8253177
298	3	-0.1889205	0.5854437	0.4016504
298	4	0.9422367	0.2063113	0.8253177
298	5	1.223035	0.1617683	0.4392463
298	6	-0.1889205	0.5854437	0.4016504
298	9	-0.1889205	0.5854437	0.4016504
298	12	-0.1889205	0.5854437	0.4016504
298	14	1.066175	0.2489027	0.03802874
298	15	1.248297	0.1751996	0.2317039
298	16	0.950099	0.2049367	0.8157702
298	17	1.223035	0.1617683	0.4392463
298	18	-0.1877905	0.5851182	0.4015463
299	1	0.9422367	0.2063113	0.8253177
299	3	-0.1889205	0.5854437	0.4016504
299	4	0.9422367	0.2063113	0.8253177
299	5	1.223035	0.1617683	0.4392463
299	6	-0.1889205	0.5854437	0.4016504
299	9	-0.1889205	0.5854437	0.4016504
299	12	-0.1889205	0.5854437	0.4016504
299	14	1.066175	0.2489027	0.03802874
299	15	1.248297	0.1751996	0.2317039
299	16	0.950099	0.2049367	0.8157702
299	17	1.223035	0.1617683	0.4392463
299	18	-0.1877905	0.5851182	0.4015463
300	1	0.9422367	0.2063113	0.8253177
300	3	-0.1889205	0.5854437	0.4016504
300	4	0.9422367	0.2063113	0.8253177
300	5	1.223035	0.1617683	0.4392463
300	6	-0.1889205	0.5854437	0.4016504
300	9	-0.1889205	0.5854437	0.4016504
300	12	-0.1889205	0.5854437	0.4016504
300	14	1.066175	0.2489027	0.03802874
300	15	1.248297	0.1751996	0.2317039
300	16	0.950099	0.2049367	0.8157702
300	17	1.223035	0.1617683	0.4392463
300	18	-0.1877905	0.5851182	0.4015463
301	1	0.9422367	0.2063113	0.8253177
301	3	-0.1889205	0.5854437	0.4016504
301	4	0.9422367	0.2063113	0.8253177
301	5	1.223035	0.1617683	0.4392463
301	6	-0.1889205	0.5854437	0.4016504
301	9	-0.1889205	0.5854437	0.4016504
301	12	-0.1889205	0.5854437	0.4016504
301	14	1.066175	0.2489027	0.03802874
301	15	1.248297	0.1751996	0.2317039
301	16	0.950099	0.2049367	0.8157702
301	17	1.223035	0.1617683	0.4392463
301	18	-0.1877905	0.5851182	0.4015463
302	1	0.938217	0.2085182	0.8152949
302	3	-0.2064175	0.5886197	0.4217389
302	4	0.9307693	0.2098272	0.8242694
302	5	1.199248	0.1981081	0.149231
302	6	-0.2064175	0.5886197	0.4217389
302	7	0.9295597	0.2100399	0.8257268
302	9	-0.2064175	0.5886197	0.4217389
302	10	0.9295597	0.2100399	0.8257268
302	12	-0.2064175	0.5886197	0.4217389
302	14	0.9936092	0.2710384	0.03251531
302	15	1.118296	0.2266478	0.1049705
302	16	0.9578094	0.2050838	0.7915914
302	17	1.199248	0.1981081	0.149231
302	18	-0.2048860	0.5882696	0.4206959
303	1	1.144481	0.1708004	0.5812297
303	3	-0.2434518	0.5897165	0.5200051
303	4	1.143743	0.1707968	0.5834401
303	5	1.200846	0.1674804	0.4480302
303	6	-0.2434518	0.5897165	0.5200051
303	7	1.143624	0.1707957	0.5838022
303	9	-0.2434518	0.5897165	0.5200051
303	10	1.143624	0.1707957	0.5838022
303	12	-0.2434518	0.5897165	0.5200051
303	14	0.5409529	0.4105604	-0.01616958
303	15	1.215474	0.1713729	0.3663505
303	16	1.146439	0.1707958	0.5755037
303	17	1.200846	0.1674804	0.4480302
303	18	-0.2410960	0.5893499	0.5166963
304	1	1.144481	0.1708004	0.5812297
304	3	-0.2434518	0.5897165	0.5200051
304	4	1.143743	0.1707968	0.5834401
304	5	1.200846	0.1674804	0.4480302
304	6	-0.2434518	0.5897165	0.5200051
304	7	1.143624	0.1707957	0.5838022
304	9	-0.2434518	0.5897165	0.5200051
304	10	1.143624	0.1707957	0.5838022
304	12	-0.2434518	0.5897165	0.5200051
304	14	0.5409529	0.4105604	-0.01616958
304	15	1.215474	0.1713729	0.3663505
304	16	1.146439	0.1707958	0.5755037
304	17	1.200846	0.1674804	0.4480302
304	18	-0.2410960	0.5893499	0.5166963
305	1	-0.2308846	0.5815363	0.5640333
305	2	-0.1722158	0.5770409	0.4356919
305	3	1.232158	0.1490866	0.5380322
305	4	-0.2320365	0.5816497	0.5663039
305	5	-0.1726357	0.5771249	0.436097
305	6	1.232158	0.1490866	0.5380322
305	7	-0.2322258	0.5816685	0.5666758
305	9	1.232158	0.1490866	0.5380322
305	10	-0.2322258	0.5816685	0.5666758
305	12	1.232158	0.1490866	0.5380322
305	14	0.6957807	0.3642316	-0.01332814
305	15	-0.1131190	0.569068	0.3405496
305	16	-0.2279197	0.5812481	0.5581522
305	17	-0.1726357	0.5771249	0.436097
305	18	1.231924	0.1494882	0.5347417
306	1	-0.2308846	0.5815363	0.5640333
306	2	-0.1722158	0.5770409	0.4356919
306	3	1.232158	0.1490866	0.5380322
306	4	-0.2320365	0.5816497	0.5663039
306	5	-0.1726357	0.5771249	0.436097
306	6	1.232158	0.1490866	0.5380322
306	7	-0.2322258	0.5816685	0.5666758
306	9	1.232158	0.1490866	0.5380322
306	10	-0.2322258	0.5816685	0.5666758
306	12	1.232158	0.1490866	0.5380322
306	14	0.6957807	0.3642316	-0.01332814
306	15	-0.1131190	0.569068	0.3405496
306	16	-0.2279197	0.5812481	0.5581522
306	17	-0.1726357	0.5771249	0.436097
306	18	1.231924	0.1494882	0.5347417
307	1	-0.2313659	0.5822246	0.5586306
307	2	-0.1998587	0.5798708	0.4891085
307	3	1.226135	0.1511156	0.5356727
307	4	-0.2325279	0.5823505	0.5608072
307	5	-0.20055	0.5799737	0.4901263
307	6	1.226135	0.1511156	0.5356727
307	7	-0.2327189	0.5823714	0.5611637
307	9	1.226135	0.1511156	0.5356727
307	10	-0.2327189	0.5823714	0.5611637
307	12	1.226135	0.1511156	0.5356727
307	14	0.6608402	0.3747245	-0.01434364
307	15	-0.1413549	0.5728495	0.3862841
307	17	-0.20055	0.5799737	0.4901263
307	18	1.225812	0.1515329	0.5324914
308	1	-0.2501779	0.5826849	0.6095063
308	2	-0.2363000	0.5809663	0.5856406
308	3	1.137458	0.1653859	0.6555796
308	4	-0.2509620	0.5828049	0.6106277
308	5	-0.2368878	0.5810582	0.5864613
308	6	1.137458	0.1653859	0.6555796
308	7	-0.2510916	0.5828248	0.6108122
308	9	1.137458	0.1653859	0.6555796
308	10	-0.2510916	0.5828248	0.6108122
308	12	1.137458	0.1653859	0.6555796
308	13	0.6978538	0.3631415	-0.008635336
308	14	0.6978538	0.3631415	-0.008635336
308	15	-0.2007193	0.5764313	0.5257286
308	17	-0.2368878	0.5810582	0.5864613
308	18	1.137099	0.1657646	0.6528847
309	1	-0.3159122	0.5763851	0.865644
309	2	0.1093230	0.5296299	0.07585824
309	3	1.286004	0.1436006	0.4337192
309	4	-0.3186857	0.576145	0.8761964
309	5	0.1133293	0.5286987	0.0732805
309	6	1.286004	0.1436006	0.4337192
309	7	-0.3191348	0.576106	0.8779062
309	9	1.286004	0.1436006	0.4337192
309	10	-0.3191348	0.576106	0.8779062
309	12	1.286004	0.1436006	0.4337192
309	15	-0.04355257	0.5599056	0.2263427
309	17	0.1133293	0.5286987	0.0732805
309	18	1.283978	0.1442683	0.4330732
310	1	-0.341408	0.5744306	0.9601445
310	2	-0.003256138	0.5562675	0.1436473
310	3	1.276547	0.1488027	0.4100358
310	5	0.001301376	0.5554028	0.1387848
310	6	1.276547	0.1488027	0.4100358
310	9	1.276547	0.1488027	0.4100358
310	10	-0.341408	0.5744306	0.9601445
310	12	1.276547	0.1488027	0.4100358
310	15	-0.2654151	0.5786801	0.6940933
310	17	0.001301376	0.5554028	0.1387848
310	18	1.273870	0.1495230	0.4107871
311	1	-0.3304227	0.5753392	0.9187683
311	2	0.05311846	0.5434141	0.1048903
311	3	1.281584	0.1460052	0.4229147
311	5	0.057332	0.5425129	0.1014036
311	6	1.281584	0.1460052	0.4229147
311	7	-0.3325813	0.5750967	0.9275327
311	9	1.281584	0.1460052	0.4229147
311	10	-0.3325813	0.5750967	0.9275327
311	12	1.281584	0.1460052	0.4229147
311	15	-0.1375151	0.5735785	0.3677445
311	17	0.057332	0.5425129	0.1014036
311	18	1.279303	0.1466975	0.4227784
312	1	-0.3304227	0.5753392	0.9187683
312	2	0.05311846	0.5434141	0.1048903
312	3	1.281584	0.1460052	0.4229147
312	5	0.057332	0.5425129	0.1014036
312	6	1.281584	0.1460052	0.4229147
312	7	-0.3325813	0.5750967	0.9275327
312	9	1.281584	0.1460052	0.4229147
312	10	-0.3325813	0.5750967	0.9275327
312	12	1.281584	0.1460052	0.4229147
312	15	-0.1375151	0.5735785	0.3677445
312	17	0.057332	0.5425129	0.1014036
312	18	1.279303	0.1466975	0.4227784
313	3	-0.1824766	0.5718688	0.5171827
313	6	-0.1824766	0.5718688	0.5171827
313	9	-0.1824766	0.5718688	0.5171827
313	12	-0.1824766	0.5718688	0.5171827
313	15	1.371139	0.1194140	0.4225164
313	18	0.08917579	0.5312923	0.1187558
314	3	-0.1824766	0.5718688	0.5171827
314	6	-0.1824766	0.5718688	0.5171827
314	9	-0.1824766	0.5718688	0.5171827
314	12	-0.1824766	0.5718688	0.5171827
314	15	1.371139	0.1194140	0.4225164
314	18	0.08917579	0.5312923	0.1187558
315	3	-0.1824766	0.5718688	0.5171827
315	6	-0.1824766	0.5718688	0.5171827
315	9	-0.1824766	0.5718688	0.5171827
315	12	-0.1824766	0.5718688	0.5171827
315	15	1.371139	0.1194140	0.4225164
315	18	0.08917579	0.5312923	0.1187558
316	3	-0.1824766	0.5718688	0.5171827
316	6	-0.1824766	0.5718688	0.5171827
316	9	-0.1824766	0.5718688	0.5171827
316	12	-0.1824766	0.5718688	0.5171827
316	15	1.371139	0.1194140	0.4225164
316	18	0.08917579	0.5312923	0.1187558
317	3	-0.1824766	0.5718688	0.5171827
317	6	-0.1824766	0.5718688	0.5171827
317	9	-0.1824766	0.5718688	0.5171827
317	12	-0.1824766	0.5718688	0.5171827
317	15	1.371139	0.1194140	0.4225164
317	18	0.08917579	0.5312923	0.1187558
318	3	-0.1824766	0.5718688	0.5171827
318	6	-0.1824766	0.5718688	0.5171827
318	9	-0.1824766	0.5718688	0.5171827
318	12	-0.1824766	0.5718688	0.5171827
318	15	1.371139	0.1194140	0.4225164
318	18	0.08917579	0.5312923	0.1187558
319	3	-0.1824766	0.5718688	0.5171827
319	6	-0.1824766	0.5718688	0.5171827
319	9	-0.1824766	0.5718688	0.5171827
319	12	-0.1824766	0.5718688	0.5171827
319	15	1.371139	0.1194140	0.4225164
319	18	0.08917579	0.5312923	0.1187558
320	3	-0.1824766	0.5718688	0.5171827
320	6	-0.1824766	0.5718688	0.5171827
320	9	-0.1824766	0.5718688	0.5171827
320	12	-0.1824766	0.5718688	0.5171827
320	15	1.371139	0.1194140	0.4225164
320	18	0.08917579	0.5312923	0.1187558
321	3	-0.1824766	0.5718688	0.5171827
321	6	-0.1824766	0.5718688	0.5171827
321	9	-0.1824766	0.5718688	0.5171827
321	12	-0.1824766	0.5718688	0.5171827
321	15	1.371139	0.1194140	0.4225164
321	18	0.08917579	0.5312923	0.1187558
322	3	-0.1824766	0.5718688	0.5171827
322	6	-0.1824766	0.5718688	0.5171827
322	9	-0.1824766	0.5718688	0.5171827
322	12	-0.1824766	0.5718688	0.5171827
322	15	1.371139	0.1194140	0.4225164
322	18	0.08917579	0.5312923	0.1187558
323	3	-0.1824766	0.5718688	0.5171827
323	6	-0.1824766	0.5718688	0.5171827
323	9	-0.1824766	0.5718688	0.5171827
323	12	-0.1824766	0.5718688	0.5171827
323	15	1.371139	0.1194140	0.4225164
323	18	0.08917579	0.5312923	0.1187558
324	3	-0.1824766	0.5718688	0.5171827
324	6	-0.1824766	0.5718688	0.5171827
324	9	-0.1824766	0.5718688	0.5171827
324	12	-0.1824766	0.5718688	0.5171827
324	15	1.371139	0.1194140	0.4225164
324	18	0.08917579	0.5312923	0.1187558
325	3	-0.1824766	0.5718688	0.5171827
325	6	-0.1824766	0.5718688	0.5171827
325	9	-0.1824766	0.5718688	0.5171827
325	12	-0.1824766	0.5718688	0.5171827
325	15	1.371139	0.1194140	0.4225164
325	18	0.08917579	0.5312923	0.1187558
326	3	-0.1824766	0.5718688	0.5171827
326	6	-0.1824766	0.5718688	0.5171827
326	9	-0.1824766	0.5718688	0.5171827
326	12	-0.1824766	0.5718688	0.5171827
326	15	1.371139	0.1194140	0.4225164
326	18	0.08917579	0.5312923	0.1187558
327	3	-0.1824766	0.5718688	0.5171827
327	6	-0.1824766	0.5718688	0.5171827
327	9	-0.1824766	0.5718688	0.5171827
327	12	-0.1824766	0.5718688	0.5171827
327	15	1.371139	0.1194140	0.4225164
327	18	0.08917579	0.5312923	0.1187558
328	3	-0.1824766	0.5718688	0.5171827
328	6	-0.1824766	0.5718688	0.5171827
328	9	-0.1824766	0.5718688	0.5171827
328	12	-0.1824766	0.5718688	0.5171827
328	15	1.371139	0.1194140	0.4225164
328	18	0.08917579	0.5312923	0.1187558
329	3	-0.1824766	0.5718688	0.5171827
329	6	-0.1824766	0.5718688	0.5171827
329	9	-0.1824766	0.5718688	0.5171827
329	12	-0.1824766	0.5718688	0.5171827
329	15	1.371139	0.1194140	0.4225164
329	18	0.08917579	0.5312923	0.1187558
330	3	-0.1824766	0.5718688	0.5171827
330	6	-0.1824766	0.5718688	0.5171827
330	9	-0.1824766	0.5718688	0.5171827
330	12	-0.1824766	0.5718688	0.5171827
330	15	1.371139	0.1194140	0.4225164
330	18	0.08917579	0.5312923	0.1187558
331	3	-0.1824766	0.5718688	0.5171827
331	6	-0.1824766	0.5718688	0.5171827
331	9	-0.1824766	0.5718688	0.5171827
331	12	-0.1824766	0.5718688	0.5171827
331	15	1.371139	0.1194140	0.4225164
331	18	0.08917579	0.5312923	0.1187558
332	3	-0.1824766	0.5718688	0.5171827
332	6	-0.1824766	0.5718688	0.5171827
332	9	-0.1824766	0.5718688	0.5171827
332	12	-0.1824766	0.5718688	0.5171827
332	15	1.371139	0.1194140	0.4225164
332	18	0.08917579	0.5312923	0.1187558
333	3	-0.1824766	0.5718688	0.5171827
333	6	-0.1824766	0.5718688	0.5171827
333	9	-0.1824766	0.5718688	0.5171827
333	12	-0.1824766	0.5718688	0.5171827
333	15	1.371139	0.1194140	0.4225164
333	18	0.08917579	0.5312923	0.1187558
334	3	-0.1824766	0.5718688	0.5171827
334	6	-0.1824766	0.5718688	0.5171827
334	9	-0.1824766	0.5718688	0.5171827
334	12	-0.1824766	0.5718688	0.5171827
334	15	1.371139	0.1194140	0.4225164
334	18	0.08917579	0.5312923	0.1187558
335	3	-0.1824766	0.5718688	0.5171827
335	6	-0.1824766	0.5718688	0.5171827
335	9	-0.1824766	0.5718688	0.5171827
335	12	-0.1824766	0.5718688	0.5171827
335	15	1.371139	0.1194140	0.4225164
335	18	0.08917579	0.5312923	0.1187558
336	3	-0.1824766	0.5718688	0.5171827
336	6	-0.1824766	0.5718688	0.5171827
336	9	-0.1824766	0.5718688	0.5171827
336	12	-0.1824766	0.5718688	0.5171827
336	15	1.371139	0.1194140	0.4225164
336	18	0.08917579	0.5312923	0.1187558
337	3	-0.1824766	0.5718688	0.5171827
337	6	-0.1824766	0.5718688	0.5171827
337	9	-0.1824766	0.5718688	0.5171827
337	12	-0.1824766	0.5718688	0.5171827
337	15	1.371139	0.1194140	0.4225164
337	18	0.08917579	0.5312923	0.1187558
338	3	-0.1824766	0.5718688	0.5171827
338	6	-0.1824766	0.5718688	0.5171827
338	9	-0.1824766	0.5718688	0.5171827
338	12	-0.1824766	0.5718688	0.5171827
338	15	1.371139	0.1194140	0.4225164
338	18	0.08917579	0.5312923	0.1187558
339	3	-0.1824766	0.5718688	0.5171827
339	6	-0.1824766	0.5718688	0.5171827
339	9	-0.1824766	0.5718688	0.5171827
339	12	-0.1824766	0.5718688	0.5171827
339	15	1.371139	0.1194140	0.4225164
339	18	0.08917579	0.5312923	0.1187558
340	3	-0.1824766	0.5718688	0.5171827
340	6	-0.1824766	0.5718688	0.5171827
340	9	-0.1824766	0.5718688	0.5171827
340	12	-0.1824766	0.5718688	0.5171827
340	15	1.371139	0.1194140	0.4225164
340	18	0.08917579	0.5312923	0.1187558
341	3	-0.1824766	0.5718688	0.5171827
341	6	-0.1824766	0.5718688	0.5171827
341	9	-0.1824766	0.5718688	0.5171827
341	12	-0.1824766	0.5718688	0.5171827
341	15	1.371139	0.1194140	0.4225164
341	18	0.08917579	0.5312923	0.1187558
342	3	-0.1824766	0.5718688	0.5171827
342	6	-0.1824766	0.5718688	0.5171827
342	9	-0.1824766	0.5718688	0.5171827
342	12	-0.1824766	0.5718688	0.5171827
342	15	1.371139	0.1194140	0.4225164
342	18	0.08917579	0.5312923	0.1187558
343	3	-0.1824766	0.5718688	0.5171827
343	6	-0.1824766	0.5718688	0.5171827
343	9	-0.1824766	0.5718688	0.5171827
343	12	-0.1824766	0.5718688	0.5171827
343	15	1.371139	0.1194140	0.4225164
343	18	0.08917579	0.5312923	0.1187558
344	3	-0.1824766	0.5718688	0.5171827
344	6	-0.1824766	0.5718688	0.5171827
344	9	-0.1824766	0.5718688	0.5171827
344	12	-0.1824766	0.5718688	0.5171827
344	15	1.371139	0.1194140	0.4225164
344	18	0.08917579	0.5312923	0.1187558
345	3	-0.1824766	0.5718688	0.5171827
345	6	-0.1824766	0.5718688	0.5171827
345	9	-0.1824766	0.5718688	0.5171827
345	12	-0.1824766	0.5718688	0.5171827
345	15	1.371139	0.1194140	0.4225164
345	18	0.08917579	0.5312923	0.1187558
346	3	-0.1824766	0.5718688	0.5171827
346	6	-0.1824766	0.5718688	0.5171827
346	9	-0.1824766	0.5718688	0.5171827
346	12	-0.1824766	0.5718688	0.5171827
346	15	1.371139	0.1194140	0.4225164
346	18	0.08917579	0.5312923	0.1187558
347	3	-0.1824766	0.5718688	0.5171827
347	6	-0.1824766	0.5718688	0.5171827
347	9	-0.1824766	0.5718688	0.5171827
347	12	-0.1824766	0.5718688	0.5171827
347	15	1.371139	0.1194140	0.4225164
347	18	0.08917579	0.5312923	0.1187558
348	3	-0.1824766	0.5718688	0.5171827
348	6	-0.1824766	0.5718688	0.5171827
348	9	-0.1824766	0.5718688	0.5171827
348	12	-0.1824766	0.5718688	0.5171827
348	15	1.371139	0.1194140	0.4225164
348	18	0.08917579	0.5312923	0.1187558
349	3	-0.1824766	0.5718688	0.5171827
349	6	-0.1824766	0.5718688	0.5171827
349	9	-0.1824766	0.5718688	0.5171827
349	12	-0.1824766	0.5718688	0.5171827
349	15	1.371139	0.1194140	0.4225164
349	18	0.08917579	0.5312923	0.1187558
350	3	-0.1824766	0.5718688	0.5171827
350	6	-0.1824766	0.5718688	0.5171827
350	9	-0.1824766	0.5718688	0.5171827
350	12	-0.1824766	0.5718688	0.5171827
350	15	1.371139	0.1194140	0.4225164
350	18	0.08917579	0.5312923	0.1187558
351	3	-0.1382042	0.5707146	0.3981558
351	6	-0.1382042	0.5707146	0.3981558
351	9	-0.1382042	0.5707146	0.3981558
351	12	-0.1382042	0.5707146	0.3981558
351	15	1.360520	0.1224328	0.4238931
352	3	-0.2023890	0.5719166	0.5753873
352	6	-0.2023890	0.5719166	0.5753873
352	9	-0.2023890	0.5719166	0.5753873
352	12	-0.2023890	0.5719166	0.5753873
352	15	1.369593	0.1196755	0.4244804
352	18	0.1878759	0.5070228	0.06840008
353	3	-0.2023890	0.5719166	0.5753873
353	6	-0.2023890	0.5719166	0.5753873
353	9	-0.2023890	0.5719166	0.5753873
353	12	-0.2023890	0.5719166	0.5753873
353	15	1.369593	0.1196755	0.4244804
353	18	0.1878759	0.5070228	0.06840008
354	3	-0.2023890	0.5719166	0.5753873
354	6	-0.2023890	0.5719166	0.5753873
354	9	-0.2023890	0.5719166	0.5753873
354	12	-0.2023890	0.5719166	0.5753873
354	15	1.369593	0.1196755	0.4244804
354	18	0.1878759	0.5070228	0.06840008
355	3	-0.2023890	0.5719166	0.5753873
355	6	-0.2023890	0.5719166	0.5753873
355	9	-0.2023890	0.5719166	0.5753873
355	12	-0.2023890	0.5719166	0.5753873
355	15	1.369593	0.1196755	0.4244804
355	18	0.1878759	0.5070228	0.06840008
356	3	-0.1483193	0.5703054	0.4320178
356	6	-0.2137843	0.5715447	0.6126532
356	9	-0.2137843	0.5715447	0.6126532
356	12	-0.2137843	0.5715447	0.6126532
356	15	1.369480	0.1197649	0.4239266
356	18	0.1718118	0.5111614	0.0747273
357	3	-0.1483193	0.5703054	0.4320178
357	6	-0.2137843	0.5715447	0.6126532
357	9	-0.2137843	0.5715447	0.6126532
357	12	-0.2137843	0.5715447	0.6126532
357	15	1.369480	0.1197649	0.4239266
357	18	0.1718118	0.5111614	0.0747273
358	3	-0.1483193	0.5703054	0.4320178
358	6	-0.2137843	0.5715447	0.6126532
358	9	-0.2137843	0.5715447	0.6126532
358	12	-0.2137843	0.5715447	0.6126532
358	15	1.369480	0.1197649	0.4239266
358	18	0.1718118	0.5111614	0.0747273
359	3	-0.1483193	0.5703054	0.4320178
359	6	-0.2137843	0.5715447	0.6126532
359	9	-0.2137843	0.5715447	0.6126532
359	12	-0.2137843	0.5715447	0.6126532
359	15	1.369480	0.1197649	0.4239266
359	18	0.1718118	0.5111614	0.0747273
360	3	-0.1483193	0.5703054	0.4320178
360	6	-0.2137843	0.5715447	0.6126532
360	9	-0.2137843	0.5715447	0.6126532
360	12	-0.2137843	0.5715447	0.6126532
360	15	1.369480	0.1197649	0.4239266
360	18	0.1718118	0.5111614	0.0747273
361	3	1.058085	0.1883619	0.6617997
361	15	-0.2044826	0.5903332	0.3990577
361	18	1.255720	0.1722720	0.2388409
362	3	1.058085	0.1883619	0.6617997
362	15	-0.2044826	0.5903332	0.3990577
362	18	1.255720	0.1722720	0.2388409
363	15	1.268511	0.1499536	0.422313
363	18	-0.1810825	0.5835399	0.3974195
364	15	1.268511	0.1499536	0.422313
364	18	-0.1810825	0.5835399	0.3974195
365	15	1.268511	0.1499536	0.422313
365	18	-0.1810825	0.5835399	0.3974195
366	15	1.268511	0.1499536	0.422313
366	18	-0.1810825	0.5835399	0.3974195
367	15	1.268511	0.1499536	0.422313
367	18	-0.1810825	0.5835399	0.3974195
368	15	1.268511	0.1499536	0.422313
368	18	-0.1810825	0.5835399	0.3974195
369	15	1.268511	0.1499536	0.422313
369	18	-0.1810825	0.5835399	0.3974195
370	15	1.268511	0.1499536	0.422313
370	18	-0.1810825	0.5835399	0.3974195
371	15	1.268511	0.1499536	0.422313
371	18	-0.1810825	0.5835399	0.3974195
372	15	1.268511	0.1499536	0.422313
372	18	-0.1810825	0.5835399	0.3974195
373	15	1.268511	0.1499536	0.422313
373	18	-0.1810825	0.5835399	0.3974195
374	15	1.268511	0.1499536	0.422313
374	18	-0.1810825	0.5835399	0.3974195
375	15	1.268511	0.1499536	0.422313
375	18	-0.1810825	0.5835399	0.3974195
376	15	1.268511	0.1499536	0.422313
376	18	-0.1810825	0.5835399	0.3974195
377	15	1.268511	0.1499536	0.422313
377	18	-0.1810825	0.5835399	0.3974195
378	15	1.268511	0.1499536	0.422313
378	18	-0.1810825	0.5835399	0.3974195
379	15	1.268511	0.1499536	0.422313
379	18	-0.1810825	0.5835399	0.3974195
380	15	1.268511	0.1499536	0.422313
380	18	-0.1810825	0.5835399	0.3974195
381	15	1.268511	0.1499536	0.422313
381	18	-0.1810825	0.5835399	0.3974195
382	15	1.268511	0.1499536	0.422313
382	18	-0.1810825	0.5835399	0.3974195
383	15	1.268511	0.1499536	0.422313
383	18	-0.1810825	0.5835399	0.3974195
384	1	1.236594	0.1684275	0.3332986
384	2	0.02311232	0.5478904	0.1489564
384	4	1.239617	0.1677537	0.3310685
384	5	0.02594002	0.5474289	0.1451968
384	7	1.240108	0.1676426	0.3307211
384	10	1.240108	0.1676426	0.3307211
384	15	-0.2050881	0.4900134	1.394964
384	17	0.02594002	0.5474289	0.1451968
384	18	-0.2955166	0.5520286	1.046902
385	1	1.236472	0.1682735	0.3351840
385	2	0.007043418	0.5512206	0.1633081
385	4	1.239507	0.1675993	0.3329231
385	5	0.0302351	0.5464565	0.1421754
385	7	1.240000	0.1674881	0.3325711
385	10	1.240000	0.1674881	0.3325711
385	15	-0.2021106	0.4883783	1.402393
385	17	0.0302351	0.5464565	0.1421754
385	18	-0.2940355	0.5583811	0.9795879
386	2	0.6075236	0.3873468	0.01769192
386	3	1.088615	0.1726749	0.7272824
386	4	-0.2987648	0.5699349	0.8790314
386	5	0.5293258	0.4108467	0.0152567
386	7	-0.2992118	0.5699656	0.8800446
386	10	-0.2992118	0.5699656	0.8800446
386	15	-0.1128528	0.4808384	1.214080
386	17	0.5293258	0.4108467	0.0152567
386	18	1.123624	0.1760809	0.5903662
387	2	0.6981648	0.3599623	0.02195295
387	3	1.049117	0.1806833	0.7643174
387	4	-0.2840701	0.5751994	0.7835588
387	5	0.6169006	0.3846904	0.01638318
387	7	-0.2845443	0.5752393	0.7845613
387	10	-0.2845443	0.5752393	0.7845613
387	15	-0.2280792	0.5354635	1.012326
387	17	0.6169006	0.3846904	0.01638318
387	18	1.022099	0.1938701	0.7132603
388	2	0.7169142	0.3542778	0.02303159
388	3	1.001526	0.1899615	0.8126189
388	4	-0.2738683	0.5773187	0.7324944
388	5	0.7392535	0.3475073	0.02429345
388	7	-0.2743555	0.5773644	0.7334781
388	10	-0.2743555	0.5773644	0.7334781
388	15	-0.236551	0.5459661	0.9332155
388	17	0.6387933	0.3781351	0.01682811
388	18	1.010588	0.1963549	0.722561
389	2	1.136646	0.1893957	0.4200459
389	3	-0.1119807	0.5628706	0.3986087
389	4	-0.1119807	0.5628706	0.3986087
389	5	1.136646	0.1893957	0.4200459
389	6	-0.1119807	0.5628706	0.3986087
389	7	-0.1119807	0.5628706	0.3986088
389	9	-0.1119807	0.5628706	0.3986087
389	10	-0.1119807	0.5628706	0.3986088
389	12	-0.1119807	0.5628706	0.3986088
389	15	-0.1119807	0.5628706	0.3986088
389	17	1.147808	0.1860572	0.4202376
389	18	-0.1119807	0.5628706	0.3986088
