1	1	-0.07376887	0.4657948	1.247981
1	2	-0.07376889	0.4657948	1.247981
1	3	-0.07376885	0.4657948	1.247981
1	4	-0.07376885	0.4657948	1.247981
1	5	-0.07376885	0.4657948	1.247981
1	6	0.6916426	0.3625203	0.01582393
1	7	-0.07376885	0.4657948	1.247981
1	8	-0.07376885	0.4657948	1.247981
2	1	-0.2164845	0.5235512	1.096204
2	2	-0.2164845	0.5235512	1.096204
2	3	-0.2164845	0.5235512	1.096204
2	5	-0.2164845	0.5235512	1.096204
2	6	0.973634	0.275149	0.05064484
2	7	-0.2164845	0.5235512	1.096204
2	8	-0.2164845	0.5235512	1.096204
4	1	1.120904	0.1941041	0.4197782
4	2	1.120904	0.1941041	0.4197782
5	1	1.120904	0.1941041	0.4197782
5	2	1.120904	0.1941041	0.4197782
6	1	1.120904	0.1941041	0.4197782
6	2	1.120904	0.1941041	0.4197782
7	1	-0.1596621	0.4705829	1.453648
7	2	-0.1596621	0.4705829	1.453648
7	5	0.3425490	0.4669989	0.009218699
7	8	1.033638	0.2581534	0.042241
8	1	-0.1081055	0.4496544	1.509110
8	2	-0.1081055	0.4496544	1.509110
8	5	0.3934583	0.451531	0.01247593
8	6	0.2444902	0.494021	0.0304073
8	8	1.157558	0.2172456	0.08244165
9	1	-0.2351693	0.4857205	1.526150
9	2	-0.2351693	0.4857205	1.526150
9	4	1.333720	0.1442886	0.2862880
9	5	0.2717485	0.4859384	0.0301763
9	6	0.2498455	0.4918668	0.03597404
9	7	0.1865464	0.5086446	0.05624673
9	8	1.160745	0.2137948	0.1072469
10	1	-0.272215	0.4998006	1.495791
10	2	-0.272215	0.4998006	1.495791
10	4	1.266756	0.1761166	0.168222
10	5	0.4764067	0.4269759	0.01136856
10	6	0.3881420	0.4527008	0.01655095
10	7	-0.06880534	0.5660651	0.2397212
10	8	1.266756	0.1761166	0.168222
11	1	-0.2474868	0.4878457	1.541388
11	2	-0.2474868	0.4878457	1.541388
11	4	1.244627	0.1836441	0.1588386
11	5	0.3459677	0.4645806	0.02310902
11	6	0.1988213	0.5058318	0.04794813
11	7	0.3459677	0.4645806	0.02310902
11	8	1.244627	0.1836441	0.1588386
12	1	-0.2474868	0.4878457	1.541388
12	2	-0.2474868	0.4878457	1.541388
12	4	1.244627	0.1836441	0.1588386
12	5	0.3459677	0.4645806	0.02310902
12	6	0.1988213	0.5058318	0.04794813
12	7	0.3459677	0.4645806	0.02310902
12	8	1.244627	0.1836441	0.1588386
13	1	-0.2474868	0.4878457	1.541388
13	2	-0.2474868	0.4878457	1.541388
13	4	1.244627	0.1836441	0.1588386
13	5	0.3459677	0.4645806	0.02310902
13	6	0.1988213	0.5058318	0.04794813
13	7	0.3459677	0.4645806	0.02310902
13	8	1.244627	0.1836441	0.1588386
14	1	-0.2042970	0.4822724	1.469343
14	2	-0.2042970	0.4822724	1.469343
14	4	1.265285	0.1724876	0.2085178
14	5	0.2913904	0.4796507	0.03460287
14	6	0.1345519	0.5222456	0.07468801
14	7	0.2913904	0.4796507	0.03460287
14	8	1.265285	0.1724876	0.2085178
15	1	-0.2042970	0.4822724	1.469343
15	2	-0.2042970	0.4822724	1.469343
15	4	1.265285	0.1724876	0.2085178
15	5	0.2913904	0.4796507	0.03460287
15	6	0.1345519	0.5222456	0.07468801
15	7	0.2913904	0.4796507	0.03460287
15	8	1.265285	0.1724876	0.2085178
16	1	-0.2042970	0.4822724	1.469343
16	2	-0.2042970	0.4822724	1.469343
16	4	1.265285	0.1724876	0.2085178
16	5	0.2913904	0.4796507	0.03460287
16	6	0.1345519	0.5222456	0.07468801
16	7	0.2913904	0.4796507	0.03460287
16	8	1.265285	0.1724876	0.2085178
17	1	-0.2042970	0.4822724	1.469343
17	2	-0.2042970	0.4822724	1.469343
17	4	1.265285	0.1724876	0.2085178
17	5	0.2913904	0.4796507	0.03460287
17	6	0.1345519	0.5222456	0.07468801
17	7	0.2913904	0.4796507	0.03460287
17	8	1.265285	0.1724876	0.2085178
18	1	-0.2042970	0.4822724	1.469343
18	2	-0.2042970	0.4822724	1.469343
18	4	1.265285	0.1724876	0.2085178
18	5	0.2913904	0.4796507	0.03460287
18	6	0.1345519	0.5222456	0.07468801
18	7	0.2913904	0.4796507	0.03460287
18	8	1.265285	0.1724876	0.2085178
19	2	0.7805496	0.2412890	0.955174
19	5	0.3376065	0.4653585	0.04003939
19	6	-0.1876099	0.5729878	0.5212202
19	7	0.3376065	0.4653585	0.04003939
20	2	0.7805496	0.2412890	0.955174
20	5	0.3376065	0.4653585	0.04003939
20	6	-0.1876099	0.5729878	0.5212202
20	7	0.3376065	0.4653585	0.04003939
21	2	0.7805496	0.2412890	0.955174
21	5	0.3376065	0.4653585	0.04003939
21	6	-0.1876099	0.5729878	0.5212202
21	7	0.3376065	0.4653585	0.04003939
22	1	0.1955642	0.3808038	1.296516
22	2	0.1955642	0.3808038	1.296516
22	5	0.6527917	0.3736695	0.01982901
22	6	0.1878953	0.5075455	0.063163
23	1	0.1955642	0.3808038	1.296516
23	2	0.1955642	0.3808038	1.296516
23	5	0.6527917	0.3736695	0.01982901
23	6	0.1878953	0.5075455	0.063163
24	1	0.1955642	0.3808038	1.296516
24	2	0.1955642	0.3808038	1.296516
24	5	0.6527917	0.3736695	0.01982901
24	6	0.1878953	0.5075455	0.063163
25	1	-0.1774350	0.4882237	1.331209
25	2	-0.1774350	0.4882237	1.331209
25	4	1.248455	0.1733603	0.2494672
25	5	0.1183975	0.5255521	0.0895264
25	6	0.1183975	0.5255521	0.0895264
25	8	1.248455	0.1733603	0.2494672
26	1	-0.1786972	0.4876249	1.340864
26	2	-0.1786972	0.4876249	1.340864
26	4	1.214144	0.1892152	0.1934593
26	5	0.1820296	0.5088563	0.06745973
26	6	0.1820296	0.5088563	0.06745973
26	8	1.214144	0.1892152	0.1934593
27	1	-0.3106043	0.5442908	1.168042
27	2	-0.3106043	0.5442908	1.168042
27	3	1.32855	0.1229223	0.5132543
27	4	0.7531407	0.3417817	0.04010821
27	5	0.2862539	0.480228	0.04401821
27	6	0.1052274	0.5285211	0.0989157
27	7	0.2862539	0.480228	0.04401821
27	8	0.7531407	0.3417817	0.04010821
28	1	-0.3106043	0.5442908	1.168042
28	2	-0.3106043	0.5442908	1.168042
28	3	1.32855	0.1229223	0.5132543
28	4	0.7531407	0.3417817	0.04010821
28	5	0.2862539	0.480228	0.04401821
28	6	0.1052274	0.5285211	0.0989157
28	7	0.2862539	0.480228	0.04401821
28	8	0.7531407	0.3417817	0.04010821
29	1	-0.3106043	0.5442908	1.168042
29	2	-0.3106043	0.5442908	1.168042
29	3	1.32855	0.1229223	0.5132543
29	4	0.7531407	0.3417817	0.04010821
29	5	0.2862539	0.480228	0.04401821
29	6	0.1052274	0.5285211	0.0989157
29	7	0.2862539	0.480228	0.04401821
29	8	0.7531407	0.3417817	0.04010821
30	1	-0.3106043	0.5442908	1.168042
30	2	-0.3106043	0.5442908	1.168042
30	3	1.32855	0.1229223	0.5132543
30	4	0.7531407	0.3417817	0.04010821
30	5	0.2862539	0.480228	0.04401821
30	6	0.1052274	0.5285211	0.0989157
30	7	0.2862539	0.480228	0.04401821
30	8	0.7531407	0.3417817	0.04010821
31	1	0.7174121	0.2527730	1.02743
31	3	-0.3483358	0.599073	0.736365
31	4	0.5804457	0.3937144	0.03438613
31	5	0.933424	0.2862301	0.05932877
31	6	1.115735	0.2271330	0.1077093
31	7	0.933424	0.2862301	0.05932877
31	8	0.5804457	0.3937144	0.03438613
32	1	0.7174121	0.2527730	1.02743
32	3	-0.3483358	0.599073	0.736365
32	4	0.5804457	0.3937144	0.03438613
32	5	0.933424	0.2862301	0.05932877
32	6	1.115735	0.2271330	0.1077093
32	7	0.933424	0.2862301	0.05932877
32	8	0.5804457	0.3937144	0.03438613
33	1	-0.3106043	0.5442908	1.168042
33	2	-0.3106043	0.5442908	1.168042
33	3	1.32855	0.1229223	0.5132543
33	4	0.7531407	0.3417817	0.04010821
33	5	0.2862539	0.480228	0.04401821
33	6	0.1052274	0.5285211	0.0989157
33	7	0.2862539	0.480228	0.04401821
33	8	0.7531407	0.3417817	0.04010821
34	1	-0.3106043	0.5442908	1.168042
34	2	-0.3106043	0.5442908	1.168042
34	3	1.32855	0.1229223	0.5132543
34	4	0.7531407	0.3417817	0.04010821
34	5	0.2862539	0.480228	0.04401821
34	6	0.1052274	0.5285211	0.0989157
34	7	0.2862539	0.480228	0.04401821
34	8	0.7531407	0.3417817	0.04010821
35	1	-0.3106043	0.5442908	1.168042
35	2	-0.3106043	0.5442908	1.168042
35	3	1.32855	0.1229223	0.5132543
35	4	0.7531407	0.3417817	0.04010821
35	5	0.2862539	0.480228	0.04401821
35	6	0.1052274	0.5285211	0.0989157
35	7	0.2862539	0.480228	0.04401821
35	8	0.7531407	0.3417817	0.04010821
36	1	-0.3106043	0.5442908	1.168042
36	2	-0.3106043	0.5442908	1.168042
36	3	1.32855	0.1229223	0.5132543
36	4	0.7531407	0.3417817	0.04010821
36	5	0.2862539	0.480228	0.04401821
36	6	0.1052274	0.5285211	0.0989157
36	7	0.2862539	0.480228	0.04401821
36	8	0.7531407	0.3417817	0.04010821
37	1	-0.3106043	0.5442908	1.168042
37	2	-0.3106043	0.5442908	1.168042
37	3	1.32855	0.1229223	0.5132543
37	4	0.7531407	0.3417817	0.04010821
37	5	0.2862539	0.480228	0.04401821
37	6	0.1052274	0.5285211	0.0989157
37	7	0.2862539	0.480228	0.04401821
37	8	0.7531407	0.3417817	0.04010821
38	1	-0.3106043	0.5442908	1.168042
38	2	-0.3106043	0.5442908	1.168042
38	3	1.32855	0.1229223	0.5132543
38	4	0.7531407	0.3417817	0.04010821
38	5	0.2862539	0.480228	0.04401821
38	6	0.1052274	0.5285211	0.0989157
38	7	0.2862539	0.480228	0.04401821
38	8	0.7531407	0.3417817	0.04010821
39	1	0.7174121	0.2527730	1.02743
39	3	-0.3483358	0.599073	0.736365
39	4	0.5804457	0.3937144	0.03438613
39	5	0.933424	0.2862301	0.05932877
39	6	1.115735	0.2271330	0.1077093
39	7	0.933424	0.2862301	0.05932877
39	8	0.5804457	0.3937144	0.03438613
40	1	-0.3106043	0.5442908	1.168042
40	2	-0.3106043	0.5442908	1.168042
40	3	1.32855	0.1229223	0.5132543
40	4	0.7531407	0.3417817	0.04010821
40	5	0.2862539	0.480228	0.04401821
40	6	0.1052274	0.5285211	0.0989157
40	7	0.2862539	0.480228	0.04401821
40	8	0.7531407	0.3417817	0.04010821
41	1	-0.3106043	0.5442908	1.168042
41	2	-0.3106043	0.5442908	1.168042
41	3	1.32855	0.1229223	0.5132543
41	4	0.7531407	0.3417817	0.04010821
41	5	0.2862539	0.480228	0.04401821
41	6	0.1052274	0.5285211	0.0989157
41	7	0.2862539	0.480228	0.04401821
41	8	0.7531407	0.3417817	0.04010821
42	1	-0.3106043	0.5442908	1.168042
42	2	-0.3106043	0.5442908	1.168042
42	3	1.32855	0.1229223	0.5132543
42	4	0.7531407	0.3417817	0.04010821
42	5	0.2862539	0.480228	0.04401821
42	6	0.1052274	0.5285211	0.0989157
42	7	0.2862539	0.480228	0.04401821
42	8	0.7531407	0.3417817	0.04010821
43	1	-0.3106043	0.5442908	1.168042
43	2	-0.3106043	0.5442908	1.168042
43	3	1.32855	0.1229223	0.5132543
43	4	0.7531407	0.3417817	0.04010821
43	5	0.2862539	0.480228	0.04401821
43	6	0.1052274	0.5285211	0.0989157
43	7	0.2862539	0.480228	0.04401821
43	8	0.7531407	0.3417817	0.04010821
44	1	-0.3106043	0.5442908	1.168042
44	2	-0.3106043	0.5442908	1.168042
44	3	1.32855	0.1229223	0.5132543
44	4	0.7531407	0.3417817	0.04010821
44	5	0.2862539	0.480228	0.04401821
44	6	0.1052274	0.5285211	0.0989157
44	7	0.2862539	0.480228	0.04401821
44	8	0.7531407	0.3417817	0.04010821
45	1	-0.3106043	0.5442908	1.168042
45	2	-0.3106043	0.5442908	1.168042
45	3	1.32855	0.1229223	0.5132543
45	4	0.7531407	0.3417817	0.04010821
45	5	0.2862539	0.480228	0.04401821
45	6	0.1052274	0.5285211	0.0989157
45	7	0.2862539	0.480228	0.04401821
45	8	0.7531407	0.3417817	0.04010821
46	1	-0.3106043	0.5442908	1.168042
46	2	-0.3106043	0.5442908	1.168042
46	3	1.32855	0.1229223	0.5132543
46	4	0.7531407	0.3417817	0.04010821
46	5	0.2862539	0.480228	0.04401821
46	6	0.1052274	0.5285211	0.0989157
46	7	0.2862539	0.480228	0.04401821
46	8	0.7531407	0.3417817	0.04010821
47	1	-0.3106043	0.5442908	1.168042
47	2	-0.3106043	0.5442908	1.168042
47	3	1.32855	0.1229223	0.5132543
47	4	0.7531407	0.3417817	0.04010821
47	5	0.2862539	0.480228	0.04401821
47	6	0.1052274	0.5285211	0.0989157
47	7	0.2862539	0.480228	0.04401821
47	8	0.7531407	0.3417817	0.04010821
48	1	0.4996395	0.3041490	1.160062
48	2	0.4996395	0.3041490	1.160062
48	3	-0.29695	0.6033261	0.5427917
48	4	0.9884181	0.2691373	0.06665134
48	6	1.003723	0.2637923	0.07451605
48	7	0.6863952	0.3626093	0.03040621
48	8	0.9884181	0.2691373	0.06665134
49	1	0.4996395	0.3041490	1.160062
49	2	0.4996395	0.3041490	1.160062
49	3	-0.29695	0.6033261	0.5427917
49	4	0.9884181	0.2691373	0.06665134
49	6	1.003723	0.2637923	0.07451605
49	7	0.6863952	0.3626093	0.03040621
49	8	0.9884181	0.2691373	0.06665134
50	1	0.4996395	0.3041490	1.160062
50	2	0.4996395	0.3041490	1.160062
50	3	-0.29695	0.6033261	0.5427917
50	4	0.9884181	0.2691373	0.06665134
50	6	1.003723	0.2637923	0.07451605
50	7	0.6863952	0.3626093	0.03040621
50	8	0.9884181	0.2691373	0.06665134
51	1	0.4996395	0.3041490	1.160062
51	2	0.4996395	0.3041490	1.160062
51	3	-0.29695	0.6033261	0.5427917
51	4	0.9884181	0.2691373	0.06665134
51	6	1.003723	0.2637923	0.07451605
51	7	0.6863952	0.3626093	0.03040621
51	8	0.9884181	0.2691373	0.06665134
52	1	0.4996395	0.3041490	1.160062
52	2	0.4996395	0.3041490	1.160062
52	3	-0.29695	0.6033261	0.5427917
52	4	0.9884181	0.2691373	0.06665134
52	6	1.003723	0.2637923	0.07451605
52	7	0.6863952	0.3626093	0.03040621
52	8	0.9884181	0.2691373	0.06665134
53	1	0.8241319	0.2314937	0.9238102
53	3	-0.3966707	0.595978	0.9094706
53	4	0.8887093	0.3008728	0.0459953
53	6	1.050856	0.2479176	0.09293438
53	7	0.8175284	0.3218713	0.04766979
53	8	0.8887093	0.3008728	0.0459953
54	1	0.8241319	0.2314937	0.9238102
54	3	-0.3966707	0.595978	0.9094706
54	4	0.8887093	0.3008728	0.0459953
54	6	1.050856	0.2479176	0.09293438
54	7	0.8175284	0.3218713	0.04766979
54	8	0.8887093	0.3008728	0.0459953
55	1	1.098687	0.1823933	0.601297
55	3	-0.4338027	0.5710601	1.265818
55	4	1.226289	0.1785562	0.2632968
55	5	0.2959982	0.4774379	0.04295155
55	6	0.5395901	0.4073901	0.01926238
55	7	0.2959982	0.4774379	0.04295155
55	8	1.226289	0.1785562	0.2632968
56	1	1.098687	0.1823933	0.601297
56	3	-0.4338027	0.5710601	1.265818
56	4	1.226289	0.1785562	0.2632968
56	5	0.2959982	0.4774379	0.04295155
56	6	0.5395901	0.4073901	0.01926238
56	7	0.2959982	0.4774379	0.04295155
56	8	1.226289	0.1785562	0.2632968
57	1	1.098687	0.1823933	0.601297
57	3	-0.4338027	0.5710601	1.265818
57	4	1.226289	0.1785562	0.2632968
57	5	0.2959982	0.4774379	0.04295155
57	6	0.5395901	0.4073901	0.01926238
57	7	0.2959982	0.4774379	0.04295155
57	8	1.226289	0.1785562	0.2632968
58	1	1.098687	0.1823933	0.601297
58	3	-0.4338027	0.5710601	1.265818
58	4	1.226289	0.1785562	0.2632968
58	5	0.2959982	0.4774379	0.04295155
58	6	0.5395901	0.4073901	0.01926238
58	7	0.2959982	0.4774379	0.04295155
58	8	1.226289	0.1785562	0.2632968
59	1	-0.3206184	0.5487659	1.153205
59	3	0.3419877	0.4683412	-0.002428994
59	4	0.8088426	0.2375684	0.9086678
59	8	0.8088426	0.2375684	0.9086678
60	1	0.2664811	0.3602428	1.291283
60	2	0.2664811	0.3602428	1.291283
60	3	-0.1294303	0.58586	0.2222162
60	4	1.178262	0.2060931	0.1319466
60	8	1.178262	0.2060931	0.1319466
61	1	-0.3041621	0.5475306	1.116952
61	2	-0.3041621	0.5475306	1.116952
61	3	0.6067692	0.3902779	-0.00913023
61	8	0.987455	0.1965267	0.7890271
62	1	-0.3041621	0.5475306	1.116952
62	2	-0.3041621	0.5475306	1.116952
62	3	0.6067692	0.3902779	-0.00913023
62	8	0.987455	0.1965267	0.7890271
63	1	-0.3041621	0.5475306	1.116952
63	2	-0.3041621	0.5475306	1.116952
63	3	0.6067692	0.3902779	-0.00913023
63	8	0.987455	0.1965267	0.7890271
64	1	1.021067	0.1979616	0.6757577
64	2	1.021067	0.1979616	0.6757577
64	3	-0.4351109	0.5855373	1.126212
64	4	1.021067	0.1979616	0.6757577
64	5	0.3743516	0.4563042	0.02148071
64	6	0.3801518	0.4545337	0.02193271
64	7	0.3743516	0.4563042	0.02148071
64	8	1.021067	0.1979616	0.6757577
65	1	1.021067	0.1979616	0.6757577
65	2	1.021067	0.1979616	0.6757577
65	3	-0.4351109	0.5855373	1.126212
65	4	1.021067	0.1979616	0.6757577
65	5	0.3743516	0.4563042	0.02148071
65	6	0.3801518	0.4545337	0.02193271
65	7	0.3743516	0.4563042	0.02148071
65	8	1.021067	0.1979616	0.6757577
66	3	0.8318433	0.3222397	0.001834399
66	4	0.2517860	0.3634505	1.302801
66	7	-0.2338294	0.5861893	0.5266027
66	8	0.2517860	0.3634505	1.302801
67	3	0.8318433	0.3222397	0.001834399
67	4	0.2517860	0.3634505	1.302801
67	7	-0.2338294	0.5861893	0.5266027
67	8	0.2517860	0.3634505	1.302801
68	3	0.8318433	0.3222397	0.001834399
68	4	0.2517860	0.3634505	1.302801
68	7	-0.2338294	0.5861893	0.5266027
68	8	0.2517860	0.3634505	1.302801
69	3	1.100585	0.2390299	0.0344612
69	4	0.2586561	0.3607849	1.308971
69	6	-0.1508063	0.5775799	0.3672601
69	7	-0.1508063	0.5775799	0.3672601
69	8	0.2586561	0.3607849	1.308971
70	3	1.100585	0.2390299	0.0344612
70	4	0.2586561	0.3607849	1.308971
70	6	-0.1508063	0.5775799	0.3672601
70	7	-0.1508063	0.5775799	0.3672601
70	8	0.2586561	0.3607849	1.308971
71	3	1.257509	0.1883013	0.07472575
71	4	0.2422728	0.3637781	1.327589
71	5	-0.09121992	0.5687607	0.2790616
71	6	-0.09349433	0.5687743	0.2856290
71	7	-0.09121992	0.5687607	0.2790616
71	8	0.2422728	0.3637781	1.327589
72	3	1.257509	0.1883013	0.07472575
72	4	0.2422728	0.3637781	1.327589
72	5	-0.09121992	0.5687607	0.2790616
72	6	-0.09349433	0.5687743	0.2856290
72	7	-0.09121992	0.5687607	0.2790616
72	8	0.2422728	0.3637781	1.327589
73	3	1.257509	0.1883013	0.07472575
73	4	0.2422728	0.3637781	1.327589
73	5	-0.09121992	0.5687607	0.2790616
73	6	-0.09349433	0.5687743	0.2856290
73	7	-0.09121992	0.5687607	0.2790616
73	8	0.2422728	0.3637781	1.327589
74	3	1.257509	0.1883013	0.07472575
74	4	0.2422728	0.3637781	1.327589
74	5	-0.09121992	0.5687607	0.2790616
74	6	-0.09349433	0.5687743	0.2856290
74	7	-0.09121992	0.5687607	0.2790616
74	8	0.2422728	0.3637781	1.327589
75	1	-0.3856167	0.5511736	1.320887
75	2	-0.3856167	0.5511736	1.320887
75	3	0.9496577	0.1921867	0.9434175
75	4	0.6697658	0.3686294	0.01975353
75	5	0.5915271	0.3925617	0.01315454
75	6	0.5941662	0.3917365	0.01355480
75	7	0.5915271	0.3925617	0.01315454
75	8	0.6697658	0.3686294	0.01975353
76	2	-0.4210107	0.5826279	1.113491
76	3	0.4916772	0.2902746	1.321015
76	4	0.6556404	0.3722770	0.02523289
76	5	0.659669	0.3715669	0.0203977
76	6	0.6593465	0.3716241	0.02078172
76	7	0.659669	0.3715669	0.0203977
76	8	0.6556404	0.3722770	0.02523289
77	2	-0.4210107	0.5826279	1.113491
77	3	0.4916772	0.2902746	1.321015
77	4	0.6556404	0.3722770	0.02523289
77	5	0.659669	0.3715669	0.0203977
77	6	0.6593465	0.3716241	0.02078172
77	7	0.659669	0.3715669	0.0203977
77	8	0.6556404	0.3722770	0.02523289
78	2	-0.4068595	0.555212	1.343468
78	3	0.8655648	0.2099727	1.014976
78	4	0.4703682	0.4272836	0.02611455
78	5	0.4692032	0.4286448	0.01605873
78	6	0.4692681	0.4285778	0.01653154
78	7	0.4692032	0.4286448	0.01605873
79	2	-0.3978368	0.5900389	0.9717614
79	3	0.4131818	0.3093457	1.363344
79	4	0.7283903	0.3507844	0.02383197
79	5	0.7283903	0.3507844	0.02383197
79	7	0.7283903	0.3507844	0.02383197
79	8	0.7283903	0.3507844	0.02383197
80	2	0.93038	0.2919655	0.01146459
80	4	0.1401663	0.3918881	1.349926
80	5	-0.1981534	0.5846679	0.4365462
80	8	0.1401663	0.3918881	1.349926
81	2	0.9303756	0.2919669	0.01146409
81	4	0.1401711	0.3918868	1.349924
81	5	-0.1981551	0.584668	0.4365501
81	8	0.1401711	0.3918868	1.349924
82	2	0.9303756	0.2919669	0.01146409
82	4	0.1401711	0.3918868	1.349924
82	5	-0.1981551	0.584668	0.4365501
82	8	0.1401711	0.3918868	1.349924
83	2	1.194752	0.208675	0.05776731
83	4	0.1461193	0.3892284	1.358739
83	5	-0.1087156	0.5727486	0.2911008
83	7	-0.1087156	0.5727486	0.2911008
83	8	0.1461193	0.3892284	1.358739
84	2	1.194752	0.208675	0.05776731
84	4	0.1461193	0.3892284	1.358739
84	5	-0.1087156	0.5727486	0.2911008
84	7	-0.1087156	0.5727486	0.2911008
84	8	0.1461193	0.3892284	1.358739
85	2	1.194752	0.208675	0.05776731
85	4	0.1461193	0.3892284	1.358739
85	5	-0.1087156	0.5727486	0.2911008
85	7	-0.1087156	0.5727486	0.2911008
85	8	0.1461193	0.3892284	1.358739
86	2	1.194752	0.208675	0.05776731
86	4	0.1461193	0.3892284	1.358739
86	5	-0.1087156	0.5727486	0.2911008
86	7	-0.1087156	0.5727486	0.2911008
86	8	0.1461193	0.3892284	1.358739
87	2	0.9303756	0.2919669	0.01146409
87	4	0.1401711	0.3918868	1.349924
87	5	-0.1981551	0.584668	0.4365501
87	8	0.1401711	0.3918868	1.349924
88	2	0.9303756	0.2919669	0.01146409
88	4	0.1401711	0.3918868	1.349924
88	5	-0.1981551	0.584668	0.4365501
88	8	0.1401711	0.3918868	1.349924
89	2	1.134660	0.2269919	0.0533401
89	3	0.6385235	0.2613518	1.174891
89	5	-0.1854914	0.5833685	0.4121101
89	7	-0.1854914	0.5833685	0.4121101
90	2	1.134660	0.2269919	0.0533401
90	3	0.6385235	0.2613518	1.174891
90	5	-0.1854914	0.5833685	0.4121101
90	7	-0.1854914	0.5833685	0.4121101
91	2	1.134660	0.2269919	0.0533401
91	3	0.6385235	0.2613518	1.174891
91	5	-0.1854914	0.5833685	0.4121101
91	7	-0.1854914	0.5833685	0.4121101
92	1	-0.1453698	0.4635713	1.481012
92	2	-0.1453698	0.4635713	1.481012
92	3	1.390640	0.1304699	0.2554907
92	5	0.2087999	0.5044481	0.03225439
92	7	0.2087999	0.5044481	0.03225439
93	1	-0.1453698	0.4635713	1.481012
93	2	-0.1453698	0.4635713	1.481012
93	3	1.390640	0.1304699	0.2554907
93	5	0.2087999	0.5044481	0.03225439
93	7	0.2087999	0.5044481	0.03225439
94	1	-0.1918002	0.4843289	1.412137
94	2	-0.1918002	0.4843289	1.412137
94	3	1.32226	0.1621181	0.1433779
94	5	0.1594627	0.5189666	0.03377204
95	1	-0.1918002	0.4843289	1.412137
95	2	-0.1918002	0.4843289	1.412137
95	3	1.32226	0.1621181	0.1433779
95	5	0.1594627	0.5189666	0.03377204
96	1	-0.1918002	0.4843289	1.412137
96	2	-0.1918002	0.4843289	1.412137
96	3	1.32226	0.1621181	0.1433779
96	5	0.1594627	0.5189666	0.03377204
97	1	-0.1918002	0.4843289	1.412137
97	2	-0.1918002	0.4843289	1.412137
97	3	1.32226	0.1621181	0.1433779
97	5	0.1594627	0.5189666	0.03377204
98	1	-0.1453698	0.4635713	1.481012
98	2	-0.1453698	0.4635713	1.481012
98	3	1.390640	0.1304699	0.2554907
98	5	0.2087999	0.5044481	0.03225439
98	7	0.2087999	0.5044481	0.03225439
99	1	-0.1453698	0.4635713	1.481012
99	2	-0.1453698	0.4635713	1.481012
99	3	1.390640	0.1304699	0.2554907
99	5	0.2087999	0.5044481	0.03225439
99	7	0.2087999	0.5044481	0.03225439
100	1	-0.1453698	0.4635713	1.481012
100	2	-0.1453698	0.4635713	1.481012
100	3	1.390640	0.1304699	0.2554907
100	5	0.2087999	0.5044481	0.03225439
100	7	0.2087999	0.5044481	0.03225439
101	1	-0.1453698	0.4635713	1.481012
101	2	-0.1453698	0.4635713	1.481012
101	3	1.390640	0.1304699	0.2554907
101	5	0.2087999	0.5044481	0.03225439
101	7	0.2087999	0.5044481	0.03225439
102	1	-0.1453698	0.4635713	1.481012
102	2	-0.1453698	0.4635713	1.481012
102	3	1.390640	0.1304699	0.2554907
102	5	0.2087999	0.5044481	0.03225439
102	7	0.2087999	0.5044481	0.03225439
103	1	-0.1453698	0.4635713	1.481012
103	2	-0.1453698	0.4635713	1.481012
103	3	1.390640	0.1304699	0.2554907
103	5	0.2087999	0.5044481	0.03225439
103	7	0.2087999	0.5044481	0.03225439
104	1	-0.1453698	0.4635713	1.481012
104	2	-0.1453698	0.4635713	1.481012
104	3	1.390640	0.1304699	0.2554907
104	5	0.2087999	0.5044481	0.03225439
104	7	0.2087999	0.5044481	0.03225439
105	1	-0.1453698	0.4635713	1.481012
105	2	-0.1453698	0.4635713	1.481012
105	3	1.390640	0.1304699	0.2554907
105	5	0.2087999	0.5044481	0.03225439
105	7	0.2087999	0.5044481	0.03225439
106	1	-0.1453698	0.4635713	1.481012
106	2	-0.1453698	0.4635713	1.481012
106	3	1.390640	0.1304699	0.2554907
106	5	0.2087999	0.5044481	0.03225439
106	7	0.2087999	0.5044481	0.03225439
107	3	-0.3980462	0.5676036	1.194701
107	5	1.063668	0.2458998	0.07517272
107	7	1.063668	0.2458998	0.07517272
108	3	-0.3980462	0.5676036	1.194701
108	5	1.063668	0.2458998	0.07517272
108	7	1.063668	0.2458998	0.07517272
109	3	-0.3980462	0.5676036	1.194701
109	5	1.063668	0.2458998	0.07517272
109	7	1.063668	0.2458998	0.07517272
110	3	-0.3980462	0.5676036	1.194701
110	5	1.063668	0.2458998	0.07517272
110	7	1.063668	0.2458998	0.07517272
111	3	-0.3980462	0.5676036	1.194701
111	5	1.063668	0.2458998	0.07517272
111	7	1.063668	0.2458998	0.07517272
112	3	-0.3980462	0.5676036	1.194701
112	5	1.063668	0.2458998	0.07517272
112	7	1.063668	0.2458998	0.07517272
113	3	-0.3980462	0.5676036	1.194701
113	5	1.063668	0.2458998	0.07517272
113	7	1.063668	0.2458998	0.07517272
114	3	-0.3980462	0.5676036	1.194701
114	5	1.063668	0.2458998	0.07517272
114	7	1.063668	0.2458998	0.07517272
115	3	-0.3980462	0.5676036	1.194701
115	5	1.063668	0.2458998	0.07517272
115	7	1.063668	0.2458998	0.07517272
116	3	-0.3980462	0.5676036	1.194701
116	5	1.063668	0.2458998	0.07517272
116	7	1.063668	0.2458998	0.07517272
117	3	-0.3980462	0.5676036	1.194701
117	5	1.063668	0.2458998	0.07517272
117	7	1.063668	0.2458998	0.07517272
118	3	-0.3980462	0.5676036	1.194701
118	5	1.063668	0.2458998	0.07517272
118	7	1.063668	0.2458998	0.07517272
119	3	-0.3980462	0.5676036	1.194701
119	5	1.063668	0.2458998	0.07517272
119	7	1.063668	0.2458998	0.07517272
120	3	-0.3980462	0.5676036	1.194701
120	5	1.063668	0.2458998	0.07517272
120	7	1.063668	0.2458998	0.07517272
121	3	-0.3980462	0.5676036	1.194701
121	5	1.063668	0.2458998	0.07517272
121	7	1.063668	0.2458998	0.07517272
122	3	-0.3980462	0.5676036	1.194701
122	5	1.063668	0.2458998	0.07517272
122	7	1.063668	0.2458998	0.07517272
123	3	-0.3980462	0.5676036	1.194701
123	5	1.063668	0.2458998	0.07517272
123	7	1.063668	0.2458998	0.07517272
124	3	1.286000	0.1447224	0.4226134
124	5	-0.1891239	0.5859451	0.3972814
125	3	1.286000	0.1447224	0.4226134
125	5	-0.1891239	0.5859451	0.3972814
126	3	1.286000	0.1447224	0.4226134
126	5	-0.1891239	0.5859451	0.3972814
127	1	-0.3753633	0.5545835	1.256881
127	2	-0.3753633	0.5545835	1.256881
127	3	0.9408972	0.1929328	0.9618406
127	4	0.6155496	0.3848908	0.01837777
127	5	0.602314	0.3891126	0.01554552
127	6	0.6034326	0.3887393	0.01594803
127	7	0.602314	0.3891126	0.01554552
127	8	0.6155496	0.3848908	0.01837777
128	1	-0.388833	0.5635308	1.207912
128	2	-0.388833	0.5635308	1.207912
128	3	0.8237462	0.2179330	1.059328
128	4	0.3841137	0.4527721	0.02771437
128	5	0.821225	0.3230752	0.0248466
128	6	0.8208789	0.3231353	0.02527073
128	7	0.821225	0.3230752	0.0248466
128	8	0.3841137	0.4527721	0.02771437
129	1	-0.388833	0.5635308	1.207912
129	2	-0.388833	0.5635308	1.207912
129	3	0.8237462	0.2179330	1.059328
129	4	0.3841137	0.4527721	0.02771437
129	5	0.821225	0.3230752	0.0248466
129	6	0.8208789	0.3231353	0.02527073
129	7	0.821225	0.3230752	0.0248466
129	8	0.3841137	0.4527721	0.02771437
130	1	-0.388833	0.5635308	1.207912
130	2	-0.388833	0.5635308	1.207912
130	3	0.8237462	0.2179330	1.059328
130	4	0.3841137	0.4527721	0.02771437
130	5	0.821225	0.3230752	0.0248466
130	6	0.8208789	0.3231353	0.02527073
130	7	0.821225	0.3230752	0.0248466
130	8	0.3841137	0.4527721	0.02771437
131	1	-0.3878051	0.5638377	1.201841
131	2	-0.3878051	0.5638377	1.201841
131	3	0.9019696	0.2026646	0.9801165
131	4	0.6866208	0.3640783	0.01518366
131	5	0.6866208	0.3640783	0.01518366
131	7	0.6866208	0.3640783	0.01518366
131	8	0.6866208	0.3640783	0.01518366
132	1	-0.1909055	0.4773851	1.478311
132	2	-0.1909055	0.4773851	1.478311
132	3	-0.1890557	0.477186	1.474833
132	4	1.143789	0.2218597	0.07729487
132	5	0.2646851	0.4887989	0.02264491
132	7	0.2646851	0.4887989	0.02264491
132	8	1.143789	0.2218597	0.07729487
133	2	1.120904	0.1941041	0.4197782
133	3	1.120904	0.1941041	0.4197782
134	1	1.120904	0.1941041	0.4197782
134	2	1.120904	0.1941041	0.4197782
134	3	1.120904	0.1941041	0.4197782
135	1	1.120904	0.1941041	0.4197782
135	2	1.120904	0.1941041	0.4197782
135	3	1.120904	0.1941041	0.4197782
136	1	-0.3240902	0.5691755	0.9611868
136	2	-0.3240902	0.5691755	0.9611868
136	3	-0.3240902	0.5691755	0.9611868
136	4	0.2045033	0.5002863	0.08615673
136	5	1.229458	0.1943746	0.09720634
136	7	1.229458	0.1943746	0.09720634
136	8	0.2045034	0.5002863	0.08615672
137	1	-0.2251112	0.5058108	1.297425
137	2	-0.2251112	0.5058108	1.297425
137	3	-0.2251112	0.5058108	1.297425
137	4	0.8006857	0.3271423	0.04506954
137	5	0.872311	0.3097225	0.006622055
137	8	0.8006857	0.3271423	0.04506954
138	1	-0.2251112	0.5058108	1.297425
138	2	-0.2251112	0.5058108	1.297425
138	3	-0.2251112	0.5058108	1.297425
138	4	0.8006857	0.3271423	0.04506954
138	5	0.872311	0.3097225	0.006622055
138	8	0.8006857	0.3271423	0.04506954
139	1	-0.2251112	0.5058108	1.297425
139	2	-0.2251112	0.5058108	1.297425
139	3	-0.2251112	0.5058108	1.297425
139	4	0.8006857	0.3271423	0.04506954
139	5	0.872311	0.3097225	0.006622055
139	8	0.8006857	0.3271423	0.04506954
140	1	-0.2251112	0.5058108	1.297425
140	2	-0.2251112	0.5058108	1.297425
140	3	-0.2251112	0.5058108	1.297425
140	4	0.8006857	0.3271423	0.04506954
140	5	0.872311	0.3097225	0.006622055
140	8	0.8006857	0.3271423	0.04506954
141	1	-0.2251112	0.5058108	1.297425
141	2	-0.2251112	0.5058108	1.297425
141	3	-0.2251112	0.5058108	1.297425
141	4	0.8006857	0.3271423	0.04506954
141	5	0.872311	0.3097225	0.006622055
141	8	0.8006857	0.3271423	0.04506954
142	1	-0.2251112	0.5058108	1.297425
142	2	-0.2251112	0.5058108	1.297425
142	3	-0.2251112	0.5058108	1.297425
142	4	0.8006857	0.3271423	0.04506954
142	5	0.872311	0.3097225	0.006622055
142	8	0.8006857	0.3271423	0.04506954
143	1	-0.07241633	0.4537217	1.363633
143	2	-0.07241632	0.4537217	1.363633
143	3	-0.07241631	0.4537217	1.363633
143	4	0.6139022	0.3843196	0.02889323
143	5	0.6378168	0.3809787	-0.008472572
144	1	-0.3240902	0.5691755	0.9611868
144	2	-0.3240902	0.5691755	0.9611868
144	3	-0.3240902	0.5691755	0.9611868
144	4	0.2045033	0.5002863	0.08615673
144	5	1.229458	0.1943746	0.09720634
144	7	1.229458	0.1943746	0.09720634
144	8	0.2045034	0.5002863	0.08615672
145	1	0.7703512	0.2396407	1.001561
145	2	0.7703512	0.2396407	1.001561
145	3	0.7703512	0.2396407	1.001561
145	4	0.7210414	0.2640726	0.904761
145	5	0.07517354	0.5392143	0.08151538
145	6	0.07517354	0.5392143	0.08151538
145	7	0.07517354	0.5392143	0.08151538
145	8	0.7210414	0.2640726	0.904761
146	1	0.7703512	0.2396407	1.001561
146	2	0.7703512	0.2396407	1.001561
146	3	0.7703512	0.2396407	1.001561
146	4	0.7210414	0.2640726	0.904761
146	5	0.07517354	0.5392143	0.08151538
146	6	0.07517354	0.5392143	0.08151538
146	7	0.07517354	0.5392143	0.08151538
146	8	0.7210414	0.2640726	0.904761
147	1	0.7703512	0.2396407	1.001561
147	2	0.7703512	0.2396407	1.001561
147	3	0.7703512	0.2396407	1.001561
147	4	0.7210414	0.2640726	0.904761
147	5	0.07517354	0.5392143	0.08151538
147	6	0.07517354	0.5392143	0.08151538
147	7	0.07517354	0.5392143	0.08151538
147	8	0.7210414	0.2640726	0.904761
148	1	0.7703512	0.2396407	1.001561
148	2	0.7703512	0.2396407	1.001561
148	3	0.7703512	0.2396407	1.001561
148	4	0.7210414	0.2640726	0.904761
148	5	0.07517354	0.5392143	0.08151538
148	6	0.07517354	0.5392143	0.08151538
148	7	0.07517354	0.5392143	0.08151538
148	8	0.7210414	0.2640726	0.904761
149	1	0.7703512	0.2396407	1.001561
149	2	0.7703512	0.2396407	1.001561
149	3	0.7703512	0.2396407	1.001561
149	4	0.7210414	0.2640726	0.904761
149	5	0.07517354	0.5392143	0.08151538
149	6	0.07517354	0.5392143	0.08151538
149	7	0.07517354	0.5392143	0.08151538
149	8	0.7210414	0.2640726	0.904761
150	1	-0.2068739	0.50886	1.213466
150	2	-0.2068739	0.50886	1.213466
150	3	-0.2068739	0.50886	1.213466
150	4	0.8565692	0.3110259	0.04009464
150	8	0.8565692	0.3110259	0.04009464
151	1	-0.1607680	0.4844702	1.319290
151	2	-0.1607681	0.4844702	1.319290
151	3	-0.1607681	0.4844702	1.319290
151	8	0.7784079	0.3386972	-0.003785072
152	1	-0.2774350	0.5208056	1.303024
152	2	-0.2774349	0.5208056	1.303024
152	3	-0.2774350	0.5208056	1.303024
152	4	0.9180557	0.2949049	0.01865431
152	8	0.9180557	0.2949049	0.01865431
153	4	1.120904	0.1941041	0.4197782
153	8	1.120904	0.1941041	0.4197782
154	4	1.120904	0.1941041	0.4197782
154	8	1.120904	0.1941041	0.4197782
155	4	1.120904	0.1941041	0.4197782
155	8	1.120904	0.1941041	0.4197782
156	1	-0.1809685	0.57171	0.5143119
156	2	-0.1809685	0.57171	0.5143119
156	3	-0.1809685	0.57171	0.5143119
156	4	1.304521	0.1503303	0.3124621
156	5	-0.1809685	0.57171	0.5143119
156	6	-0.1809685	0.57171	0.5143119
156	7	-0.1809685	0.57171	0.5143119
156	8	1.304521	0.1503303	0.3124621
157	1	-0.1809685	0.57171	0.5143119
157	2	-0.1809685	0.57171	0.5143119
157	3	-0.1809685	0.57171	0.5143119
157	4	1.304521	0.1503303	0.3124621
157	5	-0.1809685	0.57171	0.5143119
157	6	-0.1809685	0.57171	0.5143119
157	7	-0.1809685	0.57171	0.5143119
157	8	1.304521	0.1503303	0.3124621
158	1	-0.1809685	0.57171	0.5143119
158	2	-0.1809685	0.57171	0.5143119
158	3	-0.1809685	0.57171	0.5143119
158	4	1.304521	0.1503303	0.3124621
158	5	-0.1809685	0.57171	0.5143119
158	6	-0.1809685	0.57171	0.5143119
158	7	-0.1809685	0.57171	0.5143119
158	8	1.304521	0.1503303	0.3124621
159	1	-0.1809685	0.57171	0.5143119
159	2	-0.1809685	0.57171	0.5143119
159	3	-0.1809685	0.57171	0.5143119
159	4	1.304521	0.1503303	0.3124621
159	5	-0.1809685	0.57171	0.5143119
159	6	-0.1809685	0.57171	0.5143119
159	7	-0.1809685	0.57171	0.5143119
159	8	1.304521	0.1503303	0.3124621
160	1	-0.1809685	0.57171	0.5143119
160	2	-0.1809685	0.57171	0.5143119
160	3	-0.1809685	0.57171	0.5143119
160	4	1.304521	0.1503303	0.3124621
160	5	-0.1809685	0.57171	0.5143119
160	6	-0.1809685	0.57171	0.5143119
160	7	-0.1809685	0.57171	0.5143119
160	8	1.304521	0.1503303	0.3124621
161	1	-0.1809685	0.57171	0.5143119
161	2	-0.1809685	0.57171	0.5143119
161	3	-0.1809685	0.57171	0.5143119
161	4	1.304521	0.1503303	0.3124621
161	5	-0.1809685	0.57171	0.5143119
161	6	-0.1809685	0.57171	0.5143119
161	7	-0.1809685	0.57171	0.5143119
161	8	1.304521	0.1503303	0.3124621
162	1	-0.1809685	0.57171	0.5143119
162	2	-0.1809685	0.57171	0.5143119
162	3	-0.1809685	0.57171	0.5143119
162	4	1.304521	0.1503303	0.3124621
162	5	-0.1809685	0.57171	0.5143119
162	6	-0.1809685	0.57171	0.5143119
162	7	-0.1809685	0.57171	0.5143119
162	8	1.304521	0.1503303	0.3124621
163	1	0.3361018	0.3510216	1.177499
163	2	0.3361018	0.3510216	1.177499
163	3	0.3361018	0.3510216	1.177499
163	7	0.3149633	0.4730439	0.03060688
164	1	0.3361018	0.3510216	1.177499
164	2	0.3361018	0.3510216	1.177499
164	3	0.3361018	0.3510216	1.177499
164	7	0.3149633	0.4730439	0.03060688
165	1	0.3361018	0.3510216	1.177499
165	2	0.3361018	0.3510216	1.177499
165	3	0.3361018	0.3510216	1.177499
165	7	0.3149633	0.4730439	0.03060688
166	1	0.3361018	0.3510216	1.177499
166	2	0.3361018	0.3510216	1.177499
166	3	0.3361018	0.3510216	1.177499
166	7	0.3149633	0.4730439	0.03060688
167	1	0.3361018	0.3510216	1.177499
167	2	0.3361018	0.3510216	1.177499
167	3	0.3361018	0.3510216	1.177499
167	7	0.3149633	0.4730439	0.03060688
168	1	0.3579949	0.3435834	1.186693
168	2	0.3579949	0.3435834	1.186693
168	3	0.3579949	0.3435834	1.186693
168	5	0.3024065	0.4760796	0.03752757
168	7	0.3024065	0.4760796	0.03752757
169	1	0.3579949	0.3435834	1.186693
169	2	0.3579949	0.3435834	1.186693
169	3	0.3579949	0.3435834	1.186693
169	5	0.3024065	0.4760796	0.03752757
169	7	0.3024065	0.4760796	0.03752757
170	1	-0.3160616	0.5436127	1.190844
170	2	-0.3160616	0.5436127	1.190844
170	3	-0.3160616	0.5436127	1.190844
170	4	1.049288	0.2537333	0.03992131
170	5	0.0833819	0.5298782	0.1498426
170	7	0.0833819	0.5298782	0.1498426
170	8	1.049288	0.2537333	0.03992131
171	1	-0.3160616	0.5436127	1.190844
171	2	-0.3160616	0.5436127	1.190844
171	3	-0.3160616	0.5436127	1.190844
171	4	1.049288	0.2537333	0.03992131
171	5	0.0833819	0.5298782	0.1498426
171	7	0.0833819	0.5298782	0.1498426
171	8	1.049288	0.2537333	0.03992131
172	1	-0.3160616	0.5436127	1.190844
172	2	-0.3160616	0.5436127	1.190844
172	3	-0.3160616	0.5436127	1.190844
172	4	1.049288	0.2537333	0.03992131
172	5	0.0833819	0.5298782	0.1498426
172	7	0.0833819	0.5298782	0.1498426
172	8	1.049288	0.2537333	0.03992131
173	1	-0.3160616	0.5436127	1.190844
173	2	-0.3160616	0.5436127	1.190844
173	3	-0.3160616	0.5436127	1.190844
173	4	1.049288	0.2537333	0.03992131
173	5	0.0833819	0.5298782	0.1498426
173	7	0.0833819	0.5298782	0.1498426
173	8	1.049288	0.2537333	0.03992131
174	4	0.5805138	0.3959802	0.01173263
174	5	-0.1769885	0.4903951	1.308376
174	6	0.427063	0.3234307	1.182863
174	7	-0.1769885	0.4903951	1.308376
174	8	0.5805138	0.3959802	0.01173263
175	4	0.5805138	0.3959802	0.01173263
175	5	-0.1769885	0.4903951	1.308376
175	6	0.427063	0.3234307	1.182863
175	7	-0.1769885	0.4903951	1.308376
175	8	0.5805138	0.3959802	0.01173263
176	4	0.5805138	0.3959802	0.01173263
176	5	-0.1769885	0.4903951	1.308376
176	6	0.427063	0.3234307	1.182863
176	7	-0.1769885	0.4903951	1.308376
176	8	0.5805138	0.3959802	0.01173263
179	4	1.202183	0.1737196	0.3822617
179	7	-0.1932353	0.5827101	0.441455
179	8	1.202183	0.1737196	0.3822617
180	4	1.202183	0.1737196	0.3822617
180	7	-0.1932353	0.5827101	0.441455
180	8	1.202183	0.1737196	0.3822617
181	1	-0.09642066	0.4748199	1.225298
181	2	-0.09642067	0.4748199	1.225298
181	3	-0.09642067	0.4748199	1.225298
181	4	-0.09642067	0.4748199	1.225298
181	5	-0.09642067	0.4748199	1.225298
181	6	0.7190832	0.3528882	0.03041050
181	7	-0.09642066	0.4748199	1.225298
181	8	-0.09642066	0.4748199	1.225298
182	1	1.120904	0.1941041	0.4197782
182	2	1.120904	0.1941041	0.4197782
182	3	1.120904	0.1941041	0.4197782
182	4	1.120904	0.1941041	0.4197782
182	5	1.120904	0.1941041	0.4197782
182	6	1.120904	0.1941041	0.4197782
182	7	1.120904	0.1941041	0.4197782
182	8	1.120904	0.1941041	0.4197782
183	1	1.120904	0.1941041	0.4197782
183	2	1.120904	0.1941041	0.4197782
183	3	1.120904	0.1941041	0.4197782
183	4	1.120904	0.1941041	0.4197782
183	5	1.120904	0.1941041	0.4197782
183	6	1.120904	0.1941041	0.4197782
183	7	1.120904	0.1941041	0.4197782
183	8	1.120904	0.1941041	0.4197782
184	1	1.120904	0.1941041	0.4197782
184	2	1.120904	0.1941041	0.4197782
184	3	1.120904	0.1941041	0.4197782
184	4	1.120904	0.1941041	0.4197782
184	5	1.120904	0.1941041	0.4197782
184	6	1.120904	0.1941041	0.4197782
184	7	1.120904	0.1941041	0.4197782
184	8	1.120904	0.1941041	0.4197782
185	1	1.120904	0.1941041	0.4197782
185	2	1.120904	0.1941041	0.4197782
185	3	1.120904	0.1941041	0.4197782
185	4	1.120904	0.1941041	0.4197782
185	5	1.120904	0.1941041	0.4197782
185	6	1.120904	0.1941041	0.4197782
185	7	1.120904	0.1941041	0.4197782
185	8	1.120904	0.1941041	0.4197782
186	1	1.120904	0.1941041	0.4197782
186	2	1.120904	0.1941041	0.4197782
186	3	1.120904	0.1941041	0.4197782
186	4	1.120904	0.1941041	0.4197782
186	5	1.120904	0.1941041	0.4197782
186	6	1.120904	0.1941041	0.4197782
186	7	1.120904	0.1941041	0.4197782
186	8	1.120904	0.1941041	0.4197782
187	1	-0.2147354	0.4844241	1.478781
187	2	-0.2147354	0.4844241	1.478781
187	4	1.132920	0.2215625	0.1122706
187	5	0.3868464	0.4522213	0.02511998
187	6	0.3868464	0.4522213	0.02511998
187	7	0.3868464	0.4522213	0.02511998
187	8	1.132920	0.2215625	0.1122706
188	1	-0.2147354	0.4844241	1.478781
188	2	-0.2147354	0.4844241	1.478781
188	4	1.132920	0.2215625	0.1122706
188	5	0.3868464	0.4522213	0.02511998
188	6	0.3868464	0.4522213	0.02511998
188	7	0.3868464	0.4522213	0.02511998
188	8	1.132920	0.2215625	0.1122706
189	1	-0.2147354	0.4844241	1.478781
189	2	-0.2147354	0.4844241	1.478781
189	4	1.132920	0.2215625	0.1122706
189	5	0.3868464	0.4522213	0.02511998
189	6	0.3868464	0.4522213	0.02511998
189	7	0.3868464	0.4522213	0.02511998
189	8	1.132920	0.2215625	0.1122706
190	1	-0.07556677	0.4393311	1.515522
190	2	-0.07556677	0.4393311	1.515522
190	5	0.4012925	0.4484456	0.01996433
190	6	0.4012925	0.4484456	0.01996433
190	7	0.4012925	0.4484456	0.01996433
190	8	1.027600	0.2579891	0.06166033
191	1	-0.07556677	0.4393311	1.515522
191	2	-0.07556677	0.4393311	1.515522
191	5	0.4012925	0.4484456	0.01996433
191	6	0.4012925	0.4484456	0.01996433
191	7	0.4012925	0.4484456	0.01996433
191	8	1.027600	0.2579891	0.06166033
193	5	1.120904	0.1941041	0.4197782
193	7	1.120904	0.1941041	0.4197782
194	5	1.120904	0.1941041	0.4197782
194	7	1.120904	0.1941041	0.4197782
195	5	1.120904	0.1941041	0.4197782
195	7	1.120904	0.1941041	0.4197782
196	5	1.120904	0.1941041	0.4197782
196	7	1.120904	0.1941041	0.4197782
197	5	1.120904	0.1941041	0.4197782
197	7	1.120904	0.1941041	0.4197782
198	5	1.120904	0.1941041	0.4197782
198	7	1.120904	0.1941041	0.4197782
199	3	1.297323	0.1413356	0.4228078
199	5	-0.1523255	0.5749384	0.3979133
199	7	-0.1523255	0.5749384	0.3979133
200	3	1.297323	0.1413356	0.4228078
200	5	-0.1523255	0.5749384	0.3979133
200	7	-0.1523255	0.5749384	0.3979133
201	3	1.297323	0.1413356	0.4228078
201	5	-0.1523255	0.5749384	0.3979133
201	7	-0.1523255	0.5749384	0.3979133
202	3	1.368129	0.1352834	0.2741280
202	5	0.02999177	0.5451614	0.1557262
202	6	-0.2542573	0.567023	0.7767293
202	7	0.02999177	0.5451614	0.1557262
202	8	-0.1877207	0.4922608	1.321514
203	3	1.368129	0.1352834	0.2741280
203	5	0.02999177	0.5451614	0.1557262
203	6	-0.2542573	0.567023	0.7767293
203	7	0.02999177	0.5451614	0.1557262
203	8	-0.1877207	0.4922608	1.321514
204	3	1.368129	0.1352834	0.2741280
204	5	0.02999177	0.5451614	0.1557262
204	6	-0.2542573	0.567023	0.7767293
204	7	0.02999177	0.5451614	0.1557262
204	8	-0.1877207	0.4922608	1.321514
205	3	1.368129	0.1352834	0.2741280
205	5	0.02999177	0.5451614	0.1557262
205	6	-0.2542573	0.567023	0.7767293
205	7	0.02999177	0.5451614	0.1557262
205	8	-0.1877207	0.4922608	1.321514
206	3	1.284054	0.1761224	0.1171899
206	4	0.004350033	0.4329353	1.343398
206	5	-0.01601251	0.5547478	0.1962972
206	6	-0.2570619	0.5614622	0.840099
206	7	-0.01601251	0.5547478	0.1962972
206	8	0.004350033	0.4329353	1.343398
207	3	1.284054	0.1761224	0.1171899
207	4	0.004350033	0.4329353	1.343398
207	5	-0.01601251	0.5547478	0.1962972
207	6	-0.2570619	0.5614622	0.840099
207	7	-0.01601251	0.5547478	0.1962972
207	8	0.004350033	0.4329353	1.343398
208	3	1.284054	0.1761224	0.1171899
208	4	0.004350033	0.4329353	1.343398
208	5	-0.01601251	0.5547478	0.1962972
208	6	-0.2570619	0.5614622	0.840099
208	7	-0.01601251	0.5547478	0.1962972
208	8	0.004350033	0.4329353	1.343398
209	3	1.284054	0.1761224	0.1171899
209	4	0.004350033	0.4329353	1.343398
209	5	-0.01601251	0.5547478	0.1962972
209	6	-0.2570619	0.5614622	0.840099
209	7	-0.01601251	0.5547478	0.1962972
209	8	0.004350033	0.4329353	1.343398
210	1	-0.3726523	0.5486883	1.307312
210	2	-0.3726523	0.5486883	1.307312
210	3	0.9884004	0.1895238	0.8556362
210	4	0.6474978	0.3753079	0.01919329
210	5	0.6474978	0.3753079	0.01919329
210	6	0.6263538	0.3818619	0.01655511
210	7	0.6474978	0.3753079	0.01919329
210	8	0.6474978	0.3753079	0.01919329
211	1	-0.3726523	0.5486883	1.307312
211	2	-0.3726523	0.5486883	1.307312
211	3	0.9884004	0.1895238	0.8556362
211	4	0.6474978	0.3753079	0.01919329
211	5	0.6474978	0.3753079	0.01919329
211	6	0.6263538	0.3818619	0.01655511
211	7	0.6474978	0.3753079	0.01919329
211	8	0.6474978	0.3753079	0.01919329
212	1	-0.3726523	0.5486883	1.307312
212	2	-0.3726523	0.5486883	1.307312
212	3	0.9884004	0.1895238	0.8556362
212	4	0.6474978	0.3753079	0.01919329
212	5	0.6474978	0.3753079	0.01919329
212	6	0.6263538	0.3818619	0.01655511
212	7	0.6474978	0.3753079	0.01919329
212	8	0.6474978	0.3753079	0.01919329
213	1	-0.3726523	0.5486883	1.307312
213	2	-0.3726523	0.5486883	1.307312
213	3	0.9884004	0.1895238	0.8556362
213	4	0.6474978	0.3753079	0.01919329
213	5	0.6474978	0.3753079	0.01919329
213	6	0.6263538	0.3818619	0.01655511
213	7	0.6474978	0.3753079	0.01919329
213	8	0.6474978	0.3753079	0.01919329
214	1	-0.3726523	0.5486883	1.307312
214	2	-0.3726523	0.5486883	1.307312
214	3	0.9884004	0.1895238	0.8556362
214	4	0.6474978	0.3753079	0.01919329
214	5	0.6474978	0.3753079	0.01919329
214	6	0.6263538	0.3818619	0.01655511
214	7	0.6474978	0.3753079	0.01919329
214	8	0.6474978	0.3753079	0.01919329
215	1	-0.3049298	0.5166821	1.424909
215	2	-0.3049298	0.5166821	1.424909
215	3	1.228118	0.1464559	0.5760061
215	5	0.4657732	0.4297446	0.0152674
215	6	0.4650777	0.4300516	0.01427503
215	7	0.4657732	0.4297446	0.0152674
215	8	0.5476267	0.4051426	0.01785102
216	1	-0.3049298	0.5166821	1.424909
216	2	-0.3049298	0.5166821	1.424909
216	3	1.228118	0.1464559	0.5760061
216	5	0.4657732	0.4297446	0.0152674
216	6	0.4650777	0.4300516	0.01427503
216	7	0.4657732	0.4297446	0.0152674
216	8	0.5476267	0.4051426	0.01785102
258	4	1.202344	0.1697447	0.4211768
258	8	-0.1496459	0.5741369	0.3979593
259	1	-0.2958786	0.5401285	1.165894
259	2	-0.2958786	0.5401285	1.165894
259	4	0.5488643	0.4057708	0.0079795
259	8	1.288949	0.1625704	0.2370581
260	1	-0.2709824	0.5425987	1.068050
260	2	-0.2709824	0.5425987	1.068050
260	4	1.017715	0.2591472	0.0793138
260	8	1.017715	0.2591472	0.0793138
261	1	-0.2709824	0.5425987	1.068050
261	2	-0.2709824	0.5425987	1.068050
261	4	1.017715	0.2591472	0.0793138
261	8	1.017715	0.2591472	0.0793138
262	1	1.120904	0.1941041	0.4197782
262	2	1.120904	0.1941041	0.4197782
262	4	1.120904	0.1941041	0.4197782
262	8	1.120904	0.1941041	0.4197782
263	1	0.1268845	0.4021139	1.287732
263	2	0.1268846	0.4021139	1.287732
263	3	0.4547309	0.4349652	-0.003926065
263	4	0.1268846	0.4021139	1.287732
263	8	0.1268846	0.4021139	1.287732
264	1	1.120904	0.1941041	0.4197782
264	2	1.120904	0.1941041	0.4197782
264	3	1.120904	0.1941041	0.4197782
264	4	1.120904	0.1941041	0.4197782
264	8	1.120904	0.1941041	0.4197782
265	1	1.120904	0.1941041	0.4197782
265	2	1.120904	0.1941041	0.4197782
265	3	1.120904	0.1941041	0.4197782
265	4	1.120904	0.1941041	0.4197782
265	8	1.120904	0.1941041	0.4197782
266	1	1.120904	0.1941041	0.4197782
266	2	1.120904	0.1941041	0.4197782
266	3	1.120904	0.1941041	0.4197782
266	4	1.120904	0.1941041	0.4197782
266	8	1.120904	0.1941041	0.4197782
267	1	1.120904	0.1941041	0.4197782
267	2	1.120904	0.1941041	0.4197782
267	3	1.120904	0.1941041	0.4197782
267	4	1.120904	0.1941041	0.4197782
267	8	1.120904	0.1941041	0.4197782
268	1	-0.1252183	0.5668304	0.3983788
268	2	-0.1252183	0.5668304	0.3983788
268	3	-0.1252183	0.5668304	0.3983788
268	4	-0.1252183	0.5668304	0.3983788
268	5	1.153216	0.1844393	0.4203331
268	6	1.218897	0.1647935	0.421461
268	7	1.153216	0.1844393	0.4203331
268	8	-0.1252183	0.5668304	0.3983788
269	1	-0.09642066	0.4748199	1.225298
269	2	-0.09642067	0.4748199	1.225298
269	3	-0.09642067	0.4748199	1.225298
269	4	-0.09642067	0.4748199	1.225298
269	5	-0.09642067	0.4748199	1.225298
269	6	0.7190832	0.3528882	0.03041050
269	7	-0.09642066	0.4748199	1.225298
269	8	-0.09642066	0.4748199	1.225298
270	1	0.2169917	0.3834691	1.206960
270	2	0.2169918	0.3834691	1.206960
270	3	0.2169917	0.3834691	1.206960
270	4	0.2169917	0.3834691	1.206960
270	5	0.2169917	0.3834691	1.206960
270	6	0.4068915	0.4457748	0.0299319
270	8	0.2169917	0.3834691	1.206960
271	1	1.120904	0.1941041	0.4197782
271	2	1.120904	0.1941041	0.4197782
271	3	1.120904	0.1941041	0.4197782
271	4	1.120904	0.1941041	0.4197782
271	5	1.120904	0.1941041	0.4197782
271	8	1.120904	0.1941041	0.4197782
272	1	1.120904	0.1941041	0.4197782
272	2	1.120904	0.1941041	0.4197782
272	3	1.120904	0.1941041	0.4197782
272	4	1.120904	0.1941041	0.4197782
272	5	1.120904	0.1941041	0.4197782
272	8	1.120904	0.1941041	0.4197782
273	1	-0.09642066	0.4748199	1.225298
273	2	-0.09642067	0.4748199	1.225298
273	3	-0.09642067	0.4748199	1.225298
273	4	-0.09642067	0.4748199	1.225298
273	5	-0.09642067	0.4748199	1.225298
273	6	0.7190832	0.3528882	0.03041050
273	7	-0.09642066	0.4748199	1.225298
273	8	-0.09642066	0.4748199	1.225298
274	1	-0.09642066	0.4748199	1.225298
274	2	-0.09642067	0.4748199	1.225298
274	3	-0.09642067	0.4748199	1.225298
274	4	-0.09642067	0.4748199	1.225298
274	5	-0.09642067	0.4748199	1.225298
274	6	0.7190832	0.3528882	0.03041050
274	7	-0.09642066	0.4748199	1.225298
274	8	-0.09642066	0.4748199	1.225298
275	1	-0.09642066	0.4748199	1.225298
275	2	-0.09642067	0.4748199	1.225298
275	3	-0.09642067	0.4748199	1.225298
275	4	-0.09642067	0.4748199	1.225298
275	5	-0.09642067	0.4748199	1.225298
275	6	0.7190832	0.3528882	0.03041050
275	7	-0.09642066	0.4748199	1.225298
275	8	-0.09642066	0.4748199	1.225298
276	1	1.120904	0.1941041	0.4197782
276	2	1.120904	0.1941041	0.4197782
276	3	1.120904	0.1941041	0.4197782
276	4	1.120904	0.1941041	0.4197782
276	5	1.120904	0.1941041	0.4197782
276	8	1.120904	0.1941041	0.4197782
277	1	1.120904	0.1941041	0.4197782
277	2	1.120904	0.1941041	0.4197782
277	3	1.120904	0.1941041	0.4197782
277	4	1.120904	0.1941041	0.4197782
277	5	1.120904	0.1941041	0.4197782
277	8	1.120904	0.1941041	0.4197782
278	1	1.120904	0.1941041	0.4197782
278	2	1.120904	0.1941041	0.4197782
278	3	1.120904	0.1941041	0.4197782
278	4	1.120904	0.1941041	0.4197782
278	5	1.120904	0.1941041	0.4197782
278	6	1.120904	0.1941041	0.4197782
278	7	1.120904	0.1941041	0.4197782
278	8	1.120904	0.1941041	0.4197782
279	1	1.120904	0.1941041	0.4197782
279	2	1.120904	0.1941041	0.4197782
279	3	1.120904	0.1941041	0.4197782
279	4	1.120904	0.1941041	0.4197782
279	5	1.120904	0.1941041	0.4197782
279	6	1.120904	0.1941041	0.4197782
279	7	1.120904	0.1941041	0.4197782
279	8	1.120904	0.1941041	0.4197782
280	1	1.120904	0.1941041	0.4197782
280	2	1.120904	0.1941041	0.4197782
280	3	1.120904	0.1941041	0.4197782
280	4	1.120904	0.1941041	0.4197782
280	5	1.120904	0.1941041	0.4197782
280	6	1.120904	0.1941041	0.4197782
280	7	1.120904	0.1941041	0.4197782
280	8	1.120904	0.1941041	0.4197782
281	1	1.120904	0.1941041	0.4197782
281	2	1.120904	0.1941041	0.4197782
281	3	1.120904	0.1941041	0.4197782
281	4	1.120904	0.1941041	0.4197782
281	5	1.120904	0.1941041	0.4197782
281	6	1.120904	0.1941041	0.4197782
281	7	1.120904	0.1941041	0.4197782
281	8	1.120904	0.1941041	0.4197782
282	1	1.120904	0.1941041	0.4197782
282	2	1.120904	0.1941041	0.4197782
282	3	1.120904	0.1941041	0.4197782
282	4	1.120904	0.1941041	0.4197782
282	5	1.120904	0.1941041	0.4197782
282	6	1.120904	0.1941041	0.4197782
282	7	1.120904	0.1941041	0.4197782
282	8	1.120904	0.1941041	0.4197782
283	3	1.120904	0.1941041	0.4197782
283	5	1.120904	0.1941041	0.4197782
283	6	1.120904	0.1941041	0.4197782
284	3	1.120904	0.1941041	0.4197782
284	5	1.120904	0.1941041	0.4197782
284	6	1.120904	0.1941041	0.4197782
284	7	1.120904	0.1941041	0.4197782
285	3	1.120904	0.1941041	0.4197782
285	5	1.120904	0.1941041	0.4197782
285	6	1.120904	0.1941041	0.4197782
285	7	1.120904	0.1941041	0.4197782
286	3	1.120904	0.1941041	0.4197782
286	5	1.120904	0.1941041	0.4197782
286	6	1.120904	0.1941041	0.4197782
286	7	1.120904	0.1941041	0.4197782
287	3	1.120904	0.1941041	0.4197782
287	5	1.120904	0.1941041	0.4197782
287	6	1.120904	0.1941041	0.4197782
287	7	1.120904	0.1941041	0.4197782
288	3	1.120904	0.1941041	0.4197782
288	5	1.120904	0.1941041	0.4197782
288	7	1.120904	0.1941041	0.4197782
305	1	-0.2961531	0.5857499	0.7146159
305	2	-0.2961531	0.5857499	0.7146159
305	3	0.3961878	0.3143265	1.364066
305	4	-0.05830214	0.5623792	0.2452952
305	5	1.175374	0.209876	0.1029708
305	6	1.174654	0.2099475	0.1043833
305	7	1.175374	0.209876	0.1029708
305	8	-0.05830214	0.5623792	0.2452952
306	1	-0.2961531	0.5857499	0.7146159
306	2	-0.2961531	0.5857499	0.7146159
306	3	0.3961878	0.3143265	1.364066
306	4	-0.05830214	0.5623792	0.2452952
306	5	1.175374	0.209876	0.1029708
306	6	1.174654	0.2099475	0.1043833
306	7	1.175374	0.209876	0.1029708
306	8	-0.05830214	0.5623792	0.2452952
307	1	0.5713889	0.2822485	1.165651
307	2	0.5713889	0.2822485	1.165651
307	3	-0.3243883	0.593975	0.716314
307	4	1.188456	0.1688375	0.4710919
307	5	0.2618568	0.4887938	0.03102958
307	6	0.2572257	0.4900054	0.03267052
307	7	0.2618568	0.4887938	0.03102958
307	8	1.188456	0.1688375	0.4710919
308	1	0.5713889	0.2822485	1.165651
308	2	0.5713889	0.2822485	1.165651
308	3	-0.3243883	0.593975	0.716314
308	4	1.188456	0.1688375	0.4710919
308	5	0.2618568	0.4887938	0.03102958
308	6	0.2572257	0.4900054	0.03267052
308	7	0.2618568	0.4887938	0.03102958
308	8	1.188456	0.1688375	0.4710919
309	1	-0.3670182	0.5677496	1.101819
309	2	-0.3670182	0.5677496	1.101819
309	3	0.8459335	0.2206003	0.9675122
309	4	0.1172765	0.526501	0.0834267
309	5	1.157095	0.2144947	0.1110657
309	6	1.155744	0.2148132	0.1118932
309	7	1.157095	0.2144947	0.1110657
309	8	0.1172765	0.526501	0.0834267
310	1	-0.3538553	0.5756543	0.9846986
310	2	-0.3538553	0.5756543	0.9846986
310	3	0.5799913	0.2735575	1.226425
310	4	0.1285816	0.5220507	0.0942124
310	5	1.036159	0.2555196	0.06091036
310	6	1.034714	0.2558896	0.06150266
310	7	1.036159	0.2555196	0.06091036
310	8	0.1285816	0.5220507	0.0942124
311	1	-0.3538553	0.5756543	0.9846986
311	2	-0.3538553	0.5756543	0.9846986
311	3	0.5799913	0.2735575	1.226425
311	4	0.1285816	0.5220507	0.0942124
311	5	1.036159	0.2555196	0.06091036
311	6	1.034714	0.2558896	0.06150266
311	7	1.036159	0.2555196	0.06091036
311	8	0.1285816	0.5220507	0.0942124
312	1	-0.3538553	0.5756543	0.9846986
312	2	-0.3538553	0.5756543	0.9846986
312	3	0.5799913	0.2735575	1.226425
312	4	0.1285816	0.5220507	0.0942124
312	5	1.036159	0.2555196	0.06091036
312	6	1.034714	0.2558896	0.06150266
312	7	1.036159	0.2555196	0.06091036
312	8	0.1285816	0.5220507	0.0942124
313	1	-0.2155383	0.4819957	1.505212
313	2	-0.2155383	0.4819957	1.505212
313	4	1.278363	0.16928	0.2017650
313	5	0.2206430	0.4996477	0.04492376
313	6	0.229652	0.4970916	0.04370526
313	7	0.2206430	0.4996477	0.04492376
313	8	1.278363	0.16928	0.2017650
314	1	-0.2155383	0.4819957	1.505212
314	2	-0.2155383	0.4819957	1.505212
314	4	1.278363	0.16928	0.2017650
314	5	0.2206430	0.4996477	0.04492376
314	6	0.229652	0.4970916	0.04370526
314	7	0.2206430	0.4996477	0.04492376
314	8	1.278363	0.16928	0.2017650
318	5	1.120904	0.1941041	0.4197782
318	7	1.120904	0.1941041	0.4197782
319	5	1.120904	0.1941041	0.4197782
319	7	1.120904	0.1941041	0.4197782
320	5	1.120904	0.1941041	0.4197782
320	7	1.120904	0.1941041	0.4197782
321	5	1.120904	0.1941041	0.4197782
321	7	1.120904	0.1941041	0.4197782
322	5	1.120904	0.1941041	0.4197782
322	7	1.120904	0.1941041	0.4197782
323	5	1.120904	0.1941041	0.4197782
323	7	1.120904	0.1941041	0.4197782
329	1	0.8479613	0.2171805	0.995426
329	5	-0.1781795	0.5819393	0.4047255
329	7	0.4172722	0.4444788	0.01218379
330	1	1.351807	0.1210934	0.4628442
330	5	-0.1733177	0.5758756	0.4504875
330	6	-0.0494044	0.5612298	0.2304652
330	7	-0.1733177	0.5758756	0.4504875
331	1	1.351807	0.1210934	0.4628442
331	5	-0.1733177	0.5758756	0.4504875
331	6	-0.0494044	0.5612298	0.2304652
331	7	-0.1733177	0.5758756	0.4504875
332	1	0.2649137	0.3498092	1.399295
332	2	0.2649137	0.3498092	1.399295
332	5	0.2800977	0.4836609	0.02814161
332	6	0.431298	0.4403639	0.01162911
332	7	0.2800977	0.4836609	0.02814161
333	1	0.2649137	0.3498092	1.399295
333	2	0.2649137	0.3498092	1.399295
333	5	0.2800977	0.4836609	0.02814161
333	6	0.431298	0.4403639	0.01162911
333	7	0.2800977	0.4836609	0.02814161
334	1	-0.3750012	0.5684027	1.118873
334	2	-0.3750012	0.5684027	1.118873
334	4	0.07076002	0.5365264	0.1211574
334	5	1.279820	0.1699468	0.1908623
334	6	1.277912	0.1707017	0.1890044
334	7	1.279820	0.1699468	0.1908623
334	8	0.07076002	0.5365264	0.1211574
335	1	-0.3567633	0.5554637	1.193347
335	2	-0.3567633	0.5554637	1.193347
335	4	0.1483524	0.5172891	0.08313646
335	5	1.24799	0.181646	0.1687288
335	6	1.204004	0.1953456	0.1625916
335	7	1.24799	0.181646	0.1687288
335	8	0.1483524	0.5172891	0.08313646
336	1	-0.3567633	0.5554637	1.193347
336	2	-0.3567633	0.5554637	1.193347
336	4	0.1483524	0.5172891	0.08313646
336	5	1.24799	0.181646	0.1687288
336	6	1.204004	0.1953456	0.1625916
336	7	1.24799	0.181646	0.1687288
336	8	0.1483524	0.5172891	0.08313646
337	1	-0.2972594	0.5247995	1.321866
337	2	-0.2972594	0.5247995	1.321866
337	3	-0.3005721	0.5274436	1.305426
337	4	0.1700244	0.5119126	0.0725499
337	5	1.146280	0.2201880	0.08652107
337	6	1.095211	0.2356502	0.0837899
337	7	1.146280	0.2201880	0.08652107
337	8	0.1700244	0.5119126	0.0725499
338	1	-0.2683212	0.5130476	1.353045
338	2	-0.2683212	0.5130476	1.353045
338	3	-0.2684539	0.5138204	1.345778
338	4	0.1285756	0.5223654	0.09111125
338	5	0.8921135	0.3017924	0.02685088
338	6	1.302733	0.1526151	0.2950903
338	7	0.8921135	0.3017924	0.02685088
338	8	0.1285756	0.5223654	0.09111125
339	1	-0.2683212	0.5130476	1.353045
339	2	-0.2683212	0.5130476	1.353045
339	3	-0.2684539	0.5138204	1.345778
339	4	0.1285756	0.5223654	0.09111125
339	5	0.8921135	0.3017924	0.02685088
339	6	1.302733	0.1526151	0.2950903
339	7	0.8921135	0.3017924	0.02685088
339	8	0.1285756	0.5223654	0.09111125
340	1	-0.3161286	0.5415105	1.211873
340	2	-0.3161286	0.5415105	1.211873
340	3	-0.316949	0.5437986	1.191616
340	4	0.374279	0.455735	0.02733494
340	5	1.246203	0.1861042	0.1298153
340	7	1.246203	0.1861042	0.1298153
340	8	0.374279	0.455735	0.02733494
341	1	-0.3161286	0.5415105	1.211873
341	2	-0.3161286	0.5415105	1.211873
341	3	-0.316949	0.5437986	1.191616
341	4	0.374279	0.455735	0.02733494
341	5	1.246203	0.1861042	0.1298153
341	7	1.246203	0.1861042	0.1298153
341	8	0.374279	0.455735	0.02733494
342	1	-0.2419204	0.500714	1.397466
342	2	-0.2419204	0.500714	1.397466
342	3	-0.2422828	0.5013762	1.391972
342	4	1.066281	0.2477834	0.04880852
342	7	0.2309749	0.4982685	0.02814414
342	8	1.066281	0.2477834	0.04880852
343	1	-0.2419204	0.500714	1.397466
343	2	-0.2419204	0.500714	1.397466
343	3	-0.2422828	0.5013762	1.391972
343	4	1.066281	0.2477834	0.04880852
343	7	0.2309749	0.4982685	0.02814414
343	8	1.066281	0.2477834	0.04880852
344	1	-0.2419204	0.500714	1.397466
344	2	-0.2419204	0.500714	1.397466
344	3	-0.2422828	0.5013762	1.391972
344	4	1.066281	0.2477834	0.04880852
344	7	0.2309749	0.4982685	0.02814414
344	8	1.066281	0.2477834	0.04880852
345	1	-0.2372010	0.4977548	1.412882
345	2	-0.2372010	0.4977548	1.412882
345	3	-0.2360995	0.4978255	1.408936
345	4	1.064986	0.2480365	0.050117
345	7	0.267724	0.4885882	0.01577745
345	8	1.064986	0.2480365	0.050117
346	1	-0.2372010	0.4977548	1.412882
346	2	-0.2372010	0.4977548	1.412882
346	3	-0.2360995	0.4978255	1.408936
346	4	1.064986	0.2480365	0.050117
346	7	0.267724	0.4885882	0.01577745
346	8	1.064986	0.2480365	0.050117
354	1	1.120904	0.1941041	0.4197782
354	2	1.120904	0.1941041	0.4197782
355	1	1.120904	0.1941041	0.4197782
355	2	1.120904	0.1941041	0.4197782
356	1	1.120904	0.1941041	0.4197782
356	2	1.120904	0.1941041	0.4197782
368	2	1.286000	0.1447224	0.4226134
368	3	-0.1891239	0.5859451	0.3972814
369	1	-0.3829586	0.5761089	1.065957
369	2	-0.3829586	0.5761089	1.065957
369	3	1.141327	0.1650730	0.6472807
369	4	0.737612	0.3490642	0.01370261
369	7	1.192589	0.2001137	0.1489802
369	8	0.737612	0.3490642	0.01370261
370	1	-0.3441713	0.5256068	1.452109
370	2	-0.3441713	0.5256068	1.452109
370	3	1.268176	0.1609392	0.3144368
370	4	1.242109	0.182279	0.1797874
370	5	0.17274	0.5130508	0.05326922
370	6	0.1672174	0.5143164	0.05700156
370	7	0.6940875	0.3612889	0.02082209
370	8	1.242109	0.182279	0.1797874
371	1	-0.3474455	0.5260721	1.457147
371	2	-0.3474455	0.5260721	1.457147
371	3	1.259328	0.1667235	0.2831916
371	4	1.203999	0.1964628	0.1515351
371	5	0.6184919	0.384154	0.01700902
371	6	0.08369345	0.5365193	0.083114
371	7	0.6184919	0.384154	0.01700902
371	8	1.203999	0.1964628	0.1515351
372	1	-0.3474455	0.5260721	1.457147
372	2	-0.3474455	0.5260721	1.457147
372	3	1.259328	0.1667235	0.2831916
372	4	1.203999	0.1964628	0.1515351
372	5	0.6184919	0.384154	0.01700902
372	6	0.08369345	0.5365193	0.083114
372	7	0.6184919	0.384154	0.01700902
372	8	1.203999	0.1964628	0.1515351
373	1	-0.3474455	0.5260721	1.457147
373	2	-0.3474455	0.5260721	1.457147
373	3	1.259328	0.1667235	0.2831916
373	4	1.203999	0.1964628	0.1515351
373	5	0.6184919	0.384154	0.01700902
373	6	0.08369345	0.5365193	0.083114
373	7	0.6184919	0.384154	0.01700902
373	8	1.203999	0.1964628	0.1515351
374	1	-0.3431013	0.5248416	1.456538
374	2	-0.3431013	0.5248416	1.456538
374	3	1.159700	0.210983	0.1381916
374	4	1.291190	0.1589818	0.2660148
374	5	0.4484852	0.4348256	0.01586209
374	6	0.07866749	0.5374763	0.08844197
374	7	0.4484852	0.4348256	0.01586209
374	8	1.291190	0.1589818	0.2660148
375	1	-0.3431013	0.5248416	1.456538
375	2	-0.3431013	0.5248416	1.456538
375	3	1.159700	0.210983	0.1381916
375	4	1.291190	0.1589818	0.2660148
375	5	0.4484852	0.4348256	0.01586209
375	6	0.07866749	0.5374763	0.08844197
375	7	0.4484852	0.4348256	0.01586209
375	8	1.291190	0.1589818	0.2660148
376	1	-0.3603765	0.5351201	1.405590
376	2	-0.3603765	0.5351201	1.405590
376	3	0.8799222	0.3036458	0.04441016
376	4	1.289642	0.1616185	0.2444493
376	5	0.3371915	0.4675731	0.01931682
376	7	0.3371915	0.4675731	0.01931682
376	8	1.289642	0.1616185	0.2444493
377	1	-0.3603765	0.5351201	1.405590
377	2	-0.3603765	0.5351201	1.405590
377	3	0.8799222	0.3036458	0.04441016
377	4	1.289642	0.1616185	0.2444493
377	5	0.3371915	0.4675731	0.01931682
377	7	0.3371915	0.4675731	0.01931682
377	8	1.289642	0.1616185	0.2444493
378	1	-0.3603765	0.5351201	1.405590
378	2	-0.3603765	0.5351201	1.405590
378	3	0.8799222	0.3036458	0.04441016
378	4	1.289642	0.1616185	0.2444493
378	5	0.3371915	0.4675731	0.01931682
378	7	0.3371915	0.4675731	0.01931682
378	8	1.289642	0.1616185	0.2444493
379	1	-0.339204	0.521578	1.477394
379	2	-0.339204	0.521578	1.477394
379	3	1.069834	0.2418597	0.09703784
379	4	1.292034	0.1582276	0.2710037
379	5	0.3067562	0.4758614	0.02687214
379	6	0.3175793	0.4727134	0.02617255
379	7	0.3067562	0.4758614	0.02687214
379	8	1.292034	0.1582276	0.2710037
380	1	-0.3370923	0.5205976	1.480887
380	2	-0.3370923	0.5205976	1.480887
380	3	1.087161	0.2359843	0.1042020
380	4	1.292085	0.1582752	0.2703807
380	5	0.3039300	0.4766668	0.02721931
380	6	0.3063771	0.4759552	0.02705950
380	7	0.3039300	0.4766668	0.02721931
380	8	1.292085	0.1582752	0.2703807
381	1	-0.3370923	0.5205976	1.480887
381	2	-0.3370923	0.5205976	1.480887
381	3	1.087161	0.2359843	0.1042020
381	4	1.292085	0.1582752	0.2703807
381	5	0.3039300	0.4766668	0.02721931
381	6	0.3063771	0.4759552	0.02705950
381	7	0.3039300	0.4766668	0.02721931
381	8	1.292085	0.1582752	0.2703807
382	1	-0.3370923	0.5205976	1.480887
382	2	-0.3370923	0.5205976	1.480887
382	3	1.087161	0.2359843	0.1042020
382	4	1.292085	0.1582752	0.2703807
382	5	0.3039300	0.4766668	0.02721931
382	6	0.3063771	0.4759552	0.02705950
382	7	0.3039300	0.4766668	0.02721931
382	8	1.292085	0.1582752	0.2703807
383	1	-0.3364003	0.5202782	1.482012
383	2	-0.3364003	0.5202782	1.482012
383	3	1.092562	0.2341382	0.1065796
383	4	1.292105	0.1582873	0.2702019
383	5	0.3029616	0.4769428	0.02733746
383	6	0.3029616	0.4769428	0.02733746
383	7	0.3029616	0.4769428	0.02733746
383	8	1.292105	0.1582873	0.2702019
384	1	-0.3364003	0.5202782	1.482012
384	2	-0.3364003	0.5202782	1.482012
384	3	1.092562	0.2341382	0.1065796
384	4	1.292105	0.1582873	0.2702019
384	5	0.3029616	0.4769428	0.02733746
384	6	0.3029616	0.4769428	0.02733746
384	7	0.3029616	0.4769428	0.02733746
384	8	1.292105	0.1582873	0.2702019
385	2	1.321748	0.1663918	0.1025357
385	3	-0.04171174	0.4519093	1.291112
385	4	0.1554952	0.3865477	1.357674
385	5	-0.02819885	0.5583578	0.1964356
385	6	-0.02819885	0.5583578	0.1964356
385	7	-0.02819885	0.5583578	0.1964356
385	8	0.1554952	0.3865477	1.357674
386	2	1.211727	0.1424607	0.6638974
386	5	-0.05767745	0.56245	0.2427531
386	6	-0.05767745	0.56245	0.2427531
386	7	-0.05767745	0.56245	0.2427531
387	2	1.211727	0.1424607	0.6638974
387	5	-0.05767745	0.56245	0.2427531
387	6	-0.05767745	0.56245	0.2427531
387	7	-0.05767745	0.56245	0.2427531
388	2	1.211727	0.1424607	0.6638974
388	5	-0.05767745	0.56245	0.2427531
388	6	-0.05767745	0.56245	0.2427531
388	7	-0.05767745	0.56245	0.2427531
389	5	1.120904	0.1941041	0.4197782
389	6	1.120904	0.1941041	0.4197782
389	7	1.120904	0.1941041	0.4197782
390	5	1.120904	0.1941041	0.4197782
390	6	1.120904	0.1941041	0.4197782
390	7	1.120904	0.1941041	0.4197782
391	5	1.120904	0.1941041	0.4197782
391	6	1.120904	0.1941041	0.4197782
391	7	1.120904	0.1941041	0.4197782
392	3	-0.07996004	0.4402966	1.5189
392	5	0.5578387	0.4016730	0.02213974
392	6	0.5578387	0.4016730	0.02213974
392	7	0.5578387	0.4016730	0.02213974
393	3	-0.07996004	0.4402966	1.5189
393	5	0.5578387	0.4016730	0.02213974
393	6	0.5578387	0.4016730	0.02213974
393	7	0.5578387	0.4016730	0.02213974
394	3	-0.07996004	0.4402966	1.5189
394	5	0.5578387	0.4016730	0.02213974
394	6	0.5578387	0.4016730	0.02213974
394	7	0.5578387	0.4016730	0.02213974
395	3	1.297323	0.1413356	0.4228078
395	5	-0.1523255	0.5749384	0.3979133
395	6	-0.1523255	0.5749384	0.3979133
396	3	1.297323	0.1413356	0.4228078
396	5	-0.1523255	0.5749384	0.3979133
396	6	-0.1523255	0.5749384	0.3979133
397	3	1.297323	0.1413356	0.4228078
397	5	-0.1523255	0.5749384	0.3979133
397	6	-0.1523255	0.5749384	0.3979133
398	3	1.297323	0.1413356	0.4228078
398	5	-0.1523255	0.5749384	0.3979133
398	6	-0.1523255	0.5749384	0.3979133
399	3	-0.3193798	0.5289834	1.345591
399	5	1.103427	0.2317726	0.09800219
399	6	0.6385315	0.3780959	0.01798857
400	3	1.25227	0.1548114	0.4220341
400	5	-0.1735165	0.5812768	0.3975494
401	3	1.150804	0.2211655	0.06350259
401	4	0.4472838	0.3150501	1.206323
401	5	-0.09191975	0.5684142	0.2845581
401	6	-0.09137723	0.5680021	0.2870424
401	7	-0.09191975	0.5684142	0.2845581
401	8	0.4472838	0.3150501	1.206323
402	3	1.150804	0.2211655	0.06350259
402	4	0.4472838	0.3150501	1.206323
402	5	-0.09191975	0.5684142	0.2845581
402	6	-0.09137723	0.5680021	0.2870424
402	7	-0.09191975	0.5684142	0.2845581
402	8	0.4472838	0.3150501	1.206323
403	3	1.150804	0.2211655	0.06350259
403	4	0.4472838	0.3150501	1.206323
403	5	-0.09191975	0.5684142	0.2845581
403	6	-0.09137723	0.5680021	0.2870424
403	7	-0.09191975	0.5684142	0.2845581
403	8	0.4472838	0.3150501	1.206323
404	3	0.8318433	0.3222397	0.001834399
404	4	0.2517860	0.3634505	1.302801
404	7	-0.2338294	0.5861893	0.5266027
404	8	0.2517860	0.3634505	1.302801
405	3	0.8318433	0.3222397	0.001834399
405	4	0.2517860	0.3634505	1.302801
405	7	-0.2338294	0.5861893	0.5266027
405	8	0.2517860	0.3634505	1.302801
406	3	0.8318433	0.3222397	0.001834399
406	4	0.2517860	0.3634505	1.302801
406	7	-0.2338294	0.5861893	0.5266027
406	8	0.2517860	0.3634505	1.302801
407	3	0.8318433	0.3222397	0.001834399
407	4	0.2517860	0.3634505	1.302801
407	7	-0.2338294	0.5861893	0.5266027
407	8	0.2517860	0.3634505	1.302801
408	3	1.014135	0.2662721	0.01926185
408	4	0.3817126	0.3308939	1.242547
408	5	-0.1859235	0.5805874	0.4409426
408	7	-0.1859235	0.5805874	0.4409426
408	8	0.3817126	0.3308939	1.242547
409	3	1.274200	0.1812093	0.09581953
409	5	-0.1688549	0.5784017	0.412303
409	7	-0.1688549	0.5784017	0.412303
409	8	0.09111101	0.400029	1.413812
410	3	1.274200	0.1812093	0.09581953
410	5	-0.1688549	0.5784017	0.412303
410	7	-0.1688549	0.5784017	0.412303
410	8	0.09111101	0.400029	1.413812
411	3	1.406071	0.1309781	0.2049829
411	5	-0.07437681	0.5654215	0.2625173
411	6	-0.0817176	0.5662511	0.275929
411	7	-0.07437681	0.5654215	0.2625173
411	8	-0.02165615	0.430306	1.446089
412	3	1.406071	0.1309781	0.2049829
412	5	-0.07437681	0.5654215	0.2625173
412	6	-0.0817176	0.5662511	0.275929
412	7	-0.07437681	0.5654215	0.2625173
412	8	-0.02165615	0.430306	1.446089
413	3	-0.3687628	0.5408365	1.373657
413	6	0.7204158	0.3537623	0.01782142
413	7	1.105797	0.2320655	0.088118
414	3	-0.3687628	0.5408365	1.373657
414	6	0.7204158	0.3537623	0.01782142
414	7	1.105797	0.2320655	0.088118
415	3	-0.3687628	0.5408365	1.373657
415	6	0.7204158	0.3537623	0.01782142
415	7	1.105797	0.2320655	0.088118
416	3	-0.3687628	0.5408365	1.373657
416	6	0.7204158	0.3537623	0.01782142
416	7	1.105797	0.2320655	0.088118
417	3	-0.3687628	0.5408365	1.373657
417	6	0.7204158	0.3537623	0.01782142
417	7	1.105797	0.2320655	0.088118
418	3	1.257509	0.1883013	0.07472575
418	4	0.2422728	0.3637781	1.327589
418	5	-0.09121992	0.5687607	0.2790616
418	6	-0.09349433	0.5687743	0.2856290
418	7	-0.09121992	0.5687607	0.2790616
418	8	0.2422728	0.3637781	1.327589
419	3	1.257509	0.1883013	0.07472575
419	4	0.2422728	0.3637781	1.327589
419	5	-0.09121992	0.5687607	0.2790616
419	6	-0.09349433	0.5687743	0.2856290
419	7	-0.09121992	0.5687607	0.2790616
419	8	0.2422728	0.3637781	1.327589
420	3	1.257509	0.1883013	0.07472575
420	4	0.2422728	0.3637781	1.327589
420	5	-0.09121992	0.5687607	0.2790616
420	6	-0.09349433	0.5687743	0.2856290
420	7	-0.09121992	0.5687607	0.2790616
420	8	0.2422728	0.3637781	1.327589
421	3	-0.3980462	0.5676036	1.194701
421	5	1.063668	0.2458998	0.07517272
421	7	1.063668	0.2458998	0.07517272
422	3	-0.3980462	0.5676036	1.194701
422	5	1.063668	0.2458998	0.07517272
422	7	1.063668	0.2458998	0.07517272
423	3	1.286000	0.1447224	0.4226134
423	7	-0.1891239	0.5859451	0.3972814
424	3	1.286000	0.1447224	0.4226134
424	7	-0.1891239	0.5859451	0.3972814
425	3	1.286000	0.1447224	0.4226134
425	7	-0.1891239	0.5859451	0.3972814
426	3	1.286000	0.1447224	0.4226134
426	7	-0.1891239	0.5859451	0.3972814
427	1	0.7483129	0.2521311	0.9427313
427	2	0.7483129	0.2521311	0.9427313
427	3	-0.3310563	0.6044157	0.6325012
427	4	1.111027	0.2267253	0.1256249
427	5	0.5389453	0.4085595	0.009574695
427	7	1.069559	0.1915245	0.5966474
427	8	1.111027	0.2267253	0.1256249
428	1	-0.2660524	0.5529187	0.9512556
428	2	-0.2660524	0.5529187	0.9512556
428	3	0.9278889	0.2936281	0.002330414
428	4	0.2830284	0.3607648	1.237349
428	5	-0.2660524	0.5529187	0.9512556
428	7	-0.2660524	0.5529187	0.9512556
428	8	0.2830284	0.3607648	1.237349
429	1	-0.2660524	0.5529187	0.9512556
429	2	-0.2660524	0.5529187	0.9512556
429	3	0.9278889	0.2936281	0.002330414
429	4	0.2830284	0.3607648	1.237349
429	5	-0.2660524	0.5529187	0.9512556
429	7	-0.2660524	0.5529187	0.9512556
429	8	0.2830284	0.3607648	1.237349
