1	1	1.120904	0.1941041	0.4197782
1	2	1.120904	0.1941041	0.4197782
1	3	1.120904	0.1941041	0.4197782
1	4	1.120904	0.1941041	0.4197782
2	1	1.120904	0.1941041	0.4197782
2	2	1.120904	0.1941041	0.4197782
2	3	1.120904	0.1941041	0.4197782
2	4	1.120904	0.1941041	0.4197782
3	1	1.120904	0.1941041	0.4197782
3	2	1.120904	0.1941041	0.4197782
3	3	1.120904	0.1941041	0.4197782
3	4	1.120904	0.1941041	0.4197782
4	1	1.120904	0.1941041	0.4197782
4	2	1.120904	0.1941041	0.4197782
4	3	1.120904	0.1941041	0.4197782
4	4	1.120904	0.1941041	0.4197782
5	1	1.120904	0.1941041	0.4197782
5	2	1.120904	0.1941041	0.4197782
5	3	1.120904	0.1941041	0.4197782
5	4	1.120904	0.1941041	0.4197782
11	1	-0.1551758	0.575791	0.3978644
11	2	-0.1551758	0.575791	0.3978644
11	3	-0.1551758	0.575791	0.3978644
11	4	1.408068	0.108211	0.4247096
12	1	-0.1551758	0.575791	0.3978644
12	2	-0.1551758	0.575791	0.3978644
12	3	-0.1551758	0.575791	0.3978644
12	4	1.408068	0.108211	0.4247096
13	1	-0.1551758	0.575791	0.3978644
13	2	-0.1551758	0.575791	0.3978644
13	3	-0.1551758	0.575791	0.3978644
13	4	1.408068	0.108211	0.4247096
14	1	-0.1551758	0.575791	0.3978644
14	2	-0.1551758	0.575791	0.3978644
14	3	-0.1551758	0.575791	0.3978644
14	4	1.408068	0.108211	0.4247096
15	1	-0.1551758	0.575791	0.3978644
15	2	-0.1551758	0.575791	0.3978644
15	3	-0.1551758	0.575791	0.3978644
15	4	1.408068	0.108211	0.4247096
16	1	-0.1551758	0.575791	0.3978644
16	2	-0.1551758	0.575791	0.3978644
16	3	-0.1551758	0.575791	0.3978644
16	4	1.408068	0.108211	0.4247096
17	1	-0.1551758	0.575791	0.3978644
17	2	-0.1551758	0.575791	0.3978644
17	3	-0.1551758	0.575791	0.3978644
17	4	1.408068	0.108211	0.4247096
18	1	-0.1702482	0.5802992	0.3976055
18	3	-0.1702482	0.5802992	0.3976055
18	4	1.374866	0.1181419	0.4241394
19	1	1.120904	0.1941041	0.4197782
19	2	1.120904	0.1941041	0.4197782
19	3	1.120904	0.1941041	0.4197782
19	4	1.120904	0.1941041	0.4197782
20	1	1.120904	0.1941041	0.4197782
20	2	1.120904	0.1941041	0.4197782
20	3	1.120904	0.1941041	0.4197782
20	4	1.120904	0.1941041	0.4197782
21	1	1.120904	0.1941041	0.4197782
21	2	1.120904	0.1941041	0.4197782
21	3	1.120904	0.1941041	0.4197782
21	4	1.120904	0.1941041	0.4197782
22	1	1.120904	0.1941041	0.4197782
22	2	1.120904	0.1941041	0.4197782
22	3	1.120904	0.1941041	0.4197782
22	4	1.120904	0.1941041	0.4197782
23	1	1.120904	0.1941041	0.4197782
23	2	1.120904	0.1941041	0.4197782
23	3	1.120904	0.1941041	0.4197782
23	4	1.120904	0.1941041	0.4197782
24	1	1.120904	0.1941041	0.4197782
24	2	1.120904	0.1941041	0.4197782
24	3	1.120904	0.1941041	0.4197782
24	4	1.120904	0.1941041	0.4197782
25	1	1.120904	0.1941041	0.4197782
25	2	1.120904	0.1941041	0.4197782
25	3	1.120904	0.1941041	0.4197782
25	4	1.120904	0.1941041	0.4197782
26	1	1.120904	0.1941041	0.4197782
26	2	1.120904	0.1941041	0.4197782
26	3	1.120904	0.1941041	0.4197782
26	4	1.120904	0.1941041	0.4197782
27	1	1.120904	0.1941041	0.4197782
27	2	1.120904	0.1941041	0.4197782
27	3	1.120904	0.1941041	0.4197782
27	4	1.120904	0.1941041	0.4197782
28	1	1.120904	0.1941041	0.4197782
28	2	1.120904	0.1941041	0.4197782
28	3	1.120904	0.1941041	0.4197782
28	4	1.120904	0.1941041	0.4197782
30	1	1.120904	0.1941041	0.4197782
30	2	1.120904	0.1941041	0.4197782
30	3	1.120904	0.1941041	0.4197782
30	4	1.120904	0.1941041	0.4197782
31	1	1.120904	0.1941041	0.4197782
31	2	1.120904	0.1941041	0.4197782
31	3	1.120904	0.1941041	0.4197782
31	4	1.120904	0.1941041	0.4197782
32	1	1.120904	0.1941041	0.4197782
32	2	1.120904	0.1941041	0.4197782
32	3	1.120904	0.1941041	0.4197782
32	4	1.120904	0.1941041	0.4197782
33	1	1.120904	0.1941041	0.4197782
33	2	1.120904	0.1941041	0.4197782
33	3	1.120904	0.1941041	0.4197782
33	4	1.120904	0.1941041	0.4197782
34	1	1.120904	0.1941041	0.4197782
34	2	1.120904	0.1941041	0.4197782
34	3	1.120904	0.1941041	0.4197782
34	4	1.120904	0.1941041	0.4197782
35	1	1.120904	0.1941041	0.4197782
35	2	1.120904	0.1941041	0.4197782
35	3	1.120904	0.1941041	0.4197782
35	4	1.120904	0.1941041	0.4197782
36	1	1.120904	0.1941041	0.4197782
36	2	1.120904	0.1941041	0.4197782
36	3	1.120904	0.1941041	0.4197782
36	4	1.120904	0.1941041	0.4197782
37	1	1.120904	0.1941041	0.4197782
37	2	1.120904	0.1941041	0.4197782
37	3	1.120904	0.1941041	0.4197782
37	4	1.120904	0.1941041	0.4197782
38	1	1.120904	0.1941041	0.4197782
38	2	1.120904	0.1941041	0.4197782
38	3	1.120904	0.1941041	0.4197782
38	4	1.120904	0.1941041	0.4197782
39	1	1.120904	0.1941041	0.4197782
39	2	1.120904	0.1941041	0.4197782
39	3	1.120904	0.1941041	0.4197782
39	4	1.120904	0.1941041	0.4197782
40	1	1.120904	0.1941041	0.4197782
40	2	1.120904	0.1941041	0.4197782
40	3	1.120904	0.1941041	0.4197782
40	4	1.120904	0.1941041	0.4197782
41	1	1.120904	0.1941041	0.4197782
41	2	1.120904	0.1941041	0.4197782
41	3	1.120904	0.1941041	0.4197782
41	4	1.120904	0.1941041	0.4197782
42	1	1.120904	0.1941041	0.4197782
42	2	1.120904	0.1941041	0.4197782
42	3	1.120904	0.1941041	0.4197782
42	4	1.120904	0.1941041	0.4197782
43	1	1.120904	0.1941041	0.4197782
43	2	1.120904	0.1941041	0.4197782
43	3	1.120904	0.1941041	0.4197782
43	4	1.120904	0.1941041	0.4197782
44	1	1.120904	0.1941041	0.4197782
44	2	1.120904	0.1941041	0.4197782
44	3	1.120904	0.1941041	0.4197782
44	4	1.120904	0.1941041	0.4197782
45	1	1.213737	0.166337	0.4213724
45	2	-0.2423374	0.6018617	0.3963676
45	3	1.213737	0.166337	0.4213724
45	4	1.213737	0.166337	0.4213724
46	1	1.213737	0.166337	0.4213724
46	2	-0.2423374	0.6018617	0.3963676
46	3	1.213737	0.166337	0.4213724
46	4	1.213737	0.166337	0.4213724
48	1	1.120904	0.1941041	0.4197782
48	2	1.120904	0.1941041	0.4197782
48	3	1.120904	0.1941041	0.4197782
48	4	1.120904	0.1941041	0.4197782
49	1	1.120904	0.1941041	0.4197782
49	2	1.120904	0.1941041	0.4197782
49	3	1.120904	0.1941041	0.4197782
49	4	1.120904	0.1941041	0.4197782
50	1	1.120904	0.1941041	0.4197782
50	2	1.120904	0.1941041	0.4197782
50	3	1.120904	0.1941041	0.4197782
50	4	1.120904	0.1941041	0.4197782
51	1	1.120904	0.1941041	0.4197782
51	2	1.120904	0.1941041	0.4197782
51	3	1.120904	0.1941041	0.4197782
51	4	1.120904	0.1941041	0.4197782
52	1	1.120904	0.1941041	0.4197782
52	2	1.120904	0.1941041	0.4197782
52	3	1.120904	0.1941041	0.4197782
52	4	1.120904	0.1941041	0.4197782
53	1	1.120904	0.1941041	0.4197782
53	2	1.120904	0.1941041	0.4197782
53	3	1.120904	0.1941041	0.4197782
53	4	1.120904	0.1941041	0.4197782
54	1	1.120904	0.1941041	0.4197782
54	2	1.120904	0.1941041	0.4197782
54	3	1.120904	0.1941041	0.4197782
54	4	1.120904	0.1941041	0.4197782
55	1	1.120904	0.1941041	0.4197782
55	2	1.120904	0.1941041	0.4197782
55	3	1.120904	0.1941041	0.4197782
55	4	1.120904	0.1941041	0.4197782
56	1	1.120904	0.1941041	0.4197782
56	2	1.120904	0.1941041	0.4197782
56	3	1.120904	0.1941041	0.4197782
56	4	1.120904	0.1941041	0.4197782
57	1	1.120904	0.1941041	0.4197782
57	2	1.120904	0.1941041	0.4197782
57	3	1.120904	0.1941041	0.4197782
57	4	1.120904	0.1941041	0.4197782
58	1	1.120904	0.1941041	0.4197782
58	2	1.120904	0.1941041	0.4197782
58	3	1.120904	0.1941041	0.4197782
58	4	1.120904	0.1941041	0.4197782
59	1	1.120904	0.1941041	0.4197782
59	2	1.120904	0.1941041	0.4197782
59	3	1.120904	0.1941041	0.4197782
59	4	1.120904	0.1941041	0.4197782
60	1	-0.1551758	0.575791	0.3978644
60	2	-0.1551758	0.575791	0.3978644
60	3	-0.1551758	0.575791	0.3978644
60	4	1.408068	0.108211	0.4247096
61	1	-0.1551758	0.575791	0.3978644
61	2	-0.1551758	0.575791	0.3978644
61	3	-0.1551758	0.575791	0.3978644
61	4	1.408068	0.108211	0.4247096
62	1	-0.1551758	0.575791	0.3978644
62	2	-0.1551758	0.575791	0.3978644
62	3	-0.1551758	0.575791	0.3978644
62	4	1.408068	0.108211	0.4247096
63	1	-0.1551758	0.575791	0.3978644
63	2	-0.1551758	0.575791	0.3978644
63	3	-0.1551758	0.575791	0.3978644
63	4	1.408068	0.108211	0.4247096
64	1	-0.1551758	0.575791	0.3978644
64	2	-0.1551758	0.575791	0.3978644
64	3	-0.1551758	0.575791	0.3978644
64	4	1.408068	0.108211	0.4247096
65	1	-0.1551758	0.575791	0.3978644
65	2	-0.1551758	0.575791	0.3978644
65	3	-0.1551758	0.575791	0.3978644
65	4	1.408068	0.108211	0.4247096
66	1	-0.1551758	0.575791	0.3978644
66	2	-0.1551758	0.575791	0.3978644
66	3	-0.1551758	0.575791	0.3978644
66	4	1.408068	0.108211	0.4247096
67	1	-0.1551758	0.575791	0.3978644
67	2	-0.1551758	0.575791	0.3978644
67	3	-0.1551758	0.575791	0.3978644
67	4	1.408068	0.108211	0.4247096
68	1	-0.1551758	0.575791	0.3978644
68	2	-0.1551758	0.575791	0.3978644
68	3	-0.1551758	0.575791	0.3978644
68	4	1.408068	0.108211	0.4247096
69	1	-0.1551758	0.575791	0.3978644
69	2	-0.1551758	0.575791	0.3978644
69	3	-0.1551758	0.575791	0.3978644
69	4	1.408068	0.108211	0.4247096
70	1	-0.1551758	0.575791	0.3978644
70	2	-0.1551758	0.575791	0.3978644
70	3	-0.1551758	0.575791	0.3978644
70	4	1.408068	0.108211	0.4247096
71	1	-0.1551758	0.575791	0.3978644
71	2	-0.1551758	0.575791	0.3978644
71	3	-0.1551758	0.575791	0.3978644
71	4	1.408068	0.108211	0.4247096
76	1	1.283515	0.1454659	0.4225707
76	2	-0.4215434	0.5734061	1.206444
76	3	1.283515	0.1454659	0.4225707
76	4	0.1311985	0.5273317	0.03416888
77	1	1.283515	0.1454659	0.4225707
77	2	-0.4215434	0.5734061	1.206444
77	3	1.283515	0.1454659	0.4225707
77	4	0.1311985	0.5273317	0.03416888
78	1	1.283515	0.1454659	0.4225707
78	2	-0.4215434	0.5734061	1.206444
78	3	1.283515	0.1454659	0.4225707
78	4	0.1311985	0.5273317	0.03416888
79	1	1.283515	0.1454659	0.4225707
79	2	-0.4215434	0.5734061	1.206444
79	3	1.283515	0.1454659	0.4225707
79	4	0.1311985	0.5273317	0.03416888
80	1	1.283515	0.1454659	0.4225707
80	2	-0.4215434	0.5734061	1.206444
80	3	1.283515	0.1454659	0.4225707
80	4	0.1311985	0.5273317	0.03416888
81	1	1.245318	0.1568909	0.4219147
81	2	-0.2283505	0.5976781	0.3966078
81	3	1.245318	0.1568909	0.4219147
82	1	1.245318	0.1568909	0.4219147
82	2	-0.2283505	0.5976781	0.3966078
82	3	1.245318	0.1568909	0.4219147
89	1	-0.1321506	0.5689039	0.3982598
89	2	-0.1321506	0.5689039	0.3982598
89	3	-0.1321506	0.5689039	0.3982598
89	4	1.261228	0.1521319	0.422188
90	1	1.120904	0.1941041	0.4197782
90	2	1.120904	0.1941041	0.4197782
90	3	1.120904	0.1941041	0.4197782
90	4	1.120904	0.1941041	0.4197782
91	1	1.120904	0.1941041	0.4197782
91	2	1.120904	0.1941041	0.4197782
91	3	1.120904	0.1941041	0.4197782
91	4	1.120904	0.1941041	0.4197782
92	1	1.120904	0.1941041	0.4197782
92	2	1.120904	0.1941041	0.4197782
92	3	1.120904	0.1941041	0.4197782
92	4	1.120904	0.1941041	0.4197782
93	1	1.120904	0.1941041	0.4197782
93	2	1.120904	0.1941041	0.4197782
93	3	1.120904	0.1941041	0.4197782
93	4	1.120904	0.1941041	0.4197782
94	1	1.120904	0.1941041	0.4197782
94	2	1.120904	0.1941041	0.4197782
94	3	1.120904	0.1941041	0.4197782
94	4	1.120904	0.1941041	0.4197782
95	1	1.120904	0.1941041	0.4197782
95	2	1.120904	0.1941041	0.4197782
95	3	1.120904	0.1941041	0.4197782
95	4	1.120904	0.1941041	0.4197782
96	1	1.120904	0.1941041	0.4197782
96	2	1.120904	0.1941041	0.4197782
96	3	1.120904	0.1941041	0.4197782
96	4	1.120904	0.1941041	0.4197782
97	1	1.120904	0.1941041	0.4197782
97	2	1.120904	0.1941041	0.4197782
97	3	1.120904	0.1941041	0.4197782
97	4	1.120904	0.1941041	0.4197782
98	1	1.120904	0.1941041	0.4197782
98	2	1.120904	0.1941041	0.4197782
98	3	1.120904	0.1941041	0.4197782
98	4	1.120904	0.1941041	0.4197782
99	2	1.120904	0.1941041	0.4197782
99	4	1.120904	0.1941041	0.4197782
100	1	1.120904	0.1941041	0.4197782
100	2	1.120904	0.1941041	0.4197782
100	3	1.120904	0.1941041	0.4197782
100	4	1.120904	0.1941041	0.4197782
101	1	1.120904	0.1941041	0.4197782
101	2	1.120904	0.1941041	0.4197782
101	3	1.120904	0.1941041	0.4197782
101	4	1.120904	0.1941041	0.4197782
102	1	1.120904	0.1941041	0.4197782
102	2	1.120904	0.1941041	0.4197782
102	3	1.120904	0.1941041	0.4197782
102	4	1.120904	0.1941041	0.4197782
103	1	1.120904	0.1941041	0.4197782
103	2	1.120904	0.1941041	0.4197782
103	3	1.120904	0.1941041	0.4197782
103	4	1.120904	0.1941041	0.4197782
104	1	1.120904	0.1941041	0.4197782
104	2	1.120904	0.1941041	0.4197782
104	3	1.120904	0.1941041	0.4197782
104	4	1.120904	0.1941041	0.4197782
105	1	1.120904	0.1941041	0.4197782
105	2	1.120904	0.1941041	0.4197782
105	3	1.120904	0.1941041	0.4197782
105	4	1.120904	0.1941041	0.4197782
