4	1	1.120904	0.1941041	0.4197782
4	2	1.120904	0.1941041	0.4197782
4	3	1.120904	0.1941041	0.4197782
4	5	1.120904	0.1941041	0.4197782
5	1	1.120904	0.1941041	0.4197782
5	2	1.120904	0.1941041	0.4197782
5	3	1.120904	0.1941041	0.4197782
5	5	1.120904	0.1941041	0.4197782
6	1	1.120904	0.1941041	0.4197782
6	2	1.120904	0.1941041	0.4197782
6	3	1.120904	0.1941041	0.4197782
6	5	1.120904	0.1941041	0.4197782
7	1	1.120904	0.1941041	0.4197782
7	2	1.120904	0.1941041	0.4197782
7	3	1.120904	0.1941041	0.4197782
7	5	1.120904	0.1941041	0.4197782
8	1	1.120904	0.1941041	0.4197782
8	2	1.120904	0.1941041	0.4197782
8	3	1.120904	0.1941041	0.4197782
8	5	1.120904	0.1941041	0.4197782
9	1	1.120904	0.1941041	0.4197782
9	2	1.120904	0.1941041	0.4197782
9	3	1.120904	0.1941041	0.4197782
9	5	1.120904	0.1941041	0.4197782
10	1	1.120904	0.1941041	0.4197782
10	2	1.120904	0.1941041	0.4197782
10	5	1.120904	0.1941041	0.4197782
11	1	1.120904	0.1941041	0.4197782
11	2	1.120904	0.1941041	0.4197782
11	5	1.120904	0.1941041	0.4197782
12	1	1.120904	0.1941041	0.4197782
12	2	1.120904	0.1941041	0.4197782
12	5	1.120904	0.1941041	0.4197782
13	1	1.120904	0.1941041	0.4197782
13	2	1.120904	0.1941041	0.4197782
13	5	1.120904	0.1941041	0.4197782
14	1	1.120904	0.1941041	0.4197782
14	2	1.120904	0.1941041	0.4197782
14	3	1.120904	0.1941041	0.4197782
14	5	1.120904	0.1941041	0.4197782
15	1	1.120904	0.1941041	0.4197782
15	2	1.120904	0.1941041	0.4197782
15	3	1.120904	0.1941041	0.4197782
15	5	1.120904	0.1941041	0.4197782
16	1	1.120904	0.1941041	0.4197782
16	2	1.120904	0.1941041	0.4197782
16	3	1.120904	0.1941041	0.4197782
16	5	1.120904	0.1941041	0.4197782
17	1	1.120904	0.1941041	0.4197782
17	2	1.120904	0.1941041	0.4197782
17	3	1.120904	0.1941041	0.4197782
17	5	1.120904	0.1941041	0.4197782
18	1	1.120904	0.1941041	0.4197782
18	2	1.120904	0.1941041	0.4197782
18	3	1.120904	0.1941041	0.4197782
18	5	1.120904	0.1941041	0.4197782
19	1	1.120904	0.1941041	0.4197782
19	2	1.120904	0.1941041	0.4197782
19	3	1.120904	0.1941041	0.4197782
19	5	1.120904	0.1941041	0.4197782
20	1	1.120904	0.1941041	0.4197782
20	2	1.120904	0.1941041	0.4197782
20	3	1.120904	0.1941041	0.4197782
20	5	1.120904	0.1941041	0.4197782
21	1	1.120904	0.1941041	0.4197782
21	2	1.120904	0.1941041	0.4197782
21	3	1.120904	0.1941041	0.4197782
21	5	1.120904	0.1941041	0.4197782
22	1	1.120904	0.1941041	0.4197782
22	2	1.120904	0.1941041	0.4197782
22	3	1.120904	0.1941041	0.4197782
22	5	1.120904	0.1941041	0.4197782
23	1	1.120904	0.1941041	0.4197782
23	2	1.120904	0.1941041	0.4197782
23	3	1.120904	0.1941041	0.4197782
23	5	1.120904	0.1941041	0.4197782
24	1	1.120904	0.1941041	0.4197782
24	2	1.120904	0.1941041	0.4197782
24	3	1.120904	0.1941041	0.4197782
24	5	1.120904	0.1941041	0.4197782
25	1	1.120904	0.1941041	0.4197782
25	2	1.120904	0.1941041	0.4197782
25	3	1.120904	0.1941041	0.4197782
25	5	1.120904	0.1941041	0.4197782
26	1	1.120904	0.1941041	0.4197782
26	2	1.120904	0.1941041	0.4197782
26	3	1.120904	0.1941041	0.4197782
26	5	1.120904	0.1941041	0.4197782
27	1	1.120904	0.1941041	0.4197782
27	2	1.120904	0.1941041	0.4197782
27	3	1.120904	0.1941041	0.4197782
27	5	1.120904	0.1941041	0.4197782
28	1	1.120904	0.1941041	0.4197782
28	2	1.120904	0.1941041	0.4197782
28	3	1.120904	0.1941041	0.4197782
28	5	1.120904	0.1941041	0.4197782
29	1	1.120904	0.1941041	0.4197782
29	2	1.120904	0.1941041	0.4197782
29	3	1.120904	0.1941041	0.4197782
29	5	1.120904	0.1941041	0.4197782
30	1	1.120904	0.1941041	0.4197782
30	2	1.120904	0.1941041	0.4197782
30	3	1.120904	0.1941041	0.4197782
30	5	1.120904	0.1941041	0.4197782
31	1	1.120904	0.1941041	0.4197782
31	2	1.120904	0.1941041	0.4197782
31	3	1.120904	0.1941041	0.4197782
31	5	1.120904	0.1941041	0.4197782
32	2	1.120904	0.1941041	0.4197782
32	3	1.120904	0.1941041	0.4197782
32	5	1.120904	0.1941041	0.4197782
33	2	-0.1323154	0.5689529	0.39826
33	3	-0.1323154	0.5689529	0.39826
33	4	1.262237	0.1518304	0.4222019
33	5	-0.1323154	0.5689529	0.39826
34	2	1.120904	0.1941041	0.4197782
34	3	1.120904	0.1941041	0.4197782
34	4	1.120904	0.1941041	0.4197782
34	5	1.120904	0.1941041	0.4197782
35	2	1.120904	0.1941041	0.4197782
35	3	1.120904	0.1941041	0.4197782
35	4	1.120904	0.1941041	0.4197782
35	5	1.120904	0.1941041	0.4197782
36	2	1.120904	0.1941041	0.4197782
36	3	1.120904	0.1941041	0.4197782
36	4	1.120904	0.1941041	0.4197782
36	5	1.120904	0.1941041	0.4197782
37	2	1.120904	0.1941041	0.4197782
37	3	1.120904	0.1941041	0.4197782
37	4	1.120904	0.1941041	0.4197782
37	5	1.120904	0.1941041	0.4197782
38	2	1.120904	0.1941041	0.4197782
38	3	1.120904	0.1941041	0.4197782
38	4	1.120904	0.1941041	0.4197782
38	5	1.120904	0.1941041	0.4197782
39	2	1.120904	0.1941041	0.4197782
39	3	1.120904	0.1941041	0.4197782
39	4	1.120904	0.1941041	0.4197782
39	5	1.120904	0.1941041	0.4197782
40	2	1.120904	0.1941041	0.4197782
40	3	1.120904	0.1941041	0.4197782
40	4	1.120904	0.1941041	0.4197782
40	5	1.120904	0.1941041	0.4197782
41	1	1.120904	0.1941041	0.4197782
41	2	1.120904	0.1941041	0.4197782
41	3	1.120904	0.1941041	0.4197782
41	4	1.120904	0.1941041	0.4197782
41	5	1.120904	0.1941041	0.4197782
42	1	1.120904	0.1941041	0.4197782
42	3	1.120904	0.1941041	0.4197782
42	4	1.120904	0.1941041	0.4197782
42	5	1.120904	0.1941041	0.4197782
43	1	1.120904	0.1941041	0.4197782
43	3	1.120904	0.1941041	0.4197782
43	4	1.120904	0.1941041	0.4197782
43	5	1.120904	0.1941041	0.4197782
44	1	1.120904	0.1941041	0.4197782
44	3	1.120904	0.1941041	0.4197782
44	4	1.120904	0.1941041	0.4197782
44	5	1.120904	0.1941041	0.4197782
45	1	1.157955	0.1830218	0.4204137
45	2	-0.1826457	0.5840073	0.3973936
45	3	1.157955	0.1830218	0.4204137
45	4	1.157955	0.1830218	0.4204137
45	5	1.157955	0.1830218	0.4204137
46	1	1.157955	0.1830218	0.4204137
46	2	-0.1826457	0.5840073	0.3973936
46	3	1.157955	0.1830218	0.4204137
46	4	1.157955	0.1830218	0.4204137
46	5	1.157955	0.1830218	0.4204137
47	1	1.157955	0.1830218	0.4204137
47	2	-0.1826457	0.5840073	0.3973936
47	3	1.157955	0.1830218	0.4204137
47	4	1.157955	0.1830218	0.4204137
47	5	1.157955	0.1830218	0.4204137
48	1	1.167290	0.1802297	0.4205737
48	2	-0.1781711	0.5826689	0.3974707
48	3	1.167290	0.1802297	0.4205737
48	5	1.167290	0.1802297	0.4205737
49	1	1.167290	0.1802297	0.4205737
49	2	-0.1781711	0.5826689	0.3974707
49	3	1.167290	0.1802297	0.4205737
49	5	1.167290	0.1802297	0.4205737
50	1	1.182912	0.1755570	0.4208427
50	2	-0.1706683	0.5804248	0.3975987
50	3	1.182912	0.1755570	0.4208427
51	2	1.214399	0.1661391	0.4213838
51	3	-0.1554954	0.5758865	0.3978589
52	2	1.214399	0.1661391	0.4213838
52	3	-0.1554954	0.5758865	0.3978589
53	1	1.182912	0.1755570	0.4208427
53	2	-0.1706683	0.5804248	0.3975987
53	3	1.182912	0.1755570	0.4208427
54	1	1.182912	0.1755570	0.4208427
54	2	-0.1706683	0.5804248	0.3975987
54	3	1.182912	0.1755570	0.4208427
55	1	1.182912	0.1755570	0.4208427
55	2	-0.1706683	0.5804248	0.3975987
55	3	1.182912	0.1755570	0.4208427
56	1	1.182912	0.1755570	0.4208427
56	2	-0.1706683	0.5804248	0.3975987
56	3	1.182912	0.1755570	0.4208427
63	1	-0.1706688	0.5804249	0.3975999
63	3	-0.1706688	0.5804249	0.3975999
63	5	1.376722	0.1175869	0.4241695
64	1	-0.1706688	0.5804249	0.3975999
64	3	-0.1706688	0.5804249	0.3975999
64	5	1.376722	0.1175869	0.4241695
65	1	-0.1706688	0.5804249	0.3975999
65	3	-0.1706688	0.5804249	0.3975999
65	5	1.376722	0.1175869	0.4241695
66	1	-0.1706688	0.5804249	0.3975999
66	3	-0.1706688	0.5804249	0.3975999
66	5	1.376722	0.1175869	0.4241695
67	1	-0.1706688	0.5804249	0.3975999
67	3	-0.1706688	0.5804249	0.3975999
67	5	1.376722	0.1175869	0.4241695
68	1	-0.1706688	0.5804249	0.3975999
68	3	-0.1706688	0.5804249	0.3975999
68	5	1.376722	0.1175869	0.4241695
69	1	-0.1706688	0.5804249	0.3975999
69	3	-0.1706688	0.5804249	0.3975999
69	5	1.376722	0.1175869	0.4241695
70	1	-0.1706688	0.5804249	0.3975999
70	3	-0.1706688	0.5804249	0.3975999
70	5	1.376722	0.1175869	0.4241695
71	1	-0.1706688	0.5804249	0.3975999
71	3	-0.1706688	0.5804249	0.3975999
71	5	1.376722	0.1175869	0.4241695
72	1	-0.1706688	0.5804249	0.3975999
72	3	-0.1706688	0.5804249	0.3975999
72	5	1.376722	0.1175869	0.4241695
73	1	-0.1706688	0.5804249	0.3975999
73	3	-0.1706688	0.5804249	0.3975999
73	5	1.376722	0.1175869	0.4241695
74	1	-0.05559537	0.563312	0.2280752
74	2	-0.3006865	0.5710278	0.8738641
74	3	-0.05559537	0.563312	0.2280752
74	5	1.410303	0.1080299	0.4199181
75	1	-0.05559537	0.563312	0.2280752
75	2	-0.3006865	0.5710278	0.8738641
75	3	-0.05559537	0.563312	0.2280752
75	5	1.410303	0.1080299	0.4199181
76	1	-0.05559537	0.563312	0.2280752
76	2	-0.3006865	0.5710278	0.8738641
76	3	-0.05559537	0.563312	0.2280752
76	5	1.410303	0.1080299	0.4199181
77	1	-0.1178381	0.5769419	0.2764297
77	2	-0.3001601	0.5861558	0.7224009
77	3	-0.1178381	0.5769419	0.2764297
77	4	1.350449	0.1258609	0.4196018
77	5	1.350449	0.1258609	0.4196018
78	1	-0.1178381	0.5769419	0.2764297
78	2	-0.3001601	0.5861558	0.7224009
78	3	-0.1178381	0.5769419	0.2764297
78	4	1.350449	0.1258609	0.4196018
78	5	1.350449	0.1258609	0.4196018
79	1	-0.1178381	0.5769419	0.2764297
79	2	-0.3001601	0.5861558	0.7224009
79	3	-0.1178381	0.5769419	0.2764297
79	4	1.350449	0.1258609	0.4196018
79	5	1.350449	0.1258609	0.4196018
80	1	-0.1178381	0.5769419	0.2764297
80	2	-0.3001601	0.5861558	0.7224009
80	3	-0.1178381	0.5769419	0.2764297
80	4	1.350449	0.1258609	0.4196018
80	5	1.350449	0.1258609	0.4196018
81	1	-0.0583287	0.5678732	0.1909305
81	2	-0.3687632	0.5723574	1.061301
81	3	-0.0583287	0.5678732	0.1909305
81	4	1.349275	0.1270790	0.4109901
81	5	1.349275	0.1270790	0.4109901
82	1	-0.0583287	0.5678732	0.1909305
82	2	-0.3687632	0.5723574	1.061301
82	3	-0.0583287	0.5678732	0.1909305
82	4	1.349275	0.1270790	0.4109901
82	5	1.349275	0.1270790	0.4109901
83	1	-0.03340253	0.5652691	0.1432826
83	2	-0.3447651	0.5909177	0.806658
83	4	1.305577	0.1390793	0.4208446
83	5	1.305577	0.1390793	0.4208446
84	1	-0.03340253	0.5652691	0.1432826
84	2	-0.3447651	0.5909177	0.806658
84	4	1.305577	0.1390793	0.4208446
84	5	1.305577	0.1390793	0.4208446
85	1	1.376721	0.1175869	0.4241712
85	4	-0.1706681	0.5804248	0.3975984
85	5	-0.1706682	0.5804248	0.3975985
86	1	1.376721	0.1175869	0.4241712
86	4	-0.1706681	0.5804248	0.3975984
86	5	-0.1706682	0.5804248	0.3975985
87	1	-0.1148131	0.5814202	0.223138
87	3	-0.3296599	0.5688362	0.9809627
87	4	1.303689	0.1451194	0.3665538
87	5	1.303689	0.1451194	0.3665538
88	1	1.161346	0.2173189	0.07055453
88	2	0.6618429	0.2587618	1.131839
88	3	1.277993	0.1471611	0.4220417
88	4	-0.2116217	0.5926281	0.3973538
88	5	-0.2116217	0.5926281	0.3973538
89	1	0.9804246	0.2745211	0.03685659
89	2	0.3939491	0.3229121	1.285584
89	3	1.224788	0.1631301	0.4205864
89	4	-0.2360396	0.5998626	0.3976196
90	1	1.185169	0.2045659	0.1267286
90	2	0.3727754	0.3275653	1.301868
90	3	1.185169	0.2045659	0.1267286
90	4	-0.2288626	0.5993	0.3820453
91	1	1.185169	0.2045659	0.1267286
91	2	0.3727754	0.3275653	1.301868
91	3	1.185169	0.2045659	0.1267286
91	4	-0.2288626	0.5993	0.3820453
92	1	1.185169	0.2045659	0.1267286
92	2	0.3727754	0.3275653	1.301868
92	3	1.185169	0.2045659	0.1267286
92	4	-0.2288626	0.5993	0.3820453
125	4	1.120904	0.1941041	0.4197782
125	5	1.120904	0.1941041	0.4197782
126	4	1.120904	0.1941041	0.4197782
126	5	1.120904	0.1941041	0.4197782
127	4	1.120904	0.1941041	0.4197782
127	5	1.120904	0.1941041	0.4197782
128	4	1.120904	0.1941041	0.4197782
128	5	1.120904	0.1941041	0.4197782
129	4	1.120904	0.1941041	0.4197782
129	5	1.120904	0.1941041	0.4197782
130	4	1.120904	0.1941041	0.4197782
130	5	1.120904	0.1941041	0.4197782
131	4	1.120904	0.1941041	0.4197782
131	5	1.120904	0.1941041	0.4197782
132	4	1.120904	0.1941041	0.4197782
132	5	1.120904	0.1941041	0.4197782
133	4	1.120904	0.1941041	0.4197782
133	5	1.120904	0.1941041	0.4197782
134	4	1.120904	0.1941041	0.4197782
134	5	1.120904	0.1941041	0.4197782
135	4	1.120904	0.1941041	0.4197782
135	5	1.120904	0.1941041	0.4197782
136	4	1.120904	0.1941041	0.4197782
136	5	1.120904	0.1941041	0.4197782
137	1	-0.03155996	0.4486927	1.293071
137	2	-0.09934355	0.5722596	0.2683289
137	3	-0.03155996	0.4486927	1.293071
137	4	1.21299	0.1871075	0.2177471
137	5	1.21299	0.1871075	0.2177471
138	1	1.130125	0.1913464	0.419934
138	2	-0.1736772	0.5813245	0.3975496
138	3	1.130125	0.1913464	0.419934
138	4	1.176655	0.1774289	0.4207328
138	5	1.176655	0.1774289	0.4207328
139	1	1.144007	0.1871938	0.4201745
139	2	-0.1668962	0.5792965	0.3976636
139	3	1.144007	0.1871938	0.4201745
139	5	1.190754	0.1732115	0.4209772
140	1	1.144007	0.1871938	0.4201745
140	2	-0.1668962	0.5792965	0.3976636
140	3	1.144007	0.1871938	0.4201745
140	5	1.190754	0.1732115	0.4209772
141	1	1.144007	0.1871938	0.4201745
141	2	-0.1668962	0.5792965	0.3976636
141	3	1.144007	0.1871938	0.4201745
141	5	1.190754	0.1732115	0.4209772
142	1	1.130125	0.1913464	0.419934
142	2	-0.1736772	0.5813245	0.3975496
142	3	1.130125	0.1913464	0.419934
142	4	1.176655	0.1774289	0.4207328
142	5	1.176655	0.1774289	0.4207328
143	1	1.130125	0.1913464	0.419934
143	2	-0.1736772	0.5813245	0.3975496
143	3	1.130125	0.1913464	0.419934
143	4	1.176655	0.1774289	0.4207328
143	5	1.176655	0.1774289	0.4207328
144	1	1.130125	0.1913464	0.419934
144	2	-0.1736772	0.5813245	0.3975496
144	3	1.130125	0.1913464	0.419934
144	4	1.176655	0.1774289	0.4207328
144	5	1.176655	0.1774289	0.4207328
145	1	1.130125	0.1913464	0.419934
145	2	-0.1736772	0.5813245	0.3975496
145	3	1.130125	0.1913464	0.419934
145	4	1.176655	0.1774289	0.4207328
145	5	1.176655	0.1774289	0.4207328
146	1	1.132438	0.1906553	0.4199666
146	2	-0.1725541	0.5809878	0.3975769
146	4	1.179004	0.1767270	0.4207657
146	5	1.179004	0.1767270	0.4207657
147	1	1.132438	0.1906553	0.4199666
147	2	-0.1725541	0.5809878	0.3975769
147	4	1.179004	0.1767270	0.4207657
147	5	1.179004	0.1767270	0.4207657
148	1	1.130125	0.1913464	0.419934
148	2	-0.1736772	0.5813245	0.3975496
148	3	1.130125	0.1913464	0.419934
148	4	1.176655	0.1774289	0.4207328
148	5	1.176655	0.1774289	0.4207328
149	1	1.130125	0.1913464	0.419934
149	2	-0.1736772	0.5813245	0.3975496
149	3	1.130125	0.1913464	0.419934
149	4	1.176655	0.1774289	0.4207328
149	5	1.176655	0.1774289	0.4207328
150	1	-0.1205319	0.5654286	0.3984598
150	3	-0.1205319	0.5654286	0.3984599
150	4	1.144007	0.1871938	0.4201744
150	5	1.144007	0.1871938	0.4201744
151	1	-0.1205319	0.5654286	0.3984598
151	3	-0.1205319	0.5654286	0.3984599
151	4	1.144007	0.1871938	0.4201744
151	5	1.144007	0.1871938	0.4201744
152	1	-0.1205319	0.5654286	0.3984598
152	3	-0.1205319	0.5654286	0.3984599
152	4	1.144007	0.1871938	0.4201744
152	5	1.144007	0.1871938	0.4201744
153	1	-0.1165764	0.5642453	0.3985289
153	3	-0.1165764	0.5642453	0.3985289
153	4	1.151749	0.1848784	0.4203062
154	1	-0.1165764	0.5642453	0.3985289
154	3	-0.1165764	0.5642453	0.3985289
154	4	1.151749	0.1848784	0.4203062
155	1	-0.1165764	0.5642453	0.3985289
155	3	-0.1165764	0.5642453	0.3985289
155	4	1.151749	0.1848784	0.4203062
156	1	-0.1165764	0.5642453	0.3985289
156	3	-0.1165764	0.5642453	0.3985289
156	4	1.151749	0.1848784	0.4203062
157	1	-0.1205319	0.5654286	0.3984598
157	3	-0.1205319	0.5654286	0.3984599
157	4	1.144007	0.1871938	0.4201744
157	5	1.144007	0.1871938	0.4201744
158	1	-0.1205319	0.5654286	0.3984598
158	3	-0.1205319	0.5654286	0.3984599
158	4	1.144007	0.1871938	0.4201744
158	5	1.144007	0.1871938	0.4201744
159	1	1.151748	0.1848785	0.4203078
159	4	-0.1165756	0.5642453	0.3985273
159	5	-0.1165757	0.5642453	0.3985274
160	1	-0.1205319	0.5654286	0.3984598
160	3	-0.1205319	0.5654286	0.3984599
160	4	1.144007	0.1871938	0.4201744
160	5	1.144007	0.1871938	0.4201744
161	1	-0.1205319	0.5654286	0.3984598
161	3	-0.1205319	0.5654286	0.3984599
161	4	1.144007	0.1871938	0.4201744
161	5	1.144007	0.1871938	0.4201744
162	1	1.151748	0.1848785	0.4203078
162	4	-0.1165756	0.5642453	0.3985273
162	5	-0.1165757	0.5642453	0.3985274
163	1	-0.1205319	0.5654286	0.3984598
163	3	-0.1205319	0.5654286	0.3984599
163	4	1.144007	0.1871938	0.4201744
163	5	1.144007	0.1871938	0.4201744
164	1	-0.1205319	0.5654286	0.3984598
164	3	-0.1205319	0.5654286	0.3984599
164	4	1.144007	0.1871938	0.4201744
164	5	1.144007	0.1871938	0.4201744
165	1	-0.1205319	0.5654286	0.3984598
165	3	-0.1205319	0.5654286	0.3984599
165	4	1.144007	0.1871938	0.4201744
165	5	1.144007	0.1871938	0.4201744
166	1	-0.1205319	0.5654286	0.3984598
166	3	-0.1205319	0.5654286	0.3984599
166	4	1.144007	0.1871938	0.4201744
166	5	1.144007	0.1871938	0.4201744
167	1	-0.1205319	0.5654286	0.3984598
167	3	-0.1205319	0.5654286	0.3984599
167	4	1.144007	0.1871938	0.4201744
167	5	1.144007	0.1871938	0.4201744
168	1	-0.1205319	0.5654286	0.3984598
168	3	-0.1205319	0.5654286	0.3984599
168	4	1.144007	0.1871938	0.4201744
168	5	1.144007	0.1871938	0.4201744
169	1	-0.1205319	0.5654286	0.3984598
169	3	-0.1205319	0.5654286	0.3984599
169	4	1.144007	0.1871938	0.4201744
169	5	1.144007	0.1871938	0.4201744
170	1	0.8476492	0.2356776	0.813048
170	2	-0.1832061	0.5839325	0.3997866
170	3	0.8476492	0.2356776	0.813048
170	4	1.150142	0.2111483	0.1647175
170	5	1.150142	0.2111483	0.1647175
171	1	0.8476492	0.2356776	0.813048
171	2	-0.1832061	0.5839325	0.3997866
171	3	0.8476492	0.2356776	0.813048
171	4	1.150142	0.2111483	0.1647175
171	5	1.150142	0.2111483	0.1647175
172	1	0.8476492	0.2356776	0.813048
172	2	-0.1832061	0.5839325	0.3997866
172	3	0.8476492	0.2356776	0.813048
172	4	1.150142	0.2111483	0.1647175
172	5	1.150142	0.2111483	0.1647175
173	1	0.8476492	0.2356776	0.813048
173	2	-0.1832061	0.5839325	0.3997866
173	3	0.8476492	0.2356776	0.813048
173	4	1.150142	0.2111483	0.1647175
173	5	1.150142	0.2111483	0.1647175
174	1	0.8476492	0.2356776	0.813048
174	2	-0.1832061	0.5839325	0.3997866
174	3	0.8476492	0.2356776	0.813048
174	4	1.150142	0.2111483	0.1647175
174	5	1.150142	0.2111483	0.1647175
175	1	1.144998	0.2142756	0.1488876
175	2	-0.1798573	0.5827059	0.4020731
175	4	1.028035	0.2004179	0.6308823
175	5	1.028035	0.2004179	0.6308823
176	1	1.144998	0.2142756	0.1488876
176	2	-0.1798573	0.5827059	0.4020731
176	4	1.028035	0.2004179	0.6308823
176	5	1.028035	0.2004179	0.6308823
177	1	1.215600	0.1848195	0.2327272
177	2	-0.1714755	0.5803893	0.4003298
177	5	1.012390	0.2011938	0.669297
178	1	1.215600	0.1848195	0.2327272
178	2	-0.1714755	0.5803893	0.4003298
178	5	1.012390	0.2011938	0.669297
179	1	1.215600	0.1848195	0.2327272
179	2	-0.1714755	0.5803893	0.4003298
179	5	1.012390	0.2011938	0.669297
180	1	1.215600	0.1848195	0.2327272
180	2	-0.1714755	0.5803893	0.4003298
180	5	1.012390	0.2011938	0.669297
181	1	1.215600	0.1848195	0.2327272
181	2	-0.1714755	0.5803893	0.4003298
181	5	1.012390	0.2011938	0.669297
182	1	1.027334	0.2005425	0.6317147
182	2	-0.1795017	0.582677	0.4013118
182	3	1.027334	0.2005425	0.6317147
182	5	1.145399	0.2141230	0.149218
183	1	-0.2132112	0.5710788	0.6155813
183	3	-0.2132112	0.5710788	0.6155813
183	4	1.261605	0.1521006	0.4213866
183	5	0.07078664	0.5353481	0.1327550
184	1	-0.1205319	0.5654286	0.3984598
184	3	-0.1205319	0.5654286	0.3984599
184	4	1.144007	0.1871938	0.4201744
184	5	1.144007	0.1871938	0.4201744
185	1	1.130125	0.1913464	0.419934
185	2	-0.1736772	0.5813245	0.3975496
185	3	1.130125	0.1913464	0.419934
185	4	1.176655	0.1774289	0.4207328
185	5	1.176655	0.1774289	0.4207328
186	1	1.130125	0.1913464	0.419934
186	2	-0.1736772	0.5813245	0.3975496
186	3	1.130125	0.1913464	0.419934
186	4	1.176655	0.1774289	0.4207328
186	5	1.176655	0.1774289	0.4207328
187	1	1.130125	0.1913464	0.419934
187	2	-0.1736772	0.5813245	0.3975496
187	3	1.130125	0.1913464	0.419934
187	4	1.176655	0.1774289	0.4207328
187	5	1.176655	0.1774289	0.4207328
188	1	1.130125	0.1913464	0.419934
188	2	-0.1736772	0.5813245	0.3975496
188	3	1.130125	0.1913464	0.419934
188	4	1.176655	0.1774289	0.4207328
188	5	1.176655	0.1774289	0.4207328
189	1	1.130125	0.1913464	0.419934
189	2	-0.1736772	0.5813245	0.3975496
189	3	1.130125	0.1913464	0.419934
189	4	1.176655	0.1774289	0.4207328
189	5	1.176655	0.1774289	0.4207328
190	1	1.130125	0.1913464	0.419934
190	2	-0.1736772	0.5813245	0.3975496
190	3	1.130125	0.1913464	0.419934
190	4	1.176655	0.1774289	0.4207328
190	5	1.176655	0.1774289	0.4207328
191	1	1.144007	0.1871938	0.4201744
191	2	-0.1668962	0.5792965	0.3976637
191	3	1.144007	0.1871938	0.4201744
191	4	1.190754	0.1732115	0.4209772
192	1	1.144007	0.1871938	0.4201744
192	2	-0.1668962	0.5792965	0.3976637
192	3	1.144007	0.1871938	0.4201744
192	4	1.190754	0.1732115	0.4209772
193	1	1.144007	0.1871938	0.4201744
193	2	-0.1668962	0.5792965	0.3976637
193	3	1.144007	0.1871938	0.4201744
193	4	1.190754	0.1732115	0.4209772
194	1	1.144007	0.1871938	0.4201744
194	2	-0.1668962	0.5792965	0.3976637
194	3	1.144007	0.1871938	0.4201744
194	4	1.190754	0.1732115	0.4209772
195	1	1.144007	0.1871938	0.4201744
195	2	-0.1668962	0.5792965	0.3976637
195	3	1.144007	0.1871938	0.4201744
195	4	1.190754	0.1732115	0.4209772
196	1	0.2593608	0.4879069	0.04717401
196	2	1.250361	0.1537601	0.4380778
196	4	-0.2561748	0.5658291	0.7942112
196	5	-0.2561748	0.5658291	0.7942112
197	1	0.2593608	0.4879069	0.04717401
197	2	1.250361	0.1537601	0.4380778
197	4	-0.2561748	0.5658291	0.7942112
197	5	-0.2561748	0.5658291	0.7942112
198	1	0.2593608	0.4879069	0.04717401
198	2	1.250361	0.1537601	0.4380778
198	4	-0.2561748	0.5658291	0.7942112
198	5	-0.2561748	0.5658291	0.7942112
199	1	0.2593608	0.4879069	0.04717401
199	2	1.250361	0.1537601	0.4380778
199	4	-0.2561748	0.5658291	0.7942112
199	5	-0.2561748	0.5658291	0.7942112
200	1	0.5907741	0.3927506	0.01350089
200	2	-0.2885575	0.574625	0.8024755
200	4	0.9170125	0.2146478	0.8170398
201	1	0.5907741	0.3927506	0.01350089
201	2	-0.2885575	0.574625	0.8024755
201	4	0.9170125	0.2146478	0.8170398
202	1	0.5907741	0.3927506	0.01350089
202	2	-0.2885575	0.574625	0.8024755
202	4	0.9170125	0.2146478	0.8170398
203	1	1.214399	0.1661391	0.4213838
203	4	-0.1554954	0.5758865	0.3978589
204	1	-0.1400986	0.571281	0.3981251
204	3	-0.1400986	0.571281	0.3981251
204	4	1.246210	0.1566243	0.4219282
205	1	-0.1400986	0.571281	0.3981251
205	3	-0.1400986	0.571281	0.3981251
205	4	1.246210	0.1566243	0.4219282
207	1	-0.1205319	0.5654286	0.3984598
207	3	-0.1205319	0.5654286	0.3984599
207	4	1.144007	0.1871938	0.4201744
207	5	1.144007	0.1871938	0.4201744
208	1	-0.1205319	0.5654286	0.3984598
208	3	-0.1205319	0.5654286	0.3984599
208	4	1.144007	0.1871938	0.4201744
208	5	1.144007	0.1871938	0.4201744
209	1	-0.1205319	0.5654286	0.3984598
209	3	-0.1205319	0.5654286	0.3984599
209	4	1.144007	0.1871938	0.4201744
209	5	1.144007	0.1871938	0.4201744
210	1	-0.1205319	0.5654286	0.3984598
210	3	-0.1205319	0.5654286	0.3984599
210	4	1.144007	0.1871938	0.4201744
210	5	1.144007	0.1871938	0.4201744
211	1	-0.1205319	0.5654286	0.3984598
211	3	-0.1205319	0.5654286	0.3984599
211	4	1.144007	0.1871938	0.4201744
211	5	1.144007	0.1871938	0.4201744
212	1	-0.1205319	0.5654286	0.3984598
212	3	-0.1205319	0.5654286	0.3984599
212	4	1.144007	0.1871938	0.4201744
212	5	1.144007	0.1871938	0.4201744
213	2	1.202553	0.1696821	0.4211803
213	3	-0.1381571	0.5707005	0.3981566
213	4	-0.1145922	0.563652	0.3985613
213	5	-0.1145922	0.563652	0.3985613
214	2	1.202553	0.1696821	0.4211803
214	3	-0.1381571	0.5707005	0.3981566
214	4	-0.1145922	0.563652	0.3985613
214	5	-0.1145922	0.563652	0.3985613
215	2	1.202553	0.1696821	0.4211803
215	3	-0.1381571	0.5707005	0.3981566
215	4	-0.1145922	0.563652	0.3985613
215	5	-0.1145922	0.563652	0.3985613
216	2	1.202553	0.1696821	0.4211803
216	3	-0.1381571	0.5707005	0.3981566
216	4	-0.1145922	0.563652	0.3985613
216	5	-0.1145922	0.563652	0.3985613
217	2	1.202553	0.1696821	0.4211803
217	3	-0.1381571	0.5707005	0.3981566
217	4	-0.1145922	0.563652	0.3985613
217	5	-0.1145922	0.563652	0.3985613
218	2	1.198615	0.1708601	0.4211127
218	3	-0.1400978	0.571281	0.3981234
218	4	-0.1165756	0.5642453	0.3985273
219	2	1.198615	0.1708601	0.4211127
219	3	-0.1400978	0.571281	0.3981234
219	4	-0.1165756	0.5642453	0.3985273
220	2	1.198615	0.1708601	0.4211127
220	3	-0.1400978	0.571281	0.3981234
220	4	-0.1165756	0.5642453	0.3985273
221	1	1.240578	0.1553851	0.4508046
221	2	0.3387751	0.466008	0.0301592
221	3	-0.2777003	0.5420859	1.092928
221	4	-0.1974203	0.5727033	0.5529503
222	1	1.228652	0.1915740	0.1273327
222	2	0.4130927	0.3273441	1.185251
222	3	-0.1608862	0.4952355	1.212959
222	4	-0.05062464	0.4535898	1.300724
222	5	-0.07101868	0.5701684	0.2055816
223	1	1.246637	0.1526423	0.4601298
223	2	0.435857	0.4380318	0.02130438
223	3	-0.2619985	0.5335606	1.131139
223	4	-0.1829779	0.5710161	0.5271094
223	5	-0.1829779	0.5710161	0.5271094
224	1	1.167290	0.1802297	0.4205739
224	2	-0.1554959	0.5758866	0.3978598
224	3	1.167290	0.1802297	0.4205739
224	4	-0.1086209	0.5618659	0.3986646
224	5	-0.1086210	0.5618659	0.3986647
225	1	-0.276185	0.5587834	0.922998
225	2	-0.0681215	0.5695142	0.2035274
225	3	-0.276185	0.5587834	0.922998
225	4	1.278080	0.1550474	0.3436367
225	5	1.278080	0.1550474	0.3436367
226	1	-0.276185	0.5587834	0.922998
226	2	-0.0681215	0.5695142	0.2035274
226	3	-0.276185	0.5587834	0.922998
226	4	1.278080	0.1550474	0.3436367
226	5	1.278080	0.1550474	0.3436367
227	1	-0.276185	0.5587834	0.922998
227	2	-0.0681215	0.5695142	0.2035274
227	3	-0.276185	0.5587834	0.922998
227	4	1.278080	0.1550474	0.3436367
227	5	1.278080	0.1550474	0.3436367
228	1	-0.276185	0.5587834	0.922998
228	2	-0.0681215	0.5695142	0.2035274
228	3	-0.276185	0.5587834	0.922998
228	4	1.278080	0.1550474	0.3436367
228	5	1.278080	0.1550474	0.3436367
229	1	-0.276185	0.5587834	0.922998
229	2	-0.0681215	0.5695142	0.2035274
229	3	-0.276185	0.5587834	0.922998
229	4	1.278080	0.1550474	0.3436367
229	5	1.278080	0.1550474	0.3436367
230	2	1.339087	0.1454998	0.2584688
230	3	0.3438523	0.3418192	1.245851
230	4	-0.1040523	0.5715913	0.2888266
230	5	-0.1040523	0.5715913	0.2888266
231	2	1.304959	0.1558556	0.2564210
231	3	-0.03722843	0.4443691	1.352619
231	4	-0.08466355	0.5713738	0.2338461
232	2	1.304959	0.1558556	0.2564210
232	3	-0.03722843	0.4443691	1.352619
232	4	-0.08466355	0.5713738	0.2338461
233	2	1.304959	0.1558556	0.2564210
233	3	-0.03722843	0.4443691	1.352619
233	4	-0.08466355	0.5713738	0.2338461
234	2	1.304959	0.1558556	0.2564210
234	3	-0.03722843	0.4443691	1.352619
234	4	-0.08466355	0.5713738	0.2338461
235	2	1.304959	0.1558556	0.2564210
235	3	-0.03722843	0.4443691	1.352619
235	4	-0.08466355	0.5713738	0.2338461
236	2	1.304959	0.1558556	0.2564210
236	3	-0.03722843	0.4443691	1.352619
236	4	-0.08466355	0.5713738	0.2338461
237	2	1.304959	0.1558556	0.2564210
237	3	-0.03722843	0.4443691	1.352619
237	4	-0.08466355	0.5713738	0.2338461
238	2	1.304959	0.1558556	0.2564210
238	3	-0.03722843	0.4443691	1.352619
238	4	-0.08466355	0.5713738	0.2338461
239	2	1.304959	0.1558556	0.2564210
239	3	-0.03722843	0.4443691	1.352619
239	4	-0.08466355	0.5713738	0.2338461
240	2	1.214399	0.1661391	0.4213838
240	3	-0.1554954	0.5758865	0.3978589
240	4	1.120904	0.1941041	0.4197782
240	5	1.120904	0.1941041	0.4197782
241	2	1.214399	0.1661391	0.4213838
241	3	-0.1554954	0.5758865	0.3978589
241	4	1.120904	0.1941041	0.4197782
241	5	1.120904	0.1941041	0.4197782
242	2	1.214399	0.1661391	0.4213838
242	3	-0.1554954	0.5758865	0.3978589
242	4	1.120904	0.1941041	0.4197782
242	5	1.120904	0.1941041	0.4197782
243	2	1.214399	0.1661391	0.4213838
243	3	-0.1554954	0.5758865	0.3978589
243	4	1.120904	0.1941041	0.4197782
243	5	1.120904	0.1941041	0.4197782
244	2	1.214399	0.1661391	0.4213838
244	3	-0.1554954	0.5758865	0.3978589
244	4	1.120904	0.1941041	0.4197782
244	5	1.120904	0.1941041	0.4197782
245	2	1.214399	0.1661391	0.4213838
245	3	-0.1554954	0.5758865	0.3978589
245	4	1.120904	0.1941041	0.4197782
245	5	1.120904	0.1941041	0.4197782
246	2	1.214399	0.1661391	0.4213838
246	3	-0.1554954	0.5758865	0.3978589
246	4	1.120904	0.1941041	0.4197782
246	5	1.120904	0.1941041	0.4197782
247	2	1.215360	0.1660601	0.4193346
247	3	-0.1564620	0.5759666	0.3999140
247	4	0.5800432	0.3935335	0.0373656
248	1	1.190754	0.1732115	0.4209771
248	2	-0.1668962	0.5792966	0.3976637
248	3	1.190754	0.1732115	0.4209771
248	4	-0.1205319	0.5654286	0.3984599
249	1	1.190754	0.1732115	0.4209771
249	2	-0.1668962	0.5792966	0.3976637
249	3	1.190754	0.1732115	0.4209771
249	4	-0.1205319	0.5654286	0.3984599
250	1	1.190754	0.1732115	0.4209771
250	2	-0.1668962	0.5792966	0.3976637
250	3	1.190754	0.1732115	0.4209771
250	4	-0.1205319	0.5654286	0.3984599
251	1	1.190754	0.1732115	0.4209771
251	2	-0.1668962	0.5792966	0.3976637
251	3	1.190754	0.1732115	0.4209771
251	4	-0.1205319	0.5654286	0.3984599
252	1	1.195468	0.1718014	0.4210577
252	2	-0.1646264	0.5786176	0.3977030
252	3	1.195468	0.1718014	0.4210578
252	4	-0.1181601	0.5647191	0.3985009
252	5	-0.1181601	0.5647191	0.3985009
253	2	1.214399	0.1661391	0.4213838
253	3	-0.1554954	0.5758865	0.3978589
253	4	1.120904	0.1941041	0.4197782
253	5	1.120904	0.1941041	0.4197782
254	2	-0.2619631	0.5309963	1.156445
254	3	1.266247	0.1524560	0.4041875
254	4	0.04712984	0.5407398	0.1490391
254	5	0.04712984	0.5407398	0.1490391
255	2	1.262236	0.1518305	0.4222053
255	3	-0.1781705	0.5826689	0.3974695
256	2	1.262236	0.1518305	0.4222053
256	3	-0.1781705	0.5826689	0.3974695
257	1	1.109997	0.2314160	0.08217669
257	2	-0.1963706	0.5878846	0.3994168
257	3	0.6469737	0.2691000	1.073209
258	1	1.214399	0.1661391	0.4213838
258	2	-0.2003449	0.5893014	0.3970887
258	3	1.214399	0.1661391	0.4213838
259	1	1.214399	0.1661391	0.4213838
259	2	-0.2003449	0.5893014	0.3970887
259	3	1.214399	0.1661391	0.4213838
260	1	1.120904	0.1941041	0.4197782
260	3	1.120904	0.1941041	0.4197782
261	1	1.120904	0.1941041	0.4197782
261	3	1.120904	0.1941041	0.4197782
262	1	1.120904	0.1941041	0.4197782
262	3	1.120904	0.1941041	0.4197782
263	1	-0.1554957	0.5758866	0.3978595
263	3	-0.1554957	0.5758866	0.3978595
263	4	1.214399	0.1661391	0.4213832
263	5	1.214399	0.1661391	0.4213832
264	1	-0.1554957	0.5758866	0.3978595
264	3	-0.1554957	0.5758866	0.3978595
264	4	1.214399	0.1661391	0.4213832
264	5	1.214399	0.1661391	0.4213832
265	1	-0.1554957	0.5758866	0.3978595
265	3	-0.1554957	0.5758866	0.3978595
265	4	1.214399	0.1661391	0.4213832
265	5	1.214399	0.1661391	0.4213832
266	1	-0.1554957	0.5758866	0.3978595
266	3	-0.1554957	0.5758866	0.3978595
266	4	1.214399	0.1661391	0.4213832
266	5	1.214399	0.1661391	0.4213832
267	1	-0.08088347	0.5686967	0.249236
267	2	-0.3006575	0.576836	0.8162217
267	3	-0.08088347	0.5686967	0.249236
267	4	1.291646	0.1435868	0.4172286
267	5	1.291646	0.1435868	0.4172286
268	1	-0.0705298	0.5689827	0.215891
268	2	-0.2737585	0.5857293	0.6488263
268	4	1.261120	0.1523607	0.4202387
268	5	1.261120	0.1523607	0.4202387
269	1	-0.0705298	0.5689827	0.215891
269	2	-0.2737585	0.5857293	0.6488263
269	4	1.261120	0.1523607	0.4202387
269	5	1.261120	0.1523607	0.4202387
270	1	-0.0003261802	0.553174	0.1656677
270	2	-0.2765058	0.575932	0.7540092
270	4	1.308985	0.1380456	0.4210433
271	1	-0.01426907	0.5544501	0.1941104
271	2	-0.2962132	0.5580974	0.9888165
271	3	-0.01426907	0.5544501	0.1941104
271	4	1.335629	0.1305383	0.4169233
272	1	-0.01426907	0.5544501	0.1941104
272	2	-0.2962132	0.5580974	0.9888165
272	3	-0.01426907	0.5544501	0.1941104
272	4	1.335629	0.1305383	0.4169233
273	1	-0.08088347	0.5686967	0.249236
273	2	-0.3006575	0.576836	0.8162217
273	3	-0.08088347	0.5686967	0.249236
273	4	1.291646	0.1435868	0.4172286
273	5	1.291646	0.1435868	0.4172286
274	1	-0.08088347	0.5686967	0.249236
274	2	-0.3006575	0.576836	0.8162217
274	3	-0.08088347	0.5686967	0.249236
274	4	1.291646	0.1435868	0.4172286
274	5	1.291646	0.1435868	0.4172286
275	1	-0.08088347	0.5686967	0.249236
275	2	-0.3006575	0.576836	0.8162217
275	3	-0.08088347	0.5686967	0.249236
275	4	1.291646	0.1435868	0.4172286
275	5	1.291646	0.1435868	0.4172286
276	1	-0.08088347	0.5686967	0.249236
276	2	-0.3006575	0.576836	0.8162217
276	3	-0.08088347	0.5686967	0.249236
276	4	1.291646	0.1435868	0.4172286
276	5	1.291646	0.1435868	0.4172286
277	1	-0.01423182	0.554443	0.1940711
277	2	-0.2962119	0.558105	0.9887367
277	3	-0.01423182	0.554443	0.1940711
277	5	1.335596	0.1305408	0.4169947
278	1	-0.01423182	0.554443	0.1940711
278	2	-0.2962119	0.558105	0.9887367
278	3	-0.01423182	0.554443	0.1940711
278	5	1.335596	0.1305408	0.4169947
279	1	-0.08088347	0.5686967	0.249236
279	2	-0.3006575	0.576836	0.8162217
279	3	-0.08088347	0.5686967	0.249236
279	4	1.291646	0.1435868	0.4172286
279	5	1.291646	0.1435868	0.4172286
280	1	-0.08088347	0.5686967	0.249236
280	2	-0.3006575	0.576836	0.8162217
280	3	-0.08088347	0.5686967	0.249236
280	4	1.291646	0.1435868	0.4172286
280	5	1.291646	0.1435868	0.4172286
281	1	-0.08088347	0.5686967	0.249236
281	2	-0.3006575	0.576836	0.8162217
281	3	-0.08088347	0.5686967	0.249236
281	4	1.291646	0.1435868	0.4172286
281	5	1.291646	0.1435868	0.4172286
282	1	-0.1646259	0.5786175	0.3977021
282	2	-0.1646259	0.5786175	0.3977021
282	3	-0.1646259	0.5786175	0.3977021
282	4	1.291290	0.1431401	0.4227042
282	5	1.291290	0.1431401	0.4227042
283	1	-0.1646259	0.5786175	0.3977021
283	2	-0.1646259	0.5786175	0.3977021
283	3	-0.1646259	0.5786175	0.3977021
283	4	1.291290	0.1431401	0.4227042
283	5	1.291290	0.1431401	0.4227042
284	1	-0.1646259	0.5786175	0.3977021
284	2	-0.1646259	0.5786175	0.3977021
284	3	-0.1646259	0.5786175	0.3977021
284	4	1.291290	0.1431401	0.4227042
284	5	1.291290	0.1431401	0.4227042
285	1	-0.1646259	0.5786175	0.3977021
285	2	-0.1646259	0.5786175	0.3977021
285	3	-0.1646259	0.5786175	0.3977021
285	4	1.291290	0.1431401	0.4227042
285	5	1.291290	0.1431401	0.4227042
286	1	-0.1439705	0.5724389	0.3980613
286	2	-0.1439705	0.5724389	0.3980613
286	3	-0.1439705	0.5724389	0.3980613
286	4	1.335373	0.1299552	0.423456
287	1	1.120904	0.1941041	0.4197782
287	2	1.120904	0.1941041	0.4197782
287	3	1.120904	0.1941041	0.4197782
287	4	1.120904	0.1941041	0.4197782
287	5	1.120904	0.1941041	0.4197782
288	1	1.120904	0.1941041	0.4197782
288	2	1.120904	0.1941041	0.4197782
288	3	1.120904	0.1941041	0.4197782
288	4	1.120904	0.1941041	0.4197782
288	5	1.120904	0.1941041	0.4197782
289	1	1.120904	0.1941041	0.4197782
289	2	1.120904	0.1941041	0.4197782
289	3	1.120904	0.1941041	0.4197782
289	4	1.120904	0.1941041	0.4197782
289	5	1.120904	0.1941041	0.4197782
290	1	1.120904	0.1941041	0.4197782
290	2	1.120904	0.1941041	0.4197782
290	3	1.120904	0.1941041	0.4197782
290	4	1.120904	0.1941041	0.4197782
290	5	1.120904	0.1941041	0.4197782
291	1	1.120904	0.1941041	0.4197782
291	2	1.120904	0.1941041	0.4197782
291	3	1.120904	0.1941041	0.4197782
291	4	1.120904	0.1941041	0.4197782
291	5	1.120904	0.1941041	0.4197782
292	1	1.120904	0.1941041	0.4197782
292	2	1.120904	0.1941041	0.4197782
292	3	1.120904	0.1941041	0.4197782
292	4	1.120904	0.1941041	0.4197782
292	5	1.120904	0.1941041	0.4197782
293	1	1.120904	0.1941041	0.4197782
293	2	1.120904	0.1941041	0.4197782
293	3	1.120904	0.1941041	0.4197782
293	4	1.120904	0.1941041	0.4197782
293	5	1.120904	0.1941041	0.4197782
294	1	1.120904	0.1941041	0.4197782
294	2	1.120904	0.1941041	0.4197782
294	3	1.120904	0.1941041	0.4197782
294	4	1.120904	0.1941041	0.4197782
294	5	1.120904	0.1941041	0.4197782
295	1	1.120904	0.1941041	0.4197782
295	2	1.120904	0.1941041	0.4197782
295	3	1.120904	0.1941041	0.4197782
295	4	1.120904	0.1941041	0.4197782
295	5	1.120904	0.1941041	0.4197782
296	1	1.120904	0.1941041	0.4197782
296	2	1.120904	0.1941041	0.4197782
296	3	1.120904	0.1941041	0.4197782
296	4	1.120904	0.1941041	0.4197782
296	5	1.120904	0.1941041	0.4197782
297	1	1.120904	0.1941041	0.4197782
297	2	1.120904	0.1941041	0.4197782
297	3	1.120904	0.1941041	0.4197782
297	4	1.120904	0.1941041	0.4197782
297	5	1.120904	0.1941041	0.4197782
298	1	1.120904	0.1941041	0.4197782
298	2	1.120904	0.1941041	0.4197782
298	3	1.120904	0.1941041	0.4197782
298	4	1.120904	0.1941041	0.4197782
298	5	1.120904	0.1941041	0.4197782
299	1	1.120904	0.1941041	0.4197782
299	2	1.120904	0.1941041	0.4197782
299	3	1.120904	0.1941041	0.4197782
299	4	1.120904	0.1941041	0.4197782
299	5	1.120904	0.1941041	0.4197782
300	1	1.120904	0.1941041	0.4197782
300	2	1.120904	0.1941041	0.4197782
300	3	1.120904	0.1941041	0.4197782
300	4	1.120904	0.1941041	0.4197782
300	5	1.120904	0.1941041	0.4197782
301	1	1.120904	0.1941041	0.4197782
301	2	1.120904	0.1941041	0.4197782
301	3	1.120904	0.1941041	0.4197782
301	4	1.120904	0.1941041	0.4197782
301	5	1.120904	0.1941041	0.4197782
302	1	1.120904	0.1941041	0.4197782
302	2	1.120904	0.1941041	0.4197782
302	3	1.120904	0.1941041	0.4197782
302	4	1.120904	0.1941041	0.4197782
302	5	1.120904	0.1941041	0.4197782
303	1	1.120904	0.1941041	0.4197782
303	2	1.120904	0.1941041	0.4197782
303	3	1.120904	0.1941041	0.4197782
303	4	1.120904	0.1941041	0.4197782
303	5	1.120904	0.1941041	0.4197782
304	1	1.120904	0.1941041	0.4197782
304	2	1.120904	0.1941041	0.4197782
304	3	1.120904	0.1941041	0.4197782
304	4	1.120904	0.1941041	0.4197782
304	5	1.120904	0.1941041	0.4197782
305	1	1.120904	0.1941041	0.4197782
305	2	1.120904	0.1941041	0.4197782
305	3	1.120904	0.1941041	0.4197782
305	4	1.120904	0.1941041	0.4197782
305	5	1.120904	0.1941041	0.4197782
306	1	1.120904	0.1941041	0.4197782
306	2	1.120904	0.1941041	0.4197782
306	3	1.120904	0.1941041	0.4197782
306	4	1.120904	0.1941041	0.4197782
306	5	1.120904	0.1941041	0.4197782
307	1	1.120904	0.1941041	0.4197782
307	2	1.120904	0.1941041	0.4197782
307	3	1.120904	0.1941041	0.4197782
307	4	1.120904	0.1941041	0.4197782
307	5	1.120904	0.1941041	0.4197782
308	1	1.120904	0.1941041	0.4197782
308	2	1.120904	0.1941041	0.4197782
308	3	1.120904	0.1941041	0.4197782
308	4	1.120904	0.1941041	0.4197782
308	5	1.120904	0.1941041	0.4197782
309	1	1.120904	0.1941041	0.4197782
309	2	1.120904	0.1941041	0.4197782
309	3	1.120904	0.1941041	0.4197782
309	4	1.120904	0.1941041	0.4197782
309	5	1.120904	0.1941041	0.4197782
310	1	1.120904	0.1941041	0.4197782
310	2	1.120904	0.1941041	0.4197782
310	3	1.120904	0.1941041	0.4197782
310	4	1.120904	0.1941041	0.4197782
311	1	1.120904	0.1941041	0.4197782
311	2	1.120904	0.1941041	0.4197782
311	3	1.120904	0.1941041	0.4197782
311	4	1.120904	0.1941041	0.4197782
312	1	-0.1323161	0.5689529	0.3982614
312	2	-0.1323161	0.5689529	0.3982614
312	3	-0.1323161	0.5689529	0.3982614
312	4	1.262238	0.1518303	0.4222004
313	1	-0.1323161	0.5689529	0.3982614
313	2	-0.1323161	0.5689529	0.3982614
313	3	-0.1323161	0.5689529	0.3982614
313	4	1.262238	0.1518303	0.4222004
314	1	-0.1323161	0.5689529	0.3982614
314	2	-0.1323161	0.5689529	0.3982614
314	3	-0.1323161	0.5689529	0.3982614
314	4	1.262238	0.1518303	0.4222004
315	2	-0.05295963	0.4453535	1.389222
315	3	0.01908653	0.5493552	0.1463043
315	4	1.221328	0.1899897	0.1646161
316	1	1.202511	0.1698696	0.4194486
316	2	-0.3213978	0.5552924	1.090828
316	3	1.202511	0.1698696	0.4194486
316	4	0.1623488	0.5154537	0.06007836
317	2	1.214399	0.1661391	0.4213838
317	4	-0.1554954	0.5758865	0.3978589
318	1	1.254798	0.1542333	0.4203133
318	2	-0.3395878	0.5786021	0.9134429
318	3	1.254798	0.1542333	0.4203133
318	4	0.03935366	0.5473565	0.1063856
319	1	1.202511	0.1698696	0.4194486
319	2	-0.3213978	0.5552924	1.090828
319	3	1.202511	0.1698696	0.4194486
319	4	0.1623488	0.5154537	0.06007836
320	2	-0.05295963	0.4453535	1.389222
320	3	0.01908653	0.5493552	0.1463043
320	4	1.221328	0.1899897	0.1646161
321	2	-0.05295963	0.4453535	1.389222
321	3	0.01908653	0.5493552	0.1463043
321	4	1.221328	0.1899897	0.1646161
322	2	-0.05295963	0.4453535	1.389222
322	3	0.01908653	0.5493552	0.1463043
322	4	1.221328	0.1899897	0.1646161
323	1	1.202511	0.1698696	0.4194486
323	2	-0.3213978	0.5552924	1.090828
323	3	1.202511	0.1698696	0.4194486
323	4	0.1623488	0.5154537	0.06007836
328	1	1.252313	0.1730875	0.2407997
328	2	-0.06914359	0.4469931	1.420667
328	3	1.252313	0.1730875	0.2407997
328	4	-0.04875329	0.5621145	0.2197800
328	5	-0.04875329	0.5621145	0.2197800
329	1	1.252313	0.1730875	0.2407997
329	2	-0.06914359	0.4469931	1.420667
329	3	1.252313	0.1730875	0.2407997
329	4	-0.04875329	0.5621145	0.2197800
329	5	-0.04875329	0.5621145	0.2197800
330	1	1.252313	0.1730875	0.2407997
330	2	-0.06914359	0.4469931	1.420667
330	3	1.252313	0.1730875	0.2407997
330	4	-0.04875329	0.5621145	0.2197800
330	5	-0.04875329	0.5621145	0.2197800
331	1	1.252313	0.1730875	0.2407997
331	2	-0.06914359	0.4469931	1.420667
331	3	1.252313	0.1730875	0.2407997
331	4	-0.04875329	0.5621145	0.2197800
331	5	-0.04875329	0.5621145	0.2197800
332	1	1.252313	0.1730875	0.2407997
332	2	-0.06914359	0.4469931	1.420667
332	3	1.252313	0.1730875	0.2407997
332	4	-0.04875329	0.5621145	0.2197800
332	5	-0.04875329	0.5621145	0.2197800
333	1	1.252313	0.1730875	0.2407997
333	2	-0.06914359	0.4469931	1.420667
333	3	1.252313	0.1730875	0.2407997
333	4	-0.04875329	0.5621145	0.2197800
333	5	-0.04875329	0.5621145	0.2197800
334	1	-0.1554957	0.5758866	0.3978595
334	3	-0.1554957	0.5758866	0.3978595
334	4	1.214399	0.1661391	0.4213832
334	5	1.214399	0.1661391	0.4213832
335	1	-0.1554957	0.5758866	0.3978595
335	3	-0.1554957	0.5758866	0.3978595
335	4	1.214399	0.1661391	0.4213832
335	5	1.214399	0.1661391	0.4213832
336	1	-0.1554957	0.5758866	0.3978595
336	3	-0.1554957	0.5758866	0.3978595
336	4	1.214399	0.1661391	0.4213832
336	5	1.214399	0.1661391	0.4213832
337	1	-0.1400984	0.571281	0.3981248
337	3	-0.1400984	0.571281	0.3981248
337	5	1.246210	0.1566243	0.4219284
338	1	-0.1554957	0.5758866	0.3978595
338	3	-0.1554957	0.5758866	0.3978595
338	4	1.214399	0.1661391	0.4213832
338	5	1.214399	0.1661391	0.4213832
339	1	-0.1554957	0.5758866	0.3978595
339	3	-0.1554957	0.5758866	0.3978595
339	4	1.214399	0.1661391	0.4213832
339	5	1.214399	0.1661391	0.4213832
340	1	-0.1554957	0.5758866	0.3978595
340	3	-0.1554957	0.5758866	0.3978595
340	4	1.214399	0.1661391	0.4213832
340	5	1.214399	0.1661391	0.4213832
341	1	-0.1554957	0.5758866	0.3978595
341	3	-0.1554957	0.5758866	0.3978595
341	4	1.214399	0.1661391	0.4213832
341	5	1.214399	0.1661391	0.4213832
342	1	-0.1554957	0.5758866	0.3978595
342	3	-0.1554957	0.5758866	0.3978595
342	4	1.214399	0.1661391	0.4213832
342	5	1.214399	0.1661391	0.4213832
343	1	-0.1554957	0.5758866	0.3978595
343	3	-0.1554957	0.5758866	0.3978595
343	4	1.214399	0.1661391	0.4213832
343	5	1.214399	0.1661391	0.4213832
344	1	-0.1554957	0.5758866	0.3978595
344	3	-0.1554957	0.5758866	0.3978595
344	4	1.214399	0.1661391	0.4213832
344	5	1.214399	0.1661391	0.4213832
345	1	-0.1554957	0.5758866	0.3978595
345	3	-0.1554957	0.5758866	0.3978595
345	4	1.214399	0.1661391	0.4213832
345	5	1.214399	0.1661391	0.4213832
346	1	-0.1554957	0.5758866	0.3978595
346	3	-0.1554957	0.5758866	0.3978595
346	4	1.214399	0.1661391	0.4213832
346	5	1.214399	0.1661391	0.4213832
347	1	-0.1554957	0.5758866	0.3978595
347	3	-0.1554957	0.5758866	0.3978595
347	4	1.214399	0.1661391	0.4213832
347	5	1.214399	0.1661391	0.4213832
348	1	-0.1554957	0.5758866	0.3978595
348	3	-0.1554957	0.5758866	0.3978595
348	4	1.214399	0.1661391	0.4213832
348	5	1.214399	0.1661391	0.4213832
349	1	-0.1554957	0.5758866	0.3978595
349	3	-0.1554957	0.5758866	0.3978595
349	4	1.214399	0.1661391	0.4213832
349	5	1.214399	0.1661391	0.4213832
350	3	1.246209	0.1566244	0.4219294
350	4	-0.140098	0.571281	0.3981239
350	5	-0.140098	0.571281	0.3981239
354	4	1.120904	0.1941041	0.4197782
354	5	1.120904	0.1941041	0.4197782
355	4	1.120904	0.1941041	0.4197782
355	5	1.120904	0.1941041	0.4197782
358	4	1.214399	0.1661391	0.4213838
358	5	-0.1554954	0.5758865	0.3978589
359	4	1.120904	0.1941041	0.4197782
359	5	1.120904	0.1941041	0.4197782
360	3	1.246209	0.1566244	0.4219294
360	4	-0.140098	0.571281	0.3981239
360	5	-0.140098	0.571281	0.3981239
361	3	1.246209	0.1566244	0.4219294
361	4	-0.140098	0.571281	0.3981239
361	5	-0.140098	0.571281	0.3981239
362	3	1.246209	0.1566244	0.4219294
362	4	-0.140098	0.571281	0.3981239
362	5	-0.140098	0.571281	0.3981239
363	3	1.214399	0.1661391	0.4213838
363	5	-0.1554954	0.5758865	0.3978589
364	2	1.084277	0.2397473	0.07540907
364	3	0.5990633	0.2801929	1.104469
364	4	-0.1493339	0.5740436	0.3979647
364	5	-0.1493339	0.5740436	0.3979647
365	2	1.084277	0.2397473	0.07540907
365	3	0.5990633	0.2801929	1.104469
365	4	-0.1493339	0.5740436	0.3979647
365	5	-0.1493339	0.5740436	0.3979647
366	1	1.252313	0.1730875	0.2407997
366	2	-0.06914359	0.4469931	1.420667
366	3	1.252313	0.1730875	0.2407997
366	4	-0.04875329	0.5621145	0.2197800
366	5	-0.04875329	0.5621145	0.2197800
367	1	1.252313	0.1730875	0.2407997
367	2	-0.06914359	0.4469931	1.420667
367	3	1.252313	0.1730875	0.2407997
367	4	-0.04875329	0.5621145	0.2197800
367	5	-0.04875329	0.5621145	0.2197800
368	1	1.252313	0.1730875	0.2407997
368	2	-0.06914359	0.4469931	1.420667
368	3	1.252313	0.1730875	0.2407997
368	4	-0.04875329	0.5621145	0.2197800
368	5	-0.04875329	0.5621145	0.2197800
369	1	1.252313	0.1730875	0.2407997
369	2	-0.06914359	0.4469931	1.420667
369	3	1.252313	0.1730875	0.2407997
369	4	-0.04875329	0.5621145	0.2197800
369	5	-0.04875329	0.5621145	0.2197800
370	1	1.252313	0.1730875	0.2407997
370	2	-0.06914359	0.4469931	1.420667
370	3	1.252313	0.1730875	0.2407997
370	4	-0.04875329	0.5621145	0.2197800
370	5	-0.04875329	0.5621145	0.2197800
374	1	1.157955	0.1830218	0.4204137
374	2	-0.1826457	0.5840073	0.3973936
374	3	1.157955	0.1830218	0.4204137
374	4	1.157955	0.1830218	0.4204137
374	5	1.157955	0.1830218	0.4204137
375	1	1.157955	0.1830218	0.4204137
375	2	-0.1826457	0.5840073	0.3973936
375	3	1.157955	0.1830218	0.4204137
375	4	1.157955	0.1830218	0.4204137
375	5	1.157955	0.1830218	0.4204137
376	1	1.157955	0.1830218	0.4204137
376	2	-0.1826457	0.5840073	0.3973936
376	3	1.157955	0.1830218	0.4204137
376	4	1.157955	0.1830218	0.4204137
376	5	1.157955	0.1830218	0.4204137
377	1	1.157955	0.1830218	0.4204137
377	2	-0.1826457	0.5840073	0.3973936
377	3	1.157955	0.1830218	0.4204137
377	4	1.157955	0.1830218	0.4204137
377	5	1.157955	0.1830218	0.4204137
378	1	1.157955	0.1830218	0.4204137
378	2	-0.1826457	0.5840073	0.3973936
378	3	1.157955	0.1830218	0.4204137
378	4	1.157955	0.1830218	0.4204137
378	5	1.157955	0.1830218	0.4204137
379	1	1.252313	0.1730875	0.2407997
379	2	-0.06914359	0.4469931	1.420667
379	3	1.252313	0.1730875	0.2407997
379	4	-0.04875329	0.5621145	0.2197800
379	5	-0.04875329	0.5621145	0.2197800
380	1	1.202511	0.1698696	0.4194486
380	2	-0.3213978	0.5552924	1.090828
380	3	1.202511	0.1698696	0.4194486
380	4	0.1623488	0.5154537	0.06007836
381	1	1.202511	0.1698696	0.4194486
381	2	-0.3213978	0.5552924	1.090828
381	3	1.202511	0.1698696	0.4194486
381	4	0.1623488	0.5154537	0.06007836
382	1	1.202511	0.1698696	0.4194486
382	2	-0.3213978	0.5552924	1.090828
382	3	1.202511	0.1698696	0.4194486
382	4	0.1623488	0.5154537	0.06007836
383	1	1.202511	0.1698696	0.4194486
383	2	-0.3213978	0.5552924	1.090828
383	3	1.202511	0.1698696	0.4194486
383	4	0.1623488	0.5154537	0.06007836
384	1	1.202511	0.1698696	0.4194486
384	2	-0.3213978	0.5552924	1.090828
384	3	1.202511	0.1698696	0.4194486
384	4	0.1623488	0.5154537	0.06007836
385	1	1.202511	0.1698696	0.4194486
385	2	-0.3213978	0.5552924	1.090828
385	3	1.202511	0.1698696	0.4194486
385	4	0.1623488	0.5154537	0.06007836
386	1	1.202511	0.1698696	0.4194486
386	2	-0.3213978	0.5552924	1.090828
386	3	1.202511	0.1698696	0.4194486
386	4	0.1623488	0.5154537	0.06007836
387	1	1.202511	0.1698696	0.4194486
387	2	-0.3213978	0.5552924	1.090828
387	3	1.202511	0.1698696	0.4194486
387	4	0.1623488	0.5154537	0.06007836
388	1	1.202511	0.1698696	0.4194486
388	2	-0.3213978	0.5552924	1.090828
388	3	1.202511	0.1698696	0.4194486
388	4	0.1623488	0.5154537	0.06007836
389	1	1.202511	0.1698696	0.4194486
389	2	-0.3213978	0.5552924	1.090828
389	3	1.202511	0.1698696	0.4194486
389	4	0.1623488	0.5154537	0.06007836
390	1	1.202511	0.1698696	0.4194486
390	2	-0.3213978	0.5552924	1.090828
390	3	1.202511	0.1698696	0.4194486
390	4	0.1623488	0.5154537	0.06007836
391	1	1.202511	0.1698696	0.4194486
391	2	-0.3213978	0.5552924	1.090828
391	3	1.202511	0.1698696	0.4194486
391	4	0.1623488	0.5154537	0.06007836
395	1	1.252313	0.1730875	0.2407997
395	2	-0.06914359	0.4469931	1.420667
395	3	1.252313	0.1730875	0.2407997
395	4	-0.04875329	0.5621145	0.2197800
395	5	-0.04875329	0.5621145	0.2197800
396	1	1.252313	0.1730875	0.2407997
396	2	-0.06914359	0.4469931	1.420667
396	3	1.252313	0.1730875	0.2407997
396	4	-0.04875329	0.5621145	0.2197800
396	5	-0.04875329	0.5621145	0.2197800
397	1	1.252313	0.1730875	0.2407997
397	2	-0.06914359	0.4469931	1.420667
397	3	1.252313	0.1730875	0.2407997
397	4	-0.04875329	0.5621145	0.2197800
397	5	-0.04875329	0.5621145	0.2197800
398	1	1.252313	0.1730875	0.2407997
398	2	-0.06914359	0.4469931	1.420667
398	3	1.252313	0.1730875	0.2407997
398	4	-0.04875329	0.5621145	0.2197800
398	5	-0.04875329	0.5621145	0.2197800
399	1	1.252313	0.1730875	0.2407997
399	2	-0.06914359	0.4469931	1.420667
399	3	1.252313	0.1730875	0.2407997
399	4	-0.04875329	0.5621145	0.2197800
399	5	-0.04875329	0.5621145	0.2197800
400	1	-0.1554957	0.5758866	0.3978595
400	3	-0.1554957	0.5758866	0.3978595
400	4	1.214399	0.1661391	0.4213832
400	5	1.214399	0.1661391	0.4213832
401	1	-0.1554957	0.5758866	0.3978595
401	3	-0.1554957	0.5758866	0.3978595
401	4	1.214399	0.1661391	0.4213832
401	5	1.214399	0.1661391	0.4213832
402	1	-0.1554957	0.5758866	0.3978595
402	3	-0.1554957	0.5758866	0.3978595
402	4	1.214399	0.1661391	0.4213832
402	5	1.214399	0.1661391	0.4213832
403	1	1.252313	0.1730875	0.2407997
403	2	-0.06914359	0.4469931	1.420667
403	3	1.252313	0.1730875	0.2407997
403	4	-0.04875329	0.5621145	0.2197800
403	5	-0.04875329	0.5621145	0.2197800
404	1	1.252313	0.1730875	0.2407997
404	2	-0.06914359	0.4469931	1.420667
404	3	1.252313	0.1730875	0.2407997
404	4	-0.04875329	0.5621145	0.2197800
404	5	-0.04875329	0.5621145	0.2197800
405	2	1.084277	0.2397473	0.07540907
405	3	0.5990633	0.2801929	1.104469
405	4	-0.1493339	0.5740436	0.3979647
405	5	-0.1493339	0.5740436	0.3979647
406	2	1.084277	0.2397473	0.07540907
406	3	0.5990633	0.2801929	1.104469
406	4	-0.1493339	0.5740436	0.3979647
406	5	-0.1493339	0.5740436	0.3979647
407	1	1.157955	0.1830218	0.4204137
407	2	-0.1826457	0.5840073	0.3973936
407	3	1.157955	0.1830218	0.4204137
407	4	1.157955	0.1830218	0.4204137
407	5	1.157955	0.1830218	0.4204137
408	1	1.157955	0.1830218	0.4204137
408	2	-0.1826457	0.5840073	0.3973936
408	3	1.157955	0.1830218	0.4204137
408	4	1.157955	0.1830218	0.4204137
408	5	1.157955	0.1830218	0.4204137
409	1	1.157955	0.1830218	0.4204137
409	2	-0.1826457	0.5840073	0.3973936
409	3	1.157955	0.1830218	0.4204137
409	4	1.157955	0.1830218	0.4204137
409	5	1.157955	0.1830218	0.4204137
410	1	1.157955	0.1830218	0.4204137
410	2	-0.1826457	0.5840073	0.3973936
410	3	1.157955	0.1830218	0.4204137
410	4	1.157955	0.1830218	0.4204137
410	5	1.157955	0.1830218	0.4204137
411	1	1.157955	0.1830218	0.4204137
411	2	-0.1826457	0.5840073	0.3973936
411	3	1.157955	0.1830218	0.4204137
411	4	1.157955	0.1830218	0.4204137
411	5	1.157955	0.1830218	0.4204137
412	1	1.157955	0.1830218	0.4204137
412	2	-0.1826457	0.5840073	0.3973936
412	3	1.157955	0.1830218	0.4204137
412	4	1.157955	0.1830218	0.4204137
412	5	1.157955	0.1830218	0.4204137
413	1	1.157955	0.1830218	0.4204137
413	2	-0.1826457	0.5840073	0.3973936
413	3	1.157955	0.1830218	0.4204137
413	4	1.157955	0.1830218	0.4204137
413	5	1.157955	0.1830218	0.4204137
414	1	1.157955	0.1830218	0.4204137
414	2	-0.1826457	0.5840073	0.3973936
414	3	1.157955	0.1830218	0.4204137
414	4	1.157955	0.1830218	0.4204137
414	5	1.157955	0.1830218	0.4204137
415	1	1.157955	0.1830218	0.4204137
415	2	-0.1826457	0.5840073	0.3973936
415	3	1.157955	0.1830218	0.4204137
415	4	1.157955	0.1830218	0.4204137
415	5	1.157955	0.1830218	0.4204137
416	1	1.157955	0.1830218	0.4204137
416	2	-0.1826457	0.5840073	0.3973936
416	3	1.157955	0.1830218	0.4204137
416	4	1.157955	0.1830218	0.4204137
416	5	1.157955	0.1830218	0.4204137
417	1	1.157955	0.1830218	0.4204137
417	2	-0.1826457	0.5840073	0.3973936
417	3	1.157955	0.1830218	0.4204137
417	4	1.157955	0.1830218	0.4204137
417	5	1.157955	0.1830218	0.4204137
418	1	1.167290	0.1802297	0.4205736
418	2	-0.1781712	0.5826689	0.3974708
418	3	1.167290	0.1802297	0.4205736
418	4	1.167290	0.1802297	0.4205736
419	1	1.167290	0.1802297	0.4205736
419	2	-0.1781712	0.5826689	0.3974708
419	3	1.167290	0.1802297	0.4205736
419	4	1.167290	0.1802297	0.4205736
420	1	1.120904	0.1941041	0.4197782
420	3	1.120904	0.1941041	0.4197782
420	4	1.120904	0.1941041	0.4197782
421	1	1.120904	0.1941041	0.4197782
421	3	1.120904	0.1941041	0.4197782
421	4	1.120904	0.1941041	0.4197782
421	5	1.120904	0.1941041	0.4197782
422	1	1.120904	0.1941041	0.4197782
422	3	1.120904	0.1941041	0.4197782
423	1	1.120904	0.1941041	0.4197782
423	3	1.120904	0.1941041	0.4197782
438	1	0.3484138	0.3430445	1.220267
438	2	-0.1784805	0.5825319	0.3997403
438	3	0.3484138	0.3430445	1.220267
438	4	0.8970931	0.2983265	0.04652117
438	5	0.8970931	0.2983265	0.04652117
439	1	0.3484138	0.3430445	1.220267
439	2	-0.1784805	0.5825319	0.3997403
439	3	0.3484138	0.3430445	1.220267
439	4	0.8970931	0.2983265	0.04652117
439	5	0.8970931	0.2983265	0.04652117
440	1	0.3484138	0.3430445	1.220267
440	2	-0.1784805	0.5825319	0.3997403
440	3	0.3484138	0.3430445	1.220267
440	4	0.8970931	0.2983265	0.04652117
440	5	0.8970931	0.2983265	0.04652117
441	1	0.3484138	0.3430445	1.220267
441	2	-0.1784805	0.5825319	0.3997403
441	3	0.3484138	0.3430445	1.220267
441	4	0.8970931	0.2983265	0.04652117
441	5	0.8970931	0.2983265	0.04652117
442	1	0.3484138	0.3430445	1.220267
442	2	-0.1784805	0.5825319	0.3997403
442	3	0.3484138	0.3430445	1.220267
442	4	0.8970931	0.2983265	0.04652117
442	5	0.8970931	0.2983265	0.04652117
443	1	0.3484138	0.3430445	1.220267
443	2	-0.1784805	0.5825319	0.3997403
443	3	0.3484138	0.3430445	1.220267
443	4	0.8970931	0.2983265	0.04652117
443	5	0.8970931	0.2983265	0.04652117
444	1	0.3484138	0.3430445	1.220267
444	2	-0.1784805	0.5825319	0.3997403
444	3	0.3484138	0.3430445	1.220267
444	4	0.8970931	0.2983265	0.04652117
444	5	0.8970931	0.2983265	0.04652117
445	1	0.3484138	0.3430445	1.220267
445	2	-0.1784805	0.5825319	0.3997403
445	3	0.3484138	0.3430445	1.220267
445	4	0.8970931	0.2983265	0.04652117
445	5	0.8970931	0.2983265	0.04652117
446	1	0.3484138	0.3430445	1.220267
446	2	-0.1784805	0.5825319	0.3997403
446	3	0.3484138	0.3430445	1.220267
446	4	0.8970931	0.2983265	0.04652117
446	5	0.8970931	0.2983265	0.04652117
447	1	0.3484138	0.3430445	1.220267
447	2	-0.1784805	0.5825319	0.3997403
447	3	0.3484138	0.3430445	1.220267
447	4	0.8970931	0.2983265	0.04652117
447	5	0.8970931	0.2983265	0.04652117
448	1	0.3484138	0.3430445	1.220267
448	2	-0.1784805	0.5825319	0.3997403
448	3	0.3484138	0.3430445	1.220267
448	4	0.8970931	0.2983265	0.04652117
448	5	0.8970931	0.2983265	0.04652117
449	1	0.3484138	0.3430445	1.220267
449	2	-0.1784805	0.5825319	0.3997403
449	3	0.3484138	0.3430445	1.220267
449	4	0.8970931	0.2983265	0.04652117
449	5	0.8970931	0.2983265	0.04652117
450	1	0.3484138	0.3430445	1.220267
450	2	-0.1784805	0.5825319	0.3997403
450	3	0.3484138	0.3430445	1.220267
450	4	0.8970931	0.2983265	0.04652117
450	5	0.8970931	0.2983265	0.04652117
451	1	0.3484138	0.3430445	1.220267
451	2	-0.1784805	0.5825319	0.3997403
451	3	0.3484138	0.3430445	1.220267
451	4	0.8970931	0.2983265	0.04652117
451	5	0.8970931	0.2983265	0.04652117
452	1	0.3484138	0.3430445	1.220267
452	2	-0.1784805	0.5825319	0.3997403
452	3	0.3484138	0.3430445	1.220267
452	4	0.8970931	0.2983265	0.04652117
452	5	0.8970931	0.2983265	0.04652117
453	1	0.3484138	0.3430445	1.220267
453	2	-0.1784805	0.5825319	0.3997403
453	3	0.3484138	0.3430445	1.220267
453	4	0.8970931	0.2983265	0.04652117
453	5	0.8970931	0.2983265	0.04652117
454	1	0.3484138	0.3430445	1.220267
454	2	-0.1784805	0.5825319	0.3997403
454	3	0.3484138	0.3430445	1.220267
454	4	0.8970931	0.2983265	0.04652117
454	5	0.8970931	0.2983265	0.04652117
455	1	0.3484138	0.3430445	1.220267
455	2	-0.1784805	0.5825319	0.3997403
455	3	0.3484138	0.3430445	1.220267
455	4	0.8970931	0.2983265	0.04652117
455	5	0.8970931	0.2983265	0.04652117
456	1	0.3484138	0.3430445	1.220267
456	2	-0.1784805	0.5825319	0.3997403
456	3	0.3484138	0.3430445	1.220267
456	4	0.8970931	0.2983265	0.04652117
456	5	0.8970931	0.2983265	0.04652117
457	1	-0.1668969	0.5792966	0.3976652
457	3	-0.1668969	0.5792966	0.3976652
457	4	1.238227	0.1590121	0.4217908
457	5	1.238227	0.1590121	0.4217908
458	1	-0.1668969	0.5792966	0.3976652
458	3	-0.1668969	0.5792966	0.3976652
458	4	1.238227	0.1590121	0.4217908
458	5	1.238227	0.1590121	0.4217908
459	1	1.278345	0.1470123	0.4224819
459	4	-0.1478248	0.5735922	0.3979906
459	5	-0.1478248	0.5735922	0.3979906
460	1	0.1617336	0.5158541	0.05792346
460	2	-0.3179718	0.5867746	0.7687581
460	4	1.204749	0.1620951	0.4898935
460	5	1.204749	0.1620951	0.4898935
461	1	0.1617336	0.5158541	0.05792346
461	2	-0.3179718	0.5867746	0.7687581
461	4	1.204749	0.1620951	0.4898935
461	5	1.204749	0.1620951	0.4898935
462	1	0.1617336	0.5158541	0.05792346
462	2	-0.3179718	0.5867746	0.7687581
462	4	1.204749	0.1620951	0.4898935
462	5	1.204749	0.1620951	0.4898935
463	1	0.1617336	0.5158541	0.05792346
463	2	-0.3179718	0.5867746	0.7687581
463	4	1.204749	0.1620951	0.4898935
463	5	1.204749	0.1620951	0.4898935
464	1	0.1617336	0.5158541	0.05792346
464	2	-0.3179718	0.5867746	0.7687581
464	4	1.204749	0.1620951	0.4898935
464	5	1.204749	0.1620951	0.4898935
465	1	0.1617336	0.5158541	0.05792346
465	2	-0.3179718	0.5867746	0.7687581
465	4	1.204749	0.1620951	0.4898935
465	5	1.204749	0.1620951	0.4898935
466	1	0.353596	0.4622525	0.02369986
466	2	-0.3100255	0.5792135	0.8202688
466	4	1.204796	0.1556546	0.5535779
467	1	0.276824	0.4832347	0.04201218
467	2	-0.3389806	0.5589928	1.105973
467	3	0.276824	0.4832347	0.04201218
467	4	1.227455	0.1498453	0.5443736
468	1	0.276824	0.4832347	0.04201218
468	2	-0.3389806	0.5589928	1.105973
468	3	0.276824	0.4832347	0.04201218
468	4	1.227455	0.1498453	0.5443736
469	1	0.1345672	0.5217364	0.07968854
469	2	-0.3520187	0.5692249	1.042999
469	3	0.1345672	0.5217364	0.07968854
469	4	1.212215	0.1596392	0.492228
469	5	1.212215	0.1596392	0.492228
470	1	0.09560834	0.5316622	0.0961345
470	2	-0.3555113	0.5695876	1.049697
470	3	0.09560834	0.5316622	0.0961345
470	4	1.236914	0.1544228	0.4711377
470	5	1.236914	0.1544228	0.4711377
471	2	1.310808	0.1373023	0.423039
471	4	-0.1554956	0.5758866	0.3978593
471	5	-0.1554956	0.5758866	0.3978593
472	2	1.310808	0.1373023	0.423039
472	4	-0.1554956	0.5758866	0.3978593
472	5	-0.1554956	0.5758866	0.3978593
473	2	1.310808	0.1373023	0.423039
473	4	-0.1554956	0.5758866	0.3978593
473	5	-0.1554956	0.5758866	0.3978593
474	2	1.310808	0.1373023	0.423039
474	4	-0.1554956	0.5758866	0.3978593
474	5	-0.1554956	0.5758866	0.3978593
475	1	1.181592	0.2042673	0.1402267
475	2	0.1879682	0.3762662	1.363865
475	3	1.181592	0.2042673	0.1402267
475	5	-0.1771494	0.5882657	0.3389979
476	2	1.111629	0.2308698	0.0827803
476	3	0.6439641	0.26976	1.075538
476	5	-0.1954232	0.5878062	0.3974023
477	2	1.111629	0.2308698	0.0827803
477	3	0.6439641	0.26976	1.075538
477	5	-0.1954232	0.5878062	0.3974023
478	2	1.214399	0.1661391	0.4213838
478	3	-0.1554954	0.5758865	0.3978589
479	1	0.3035781	0.477615	0.01885961
479	2	-0.3051948	0.5273183	1.320290
479	3	-0.1570596	0.5760718	0.4006319
479	5	1.352944	0.1250202	0.4205803
480	1	0.3035781	0.477615	0.01885961
480	2	-0.3051948	0.5273183	1.320290
480	3	-0.1570596	0.5760718	0.4006319
480	5	1.352944	0.1250202	0.4205803
481	1	1.199822	0.1963366	0.1650964
481	2	-0.03463342	0.4369854	1.418142
481	3	1.199822	0.1963366	0.1650964
481	5	-0.1082687	0.5762397	0.2551884
482	1	1.239171	0.1822838	0.1883958
482	2	0.1689351	0.380891	1.374124
482	3	1.239171	0.1822838	0.1883958
482	4	-0.1193148	0.5742444	0.3075125
482	5	-0.1193148	0.5742444	0.3075125
483	1	1.239171	0.1822838	0.1883958
483	2	0.1689351	0.380891	1.374124
483	3	1.239171	0.1822838	0.1883958
483	4	-0.1193148	0.5742444	0.3075125
483	5	-0.1193148	0.5742444	0.3075125
484	1	1.252313	0.1730875	0.2407997
484	2	-0.06914359	0.4469931	1.420667
484	3	1.252313	0.1730875	0.2407997
484	4	-0.04875329	0.5621145	0.2197800
484	5	-0.04875329	0.5621145	0.2197800
485	1	1.252313	0.1730875	0.2407997
485	2	-0.06914359	0.4469931	1.420667
485	3	1.252313	0.1730875	0.2407997
485	4	-0.04875329	0.5621145	0.2197800
485	5	-0.04875329	0.5621145	0.2197800
486	1	1.252313	0.1730875	0.2407997
486	2	-0.06914359	0.4469931	1.420667
486	3	1.252313	0.1730875	0.2407997
486	4	-0.04875329	0.5621145	0.2197800
486	5	-0.04875329	0.5621145	0.2197800
487	1	1.202511	0.1698696	0.4194486
487	2	-0.3213978	0.5552924	1.090828
487	3	1.202511	0.1698696	0.4194486
487	4	0.1623488	0.5154537	0.06007836
488	1	1.202511	0.1698696	0.4194486
488	2	-0.3213978	0.5552924	1.090828
488	3	1.202511	0.1698696	0.4194486
488	4	0.1623488	0.5154537	0.06007836
489	1	1.202511	0.1698696	0.4194486
489	2	-0.3213978	0.5552924	1.090828
489	3	1.202511	0.1698696	0.4194486
489	4	0.1623488	0.5154537	0.06007836
490	1	1.202511	0.1698696	0.4194486
490	2	-0.3213978	0.5552924	1.090828
490	3	1.202511	0.1698696	0.4194486
490	4	0.1623488	0.5154537	0.06007836
491	1	1.202511	0.1698696	0.4194486
491	2	-0.3213978	0.5552924	1.090828
491	3	1.202511	0.1698696	0.4194486
491	4	0.1623488	0.5154537	0.06007836
492	1	1.202511	0.1698696	0.4194486
492	2	-0.3213978	0.5552924	1.090828
492	3	1.202511	0.1698696	0.4194486
492	4	0.1623488	0.5154537	0.06007836
493	1	1.202511	0.1698696	0.4194486
493	2	-0.3213978	0.5552924	1.090828
493	3	1.202511	0.1698696	0.4194486
493	4	0.1623488	0.5154537	0.06007836
494	1	1.202511	0.1698696	0.4194486
494	2	-0.3213978	0.5552924	1.090828
494	3	1.202511	0.1698696	0.4194486
494	4	0.1623488	0.5154537	0.06007836
495	2	-0.05295963	0.4453535	1.389222
495	3	0.01908653	0.5493552	0.1463043
495	4	1.221328	0.1899897	0.1646161
496	2	-0.05295963	0.4453535	1.389222
496	3	0.01908653	0.5493552	0.1463043
496	4	1.221328	0.1899897	0.1646161
497	2	1.046558	0.2507596	0.07743495
497	3	0.5712571	0.2899144	1.090074
497	4	-0.1667704	0.5791492	0.3987528
498	2	0.07283611	0.5375125	0.1052668
498	3	-0.3094629	0.5687907	0.9218957
498	4	1.306023	0.1390433	0.4198875
499	2	0.07283611	0.5375125	0.1052668
499	3	-0.3094629	0.5687907	0.9218957
499	4	1.306023	0.1390433	0.4198875
500	2	0.07283611	0.5375125	0.1052668
500	3	-0.3094629	0.5687907	0.9218957
500	4	1.306023	0.1390433	0.4198875
501	2	-0.1736195	0.5809642	0.4009501
501	3	-0.1736195	0.5809642	0.4009501
501	4	1.22527	0.193281	0.1203831
501	5	0.844765	0.2237324	0.9399182
502	2	-0.1736195	0.5809642	0.4009501
502	3	-0.1736195	0.5809642	0.4009501
502	4	1.22527	0.193281	0.1203831
502	5	0.844765	0.2237324	0.9399182
503	2	-0.1756595	0.5815728	0.4009314
503	3	-0.1756595	0.5815728	0.4009314
503	4	1.235069	0.1899807	0.1242130
503	5	0.8617367	0.2198513	0.9283654
504	2	-0.1756595	0.5815728	0.4009314
504	3	-0.1756595	0.5815728	0.4009314
504	4	1.235069	0.1899807	0.1242130
504	5	0.8617367	0.2198513	0.9283654
507	4	1.214399	0.1661391	0.4213838
507	5	-0.1554954	0.5758865	0.3978589
508	4	1.214399	0.1661391	0.4213838
508	5	-0.1554954	0.5758865	0.3978589
509	4	1.120904	0.1941041	0.4197782
509	5	1.120904	0.1941041	0.4197782
510	4	1.120904	0.1941041	0.4197782
510	5	1.120904	0.1941041	0.4197782
511	4	1.120904	0.1941041	0.4197782
511	5	1.120904	0.1941041	0.4197782
512	4	1.120904	0.1941041	0.4197782
512	5	1.120904	0.1941041	0.4197782
513	4	1.120904	0.1941041	0.4197782
513	5	1.120904	0.1941041	0.4197782
514	4	1.120904	0.1941041	0.4197782
514	5	1.120904	0.1941041	0.4197782
515	4	1.120904	0.1941041	0.4197782
515	5	1.120904	0.1941041	0.4197782
516	2	1.132435	0.1906556	0.4199725
516	3	-0.1264406	0.5671956	0.3983617
516	4	1.132435	0.1906556	0.4199725
516	5	1.132435	0.1906556	0.4199725
517	1	1.273220	0.1490336	0.4175536
517	2	-0.03871412	0.556348	0.247339
517	3	-0.2639833	0.5499196	0.9748774
517	4	-0.03871412	0.556348	0.247339
517	5	-0.03871412	0.556348	0.247339
518	1	1.273220	0.1490336	0.4175536
518	2	-0.03871412	0.556348	0.247339
518	3	-0.2639833	0.5499196	0.9748774
518	4	-0.03871412	0.556348	0.247339
518	5	-0.03871412	0.556348	0.247339
519	1	1.273220	0.1490336	0.4175536
519	2	-0.03871412	0.556348	0.247339
519	3	-0.2639833	0.5499196	0.9748774
519	4	-0.03871412	0.556348	0.247339
519	5	-0.03871412	0.556348	0.247339
