24	1	1.120904	0.1941041	0.4197782
24	2	1.120904	0.1941041	0.4197782
24	3	1.120904	0.1941041	0.4197782
24	4	1.120904	0.1941041	0.4197782
25	1	1.120904	0.1941041	0.4197782
25	2	1.120904	0.1941041	0.4197782
25	3	1.120904	0.1941041	0.4197782
25	4	1.120904	0.1941041	0.4197782
26	1	1.120904	0.1941041	0.4197782
26	2	1.120904	0.1941041	0.4197782
26	3	1.120904	0.1941041	0.4197782
26	4	1.120904	0.1941041	0.4197782
27	1	1.120904	0.1941041	0.4197782
27	2	1.120904	0.1941041	0.4197782
27	3	1.120904	0.1941041	0.4197782
27	4	1.120904	0.1941041	0.4197782
28	1	1.120904	0.1941041	0.4197782
28	2	1.120904	0.1941041	0.4197782
28	3	1.120904	0.1941041	0.4197782
28	4	1.120904	0.1941041	0.4197782
29	1	1.120904	0.1941041	0.4197782
29	2	1.120904	0.1941041	0.4197782
29	3	1.120904	0.1941041	0.4197782
29	4	1.120904	0.1941041	0.4197782
30	1	1.120904	0.1941041	0.4197782
30	2	1.120904	0.1941041	0.4197782
30	3	1.120904	0.1941041	0.4197782
30	4	1.120904	0.1941041	0.4197782
31	1	1.120904	0.1941041	0.4197782
31	2	1.120904	0.1941041	0.4197782
31	3	1.120904	0.1941041	0.4197782
31	4	1.120904	0.1941041	0.4197782
32	1	1.120904	0.1941041	0.4197782
32	2	1.120904	0.1941041	0.4197782
32	3	1.120904	0.1941041	0.4197782
32	4	1.120904	0.1941041	0.4197782
33	1	1.120904	0.1941041	0.4197782
33	2	1.120904	0.1941041	0.4197782
33	3	1.120904	0.1941041	0.4197782
33	4	1.120904	0.1941041	0.4197782
34	1	1.120904	0.1941041	0.4197782
34	2	1.120904	0.1941041	0.4197782
34	3	1.120904	0.1941041	0.4197782
34	4	1.120904	0.1941041	0.4197782
39	1	0.1311985	0.5273317	0.03416888
39	2	1.283515	0.1454659	0.4225707
39	3	-0.4215434	0.5734061	1.206444
39	4	1.283515	0.1454659	0.4225707
40	1	1.374866	0.1181419	0.4241394
40	2	-0.1702482	0.5802992	0.3976055
40	4	-0.1702482	0.5802992	0.3976055
41	1	1.120904	0.1941041	0.4197782
41	2	1.120904	0.1941041	0.4197782
41	4	1.120904	0.1941041	0.4197782
42	1	1.120904	0.1941041	0.4197782
42	2	1.120904	0.1941041	0.4197782
42	3	1.120904	0.1941041	0.4197782
42	4	1.120904	0.1941041	0.4197782
43	1	1.120904	0.1941041	0.4197782
43	2	1.120904	0.1941041	0.4197782
43	3	1.120904	0.1941041	0.4197782
43	4	1.120904	0.1941041	0.4197782
44	1	1.120904	0.1941041	0.4197782
44	2	1.120904	0.1941041	0.4197782
44	3	1.120904	0.1941041	0.4197782
44	4	1.120904	0.1941041	0.4197782
45	1	1.120904	0.1941041	0.4197782
45	2	1.120904	0.1941041	0.4197782
45	3	1.120904	0.1941041	0.4197782
45	4	1.120904	0.1941041	0.4197782
46	1	1.120904	0.1941041	0.4197782
46	2	1.120904	0.1941041	0.4197782
46	3	1.120904	0.1941041	0.4197782
46	4	1.120904	0.1941041	0.4197782
47	1	1.120904	0.1941041	0.4197782
47	2	1.120904	0.1941041	0.4197782
47	3	1.120904	0.1941041	0.4197782
47	4	1.120904	0.1941041	0.4197782
48	1	1.120904	0.1941041	0.4197782
48	2	1.120904	0.1941041	0.4197782
48	3	1.120904	0.1941041	0.4197782
48	4	1.120904	0.1941041	0.4197782
49	1	1.120904	0.1941041	0.4197782
49	2	1.120904	0.1941041	0.4197782
49	3	1.120904	0.1941041	0.4197782
49	4	1.120904	0.1941041	0.4197782
50	1	1.120904	0.1941041	0.4197782
50	2	1.120904	0.1941041	0.4197782
50	3	1.120904	0.1941041	0.4197782
50	4	1.120904	0.1941041	0.4197782
51	1	1.120904	0.1941041	0.4197782
51	2	1.120904	0.1941041	0.4197782
51	3	1.120904	0.1941041	0.4197782
51	4	1.120904	0.1941041	0.4197782
52	1	1.120904	0.1941041	0.4197782
52	2	1.120904	0.1941041	0.4197782
52	3	1.120904	0.1941041	0.4197782
52	4	1.120904	0.1941041	0.4197782
53	1	1.408068	0.108211	0.4247096
53	2	-0.1551759	0.575791	0.3978644
53	3	-0.1551759	0.575791	0.3978644
53	4	-0.1551759	0.575791	0.3978644
54	1	1.408068	0.108211	0.4247096
54	2	-0.1551759	0.575791	0.3978644
54	3	-0.1551759	0.575791	0.3978644
54	4	-0.1551759	0.575791	0.3978644
55	1	1.408068	0.108211	0.4247096
55	2	-0.1551759	0.575791	0.3978644
55	3	-0.1551759	0.575791	0.3978644
55	4	-0.1551759	0.575791	0.3978644
56	2	1.120904	0.1941041	0.4197782
56	3	1.120904	0.1941041	0.4197782
56	4	1.120904	0.1941041	0.4197782
57	1	1.408068	0.108211	0.4247096
57	2	-0.1551759	0.575791	0.3978644
57	3	-0.1551759	0.575791	0.3978644
57	4	-0.1551759	0.575791	0.3978644
58	1	1.408068	0.108211	0.4247096
58	2	-0.1551759	0.575791	0.3978644
58	3	-0.1551759	0.575791	0.3978644
58	4	-0.1551759	0.575791	0.3978644
59	1	1.408068	0.108211	0.4247096
59	2	-0.1551759	0.575791	0.3978644
59	3	-0.1551759	0.575791	0.3978644
59	4	-0.1551759	0.575791	0.3978644
60	1	1.408068	0.108211	0.4247096
60	2	-0.1551759	0.575791	0.3978644
60	3	-0.1551759	0.575791	0.3978644
60	4	-0.1551759	0.575791	0.3978644
61	1	1.408068	0.108211	0.4247096
61	2	-0.1551759	0.575791	0.3978644
61	3	-0.1551759	0.575791	0.3978644
61	4	-0.1551759	0.575791	0.3978644
62	1	1.408068	0.108211	0.4247096
62	2	-0.1551759	0.575791	0.3978644
62	3	-0.1551759	0.575791	0.3978644
62	4	-0.1551759	0.575791	0.3978644
63	1	1.374866	0.1181419	0.4241394
63	2	-0.1702482	0.5802992	0.3976055
63	3	-0.1702482	0.5802992	0.3976055
64	1	1.374866	0.1181419	0.4241394
64	2	-0.1702482	0.5802992	0.3976055
64	3	-0.1702482	0.5802992	0.3976055
65	1	1.408068	0.108211	0.4247096
65	2	-0.1551759	0.575791	0.3978644
65	3	-0.1551759	0.575791	0.3978644
65	4	-0.1551759	0.575791	0.3978644
66	1	1.408068	0.108211	0.4247096
66	2	-0.1551759	0.575791	0.3978644
66	3	-0.1551759	0.575791	0.3978644
66	4	-0.1551759	0.575791	0.3978644
67	1	1.408068	0.108211	0.4247096
67	2	-0.1551759	0.575791	0.3978644
67	3	-0.1551759	0.575791	0.3978644
67	4	-0.1551759	0.575791	0.3978644
68	1	1.374866	0.1181419	0.4241394
68	2	-0.1702482	0.5802992	0.3976055
68	4	-0.1702482	0.5802992	0.3976055
69	1	1.374866	0.1181419	0.4241394
69	2	-0.1702482	0.5802992	0.3976055
69	4	-0.1702482	0.5802992	0.3976055
70	1	1.374866	0.1181419	0.4241394
70	2	-0.1702482	0.5802992	0.3976055
70	4	-0.1702482	0.5802992	0.3976055
74	1	0.1311985	0.5273317	0.03416888
74	2	1.283515	0.1454659	0.4225707
74	3	-0.4215434	0.5734061	1.206444
74	4	1.283515	0.1454659	0.4225707
75	1	1.309443	0.1377103	0.4230159
75	2	-0.1997335	0.5891185	0.3970992
75	3	1.309443	0.1377103	0.4230160
75	4	-0.1997335	0.5891185	0.3970992
76	1	1.120904	0.1941041	0.4197782
76	2	1.120904	0.1941041	0.4197782
76	3	1.120904	0.1941041	0.4197782
76	4	1.120904	0.1941041	0.4197782
77	1	1.120904	0.1941041	0.4197782
77	2	1.120904	0.1941041	0.4197782
77	3	1.120904	0.1941041	0.4197782
77	4	1.120904	0.1941041	0.4197782
78	1	1.120904	0.1941041	0.4197782
78	2	1.120904	0.1941041	0.4197782
78	3	1.120904	0.1941041	0.4197782
78	4	1.120904	0.1941041	0.4197782
79	1	1.120904	0.1941041	0.4197782
79	2	1.120904	0.1941041	0.4197782
79	3	1.120904	0.1941041	0.4197782
79	4	1.120904	0.1941041	0.4197782
80	1	1.120904	0.1941041	0.4197782
80	2	1.120904	0.1941041	0.4197782
80	3	1.120904	0.1941041	0.4197782
80	4	1.120904	0.1941041	0.4197782
81	1	1.120904	0.1941041	0.4197782
81	2	1.120904	0.1941041	0.4197782
81	3	1.120904	0.1941041	0.4197782
81	4	1.120904	0.1941041	0.4197782
82	1	1.120904	0.1941041	0.4197782
82	2	1.120904	0.1941041	0.4197782
82	3	1.120904	0.1941041	0.4197782
82	4	1.120904	0.1941041	0.4197782
83	1	1.120904	0.1941041	0.4197782
83	2	1.120904	0.1941041	0.4197782
83	3	1.120904	0.1941041	0.4197782
83	4	1.120904	0.1941041	0.4197782
84	1	1.120904	0.1941041	0.4197782
84	2	1.120904	0.1941041	0.4197782
84	3	1.120904	0.1941041	0.4197782
84	4	1.120904	0.1941041	0.4197782
85	1	1.120904	0.1941041	0.4197782
85	2	1.120904	0.1941041	0.4197782
85	3	1.120904	0.1941041	0.4197782
85	4	1.120904	0.1941041	0.4197782
86	1	1.120904	0.1941041	0.4197782
86	2	1.120904	0.1941041	0.4197782
86	3	1.120904	0.1941041	0.4197782
86	4	1.120904	0.1941041	0.4197782
87	1	1.120904	0.1941041	0.4197782
87	2	1.120904	0.1941041	0.4197782
87	3	1.120904	0.1941041	0.4197782
87	4	1.120904	0.1941041	0.4197782
88	1	1.120904	0.1941041	0.4197782
88	2	1.120904	0.1941041	0.4197782
88	3	1.120904	0.1941041	0.4197782
88	4	1.120904	0.1941041	0.4197782
89	1	1.120904	0.1941041	0.4197782
89	2	1.120904	0.1941041	0.4197782
89	3	1.120904	0.1941041	0.4197782
89	4	1.120904	0.1941041	0.4197782
90	1	1.120904	0.1941041	0.4197782
90	2	1.120904	0.1941041	0.4197782
90	3	1.120904	0.1941041	0.4197782
90	4	1.120904	0.1941041	0.4197782
91	1	1.120904	0.1941041	0.4197782
91	2	1.120904	0.1941041	0.4197782
91	3	1.120904	0.1941041	0.4197782
91	4	1.120904	0.1941041	0.4197782
92	2	1.120904	0.1941041	0.4197782
92	3	1.120904	0.1941041	0.4197782
92	4	1.120904	0.1941041	0.4197782
93	1	1.408068	0.108211	0.4247096
93	2	-0.1551759	0.575791	0.3978644
93	3	-0.1551759	0.575791	0.3978644
93	4	-0.1551759	0.575791	0.3978644
94	1	1.408068	0.108211	0.4247096
94	2	-0.1551759	0.575791	0.3978644
94	3	-0.1551759	0.575791	0.3978644
94	4	-0.1551759	0.575791	0.3978644
95	1	1.120904	0.1941041	0.4197782
95	2	1.120904	0.1941041	0.4197782
95	3	1.120904	0.1941041	0.4197782
95	4	1.120904	0.1941041	0.4197782
96	1	1.120904	0.1941041	0.4197782
96	2	1.120904	0.1941041	0.4197782
96	3	1.120904	0.1941041	0.4197782
96	4	1.120904	0.1941041	0.4197782
97	1	1.120904	0.1941041	0.4197782
97	2	1.120904	0.1941041	0.4197782
97	3	1.120904	0.1941041	0.4197782
97	4	1.120904	0.1941041	0.4197782
98	1	1.120904	0.1941041	0.4197782
98	2	1.120904	0.1941041	0.4197782
98	3	1.120904	0.1941041	0.4197782
98	4	1.120904	0.1941041	0.4197782
99	1	1.120904	0.1941041	0.4197782
99	2	1.120904	0.1941041	0.4197782
99	3	1.120904	0.1941041	0.4197782
99	4	1.120904	0.1941041	0.4197782
100	1	1.120904	0.1941041	0.4197782
100	2	1.120904	0.1941041	0.4197782
100	3	1.120904	0.1941041	0.4197782
100	4	1.120904	0.1941041	0.4197782
101	1	1.120904	0.1941041	0.4197782
101	2	1.120904	0.1941041	0.4197782
101	3	1.120904	0.1941041	0.4197782
101	4	1.120904	0.1941041	0.4197782
102	1	1.120904	0.1941041	0.4197782
102	2	1.120904	0.1941041	0.4197782
102	3	1.120904	0.1941041	0.4197782
102	4	1.120904	0.1941041	0.4197782
103	1	1.120904	0.1941041	0.4197782
103	2	1.120904	0.1941041	0.4197782
103	3	1.120904	0.1941041	0.4197782
103	4	1.120904	0.1941041	0.4197782
104	1	1.120904	0.1941041	0.4197782
104	2	1.120904	0.1941041	0.4197782
104	3	1.120904	0.1941041	0.4197782
104	4	1.120904	0.1941041	0.4197782
105	1	1.120904	0.1941041	0.4197782
105	2	1.120904	0.1941041	0.4197782
105	3	1.120904	0.1941041	0.4197782
105	4	1.120904	0.1941041	0.4197782
106	1	1.120904	0.1941041	0.4197782
106	2	1.120904	0.1941041	0.4197782
106	3	1.120904	0.1941041	0.4197782
106	4	1.120904	0.1941041	0.4197782
107	1	1.120904	0.1941041	0.4197782
107	2	1.120904	0.1941041	0.4197782
107	3	1.120904	0.1941041	0.4197782
107	4	1.120904	0.1941041	0.4197782
108	1	1.120904	0.1941041	0.4197782
108	2	1.120904	0.1941041	0.4197782
108	3	1.120904	0.1941041	0.4197782
108	4	1.120904	0.1941041	0.4197782
109	1	1.408068	0.108211	0.4247096
109	2	-0.1551759	0.575791	0.3978644
109	3	-0.1551759	0.575791	0.3978644
109	4	-0.1551759	0.575791	0.3978644
110	1	1.408068	0.108211	0.4247096
110	2	-0.1551759	0.575791	0.3978644
110	3	-0.1551759	0.575791	0.3978644
110	4	-0.1551759	0.575791	0.3978644
111	1	1.408068	0.108211	0.4247096
111	2	-0.1551759	0.575791	0.3978644
111	3	-0.1551759	0.575791	0.3978644
111	4	-0.1551759	0.575791	0.3978644
112	1	1.408068	0.108211	0.4247096
112	2	-0.1551759	0.575791	0.3978644
112	3	-0.1551759	0.575791	0.3978644
112	4	-0.1551759	0.575791	0.3978644
113	1	1.408068	0.108211	0.4247096
113	2	-0.1551759	0.575791	0.3978644
113	3	-0.1551759	0.575791	0.3978644
113	4	-0.1551759	0.575791	0.3978644
114	1	0.1311985	0.5273317	0.03416888
114	2	1.283515	0.1454659	0.4225707
114	3	-0.4215434	0.5734061	1.206444
114	4	1.283515	0.1454659	0.4225707
116	2	1.120904	0.1941041	0.4197782
116	3	1.120904	0.1941041	0.4197782
116	4	1.120904	0.1941041	0.4197782
117	1	1.120904	0.1941041	0.4197782
117	2	1.120904	0.1941041	0.4197782
117	3	1.120904	0.1941041	0.4197782
117	4	1.120904	0.1941041	0.4197782
118	1	1.120904	0.1941041	0.4197782
118	2	1.120904	0.1941041	0.4197782
118	3	1.120904	0.1941041	0.4197782
118	4	1.120904	0.1941041	0.4197782
119	1	1.120904	0.1941041	0.4197782
119	2	1.120904	0.1941041	0.4197782
119	3	1.120904	0.1941041	0.4197782
119	4	1.120904	0.1941041	0.4197782
120	1	1.120904	0.1941041	0.4197782
120	2	1.120904	0.1941041	0.4197782
120	3	1.120904	0.1941041	0.4197782
120	4	1.120904	0.1941041	0.4197782
121	1	1.120904	0.1941041	0.4197782
121	2	1.120904	0.1941041	0.4197782
121	3	1.120904	0.1941041	0.4197782
121	4	1.120904	0.1941041	0.4197782
122	1	1.120904	0.1941041	0.4197782
122	2	1.120904	0.1941041	0.4197782
122	3	1.120904	0.1941041	0.4197782
122	4	1.120904	0.1941041	0.4197782
123	1	1.120904	0.1941041	0.4197782
123	2	1.120904	0.1941041	0.4197782
123	3	1.120904	0.1941041	0.4197782
123	4	1.120904	0.1941041	0.4197782
124	1	1.120904	0.1941041	0.4197782
124	2	1.120904	0.1941041	0.4197782
124	3	1.120904	0.1941041	0.4197782
124	4	1.120904	0.1941041	0.4197782
125	1	1.120904	0.1941041	0.4197782
125	2	1.120904	0.1941041	0.4197782
125	3	1.120904	0.1941041	0.4197782
125	4	1.120904	0.1941041	0.4197782
126	1	1.120904	0.1941041	0.4197782
126	2	1.120904	0.1941041	0.4197782
126	3	1.120904	0.1941041	0.4197782
126	4	1.120904	0.1941041	0.4197782
127	1	1.120904	0.1941041	0.4197782
127	2	1.120904	0.1941041	0.4197782
127	3	1.120904	0.1941041	0.4197782
127	4	1.120904	0.1941041	0.4197782
128	1	1.120904	0.1941041	0.4197782
128	2	1.120904	0.1941041	0.4197782
128	3	1.120904	0.1941041	0.4197782
128	4	1.120904	0.1941041	0.4197782
129	1	1.120904	0.1941041	0.4197782
129	2	1.120904	0.1941041	0.4197782
129	3	1.120904	0.1941041	0.4197782
129	4	1.120904	0.1941041	0.4197782
130	1	1.120904	0.1941041	0.4197782
130	2	1.120904	0.1941041	0.4197782
130	3	1.120904	0.1941041	0.4197782
130	4	1.120904	0.1941041	0.4197782
131	1	1.120904	0.1941041	0.4197782
131	2	1.120904	0.1941041	0.4197782
131	3	1.120904	0.1941041	0.4197782
131	4	1.120904	0.1941041	0.4197782
133	2	1.245318	0.1568909	0.4219147
133	3	-0.2283505	0.5976781	0.3966078
133	4	1.245318	0.1568909	0.4219147
134	1	1.120904	0.1941041	0.4197782
134	2	1.120904	0.1941041	0.4197782
134	4	1.120904	0.1941041	0.4197782
135	1	1.120904	0.1941041	0.4197782
135	2	1.120904	0.1941041	0.4197782
135	3	1.120904	0.1941041	0.4197782
135	4	1.120904	0.1941041	0.4197782
136	1	1.120904	0.1941041	0.4197782
136	2	1.120904	0.1941041	0.4197782
136	3	1.120904	0.1941041	0.4197782
136	4	1.120904	0.1941041	0.4197782
137	1	1.120904	0.1941041	0.4197782
137	2	1.120904	0.1941041	0.4197782
137	3	1.120904	0.1941041	0.4197782
137	4	1.120904	0.1941041	0.4197782
138	1	1.120904	0.1941041	0.4197782
138	2	1.120904	0.1941041	0.4197782
138	3	1.120904	0.1941041	0.4197782
138	4	1.120904	0.1941041	0.4197782
139	1	1.120904	0.1941041	0.4197782
139	3	1.120904	0.1941041	0.4197782
139	4	1.120904	0.1941041	0.4197782
140	1	1.120904	0.1941041	0.4197782
140	2	1.120904	0.1941041	0.4197782
140	3	1.120904	0.1941041	0.4197782
140	4	1.120904	0.1941041	0.4197782
141	1	1.120904	0.1941041	0.4197782
141	2	1.120904	0.1941041	0.4197782
141	3	1.120904	0.1941041	0.4197782
141	4	1.120904	0.1941041	0.4197782
142	1	1.120904	0.1941041	0.4197782
142	2	1.120904	0.1941041	0.4197782
142	3	1.120904	0.1941041	0.4197782
142	4	1.120904	0.1941041	0.4197782
143	1	1.120904	0.1941041	0.4197782
143	2	1.120904	0.1941041	0.4197782
143	3	1.120904	0.1941041	0.4197782
143	4	1.120904	0.1941041	0.4197782
144	1	1.120904	0.1941041	0.4197782
144	2	1.120904	0.1941041	0.4197782
144	3	1.120904	0.1941041	0.4197782
144	4	1.120904	0.1941041	0.4197782
147	1	1.120904	0.1941041	0.4197782
147	2	1.120904	0.1941041	0.4197782
147	3	1.120904	0.1941041	0.4197782
147	4	1.120904	0.1941041	0.4197782
148	1	1.120904	0.1941041	0.4197782
148	2	1.120904	0.1941041	0.4197782
148	3	1.120904	0.1941041	0.4197782
148	4	1.120904	0.1941041	0.4197782
149	1	1.120904	0.1941041	0.4197782
149	2	1.120904	0.1941041	0.4197782
149	3	1.120904	0.1941041	0.4197782
149	4	1.120904	0.1941041	0.4197782
150	1	1.120904	0.1941041	0.4197782
150	2	1.120904	0.1941041	0.4197782
150	3	1.120904	0.1941041	0.4197782
150	4	1.120904	0.1941041	0.4197782
151	1	1.120904	0.1941041	0.4197782
151	2	1.120904	0.1941041	0.4197782
151	3	1.120904	0.1941041	0.4197782
151	4	1.120904	0.1941041	0.4197782
152	1	1.120904	0.1941041	0.4197782
152	2	1.120904	0.1941041	0.4197782
152	3	1.120904	0.1941041	0.4197782
152	4	1.120904	0.1941041	0.4197782
153	1	1.120904	0.1941041	0.4197782
153	2	1.120904	0.1941041	0.4197782
153	3	1.120904	0.1941041	0.4197782
153	4	1.120904	0.1941041	0.4197782
154	1	1.120904	0.1941041	0.4197782
154	2	1.120904	0.1941041	0.4197782
154	3	1.120904	0.1941041	0.4197782
154	4	1.120904	0.1941041	0.4197782
155	1	1.120904	0.1941041	0.4197782
155	2	1.120904	0.1941041	0.4197782
155	3	1.120904	0.1941041	0.4197782
155	4	1.120904	0.1941041	0.4197782
156	1	1.120904	0.1941041	0.4197782
156	2	1.120904	0.1941041	0.4197782
156	3	1.120904	0.1941041	0.4197782
157	1	1.120904	0.1941041	0.4197782
157	2	1.120904	0.1941041	0.4197782
157	3	1.120904	0.1941041	0.4197782
158	1	1.120904	0.1941041	0.4197782
158	2	1.120904	0.1941041	0.4197782
158	3	1.120904	0.1941041	0.4197782
158	4	1.120904	0.1941041	0.4197782
159	1	1.120904	0.1941041	0.4197782
159	2	1.120904	0.1941041	0.4197782
159	3	1.120904	0.1941041	0.4197782
159	4	1.120904	0.1941041	0.4197782
160	1	1.120904	0.1941041	0.4197782
160	2	1.120904	0.1941041	0.4197782
160	3	1.120904	0.1941041	0.4197782
160	4	1.120904	0.1941041	0.4197782
161	1	1.120904	0.1941041	0.4197782
161	2	1.120904	0.1941041	0.4197782
161	3	1.120904	0.1941041	0.4197782
161	4	1.120904	0.1941041	0.4197782
162	1	1.120904	0.1941041	0.4197782
162	2	1.120904	0.1941041	0.4197782
162	3	1.120904	0.1941041	0.4197782
162	4	1.120904	0.1941041	0.4197782
163	1	1.120904	0.1941041	0.4197782
163	2	1.120904	0.1941041	0.4197782
163	3	1.120904	0.1941041	0.4197782
163	4	1.120904	0.1941041	0.4197782
164	1	1.120904	0.1941041	0.4197782
164	2	1.120904	0.1941041	0.4197782
164	3	1.120904	0.1941041	0.4197782
164	4	1.120904	0.1941041	0.4197782
165	1	1.120904	0.1941041	0.4197782
165	2	1.120904	0.1941041	0.4197782
165	3	1.120904	0.1941041	0.4197782
165	4	1.120904	0.1941041	0.4197782
166	1	1.120904	0.1941041	0.4197782
166	2	1.120904	0.1941041	0.4197782
166	3	1.120904	0.1941041	0.4197782
166	4	1.120904	0.1941041	0.4197782
167	1	1.120904	0.1941041	0.4197782
167	2	1.120904	0.1941041	0.4197782
167	3	1.120904	0.1941041	0.4197782
167	4	1.120904	0.1941041	0.4197782
169	1	1.374866	0.1181419	0.4241394
169	2	-0.1702482	0.5802992	0.3976055
169	4	-0.1702482	0.5802992	0.3976055
170	1	1.120904	0.1941041	0.4197782
170	2	1.120904	0.1941041	0.4197782
170	4	1.120904	0.1941041	0.4197782
171	1	1.120904	0.1941041	0.4197782
171	2	1.120904	0.1941041	0.4197782
171	4	1.120904	0.1941041	0.4197782
172	1	1.120904	0.1941041	0.4197782
172	2	1.120904	0.1941041	0.4197782
173	1	-0.1398815	0.5712163	0.398127
173	2	-0.1398815	0.5712163	0.398127
173	4	1.245318	0.1568909	0.4219147
174	1	1.120904	0.1941041	0.4197782
174	2	1.120904	0.1941041	0.4197782
174	4	1.120904	0.1941041	0.4197782
175	1	1.120904	0.1941041	0.4197782
175	2	1.120904	0.1941041	0.4197782
175	4	1.120904	0.1941041	0.4197782
176	1	1.120904	0.1941041	0.4197782
176	2	1.120904	0.1941041	0.4197782
176	4	1.120904	0.1941041	0.4197782
177	1	-0.1551758	0.575791	0.3978644
177	2	-0.1551758	0.575791	0.3978644
177	3	1.408068	0.108211	0.4247096
177	4	-0.1551758	0.575791	0.3978644
178	1	1.120904	0.1941041	0.4197782
178	2	1.120904	0.1941041	0.4197782
178	3	1.120904	0.1941041	0.4197782
178	4	1.120904	0.1941041	0.4197782
179	1	1.120904	0.1941041	0.4197782
179	2	1.120904	0.1941041	0.4197782
179	3	1.120904	0.1941041	0.4197782
179	4	1.120904	0.1941041	0.4197782
180	1	1.120904	0.1941041	0.4197782
180	2	1.120904	0.1941041	0.4197782
180	3	1.120904	0.1941041	0.4197782
180	4	1.120904	0.1941041	0.4197782
181	1	1.120904	0.1941041	0.4197782
181	2	1.120904	0.1941041	0.4197782
181	3	1.120904	0.1941041	0.4197782
181	4	1.120904	0.1941041	0.4197782
182	1	1.120904	0.1941041	0.4197782
182	2	1.120904	0.1941041	0.4197782
182	3	1.120904	0.1941041	0.4197782
182	4	1.120904	0.1941041	0.4197782
183	1	1.120904	0.1941041	0.4197782
183	2	1.120904	0.1941041	0.4197782
183	3	1.120904	0.1941041	0.4197782
183	4	1.120904	0.1941041	0.4197782
184	1	1.120904	0.1941041	0.4197782
184	2	1.120904	0.1941041	0.4197782
184	3	1.120904	0.1941041	0.4197782
184	4	1.120904	0.1941041	0.4197782
185	1	1.120904	0.1941041	0.4197782
185	2	1.120904	0.1941041	0.4197782
185	3	1.120904	0.1941041	0.4197782
185	4	1.120904	0.1941041	0.4197782
186	1	1.120904	0.1941041	0.4197782
186	2	1.120904	0.1941041	0.4197782
186	3	1.120904	0.1941041	0.4197782
186	4	1.120904	0.1941041	0.4197782
187	1	1.120904	0.1941041	0.4197782
187	2	1.120904	0.1941041	0.4197782
187	3	1.120904	0.1941041	0.4197782
187	4	1.120904	0.1941041	0.4197782
188	1	1.120904	0.1941041	0.4197782
188	2	1.120904	0.1941041	0.4197782
188	3	1.120904	0.1941041	0.4197782
188	4	1.120904	0.1941041	0.4197782
189	1	1.120904	0.1941041	0.4197782
189	2	1.120904	0.1941041	0.4197782
189	3	1.120904	0.1941041	0.4197782
189	4	1.120904	0.1941041	0.4197782
190	1	1.120904	0.1941041	0.4197782
190	2	1.120904	0.1941041	0.4197782
190	3	1.120904	0.1941041	0.4197782
190	4	1.120904	0.1941041	0.4197782
191	1	1.120904	0.1941041	0.4197782
191	2	1.120904	0.1941041	0.4197782
191	3	1.120904	0.1941041	0.4197782
191	4	1.120904	0.1941041	0.4197782
192	1	1.120904	0.1941041	0.4197782
192	2	1.120904	0.1941041	0.4197782
192	3	1.120904	0.1941041	0.4197782
192	4	1.120904	0.1941041	0.4197782
193	1	1.120904	0.1941041	0.4197782
193	2	1.120904	0.1941041	0.4197782
193	3	1.120904	0.1941041	0.4197782
193	4	1.120904	0.1941041	0.4197782
194	1	1.120904	0.1941041	0.4197782
194	2	1.120904	0.1941041	0.4197782
194	3	1.120904	0.1941041	0.4197782
194	4	1.120904	0.1941041	0.4197782
195	1	1.120904	0.1941041	0.4197782
195	2	1.120904	0.1941041	0.4197782
195	3	1.120904	0.1941041	0.4197782
195	4	1.120904	0.1941041	0.4197782
196	1	1.120904	0.1941041	0.4197782
196	3	1.120904	0.1941041	0.4197782
197	1	1.120904	0.1941041	0.4197782
197	3	1.120904	0.1941041	0.4197782
198	1	1.309443	0.1377103	0.4230159
198	2	-0.1997335	0.5891185	0.3970992
198	3	1.309443	0.1377103	0.4230160
198	4	-0.1997335	0.5891185	0.3970992
199	1	1.309443	0.1377103	0.4230159
199	2	-0.1997335	0.5891185	0.3970992
199	3	1.309443	0.1377103	0.4230160
199	4	-0.1997335	0.5891185	0.3970992
200	1	1.309443	0.1377103	0.4230159
200	2	-0.1997335	0.5891185	0.3970992
200	3	1.309443	0.1377103	0.4230160
200	4	-0.1997335	0.5891185	0.3970992
202	1	-0.1551758	0.575791	0.3978644
202	2	-0.1551758	0.575791	0.3978644
202	3	1.408068	0.108211	0.4247096
202	4	-0.1551758	0.575791	0.3978644
203	1	-0.1551758	0.575791	0.3978644
203	2	-0.1551758	0.575791	0.3978644
203	3	1.408068	0.108211	0.4247096
203	4	-0.1551758	0.575791	0.3978644
204	1	1.120904	0.1941041	0.4197782
204	2	1.120904	0.1941041	0.4197782
204	3	1.120904	0.1941041	0.4197782
204	4	1.120904	0.1941041	0.4197782
205	1	1.120904	0.1941041	0.4197782
205	2	1.120904	0.1941041	0.4197782
205	3	1.120904	0.1941041	0.4197782
205	4	1.120904	0.1941041	0.4197782
206	1	1.120904	0.1941041	0.4197782
206	2	1.120904	0.1941041	0.4197782
206	3	1.120904	0.1941041	0.4197782
206	4	1.120904	0.1941041	0.4197782
207	1	1.120904	0.1941041	0.4197782
207	2	1.120904	0.1941041	0.4197782
207	3	1.120904	0.1941041	0.4197782
207	4	1.120904	0.1941041	0.4197782
208	1	1.120904	0.1941041	0.4197782
208	2	1.120904	0.1941041	0.4197782
208	3	1.120904	0.1941041	0.4197782
208	4	1.120904	0.1941041	0.4197782
209	1	1.120904	0.1941041	0.4197782
209	2	1.120904	0.1941041	0.4197782
209	3	1.120904	0.1941041	0.4197782
209	4	1.120904	0.1941041	0.4197782
210	1	1.120904	0.1941041	0.4197782
210	2	1.120904	0.1941041	0.4197782
210	3	1.120904	0.1941041	0.4197782
210	4	1.120904	0.1941041	0.4197782
211	1	1.120904	0.1941041	0.4197782
211	2	1.120904	0.1941041	0.4197782
211	3	1.120904	0.1941041	0.4197782
211	4	1.120904	0.1941041	0.4197782
212	1	1.120904	0.1941041	0.4197782
212	2	1.120904	0.1941041	0.4197782
212	3	1.120904	0.1941041	0.4197782
212	4	1.120904	0.1941041	0.4197782
213	1	1.120904	0.1941041	0.4197782
213	2	1.120904	0.1941041	0.4197782
213	3	1.120904	0.1941041	0.4197782
213	4	1.120904	0.1941041	0.4197782
214	1	1.120904	0.1941041	0.4197782
214	2	1.120904	0.1941041	0.4197782
214	3	1.120904	0.1941041	0.4197782
214	4	1.120904	0.1941041	0.4197782
215	1	1.120904	0.1941041	0.4197782
215	2	1.120904	0.1941041	0.4197782
215	3	1.120904	0.1941041	0.4197782
215	4	1.120904	0.1941041	0.4197782
216	1	1.120904	0.1941041	0.4197782
216	2	1.120904	0.1941041	0.4197782
216	3	1.120904	0.1941041	0.4197782
216	4	1.120904	0.1941041	0.4197782
217	1	1.120904	0.1941041	0.4197782
217	2	1.120904	0.1941041	0.4197782
217	3	1.120904	0.1941041	0.4197782
217	4	1.120904	0.1941041	0.4197782
218	1	1.120904	0.1941041	0.4197782
218	2	1.120904	0.1941041	0.4197782
218	3	1.120904	0.1941041	0.4197782
218	4	1.120904	0.1941041	0.4197782
219	1	1.120904	0.1941041	0.4197782
219	2	1.120904	0.1941041	0.4197782
219	3	1.120904	0.1941041	0.4197782
219	4	1.120904	0.1941041	0.4197782
220	1	1.120904	0.1941041	0.4197782
220	2	1.120904	0.1941041	0.4197782
220	3	1.120904	0.1941041	0.4197782
220	4	1.120904	0.1941041	0.4197782
221	1	1.120904	0.1941041	0.4197782
221	2	1.120904	0.1941041	0.4197782
221	3	1.120904	0.1941041	0.4197782
221	4	1.120904	0.1941041	0.4197782
222	1	1.120904	0.1941041	0.4197782
222	2	1.120904	0.1941041	0.4197782
222	3	1.120904	0.1941041	0.4197782
222	4	1.120904	0.1941041	0.4197782
223	1	1.120904	0.1941041	0.4197782
223	2	1.120904	0.1941041	0.4197782
223	3	1.120904	0.1941041	0.4197782
223	4	1.120904	0.1941041	0.4197782
224	2	1.120904	0.1941041	0.4197782
224	3	1.120904	0.1941041	0.4197782
225	1	1.408068	0.108211	0.4247096
225	2	-0.1551759	0.575791	0.3978644
225	3	-0.1551759	0.575791	0.3978644
225	4	-0.1551759	0.575791	0.3978644
226	1	1.408068	0.108211	0.4247096
226	2	-0.1551759	0.575791	0.3978644
226	3	-0.1551759	0.575791	0.3978644
226	4	-0.1551759	0.575791	0.3978644
227	1	1.408068	0.108211	0.4247096
227	2	-0.1551759	0.575791	0.3978644
227	3	-0.1551759	0.575791	0.3978644
227	4	-0.1551759	0.575791	0.3978644
228	1	1.408068	0.108211	0.4247096
228	2	-0.1551759	0.575791	0.3978644
228	3	-0.1551759	0.575791	0.3978644
228	4	-0.1551759	0.575791	0.3978644
229	1	1.408068	0.108211	0.4247096
229	2	-0.1551759	0.575791	0.3978644
229	3	-0.1551759	0.575791	0.3978644
229	4	-0.1551759	0.575791	0.3978644
230	1	1.408068	0.108211	0.4247096
230	2	-0.1551759	0.575791	0.3978644
230	3	-0.1551759	0.575791	0.3978644
230	4	-0.1551759	0.575791	0.3978644
231	1	1.408068	0.108211	0.4247096
231	2	-0.1551759	0.575791	0.3978644
231	3	-0.1551759	0.575791	0.3978644
231	4	-0.1551759	0.575791	0.3978644
232	1	1.120904	0.1941041	0.4197782
232	2	1.120904	0.1941041	0.4197782
232	3	1.120904	0.1941041	0.4197782
232	4	1.120904	0.1941041	0.4197782
233	1	1.120904	0.1941041	0.4197782
233	2	1.120904	0.1941041	0.4197782
233	3	1.120904	0.1941041	0.4197782
233	4	1.120904	0.1941041	0.4197782
234	1	1.120904	0.1941041	0.4197782
234	2	1.120904	0.1941041	0.4197782
234	3	1.120904	0.1941041	0.4197782
234	4	1.120904	0.1941041	0.4197782
235	1	1.120904	0.1941041	0.4197782
235	2	1.120904	0.1941041	0.4197782
235	3	1.120904	0.1941041	0.4197782
235	4	1.120904	0.1941041	0.4197782
236	1	1.120904	0.1941041	0.4197782
236	2	1.120904	0.1941041	0.4197782
236	3	1.120904	0.1941041	0.4197782
236	4	1.120904	0.1941041	0.4197782
237	1	1.120904	0.1941041	0.4197782
237	2	1.120904	0.1941041	0.4197782
237	3	1.120904	0.1941041	0.4197782
237	4	1.120904	0.1941041	0.4197782
238	1	1.120904	0.1941041	0.4197782
238	2	1.120904	0.1941041	0.4197782
238	3	1.120904	0.1941041	0.4197782
238	4	1.120904	0.1941041	0.4197782
239	1	1.120904	0.1941041	0.4197782
239	2	1.120904	0.1941041	0.4197782
239	3	1.120904	0.1941041	0.4197782
239	4	1.120904	0.1941041	0.4197782
240	1	1.120904	0.1941041	0.4197782
240	2	1.120904	0.1941041	0.4197782
240	3	1.120904	0.1941041	0.4197782
240	4	1.120904	0.1941041	0.4197782
241	1	1.120904	0.1941041	0.4197782
241	2	1.120904	0.1941041	0.4197782
241	3	1.120904	0.1941041	0.4197782
241	4	1.120904	0.1941041	0.4197782
242	1	1.120904	0.1941041	0.4197782
242	2	1.120904	0.1941041	0.4197782
242	3	1.120904	0.1941041	0.4197782
242	4	1.120904	0.1941041	0.4197782
243	1	1.120904	0.1941041	0.4197782
243	2	1.120904	0.1941041	0.4197782
243	3	1.120904	0.1941041	0.4197782
243	4	1.120904	0.1941041	0.4197782
244	1	1.120904	0.1941041	0.4197782
244	2	1.120904	0.1941041	0.4197782
244	3	1.120904	0.1941041	0.4197782
244	4	1.120904	0.1941041	0.4197782
245	1	1.120904	0.1941041	0.4197782
245	2	1.120904	0.1941041	0.4197782
245	3	1.120904	0.1941041	0.4197782
245	4	1.120904	0.1941041	0.4197782
246	1	1.120904	0.1941041	0.4197782
246	2	1.120904	0.1941041	0.4197782
246	3	1.120904	0.1941041	0.4197782
246	4	1.120904	0.1941041	0.4197782
247	1	1.120904	0.1941041	0.4197782
247	2	1.120904	0.1941041	0.4197782
247	3	1.120904	0.1941041	0.4197782
247	4	1.120904	0.1941041	0.4197782
248	1	1.120904	0.1941041	0.4197782
248	2	1.120904	0.1941041	0.4197782
248	3	1.120904	0.1941041	0.4197782
248	4	1.120904	0.1941041	0.4197782
249	1	1.120904	0.1941041	0.4197782
249	2	1.120904	0.1941041	0.4197782
249	3	1.120904	0.1941041	0.4197782
249	4	1.120904	0.1941041	0.4197782
250	1	1.120904	0.1941041	0.4197782
250	2	1.120904	0.1941041	0.4197782
250	3	1.120904	0.1941041	0.4197782
250	4	1.120904	0.1941041	0.4197782
251	1	1.120904	0.1941041	0.4197782
251	2	1.120904	0.1941041	0.4197782
251	3	1.120904	0.1941041	0.4197782
251	4	1.120904	0.1941041	0.4197782
252	1	1.120904	0.1941041	0.4197782
252	2	1.120904	0.1941041	0.4197782
252	3	1.120904	0.1941041	0.4197782
253	1	1.120904	0.1941041	0.4197782
253	2	1.120904	0.1941041	0.4197782
253	3	1.120904	0.1941041	0.4197782
254	1	1.120904	0.1941041	0.4197782
254	2	1.120904	0.1941041	0.4197782
254	3	1.120904	0.1941041	0.4197782
255	1	1.120904	0.1941041	0.4197782
255	2	1.120904	0.1941041	0.4197782
255	3	1.120904	0.1941041	0.4197782
256	1	1.120904	0.1941041	0.4197782
256	2	1.120904	0.1941041	0.4197782
256	3	1.120904	0.1941041	0.4197782
256	4	1.120904	0.1941041	0.4197782
257	1	1.120904	0.1941041	0.4197782
257	2	1.120904	0.1941041	0.4197782
257	3	1.120904	0.1941041	0.4197782
257	4	1.120904	0.1941041	0.4197782
258	1	1.120904	0.1941041	0.4197782
258	2	1.120904	0.1941041	0.4197782
258	3	1.120904	0.1941041	0.4197782
258	4	1.120904	0.1941041	0.4197782
259	1	1.120904	0.1941041	0.4197782
259	2	1.120904	0.1941041	0.4197782
259	3	1.120904	0.1941041	0.4197782
259	4	1.120904	0.1941041	0.4197782
260	1	1.120904	0.1941041	0.4197782
260	2	1.120904	0.1941041	0.4197782
260	3	1.120904	0.1941041	0.4197782
260	4	1.120904	0.1941041	0.4197782
261	1	1.120904	0.1941041	0.4197782
261	2	1.120904	0.1941041	0.4197782
261	3	1.120904	0.1941041	0.4197782
261	4	1.120904	0.1941041	0.4197782
262	2	1.120904	0.1941041	0.4197782
262	3	1.120904	0.1941041	0.4197782
262	4	1.120904	0.1941041	0.4197782
263	2	1.120904	0.1941041	0.4197782
263	3	1.120904	0.1941041	0.4197782
263	4	1.120904	0.1941041	0.4197782
264	2	1.120904	0.1941041	0.4197782
264	3	1.120904	0.1941041	0.4197782
264	4	1.120904	0.1941041	0.4197782
265	2	1.120904	0.1941041	0.4197782
265	3	1.120904	0.1941041	0.4197782
265	4	1.120904	0.1941041	0.4197782
266	1	1.120904	0.1941041	0.4197782
266	2	1.120904	0.1941041	0.4197782
266	3	1.120904	0.1941041	0.4197782
266	4	1.120904	0.1941041	0.4197782
267	1	1.120904	0.1941041	0.4197782
267	2	1.120904	0.1941041	0.4197782
267	3	1.120904	0.1941041	0.4197782
267	4	1.120904	0.1941041	0.4197782
268	1	1.120904	0.1941041	0.4197782
268	2	1.120904	0.1941041	0.4197782
268	3	1.120904	0.1941041	0.4197782
268	4	1.120904	0.1941041	0.4197782
269	1	1.120904	0.1941041	0.4197782
269	2	1.120904	0.1941041	0.4197782
269	3	1.120904	0.1941041	0.4197782
269	4	1.120904	0.1941041	0.4197782
270	1	1.120904	0.1941041	0.4197782
270	2	1.120904	0.1941041	0.4197782
270	3	1.120904	0.1941041	0.4197782
270	4	1.120904	0.1941041	0.4197782
271	1	1.120904	0.1941041	0.4197782
271	2	1.120904	0.1941041	0.4197782
271	3	1.120904	0.1941041	0.4197782
271	4	1.120904	0.1941041	0.4197782
272	1	1.120904	0.1941041	0.4197782
272	2	1.120904	0.1941041	0.4197782
272	3	1.120904	0.1941041	0.4197782
272	4	1.120904	0.1941041	0.4197782
273	1	1.120904	0.1941041	0.4197782
273	2	1.120904	0.1941041	0.4197782
273	3	1.120904	0.1941041	0.4197782
273	4	1.120904	0.1941041	0.4197782
274	1	1.120904	0.1941041	0.4197782
274	2	1.120904	0.1941041	0.4197782
274	3	1.120904	0.1941041	0.4197782
274	4	1.120904	0.1941041	0.4197782
275	1	1.120904	0.1941041	0.4197782
275	2	1.120904	0.1941041	0.4197782
275	3	1.120904	0.1941041	0.4197782
275	4	1.120904	0.1941041	0.4197782
276	1	1.120904	0.1941041	0.4197782
276	2	1.120904	0.1941041	0.4197782
276	4	1.120904	0.1941041	0.4197782
277	1	1.120904	0.1941041	0.4197782
277	2	1.120904	0.1941041	0.4197782
277	4	1.120904	0.1941041	0.4197782
278	1	1.309443	0.1377103	0.4230159
278	4	-0.1997335	0.5891185	0.3970992
279	1	1.309443	0.1377103	0.4230159
279	4	-0.1997335	0.5891185	0.3970992
280	1	1.309443	0.1377103	0.4230159
280	4	-0.1997335	0.5891185	0.3970992
286	3	1.120904	0.1941041	0.4197782
286	4	1.120904	0.1941041	0.4197782
