1	1	1.120904	0.1941041	0.4197782
1	2	1.120904	0.1941041	0.4197782
1	3	1.120904	0.1941041	0.4197782
1	4	1.120904	0.1941041	0.4197782
1	5	1.120904	0.1941041	0.4197782
1	6	1.120904	0.1941041	0.4197782
1	7	1.120904	0.1941041	0.4197782
22	3	1.162536	0.1816516	0.4204931
22	4	-0.1508183	0.5744876	0.3979392
22	7	1.162536	0.1816516	0.4204931
23	3	1.162536	0.1816516	0.4204931
23	4	-0.1508183	0.5744876	0.3979392
23	7	1.162536	0.1816516	0.4204931
24	3	1.162536	0.1816516	0.4204931
24	4	-0.1508183	0.5744876	0.3979392
24	7	1.162536	0.1816516	0.4204931
25	2	0.1034169	0.5314793	0.07493641
25	3	0.0956013	0.4084901	1.316733
25	4	1.243545	0.1767551	0.2302921
25	7	0.0956013	0.4084901	1.316733
26	1	1.140637	0.2108842	0.1953443
26	2	-0.2583604	0.5704343	0.7550164
26	3	1.140637	0.2108842	0.1953443
26	4	1.140637	0.2108842	0.1953443
26	5	1.140637	0.2108842	0.1953443
26	6	1.140637	0.2108842	0.1953443
26	7	1.140637	0.2108842	0.1953443
27	1	1.140637	0.2108842	0.1953443
27	2	-0.2583604	0.5704343	0.7550164
27	3	1.140637	0.2108842	0.1953443
27	4	1.140637	0.2108842	0.1953443
27	5	1.140637	0.2108842	0.1953443
27	6	1.140637	0.2108842	0.1953443
27	7	1.140637	0.2108842	0.1953443
28	1	1.140637	0.2108842	0.1953443
28	2	-0.2583604	0.5704343	0.7550164
28	3	1.140637	0.2108842	0.1953443
28	4	1.140637	0.2108842	0.1953443
28	5	1.140637	0.2108842	0.1953443
28	6	1.140637	0.2108842	0.1953443
28	7	1.140637	0.2108842	0.1953443
29	1	0.877198	0.2322526	0.7599113
29	3	0.877198	0.2322526	0.7599113
29	5	0.877198	0.2322526	0.7599113
29	7	0.02850502	0.5450284	0.1614257
30	1	0.7065607	0.3567234	0.02930778
30	2	-0.3148697	0.5539706	1.084689
30	3	0.7065607	0.3567234	0.02930778
30	4	-0.02363239	0.4362523	1.392988
30	5	0.7065607	0.3567234	0.02930778
30	6	-0.02363239	0.4362523	1.392988
30	7	0.7700811	0.3392776	0.01500106
31	1	1.193418	0.2010656	0.1371038
31	2	0.1662023	0.3882451	1.309301
31	4	0.1245118	0.3982415	1.333098
31	5	1.193418	0.2010656	0.1371038
31	6	0.1245118	0.3982415	1.333098
31	7	-0.05372025	0.5728375	0.1281564
32	1	1.060758	0.2445061	0.09756025
32	2	1.000012	0.2013330	0.7043947
32	4	1.060758	0.2445061	0.09756025
32	5	1.060758	0.2445061	0.09756025
32	6	1.060758	0.2445061	0.09756025
32	7	-0.4058066	0.6001842	0.8947115
33	1	1.093419	0.2302394	0.1426891
33	2	-0.2741247	0.5615533	0.8894787
33	4	1.093419	0.2302394	0.1426891
33	5	1.093419	0.2302394	0.1426892
33	6	1.093419	0.2302394	0.1426892
34	1	1.093419	0.2302394	0.1426891
34	2	-0.2741247	0.5615533	0.8894787
34	4	1.093419	0.2302394	0.1426891
34	5	1.093419	0.2302394	0.1426892
34	6	1.093419	0.2302394	0.1426892
35	1	1.011351	0.2591915	0.0976304
35	2	-0.2723821	0.5464417	1.034092
35	5	1.011351	0.2591915	0.0976304
35	6	1.011351	0.2591915	0.0976304
36	1	1.011351	0.2591915	0.0976304
36	2	-0.2723821	0.5464417	1.034092
36	5	1.011351	0.2591915	0.0976304
36	6	1.011351	0.2591915	0.0976304
37	1	1.138577	0.1869365	0.4387274
37	2	0.03244675	0.4240955	1.348199
37	3	1.138577	0.1869365	0.4387274
37	4	0.05477119	0.5430457	0.1036703
37	5	1.138577	0.1869365	0.4387274
37	6	1.138577	0.1869365	0.4387274
38	1	1.095165	0.2293542	0.1463144
38	2	-0.2754062	0.5626499	0.882388
38	3	1.095165	0.2293542	0.1463144
38	4	1.095165	0.2293542	0.1463144
38	5	1.095165	0.2293542	0.1463144
38	6	1.095165	0.2293542	0.1463144
39	1	1.127803	0.1935943	0.4045006
39	2	-0.02064159	0.4392359	1.354608
39	3	1.127803	0.1935943	0.4045005
39	4	1.127803	0.1935943	0.4045005
39	5	1.127803	0.1935943	0.4045005
39	6	1.127803	0.1935943	0.4045005
39	7	0.5728136	0.3976148	0.01822611
40	1	1.127803	0.1935943	0.4045006
40	2	-0.02064159	0.4392359	1.354608
40	3	1.127803	0.1935943	0.4045005
40	4	1.127803	0.1935943	0.4045005
40	5	1.127803	0.1935943	0.4045005
40	6	1.127803	0.1935943	0.4045005
40	7	0.5728136	0.3976148	0.01822611
41	1	1.127803	0.1935943	0.4045006
41	2	-0.02064159	0.4392359	1.354608
41	3	1.127803	0.1935943	0.4045005
41	4	1.127803	0.1935943	0.4045005
41	5	1.127803	0.1935943	0.4045005
41	6	1.127803	0.1935943	0.4045005
41	7	0.5728136	0.3976148	0.01822611
42	2	0.8531044	0.3122613	0.03806267
42	4	0.8178667	0.320818	0.05711047
42	5	0.9442478	0.2217008	0.666889
42	6	0.9442478	0.2217008	0.666889
42	7	-0.2304247	0.5114735	1.256969
43	2	0.8531044	0.3122613	0.03806267
43	4	0.8178667	0.320818	0.05711047
43	5	0.9442478	0.2217008	0.666889
43	6	0.9442478	0.2217008	0.666889
43	7	-0.2304247	0.5114735	1.256969
44	2	0.8531044	0.3122613	0.03806267
44	4	0.8178667	0.320818	0.05711047
44	5	0.9442478	0.2217008	0.666889
44	6	0.9442478	0.2217008	0.666889
44	7	-0.2304247	0.5114735	1.256969
45	2	-0.2707232	0.5611437	0.8835135
45	4	1.098462	0.2287251	0.1428340
45	5	1.098462	0.2287251	0.1428340
45	6	1.098462	0.2287251	0.1428340
52	1	0.2526754	0.492017	0.02614602
52	2	0.05717996	0.4162671	1.35289
52	3	0.2526754	0.492017	0.02614602
52	4	0.0006684601	0.43119	1.371542
52	5	1.273863	0.1522623	0.3836641
52	6	0.0006684601	0.43119	1.371542
53	1	0.03694809	0.5491613	0.09558986
53	2	0.2494963	0.3692094	1.252480
53	4	0.1831763	0.3851420	1.290032
53	5	1.166774	0.2117734	0.1095110
53	6	0.1831763	0.3851420	1.290032
54	1	1.317379	0.1471246	0.3063408
54	4	-0.3003685	0.5392233	1.188095
54	5	0.06033696	0.5404823	0.1126715
55	1	0.4684393	0.4276877	0.02779340
55	2	0.125766	0.4043966	1.268408
55	3	0.4684393	0.4276877	0.02779340
55	4	0.125766	0.4043966	1.268408
55	5	0.1257660	0.4043966	1.268408
55	6	0.1257660	0.4043966	1.268408
55	7	0.4684393	0.4276877	0.02779340
56	1	1.120904	0.1941041	0.4197782
56	2	1.120904	0.1941041	0.4197782
56	3	1.120904	0.1941041	0.4197782
56	4	1.120904	0.1941041	0.4197782
56	5	1.120904	0.1941041	0.4197782
56	6	1.120904	0.1941041	0.4197782
56	7	1.120904	0.1941041	0.4197782
57	1	1.120904	0.1941041	0.4197782
57	2	1.120904	0.1941041	0.4197782
57	3	1.120904	0.1941041	0.4197782
57	4	1.120904	0.1941041	0.4197782
57	5	1.120904	0.1941041	0.4197782
57	6	1.120904	0.1941041	0.4197782
57	7	1.120904	0.1941041	0.4197782
58	1	1.120904	0.1941041	0.4197782
58	2	1.120904	0.1941041	0.4197782
58	3	1.120904	0.1941041	0.4197782
58	4	1.120904	0.1941041	0.4197782
58	5	1.120904	0.1941041	0.4197782
58	6	1.120904	0.1941041	0.4197782
58	7	1.120904	0.1941041	0.4197782
59	1	1.120904	0.1941041	0.4197782
59	2	1.120904	0.1941041	0.4197782
59	3	1.120904	0.1941041	0.4197782
59	4	1.120904	0.1941041	0.4197782
59	5	1.120904	0.1941041	0.4197782
59	6	1.120904	0.1941041	0.4197782
59	7	1.120904	0.1941041	0.4197782
60	1	1.120904	0.1941041	0.4197782
60	2	1.120904	0.1941041	0.4197782
60	3	1.120904	0.1941041	0.4197782
60	4	1.120904	0.1941041	0.4197782
60	5	1.120904	0.1941041	0.4197782
60	6	1.120904	0.1941041	0.4197782
60	7	1.120904	0.1941041	0.4197782
61	1	1.120904	0.1941041	0.4197782
61	2	1.120904	0.1941041	0.4197782
61	3	1.120904	0.1941041	0.4197782
61	4	1.120904	0.1941041	0.4197782
61	5	1.120904	0.1941041	0.4197782
61	6	1.120904	0.1941041	0.4197782
61	7	1.120904	0.1941041	0.4197782
62	1	1.120904	0.1941041	0.4197782
62	2	1.120904	0.1941041	0.4197782
62	3	1.120904	0.1941041	0.4197782
62	4	1.120904	0.1941041	0.4197782
62	5	1.120904	0.1941041	0.4197782
62	6	1.120904	0.1941041	0.4197782
62	7	1.120904	0.1941041	0.4197782
63	1	1.120904	0.1941041	0.4197782
63	2	1.120904	0.1941041	0.4197782
63	3	1.120904	0.1941041	0.4197782
63	4	1.120904	0.1941041	0.4197782
63	5	1.120904	0.1941041	0.4197782
63	6	1.120904	0.1941041	0.4197782
63	7	1.120904	0.1941041	0.4197782
64	1	1.120904	0.1941041	0.4197782
64	2	1.120904	0.1941041	0.4197782
64	3	1.120904	0.1941041	0.4197782
64	4	1.120904	0.1941041	0.4197782
64	5	1.120904	0.1941041	0.4197782
64	6	1.120904	0.1941041	0.4197782
64	7	1.120904	0.1941041	0.4197782
65	1	1.120904	0.1941041	0.4197782
65	2	1.120904	0.1941041	0.4197782
65	3	1.120904	0.1941041	0.4197782
65	4	1.120904	0.1941041	0.4197782
65	5	1.120904	0.1941041	0.4197782
65	6	1.120904	0.1941041	0.4197782
65	7	1.120904	0.1941041	0.4197782
66	1	1.120904	0.1941041	0.4197782
66	2	1.120904	0.1941041	0.4197782
66	3	1.120904	0.1941041	0.4197782
66	4	1.120904	0.1941041	0.4197782
66	5	1.120904	0.1941041	0.4197782
66	6	1.120904	0.1941041	0.4197782
66	7	1.120904	0.1941041	0.4197782
68	4	1.120904	0.1941041	0.4197782
68	7	1.120904	0.1941041	0.4197782
69	4	1.120904	0.1941041	0.4197782
69	7	1.120904	0.1941041	0.4197782
70	4	1.120904	0.1941041	0.4197782
70	7	1.120904	0.1941041	0.4197782
71	4	1.120904	0.1941041	0.4197782
71	7	1.120904	0.1941041	0.4197782
72	1	1.120904	0.1941041	0.4197782
72	2	1.120904	0.1941041	0.4197782
72	3	1.120904	0.1941041	0.4197782
72	4	1.120904	0.1941041	0.4197782
72	5	1.120904	0.1941041	0.4197782
72	6	1.120904	0.1941041	0.4197782
72	7	1.120904	0.1941041	0.4197782
73	1	1.120904	0.1941041	0.4197782
73	2	1.120904	0.1941041	0.4197782
73	3	1.120904	0.1941041	0.4197782
73	4	1.120904	0.1941041	0.4197782
73	5	1.120904	0.1941041	0.4197782
73	6	1.120904	0.1941041	0.4197782
73	7	1.120904	0.1941041	0.4197782
74	1	1.120904	0.1941041	0.4197782
74	2	1.120904	0.1941041	0.4197782
74	3	1.120904	0.1941041	0.4197782
74	4	1.120904	0.1941041	0.4197782
74	5	1.120904	0.1941041	0.4197782
74	6	1.120904	0.1941041	0.4197782
74	7	1.120904	0.1941041	0.4197782
75	1	1.120904	0.1941041	0.4197782
75	2	1.120904	0.1941041	0.4197782
75	3	1.120904	0.1941041	0.4197782
75	4	1.120904	0.1941041	0.4197782
75	5	1.120904	0.1941041	0.4197782
75	6	1.120904	0.1941041	0.4197782
75	7	1.120904	0.1941041	0.4197782
76	1	1.120904	0.1941041	0.4197782
76	2	1.120904	0.1941041	0.4197782
76	3	1.120904	0.1941041	0.4197782
76	4	1.120904	0.1941041	0.4197782
76	5	1.120904	0.1941041	0.4197782
76	6	1.120904	0.1941041	0.4197782
76	7	1.120904	0.1941041	0.4197782
77	1	1.120904	0.1941041	0.4197782
77	2	1.120904	0.1941041	0.4197782
77	3	1.120904	0.1941041	0.4197782
77	4	1.120904	0.1941041	0.4197782
77	5	1.120904	0.1941041	0.4197782
77	6	1.120904	0.1941041	0.4197782
77	7	1.120904	0.1941041	0.4197782
78	1	1.120904	0.1941041	0.4197782
78	2	1.120904	0.1941041	0.4197782
78	3	1.120904	0.1941041	0.4197782
78	4	1.120904	0.1941041	0.4197782
78	5	1.120904	0.1941041	0.4197782
78	6	1.120904	0.1941041	0.4197782
78	7	1.120904	0.1941041	0.4197782
79	2	1.120904	0.1941041	0.4197782
79	3	1.120904	0.1941041	0.4197782
79	4	1.120904	0.1941041	0.4197782
79	5	1.120904	0.1941041	0.4197782
79	6	1.120904	0.1941041	0.4197782
79	7	1.120904	0.1941041	0.4197782
80	2	1.120904	0.1941041	0.4197782
80	3	1.120904	0.1941041	0.4197782
80	4	1.120904	0.1941041	0.4197782
80	5	1.120904	0.1941041	0.4197782
80	6	1.120904	0.1941041	0.4197782
80	7	1.120904	0.1941041	0.4197782
81	1	1.117425	0.2206135	0.1673349
81	2	1.117425	0.2206134	0.1673349
81	3	1.117425	0.2206134	0.1673349
81	4	1.117425	0.2206134	0.1673349
81	5	1.117425	0.2206134	0.1673349
81	6	1.117425	0.2206135	0.1673349
81	7	-0.2700487	0.56679	0.825574
82	1	0.5342269	0.3048806	1.050889
82	5	0.5342269	0.3048806	1.050889
82	7	0.2078587	0.5012891	0.06633224
83	1	0.7248635	0.3511925	0.03017988
83	2	-0.1773707	0.4854761	1.358248
83	3	0.7248636	0.3511925	0.03017988
83	4	-0.1773707	0.4854761	1.358248
83	5	0.7248635	0.3511925	0.03017988
83	6	-0.1773707	0.4854761	1.358248
83	7	0.746489	0.3464840	0.01311155
88	1	1.117425	0.2206135	0.1673349
88	2	1.117425	0.2206134	0.1673349
88	3	1.117425	0.2206134	0.1673349
88	4	1.117425	0.2206134	0.1673349
88	5	1.117425	0.2206134	0.1673349
88	6	1.117425	0.2206135	0.1673349
88	7	-0.2700487	0.56679	0.825574
89	1	1.117425	0.2206135	0.1673349
89	2	1.117425	0.2206134	0.1673349
89	3	1.117425	0.2206134	0.1673349
89	4	1.117425	0.2206134	0.1673349
89	5	1.117425	0.2206134	0.1673349
89	6	1.117425	0.2206135	0.1673349
89	7	-0.2700487	0.56679	0.825574
90	1	1.117425	0.2206135	0.1673349
90	2	1.117425	0.2206134	0.1673349
90	3	1.117425	0.2206134	0.1673349
90	4	1.117425	0.2206134	0.1673349
90	5	1.117425	0.2206134	0.1673349
90	6	1.117425	0.2206135	0.1673349
90	7	-0.2700487	0.56679	0.825574
91	1	1.117425	0.2206135	0.1673349
91	2	1.117425	0.2206134	0.1673349
91	3	1.117425	0.2206134	0.1673349
91	4	1.117425	0.2206134	0.1673349
91	5	1.117425	0.2206134	0.1673349
91	6	1.117425	0.2206135	0.1673349
91	7	-0.2700487	0.56679	0.825574
92	1	1.117425	0.2206135	0.1673349
92	2	1.117425	0.2206134	0.1673349
92	3	1.117425	0.2206134	0.1673349
92	4	1.117425	0.2206134	0.1673349
92	5	1.117425	0.2206134	0.1673349
92	6	1.117425	0.2206135	0.1673349
92	7	-0.2700487	0.56679	0.825574
93	1	1.117425	0.2206135	0.1673349
93	2	1.117425	0.2206134	0.1673349
93	3	1.117425	0.2206134	0.1673349
93	4	1.117425	0.2206134	0.1673349
93	5	1.117425	0.2206134	0.1673349
93	6	1.117425	0.2206135	0.1673349
93	7	-0.2700487	0.56679	0.825574
94	1	1.117425	0.2206135	0.1673349
94	2	1.117425	0.2206134	0.1673349
94	3	1.117425	0.2206134	0.1673349
94	4	1.117425	0.2206134	0.1673349
94	5	1.117425	0.2206134	0.1673349
94	6	1.117425	0.2206135	0.1673349
94	7	-0.2700487	0.56679	0.825574
95	1	1.117425	0.2206135	0.1673349
95	2	1.117425	0.2206134	0.1673349
95	3	1.117425	0.2206134	0.1673349
95	4	1.117425	0.2206134	0.1673349
95	5	1.117425	0.2206134	0.1673349
95	6	1.117425	0.2206135	0.1673349
95	7	-0.2700487	0.56679	0.825574
96	1	1.072937	0.2374749	0.1313451
96	2	1.072937	0.2374749	0.1313451
96	3	1.072937	0.2374749	0.1313450
96	4	1.072937	0.2374749	0.1313450
96	5	1.072937	0.2374749	0.1313450
96	7	-0.2787988	0.559014	0.9284154
97	1	1.072937	0.2374749	0.1313451
97	2	1.072937	0.2374749	0.1313451
97	3	1.072937	0.2374749	0.1313450
97	4	1.072937	0.2374749	0.1313450
97	5	1.072937	0.2374749	0.1313450
97	7	-0.2787988	0.559014	0.9284154
98	1	0.5302336	0.3055819	1.055707
98	2	0.5302335	0.3055819	1.055707
98	3	0.5302336	0.3055819	1.055707
98	4	0.5302336	0.3055819	1.055707
98	5	0.5302336	0.3055819	1.055707
98	6	0.1898745	0.5086008	0.04687335
98	7	0.2208606	0.4964022	0.07644385
99	1	1.120904	0.1941041	0.4197782
99	2	1.120904	0.1941041	0.4197782
99	3	1.120904	0.1941041	0.4197782
99	4	1.120904	0.1941041	0.4197782
99	5	1.120904	0.1941041	0.4197782
99	6	1.120904	0.1941041	0.4197782
99	7	1.120904	0.1941041	0.4197782
100	1	1.120904	0.1941041	0.4197782
100	2	1.120904	0.1941041	0.4197782
100	3	1.120904	0.1941041	0.4197782
100	4	1.120904	0.1941041	0.4197782
100	5	1.120904	0.1941041	0.4197782
100	6	1.120904	0.1941041	0.4197782
100	7	1.120904	0.1941041	0.4197782
101	1	1.120904	0.1941041	0.4197782
101	2	1.120904	0.1941041	0.4197782
101	3	1.120904	0.1941041	0.4197782
101	4	1.120904	0.1941041	0.4197782
101	5	1.120904	0.1941041	0.4197782
101	6	1.120904	0.1941041	0.4197782
101	7	1.120904	0.1941041	0.4197782
102	1	1.120904	0.1941041	0.4197782
102	2	1.120904	0.1941041	0.4197782
102	3	1.120904	0.1941041	0.4197782
102	4	1.120904	0.1941041	0.4197782
102	5	1.120904	0.1941041	0.4197782
102	6	1.120904	0.1941041	0.4197782
102	7	1.120904	0.1941041	0.4197782
103	1	-0.1359374	0.5700366	0.3981948
103	2	-0.1147503	0.5636993	0.3985586
103	3	-0.1359374	0.5700366	0.3981948
103	4	-0.1147503	0.5636993	0.3985586
103	5	-0.1359374	0.5700366	0.3981948
103	6	-0.1147503	0.5636993	0.3985586
103	7	1.322305	0.1338633	0.4232368
104	1	1.212510	0.1718916	0.3699454
104	2	1.116653	0.1899048	0.4739198
104	4	0.02640782	0.4312229	1.295365
104	5	1.212510	0.1718916	0.3699454
104	6	0.02640782	0.4312229	1.295365
104	7	-0.05174888	0.5680397	0.1698913
105	1	1.143113	0.1758999	0.5347288
105	3	1.143113	0.1758999	0.5347288
105	5	0.3607937	0.3378292	1.235466
105	7	-0.04364802	0.5697284	0.1292843
106	1	1.143113	0.1758999	0.5347288
106	3	1.143113	0.1758999	0.5347288
106	5	0.3607937	0.3378292	1.235466
106	7	-0.04364802	0.5697284	0.1292843
107	1	0.4592671	0.4320336	0.01175696
107	2	0.8631605	0.2262853	0.8604109
107	3	0.4592671	0.4320336	0.01175696
107	4	0.861365	0.2264817	0.8637558
107	5	0.9346752	0.2860999	0.05693274
107	6	0.861365	0.2264817	0.8637558
107	7	-0.4004222	0.6004213	0.8764949
109	2	0.4392125	0.4366981	0.02463245
109	4	1.081091	0.1944774	0.5334021
109	5	-0.2657124	0.5358258	1.119636
109	6	1.081091	0.1944774	0.5334021
110	2	0.4392125	0.4366981	0.02463245
110	4	1.081091	0.1944774	0.5334021
110	5	-0.2657124	0.5358258	1.119636
110	6	1.081091	0.1944774	0.5334021
111	2	0.4392125	0.4366981	0.02463245
111	4	1.081091	0.1944774	0.5334021
111	5	-0.2657124	0.5358258	1.119636
111	6	1.081091	0.1944774	0.5334021
112	2	0.4392125	0.4366981	0.02463245
112	4	1.081091	0.1944774	0.5334021
112	5	-0.2657124	0.5358258	1.119636
112	6	1.081091	0.1944774	0.5334021
113	1	0.3460692	0.4651372	0.01729443
113	2	-0.1689980	0.4797087	1.390727
113	3	0.3460692	0.4651372	0.01729443
113	4	0.4548337	0.3184114	1.150765
113	5	1.044042	0.1982643	0.605056
113	6	0.4548337	0.3184114	1.150765
114	1	0.5721335	0.3979656	0.01675371
114	2	-0.04237187	0.4406183	1.404945
114	3	0.5721336	0.3979656	0.01675371
114	4	0.01191404	0.4364797	1.285984
114	5	0.5650652	0.3981761	0.03549779
114	6	0.01191403	0.4364797	1.285984
115	1	-0.1299262	0.5682386	0.398298
115	3	-0.1299262	0.5682386	0.398298
115	4	1.204751	0.1690247	0.4212181
115	5	1.162536	0.1816516	0.4204931
115	7	-0.1299262	0.5682386	0.398298
116	1	-0.1299262	0.5682386	0.398298
116	3	-0.1299262	0.5682386	0.398298
116	4	1.204751	0.1690247	0.4212181
116	5	1.162536	0.1816516	0.4204931
116	7	-0.1299262	0.5682386	0.398298
117	1	-0.1299262	0.5682386	0.398298
117	3	-0.1299262	0.5682386	0.398298
117	4	1.204751	0.1690247	0.4212181
117	5	1.162536	0.1816516	0.4204931
117	7	-0.1299262	0.5682386	0.398298
118	1	1.120904	0.1941041	0.4197782
118	2	1.120904	0.1941041	0.4197782
118	3	1.120904	0.1941041	0.4197782
118	4	1.120904	0.1941041	0.4197782
118	5	1.120904	0.1941041	0.4197782
118	6	1.120904	0.1941041	0.4197782
118	7	1.120904	0.1941041	0.4197782
119	1	1.120904	0.1941041	0.4197782
119	2	1.120904	0.1941041	0.4197782
119	3	1.120904	0.1941041	0.4197782
119	4	1.120904	0.1941041	0.4197782
119	5	1.120904	0.1941041	0.4197782
119	6	1.120904	0.1941041	0.4197782
119	7	1.120904	0.1941041	0.4197782
120	1	1.120904	0.1941041	0.4197782
120	2	1.120904	0.1941041	0.4197782
120	3	1.120904	0.1941041	0.4197782
120	4	1.120904	0.1941041	0.4197782
120	5	1.120904	0.1941041	0.4197782
120	6	1.120904	0.1941041	0.4197782
120	7	1.120904	0.1941041	0.4197782
121	1	1.120904	0.1941041	0.4197782
121	2	1.120904	0.1941041	0.4197782
121	3	1.120904	0.1941041	0.4197782
121	4	1.120904	0.1941041	0.4197782
121	5	1.120904	0.1941041	0.4197782
121	6	1.120904	0.1941041	0.4197782
121	7	1.120904	0.1941041	0.4197782
122	1	1.120904	0.1941041	0.4197782
122	2	1.120904	0.1941041	0.4197782
122	3	1.120904	0.1941041	0.4197782
122	4	1.120904	0.1941041	0.4197782
122	5	1.120904	0.1941041	0.4197782
122	6	1.120904	0.1941041	0.4197782
122	7	1.120904	0.1941041	0.4197782
123	1	1.120904	0.1941041	0.4197782
123	2	1.120904	0.1941041	0.4197782
123	3	1.120904	0.1941041	0.4197782
123	4	1.120904	0.1941041	0.4197782
123	5	1.120904	0.1941041	0.4197782
123	6	1.120904	0.1941041	0.4197782
123	7	1.120904	0.1941041	0.4197782
125	1	1.120904	0.1941041	0.4197782
125	3	1.120904	0.1941041	0.4197782
126	1	0.2564378	0.4913053	0.02211133
126	2	0.235823	0.3708345	1.276670
126	3	0.2564378	0.4913053	0.02211133
126	4	0.1662363	0.3883723	1.307940
126	5	0.8410642	0.2278826	0.9096979
126	6	0.1662363	0.3883723	1.307940
127	1	1.204751	0.1690247	0.4212181
127	2	-0.1913783	0.5866194	0.3972427
127	3	1.204751	0.1690247	0.4212181
128	1	1.204751	0.1690247	0.4212181
128	2	-0.1913783	0.5866194	0.3972427
128	3	1.204751	0.1690247	0.4212181
129	1	0.4246155	0.4423311	0.01182736
129	2	-0.1659369	0.4784771	1.393911
129	3	0.4246155	0.4423311	0.01182736
129	4	0.4515003	0.3184694	1.160013
129	6	0.4515003	0.3184694	1.160013
130	1	0.4067877	0.4471944	0.01617027
130	2	0.1601576	0.3833566	1.375557
130	3	0.4067878	0.4471944	0.01617027
130	4	0.1944861	0.3845513	1.262557
130	6	0.1944861	0.3845513	1.262557
131	1	0.4067877	0.4471944	0.01617027
131	2	0.1601576	0.3833566	1.375557
131	3	0.4067878	0.4471944	0.01617027
131	4	0.1944861	0.3845513	1.262557
131	6	0.1944861	0.3845513	1.262557
132	1	0.3381708	0.4667752	0.02433765
132	2	0.7300751	0.2536499	0.981425
132	3	0.3381708	0.4667752	0.02433765
132	4	1.036448	0.1959991	0.6498785
132	6	1.036448	0.1959991	0.6498785
132	7	-0.3333526	0.5792717	0.8884328
133	2	1.149940	0.1785716	0.4881348
133	3	-0.3343863	0.5778165	0.9059002
133	4	0.6885136	0.2694772	0.947059
133	5	0.8025868	0.3273933	0.03697979
133	6	0.6885136	0.2694772	0.947059
133	7	0.4682898	0.4286979	0.01822394
134	1	1.120904	0.1941041	0.4197782
134	2	1.120904	0.1941041	0.4197782
134	3	1.120904	0.1941041	0.4197782
134	4	1.120904	0.1941041	0.4197782
134	5	1.120904	0.1941041	0.4197782
134	6	1.120904	0.1941041	0.4197782
134	7	1.120904	0.1941041	0.4197782
135	1	1.120904	0.1941041	0.4197782
135	2	1.120904	0.1941041	0.4197782
135	3	1.120904	0.1941041	0.4197782
135	4	1.120904	0.1941041	0.4197782
135	5	1.120904	0.1941041	0.4197782
135	6	1.120904	0.1941041	0.4197782
135	7	1.120904	0.1941041	0.4197782
136	1	1.120904	0.1941041	0.4197782
136	2	1.120904	0.1941041	0.4197782
136	3	1.120904	0.1941041	0.4197782
136	4	1.120904	0.1941041	0.4197782
136	5	1.120904	0.1941041	0.4197782
136	6	1.120904	0.1941041	0.4197782
136	7	1.120904	0.1941041	0.4197782
137	1	1.120904	0.1941041	0.4197782
137	2	1.120904	0.1941041	0.4197782
137	3	1.120904	0.1941041	0.4197782
137	4	1.120904	0.1941041	0.4197782
137	5	1.120904	0.1941041	0.4197782
137	6	1.120904	0.1941041	0.4197782
137	7	1.120904	0.1941041	0.4197782
138	1	1.120904	0.1941041	0.4197782
138	2	1.120904	0.1941041	0.4197782
138	3	1.120904	0.1941041	0.4197782
138	4	1.120904	0.1941041	0.4197782
138	5	1.120904	0.1941041	0.4197782
138	6	1.120904	0.1941041	0.4197782
138	7	1.120904	0.1941041	0.4197782
139	1	1.120904	0.1941041	0.4197782
139	2	1.120904	0.1941041	0.4197782
139	3	1.120904	0.1941041	0.4197782
139	4	1.120904	0.1941041	0.4197782
139	5	1.120904	0.1941041	0.4197782
139	6	1.120904	0.1941041	0.4197782
140	1	1.120904	0.1941041	0.4197782
140	2	1.120904	0.1941041	0.4197782
140	3	1.120904	0.1941041	0.4197782
140	4	1.120904	0.1941041	0.4197782
140	5	1.120904	0.1941041	0.4197782
140	6	1.120904	0.1941041	0.4197782
141	1	1.120904	0.1941041	0.4197782
141	2	1.120904	0.1941041	0.4197782
141	3	1.120904	0.1941041	0.4197782
141	4	1.120904	0.1941041	0.4197782
141	5	1.120904	0.1941041	0.4197782
141	6	1.120904	0.1941041	0.4197782
142	1	1.120904	0.1941041	0.4197782
142	2	1.120904	0.1941041	0.4197782
142	3	1.120904	0.1941041	0.4197782
142	4	1.120904	0.1941041	0.4197782
142	5	1.120904	0.1941041	0.4197782
142	6	1.120904	0.1941041	0.4197782
143	1	1.120904	0.1941041	0.4197782
143	2	1.120904	0.1941041	0.4197782
143	3	1.120904	0.1941041	0.4197782
143	4	1.120904	0.1941041	0.4197782
143	5	1.120904	0.1941041	0.4197782
143	6	1.120904	0.1941041	0.4197782
144	1	0.932476	0.2197717	0.720695
144	2	0.932476	0.2197717	0.720695
144	3	0.932476	0.2197717	0.720695
144	4	0.932476	0.2197717	0.720695
144	5	0.932476	0.2197717	0.720695
144	6	0.932476	0.2197717	0.720695
144	7	-0.05114294	0.5695049	0.1535858
145	1	0.932476	0.2197717	0.720695
145	2	0.932476	0.2197717	0.720695
145	3	0.932476	0.2197717	0.720695
145	4	0.932476	0.2197717	0.720695
145	5	0.932476	0.2197717	0.720695
145	6	0.932476	0.2197717	0.720695
145	7	-0.05114294	0.5695049	0.1535858
146	1	0.932476	0.2197717	0.720695
146	2	0.932476	0.2197717	0.720695
146	3	0.932476	0.2197717	0.720695
146	4	0.932476	0.2197717	0.720695
146	5	0.932476	0.2197717	0.720695
146	6	0.932476	0.2197717	0.720695
146	7	-0.05114294	0.5695049	0.1535858
147	1	0.932476	0.2197717	0.720695
147	2	0.932476	0.2197717	0.720695
147	3	0.932476	0.2197717	0.720695
147	4	0.932476	0.2197717	0.720695
147	5	0.932476	0.2197717	0.720695
147	6	0.932476	0.2197717	0.720695
147	7	-0.05114294	0.5695049	0.1535858
148	1	0.2104000	0.5056832	0.01529969
148	2	0.4539418	0.3161413	1.175890
148	3	0.2104000	0.5056832	0.01529970
148	4	0.4539419	0.3161412	1.175890
148	5	0.4539419	0.3161412	1.175890
148	6	0.4539419	0.3161412	1.175890
148	7	0.4539419	0.3161412	1.175890
149	1	0.2104000	0.5056832	0.01529969
149	2	0.4539418	0.3161413	1.175890
149	3	0.2104000	0.5056832	0.01529970
149	4	0.4539419	0.3161412	1.175890
149	5	0.4539419	0.3161412	1.175890
149	6	0.4539419	0.3161412	1.175890
149	7	0.4539419	0.3161412	1.175890
150	1	0.2104000	0.5056832	0.01529969
150	2	0.4539418	0.3161413	1.175890
150	3	0.2104000	0.5056832	0.01529970
150	4	0.4539419	0.3161412	1.175890
150	5	0.4539419	0.3161412	1.175890
150	6	0.4539419	0.3161412	1.175890
150	7	0.4539419	0.3161412	1.175890
151	1	1.120904	0.1941041	0.4197782
151	3	1.120904	0.1941041	0.4197782
152	1	1.120904	0.1941041	0.4197782
152	3	1.120904	0.1941041	0.4197782
153	1	1.120904	0.1941041	0.4197782
153	2	1.120904	0.1941041	0.4197782
153	3	1.120904	0.1941041	0.4197782
153	4	1.120904	0.1941041	0.4197782
153	5	1.120904	0.1941041	0.4197782
153	6	1.120904	0.1941041	0.4197782
153	7	1.120904	0.1941041	0.4197782
154	1	1.120904	0.1941041	0.4197782
154	2	1.120904	0.1941041	0.4197782
154	3	1.120904	0.1941041	0.4197782
154	4	1.120904	0.1941041	0.4197782
154	5	1.120904	0.1941041	0.4197782
154	6	1.120904	0.1941041	0.4197782
154	7	1.120904	0.1941041	0.4197782
155	1	1.120904	0.1941041	0.4197782
155	2	1.120904	0.1941041	0.4197782
155	3	1.120904	0.1941041	0.4197782
155	4	1.120904	0.1941041	0.4197782
155	5	1.120904	0.1941041	0.4197782
155	6	1.120904	0.1941041	0.4197782
155	7	1.120904	0.1941041	0.4197782
156	1	1.120904	0.1941041	0.4197782
156	3	1.120904	0.1941041	0.4197782
157	1	0.2238379	0.5005099	0.02696518
157	2	0.454787	0.3185296	1.149732
157	3	0.2238379	0.5005099	0.02696518
157	4	0.454787	0.3185296	1.149732
157	5	0.454787	0.3185296	1.149732
157	6	0.454787	0.3185296	1.149732
157	7	0.454787	0.3185296	1.149732
158	1	0.2238379	0.5005099	0.02696518
158	2	0.454787	0.3185296	1.149732
158	3	0.2238379	0.5005099	0.02696518
158	4	0.454787	0.3185296	1.149732
158	5	0.454787	0.3185296	1.149732
158	6	0.454787	0.3185296	1.149732
158	7	0.454787	0.3185296	1.149732
159	1	-0.1508183	0.5744876	0.3979392
159	3	-0.1508183	0.5744876	0.3979392
159	6	1.290946	0.1432431	0.4226983
160	1	0.2238379	0.5005099	0.02696518
160	2	0.454787	0.3185296	1.149732
160	3	0.2238379	0.5005099	0.02696518
160	4	0.454787	0.3185296	1.149732
160	5	0.454787	0.3185296	1.149732
160	6	0.454787	0.3185296	1.149732
160	7	0.454787	0.3185296	1.149732
161	1	0.2238379	0.5005099	0.02696518
161	2	0.454787	0.3185296	1.149732
161	3	0.2238379	0.5005099	0.02696518
161	4	0.454787	0.3185296	1.149732
161	5	0.454787	0.3185296	1.149732
161	6	0.454787	0.3185296	1.149732
161	7	0.454787	0.3185296	1.149732
162	4	1.120904	0.1941041	0.4197782
162	5	1.120904	0.1941041	0.4197782
162	7	1.120904	0.1941041	0.4197782
163	2	1.187795	0.1740965	0.4209269
163	4	-0.1171927	0.5644298	0.3985167
163	5	-0.1171927	0.5644298	0.3985167
163	6	-0.1171927	0.5644298	0.3985167
163	7	-0.1171927	0.5644298	0.3985167
164	1	1.140637	0.2108842	0.1953443
164	2	-0.2583604	0.5704343	0.7550164
164	3	1.140637	0.2108842	0.1953443
164	4	1.140637	0.2108842	0.1953443
164	5	1.140637	0.2108842	0.1953443
164	6	1.140637	0.2108842	0.1953443
164	7	1.140637	0.2108842	0.1953443
