1	1	1.174113	0.1781888	0.4206920
1	4	-0.1177307	0.5645908	0.3985074
1	7	-0.1177307	0.5645908	0.3985074
1	10	-0.1177307	0.5645908	0.3985074
2	1	1.123837	0.2220625	0.1340803
2	4	0.1448778	0.5169911	0.09632829
2	7	0.1448778	0.5169911	0.09632829
2	10	0.08601206	0.4083806	1.346077
3	1	0.5594792	0.4016062	0.01796766
3	4	1.022346	0.2023691	0.6283121
3	7	1.022346	0.2023691	0.6283121
3	10	-0.2954237	0.5663143	0.9050642
4	1	-0.240887	0.5123013	1.279596
4	4	-0.07276184	0.5645073	0.2668174
4	7	-0.07276184	0.5645073	0.2668174
4	10	1.355688	0.1416238	0.2479591
5	1	-0.240887	0.5123013	1.279596
5	4	-0.07276184	0.5645073	0.2668174
5	7	-0.07276184	0.5645073	0.2668174
5	10	1.355688	0.1416238	0.2479591
6	1	-0.240887	0.5123013	1.279596
6	4	-0.07276184	0.5645073	0.2668174
6	7	-0.07276184	0.5645073	0.2668174
6	10	1.355688	0.1416238	0.2479591
7	4	-0.2729032	0.5753028	0.7496275
7	7	0.002459698	0.5523509	0.1656153
7	10	1.299377	0.1407224	0.4228336
8	4	-0.2729032	0.5753028	0.7496275
8	7	0.002459698	0.5523509	0.1656153
8	10	1.299377	0.1407224	0.4228336
9	4	-0.2729032	0.5753028	0.7496275
9	7	0.002459698	0.5523509	0.1656153
9	10	1.299377	0.1407224	0.4228336
10	4	-0.2729032	0.5753028	0.7496275
10	7	0.002459698	0.5523509	0.1656153
10	10	1.299377	0.1407224	0.4228336
11	4	-0.2729032	0.5753028	0.7496275
11	7	0.002459698	0.5523509	0.1656153
11	10	1.299377	0.1407224	0.4228336
12	4	-0.2729032	0.5753028	0.7496275
12	7	0.002459698	0.5523509	0.1656153
12	10	1.299377	0.1407224	0.4228336
13	4	-0.3164134	0.5730116	0.9005508
13	7	0.2976099	0.4786842	0.02585245
13	10	1.172922	0.1599664	0.6047759
14	4	-0.3164134	0.5730116	0.9005508
14	7	0.2976099	0.4786842	0.02585245
14	10	1.172922	0.1599664	0.6047759
15	4	-0.3164134	0.5730116	0.9005508
15	7	0.2976099	0.4786842	0.02585245
15	10	1.172922	0.1599664	0.6047759
16	4	-0.3164134	0.5730116	0.9005508
16	7	0.2976099	0.4786842	0.02585245
16	10	1.172922	0.1599664	0.6047759
17	4	-0.3164134	0.5730116	0.9005508
17	7	0.2976099	0.4786842	0.02585245
17	10	1.172922	0.1599664	0.6047759
18	4	-0.3164134	0.5730116	0.9005508
18	7	0.2976099	0.4786842	0.02585245
18	10	1.172922	0.1599664	0.6047759
19	4	-0.3164134	0.5730116	0.9005508
19	7	0.2976099	0.4786842	0.02585245
19	10	1.172922	0.1599664	0.6047759
20	4	-0.3164134	0.5730116	0.9005508
20	7	0.2976099	0.4786842	0.02585245
20	10	1.172922	0.1599664	0.6047759
21	4	-0.3164134	0.5730116	0.9005508
21	7	0.2976099	0.4786842	0.02585245
21	10	1.172922	0.1599664	0.6047759
22	4	-0.3164134	0.5730116	0.9005508
22	7	0.2976099	0.4786842	0.02585245
22	10	1.172922	0.1599664	0.6047759
23	4	-0.3164134	0.5730116	0.9005508
23	7	0.2976099	0.4786842	0.02585245
23	10	1.172922	0.1599664	0.6047759
24	4	-0.3164134	0.5730116	0.9005508
24	7	0.2976099	0.4786842	0.02585245
24	10	1.172922	0.1599664	0.6047759
25	4	-0.3164134	0.5730116	0.9005508
25	7	0.2976099	0.4786842	0.02585245
25	10	1.172922	0.1599664	0.6047759
26	4	-0.3164134	0.5730116	0.9005508
26	7	0.2976099	0.4786842	0.02585245
26	10	1.172922	0.1599664	0.6047759
27	4	-0.3164134	0.5730116	0.9005508
27	7	0.2976099	0.4786842	0.02585245
27	10	1.172922	0.1599664	0.6047759
28	4	-0.3164134	0.5730116	0.9005508
28	7	0.2976099	0.4786842	0.02585245
28	10	1.172922	0.1599664	0.6047759
29	4	-0.3164134	0.5730116	0.9005508
29	7	0.2976099	0.4786842	0.02585245
29	10	1.172922	0.1599664	0.6047759
30	4	-0.3164134	0.5730116	0.9005508
30	7	0.2976099	0.4786842	0.02585245
30	10	1.172922	0.1599664	0.6047759
31	4	-0.3164134	0.5730116	0.9005508
31	7	0.2976099	0.4786842	0.02585245
31	10	1.172922	0.1599664	0.6047759
32	4	-0.3164134	0.5730116	0.9005508
32	7	0.2976099	0.4786842	0.02585245
32	10	1.172922	0.1599664	0.6047759
33	4	-0.3164134	0.5730116	0.9005508
33	7	0.2976099	0.4786842	0.02585245
33	10	1.172922	0.1599664	0.6047759
34	4	-0.3164134	0.5730116	0.9005508
34	7	0.2976099	0.4786842	0.02585245
34	10	1.172922	0.1599664	0.6047759
35	4	-0.3164134	0.5730116	0.9005508
35	7	0.2976099	0.4786842	0.02585245
35	10	1.172922	0.1599664	0.6047759
36	4	-0.3164134	0.5730116	0.9005508
36	7	0.2976099	0.4786842	0.02585245
36	10	1.172922	0.1599664	0.6047759
37	4	-0.3164134	0.5730116	0.9005508
37	7	0.2976099	0.4786842	0.02585245
37	10	1.172922	0.1599664	0.6047759
38	4	-0.3164134	0.5730116	0.9005508
38	7	0.2976099	0.4786842	0.02585245
38	10	1.172922	0.1599664	0.6047759
39	4	-0.3164134	0.5730116	0.9005508
39	7	0.2976099	0.4786842	0.02585245
39	10	1.172922	0.1599664	0.6047759
40	4	-0.3164134	0.5730116	0.9005508
40	7	0.2976099	0.4786842	0.02585245
40	10	1.172922	0.1599664	0.6047759
41	4	-0.3164134	0.5730116	0.9005508
41	7	0.2976099	0.4786842	0.02585245
41	10	1.172922	0.1599664	0.6047759
42	4	-0.3164134	0.5730116	0.9005508
42	7	0.2976099	0.4786842	0.02585245
42	10	1.172922	0.1599664	0.6047759
43	4	-0.2915374	0.5716518	0.8407197
43	7	0.02208167	0.5484406	0.1465407
43	10	1.306372	0.1404696	0.4047231
44	4	-0.2915374	0.5716518	0.8407197
44	7	0.02208167	0.5484406	0.1465407
44	10	1.306372	0.1404696	0.4047231
45	4	-0.2915374	0.5716518	0.8407197
45	7	0.02208167	0.5484406	0.1465407
45	10	1.306372	0.1404696	0.4047231
46	4	-0.2915374	0.5716518	0.8407197
46	7	0.02208167	0.5484406	0.1465407
46	10	1.306372	0.1404696	0.4047231
47	4	-0.2915374	0.5716518	0.8407197
47	7	0.02208167	0.5484406	0.1465407
47	10	1.306372	0.1404696	0.4047231
76	4	-0.1868897	0.5796326	0.4532512
76	7	-0.1365129	0.5754342	0.3464022
76	10	1.339406	0.1287519	0.4234947
77	4	-0.1868897	0.5796326	0.4532512
77	7	-0.1365129	0.5754342	0.3464022
77	10	1.339406	0.1287519	0.4234947
78	4	-0.1868897	0.5796326	0.4532512
78	7	-0.1365129	0.5754342	0.3464022
78	10	1.339406	0.1287519	0.4234947
79	4	-0.1868897	0.5796326	0.4532512
79	7	-0.1365129	0.5754342	0.3464022
79	10	1.339406	0.1287519	0.4234947
80	4	-0.1868897	0.5796326	0.4532512
80	7	-0.1365129	0.5754342	0.3464022
80	10	1.339406	0.1287519	0.4234947
81	4	-0.1868897	0.5796326	0.4532512
81	7	-0.1365129	0.5754342	0.3464022
81	10	1.339406	0.1287519	0.4234947
82	4	-0.1868897	0.5796326	0.4532512
82	7	-0.1365129	0.5754342	0.3464022
82	10	1.339406	0.1287519	0.4234947
83	4	-0.1868897	0.5796326	0.4532512
83	7	-0.1365129	0.5754342	0.3464022
83	10	1.339406	0.1287519	0.4234947
84	4	-0.1868897	0.5796326	0.4532512
84	7	-0.1365129	0.5754342	0.3464022
84	10	1.339406	0.1287519	0.4234947
85	4	-0.1868897	0.5796326	0.4532512
85	7	-0.1365129	0.5754342	0.3464022
85	10	1.339406	0.1287519	0.4234947
86	4	-0.1868897	0.5796326	0.4532512
86	7	-0.1365129	0.5754342	0.3464022
86	10	1.339406	0.1287519	0.4234947
87	4	-0.1868897	0.5796326	0.4532512
87	7	-0.1365129	0.5754342	0.3464022
87	10	1.339406	0.1287519	0.4234947
88	4	-0.1868897	0.5796326	0.4532512
88	7	-0.1365129	0.5754342	0.3464022
88	10	1.339406	0.1287519	0.4234947
89	4	-0.1868897	0.5796326	0.4532512
89	7	-0.1365129	0.5754342	0.3464022
89	10	1.339406	0.1287519	0.4234947
90	4	-0.1868897	0.5796326	0.4532512
90	7	-0.1365129	0.5754342	0.3464022
90	10	1.339406	0.1287519	0.4234947
91	4	-0.1868897	0.5796326	0.4532512
91	7	-0.1365129	0.5754342	0.3464022
91	10	1.339406	0.1287519	0.4234947
92	4	-0.1868897	0.5796326	0.4532512
92	7	-0.1365129	0.5754342	0.3464022
92	10	1.339406	0.1287519	0.4234947
93	4	-0.1868897	0.5796326	0.4532512
93	7	-0.1365129	0.5754342	0.3464022
93	10	1.339406	0.1287519	0.4234947
94	4	-0.1868897	0.5796326	0.4532512
94	7	-0.1365129	0.5754342	0.3464022
94	10	1.339406	0.1287519	0.4234947
95	4	-0.1868897	0.5796326	0.4532512
95	7	-0.1365129	0.5754342	0.3464022
95	10	1.339406	0.1287519	0.4234947
96	4	-0.1868897	0.5796326	0.4532512
96	7	-0.1365129	0.5754342	0.3464022
96	10	1.339406	0.1287519	0.4234947
97	4	-0.1868897	0.5796326	0.4532512
97	7	-0.1365129	0.5754342	0.3464022
97	10	1.339406	0.1287519	0.4234947
98	4	-0.1868897	0.5796326	0.4532512
98	7	-0.1365129	0.5754342	0.3464022
98	10	1.339406	0.1287519	0.4234947
99	4	-0.1868897	0.5796326	0.4532512
99	7	-0.1365129	0.5754342	0.3464022
99	10	1.339406	0.1287519	0.4234947
100	4	-0.1868897	0.5796326	0.4532512
100	7	-0.1365129	0.5754342	0.3464022
100	10	1.339406	0.1287519	0.4234947
101	4	-0.1868897	0.5796326	0.4532512
101	7	-0.1365129	0.5754342	0.3464022
101	10	1.339406	0.1287519	0.4234947
102	4	-0.1868897	0.5796326	0.4532512
102	7	-0.1365129	0.5754342	0.3464022
102	10	1.339406	0.1287519	0.4234947
103	4	-0.1868897	0.5796326	0.4532512
103	7	-0.1365129	0.5754342	0.3464022
103	10	1.339406	0.1287519	0.4234947
104	4	-0.1868897	0.5796326	0.4532512
104	7	-0.1365129	0.5754342	0.3464022
104	10	1.339406	0.1287519	0.4234947
105	4	-0.1868897	0.5796326	0.4532512
105	7	-0.1365129	0.5754342	0.3464022
105	10	1.339406	0.1287519	0.4234947
106	4	-0.2860791	0.57834	0.7583578
106	7	-0.004739732	0.5548926	0.1616434
106	10	1.336327	0.1296722	0.4234472
107	4	-0.2860791	0.57834	0.7583578
107	7	-0.004739732	0.5548926	0.1616434
107	10	1.336327	0.1296722	0.4234472
108	4	-0.2860791	0.57834	0.7583578
108	7	-0.004739732	0.5548926	0.1616434
108	10	1.336327	0.1296722	0.4234472
109	7	1.283391	0.1455028	0.4225686
109	10	-0.1879312	0.5855884	0.3973019
110	7	1.283391	0.1455028	0.4225686
110	10	-0.1879312	0.5855884	0.3973019
111	7	1.283391	0.1455028	0.4225686
111	10	-0.1879312	0.5855884	0.3973019
112	7	1.283391	0.1455028	0.4225686
112	10	-0.1879312	0.5855884	0.3973019
113	7	1.283391	0.1455028	0.4225686
113	10	-0.1879312	0.5855884	0.3973019
114	7	1.283391	0.1455028	0.4225686
114	10	-0.1879312	0.5855884	0.3973019
115	4	-0.3218364	0.5789563	0.8576224
115	7	0.2675596	0.4875647	0.02640442
115	10	1.200586	0.1502931	0.6191158
116	4	-0.3218364	0.5789563	0.8576224
116	7	0.2675596	0.4875647	0.02640442
116	10	1.200586	0.1502931	0.6191158
117	4	-0.3218364	0.5789563	0.8576224
117	7	0.2675596	0.4875647	0.02640442
117	10	1.200586	0.1502931	0.6191158
118	4	-0.3218364	0.5789563	0.8576224
118	7	0.2675596	0.4875647	0.02640442
118	10	1.200586	0.1502931	0.6191158
119	4	-0.3218364	0.5789563	0.8576224
119	7	0.2675596	0.4875647	0.02640442
119	10	1.200586	0.1502931	0.6191158
120	4	-0.3218364	0.5789563	0.8576224
120	7	0.2675596	0.4875647	0.02640442
120	10	1.200586	0.1502931	0.6191158
121	4	-0.3218364	0.5789563	0.8576224
121	7	0.2675596	0.4875647	0.02640442
121	10	1.200586	0.1502931	0.6191158
122	4	-0.3218364	0.5789563	0.8576224
122	7	0.2675596	0.4875647	0.02640442
122	10	1.200586	0.1502931	0.6191158
123	4	-0.3218364	0.5789563	0.8576224
123	7	0.2675596	0.4875647	0.02640442
123	10	1.200586	0.1502931	0.6191158
124	4	-0.3218364	0.5789563	0.8576224
124	7	0.2675596	0.4875647	0.02640442
124	10	1.200586	0.1502931	0.6191158
125	4	-0.3218364	0.5789563	0.8576224
125	7	0.2675596	0.4875647	0.02640442
125	10	1.200586	0.1502931	0.6191158
126	4	-0.3218364	0.5789563	0.8576224
126	7	0.2675596	0.4875647	0.02640442
126	10	1.200586	0.1502931	0.6191158
127	4	-0.3218364	0.5789563	0.8576224
127	7	0.2675596	0.4875647	0.02640442
127	10	1.200586	0.1502931	0.6191158
128	4	-0.3218364	0.5789563	0.8576224
128	7	0.2675596	0.4875647	0.02640442
128	10	1.200586	0.1502931	0.6191158
129	4	-0.3218364	0.5789563	0.8576224
129	7	0.2675596	0.4875647	0.02640442
129	10	1.200586	0.1502931	0.6191158
130	4	-0.3218364	0.5789563	0.8576224
130	7	0.2675596	0.4875647	0.02640442
130	10	1.200586	0.1502931	0.6191158
131	4	-0.3218364	0.5789563	0.8576224
131	7	0.2675596	0.4875647	0.02640442
131	10	1.200586	0.1502931	0.6191158
132	4	-0.3218364	0.5789563	0.8576224
132	7	0.2675596	0.4875647	0.02640442
132	10	1.200586	0.1502931	0.6191158
133	4	-0.3218364	0.5789563	0.8576224
133	7	0.2675596	0.4875647	0.02640442
133	10	1.200586	0.1502931	0.6191158
134	4	-0.3218364	0.5789563	0.8576224
134	7	0.2675596	0.4875647	0.02640442
134	10	1.200586	0.1502931	0.6191158
135	4	-0.3218364	0.5789563	0.8576224
135	7	0.2675596	0.4875647	0.02640442
135	10	1.200586	0.1502931	0.6191158
136	4	-0.3218364	0.5789563	0.8576224
136	7	0.2675596	0.4875647	0.02640442
136	10	1.200586	0.1502931	0.6191158
137	4	-0.3218364	0.5789563	0.8576224
137	7	0.2675596	0.4875647	0.02640442
137	10	1.200586	0.1502931	0.6191158
138	4	-0.3218364	0.5789563	0.8576224
138	7	0.2675596	0.4875647	0.02640442
138	10	1.200586	0.1502931	0.6191158
139	4	-0.3218364	0.5789563	0.8576224
139	7	0.2675596	0.4875647	0.02640442
139	10	1.200586	0.1502931	0.6191158
140	4	-0.3218364	0.5789563	0.8576224
140	7	0.2675596	0.4875647	0.02640442
140	10	1.200586	0.1502931	0.6191158
141	4	-0.3218364	0.5789563	0.8576224
141	7	0.2675596	0.4875647	0.02640442
141	10	1.200586	0.1502931	0.6191158
142	4	-0.3218364	0.5789563	0.8576224
142	7	0.2675596	0.4875647	0.02640442
142	10	1.200586	0.1502931	0.6191158
143	4	-0.3218364	0.5789563	0.8576224
143	7	0.2675596	0.4875647	0.02640442
143	10	1.200586	0.1502931	0.6191158
144	4	-0.3218364	0.5789563	0.8576224
144	7	0.2675596	0.4875647	0.02640442
144	10	1.200586	0.1502931	0.6191158
145	4	-0.3218364	0.5789563	0.8576224
145	7	0.2675596	0.4875647	0.02640442
145	10	1.200586	0.1502931	0.6191158
146	4	-0.3218364	0.5789563	0.8576224
146	7	0.2675596	0.4875647	0.02640442
146	10	1.200586	0.1502931	0.6191158
147	4	-0.3218364	0.5789563	0.8576224
147	7	0.2675596	0.4875647	0.02640442
147	10	1.200586	0.1502931	0.6191158
148	4	-0.3218364	0.5789563	0.8576224
148	7	0.2675596	0.4875647	0.02640442
148	10	1.200586	0.1502931	0.6191158
149	4	-0.3218364	0.5789563	0.8576224
149	7	0.2675596	0.4875647	0.02640442
149	10	1.200586	0.1502931	0.6191158
150	4	-0.3218364	0.5789563	0.8576224
150	7	0.2675596	0.4875647	0.02640442
150	10	1.200586	0.1502931	0.6191158
151	1	-0.2900525	0.538526	1.164605
151	4	-0.2900525	0.538526	1.164605
151	7	0.1217080	0.5267287	0.06811153
151	10	1.387113	0.1327884	0.2429080
152	1	-0.2900525	0.538526	1.164605
152	4	-0.2900525	0.538526	1.164605
152	7	0.1217080	0.5267287	0.06811153
152	10	1.387113	0.1327884	0.2429080
153	1	-0.2900525	0.538526	1.164605
153	4	-0.2900525	0.538526	1.164605
153	7	0.1217080	0.5267287	0.06811153
153	10	1.387113	0.1327884	0.2429080
154	1	-0.2900525	0.538526	1.164605
154	4	-0.2900525	0.538526	1.164605
154	7	0.1217080	0.5267287	0.06811153
154	10	1.387113	0.1327884	0.2429080
155	1	-0.2900525	0.538526	1.164605
155	4	-0.2900525	0.538526	1.164605
155	7	0.1217080	0.5267287	0.06811153
155	10	1.387113	0.1327884	0.2429080
156	1	-0.2900525	0.538526	1.164605
156	4	-0.2900525	0.538526	1.164605
156	7	0.1217080	0.5267287	0.06811153
156	10	1.387113	0.1327884	0.2429080
157	1	-0.2900525	0.538526	1.164605
157	4	-0.2900525	0.538526	1.164605
157	7	0.1217080	0.5267287	0.06811153
157	10	1.387113	0.1327884	0.2429080
158	1	-0.2900525	0.538526	1.164605
158	4	-0.2900525	0.538526	1.164605
158	7	0.1217080	0.5267287	0.06811153
158	10	1.387113	0.1327884	0.2429080
159	1	-0.2900525	0.538526	1.164605
159	4	-0.2900525	0.538526	1.164605
159	7	0.1217080	0.5267287	0.06811153
159	10	1.387113	0.1327884	0.2429080
160	1	-0.2900525	0.538526	1.164605
160	4	-0.2900525	0.538526	1.164605
160	7	0.1217080	0.5267287	0.06811153
160	10	1.387113	0.1327884	0.2429080
161	1	-0.2900525	0.538526	1.164605
161	4	-0.2900525	0.538526	1.164605
161	7	0.1217080	0.5267287	0.06811153
161	10	1.387113	0.1327884	0.2429080
162	1	-0.2900525	0.538526	1.164605
162	4	-0.2900525	0.538526	1.164605
162	7	0.1217080	0.5267287	0.06811153
162	10	1.387113	0.1327884	0.2429080
163	1	-0.2900525	0.538526	1.164605
163	4	-0.2900525	0.538526	1.164605
163	7	0.1217080	0.5267287	0.06811153
163	10	1.387113	0.1327884	0.2429080
164	1	-0.2900525	0.538526	1.164605
164	4	-0.2900525	0.538526	1.164605
164	7	0.1217080	0.5267287	0.06811153
164	10	1.387113	0.1327884	0.2429080
165	1	-0.2900525	0.538526	1.164605
165	4	-0.2900525	0.538526	1.164605
165	7	0.1217080	0.5267287	0.06811153
165	10	1.387113	0.1327884	0.2429080
166	1	-0.2900525	0.538526	1.164605
166	4	-0.2900525	0.538526	1.164605
166	7	0.1217080	0.5267287	0.06811153
166	10	1.387113	0.1327884	0.2429080
167	1	-0.2900525	0.538526	1.164605
167	4	-0.2900525	0.538526	1.164605
167	7	0.1217080	0.5267287	0.06811153
167	10	1.387113	0.1327884	0.2429080
168	1	-0.2900525	0.538526	1.164605
168	4	-0.2900525	0.538526	1.164605
168	7	0.1217080	0.5267287	0.06811153
168	10	1.387113	0.1327884	0.2429080
169	1	-0.2900525	0.538526	1.164605
169	4	-0.2900525	0.538526	1.164605
169	7	0.1217080	0.5267287	0.06811153
169	10	1.387113	0.1327884	0.2429080
170	1	-0.2900525	0.538526	1.164605
170	4	-0.2900525	0.538526	1.164605
170	7	0.1217080	0.5267287	0.06811153
170	10	1.387113	0.1327884	0.2429080
171	1	-0.2900525	0.538526	1.164605
171	4	-0.2900525	0.538526	1.164605
171	7	0.1217080	0.5267287	0.06811153
171	10	1.387113	0.1327884	0.2429080
172	1	-0.2900525	0.538526	1.164605
172	4	-0.2900525	0.538526	1.164605
172	7	0.1217080	0.5267287	0.06811153
172	10	1.387113	0.1327884	0.2429080
173	1	-0.2900525	0.538526	1.164605
173	4	-0.2900525	0.538526	1.164605
173	7	0.1217080	0.5267287	0.06811153
173	10	1.387113	0.1327884	0.2429080
174	1	-0.2900525	0.538526	1.164605
174	4	-0.2900525	0.538526	1.164605
174	7	0.1217080	0.5267287	0.06811153
174	10	1.387113	0.1327884	0.2429080
175	1	-0.2900525	0.538526	1.164605
175	4	-0.2900525	0.538526	1.164605
175	7	0.1217080	0.5267287	0.06811153
175	10	1.387113	0.1327884	0.2429080
176	1	-0.2900525	0.538526	1.164605
176	4	-0.2900525	0.538526	1.164605
176	7	0.1217080	0.5267287	0.06811153
176	10	1.387113	0.1327884	0.2429080
177	1	-0.2900525	0.538526	1.164605
177	4	-0.2900525	0.538526	1.164605
177	7	0.1217080	0.5267287	0.06811153
177	10	1.387113	0.1327884	0.2429080
178	1	-0.2900525	0.538526	1.164605
178	4	-0.2900525	0.538526	1.164605
178	7	0.1217080	0.5267287	0.06811153
178	10	1.387113	0.1327884	0.2429080
179	1	-0.2900525	0.538526	1.164605
179	4	-0.2900525	0.538526	1.164605
179	7	0.1217080	0.5267287	0.06811153
179	10	1.387113	0.1327884	0.2429080
180	1	-0.2900525	0.538526	1.164605
180	4	-0.2900525	0.538526	1.164605
180	7	0.1217080	0.5267287	0.06811153
180	10	1.387113	0.1327884	0.2429080
181	1	-0.2900525	0.538526	1.164605
181	4	-0.2900525	0.538526	1.164605
181	7	0.1217080	0.5267287	0.06811153
181	10	1.387113	0.1327884	0.2429080
182	1	-0.2900525	0.538526	1.164605
182	4	-0.2900525	0.538526	1.164605
182	7	0.1217080	0.5267287	0.06811153
182	10	1.387113	0.1327884	0.2429080
183	1	1.052452	0.1884111	0.6779132
183	4	-0.3075525	0.5487468	1.114892
183	7	0.4075139	0.4472439	0.01353987
184	1	1.052452	0.1884111	0.6779132
184	4	-0.3075525	0.5487468	1.114892
184	7	0.4075139	0.4472439	0.01353987
185	1	1.052452	0.1884111	0.6779132
185	4	-0.3075525	0.5487468	1.114892
185	7	0.4075139	0.4472439	0.01353987
186	1	1.052452	0.1884111	0.6779132
186	4	-0.3075525	0.5487468	1.114892
186	7	0.4075139	0.4472439	0.01353987
187	1	1.052452	0.1884111	0.6779132
187	4	-0.3075525	0.5487468	1.114892
187	7	0.4075139	0.4472439	0.01353987
188	1	1.052452	0.1884111	0.6779132
188	4	-0.3075525	0.5487468	1.114892
188	7	0.4075139	0.4472439	0.01353987
189	1	1.052452	0.1884111	0.6779132
189	4	-0.3075525	0.5487468	1.114892
189	7	0.4075139	0.4472439	0.01353987
190	1	1.052452	0.1884111	0.6779132
190	4	-0.3075525	0.5487468	1.114892
190	7	0.4075139	0.4472439	0.01353987
191	1	1.052452	0.1884111	0.6779132
191	4	-0.3075525	0.5487468	1.114892
191	7	0.4075139	0.4472439	0.01353987
192	1	1.052452	0.1884111	0.6779132
192	4	-0.3075525	0.5487468	1.114892
192	7	0.4075139	0.4472439	0.01353987
202	1	1.052452	0.1884111	0.6779132
202	4	-0.3075525	0.5487468	1.114892
202	7	0.4075139	0.4472439	0.01353987
203	1	1.052452	0.1884111	0.6779132
203	4	-0.3075525	0.5487468	1.114892
203	7	0.4075139	0.4472439	0.01353987
204	1	1.052452	0.1884111	0.6779132
204	4	-0.3075525	0.5487468	1.114892
204	7	0.4075139	0.4472439	0.01353987
205	1	1.052452	0.1884111	0.6779132
205	4	-0.3075525	0.5487468	1.114892
205	7	0.4075139	0.4472439	0.01353987
206	1	1.263045	0.1555479	0.3829833
206	4	-0.1525645	0.571203	0.4356331
206	7	-0.1622924	0.5739186	0.4373898
207	1	1.263045	0.1555479	0.3829833
207	4	-0.1525645	0.571203	0.4356331
207	7	-0.1622924	0.5739186	0.4373898
208	1	1.263045	0.1555479	0.3829833
208	4	-0.1525645	0.571203	0.4356331
208	7	-0.1622924	0.5739186	0.4373898
209	1	1.263045	0.1555479	0.3829833
209	4	-0.1525645	0.571203	0.4356331
209	7	-0.1622924	0.5739186	0.4373898
210	1	1.263045	0.1555479	0.3829833
210	4	-0.1525645	0.571203	0.4356331
210	7	-0.1622924	0.5739186	0.4373898
211	1	1.263045	0.1555479	0.3829833
211	4	-0.1525645	0.571203	0.4356331
211	7	-0.1622924	0.5739186	0.4373898
212	1	1.263045	0.1555479	0.3829833
212	4	-0.1525645	0.571203	0.4356331
212	7	-0.1622924	0.5739186	0.4373898
213	1	1.263045	0.1555479	0.3829833
213	4	-0.1525645	0.571203	0.4356331
213	7	-0.1622924	0.5739186	0.4373898
214	1	1.263045	0.1555479	0.3829833
214	4	-0.1525645	0.571203	0.4356331
214	7	-0.1622924	0.5739186	0.4373898
215	1	1.263045	0.1555479	0.3829833
215	4	-0.1525645	0.571203	0.4356331
215	7	-0.1622924	0.5739186	0.4373898
216	1	1.263045	0.1555479	0.3829833
216	4	-0.1525645	0.571203	0.4356331
216	7	-0.1622924	0.5739186	0.4373898
217	1	1.263045	0.1555479	0.3829833
217	4	-0.1525645	0.571203	0.4356331
217	7	-0.1622924	0.5739186	0.4373898
218	4	1.129707	0.1914712	0.4199294
218	7	-0.1131851	0.5632311	0.3985855
219	4	1.129707	0.1914712	0.4199294
219	7	-0.1131851	0.5632311	0.3985855
220	4	1.129707	0.1914712	0.4199294
220	7	-0.1131851	0.5632311	0.3985855
221	4	1.129707	0.1914712	0.4199294
221	7	-0.1131851	0.5632311	0.3985855
222	4	1.129707	0.1914712	0.4199294
222	7	-0.1131851	0.5632311	0.3985855
223	4	1.129707	0.1914712	0.4199294
223	7	-0.1131851	0.5632311	0.3985855
224	4	1.129707	0.1914712	0.4199294
224	7	-0.1131851	0.5632311	0.3985855
225	4	1.129707	0.1914712	0.4199294
225	7	-0.1131851	0.5632311	0.3985855
226	4	1.129707	0.1914712	0.4199294
226	7	-0.1131851	0.5632311	0.3985855
227	4	1.129707	0.1914712	0.4199294
227	7	-0.1131851	0.5632311	0.3985855
228	4	1.129707	0.1914712	0.4199294
228	7	-0.1131851	0.5632311	0.3985855
229	4	1.129707	0.1914712	0.4199294
229	7	-0.1131851	0.5632311	0.3985855
230	4	1.129707	0.1914712	0.4199294
230	7	-0.1131851	0.5632311	0.3985855
231	4	1.129707	0.1914712	0.4199294
231	7	-0.1131851	0.5632311	0.3985855
232	4	1.129707	0.1914712	0.4199294
232	7	-0.1131851	0.5632311	0.3985855
233	4	1.129707	0.1914712	0.4199294
233	7	-0.1131851	0.5632311	0.3985855
234	4	1.129707	0.1914712	0.4199294
234	7	-0.1131851	0.5632311	0.3985855
235	4	1.129707	0.1914712	0.4199294
235	7	-0.1131851	0.5632311	0.3985855
236	4	1.129707	0.1914712	0.4199294
236	7	-0.1131851	0.5632311	0.3985855
237	4	1.129707	0.1914712	0.4199294
237	7	-0.1131851	0.5632311	0.3985855
238	4	1.129707	0.1914712	0.4199294
238	7	-0.1131851	0.5632311	0.3985855
239	4	1.129707	0.1914712	0.4199294
239	7	-0.1131851	0.5632311	0.3985855
240	4	1.129707	0.1914712	0.4199294
240	7	-0.1131851	0.5632311	0.3985855
241	4	1.129707	0.1914712	0.4199294
241	7	-0.1131851	0.5632311	0.3985855
242	4	1.129707	0.1914712	0.4199294
242	7	-0.1131851	0.5632311	0.3985855
243	4	1.129707	0.1914712	0.4199294
243	7	-0.1131851	0.5632311	0.3985855
244	4	1.129707	0.1914712	0.4199294
244	7	-0.1131851	0.5632311	0.3985855
245	4	1.129707	0.1914712	0.4199294
245	7	-0.1131851	0.5632311	0.3985855
246	4	1.129707	0.1914712	0.4199294
246	7	-0.1131851	0.5632311	0.3985855
247	4	1.129707	0.1914712	0.4199294
247	7	-0.1131851	0.5632311	0.3985855
248	4	1.129707	0.1914712	0.4199294
248	7	-0.1131851	0.5632311	0.3985855
249	4	1.129707	0.1914712	0.4199294
249	7	-0.1131851	0.5632311	0.3985855
250	4	1.129707	0.1914712	0.4199294
250	7	-0.1131851	0.5632311	0.3985855
251	4	1.129707	0.1914712	0.4199294
251	7	-0.1131851	0.5632311	0.3985855
252	4	1.129707	0.1914712	0.4199294
252	7	-0.1131851	0.5632311	0.3985855
253	4	1.129707	0.1914712	0.4199294
253	7	-0.1131851	0.5632311	0.3985855
254	4	1.129707	0.1914712	0.4199294
254	7	-0.1131851	0.5632311	0.3985855
255	4	1.129707	0.1914712	0.4199294
255	7	-0.1131851	0.5632311	0.3985855
256	4	1.129707	0.1914712	0.4199294
256	7	-0.1131851	0.5632311	0.3985855
257	4	1.129707	0.1914712	0.4199294
257	7	-0.1131851	0.5632311	0.3985855
258	4	1.147391	0.1861818	0.4202331
258	7	-0.1222576	0.5659448	0.3984297
259	4	1.147391	0.1861818	0.4202331
259	7	-0.1222576	0.5659448	0.3984297
260	4	1.147391	0.1861818	0.4202331
260	7	-0.1222576	0.5659448	0.3984297
261	4	1.147391	0.1861818	0.4202331
261	7	-0.1222576	0.5659448	0.3984297
262	4	1.147391	0.1861818	0.4202331
262	7	-0.1222576	0.5659448	0.3984297
263	4	1.147391	0.1861818	0.4202331
263	7	-0.1222576	0.5659448	0.3984297
291	4	1.201074	0.1701247	0.4211549
291	7	-0.1490261	0.5739515	0.39797
292	4	1.201074	0.1701247	0.4211549
292	7	-0.1490261	0.5739515	0.39797
293	4	1.201074	0.1701247	0.4211549
293	7	-0.1490261	0.5739515	0.39797
294	4	1.201074	0.1701247	0.4211549
294	7	-0.1490261	0.5739515	0.39797
295	4	1.201074	0.1701247	0.4211549
295	7	-0.1490261	0.5739515	0.39797
296	4	1.201074	0.1701247	0.4211549
296	7	-0.1490261	0.5739515	0.39797
297	4	1.201074	0.1701247	0.4211549
297	7	-0.1490261	0.5739515	0.39797
298	4	1.201074	0.1701247	0.4211549
298	7	-0.1490261	0.5739515	0.39797
299	4	1.201074	0.1701247	0.4211549
299	7	-0.1490261	0.5739515	0.39797
300	4	1.201074	0.1701247	0.4211549
300	7	-0.1490261	0.5739515	0.39797
301	4	1.201074	0.1701247	0.4211549
301	7	-0.1490261	0.5739515	0.39797
302	4	1.201074	0.1701247	0.4211549
302	7	-0.1490261	0.5739515	0.39797
303	4	1.201074	0.1701247	0.4211549
303	7	-0.1490261	0.5739515	0.39797
304	4	1.201074	0.1701247	0.4211549
304	7	-0.1490261	0.5739515	0.39797
305	4	1.201074	0.1701247	0.4211549
305	7	-0.1490261	0.5739515	0.39797
306	4	1.201074	0.1701247	0.4211549
306	7	-0.1490261	0.5739515	0.39797
307	4	1.201074	0.1701247	0.4211549
307	7	-0.1490261	0.5739515	0.39797
308	4	1.201074	0.1701247	0.4211549
308	7	-0.1490261	0.5739515	0.39797
309	4	1.201074	0.1701247	0.4211549
309	7	-0.1490261	0.5739515	0.39797
310	4	1.201074	0.1701247	0.4211549
310	7	-0.1490261	0.5739515	0.39797
311	4	1.201074	0.1701247	0.4211549
311	7	-0.1490261	0.5739515	0.39797
312	4	1.201074	0.1701247	0.4211549
312	7	-0.1490261	0.5739515	0.39797
313	4	1.201074	0.1701247	0.4211549
313	7	-0.1490261	0.5739515	0.39797
314	4	1.201074	0.1701247	0.4211549
314	7	-0.1490261	0.5739515	0.39797
315	4	1.201074	0.1701247	0.4211549
315	7	-0.1490261	0.5739515	0.39797
316	4	-0.3257217	0.568114	0.9765136
316	7	0.04592774	0.5445007	0.1153129
316	10	1.348419	0.1298819	0.3857363
317	4	-0.1686817	0.5784003	0.4118069
317	7	-0.1686817	0.5784003	0.4118069
317	10	1.346447	0.1282023	0.4081929
318	4	-0.1686817	0.5784003	0.4118069
318	7	-0.1686817	0.5784003	0.4118069
318	10	1.346447	0.1282023	0.4081929
319	4	-0.1686817	0.5784003	0.4118069
319	7	-0.1686817	0.5784003	0.4118069
319	10	1.346447	0.1282023	0.4081929
320	4	-0.1686817	0.5784003	0.4118069
320	7	-0.1686817	0.5784003	0.4118069
320	10	1.346447	0.1282023	0.4081929
321	4	-0.1686817	0.5784003	0.4118069
321	7	-0.1686817	0.5784003	0.4118069
321	10	1.346447	0.1282023	0.4081929
322	4	-0.1686817	0.5784003	0.4118069
322	7	-0.1686817	0.5784003	0.4118069
322	10	1.346447	0.1282023	0.4081929
323	4	-0.1686817	0.5784003	0.4118069
323	7	-0.1686817	0.5784003	0.4118069
323	10	1.346447	0.1282023	0.4081929
324	4	-0.1686817	0.5784003	0.4118069
324	7	-0.1686817	0.5784003	0.4118069
324	10	1.346447	0.1282023	0.4081929
325	4	-0.1686817	0.5784003	0.4118069
325	7	-0.1686817	0.5784003	0.4118069
325	10	1.346447	0.1282023	0.4081929
326	4	-0.1686817	0.5784003	0.4118069
326	7	-0.1686817	0.5784003	0.4118069
326	10	1.346447	0.1282023	0.4081929
327	4	-0.1686817	0.5784003	0.4118069
327	7	-0.1686817	0.5784003	0.4118069
327	10	1.346447	0.1282023	0.4081929
328	4	-0.1686817	0.5784003	0.4118069
328	7	-0.1686817	0.5784003	0.4118069
328	10	1.346447	0.1282023	0.4081929
329	4	-0.1686817	0.5784003	0.4118069
329	7	-0.1686817	0.5784003	0.4118069
329	10	1.346447	0.1282023	0.4081929
330	4	-0.1686817	0.5784003	0.4118069
330	7	-0.1686817	0.5784003	0.4118069
330	10	1.346447	0.1282023	0.4081929
331	4	-0.1686817	0.5784003	0.4118069
331	7	-0.1686817	0.5784003	0.4118069
331	10	1.346447	0.1282023	0.4081929
332	4	-0.1686817	0.5784003	0.4118069
332	7	-0.1686817	0.5784003	0.4118069
332	10	1.346447	0.1282023	0.4081929
333	4	-0.1686817	0.5784003	0.4118069
333	7	-0.1686817	0.5784003	0.4118069
333	10	1.346447	0.1282023	0.4081929
334	4	-0.1686817	0.5784003	0.4118069
334	7	-0.1686817	0.5784003	0.4118069
334	10	1.346447	0.1282023	0.4081929
335	4	-0.1686817	0.5784003	0.4118069
335	7	-0.1686817	0.5784003	0.4118069
335	10	1.346447	0.1282023	0.4081929
336	4	-0.1686817	0.5784003	0.4118069
336	7	-0.1686817	0.5784003	0.4118069
336	10	1.346447	0.1282023	0.4081929
337	4	-0.1686817	0.5784003	0.4118069
337	7	-0.1686817	0.5784003	0.4118069
337	10	1.346447	0.1282023	0.4081929
338	4	-0.1686817	0.5784003	0.4118069
338	7	-0.1686817	0.5784003	0.4118069
338	10	1.346447	0.1282023	0.4081929
339	4	-0.1686817	0.5784003	0.4118069
339	7	-0.1686817	0.5784003	0.4118069
339	10	1.346447	0.1282023	0.4081929
340	4	-0.1686817	0.5784003	0.4118069
340	7	-0.1686817	0.5784003	0.4118069
340	10	1.346447	0.1282023	0.4081929
341	4	-0.1686817	0.5784003	0.4118069
341	7	-0.1686817	0.5784003	0.4118069
341	10	1.346447	0.1282023	0.4081929
342	4	-0.1686817	0.5784003	0.4118069
342	7	-0.1686817	0.5784003	0.4118069
342	10	1.346447	0.1282023	0.4081929
343	4	-0.2154185	0.5807678	0.5260723
343	7	-0.1165318	0.5731524	0.3101323
343	10	1.345302	0.1283606	0.4099988
344	4	-0.2154185	0.5807678	0.5260723
344	7	-0.1165318	0.5731524	0.3101323
344	10	1.345302	0.1283606	0.4099988
345	4	-0.2154185	0.5807678	0.5260723
345	7	-0.1165318	0.5731524	0.3101323
345	10	1.345302	0.1283606	0.4099988
346	1	1.186463	0.2055473	0.1131874
346	4	0.1358719	0.5215393	0.07779687
346	7	0.1358719	0.5215393	0.07779687
346	10	0.0006992106	0.4125616	1.556050
347	1	1.186463	0.2055473	0.1131874
347	4	0.1358719	0.5215393	0.07779687
347	7	0.1358719	0.5215393	0.07779687
347	10	0.0006992106	0.4125616	1.556050
348	1	1.186463	0.2055473	0.1131874
348	4	0.1358719	0.5215393	0.07779687
348	7	0.1358719	0.5215393	0.07779687
348	10	0.0006992106	0.4125616	1.556050
349	1	1.186463	0.2055473	0.1131874
349	4	0.1358719	0.5215393	0.07779687
349	7	0.1358719	0.5215393	0.07779687
349	10	0.0006992106	0.4125616	1.556050
350	1	1.186463	0.2055473	0.1131874
350	4	0.1358719	0.5215393	0.07779687
350	7	0.1358719	0.5215393	0.07779687
350	10	0.0006992106	0.4125616	1.556050
351	7	1.283391	0.1455028	0.4225686
351	10	-0.1879312	0.5855884	0.3973019
352	7	1.283391	0.1455028	0.4225686
352	10	-0.1879312	0.5855884	0.3973019
353	7	1.283391	0.1455028	0.4225686
353	10	-0.1879312	0.5855884	0.3973019
354	7	1.283391	0.1455028	0.4225686
354	10	-0.1879312	0.5855884	0.3973019
355	7	1.283391	0.1455028	0.4225686
355	10	-0.1879312	0.5855884	0.3973019
356	7	1.283391	0.1455028	0.4225686
356	10	-0.1879312	0.5855884	0.3973019
357	7	1.283391	0.1455028	0.4225686
357	10	-0.1879312	0.5855884	0.3973019
358	7	1.283391	0.1455028	0.4225686
358	10	-0.1879312	0.5855884	0.3973019
359	7	1.283391	0.1455028	0.4225686
359	10	-0.1879312	0.5855884	0.3973019
360	7	1.283391	0.1455028	0.4225686
360	10	-0.1879312	0.5855884	0.3973019
361	7	1.283391	0.1455028	0.4225686
361	10	-0.1879312	0.5855884	0.3973019
362	7	1.283391	0.1455028	0.4225686
362	10	-0.1879312	0.5855884	0.3973019
363	7	1.283391	0.1455028	0.4225686
363	10	-0.1879312	0.5855884	0.3973019
364	7	1.283391	0.1455028	0.4225686
364	10	-0.1879312	0.5855884	0.3973019
365	7	1.283391	0.1455028	0.4225686
365	10	-0.1879312	0.5855884	0.3973019
366	7	1.283391	0.1455028	0.4225686
366	10	-0.1879312	0.5855884	0.3973019
367	7	1.283391	0.1455028	0.4225686
367	10	-0.1879312	0.5855884	0.3973019
368	7	1.283391	0.1455028	0.4225686
368	10	-0.1879312	0.5855884	0.3973019
369	7	1.283391	0.1455028	0.4225686
369	10	-0.1879312	0.5855884	0.3973019
370	1	-0.2900525	0.538526	1.164605
370	4	-0.2900525	0.538526	1.164605
370	7	0.1217080	0.5267287	0.06811153
370	10	1.387113	0.1327884	0.2429080
371	1	-0.2900525	0.538526	1.164605
371	4	-0.2900525	0.538526	1.164605
371	7	0.1217080	0.5267287	0.06811153
371	10	1.387113	0.1327884	0.2429080
372	1	-0.2900525	0.538526	1.164605
372	4	-0.2900525	0.538526	1.164605
372	7	0.1217080	0.5267287	0.06811153
372	10	1.387113	0.1327884	0.2429080
373	1	-0.2900525	0.538526	1.164605
373	4	-0.2900525	0.538526	1.164605
373	7	0.1217080	0.5267287	0.06811153
373	10	1.387113	0.1327884	0.2429080
374	1	-0.2900525	0.538526	1.164605
374	4	-0.2900525	0.538526	1.164605
374	7	0.1217080	0.5267287	0.06811153
374	10	1.387113	0.1327884	0.2429080
375	1	-0.2900525	0.538526	1.164605
375	4	-0.2900525	0.538526	1.164605
375	7	0.1217080	0.5267287	0.06811153
375	10	1.387113	0.1327884	0.2429080
376	1	-0.2900525	0.538526	1.164605
376	4	-0.2900525	0.538526	1.164605
376	7	0.1217080	0.5267287	0.06811153
376	10	1.387113	0.1327884	0.2429080
377	1	-0.2900525	0.538526	1.164605
377	4	-0.2900525	0.538526	1.164605
377	7	0.1217080	0.5267287	0.06811153
377	10	1.387113	0.1327884	0.2429080
378	1	-0.2900525	0.538526	1.164605
378	4	-0.2900525	0.538526	1.164605
378	7	0.1217080	0.5267287	0.06811153
378	10	1.387113	0.1327884	0.2429080
379	1	-0.2900525	0.538526	1.164605
379	4	-0.2900525	0.538526	1.164605
379	7	0.1217080	0.5267287	0.06811153
379	10	1.387113	0.1327884	0.2429080
380	1	-0.2900525	0.538526	1.164605
380	4	-0.2900525	0.538526	1.164605
380	7	0.1217080	0.5267287	0.06811153
380	10	1.387113	0.1327884	0.2429080
381	1	-0.2900525	0.538526	1.164605
381	4	-0.2900525	0.538526	1.164605
381	7	0.1217080	0.5267287	0.06811153
381	10	1.387113	0.1327884	0.2429080
382	1	-0.2900525	0.538526	1.164605
382	4	-0.2900525	0.538526	1.164605
382	7	0.1217080	0.5267287	0.06811153
382	10	1.387113	0.1327884	0.2429080
383	1	-0.2900525	0.538526	1.164605
383	4	-0.2900525	0.538526	1.164605
383	7	0.1217080	0.5267287	0.06811153
383	10	1.387113	0.1327884	0.2429080
384	1	-0.2900525	0.538526	1.164605
384	4	-0.2900525	0.538526	1.164605
384	7	0.1217080	0.5267287	0.06811153
384	10	1.387113	0.1327884	0.2429080
385	1	-0.2900525	0.538526	1.164605
385	4	-0.2900525	0.538526	1.164605
385	7	0.1217080	0.5267287	0.06811153
385	10	1.387113	0.1327884	0.2429080
386	1	-0.2900525	0.538526	1.164605
386	4	-0.2900525	0.538526	1.164605
386	7	0.1217080	0.5267287	0.06811153
386	10	1.387113	0.1327884	0.2429080
387	1	-0.2900525	0.538526	1.164605
387	4	-0.2900525	0.538526	1.164605
387	7	0.1217080	0.5267287	0.06811153
387	10	1.387113	0.1327884	0.2429080
388	1	-0.2900525	0.538526	1.164605
388	4	-0.2900525	0.538526	1.164605
388	7	0.1217080	0.5267287	0.06811153
388	10	1.387113	0.1327884	0.2429080
389	1	-0.2900525	0.538526	1.164605
389	4	-0.2900525	0.538526	1.164605
389	7	0.1217080	0.5267287	0.06811153
389	10	1.387113	0.1327884	0.2429080
390	1	-0.2900525	0.538526	1.164605
390	4	-0.2900525	0.538526	1.164605
390	7	0.1217080	0.5267287	0.06811153
390	10	1.387113	0.1327884	0.2429080
391	1	-0.2900525	0.538526	1.164605
391	4	-0.2900525	0.538526	1.164605
391	7	0.1217080	0.5267287	0.06811153
391	10	1.387113	0.1327884	0.2429080
392	1	-0.2900525	0.538526	1.164605
392	4	-0.2900525	0.538526	1.164605
392	7	0.1217080	0.5267287	0.06811153
392	10	1.387113	0.1327884	0.2429080
393	1	-0.2900525	0.538526	1.164605
393	4	-0.2900525	0.538526	1.164605
393	7	0.1217080	0.5267287	0.06811153
393	10	1.387113	0.1327884	0.2429080
394	1	-0.2900525	0.538526	1.164605
394	4	-0.2900525	0.538526	1.164605
394	7	0.1217080	0.5267287	0.06811153
394	10	1.387113	0.1327884	0.2429080
395	1	-0.2900525	0.538526	1.164605
395	4	-0.2900525	0.538526	1.164605
395	7	0.1217080	0.5267287	0.06811153
395	10	1.387113	0.1327884	0.2429080
396	1	-0.2900525	0.538526	1.164605
396	4	-0.2900525	0.538526	1.164605
396	7	0.1217080	0.5267287	0.06811153
396	10	1.387113	0.1327884	0.2429080
397	1	-0.2900525	0.538526	1.164605
397	4	-0.2900525	0.538526	1.164605
397	7	0.1217080	0.5267287	0.06811153
397	10	1.387113	0.1327884	0.2429080
398	1	-0.2900525	0.538526	1.164605
398	4	-0.2900525	0.538526	1.164605
398	7	0.1217080	0.5267287	0.06811153
398	10	1.387113	0.1327884	0.2429080
399	1	-0.2900525	0.538526	1.164605
399	4	-0.2900525	0.538526	1.164605
399	7	0.1217080	0.5267287	0.06811153
399	10	1.387113	0.1327884	0.2429080
400	1	-0.2900525	0.538526	1.164605
400	4	-0.2900525	0.538526	1.164605
400	7	0.1217080	0.5267287	0.06811153
400	10	1.387113	0.1327884	0.2429080
401	1	-0.2900525	0.538526	1.164605
401	4	-0.2900525	0.538526	1.164605
401	7	0.1217080	0.5267287	0.06811153
401	10	1.387113	0.1327884	0.2429080
402	1	-0.2900525	0.538526	1.164605
402	4	-0.2900525	0.538526	1.164605
402	7	0.1217080	0.5267287	0.06811153
402	10	1.387113	0.1327884	0.2429080
403	1	-0.2900525	0.538526	1.164605
403	4	-0.2900525	0.538526	1.164605
403	7	0.1217080	0.5267287	0.06811153
403	10	1.387113	0.1327884	0.2429080
404	1	-0.2900525	0.538526	1.164605
404	4	-0.2900525	0.538526	1.164605
404	7	0.1217080	0.5267287	0.06811153
404	10	1.387113	0.1327884	0.2429080
405	1	-0.2900525	0.538526	1.164605
405	4	-0.2900525	0.538526	1.164605
405	7	0.1217080	0.5267287	0.06811153
405	10	1.387113	0.1327884	0.2429080
406	1	-0.2900525	0.538526	1.164605
406	4	-0.2900525	0.538526	1.164605
406	7	0.1217080	0.5267287	0.06811153
406	10	1.387113	0.1327884	0.2429080
407	1	-0.2900525	0.538526	1.164605
407	4	-0.2900525	0.538526	1.164605
407	7	0.1217080	0.5267287	0.06811153
407	10	1.387113	0.1327884	0.2429080
408	1	-0.2900525	0.538526	1.164605
408	4	-0.2900525	0.538526	1.164605
408	7	0.1217080	0.5267287	0.06811153
408	10	1.387113	0.1327884	0.2429080
409	1	-0.2900525	0.538526	1.164605
409	4	-0.2900525	0.538526	1.164605
409	7	0.1217080	0.5267287	0.06811153
409	10	1.387113	0.1327884	0.2429080
410	1	-0.2900525	0.538526	1.164605
410	4	-0.2900525	0.538526	1.164605
410	7	0.1217080	0.5267287	0.06811153
410	10	1.387113	0.1327884	0.2429080
411	1	-0.2900525	0.538526	1.164605
411	4	-0.2900525	0.538526	1.164605
411	7	0.1217080	0.5267287	0.06811153
411	10	1.387113	0.1327884	0.2429080
412	1	-0.2900525	0.538526	1.164605
412	4	-0.2900525	0.538526	1.164605
412	7	0.1217080	0.5267287	0.06811153
412	10	1.387113	0.1327884	0.2429080
413	1	-0.2900525	0.538526	1.164605
413	4	-0.2900525	0.538526	1.164605
413	7	0.1217080	0.5267287	0.06811153
413	10	1.387113	0.1327884	0.2429080
414	1	-0.2900525	0.538526	1.164605
414	4	-0.2900525	0.538526	1.164605
414	7	0.1217080	0.5267287	0.06811153
414	10	1.387113	0.1327884	0.2429080
415	1	-0.2900525	0.538526	1.164605
415	4	-0.2900525	0.538526	1.164605
415	7	0.1217080	0.5267287	0.06811153
415	10	1.387113	0.1327884	0.2429080
416	1	-0.2900525	0.538526	1.164605
416	4	-0.2900525	0.538526	1.164605
416	7	0.1217080	0.5267287	0.06811153
416	10	1.387113	0.1327884	0.2429080
417	1	-0.2900525	0.538526	1.164605
417	4	-0.2900525	0.538526	1.164605
417	7	0.1217080	0.5267287	0.06811153
417	10	1.387113	0.1327884	0.2429080
418	1	-0.2900525	0.538526	1.164605
418	4	-0.2900525	0.538526	1.164605
418	7	0.1217080	0.5267287	0.06811153
418	10	1.387113	0.1327884	0.2429080
419	1	-0.2900525	0.538526	1.164605
419	4	-0.2900525	0.538526	1.164605
419	7	0.1217080	0.5267287	0.06811153
419	10	1.387113	0.1327884	0.2429080
420	1	-0.2900525	0.538526	1.164605
420	4	-0.2900525	0.538526	1.164605
420	7	0.1217080	0.5267287	0.06811153
420	10	1.387113	0.1327884	0.2429080
421	1	-0.2900525	0.538526	1.164605
421	4	-0.2900525	0.538526	1.164605
421	7	0.1217080	0.5267287	0.06811153
421	10	1.387113	0.1327884	0.2429080
422	1	-0.2900525	0.538526	1.164605
422	4	-0.2900525	0.538526	1.164605
422	7	0.1217080	0.5267287	0.06811153
422	10	1.387113	0.1327884	0.2429080
423	1	-0.2900525	0.538526	1.164605
423	4	-0.2900525	0.538526	1.164605
423	7	0.1217080	0.5267287	0.06811153
423	10	1.387113	0.1327884	0.2429080
424	1	-0.2900525	0.538526	1.164605
424	4	-0.2900525	0.538526	1.164605
424	7	0.1217080	0.5267287	0.06811153
424	10	1.387113	0.1327884	0.2429080
425	1	-0.2900525	0.538526	1.164605
425	4	-0.2900525	0.538526	1.164605
425	7	0.1217080	0.5267287	0.06811153
425	10	1.387113	0.1327884	0.2429080
426	1	-0.2900525	0.538526	1.164605
426	4	-0.2900525	0.538526	1.164605
426	7	0.1217080	0.5267287	0.06811153
426	10	1.387113	0.1327884	0.2429080
427	1	-0.2900525	0.538526	1.164605
427	4	-0.2900525	0.538526	1.164605
427	7	0.1217080	0.5267287	0.06811153
427	10	1.387113	0.1327884	0.2429080
428	1	-0.2900525	0.538526	1.164605
428	4	-0.2900525	0.538526	1.164605
428	7	0.1217080	0.5267287	0.06811153
428	10	1.387113	0.1327884	0.2429080
429	1	-0.2900525	0.538526	1.164605
429	4	-0.2900525	0.538526	1.164605
429	7	0.1217080	0.5267287	0.06811153
429	10	1.387113	0.1327884	0.2429080
430	1	-0.2900525	0.538526	1.164605
430	4	-0.2900525	0.538526	1.164605
430	7	0.1217080	0.5267287	0.06811153
430	10	1.387113	0.1327884	0.2429080
431	1	-0.2900525	0.538526	1.164605
431	4	-0.2900525	0.538526	1.164605
431	7	0.1217080	0.5267287	0.06811153
431	10	1.387113	0.1327884	0.2429080
432	1	-0.2900525	0.538526	1.164605
432	4	-0.2900525	0.538526	1.164605
432	7	0.1217080	0.5267287	0.06811153
432	10	1.387113	0.1327884	0.2429080
433	1	-0.2900525	0.538526	1.164605
433	4	-0.2900525	0.538526	1.164605
433	7	0.1217080	0.5267287	0.06811153
433	10	1.387113	0.1327884	0.2429080
434	1	-0.2900525	0.538526	1.164605
434	4	-0.2900525	0.538526	1.164605
434	7	0.1217080	0.5267287	0.06811153
434	10	1.387113	0.1327884	0.2429080
435	1	-0.2900525	0.538526	1.164605
435	4	-0.2900525	0.538526	1.164605
435	7	0.1217080	0.5267287	0.06811153
435	10	1.387113	0.1327884	0.2429080
436	1	-0.2900525	0.538526	1.164605
436	4	-0.2900525	0.538526	1.164605
436	7	0.1217080	0.5267287	0.06811153
436	10	1.387113	0.1327884	0.2429080
437	1	-0.2900525	0.538526	1.164605
437	4	-0.2900525	0.538526	1.164605
437	7	0.1217080	0.5267287	0.06811153
437	10	1.387113	0.1327884	0.2429080
438	1	-0.2900525	0.538526	1.164605
438	4	-0.2900525	0.538526	1.164605
438	7	0.1217080	0.5267287	0.06811153
438	10	1.387113	0.1327884	0.2429080
439	1	-0.2900525	0.538526	1.164605
439	4	-0.2900525	0.538526	1.164605
439	7	0.1217080	0.5267287	0.06811153
439	10	1.387113	0.1327884	0.2429080
440	1	-0.2900525	0.538526	1.164605
440	4	-0.2900525	0.538526	1.164605
440	7	0.1217080	0.5267287	0.06811153
440	10	1.387113	0.1327884	0.2429080
441	1	-0.2900525	0.538526	1.164605
441	4	-0.2900525	0.538526	1.164605
441	7	0.1217080	0.5267287	0.06811153
441	10	1.387113	0.1327884	0.2429080
442	1	1.052452	0.1884111	0.6779132
442	4	-0.3075525	0.5487468	1.114892
442	7	0.4075139	0.4472439	0.01353987
443	1	1.052452	0.1884111	0.6779132
443	4	-0.3075525	0.5487468	1.114892
443	7	0.4075139	0.4472439	0.01353987
444	1	1.052452	0.1884111	0.6779132
444	4	-0.3075525	0.5487468	1.114892
444	7	0.4075139	0.4472439	0.01353987
445	1	1.052452	0.1884111	0.6779132
445	4	-0.3075525	0.5487468	1.114892
445	7	0.4075139	0.4472439	0.01353987
446	1	-0.2900525	0.538526	1.164605
446	4	-0.2900525	0.538526	1.164605
446	7	0.1217080	0.5267287	0.06811153
446	10	1.387113	0.1327884	0.2429080
447	1	-0.2900525	0.538526	1.164605
447	4	-0.2900525	0.538526	1.164605
447	7	0.1217080	0.5267287	0.06811153
447	10	1.387113	0.1327884	0.2429080
448	1	-0.2900525	0.538526	1.164605
448	4	-0.2900525	0.538526	1.164605
448	7	0.1217080	0.5267287	0.06811153
448	10	1.387113	0.1327884	0.2429080
449	1	-0.2900525	0.538526	1.164605
449	4	-0.2900525	0.538526	1.164605
449	7	0.1217080	0.5267287	0.06811153
449	10	1.387113	0.1327884	0.2429080
450	1	-0.2900525	0.538526	1.164605
450	4	-0.2900525	0.538526	1.164605
450	7	0.1217080	0.5267287	0.06811153
450	10	1.387113	0.1327884	0.2429080
451	1	-0.2900525	0.538526	1.164605
451	4	-0.2900525	0.538526	1.164605
451	7	0.1217080	0.5267287	0.06811153
451	10	1.387113	0.1327884	0.2429080
452	1	-0.2900525	0.538526	1.164605
452	4	-0.2900525	0.538526	1.164605
452	7	0.1217080	0.5267287	0.06811153
452	10	1.387113	0.1327884	0.2429080
453	1	-0.2900525	0.538526	1.164605
453	4	-0.2900525	0.538526	1.164605
453	7	0.1217080	0.5267287	0.06811153
453	10	1.387113	0.1327884	0.2429080
454	1	-0.2900525	0.538526	1.164605
454	4	-0.2900525	0.538526	1.164605
454	7	0.1217080	0.5267287	0.06811153
454	10	1.387113	0.1327884	0.2429080
455	1	-0.2900525	0.538526	1.164605
455	4	-0.2900525	0.538526	1.164605
455	7	0.1217080	0.5267287	0.06811153
455	10	1.387113	0.1327884	0.2429080
456	1	-0.2900525	0.538526	1.164605
456	4	-0.2900525	0.538526	1.164605
456	7	0.1217080	0.5267287	0.06811153
456	10	1.387113	0.1327884	0.2429080
457	1	-0.2900525	0.538526	1.164605
457	4	-0.2900525	0.538526	1.164605
457	7	0.1217080	0.5267287	0.06811153
457	10	1.387113	0.1327884	0.2429080
458	1	-0.2900525	0.538526	1.164605
458	4	-0.2900525	0.538526	1.164605
458	7	0.1217080	0.5267287	0.06811153
458	10	1.387113	0.1327884	0.2429080
459	1	-0.2900525	0.538526	1.164605
459	4	-0.2900525	0.538526	1.164605
459	7	0.1217080	0.5267287	0.06811153
459	10	1.387113	0.1327884	0.2429080
460	1	-0.2900525	0.538526	1.164605
460	4	-0.2900525	0.538526	1.164605
460	7	0.1217080	0.5267287	0.06811153
460	10	1.387113	0.1327884	0.2429080
461	1	-0.2900525	0.538526	1.164605
461	4	-0.2900525	0.538526	1.164605
461	7	0.1217080	0.5267287	0.06811153
461	10	1.387113	0.1327884	0.2429080
462	1	1.151704	0.1748671	0.5196468
462	4	1.151704	0.1748671	0.5196468
462	7	0.3734979	0.4572635	0.01449012
462	10	-0.3499042	0.5750464	0.9790793
463	1	1.151704	0.1748671	0.5196468
463	4	1.151704	0.1748671	0.5196468
463	7	0.3734979	0.4572635	0.01449012
463	10	-0.3499042	0.5750464	0.9790793
464	1	1.151704	0.1748671	0.5196468
464	4	1.151704	0.1748671	0.5196468
464	7	0.3734979	0.4572635	0.01449012
464	10	-0.3499042	0.5750464	0.9790793
465	1	1.151704	0.1748671	0.5196468
465	4	1.151704	0.1748671	0.5196468
465	7	0.3734979	0.4572635	0.01449012
465	10	-0.3499042	0.5750464	0.9790793
466	1	1.151704	0.1748671	0.5196468
466	4	1.151704	0.1748671	0.5196468
466	7	0.3734979	0.4572635	0.01449012
466	10	-0.3499042	0.5750464	0.9790793
467	1	1.151704	0.1748671	0.5196468
467	4	1.151704	0.1748671	0.5196468
467	7	0.3734979	0.4572635	0.01449012
467	10	-0.3499042	0.5750464	0.9790793
468	1	1.151704	0.1748671	0.5196468
468	4	1.151704	0.1748671	0.5196468
468	7	0.3734979	0.4572635	0.01449012
468	10	-0.3499042	0.5750464	0.9790793
469	1	1.151704	0.1748671	0.5196468
469	4	1.151704	0.1748671	0.5196468
469	7	0.3734979	0.4572635	0.01449012
469	10	-0.3499042	0.5750464	0.9790793
470	1	1.151704	0.1748671	0.5196468
470	4	1.151704	0.1748671	0.5196468
470	7	0.3734979	0.4572635	0.01449012
470	10	-0.3499042	0.5750464	0.9790793
471	1	1.151704	0.1748671	0.5196468
471	4	1.151704	0.1748671	0.5196468
471	7	0.3734979	0.4572635	0.01449012
471	10	-0.3499042	0.5750464	0.9790793
472	1	1.151704	0.1748671	0.5196468
472	4	1.151704	0.1748671	0.5196468
472	7	0.3734979	0.4572635	0.01449012
472	10	-0.3499042	0.5750464	0.9790793
473	1	1.151704	0.1748671	0.5196468
473	4	1.151704	0.1748671	0.5196468
473	7	0.3734979	0.4572635	0.01449012
473	10	-0.3499042	0.5750464	0.9790793
474	1	1.151704	0.1748671	0.5196468
474	4	1.151704	0.1748671	0.5196468
474	7	0.3734979	0.4572635	0.01449012
474	10	-0.3499042	0.5750464	0.9790793
475	1	1.151704	0.1748671	0.5196468
475	4	1.151704	0.1748671	0.5196468
475	7	0.3734979	0.4572635	0.01449012
475	10	-0.3499042	0.5750464	0.9790793
476	1	1.151704	0.1748671	0.5196468
476	4	1.151704	0.1748671	0.5196468
476	7	0.3734979	0.4572635	0.01449012
476	10	-0.3499042	0.5750464	0.9790793
477	1	1.151704	0.1748671	0.5196468
477	4	1.151704	0.1748671	0.5196468
477	7	0.3734979	0.4572635	0.01449012
477	10	-0.3499042	0.5750464	0.9790793
478	1	1.151704	0.1748671	0.5196468
478	4	1.151704	0.1748671	0.5196468
478	7	0.3734979	0.4572635	0.01449012
478	10	-0.3499042	0.5750464	0.9790793
479	1	1.151704	0.1748671	0.5196468
479	4	1.151704	0.1748671	0.5196468
479	7	0.3734979	0.4572635	0.01449012
479	10	-0.3499042	0.5750464	0.9790793
480	1	1.151704	0.1748671	0.5196468
480	4	1.151704	0.1748671	0.5196468
480	7	0.3734979	0.4572635	0.01449012
480	10	-0.3499042	0.5750464	0.9790793
481	1	1.151704	0.1748671	0.5196468
481	4	1.151704	0.1748671	0.5196468
481	7	0.3734979	0.4572635	0.01449012
481	10	-0.3499042	0.5750464	0.9790793
482	1	1.151704	0.1748671	0.5196468
482	4	1.151704	0.1748671	0.5196468
482	7	0.3734979	0.4572635	0.01449012
482	10	-0.3499042	0.5750464	0.9790793
483	1	1.151704	0.1748671	0.5196468
483	4	1.151704	0.1748671	0.5196468
483	7	0.3734979	0.4572635	0.01449012
483	10	-0.3499042	0.5750464	0.9790793
484	1	1.151704	0.1748671	0.5196468
484	4	1.151704	0.1748671	0.5196468
484	7	0.3734979	0.4572635	0.01449012
484	10	-0.3499042	0.5750464	0.9790793
485	1	1.151704	0.1748671	0.5196468
485	4	1.151704	0.1748671	0.5196468
485	7	0.3734979	0.4572635	0.01449012
485	10	-0.3499042	0.5750464	0.9790793
486	1	1.151704	0.1748671	0.5196468
486	4	1.151704	0.1748671	0.5196468
486	7	0.3734979	0.4572635	0.01449012
486	10	-0.3499042	0.5750464	0.9790793
487	1	1.151704	0.1748671	0.5196468
487	4	1.151704	0.1748671	0.5196468
487	7	0.3734979	0.4572635	0.01449012
487	10	-0.3499042	0.5750464	0.9790793
488	1	1.151704	0.1748671	0.5196468
488	4	1.151704	0.1748671	0.5196468
488	7	0.3734979	0.4572635	0.01449012
488	10	-0.3499042	0.5750464	0.9790793
489	1	1.151704	0.1748671	0.5196468
489	4	1.151704	0.1748671	0.5196468
489	7	0.3734979	0.4572635	0.01449012
489	10	-0.3499042	0.5750464	0.9790793
490	1	1.151704	0.1748671	0.5196468
490	4	1.151704	0.1748671	0.5196468
490	7	0.3734979	0.4572635	0.01449012
490	10	-0.3499042	0.5750464	0.9790793
491	1	1.151704	0.1748671	0.5196468
491	4	1.151704	0.1748671	0.5196468
491	7	0.3734979	0.4572635	0.01449012
491	10	-0.3499042	0.5750464	0.9790793
492	1	1.151704	0.1748671	0.5196468
492	4	1.151704	0.1748671	0.5196468
492	7	0.3734979	0.4572635	0.01449012
492	10	-0.3499042	0.5750464	0.9790793
493	1	1.151704	0.1748671	0.5196468
493	4	1.151704	0.1748671	0.5196468
493	7	0.3734979	0.4572635	0.01449012
493	10	-0.3499042	0.5750464	0.9790793
494	1	1.151704	0.1748671	0.5196468
494	4	1.151704	0.1748671	0.5196468
494	7	0.3734979	0.4572635	0.01449012
494	10	-0.3499042	0.5750464	0.9790793
495	1	1.151704	0.1748671	0.5196468
495	4	1.151704	0.1748671	0.5196468
495	7	0.3734979	0.4572635	0.01449012
495	10	-0.3499042	0.5750464	0.9790793
496	1	1.151704	0.1748671	0.5196468
496	4	1.151704	0.1748671	0.5196468
496	7	0.3734979	0.4572635	0.01449012
496	10	-0.3499042	0.5750464	0.9790793
497	1	1.151704	0.1748671	0.5196468
497	4	1.151704	0.1748671	0.5196468
497	7	0.3734979	0.4572635	0.01449012
497	10	-0.3499042	0.5750464	0.9790793
498	1	1.151704	0.1748671	0.5196468
498	4	1.151704	0.1748671	0.5196468
498	7	0.3734979	0.4572635	0.01449012
498	10	-0.3499042	0.5750464	0.9790793
499	1	1.151704	0.1748671	0.5196468
499	4	1.151704	0.1748671	0.5196468
499	7	0.3734979	0.4572635	0.01449012
499	10	-0.3499042	0.5750464	0.9790793
500	1	1.151704	0.1748671	0.5196468
500	4	1.151704	0.1748671	0.5196468
500	7	0.3734979	0.4572635	0.01449012
500	10	-0.3499042	0.5750464	0.9790793
501	1	1.151704	0.1748671	0.5196468
501	4	1.151704	0.1748671	0.5196468
501	7	0.3734979	0.4572635	0.01449012
501	10	-0.3499042	0.5750464	0.9790793
502	1	1.151704	0.1748671	0.5196468
502	4	1.151704	0.1748671	0.5196468
502	7	0.3734979	0.4572635	0.01449012
502	10	-0.3499042	0.5750464	0.9790793
503	1	1.151704	0.1748671	0.5196468
503	4	1.151704	0.1748671	0.5196468
503	7	0.3734979	0.4572635	0.01449012
503	10	-0.3499042	0.5750464	0.9790793
504	1	1.151704	0.1748671	0.5196468
504	4	1.151704	0.1748671	0.5196468
504	7	0.3734979	0.4572635	0.01449012
504	10	-0.3499042	0.5750464	0.9790793
505	1	1.151704	0.1748671	0.5196468
505	4	1.151704	0.1748671	0.5196468
505	7	0.3734979	0.4572635	0.01449012
505	10	-0.3499042	0.5750464	0.9790793
506	1	1.151704	0.1748671	0.5196468
506	4	1.151704	0.1748671	0.5196468
506	7	0.3734979	0.4572635	0.01449012
506	10	-0.3499042	0.5750464	0.9790793
507	1	1.151704	0.1748671	0.5196468
507	4	1.151704	0.1748671	0.5196468
507	7	0.3734979	0.4572635	0.01449012
507	10	-0.3499042	0.5750464	0.9790793
508	1	1.151704	0.1748671	0.5196468
508	4	1.151704	0.1748671	0.5196468
508	7	0.3734979	0.4572635	0.01449012
508	10	-0.3499042	0.5750464	0.9790793
509	1	1.151704	0.1748671	0.5196468
509	4	1.151704	0.1748671	0.5196468
509	7	0.3734979	0.4572635	0.01449012
509	10	-0.3499042	0.5750464	0.9790793
510	1	1.151704	0.1748671	0.5196468
510	4	1.151704	0.1748671	0.5196468
510	7	0.3734979	0.4572635	0.01449012
510	10	-0.3499042	0.5750464	0.9790793
511	1	1.151704	0.1748671	0.5196468
511	4	1.151704	0.1748671	0.5196468
511	7	0.3734979	0.4572635	0.01449012
511	10	-0.3499042	0.5750464	0.9790793
512	1	1.151704	0.1748671	0.5196468
512	4	1.151704	0.1748671	0.5196468
512	7	0.3734979	0.4572635	0.01449012
512	10	-0.3499042	0.5750464	0.9790793
513	1	1.151704	0.1748671	0.5196468
513	4	1.151704	0.1748671	0.5196468
513	7	0.3734979	0.4572635	0.01449012
513	10	-0.3499042	0.5750464	0.9790793
514	1	1.151704	0.1748671	0.5196468
514	4	1.151704	0.1748671	0.5196468
514	7	0.3734979	0.4572635	0.01449012
514	10	-0.3499042	0.5750464	0.9790793
515	1	1.151704	0.1748671	0.5196468
515	4	1.151704	0.1748671	0.5196468
515	7	0.3734979	0.4572635	0.01449012
515	10	-0.3499042	0.5750464	0.9790793
516	1	1.151704	0.1748671	0.5196468
516	4	1.151704	0.1748671	0.5196468
516	7	0.3734979	0.4572635	0.01449012
516	10	-0.3499042	0.5750464	0.9790793
517	1	1.151704	0.1748671	0.5196468
517	4	1.151704	0.1748671	0.5196468
517	7	0.3734979	0.4572635	0.01449012
517	10	-0.3499042	0.5750464	0.9790793
518	1	1.151704	0.1748671	0.5196468
518	4	1.151704	0.1748671	0.5196468
518	7	0.3734979	0.4572635	0.01449012
518	10	-0.3499042	0.5750464	0.9790793
519	1	1.151704	0.1748671	0.5196468
519	4	1.151704	0.1748671	0.5196468
519	7	0.3734979	0.4572635	0.01449012
519	10	-0.3499042	0.5750464	0.9790793
520	1	1.151704	0.1748671	0.5196468
520	4	1.151704	0.1748671	0.5196468
520	7	0.3734979	0.4572635	0.01449012
520	10	-0.3499042	0.5750464	0.9790793
521	1	1.151704	0.1748671	0.5196468
521	4	1.151704	0.1748671	0.5196468
521	7	0.3734979	0.4572635	0.01449012
521	10	-0.3499042	0.5750464	0.9790793
522	1	1.151704	0.1748671	0.5196468
522	4	1.151704	0.1748671	0.5196468
522	7	0.3734979	0.4572635	0.01449012
522	10	-0.3499042	0.5750464	0.9790793
523	1	1.151704	0.1748671	0.5196468
523	4	1.151704	0.1748671	0.5196468
523	7	0.3734979	0.4572635	0.01449012
523	10	-0.3499042	0.5750464	0.9790793
524	1	1.151704	0.1748671	0.5196468
524	4	1.151704	0.1748671	0.5196468
524	7	0.3734979	0.4572635	0.01449012
524	10	-0.3499042	0.5750464	0.9790793
525	1	1.151704	0.1748671	0.5196468
525	4	1.151704	0.1748671	0.5196468
525	7	0.3734979	0.4572635	0.01449012
525	10	-0.3499042	0.5750464	0.9790793
526	1	-0.1696199	0.5770142	0.4283074
526	4	-0.1696199	0.5770142	0.4283074
526	7	0.2521009	0.3592285	1.343712
526	10	1.165550	0.2160159	0.0710786
527	1	-0.1696199	0.5770142	0.4283074
527	4	-0.1696199	0.5770142	0.4283074
527	7	0.2521009	0.3592285	1.343712
527	10	1.165550	0.2160159	0.0710786
528	1	-0.1696199	0.5770142	0.4283074
528	4	-0.1696199	0.5770142	0.4283074
528	7	0.2521009	0.3592285	1.343712
528	10	1.165550	0.2160159	0.0710786
529	1	-0.1696199	0.5770142	0.4283074
529	4	-0.1696199	0.5770142	0.4283074
529	7	0.2521009	0.3592285	1.343712
529	10	1.165550	0.2160159	0.0710786
530	1	-0.1696199	0.5770142	0.4283074
530	4	-0.1696199	0.5770142	0.4283074
530	7	0.2521009	0.3592285	1.343712
530	10	1.165550	0.2160159	0.0710786
531	1	1.052452	0.1884111	0.6779132
531	4	-0.3075525	0.5487468	1.114892
531	7	0.4075139	0.4472439	0.01353987
532	1	1.052452	0.1884111	0.6779132
532	4	-0.3075525	0.5487468	1.114892
532	7	0.4075139	0.4472439	0.01353987
533	1	1.052452	0.1884111	0.6779132
533	4	-0.3075525	0.5487468	1.114892
533	7	0.4075139	0.4472439	0.01353987
534	1	1.052452	0.1884111	0.6779132
534	4	-0.3075525	0.5487468	1.114892
534	7	0.4075139	0.4472439	0.01353987
535	1	1.052452	0.1884111	0.6779132
535	4	-0.3075525	0.5487468	1.114892
535	7	0.4075139	0.4472439	0.01353987
536	1	1.052452	0.1884111	0.6779132
536	4	-0.3075525	0.5487468	1.114892
536	7	0.4075139	0.4472439	0.01353987
537	1	1.052452	0.1884111	0.6779132
537	4	-0.3075525	0.5487468	1.114892
537	7	0.4075139	0.4472439	0.01353987
538	1	1.052452	0.1884111	0.6779132
538	4	-0.3075525	0.5487468	1.114892
538	7	0.4075139	0.4472439	0.01353987
539	1	1.052452	0.1884111	0.6779132
539	4	-0.3075525	0.5487468	1.114892
539	7	0.4075139	0.4472439	0.01353987
540	1	-0.1534225	0.5752665	0.3978945
540	4	1.210114	0.1674207	0.4213102
541	1	-0.1534225	0.5752665	0.3978945
541	4	1.210114	0.1674207	0.4213102
542	1	-0.1534225	0.5752665	0.3978945
542	4	1.210114	0.1674207	0.4213102
543	1	-0.1534225	0.5752665	0.3978945
543	4	1.210114	0.1674207	0.4213102
544	1	-0.1534225	0.5752665	0.3978945
544	4	1.210114	0.1674207	0.4213102
545	1	-0.1534225	0.5752665	0.3978945
545	4	1.210114	0.1674207	0.4213102
546	1	-0.1534225	0.5752665	0.3978945
546	4	1.210114	0.1674207	0.4213102
547	1	-0.1534225	0.5752665	0.3978945
547	4	1.210114	0.1674207	0.4213102
548	1	1.187289	0.1673533	0.4892392
548	4	-0.2978528	0.5438399	1.134933
548	7	0.3241674	0.4705673	0.02802538
549	1	1.187289	0.1673533	0.4892392
549	4	-0.2978528	0.5438399	1.134933
549	7	0.3241674	0.4705673	0.02802538
550	1	1.187289	0.1673533	0.4892392
550	4	-0.2978528	0.5438399	1.134933
550	7	0.3241674	0.4705673	0.02802538
551	1	1.187289	0.1673533	0.4892392
551	4	-0.2978528	0.5438399	1.134933
551	7	0.3241674	0.4705673	0.02802538
552	1	1.187289	0.1673533	0.4892392
552	4	-0.2978528	0.5438399	1.134933
552	7	0.3241674	0.4705673	0.02802538
553	1	1.187289	0.1673533	0.4892392
553	4	-0.2978528	0.5438399	1.134933
553	7	0.3241674	0.4705673	0.02802538
554	1	1.187289	0.1673533	0.4892392
554	4	-0.2978528	0.5438399	1.134933
554	7	0.3241674	0.4705673	0.02802538
555	1	1.187289	0.1673533	0.4892392
555	4	-0.2978528	0.5438399	1.134933
555	7	0.3241674	0.4705673	0.02802538
556	1	1.187289	0.1673533	0.4892392
556	4	-0.2978528	0.5438399	1.134933
556	7	0.3241674	0.4705673	0.02802538
557	1	1.187289	0.1673533	0.4892392
557	4	-0.2978528	0.5438399	1.134933
557	7	0.3241674	0.4705673	0.02802538
558	1	1.187289	0.1673533	0.4892392
558	4	-0.2978528	0.5438399	1.134933
558	7	0.3241674	0.4705673	0.02802538
559	1	1.187289	0.1673533	0.4892392
559	4	-0.2978528	0.5438399	1.134933
559	7	0.3241674	0.4705673	0.02802538
560	1	1.187289	0.1673533	0.4892392
560	4	-0.2978528	0.5438399	1.134933
560	7	0.3241674	0.4705673	0.02802538
561	1	1.187289	0.1673533	0.4892392
561	4	-0.2978528	0.5438399	1.134933
561	7	0.3241674	0.4705673	0.02802538
562	1	1.187289	0.1673533	0.4892392
562	4	-0.2978528	0.5438399	1.134933
562	7	0.3241674	0.4705673	0.02802538
563	1	1.187289	0.1673533	0.4892392
563	4	-0.2978528	0.5438399	1.134933
563	7	0.3241674	0.4705673	0.02802538
564	1	1.187289	0.1673533	0.4892392
564	4	-0.2978528	0.5438399	1.134933
564	7	0.3241674	0.4705673	0.02802538
565	1	1.187289	0.1673533	0.4892392
565	4	-0.2978528	0.5438399	1.134933
565	7	0.3241674	0.4705673	0.02802538
566	1	1.187289	0.1673533	0.4892392
566	4	-0.2978528	0.5438399	1.134933
566	7	0.3241674	0.4705673	0.02802538
567	1	1.187289	0.1673533	0.4892392
567	4	-0.2978528	0.5438399	1.134933
567	7	0.3241674	0.4705673	0.02802538
568	1	1.187289	0.1673533	0.4892392
568	4	-0.2978528	0.5438399	1.134933
568	7	0.3241674	0.4705673	0.02802538
569	1	1.187289	0.1673533	0.4892392
569	4	-0.2978528	0.5438399	1.134933
569	7	0.3241674	0.4705673	0.02802538
570	1	1.187289	0.1673533	0.4892392
570	4	-0.2978528	0.5438399	1.134933
570	7	0.3241674	0.4705673	0.02802538
571	1	1.187289	0.1673533	0.4892392
571	4	-0.2978528	0.5438399	1.134933
571	7	0.3241674	0.4705673	0.02802538
572	1	1.187289	0.1673533	0.4892392
572	4	-0.2978528	0.5438399	1.134933
572	7	0.3241674	0.4705673	0.02802538
573	1	1.187289	0.1673533	0.4892392
573	4	-0.2978528	0.5438399	1.134933
573	7	0.3241674	0.4705673	0.02802538
574	1	1.187289	0.1673533	0.4892392
574	4	-0.2978528	0.5438399	1.134933
574	7	0.3241674	0.4705673	0.02802538
575	1	1.187289	0.1673533	0.4892392
575	4	-0.2978528	0.5438399	1.134933
575	7	0.3241674	0.4705673	0.02802538
576	1	1.187289	0.1673533	0.4892392
576	4	-0.2978528	0.5438399	1.134933
576	7	0.3241674	0.4705673	0.02802538
577	1	1.187289	0.1673533	0.4892392
577	4	-0.2978528	0.5438399	1.134933
577	7	0.3241674	0.4705673	0.02802538
578	1	1.187289	0.1673533	0.4892392
578	4	-0.2978528	0.5438399	1.134933
578	7	0.3241674	0.4705673	0.02802538
579	1	1.187289	0.1673533	0.4892392
579	4	-0.2978528	0.5438399	1.134933
579	7	0.3241674	0.4705673	0.02802538
580	1	1.187289	0.1673533	0.4892392
580	4	-0.2978528	0.5438399	1.134933
580	7	0.3241674	0.4705673	0.02802538
581	1	1.187289	0.1673533	0.4892392
581	4	-0.2978528	0.5438399	1.134933
581	7	0.3241674	0.4705673	0.02802538
582	1	1.187289	0.1673533	0.4892392
582	4	-0.2978528	0.5438399	1.134933
582	7	0.3241674	0.4705673	0.02802538
583	1	1.187289	0.1673533	0.4892392
583	4	-0.2978528	0.5438399	1.134933
583	7	0.3241674	0.4705673	0.02802538
584	1	1.187289	0.1673533	0.4892392
584	4	-0.2978528	0.5438399	1.134933
584	7	0.3241674	0.4705673	0.02802538
585	1	1.187289	0.1673533	0.4892392
585	4	-0.2978528	0.5438399	1.134933
585	7	0.3241674	0.4705673	0.02802538
586	1	1.187289	0.1673533	0.4892392
586	4	-0.2978528	0.5438399	1.134933
586	7	0.3241674	0.4705673	0.02802538
587	1	1.187289	0.1673533	0.4892392
587	4	-0.2978528	0.5438399	1.134933
587	7	0.3241674	0.4705673	0.02802538
588	1	1.187289	0.1673533	0.4892392
588	4	-0.2978528	0.5438399	1.134933
588	7	0.3241674	0.4705673	0.02802538
589	1	1.187289	0.1673533	0.4892392
589	4	-0.2978528	0.5438399	1.134933
589	7	0.3241674	0.4705673	0.02802538
590	1	1.187289	0.1673533	0.4892392
590	4	-0.2978528	0.5438399	1.134933
590	7	0.3241674	0.4705673	0.02802538
591	1	1.187289	0.1673533	0.4892392
591	4	-0.2978528	0.5438399	1.134933
591	7	0.3241674	0.4705673	0.02802538
592	1	1.187289	0.1673533	0.4892392
592	4	-0.2978528	0.5438399	1.134933
592	7	0.3241674	0.4705673	0.02802538
593	1	1.187289	0.1673533	0.4892392
593	4	-0.2978528	0.5438399	1.134933
593	7	0.3241674	0.4705673	0.02802538
594	1	1.187289	0.1673533	0.4892392
594	4	-0.2978528	0.5438399	1.134933
594	7	0.3241674	0.4705673	0.02802538
595	1	1.187289	0.1673533	0.4892392
595	4	-0.2978528	0.5438399	1.134933
595	7	0.3241674	0.4705673	0.02802538
596	1	1.187289	0.1673533	0.4892392
596	4	-0.2978528	0.5438399	1.134933
596	7	0.3241674	0.4705673	0.02802538
597	1	1.187289	0.1673533	0.4892392
597	4	-0.2978528	0.5438399	1.134933
597	7	0.3241674	0.4705673	0.02802538
598	1	1.187289	0.1673533	0.4892392
598	4	-0.2978528	0.5438399	1.134933
598	7	0.3241674	0.4705673	0.02802538
599	1	1.187289	0.1673533	0.4892392
599	4	-0.2978528	0.5438399	1.134933
599	7	0.3241674	0.4705673	0.02802538
600	1	1.187289	0.1673533	0.4892392
600	4	-0.2978528	0.5438399	1.134933
600	7	0.3241674	0.4705673	0.02802538
601	1	1.187289	0.1673533	0.4892392
601	4	-0.2978528	0.5438399	1.134933
601	7	0.3241674	0.4705673	0.02802538
602	1	1.187289	0.1673533	0.4892392
602	4	-0.2978528	0.5438399	1.134933
602	7	0.3241674	0.4705673	0.02802538
603	1	1.187289	0.1673533	0.4892392
603	4	-0.2978528	0.5438399	1.134933
603	7	0.3241674	0.4705673	0.02802538
604	1	1.187289	0.1673533	0.4892392
604	4	-0.2978528	0.5438399	1.134933
604	7	0.3241674	0.4705673	0.02802538
605	1	1.187289	0.1673533	0.4892392
605	4	-0.2978528	0.5438399	1.134933
605	7	0.3241674	0.4705673	0.02802538
606	1	1.187289	0.1673533	0.4892392
606	4	-0.2978528	0.5438399	1.134933
606	7	0.3241674	0.4705673	0.02802538
607	1	1.187289	0.1673533	0.4892392
607	4	-0.2978528	0.5438399	1.134933
607	7	0.3241674	0.4705673	0.02802538
608	1	1.187289	0.1673533	0.4892392
608	4	-0.2978528	0.5438399	1.134933
608	7	0.3241674	0.4705673	0.02802538
609	1	1.187289	0.1673533	0.4892392
609	4	-0.2978528	0.5438399	1.134933
609	7	0.3241674	0.4705673	0.02802538
610	1	1.187289	0.1673533	0.4892392
610	4	-0.2978528	0.5438399	1.134933
610	7	0.3241674	0.4705673	0.02802538
611	1	1.187289	0.1673533	0.4892392
611	4	-0.2978528	0.5438399	1.134933
611	7	0.3241674	0.4705673	0.02802538
612	1	1.187289	0.1673533	0.4892392
612	4	-0.2978528	0.5438399	1.134933
612	7	0.3241674	0.4705673	0.02802538
613	1	1.187289	0.1673533	0.4892392
613	4	-0.2978528	0.5438399	1.134933
613	7	0.3241674	0.4705673	0.02802538
614	1	1.240438	0.1583504	0.4218309
614	4	-0.1386958	0.5708616	0.3981474
614	7	-0.1386958	0.5708616	0.3981474
615	1	1.240438	0.1583504	0.4218309
615	4	-0.1386958	0.5708616	0.3981474
615	7	-0.1386958	0.5708616	0.3981474
616	1	1.240438	0.1583504	0.4218309
616	4	-0.1386958	0.5708616	0.3981474
616	7	-0.1386958	0.5708616	0.3981474
617	1	1.240438	0.1583504	0.4218309
617	4	-0.1386958	0.5708616	0.3981474
617	7	-0.1386958	0.5708616	0.3981474
618	1	1.240438	0.1583504	0.4218309
618	4	-0.1386958	0.5708616	0.3981474
618	7	-0.1386958	0.5708616	0.3981474
619	1	1.240438	0.1583504	0.4218309
619	4	-0.1386958	0.5708616	0.3981474
619	7	-0.1386958	0.5708616	0.3981474
620	1	1.240438	0.1583504	0.4218309
620	4	-0.1386958	0.5708616	0.3981474
620	7	-0.1386958	0.5708616	0.3981474
621	1	1.240438	0.1583504	0.4218309
621	4	-0.1386958	0.5708616	0.3981474
621	7	-0.1386958	0.5708616	0.3981474
622	1	1.240438	0.1583504	0.4218309
622	4	-0.1386958	0.5708616	0.3981474
622	7	-0.1386958	0.5708616	0.3981474
623	1	1.240438	0.1583504	0.4218309
623	4	-0.1386958	0.5708616	0.3981474
623	7	-0.1386958	0.5708616	0.3981474
624	1	1.240438	0.1583504	0.4218309
624	4	-0.1386958	0.5708616	0.3981474
624	7	-0.1386958	0.5708616	0.3981474
625	1	1.240438	0.1583504	0.4218309
625	4	-0.1386958	0.5708616	0.3981474
625	7	-0.1386958	0.5708616	0.3981474
626	1	1.240438	0.1583504	0.4218309
626	4	-0.1386958	0.5708616	0.3981474
626	7	-0.1386958	0.5708616	0.3981474
627	1	1.240438	0.1583504	0.4218309
627	4	-0.1386958	0.5708616	0.3981474
627	7	-0.1386958	0.5708616	0.3981474
628	1	1.240438	0.1583504	0.4218309
628	4	-0.1386958	0.5708616	0.3981474
628	7	-0.1386958	0.5708616	0.3981474
629	1	1.240438	0.1583504	0.4218309
629	4	-0.1386958	0.5708616	0.3981474
629	7	-0.1386958	0.5708616	0.3981474
630	1	1.240438	0.1583504	0.4218309
630	4	-0.1386958	0.5708616	0.3981474
630	7	-0.1386958	0.5708616	0.3981474
631	1	1.240438	0.1583504	0.4218309
631	4	-0.1386958	0.5708616	0.3981474
631	7	-0.1386958	0.5708616	0.3981474
632	1	1.240438	0.1583504	0.4218309
632	4	-0.1386958	0.5708616	0.3981474
632	7	-0.1386958	0.5708616	0.3981474
633	1	1.240438	0.1583504	0.4218309
633	4	-0.1386958	0.5708616	0.3981474
633	7	-0.1386958	0.5708616	0.3981474
634	1	-0.01802626	0.4341201	1.397597
634	2	-0.1223709	0.4708637	1.340973
634	3	-0.2223597	0.5151658	1.196612
634	4	1.241360	0.1518856	0.4831766
634	5	-0.1367983	0.4803757	1.289229
634	6	0.2869513	0.4827841	0.01663372
634	7	1.241360	0.1518856	0.4831766
634	8	-0.1367983	0.4803757	1.289229
634	9	0.2869513	0.4827841	0.01663372
634	11	-0.01802626	0.4341201	1.397597
634	12	0.2661533	0.4894835	0.01153398
635	1	-0.01802626	0.4341201	1.397597
635	2	-0.1223709	0.4708637	1.340973
635	3	-0.2223597	0.5151658	1.196612
635	4	1.241360	0.1518856	0.4831766
635	5	-0.1367983	0.4803757	1.289229
635	6	0.2869513	0.4827841	0.01663372
635	7	1.241360	0.1518856	0.4831766
635	8	-0.1367983	0.4803757	1.289229
635	9	0.2869513	0.4827841	0.01663372
635	11	-0.01802626	0.4341201	1.397597
635	12	0.2661533	0.4894835	0.01153398
636	4	1.120904	0.1941041	0.4197782
636	7	1.120904	0.1941041	0.4197782
637	4	1.120904	0.1941041	0.4197782
637	7	1.120904	0.1941041	0.4197782
638	4	1.120904	0.1941041	0.4197782
638	7	1.120904	0.1941041	0.4197782
639	1	-0.06205669	0.4517546	1.352598
639	2	-0.03748852	0.4495088	1.302454
639	3	-0.01348569	0.44731	1.253510
639	4	-0.06205668	0.4517546	1.352598
639	5	-0.06205668	0.4517546	1.352598
639	6	0.6286184	0.3831921	-0.003300122
639	7	-0.06205668	0.4517546	1.352598
639	8	-0.0620567	0.4517546	1.352598
639	9	0.6286184	0.3831921	-0.003300122
639	10	-0.06205669	0.4517546	1.352598
639	11	-0.06205669	0.4517546	1.352598
639	12	0.6323037	0.3826816	-0.009101206
640	1	-0.06205669	0.4517546	1.352598
640	2	-0.03748852	0.4495088	1.302454
640	3	-0.01348569	0.44731	1.253510
640	4	-0.06205668	0.4517546	1.352598
640	5	-0.06205668	0.4517546	1.352598
640	6	0.6286184	0.3831921	-0.003300122
640	7	-0.06205668	0.4517546	1.352598
640	8	-0.0620567	0.4517546	1.352598
640	9	0.6286184	0.3831921	-0.003300122
640	10	-0.06205669	0.4517546	1.352598
640	11	-0.06205669	0.4517546	1.352598
640	12	0.6323037	0.3826816	-0.009101206
641	1	0.1200157	0.4005511	1.323460
641	2	-0.1603690	0.4876002	1.287097
641	3	-0.2744227	0.5547626	0.9576488
641	4	0.1200157	0.4005511	1.323460
641	5	0.1200157	0.4005511	1.323460
641	6	0.53648	0.4107617	-0.004983359
641	7	0.1200157	0.4005511	1.323460
641	8	0.1200157	0.4005511	1.323460
641	9	0.53648	0.4107617	-0.004983359
641	10	0.1200157	0.4005511	1.323460
641	11	0.1200157	0.4005511	1.323460
641	12	0.5450245	0.4088114	-0.01083684
642	1	0.1200157	0.4005511	1.323460
642	2	-0.1603690	0.4876002	1.287097
642	3	-0.2744227	0.5547626	0.9576488
642	4	0.1200157	0.4005511	1.323460
642	5	0.1200157	0.4005511	1.323460
642	6	0.53648	0.4107617	-0.004983359
642	7	0.1200157	0.4005511	1.323460
642	8	0.1200157	0.4005511	1.323460
642	9	0.53648	0.4107617	-0.004983359
642	10	0.1200157	0.4005511	1.323460
642	11	0.1200157	0.4005511	1.323460
642	12	0.5450245	0.4088114	-0.01083684
643	1	-0.1303586	0.5683679	0.3982906
643	2	-0.1122737	0.5629585	0.3986011
643	3	1.149165	0.1856512	0.4202635
643	4	-0.1303586	0.5683679	0.3982906
643	5	-0.1303586	0.5683679	0.3982906
643	7	-0.1303586	0.5683679	0.3982906
643	8	-0.1303586	0.5683679	0.3982906
643	10	-0.1303586	0.5683679	0.3982906
643	11	-0.1303586	0.5683679	0.3982906
643	12	1.408068	0.108211	0.4247096
644	1	1.120904	0.1941041	0.4197782
644	4	1.120904	0.1941041	0.4197782
644	5	1.120904	0.1941041	0.4197782
644	7	1.120904	0.1941041	0.4197782
644	8	1.120904	0.1941041	0.4197782
644	10	1.120904	0.1941041	0.4197782
644	11	1.120904	0.1941041	0.4197782
645	1	1.120904	0.1941041	0.4197782
645	4	1.120904	0.1941041	0.4197782
645	5	1.120904	0.1941041	0.4197782
645	7	1.120904	0.1941041	0.4197782
645	8	1.120904	0.1941041	0.4197782
645	10	1.120904	0.1941041	0.4197782
645	11	1.120904	0.1941041	0.4197782
646	1	-0.06205669	0.4517546	1.352598
646	2	-0.03748852	0.4495088	1.302454
646	3	-0.01348569	0.44731	1.253510
646	4	-0.06205668	0.4517546	1.352598
646	5	-0.06205668	0.4517546	1.352598
646	6	0.6286184	0.3831921	-0.003300122
646	7	-0.06205668	0.4517546	1.352598
646	8	-0.0620567	0.4517546	1.352598
646	9	0.6286184	0.3831921	-0.003300122
646	10	-0.06205669	0.4517546	1.352598
646	11	-0.06205669	0.4517546	1.352598
646	12	0.6323037	0.3826816	-0.009101206
647	1	-0.06205669	0.4517546	1.352598
647	2	-0.03748852	0.4495088	1.302454
647	3	-0.01348569	0.44731	1.253510
647	4	-0.06205668	0.4517546	1.352598
647	5	-0.06205668	0.4517546	1.352598
647	6	0.6286184	0.3831921	-0.003300122
647	7	-0.06205668	0.4517546	1.352598
647	8	-0.0620567	0.4517546	1.352598
647	9	0.6286184	0.3831921	-0.003300122
647	10	-0.06205669	0.4517546	1.352598
647	11	-0.06205669	0.4517546	1.352598
647	12	0.6323037	0.3826816	-0.009101206
648	1	-0.06205669	0.4517546	1.352598
648	2	-0.03748852	0.4495088	1.302454
648	3	-0.01348569	0.44731	1.253510
648	4	-0.06205668	0.4517546	1.352598
648	5	-0.06205668	0.4517546	1.352598
648	6	0.6286184	0.3831921	-0.003300122
648	7	-0.06205668	0.4517546	1.352598
648	8	-0.0620567	0.4517546	1.352598
648	9	0.6286184	0.3831921	-0.003300122
648	10	-0.06205669	0.4517546	1.352598
648	11	-0.06205669	0.4517546	1.352598
648	12	0.6323037	0.3826816	-0.009101206
649	1	-0.06205669	0.4517546	1.352598
649	2	-0.03748852	0.4495088	1.302454
649	3	-0.01348569	0.44731	1.253510
649	4	-0.06205668	0.4517546	1.352598
649	5	-0.06205668	0.4517546	1.352598
649	6	0.6286184	0.3831921	-0.003300122
649	7	-0.06205668	0.4517546	1.352598
649	8	-0.0620567	0.4517546	1.352598
649	9	0.6286184	0.3831921	-0.003300122
649	10	-0.06205669	0.4517546	1.352598
649	11	-0.06205669	0.4517546	1.352598
649	12	0.6323037	0.3826816	-0.009101206
650	1	-0.06205669	0.4517546	1.352598
650	2	-0.03748852	0.4495088	1.302454
650	3	-0.01348569	0.44731	1.253510
650	4	-0.06205668	0.4517546	1.352598
650	5	-0.06205668	0.4517546	1.352598
650	6	0.6286184	0.3831921	-0.003300122
650	7	-0.06205668	0.4517546	1.352598
650	8	-0.0620567	0.4517546	1.352598
650	9	0.6286184	0.3831921	-0.003300122
650	10	-0.06205669	0.4517546	1.352598
650	11	-0.06205669	0.4517546	1.352598
650	12	0.6323037	0.3826816	-0.009101206
651	1	-0.06205669	0.4517546	1.352598
651	2	-0.03748852	0.4495088	1.302454
651	3	-0.01348569	0.44731	1.253510
651	4	-0.06205668	0.4517546	1.352598
651	5	-0.06205668	0.4517546	1.352598
651	6	0.6286184	0.3831921	-0.003300122
651	7	-0.06205668	0.4517546	1.352598
651	8	-0.0620567	0.4517546	1.352598
651	9	0.6286184	0.3831921	-0.003300122
651	10	-0.06205669	0.4517546	1.352598
651	11	-0.06205669	0.4517546	1.352598
651	12	0.6323037	0.3826816	-0.009101206
652	1	-0.06205669	0.4517546	1.352598
652	2	-0.03748852	0.4495088	1.302454
652	3	-0.01348569	0.44731	1.253510
652	4	-0.06205668	0.4517546	1.352598
652	5	-0.06205668	0.4517546	1.352598
652	6	0.6286184	0.3831921	-0.003300122
652	7	-0.06205668	0.4517546	1.352598
652	8	-0.0620567	0.4517546	1.352598
652	9	0.6286184	0.3831921	-0.003300122
652	10	-0.06205669	0.4517546	1.352598
652	11	-0.06205669	0.4517546	1.352598
652	12	0.6323037	0.3826816	-0.009101206
653	1	-0.06205669	0.4517546	1.352598
653	2	-0.03748852	0.4495088	1.302454
653	3	-0.01348569	0.44731	1.253510
653	4	-0.06205668	0.4517546	1.352598
653	5	-0.06205668	0.4517546	1.352598
653	6	0.6286184	0.3831921	-0.003300122
653	7	-0.06205668	0.4517546	1.352598
653	8	-0.0620567	0.4517546	1.352598
653	9	0.6286184	0.3831921	-0.003300122
653	10	-0.06205669	0.4517546	1.352598
653	11	-0.06205669	0.4517546	1.352598
653	12	0.6323037	0.3826816	-0.009101206
654	1	-0.06205669	0.4517546	1.352598
654	2	-0.03748852	0.4495088	1.302454
654	3	-0.01348569	0.44731	1.253510
654	4	-0.06205668	0.4517546	1.352598
654	5	-0.06205668	0.4517546	1.352598
654	6	0.6286184	0.3831921	-0.003300122
654	7	-0.06205668	0.4517546	1.352598
654	8	-0.0620567	0.4517546	1.352598
654	9	0.6286184	0.3831921	-0.003300122
654	10	-0.06205669	0.4517546	1.352598
654	11	-0.06205669	0.4517546	1.352598
654	12	0.6323037	0.3826816	-0.009101206
655	1	-0.06205669	0.4517546	1.352598
655	2	-0.03748852	0.4495088	1.302454
655	3	-0.01348569	0.44731	1.253510
655	4	-0.06205668	0.4517546	1.352598
655	5	-0.06205668	0.4517546	1.352598
655	6	0.6286184	0.3831921	-0.003300122
655	7	-0.06205668	0.4517546	1.352598
655	8	-0.0620567	0.4517546	1.352598
655	9	0.6286184	0.3831921	-0.003300122
655	10	-0.06205669	0.4517546	1.352598
655	11	-0.06205669	0.4517546	1.352598
655	12	0.6323037	0.3826816	-0.009101206
656	1	0.04877879	0.4205611	1.335095
656	2	0.04877879	0.4205611	1.335095
656	3	-0.2975113	0.5531461	1.041706
656	4	0.04877879	0.4205611	1.335095
656	5	0.04877879	0.4205611	1.335095
656	6	0.589157	0.3951406	-0.005417442
656	7	0.04877879	0.4205611	1.335095
656	8	0.04877879	0.4205611	1.335095
656	9	0.589157	0.3951406	-0.005417442
656	10	0.04877879	0.4205611	1.335095
656	11	0.04877879	0.4205611	1.335095
656	12	0.6061432	0.3906363	-0.01083789
657	1	0.04877879	0.4205611	1.335095
657	2	0.04877879	0.4205611	1.335095
657	3	-0.2975113	0.5531461	1.041706
657	4	0.04877879	0.4205611	1.335095
657	5	0.04877879	0.4205611	1.335095
657	6	0.589157	0.3951406	-0.005417442
657	7	0.04877879	0.4205611	1.335095
657	8	0.04877879	0.4205611	1.335095
657	9	0.589157	0.3951406	-0.005417442
657	10	0.04877879	0.4205611	1.335095
657	11	0.04877879	0.4205611	1.335095
657	12	0.6061432	0.3906363	-0.01083789
658	1	0.04877879	0.4205611	1.335095
658	2	0.04877879	0.4205611	1.335095
658	3	-0.2975113	0.5531461	1.041706
658	4	0.04877879	0.4205611	1.335095
658	5	0.04877879	0.4205611	1.335095
658	6	0.589157	0.3951406	-0.005417442
658	7	0.04877879	0.4205611	1.335095
658	8	0.04877879	0.4205611	1.335095
658	9	0.589157	0.3951406	-0.005417442
658	10	0.04877879	0.4205611	1.335095
658	11	0.04877879	0.4205611	1.335095
658	12	0.6061432	0.3906363	-0.01083789
659	1	0.04877879	0.4205611	1.335095
659	2	0.04877879	0.4205611	1.335095
659	3	-0.2975113	0.5531461	1.041706
659	4	0.04877879	0.4205611	1.335095
659	5	0.04877879	0.4205611	1.335095
659	6	0.589157	0.3951406	-0.005417442
659	7	0.04877879	0.4205611	1.335095
659	8	0.04877879	0.4205611	1.335095
659	9	0.589157	0.3951406	-0.005417442
659	10	0.04877879	0.4205611	1.335095
659	11	0.04877879	0.4205611	1.335095
659	12	0.6061432	0.3906363	-0.01083789
660	1	0.04877879	0.4205611	1.335095
660	2	0.04877879	0.4205611	1.335095
660	3	-0.2975113	0.5531461	1.041706
660	4	0.04877879	0.4205611	1.335095
660	5	0.04877879	0.4205611	1.335095
660	6	0.589157	0.3951406	-0.005417442
660	7	0.04877879	0.4205611	1.335095
660	8	0.04877879	0.4205611	1.335095
660	9	0.589157	0.3951406	-0.005417442
660	10	0.04877879	0.4205611	1.335095
660	11	0.04877879	0.4205611	1.335095
660	12	0.6061432	0.3906363	-0.01083789
661	1	0.04877879	0.4205611	1.335095
661	2	0.04877879	0.4205611	1.335095
661	3	-0.2975113	0.5531461	1.041706
661	4	0.04877879	0.4205611	1.335095
661	5	0.04877879	0.4205611	1.335095
661	6	0.589157	0.3951406	-0.005417442
661	7	0.04877879	0.4205611	1.335095
661	8	0.04877879	0.4205611	1.335095
661	9	0.589157	0.3951406	-0.005417442
661	10	0.04877879	0.4205611	1.335095
661	11	0.04877879	0.4205611	1.335095
661	12	0.6061432	0.3906363	-0.01083789
662	6	-0.1177904	0.5645957	0.3986341
662	9	-0.1177904	0.5645957	0.3986341
662	12	1.156333	0.1835202	0.4202563
663	6	-0.1177904	0.5645957	0.3986341
663	9	-0.1177904	0.5645957	0.3986341
663	12	1.156333	0.1835202	0.4202563
664	6	-0.1177904	0.5645957	0.3986341
664	9	-0.1177904	0.5645957	0.3986341
664	12	1.156333	0.1835202	0.4202563
665	6	-0.1628470	0.5779369	0.3992045
665	9	-0.162847	0.5779369	0.3992045
665	12	1.340239	0.1286642	0.4219093
666	6	-0.1628470	0.5779369	0.3992045
666	9	-0.162847	0.5779369	0.3992045
666	12	1.340239	0.1286642	0.4219093
667	6	-0.1628470	0.5779369	0.3992045
667	9	-0.162847	0.5779369	0.3992045
667	12	1.340239	0.1286642	0.4219093
668	6	-0.1628470	0.5779369	0.3992045
668	9	-0.162847	0.5779369	0.3992045
668	12	1.340239	0.1286642	0.4219093
669	6	-0.1628470	0.5779369	0.3992045
669	9	-0.162847	0.5779369	0.3992045
669	12	1.340239	0.1286642	0.4219093
670	6	-0.1628470	0.5779369	0.3992045
670	9	-0.162847	0.5779369	0.3992045
670	12	1.340239	0.1286642	0.4219093
671	6	-0.1628470	0.5779369	0.3992045
671	9	-0.162847	0.5779369	0.3992045
671	12	1.340239	0.1286642	0.4219093
672	6	-0.1628470	0.5779369	0.3992045
672	9	-0.162847	0.5779369	0.3992045
672	12	1.340239	0.1286642	0.4219093
673	6	-0.1628470	0.5779369	0.3992045
673	9	-0.162847	0.5779369	0.3992045
673	12	1.340239	0.1286642	0.4219093
674	6	-0.1628470	0.5779369	0.3992045
674	9	-0.162847	0.5779369	0.3992045
674	12	1.340239	0.1286642	0.4219093
675	6	-0.1628470	0.5779369	0.3992045
675	9	-0.162847	0.5779369	0.3992045
675	12	1.340239	0.1286642	0.4219093
676	6	-0.1628470	0.5779369	0.3992045
676	9	-0.162847	0.5779369	0.3992045
676	12	1.340239	0.1286642	0.4219093
677	6	-0.1628470	0.5779369	0.3992045
677	9	-0.162847	0.5779369	0.3992045
677	12	1.340239	0.1286642	0.4219093
678	6	-0.1628470	0.5779369	0.3992045
678	9	-0.162847	0.5779369	0.3992045
678	12	1.340239	0.1286642	0.4219093
679	9	1.283391	0.1455028	0.4225686
679	12	-0.1879312	0.5855884	0.3973019
680	9	1.283391	0.1455028	0.4225686
680	12	-0.1879312	0.5855884	0.3973019
681	6	-0.1628470	0.5779369	0.3992045
681	9	-0.162847	0.5779369	0.3992045
681	12	1.340239	0.1286642	0.4219093
682	6	-0.1628470	0.5779369	0.3992045
682	9	-0.162847	0.5779369	0.3992045
682	12	1.340239	0.1286642	0.4219093
683	6	-0.1628470	0.5779369	0.3992045
683	9	-0.162847	0.5779369	0.3992045
683	12	1.340239	0.1286642	0.4219093
684	6	-0.1628470	0.5779369	0.3992045
684	9	-0.162847	0.5779369	0.3992045
684	12	1.340239	0.1286642	0.4219093
685	6	-0.1628470	0.5779369	0.3992045
685	9	-0.162847	0.5779369	0.3992045
685	12	1.340239	0.1286642	0.4219093
686	9	1.283391	0.1455028	0.4225686
686	12	-0.1879312	0.5855884	0.3973019
687	9	1.283391	0.1455028	0.4225686
687	12	-0.1879312	0.5855884	0.3973019
688	6	-0.1628470	0.5779369	0.3992045
688	9	-0.162847	0.5779369	0.3992045
688	12	1.340239	0.1286642	0.4219093
689	6	-0.1628470	0.5779369	0.3992045
689	9	-0.162847	0.5779369	0.3992045
689	12	1.340239	0.1286642	0.4219093
690	6	-0.1628470	0.5779369	0.3992045
690	9	-0.162847	0.5779369	0.3992045
690	12	1.340239	0.1286642	0.4219093
691	6	-0.1628470	0.5779369	0.3992045
691	9	-0.162847	0.5779369	0.3992045
691	12	1.340239	0.1286642	0.4219093
692	6	1.283391	0.1455028	0.4225686
692	12	-0.1879312	0.5855884	0.3973019
693	6	1.283391	0.1455028	0.4225686
693	12	-0.1879312	0.5855884	0.3973019
699	6	1.120904	0.1941041	0.4197782
699	9	1.120904	0.1941041	0.4197782
700	6	1.120904	0.1941041	0.4197782
700	9	1.120904	0.1941041	0.4197782
701	6	1.120904	0.1941041	0.4197782
701	9	1.120904	0.1941041	0.4197782
702	6	1.120904	0.1941041	0.4197782
702	9	1.120904	0.1941041	0.4197782
703	6	1.120904	0.1941041	0.4197782
703	9	1.120904	0.1941041	0.4197782
704	6	1.120904	0.1941041	0.4197782
704	9	1.120904	0.1941041	0.4197782
705	6	1.120904	0.1941041	0.4197782
705	9	1.120904	0.1941041	0.4197782
706	6	1.120904	0.1941041	0.4197782
706	9	1.120904	0.1941041	0.4197782
707	6	1.120904	0.1941041	0.4197782
707	9	1.120904	0.1941041	0.4197782
708	6	1.120904	0.1941041	0.4197782
708	9	1.120904	0.1941041	0.4197782
709	6	1.120904	0.1941041	0.4197782
709	9	1.120904	0.1941041	0.4197782
710	6	1.120904	0.1941041	0.4197782
710	9	1.120904	0.1941041	0.4197782
711	6	1.120904	0.1941041	0.4197782
711	9	1.120904	0.1941041	0.4197782
712	6	1.120904	0.1941041	0.4197782
712	9	1.120904	0.1941041	0.4197782
713	6	1.120904	0.1941041	0.4197782
713	9	1.120904	0.1941041	0.4197782
714	6	1.120904	0.1941041	0.4197782
714	9	1.120904	0.1941041	0.4197782
715	6	1.120904	0.1941041	0.4197782
715	9	1.120904	0.1941041	0.4197782
716	6	1.120904	0.1941041	0.4197782
716	9	1.120904	0.1941041	0.4197782
717	6	1.120904	0.1941041	0.4197782
717	9	1.120904	0.1941041	0.4197782
718	6	1.120904	0.1941041	0.4197782
718	9	1.120904	0.1941041	0.4197782
719	6	1.120904	0.1941041	0.4197782
719	9	1.120904	0.1941041	0.4197782
720	6	1.120904	0.1941041	0.4197782
720	9	1.120904	0.1941041	0.4197782
721	6	1.120904	0.1941041	0.4197782
721	9	1.120904	0.1941041	0.4197782
722	6	1.120904	0.1941041	0.4197782
722	9	1.120904	0.1941041	0.4197782
723	6	1.120904	0.1941041	0.4197782
723	9	1.120904	0.1941041	0.4197782
724	6	1.120904	0.1941041	0.4197782
724	9	1.120904	0.1941041	0.4197782
725	6	1.120904	0.1941041	0.4197782
725	9	1.120904	0.1941041	0.4197782
730	6	1.120904	0.1941041	0.4197782
730	9	1.120904	0.1941041	0.4197782
731	6	1.120904	0.1941041	0.4197782
731	9	1.120904	0.1941041	0.4197782
732	6	1.120904	0.1941041	0.4197782
732	9	1.120904	0.1941041	0.4197782
733	6	1.120904	0.1941041	0.4197782
733	9	1.120904	0.1941041	0.4197782
734	6	1.120904	0.1941041	0.4197782
734	9	1.120904	0.1941041	0.4197782
735	6	1.120904	0.1941041	0.4197782
735	9	1.120904	0.1941041	0.4197782
736	6	1.120904	0.1941041	0.4197782
736	9	1.120904	0.1941041	0.4197782
737	6	1.120904	0.1941041	0.4197782
737	9	1.120904	0.1941041	0.4197782
738	6	1.120904	0.1941041	0.4197782
738	9	1.120904	0.1941041	0.4197782
739	6	1.120904	0.1941041	0.4197782
739	9	1.120904	0.1941041	0.4197782
740	6	1.120904	0.1941041	0.4197782
740	9	1.120904	0.1941041	0.4197782
756	1	-0.04363251	0.4488683	1.326907
756	2	-0.04363251	0.4488683	1.326907
756	3	-0.03086268	0.4461580	1.316134
756	4	-0.04363251	0.4488683	1.326907
756	5	-0.04363251	0.4488683	1.326907
756	6	0.2776285	0.486541	0.006877115
756	7	-0.04363251	0.4488683	1.326907
756	8	-0.04363251	0.4488683	1.326907
756	9	0.2776285	0.486541	0.006877115
756	10	-0.04363251	0.4488683	1.326907
756	11	-0.04363251	0.4488683	1.326907
756	12	1.317345	0.1687559	0.09208265
757	1	-0.04363251	0.4488683	1.326907
757	2	-0.04363251	0.4488683	1.326907
757	3	-0.03086268	0.4461580	1.316134
757	4	-0.04363251	0.4488683	1.326907
757	5	-0.04363251	0.4488683	1.326907
757	6	0.2776285	0.486541	0.006877115
757	7	-0.04363251	0.4488683	1.326907
757	8	-0.04363251	0.4488683	1.326907
757	9	0.2776285	0.486541	0.006877115
757	10	-0.04363251	0.4488683	1.326907
757	11	-0.04363251	0.4488683	1.326907
757	12	1.317345	0.1687559	0.09208265
758	1	-0.04363251	0.4488683	1.326907
758	2	-0.04363251	0.4488683	1.326907
758	3	-0.03086268	0.4461580	1.316134
758	4	-0.04363251	0.4488683	1.326907
758	5	-0.04363251	0.4488683	1.326907
758	6	0.2776285	0.486541	0.006877115
758	7	-0.04363251	0.4488683	1.326907
758	8	-0.04363251	0.4488683	1.326907
758	9	0.2776285	0.486541	0.006877115
758	10	-0.04363251	0.4488683	1.326907
758	11	-0.04363251	0.4488683	1.326907
758	12	1.317345	0.1687559	0.09208265
759	1	-0.04363251	0.4488683	1.326907
759	2	-0.04363251	0.4488683	1.326907
759	3	-0.03086268	0.4461580	1.316134
759	4	-0.04363251	0.4488683	1.326907
759	5	-0.04363251	0.4488683	1.326907
759	6	0.2776285	0.486541	0.006877115
759	7	-0.04363251	0.4488683	1.326907
759	8	-0.04363251	0.4488683	1.326907
759	9	0.2776285	0.486541	0.006877115
759	10	-0.04363251	0.4488683	1.326907
759	11	-0.04363251	0.4488683	1.326907
759	12	1.317345	0.1687559	0.09208265
760	1	-0.0763607	0.4570397	1.342378
760	2	-0.0763607	0.4570397	1.342378
760	3	-0.06589489	0.4548974	1.332766
760	4	-0.0763607	0.4570397	1.342378
760	6	0.2857862	0.4839888	0.008128362
760	7	-0.0763607	0.4570397	1.342378
760	9	0.2857862	0.4839888	0.008128362
760	10	-0.0763607	0.4570397	1.342378
760	11	-0.0763607	0.4570397	1.342378
760	12	1.348895	0.156942	0.1161822
761	3	-0.3070584	0.517568	1.422403
761	6	1.288176	0.1590587	0.2741361
761	9	1.288176	0.1590587	0.2741361
761	12	-0.002340487	0.5593227	0.1106727
