1	1	1.120904	0.1941041	0.4197782
1	2	1.120904	0.1941041	0.4197782
1	3	1.120904	0.1941041	0.4197782
1	4	1.120904	0.1941041	0.4197782
1	5	1.120904	0.1941041	0.4197782
1	6	1.120904	0.1941041	0.4197782
1	7	1.120904	0.1941041	0.4197782
1	8	1.120904	0.1941041	0.4197782
1	9	1.120904	0.1941041	0.4197782
1	10	1.120904	0.1941041	0.4197782
1	11	1.120904	0.1941041	0.4197782
1	12	1.120904	0.1941041	0.4197782
1	13	1.120904	0.1941041	0.4197782
1	14	1.120904	0.1941041	0.4197782
2	1	1.120904	0.1941041	0.4197782
2	2	1.120904	0.1941041	0.4197782
2	3	1.120904	0.1941041	0.4197782
2	4	1.120904	0.1941041	0.4197782
2	5	1.120904	0.1941041	0.4197782
2	6	1.120904	0.1941041	0.4197782
2	7	1.120904	0.1941041	0.4197782
2	8	1.120904	0.1941041	0.4197782
2	9	1.120904	0.1941041	0.4197782
2	10	1.120904	0.1941041	0.4197782
2	11	1.120904	0.1941041	0.4197782
2	12	1.120904	0.1941041	0.4197782
2	13	1.120904	0.1941041	0.4197782
2	14	1.120904	0.1941041	0.4197782
3	1	1.120904	0.1941041	0.4197782
3	2	1.120904	0.1941041	0.4197782
3	3	1.120904	0.1941041	0.4197782
3	4	1.120904	0.1941041	0.4197782
3	5	1.120904	0.1941041	0.4197782
3	6	1.120904	0.1941041	0.4197782
3	7	1.120904	0.1941041	0.4197782
3	8	1.120904	0.1941041	0.4197782
3	9	1.120904	0.1941041	0.4197782
3	10	1.120904	0.1941041	0.4197782
3	11	1.120904	0.1941041	0.4197782
3	12	1.120904	0.1941041	0.4197782
3	13	1.120904	0.1941041	0.4197782
3	14	1.120904	0.1941041	0.4197782
4	1	1.120904	0.1941041	0.4197782
4	2	1.120904	0.1941041	0.4197782
4	3	1.120904	0.1941041	0.4197782
4	4	1.120904	0.1941041	0.4197782
4	5	1.120904	0.1941041	0.4197782
4	6	1.120904	0.1941041	0.4197782
4	7	1.120904	0.1941041	0.4197782
4	8	1.120904	0.1941041	0.4197782
4	9	1.120904	0.1941041	0.4197782
4	10	1.120904	0.1941041	0.4197782
4	11	1.120904	0.1941041	0.4197782
4	12	1.120904	0.1941041	0.4197782
4	13	1.120904	0.1941041	0.4197782
4	14	1.120904	0.1941041	0.4197782
5	1	1.120904	0.1941041	0.4197782
5	2	1.120904	0.1941041	0.4197782
5	3	1.120904	0.1941041	0.4197782
5	4	1.120904	0.1941041	0.4197782
5	5	1.120904	0.1941041	0.4197782
5	6	1.120904	0.1941041	0.4197782
5	7	1.120904	0.1941041	0.4197782
5	8	1.120904	0.1941041	0.4197782
5	9	1.120904	0.1941041	0.4197782
5	10	1.120904	0.1941041	0.4197782
5	11	1.120904	0.1941041	0.4197782
5	12	1.120904	0.1941041	0.4197782
5	13	1.120904	0.1941041	0.4197782
5	14	1.120904	0.1941041	0.4197782
6	1	1.120904	0.1941041	0.4197782
6	2	1.120904	0.1941041	0.4197782
6	3	1.120904	0.1941041	0.4197782
6	4	1.120904	0.1941041	0.4197782
6	5	1.120904	0.1941041	0.4197782
6	6	1.120904	0.1941041	0.4197782
6	7	1.120904	0.1941041	0.4197782
6	8	1.120904	0.1941041	0.4197782
6	9	1.120904	0.1941041	0.4197782
6	10	1.120904	0.1941041	0.4197782
6	11	1.120904	0.1941041	0.4197782
6	12	1.120904	0.1941041	0.4197782
6	13	1.120904	0.1941041	0.4197782
6	14	1.120904	0.1941041	0.4197782
7	1	1.120904	0.1941041	0.4197782
7	2	1.120904	0.1941041	0.4197782
7	3	1.120904	0.1941041	0.4197782
7	4	1.120904	0.1941041	0.4197782
7	5	1.120904	0.1941041	0.4197782
7	6	1.120904	0.1941041	0.4197782
7	7	1.120904	0.1941041	0.4197782
7	8	1.120904	0.1941041	0.4197782
7	9	1.120904	0.1941041	0.4197782
7	10	1.120904	0.1941041	0.4197782
7	11	1.120904	0.1941041	0.4197782
7	12	1.120904	0.1941041	0.4197782
7	13	1.120904	0.1941041	0.4197782
7	14	1.120904	0.1941041	0.4197782
10	1	-0.1130764	0.5631984	0.39859
10	2	-0.1130764	0.5631984	0.39859
10	3	-0.1130764	0.5631984	0.39859
10	4	-0.1130764	0.5631984	0.39859
10	5	1.234532	0.1601173	0.4217265
10	6	-0.1130765	0.5631984	0.39859
10	7	-0.1130765	0.5631984	0.39859
10	8	-0.1130765	0.5631984	0.39859
10	9	-0.1130765	0.5631984	0.39859
10	10	-0.1130765	0.5631984	0.39859
10	11	-0.1130765	0.5631984	0.39859
10	12	-0.1130765	0.5631984	0.39859
10	13	-0.1130765	0.5631984	0.39859
10	14	-0.1130765	0.5631984	0.39859
11	1	-0.1130764	0.5631984	0.39859
11	2	-0.1130764	0.5631984	0.39859
11	3	-0.1130764	0.5631984	0.39859
11	4	-0.1130764	0.5631984	0.39859
11	5	1.234532	0.1601173	0.4217265
11	6	-0.1130765	0.5631984	0.39859
11	7	-0.1130765	0.5631984	0.39859
11	8	-0.1130765	0.5631984	0.39859
11	9	-0.1130765	0.5631984	0.39859
11	10	-0.1130765	0.5631984	0.39859
11	11	-0.1130765	0.5631984	0.39859
11	12	-0.1130765	0.5631984	0.39859
11	13	-0.1130765	0.5631984	0.39859
11	14	-0.1130765	0.5631984	0.39859
12	1	-0.1130764	0.5631984	0.39859
12	2	-0.1130764	0.5631984	0.39859
12	3	-0.1130764	0.5631984	0.39859
12	4	-0.1130764	0.5631984	0.39859
12	5	1.234532	0.1601173	0.4217265
12	6	-0.1130765	0.5631984	0.39859
12	7	-0.1130765	0.5631984	0.39859
12	8	-0.1130765	0.5631984	0.39859
12	9	-0.1130765	0.5631984	0.39859
12	10	-0.1130765	0.5631984	0.39859
12	11	-0.1130765	0.5631984	0.39859
12	12	-0.1130765	0.5631984	0.39859
12	13	-0.1130765	0.5631984	0.39859
12	14	-0.1130765	0.5631984	0.39859
13	1	-0.1130764	0.5631984	0.39859
13	2	-0.1130764	0.5631984	0.39859
13	3	-0.1130764	0.5631984	0.39859
13	4	-0.1130764	0.5631984	0.39859
13	5	1.234532	0.1601173	0.4217265
13	6	-0.1130765	0.5631984	0.39859
13	7	-0.1130765	0.5631984	0.39859
13	8	-0.1130765	0.5631984	0.39859
13	9	-0.1130765	0.5631984	0.39859
13	10	-0.1130765	0.5631984	0.39859
13	11	-0.1130765	0.5631984	0.39859
13	12	-0.1130765	0.5631984	0.39859
13	13	-0.1130765	0.5631984	0.39859
13	14	-0.1130765	0.5631984	0.39859
14	1	-0.1130764	0.5631984	0.39859
14	2	-0.1130764	0.5631984	0.39859
14	3	-0.1130764	0.5631984	0.39859
14	4	-0.1130764	0.5631984	0.39859
14	5	1.234532	0.1601173	0.4217265
14	6	-0.1130765	0.5631984	0.39859
14	7	-0.1130765	0.5631984	0.39859
14	8	-0.1130765	0.5631984	0.39859
14	9	-0.1130765	0.5631984	0.39859
14	10	-0.1130765	0.5631984	0.39859
14	11	-0.1130765	0.5631984	0.39859
14	12	-0.1130765	0.5631984	0.39859
14	13	-0.1130765	0.5631984	0.39859
14	14	-0.1130765	0.5631984	0.39859
15	1	-0.1130764	0.5631984	0.39859
15	2	-0.1130764	0.5631984	0.39859
15	3	-0.1130764	0.5631984	0.39859
15	4	-0.1130764	0.5631984	0.39859
15	5	1.234532	0.1601173	0.4217265
15	6	-0.1130765	0.5631984	0.39859
15	7	-0.1130765	0.5631984	0.39859
15	8	-0.1130765	0.5631984	0.39859
15	9	-0.1130765	0.5631984	0.39859
15	10	-0.1130765	0.5631984	0.39859
15	11	-0.1130765	0.5631984	0.39859
15	12	-0.1130765	0.5631984	0.39859
15	13	-0.1130765	0.5631984	0.39859
15	14	-0.1130765	0.5631984	0.39859
16	1	-0.1130764	0.5631984	0.39859
16	2	-0.1130764	0.5631984	0.39859
16	3	-0.1130764	0.5631984	0.39859
16	4	-0.1130764	0.5631984	0.39859
16	5	1.234532	0.1601173	0.4217265
16	6	-0.1130765	0.5631984	0.39859
16	7	-0.1130765	0.5631984	0.39859
16	8	-0.1130765	0.5631984	0.39859
16	9	-0.1130765	0.5631984	0.39859
16	10	-0.1130765	0.5631984	0.39859
16	11	-0.1130765	0.5631984	0.39859
16	12	-0.1130765	0.5631984	0.39859
16	13	-0.1130765	0.5631984	0.39859
16	14	-0.1130765	0.5631984	0.39859
17	1	-0.1130764	0.5631984	0.39859
17	2	-0.1130764	0.5631984	0.39859
17	3	-0.1130764	0.5631984	0.39859
17	4	-0.1130764	0.5631984	0.39859
17	5	1.234532	0.1601173	0.4217265
17	6	-0.1130765	0.5631984	0.39859
17	7	-0.1130765	0.5631984	0.39859
17	8	-0.1130765	0.5631984	0.39859
17	9	-0.1130765	0.5631984	0.39859
17	10	-0.1130765	0.5631984	0.39859
17	11	-0.1130765	0.5631984	0.39859
17	12	-0.1130765	0.5631984	0.39859
17	13	-0.1130765	0.5631984	0.39859
17	14	-0.1130765	0.5631984	0.39859
18	1	-0.1130764	0.5631984	0.39859
18	2	-0.1130764	0.5631984	0.39859
18	3	-0.1130764	0.5631984	0.39859
18	4	-0.1130764	0.5631984	0.39859
18	5	1.234532	0.1601173	0.4217265
18	6	-0.1130765	0.5631984	0.39859
18	7	-0.1130765	0.5631984	0.39859
18	8	-0.1130765	0.5631984	0.39859
18	9	-0.1130765	0.5631984	0.39859
18	10	-0.1130765	0.5631984	0.39859
18	11	-0.1130765	0.5631984	0.39859
18	12	-0.1130765	0.5631984	0.39859
18	13	-0.1130765	0.5631984	0.39859
18	14	-0.1130765	0.5631984	0.39859
19	1	-0.1134176	0.5633006	0.3985824
19	2	-0.1134176	0.5633006	0.3985824
19	3	-0.1134176	0.5633006	0.3985824
19	4	-0.1134176	0.5633006	0.3985824
19	5	1.233846	0.1603222	0.4217167
19	6	-0.1134176	0.5633006	0.3985824
19	7	-0.1134176	0.5633006	0.3985824
19	8	-0.1134176	0.5633006	0.3985824
19	9	-0.1134176	0.5633006	0.3985824
19	10	-0.1134176	0.5633006	0.3985824
19	11	-0.1134176	0.5633006	0.3985824
19	12	-0.1134176	0.5633006	0.3985824
19	14	-0.1134176	0.5633006	0.3985824
20	1	-0.1130764	0.5631984	0.39859
20	2	-0.1130764	0.5631984	0.39859
20	3	-0.1130764	0.5631984	0.39859
20	4	-0.1130764	0.5631984	0.39859
20	5	1.234532	0.1601173	0.4217265
20	6	-0.1130765	0.5631984	0.39859
20	7	-0.1130765	0.5631984	0.39859
20	8	-0.1130765	0.5631984	0.39859
20	9	-0.1130765	0.5631984	0.39859
20	10	-0.1130765	0.5631984	0.39859
20	11	-0.1130765	0.5631984	0.39859
20	12	-0.1130765	0.5631984	0.39859
20	13	-0.1130765	0.5631984	0.39859
20	14	-0.1130765	0.5631984	0.39859
21	1	-0.1130764	0.5631984	0.39859
21	2	-0.1130764	0.5631984	0.39859
21	3	-0.1130764	0.5631984	0.39859
21	4	-0.1130764	0.5631984	0.39859
21	5	1.234532	0.1601173	0.4217265
21	6	-0.1130765	0.5631984	0.39859
21	7	-0.1130765	0.5631984	0.39859
21	8	-0.1130765	0.5631984	0.39859
21	9	-0.1130765	0.5631984	0.39859
21	10	-0.1130765	0.5631984	0.39859
21	11	-0.1130765	0.5631984	0.39859
21	12	-0.1130765	0.5631984	0.39859
21	13	-0.1130765	0.5631984	0.39859
21	14	-0.1130765	0.5631984	0.39859
22	1	-0.1130764	0.5631984	0.39859
22	2	-0.1130764	0.5631984	0.39859
22	3	-0.1130764	0.5631984	0.39859
22	4	-0.1130764	0.5631984	0.39859
22	5	1.234532	0.1601173	0.4217265
22	6	-0.1130765	0.5631984	0.39859
22	7	-0.1130765	0.5631984	0.39859
22	8	-0.1130765	0.5631984	0.39859
22	9	-0.1130765	0.5631984	0.39859
22	10	-0.1130765	0.5631984	0.39859
22	11	-0.1130765	0.5631984	0.39859
22	12	-0.1130765	0.5631984	0.39859
22	13	-0.1130765	0.5631984	0.39859
22	14	-0.1130765	0.5631984	0.39859
28	1	-0.1563220	0.5672156	0.4862193
28	2	-0.08505504	0.462872	1.310203
28	3	0.05450074	0.4195811	1.327944
28	4	-0.1563220	0.5672156	0.4862193
28	5	1.250593	0.1646728	0.3292558
28	6	-0.02339603	0.5528868	0.2364973
28	7	-0.02339603	0.5528868	0.2364973
28	8	1.137997	0.213061	0.1815531
28	9	-0.1886257	0.5662064	0.5914143
28	10	1.314133	0.1457046	0.3299762
28	11	-0.02339603	0.5528868	0.2364973
28	12	-0.02339603	0.5528868	0.2364973
28	13	-0.02339603	0.5528868	0.2364973
28	14	0.01757180	0.5491537	0.1527645
29	7	1.124787	0.1889458	0.4594512
29	8	0.1193233	0.5245767	0.09646427
29	10	-0.2406818	0.5921891	0.4873401
29	11	1.166106	0.1775002	0.4511124
29	12	1.120461	0.1881183	0.4803998
29	13	1.120461	0.1881183	0.4803998
29	14	1.154887	0.1734187	0.5246173
30	7	1.124787	0.1889458	0.4594512
30	8	0.1193233	0.5245767	0.09646427
30	10	-0.2406818	0.5921891	0.4873401
30	11	1.166106	0.1775002	0.4511124
30	12	1.120461	0.1881183	0.4803998
30	13	1.120461	0.1881183	0.4803998
30	14	1.154887	0.1734187	0.5246173
31	7	-0.1377364	0.5641809	0.4615227
31	8	-0.1358886	0.5743362	0.3554434
31	11	0.6724031	0.2729501	0.96012
31	12	1.034246	0.2052568	0.5646288
31	13	1.034246	0.2052568	0.5646288
31	14	1.218201	0.1834748	0.2383888
32	1	-0.1211091	0.5654962	0.3994907
32	2	-0.1866768	0.5807613	0.4414389
32	3	0.2175926	0.4988124	0.06219068
32	4	-0.1211091	0.5654962	0.3994907
32	5	0.2398098	0.4938976	0.04542243
32	6	-0.3251715	0.5877757	0.7800537
32	7	1.111418	0.1854774	0.5332178
32	8	0.4529311	0.4317579	0.03316032
32	9	0.1063552	0.5255001	0.1255283
32	10	1.123737	0.1892446	0.4595843
32	11	1.140954	0.1750155	0.5498537
32	12	1.114539	0.1837431	0.5412072
32	13	1.114539	0.1837431	0.5412072
32	14	1.162056	0.1666142	0.5709216
33	1	0.6299141	0.3790537	0.033891
33	2	-0.1374847	0.5743149	0.3603583
33	3	0.5620343	0.399894	0.02740568
33	4	0.6299141	0.3790537	0.033891
33	5	0.4411558	0.4355657	0.03012706
33	6	-0.3006637	0.5850144	0.7351964
33	7	0.4179710	0.3199224	1.244421
33	8	1.033414	0.2528747	0.09520999
33	9	0.8987037	0.2962314	0.06253731
33	10	1.186010	0.1798232	0.3694382
33	13	1.162289	0.1735448	0.5015572
34	1	0.6636747	0.3691957	0.0320921
34	2	-0.03097412	0.5578349	0.2097952
34	3	0.3455560	0.4629734	0.04024841
34	4	0.6636747	0.3691957	0.0320921
34	5	0.1440873	0.5172167	0.0964224
34	6	-0.1720039	0.5795577	0.4101277
34	7	-0.3478414	0.5332931	1.386756
34	8	0.7125513	0.3543834	0.03484193
34	9	0.787023	0.3314158	0.0429829
34	10	1.116245	0.2236889	0.1403361
34	13	1.207860	0.1724686	0.3779288
34	14	1.127111	0.1621931	0.7177095
35	1	0.2702606	0.4836321	0.05741504
35	2	1.116619	0.2275787	0.1006874
35	3	0.5025324	0.4171176	0.03207108
35	4	0.2702606	0.4836321	0.05741504
35	5	1.000117	0.2631635	0.09137327
35	6	1.259929	0.1784816	0.1649042
35	7	0.6364093	0.2620633	1.174071
35	8	-0.04969036	0.5573467	0.2697873
35	9	0.1056545	0.5260062	0.1225783
35	10	-0.1763307	0.5717133	0.5006125
35	13	-0.2663140	0.5732505	0.7505471
35	14	-0.2757300	0.5868303	0.6437253
36	1	0.825915	0.3195399	0.0460591
36	2	0.07254705	0.5361454	0.1196666
36	3	0.6232604	0.3818069	0.02621607
36	4	0.825915	0.3195399	0.0460591
36	5	0.4119446	0.4442655	0.02999755
36	6	-0.308679	0.5732537	0.8753594
36	7	-0.1749596	0.5854614	0.3603341
36	8	0.9657142	0.2754254	0.07124443
36	9	0.8975147	0.2971253	0.05718295
36	10	1.201808	0.1866647	0.2550887
36	11	0.03520107	0.4158772	1.421522
36	12	0.0830016	0.4008438	1.429634
36	13	1.210214	0.179005	0.3062197
36	14	1.271153	0.1568844	0.3458456
37	1	0.2938205	0.4770622	0.05309239
37	2	0.9323849	0.2883028	0.04185249
37	3	0.6695328	0.367528	0.0313551
37	4	0.2938205	0.4770622	0.05309239
37	5	0.93528	0.285011	0.0659404
37	6	0.8334008	0.3172505	0.04668565
37	7	1.094190	0.1670092	0.7669978
37	8	-0.05341196	0.5569695	0.2844929
37	9	0.156158	0.5134122	0.09855226
37	10	-0.2345387	0.5646761	0.7418782
37	11	-0.2651148	0.5513528	0.9640092
37	12	-0.2651148	0.5513528	0.9640092
37	13	-0.2651148	0.5513528	0.9640092
37	14	-0.3102590	0.5734073	0.8784934
38	1	0.2938205	0.4770622	0.05309239
38	2	0.9323849	0.2883028	0.04185249
38	3	0.6695328	0.367528	0.0313551
38	4	0.2938205	0.4770622	0.05309239
38	5	0.93528	0.285011	0.0659404
38	6	0.8334008	0.3172505	0.04668565
38	7	1.094190	0.1670092	0.7669978
38	8	-0.05341196	0.5569695	0.2844929
38	9	0.156158	0.5134122	0.09855226
38	10	-0.2345387	0.5646761	0.7418782
38	11	-0.2651148	0.5513528	0.9640092
38	12	-0.2651148	0.5513528	0.9640092
38	13	-0.2651148	0.5513528	0.9640092
38	14	-0.3102590	0.5734073	0.8784934
39	6	1.079463	0.1819568	0.662273
39	9	0.8994781	0.2976210	0.04648505
39	10	0.7865224	0.3310144	0.04843621
39	11	-0.1905817	0.5688559	0.5709236
39	12	-0.1936083	0.5688901	0.5795031
39	13	-0.1936083	0.5688901	0.5795031
39	14	-0.2192424	0.5738933	0.6054635
40	1	0.1465656	0.5168245	0.09300576
40	4	0.1465656	0.5168245	0.09300576
40	6	-0.3106937	0.5713373	0.9002869
40	9	0.2165671	0.4992808	0.06057095
40	10	0.9877188	0.2662546	0.09727893
40	11	1.043053	0.1986305	0.6043396
40	12	1.039694	0.1990874	0.6097116
40	13	1.039694	0.1990874	0.6097116
40	14	1.122530	0.1810161	0.5446834
41	1	0.1465656	0.5168245	0.09300576
41	4	0.1465656	0.5168245	0.09300576
41	6	-0.3106937	0.5713373	0.9002869
41	9	0.2165671	0.4992808	0.06057095
41	10	0.9877188	0.2662546	0.09727893
41	11	1.043053	0.1986305	0.6043396
41	12	1.039694	0.1990874	0.6097116
41	13	1.039694	0.1990874	0.6097116
41	14	1.122530	0.1810161	0.5446834
42	1	0.1465656	0.5168245	0.09300576
42	4	0.1465656	0.5168245	0.09300576
42	6	-0.3106937	0.5713373	0.9002869
42	9	0.2165671	0.4992808	0.06057095
42	10	0.9877188	0.2662546	0.09727893
42	11	1.043053	0.1986305	0.6043396
42	12	1.039694	0.1990874	0.6097116
42	13	1.039694	0.1990874	0.6097116
42	14	1.122530	0.1810161	0.5446834
43	1	-0.0988335	0.569626	0.2929233
43	4	-0.0988335	0.569626	0.2929233
43	6	-0.2602403	0.5202214	1.258143
43	9	-0.08437128	0.5687537	0.2589494
43	10	1.054113	0.2445682	0.1165267
43	11	1.201102	0.1719599	0.4028869
43	12	1.202007	0.1717604	0.4021972
43	13	1.202007	0.1717604	0.4021972
43	14	1.251843	0.1624210	0.3478852
44	1	-0.1524106	0.5761075	0.3865791
44	4	-0.1524106	0.5761075	0.3865791
44	9	-0.1623317	0.5785143	0.3919647
44	10	1.152930	0.2045553	0.2218352
44	11	1.121345	0.1823061	0.5353908
44	12	1.087520	0.1874944	0.5836565
44	13	1.087520	0.1874944	0.5836565
44	14	1.253669	0.1739399	0.2283556
45	1	-0.1524106	0.5761075	0.3865791
45	4	-0.1524106	0.5761075	0.3865791
45	9	-0.1623317	0.5785143	0.3919647
45	10	1.152930	0.2045553	0.2218352
45	11	1.121345	0.1823061	0.5353908
45	12	1.087520	0.1874944	0.5836565
45	13	1.087520	0.1874944	0.5836565
45	14	1.253669	0.1739399	0.2283556
46	1	0.02825125	0.5459719	0.1528240
46	4	0.02825125	0.5459719	0.1528240
46	9	0.02630991	0.5463446	0.1548514
46	10	-0.1950424	0.4856399	1.408701
46	11	1.385486	0.1209202	0.3653127
47	4	0.0532977	0.5413983	0.1243379
47	9	0.0532977	0.5413983	0.1243379
47	10	-0.2816271	0.5214738	1.308757
47	11	1.361024	0.1261562	0.3855118
48	2	1.142371	0.1814848	0.4815693
48	4	1.134810	0.2207174	0.1150754
48	9	1.134810	0.2207174	0.1150754
48	10	0.2023609	0.3732856	1.350989
48	11	-0.2049360	0.5940255	0.3638043
49	2	1.142371	0.1814848	0.4815693
49	4	1.134810	0.2207174	0.1150754
49	9	1.134810	0.2207174	0.1150754
49	10	0.2023609	0.3732856	1.350989
49	11	-0.2049360	0.5940255	0.3638043
50	2	1.142371	0.1814848	0.4815693
50	4	1.134810	0.2207174	0.1150754
50	9	1.134810	0.2207174	0.1150754
50	10	0.2023609	0.3732856	1.350989
50	11	-0.2049360	0.5940255	0.3638043
51	2	1.142371	0.1814848	0.4815693
51	4	1.134810	0.2207174	0.1150754
51	9	1.134810	0.2207174	0.1150754
51	10	0.2023609	0.3732856	1.350989
51	11	-0.2049360	0.5940255	0.3638043
52	1	1.088961	0.2358111	0.1006124
52	2	0.9565204	0.2154107	0.6930548
52	4	1.088961	0.2358111	0.1006124
52	5	1.179974	0.1989297	0.1978877
52	6	-0.06137134	0.4459202	1.408395
52	9	1.090547	0.2352225	0.1017725
52	10	0.0858395	0.4098098	1.332423
52	11	-0.1845500	0.5934533	0.3094003
53	1	1.183150	0.2004425	0.1735391
53	2	0.996835	0.2090834	0.6369538
53	3	1.189545	0.1960083	0.1986339
53	4	1.183150	0.2004425	0.1735391
53	5	1.196572	0.1875861	0.2613848
53	6	-0.1748541	0.4932203	1.274090
53	7	-0.3377979	0.5389338	1.301263
53	8	1.184827	0.1992843	0.1800736
53	9	1.183359	0.2002941	0.1743924
53	10	-0.03372009	0.4493361	1.293061
53	11	-0.09015427	0.579264	0.1718386
54	1	1.183150	0.2004425	0.1735391
54	2	0.996835	0.2090834	0.6369538
54	3	1.189545	0.1960083	0.1986339
54	4	1.183150	0.2004425	0.1735391
54	5	1.196572	0.1875861	0.2613848
54	6	-0.1748541	0.4932203	1.274090
54	7	-0.3377979	0.5389338	1.301263
54	8	1.184827	0.1992843	0.1800736
54	9	1.183359	0.2002941	0.1743924
54	10	-0.03372009	0.4493361	1.293061
54	11	-0.09015427	0.579264	0.1718386
55	1	1.183150	0.2004425	0.1735391
55	2	0.996835	0.2090834	0.6369538
55	3	1.189545	0.1960083	0.1986339
55	4	1.183150	0.2004425	0.1735391
55	5	1.196572	0.1875861	0.2613848
55	6	-0.1748541	0.4932203	1.274090
55	7	-0.3377979	0.5389338	1.301263
55	8	1.184827	0.1992843	0.1800736
55	9	1.183359	0.2002941	0.1743924
55	10	-0.03372009	0.4493361	1.293061
55	11	-0.09015427	0.579264	0.1718386
56	1	1.161968	0.2089551	0.1516015
56	2	1.036807	0.2018716	0.5906269
56	3	1.174269	0.2028364	0.1759872
56	4	1.161968	0.2089551	0.1516015
56	5	1.192441	0.1913079	0.2366766
56	6	-0.1225168	0.4742604	1.307743
56	7	-0.3128836	0.5253804	1.362152
56	8	1.165300	0.2073219	0.1579667
56	9	1.162400	0.2087428	0.1524342
56	10	0.04542019	0.4258625	1.292458
56	11	-0.1247236	0.5862876	0.2041087
57	1	1.161968	0.2089551	0.1516015
57	2	1.036807	0.2018716	0.5906269
57	3	1.174269	0.2028364	0.1759872
57	4	1.161968	0.2089551	0.1516015
57	5	1.192441	0.1913079	0.2366766
57	6	-0.1225168	0.4742604	1.307743
57	7	-0.3128836	0.5253804	1.362152
57	8	1.165300	0.2073219	0.1579667
57	9	1.162400	0.2087428	0.1524342
57	10	0.04542019	0.4258625	1.292458
57	11	-0.1247236	0.5862876	0.2041087
58	2	0.708643	0.2654257	0.9278892
58	3	1.141770	0.2156498	0.1447823
58	4	1.093038	0.2340761	0.1057909
58	5	1.195645	0.1880118	0.2599005
58	6	-0.07861046	0.4507732	1.411105
58	7	1.001812	0.264984	0.06834031
58	8	1.110291	0.2277461	0.1176765
58	10	0.03977687	0.42156	1.351724
58	11	-0.1962617	0.5963571	0.3151371
59	2	0.708643	0.2654257	0.9278892
59	3	1.141770	0.2156498	0.1447823
59	4	1.093038	0.2340761	0.1057909
59	5	1.195645	0.1880118	0.2599005
59	6	-0.07861046	0.4507732	1.411105
59	7	1.001812	0.264984	0.06834031
59	8	1.110291	0.2277461	0.1176765
59	10	0.03977687	0.42156	1.351724
59	11	-0.1962617	0.5963571	0.3151371
60	2	0.6296844	0.2821284	0.995053
60	3	1.184419	0.1978886	0.1951073
60	4	1.144947	0.2151869	0.1400057
60	5	1.187283	0.1812597	0.3514524
60	6	-0.09386056	0.451295	1.450874
60	7	1.060764	0.2451871	0.09079331
60	8	1.160278	0.2089378	0.1567552
60	11	-0.2021202	0.5968715	0.3273040
61	2	-0.2465088	0.5332064	1.089003
61	3	-0.01314885	0.552482	0.2103124
61	4	0.05931029	0.5383441	0.1368851
61	5	0.03021773	0.5442875	0.1637203
61	6	-0.05355283	0.439076	1.453177
61	7	0.1442231	0.5183237	0.08505181
61	8	0.03298718	0.5437699	0.1606886
61	11	1.426834	0.1107777	0.3439719
62	2	-0.2577628	0.5752973	0.705065
62	3	-0.09540408	0.5695627	0.2834442
62	4	-0.04937837	0.5629375	0.2134656
62	5	-0.06998444	0.5660508	0.2433378
62	6	-0.2911724	0.5178413	1.372881
62	7	0.002503073	0.5530919	0.1581439
62	8	-0.06760172	0.5657348	0.2394478
62	11	1.350143	0.1281139	0.3981774
62	12	1.350813	0.1279462	0.3978632
62	13	1.350813	0.1279462	0.3978632
63	2	-0.3213678	0.55987	1.045377
63	3	-0.06297487	0.5646483	0.2365800
63	4	-0.02069029	0.5577224	0.1806050
63	5	-0.04024249	0.5610336	0.2054107
63	6	-0.3018555	0.5247455	1.335945
63	7	0.02792647	0.5478023	0.1356420
63	8	-0.03745224	0.5605954	0.2015304
63	11	1.349725	0.1279899	0.4006385
63	12	1.350357	0.1278243	0.4004171
63	13	1.350357	0.1278243	0.4004171
64	2	-0.3213678	0.55987	1.045377
64	3	-0.06297487	0.5646483	0.2365800
64	4	-0.02069029	0.5577224	0.1806050
64	5	-0.04024249	0.5610336	0.2054107
64	6	-0.3018555	0.5247455	1.335945
64	7	0.02792647	0.5478023	0.1356420
64	8	-0.03745224	0.5605954	0.2015304
64	11	1.349725	0.1279899	0.4006385
64	12	1.350357	0.1278243	0.4004171
64	13	1.350357	0.1278243	0.4004171
65	2	-0.3229491	0.5677105	0.972342
65	4	-0.02167117	0.5585657	0.1751398
65	5	-0.03896338	0.5615238	0.1967831
65	6	-0.3258363	0.537237	1.282828
65	7	0.02386796	0.5492598	0.1331593
65	8	-0.03896338	0.5615238	0.1967831
65	11	1.338015	0.1313113	0.4022296
65	12	1.338640	0.1311462	0.4020241
65	13	1.338640	0.1311462	0.4020241
66	1	-0.02799638	0.5580373	0.1990152
66	2	-0.3020836	0.5394553	1.190850
66	3	-0.08730111	0.5669346	0.2856096
66	4	-0.02799638	0.5580373	0.1990152
66	5	-0.055068	0.5623674	0.2358820
66	6	-0.2425009	0.4993986	1.412211
66	7	0.02954908	0.5465973	0.1428017
66	8	-0.04858798	0.5613992	0.2263806
66	9	-0.03260282	0.5588164	0.2048695
66	11	1.370314	0.1224957	0.3944083
66	12	1.370961	0.1223304	0.3941402
66	13	1.370961	0.1223304	0.3941402
67	1	1.195632	0.1964969	0.1758536
67	2	0.2338208	0.3664425	1.326093
67	3	1.215174	0.1829416	0.2525940
67	4	1.195632	0.1964969	0.1758536
67	5	1.207478	0.1897834	0.2074740
67	6	0.003857879	0.422139	1.451834
67	7	1.141269	0.2178707	0.1242499
67	8	1.205304	0.1912792	0.1990574
67	9	1.198047	0.195285	0.1807473
67	11	-0.2107595	0.5965489	0.3559602
67	12	-0.2107595	0.5965489	0.3559602
68	1	1.175196	0.2049654	0.1521575
68	2	0.2656842	0.3589636	1.306308
68	3	1.019838	0.2001061	0.6581299
68	4	1.175196	0.2049654	0.1521575
68	5	1.189334	0.1983117	0.1764311
68	6	0.02752542	0.4162269	1.440676
68	7	1.114211	0.2276284	0.1072910
68	8	1.190035	0.1982467	0.1750095
68	9	1.178750	0.2034248	0.15695
68	11	-0.2135052	0.5968625	0.3609429
68	12	-0.2135052	0.5968625	0.3609429
69	1	0.002340856	0.5522253	0.16721
69	2	-0.3069085	0.5388063	1.211499
69	3	-0.2201255	0.5770419	0.5768651
69	4	0.002340856	0.5522253	0.16721
69	5	-0.02032772	0.5562576	0.1940529
69	6	-0.2564924	0.5049912	1.398023
69	7	0.05766027	0.5404512	0.1208671
69	8	-0.01904726	0.5561116	0.1917255
69	9	-0.002413889	0.553114	0.1724145
69	11	1.369469	0.1223766	0.3980802
69	12	1.370089	0.1222125	0.3978771
69	13	1.370089	0.1222125	0.3978771
70	1	0.002340856	0.5522253	0.16721
70	2	-0.3069085	0.5388063	1.211499
70	3	-0.2201255	0.5770419	0.5768651
70	4	0.002340856	0.5522253	0.16721
70	5	-0.02032772	0.5562576	0.1940529
70	6	-0.2564924	0.5049912	1.398023
70	7	0.05766027	0.5404512	0.1208671
70	8	-0.01904726	0.5561116	0.1917255
70	9	-0.002413889	0.553114	0.1724145
70	11	1.369469	0.1223766	0.3980802
70	12	1.370089	0.1222125	0.3978771
70	13	1.370089	0.1222125	0.3978771
71	1	-0.0201484	0.5576586	0.1796406
71	2	-0.3304388	0.5553118	1.117278
71	3	-0.2080183	0.5797408	0.5144425
71	4	-0.0201484	0.5576586	0.1796406
71	5	-0.1221326	0.5722451	0.3356281
71	6	-0.3067646	0.5258082	1.339880
71	7	0.02832981	0.54777	0.1347744
71	8	-0.03620132	0.5604508	0.1992772
71	9	-0.02276746	0.5581322	0.1826660
71	11	1.346725	0.1284390	0.4050281
71	12	1.347195	0.1283147	0.4048746
71	13	1.347195	0.1283147	0.4048746
71	14	1.343873	0.1291896	0.4059944
72	2	-0.3344342	0.5635687	1.047230
72	3	-0.1910669	0.5801693	0.4602424
72	4	-0.01603482	0.557348	0.1705971
72	5	-0.1017096	0.5705194	0.2925454
72	6	-0.3276386	0.5369266	1.291215
72	7	0.02851864	0.5481228	0.1307210
72	8	-0.02807162	0.5595048	0.1846946
72	9	-0.01745650	0.5576156	0.1721345
72	11	1.336417	0.1311851	0.4081914
72	12	1.336878	0.1310612	0.4080608
72	13	1.336878	0.1310612	0.4080608
72	14	1.333618	0.131934	0.4090162
73	1	-0.03156927	0.559587	0.1941871
73	2	-0.3227554	0.5471723	1.175295
73	3	-0.2128068	0.5790838	0.5350644
73	4	-0.03156927	0.559587	0.1941871
73	5	-0.09879484	0.5689861	0.2991508
73	6	-0.1731042	0.4670132	1.528634
73	7	0.01971059	0.5494615	0.1434120
73	8	-0.0433299	0.5614809	0.2100759
73	9	-0.03377288	0.5599562	0.1970224
73	10	-0.03156927	0.559587	0.1941871
73	11	1.363889	0.1264966	0.3736943
73	12	1.36439	0.1263745	0.3734286
73	13	1.36439	0.1263745	0.3734286
73	14	1.360849	0.1272339	0.3753484
74	1	-0.03156927	0.559587	0.1941871
74	2	-0.3227554	0.5471723	1.175295
74	3	-0.2128068	0.5790838	0.5350644
74	4	-0.03156927	0.559587	0.1941871
74	5	-0.09879484	0.5689861	0.2991508
74	6	-0.1731042	0.4670132	1.528634
74	7	0.01971059	0.5494615	0.1434120
74	8	-0.0433299	0.5614809	0.2100759
74	9	-0.03377288	0.5599562	0.1970224
74	10	-0.03156927	0.559587	0.1941871
74	11	1.363889	0.1264966	0.3736943
74	12	1.36439	0.1263745	0.3734286
74	13	1.36439	0.1263745	0.3734286
74	14	1.360849	0.1272339	0.3753484
75	1	-0.03127504	0.5595373	0.1938127
75	2	-0.3228163	0.5472449	1.174755
75	3	-0.212522	0.5790866	0.5341973
75	4	-0.03127504	0.5595373	0.1938127
75	5	-0.09839213	0.5689379	0.2984418
75	6	-0.1733196	0.4670832	1.528575
75	7	0.01999067	0.5494065	0.1431313
75	8	-0.04416430	0.5616068	0.2112875
75	9	-0.0343588	0.5600439	0.1978796
75	10	-0.03127504	0.5595373	0.1938127
75	11	1.363841	0.1265029	0.3737742
75	12	1.364342	0.1263808	0.3735087
75	13	1.364342	0.1263808	0.3735087
75	14	1.360800	0.1272404	0.3754266
76	1	-0.03127504	0.5595373	0.1938127
76	2	-0.3228163	0.5472449	1.174755
76	3	-0.212522	0.5790866	0.5341973
76	4	-0.03127504	0.5595373	0.1938127
76	5	-0.09839213	0.5689379	0.2984418
76	6	-0.1733196	0.4670832	1.528575
76	7	0.01999067	0.5494065	0.1431313
76	8	-0.04416430	0.5616068	0.2112875
76	9	-0.0343588	0.5600439	0.1978796
76	10	-0.03127504	0.5595373	0.1938127
76	11	1.363841	0.1265029	0.3737742
76	12	1.364342	0.1263808	0.3735087
76	13	1.364342	0.1263808	0.3735087
76	14	1.360800	0.1272404	0.3754266
77	1	-0.03127504	0.5595373	0.1938127
77	2	-0.3228163	0.5472449	1.174755
77	3	-0.212522	0.5790866	0.5341973
77	4	-0.03127504	0.5595373	0.1938127
77	5	-0.09839213	0.5689379	0.2984418
77	6	-0.1733196	0.4670832	1.528575
77	7	0.01999067	0.5494065	0.1431313
77	8	-0.04416430	0.5616068	0.2112875
77	9	-0.0343588	0.5600439	0.1978796
77	10	-0.03127504	0.5595373	0.1938127
77	11	1.363841	0.1265029	0.3737742
77	12	1.364342	0.1263808	0.3735087
77	13	1.364342	0.1263808	0.3735087
77	14	1.360800	0.1272404	0.3754266
78	2	-0.3830410	0.5914339	0.9143366
78	7	-0.002171404	0.5598829	0.1046230
78	11	1.219541	0.1647035	0.4204553
78	12	1.219950	0.1645813	0.4204619
78	13	1.219950	0.1645813	0.4204619
78	14	1.217061	0.1654452	0.4204153
79	1	1.289469	0.1605205	0.2558386
79	2	0.163033	0.3797651	1.402674
79	3	1.278936	0.1594980	0.2970129
79	4	1.289469	0.1605205	0.2558386
79	7	0.09752328	0.3950576	1.444179
79	8	1.131682	0.2214311	0.1172179
79	9	1.288761	0.1604032	0.2590894
79	10	1.274470	0.170926	0.1969265
79	11	-0.1729236	0.5872096	0.3370110
79	12	-0.17292	0.5872446	0.3366536
79	13	-0.17292	0.5872446	0.3366536
79	14	-0.1729826	0.5870018	0.3392435
80	2	-0.002807586	0.5590391	0.1148594
80	7	-0.3895672	0.5856265	0.9911165
80	8	-0.0411738	0.5608042	0.210428
80	11	1.227869	0.1608250	0.4343469
80	12	1.228231	0.1607006	0.4345132
80	13	1.228231	0.1607006	0.4345132
80	14	1.225705	0.1615771	0.4332719
81	2	-0.002807586	0.5590391	0.1148594
81	7	-0.3895672	0.5856265	0.9911165
81	8	-0.0411738	0.5608042	0.210428
81	11	1.227869	0.1608250	0.4343469
81	12	1.228231	0.1607006	0.4345132
81	13	1.228231	0.1607006	0.4345132
81	14	1.225705	0.1615771	0.4332719
82	2	-0.002807586	0.5590391	0.1148594
82	7	-0.3895672	0.5856265	0.9911165
82	8	-0.0411738	0.5608042	0.210428
82	11	1.227869	0.1608250	0.4343469
82	12	1.228231	0.1607006	0.4345132
82	13	1.228231	0.1607006	0.4345132
82	14	1.225705	0.1615771	0.4332719
83	2	-0.002807586	0.5590391	0.1148594
83	7	-0.3895672	0.5856265	0.9911165
83	8	-0.0411738	0.5608042	0.210428
83	11	1.227869	0.1608250	0.4343469
83	12	1.228231	0.1607006	0.4345132
83	13	1.228231	0.1607006	0.4345132
83	14	1.225705	0.1615771	0.4332719
84	1	1.164047	0.1884228	0.3489401
84	2	-0.009074364	0.5612705	0.1112150
84	5	1.164047	0.1884228	0.3489401
84	7	-0.3885484	0.5911442	0.9334365
84	8	1.164047	0.1884228	0.3489401
84	9	0.4861638	0.4220885	0.03104722
84	10	1.172468	0.1829266	0.3785907
84	11	1.165643	0.1739553	0.4876058
84	12	1.152006	0.1782993	0.4847438
84	13	1.152006	0.1782993	0.4847438
84	14	1.19709	0.1668202	0.4656401
85	1	1.164047	0.1884228	0.3489401
85	2	-0.009074364	0.5612705	0.1112150
85	5	1.164047	0.1884228	0.3489401
85	7	-0.3885484	0.5911442	0.9334365
85	8	1.164047	0.1884228	0.3489401
85	9	0.4861638	0.4220885	0.03104722
85	10	1.172468	0.1829266	0.3785907
85	11	1.165643	0.1739553	0.4876058
85	12	1.152006	0.1782993	0.4847438
85	13	1.152006	0.1782993	0.4847438
85	14	1.19709	0.1668202	0.4656401
86	1	1.164047	0.1884228	0.3489401
86	2	-0.009074364	0.5612705	0.1112150
86	5	1.164047	0.1884228	0.3489401
86	7	-0.3885484	0.5911442	0.9334365
86	8	1.164047	0.1884228	0.3489401
86	9	0.4861638	0.4220885	0.03104722
86	10	1.172468	0.1829266	0.3785907
86	11	1.165643	0.1739553	0.4876058
86	12	1.152006	0.1782993	0.4847438
86	13	1.152006	0.1782993	0.4847438
86	14	1.19709	0.1668202	0.4656401
87	1	0.9438738	0.2816914	0.073512
87	2	-0.2429188	0.5964816	0.451396
87	3	0.9438738	0.2816914	0.073512
87	5	0.9438738	0.2816914	0.073512
87	7	0.2397049	0.3716466	1.257183
87	8	0.9438738	0.2816914	0.073512
87	9	0.3413912	0.4643271	0.03910735
87	10	0.9438738	0.2816914	0.073512
87	11	0.730949	0.2590978	0.9248634
87	12	0.8536418	0.2358528	0.7936522
87	13	0.8536418	0.2358528	0.7936522
87	14	1.018115	0.2010321	0.6540315
88	1	0.7932825	0.3296137	0.04239489
88	2	-0.2617019	0.5972115	0.4995135
88	3	0.7932825	0.3296137	0.04239489
88	5	0.7932825	0.3296137	0.04239489
88	7	0.443816	0.3230435	1.137331
88	8	0.7932825	0.3296137	0.04239489
88	9	0.3337035	0.4668434	0.03682617
88	10	0.7932825	0.3296137	0.04239489
88	11	0.532689	0.3008247	1.095613
88	12	0.443816	0.3230435	1.137331
88	13	0.443816	0.3230435	1.137331
88	14	1.028297	0.1989643	0.644517
89	1	0.8264065	0.3193189	0.04680002
89	2	-0.2790582	0.5971003	0.5517625
89	3	0.8264065	0.3193189	0.04680002
89	4	0.02633236	0.5458974	0.1592163
89	5	0.8264065	0.3193189	0.04680002
89	7	0.528964	0.3035864	1.079223
89	8	0.8264065	0.3193189	0.04680002
89	9	0.6413866	0.3765802	0.0245944
89	10	0.8264065	0.3193189	0.04680002
89	11	0.6053011	0.2845726	1.042686
89	12	0.528964	0.3035864	1.079223
89	13	0.528964	0.3035864	1.079223
89	14	0.6706789	0.2685682	1.008624
90	1	1.194089	0.1865277	0.2791923
90	2	0.02417864	0.5519563	0.1055226
90	3	1.194089	0.1865277	0.2791923
90	4	0.2100582	0.500936	0.0633498
90	5	1.194089	0.1865277	0.2791923
90	6	-0.3961983	0.5890962	0.9762744
90	7	0.9007266	0.2246652	0.7657635
90	8	1.194089	0.1865277	0.2791923
90	9	0.1565865	0.5155788	0.07581929
90	10	1.194089	0.1865277	0.2791923
90	11	0.949708	0.2132038	0.7349997
90	12	0.9007266	0.2246652	0.7657635
90	13	0.9007266	0.2246652	0.7657635
90	14	0.9882357	0.2039865	0.7128035
91	1	1.186133	0.1926473	0.2419946
91	2	0.06440786	0.5431902	0.07384103
91	3	1.186133	0.1926473	0.2419946
91	4	0.1682007	0.5115878	0.0811432
91	5	1.186133	0.1926473	0.2419946
91	6	-0.3864565	0.5925478	0.9133624
91	7	0.912061	0.2231406	0.7474704
91	8	1.186133	0.1926473	0.2419946
91	10	1.186133	0.1926473	0.2419946
91	11	0.963679	0.2113483	0.7122162
91	12	0.912061	0.2231406	0.7474704
91	13	0.912061	0.2231406	0.7474704
91	14	1.002427	0.2022448	0.6882438
92	1	1.172986	0.1993422	0.2143944
92	2	0.07344826	0.541285	0.06607917
92	3	1.172986	0.1993422	0.2143944
92	4	1.172986	0.1993422	0.2143944
92	5	1.172986	0.1993422	0.2143944
92	6	-0.3792932	0.5949805	0.868147
92	7	0.8525147	0.2356368	0.7991141
92	8	1.172986	0.1993422	0.2143944
92	10	1.172986	0.1993422	0.2143944
92	11	0.9256298	0.219464	0.7439191
92	12	0.8525147	0.2356368	0.7991141
92	13	0.8525147	0.2356368	0.7991141
92	14	0.9749627	0.2083063	0.7091097
93	1	1.163507	0.2039285	0.1968772
93	2	0.06516183	0.5432591	0.07093641
93	3	1.163507	0.2039285	0.1968772
93	4	1.163507	0.2039285	0.1968772
93	5	1.163507	0.2039285	0.1968772
93	6	-0.376365	0.5956233	0.8531482
93	7	0.7060342	0.2660192	0.9296957
93	8	1.163507	0.2039285	0.1968772
93	9	0.9996872	0.2636594	0.087726
93	10	1.163507	0.2039285	0.1968772
93	11	0.8068887	0.2431972	0.8586476
93	12	0.7060342	0.2660192	0.9296957
93	13	0.7060342	0.2660192	0.9296957
93	14	0.8739012	0.2279638	0.812127
94	1	1.163507	0.2039285	0.1968772
94	2	0.06516183	0.5432591	0.07093641
94	3	1.163507	0.2039285	0.1968772
94	4	1.163507	0.2039285	0.1968772
94	5	1.163507	0.2039285	0.1968772
94	6	-0.376365	0.5956233	0.8531482
94	7	0.7060342	0.2660192	0.9296957
94	8	1.163507	0.2039285	0.1968772
94	9	0.9996872	0.2636594	0.087726
94	10	1.163507	0.2039285	0.1968772
94	11	0.8068887	0.2431972	0.8586476
94	12	0.7060342	0.2660192	0.9296957
94	13	0.7060342	0.2660192	0.9296957
94	14	0.8739012	0.2279638	0.812127
95	1	1.163507	0.2039285	0.1968772
95	2	0.06516183	0.5432591	0.07093641
95	3	1.163507	0.2039285	0.1968772
95	4	1.163507	0.2039285	0.1968772
95	5	1.163507	0.2039285	0.1968772
95	6	-0.376365	0.5956233	0.8531482
95	7	0.7060342	0.2660192	0.9296957
95	8	1.163507	0.2039285	0.1968772
95	9	0.9996872	0.2636594	0.087726
95	10	1.163507	0.2039285	0.1968772
95	11	0.8068887	0.2431972	0.8586476
95	12	0.7060342	0.2660192	0.9296957
95	13	0.7060342	0.2660192	0.9296957
95	14	0.8739012	0.2279638	0.812127
96	1	1.265453	0.1637156	0.2949488
96	2	-0.09744705	0.456808	1.406812
96	3	1.265453	0.1637156	0.2949488
96	4	1.265453	0.1637156	0.2949488
96	5	1.265453	0.1637156	0.2949488
96	6	-0.2527254	0.4968283	1.467813
96	7	-0.1317422	0.5796869	0.2902019
96	8	1.265453	0.1637156	0.2949488
96	9	1.263760	0.1638907	0.2982023
96	10	1.265453	0.1637156	0.2949488
96	11	-0.1231538	0.5797229	0.2645359
96	12	-0.1317422	0.5796869	0.2902019
96	14	-0.1163252	0.5798053	0.2435964
97	1	1.191114	0.1787068	0.3654613
97	2	-0.3873884	0.5725547	1.114231
97	3	1.191114	0.1787068	0.3654613
97	4	1.191114	0.1787068	0.3654613
97	5	1.191114	0.1787068	0.3654613
97	7	-0.01615351	0.5626904	0.1180052
97	8	1.191114	0.1787068	0.3654613
97	9	1.188939	0.1791589	0.3673911
97	10	1.191114	0.1787068	0.3654613
98	1	1.191114	0.1787068	0.3654613
98	2	-0.3873884	0.5725547	1.114231
98	3	1.191114	0.1787068	0.3654613
98	4	1.191114	0.1787068	0.3654613
98	5	1.191114	0.1787068	0.3654613
98	7	-0.01615351	0.5626904	0.1180052
98	8	1.191114	0.1787068	0.3654613
98	9	1.188939	0.1791589	0.3673911
98	10	1.191114	0.1787068	0.3654613
99	1	1.191478	0.1786563	0.3648872
99	2	-0.3872837	0.5724244	1.115214
99	3	1.191478	0.1786563	0.3648872
99	4	1.191478	0.1786563	0.3648872
99	5	1.191478	0.1786563	0.3648872
99	7	-0.01610749	0.562673	0.1180422
99	8	1.189209	0.1791293	0.3668856
99	9	1.189209	0.1791293	0.3668856
99	10	1.191478	0.1786563	0.3648872
100	1	1.152612	0.1848766	0.4177791
100	2	-0.2139211	0.5930503	0.3999462
100	3	1.152612	0.1848766	0.4177791
100	4	1.152612	0.1848766	0.4177791
100	5	1.152612	0.1848766	0.4177791
100	8	1.109764	0.2258962	0.1375617
100	9	0.762869	0.2538845	0.8824605
100	10	1.152612	0.1848766	0.4177791
101	2	1.304572	0.1392133	0.4224782
101	5	0.06588132	0.5372731	0.1281346
101	8	-0.1687517	0.5730903	0.4646329
101	9	-0.2616051	0.56869	0.781863
102	2	1.304572	0.1392133	0.4224782
102	5	0.06588132	0.5372731	0.1281346
102	8	-0.1687517	0.5730903	0.4646329
102	9	-0.2616051	0.56869	0.781863
103	1	1.237923	0.1664176	0.3493005
103	2	-0.2800529	0.5058722	1.458721
103	3	1.237923	0.1664176	0.3493005
103	4	1.237923	0.1664176	0.3493005
103	5	-0.0866712	0.5712492	0.2409975
103	8	-0.01225706	0.556183	0.1710085
103	9	0.03262909	0.5459591	0.1400494
103	10	1.261493	0.1618766	0.3248421
104	1	1.232675	0.1665250	0.3637022
104	2	-0.2972835	0.5129304	1.439554
104	3	1.232675	0.1665250	0.3637022
104	4	1.232675	0.1665250	0.3637022
104	5	-0.0801947	0.569985	0.2344397
104	8	0.003126597	0.5530614	0.1566092
104	9	0.05186861	0.5415364	0.1271805
104	10	1.257324	0.1615592	0.3402737
110	1	-0.1020547	0.5700873	0.2978448
110	2	-0.1065467	0.5704355	0.3076308
110	3	-0.1034174	0.5702621	0.3001280
110	4	-0.1020547	0.5700873	0.2978448
110	5	-0.1445670	0.572873	0.3955172
110	6	0.07092258	0.3952027	1.521131
110	8	-0.1121430	0.5708873	0.3196455
110	9	0.01454627	0.5482606	0.1705306
110	10	-0.1098675	0.5705847	0.3159390
110	11	1.372415	0.1293300	0.3204911
110	12	1.351501	0.1335743	0.3400647
110	14	1.391424	0.1254047	0.3033745
111	5	0.03115208	0.5517709	0.08681026
111	6	-0.3911078	0.5817735	1.033838
111	11	1.201992	0.1675691	0.4437738
111	12	1.187667	0.1720659	0.4414245
111	13	1.227332	0.1766961	0.2786573
111	14	1.216356	0.1631037	0.4456945
112	1	-0.09397551	0.5674694	0.2999785
112	2	-0.09397551	0.5674694	0.2999785
112	3	-0.09397551	0.5674694	0.2999785
112	4	-0.09397551	0.5674694	0.2999785
112	5	-0.09397551	0.5674694	0.2999785
112	6	-0.04980749	0.4336874	1.495539
112	7	-0.1085598	0.5707059	0.3108839
112	8	-0.09775622	0.5678072	0.3077719
112	9	-0.09397551	0.5674694	0.2999785
112	10	-0.09397551	0.5674694	0.2999785
112	11	1.333496	0.1386666	0.3426612
112	12	1.290350	0.1472022	0.38522
112	13	1.308915	0.1429846	0.3723066
112	14	1.333496	0.1386666	0.3426612
113	1	-0.1555626	0.5653781	0.5021901
113	2	-0.1555626	0.5653781	0.5021901
113	3	-0.1555626	0.5653781	0.5021901
113	4	-0.1555626	0.5653781	0.5021901
113	5	-0.1555626	0.5653781	0.5021901
113	6	-0.1555626	0.5653781	0.5021901
113	7	-0.1555626	0.5653781	0.5021901
113	8	-0.2619567	0.5562772	0.9059041
113	9	-0.1555626	0.5653781	0.5021901
113	10	-0.1555626	0.5653781	0.5021901
113	11	0.1917847	0.5046801	0.080096
113	12	-0.1555626	0.5653781	0.5021901
113	13	1.278731	0.1461015	0.4303697
113	14	0.1917847	0.5046801	0.080096
114	1	-0.1098238	0.5620635	0.4002513
114	2	-0.1098238	0.5620635	0.4002513
114	3	-0.1098238	0.5620635	0.4002513
114	4	-0.1098238	0.5620635	0.4002513
114	5	-0.1098238	0.5620635	0.4002513
114	6	-0.1098238	0.5620635	0.4002513
114	7	-0.1098238	0.5620635	0.4002513
114	8	-0.1269396	0.5671764	0.4000221
114	9	-0.1098238	0.5620635	0.4002513
114	10	-0.1098238	0.5620635	0.4002513
114	11	0.6361555	0.2816927	0.9803014
114	12	-0.1098238	0.5620635	0.4002513
114	13	-0.1098238	0.5620635	0.4002513
114	14	1.045276	0.248274	0.1058441
116	6	1.243448	0.1574501	0.4218826
116	8	-0.1693663	0.5800354	0.3976207
117	1	-0.1481581	0.566237	0.4718597
117	2	-0.1481581	0.566237	0.4718597
117	3	-0.1481581	0.566237	0.4718597
117	4	-0.1481581	0.566237	0.4718597
117	5	-0.1481581	0.566237	0.4718597
117	6	1.304025	0.1357178	0.4587285
117	7	-0.1481581	0.566237	0.4718597
117	8	0.8927464	0.2988493	0.0541501
117	9	-0.1481581	0.566237	0.4718597
117	10	-0.1481581	0.566237	0.4718597
117	11	-0.2090437	0.571188	0.6022186
117	12	-0.1481581	0.566237	0.4718597
117	13	-0.1481581	0.566237	0.4718597
117	14	-0.1481581	0.566237	0.4718597
118	1	-0.1481581	0.566237	0.4718597
118	2	-0.1481581	0.566237	0.4718597
118	3	-0.1481581	0.566237	0.4718597
118	4	-0.1481581	0.566237	0.4718597
118	5	-0.1481581	0.566237	0.4718597
118	6	1.304025	0.1357178	0.4587285
118	7	-0.1481581	0.566237	0.4718597
118	8	0.8927464	0.2988493	0.0541501
118	9	-0.1481581	0.566237	0.4718597
118	10	-0.1481581	0.566237	0.4718597
118	11	-0.2090437	0.571188	0.6022186
118	12	-0.1481581	0.566237	0.4718597
118	13	-0.1481581	0.566237	0.4718597
118	14	-0.1481581	0.566237	0.4718597
119	1	-0.1620654	0.5663002	0.5122162
119	2	-0.1620654	0.5663002	0.5122162
119	3	-0.1620654	0.5663002	0.5122162
119	4	-0.1620654	0.5663002	0.5122162
119	5	-0.1620654	0.5663002	0.5122162
119	6	1.314258	0.1342149	0.4434678
119	7	-0.1620654	0.5663002	0.5122162
119	8	0.5445059	0.4054886	0.02361885
119	9	-0.1620654	0.5663002	0.5122162
119	10	-0.1620654	0.5663002	0.5122162
119	11	-0.2465104	0.5663533	0.7605368
119	12	-0.1620654	0.5663002	0.5122162
119	13	-0.1620654	0.5663002	0.5122162
119	14	-0.1620654	0.5663002	0.5122162
120	1	-0.2220985	0.5626881	0.7249185
120	2	-0.2309106	0.5605582	0.7719934
120	3	0.67317	0.3664427	0.03139102
120	4	-0.2220985	0.5626881	0.7249185
120	5	0.7728426	0.3374718	0.024759
120	6	1.253008	0.1428083	0.5388045
120	7	-0.2309106	0.5605582	0.7719934
120	8	0.1856842	0.5056102	0.08885666
120	9	0.002730583	0.5474807	0.2130781
120	10	-0.2309106	0.5605582	0.7719934
120	11	-0.2637372	0.5642011	0.8326292
120	12	-0.2309106	0.5605582	0.7719934
120	13	-0.2309106	0.5605582	0.7719934
120	14	-0.2309106	0.5605582	0.7719934
121	1	1.075352	0.1979584	0.5158211
121	2	0.919552	0.2247250	0.709695
121	3	0.3041629	0.4749733	0.0433143
121	4	1.075352	0.1979584	0.5158211
121	5	0.2797321	0.4830582	0.0351911
121	6	-0.2989103	0.5946917	0.634131
121	7	0.919552	0.2247250	0.709695
121	8	0.403543	0.4459277	0.0382844
121	9	0.774737	0.3346670	0.04697005
121	10	0.919552	0.2247250	0.709695
121	11	0.9823484	0.2090850	0.679629
121	12	0.9524829	0.2142905	0.7160538
121	13	0.9524829	0.2142905	0.7160538
121	14	0.9813382	0.204656	0.7264946
122	1	1.075352	0.1979584	0.5158211
122	2	0.919552	0.2247250	0.709695
122	3	0.3041629	0.4749733	0.0433143
122	4	1.075352	0.1979584	0.5158211
122	5	0.2797321	0.4830582	0.0351911
122	6	-0.2989103	0.5946917	0.634131
122	7	0.919552	0.2247250	0.709695
122	8	0.403543	0.4459277	0.0382844
122	9	0.774737	0.3346670	0.04697005
122	10	0.919552	0.2247250	0.709695
122	11	0.9823484	0.2090850	0.679629
122	12	0.9524829	0.2142905	0.7160538
122	13	0.9524829	0.2142905	0.7160538
122	14	0.9813382	0.204656	0.7264946
123	1	1.13982	0.1881128	0.4234068
123	2	0.2643341	0.4881573	0.03003749
123	3	0.339891	0.4643938	0.04286719
123	4	1.13982	0.1881128	0.4234068
123	5	-0.2331674	0.5793768	0.5921598
123	6	-0.2969401	0.5930784	0.6443128
123	7	1.100730	0.1922158	0.4979412
123	8	0.7638041	0.3380869	0.04529817
123	9	1.171847	0.1903176	0.30718
123	10	1.100730	0.1922158	0.4979412
123	11	1.067595	0.1928367	0.5894308
123	12	1.052511	0.1950494	0.6119556
123	13	1.052511	0.1950494	0.6119556
123	14	1.057050	0.1898589	0.650016
124	1	1.201723	0.1924909	0.1976024
124	2	0.01521399	0.5497469	0.1538347
124	3	1.196886	0.191442	0.2222518
124	4	1.201723	0.1924909	0.1976024
124	5	0.1181568	0.4005807	1.328644
124	6	-0.2567593	0.5040213	1.408421
124	7	-0.1085136	0.5782208	0.2362784
124	8	1.199032	0.1925081	0.2053631
124	9	1.201297	0.1925590	0.1981836
124	10	1.161332	0.2009808	0.2324972
125	1	1.201723	0.1924909	0.1976024
125	2	0.01521399	0.5497469	0.1538347
125	3	1.196886	0.191442	0.2222518
125	4	1.201723	0.1924909	0.1976024
125	5	0.1181568	0.4005807	1.328644
125	6	-0.2567593	0.5040213	1.408421
125	7	-0.1085136	0.5782208	0.2362784
125	8	1.199032	0.1925081	0.2053631
125	9	1.201297	0.1925590	0.1981836
125	10	1.161332	0.2009808	0.2324972
126	1	-0.2237244	0.572744	0.6300609
126	3	-0.1837168	0.5713808	0.5256734
126	4	-0.2237244	0.572744	0.6300609
126	5	0.6736954	0.3672800	0.02154608
126	6	1.070392	0.245722	0.05712205
126	7	0.9359309	0.2005797	0.900698
126	8	-0.2002319	0.5727093	0.5611756
126	9	-0.2189202	0.5729484	0.6138787
126	10	-0.01977533	0.4477912	1.267276
127	1	-0.2237244	0.572744	0.6300609
127	3	-0.1837168	0.5713808	0.5256734
127	4	-0.2237244	0.572744	0.6300609
127	5	0.6736954	0.3672800	0.02154608
127	6	1.070392	0.245722	0.05712205
127	7	0.9359309	0.2005797	0.900698
127	8	-0.2002319	0.5727093	0.5611756
127	9	-0.2189202	0.5729484	0.6138787
127	10	-0.01977533	0.4477912	1.267276
128	3	0.9729327	0.2753187	0.05102962
128	5	0.05058844	0.5398193	0.1479684
128	6	-0.2573909	0.5811742	0.645732
128	10	0.7540844	0.2458657	0.9878099
129	5	0.1436411	0.5182411	0.08758586
129	6	-0.261455	0.575168	0.7172267
129	10	1.230219	0.1573720	0.461641
130	1	0.2174599	0.4987174	0.06352282
130	2	0.2282872	0.49648	0.05378781
130	3	0.1717876	0.5100264	0.08604554
130	4	0.2174599	0.4987174	0.06352282
130	5	-0.2861096	0.5440527	1.098219
130	6	-0.3584523	0.5584669	1.168565
130	8	-0.2253178	0.5705722	0.6562779
130	9	0.3279537	0.4680137	0.0421729
130	10	0.1383896	0.5206142	0.07954435
130	11	1.123215	0.1813983	0.5388756
130	12	1.169461	0.1690714	0.5247504
130	13	1.169461	0.1690714	0.5247504
130	14	1.210033	0.1575624	0.5192401
131	1	0.2174599	0.4987174	0.06352282
131	2	0.2282872	0.49648	0.05378781
131	3	0.1717876	0.5100264	0.08604554
131	4	0.2174599	0.4987174	0.06352282
131	5	-0.2861096	0.5440527	1.098219
131	6	-0.3584523	0.5584669	1.168565
131	8	-0.2253178	0.5705722	0.6562779
131	9	0.3279537	0.4680137	0.0421729
131	10	0.1383896	0.5206142	0.07954435
131	11	1.123215	0.1813983	0.5388756
131	12	1.169461	0.1690714	0.5247504
131	13	1.169461	0.1690714	0.5247504
131	14	1.210033	0.1575624	0.5192401
132	1	0.2174599	0.4987174	0.06352282
132	2	0.2282872	0.49648	0.05378781
132	3	0.1717876	0.5100264	0.08604554
132	4	0.2174599	0.4987174	0.06352282
132	5	-0.2861096	0.5440527	1.098219
132	6	-0.3584523	0.5584669	1.168565
132	8	-0.2253178	0.5705722	0.6562779
132	9	0.3279537	0.4680137	0.0421729
132	10	0.1383896	0.5206142	0.07954435
132	11	1.123215	0.1813983	0.5388756
132	12	1.169461	0.1690714	0.5247504
132	13	1.169461	0.1690714	0.5247504
132	14	1.210033	0.1575624	0.5192401
133	1	0.2174599	0.4987174	0.06352282
133	2	0.2282872	0.49648	0.05378781
133	3	0.1717876	0.5100264	0.08604554
133	4	0.2174599	0.4987174	0.06352282
133	5	-0.2861096	0.5440527	1.098219
133	6	-0.3584523	0.5584669	1.168565
133	8	-0.2253178	0.5705722	0.6562779
133	9	0.3279537	0.4680137	0.0421729
133	10	0.1383896	0.5206142	0.07954435
133	11	1.123215	0.1813983	0.5388756
133	12	1.169461	0.1690714	0.5247504
133	13	1.169461	0.1690714	0.5247504
133	14	1.210033	0.1575624	0.5192401
134	1	0.2174599	0.4987174	0.06352282
134	2	0.2282872	0.49648	0.05378781
134	3	0.1717876	0.5100264	0.08604554
134	4	0.2174599	0.4987174	0.06352282
134	5	-0.2861096	0.5440527	1.098219
134	6	-0.3584523	0.5584669	1.168565
134	8	-0.2253178	0.5705722	0.6562779
134	9	0.3279537	0.4680137	0.0421729
134	10	0.1383896	0.5206142	0.07954435
134	11	1.123215	0.1813983	0.5388756
134	12	1.169461	0.1690714	0.5247504
134	13	1.169461	0.1690714	0.5247504
134	14	1.210033	0.1575624	0.5192401
135	1	0.2174599	0.4987174	0.06352282
135	2	0.2282872	0.49648	0.05378781
135	3	0.1717876	0.5100264	0.08604554
135	4	0.2174599	0.4987174	0.06352282
135	5	-0.2861096	0.5440527	1.098219
135	6	-0.3584523	0.5584669	1.168565
135	8	-0.2253178	0.5705722	0.6562779
135	9	0.3279537	0.4680137	0.0421729
135	10	0.1383896	0.5206142	0.07954435
135	11	1.123215	0.1813983	0.5388756
135	12	1.169461	0.1690714	0.5247504
135	13	1.169461	0.1690714	0.5247504
135	14	1.210033	0.1575624	0.5192401
136	1	0.2174599	0.4987174	0.06352282
136	2	0.2282872	0.49648	0.05378781
136	3	0.1717876	0.5100264	0.08604554
136	4	0.2174599	0.4987174	0.06352282
136	5	-0.2861096	0.5440527	1.098219
136	6	-0.3584523	0.5584669	1.168565
136	8	-0.2253178	0.5705722	0.6562779
136	9	0.3279537	0.4680137	0.0421729
136	10	0.1383896	0.5206142	0.07954435
136	11	1.123215	0.1813983	0.5388756
136	12	1.169461	0.1690714	0.5247504
136	13	1.169461	0.1690714	0.5247504
136	14	1.210033	0.1575624	0.5192401
137	1	0.2174599	0.4987174	0.06352282
137	2	0.2282872	0.49648	0.05378781
137	3	0.1717876	0.5100264	0.08604554
137	4	0.2174599	0.4987174	0.06352282
137	5	-0.2861096	0.5440527	1.098219
137	6	-0.3584523	0.5584669	1.168565
137	8	-0.2253178	0.5705722	0.6562779
137	9	0.3279537	0.4680137	0.0421729
137	10	0.1383896	0.5206142	0.07954435
137	11	1.123215	0.1813983	0.5388756
137	12	1.169461	0.1690714	0.5247504
137	13	1.169461	0.1690714	0.5247504
137	14	1.210033	0.1575624	0.5192401
138	1	0.3283658	0.468621	0.03494035
138	2	-0.2625848	0.5251949	1.215766
138	3	0.2944685	0.4776411	0.04544632
138	4	0.3283658	0.468621	0.03494035
138	5	-0.1070217	0.5672674	0.3404253
138	6	-0.2652837	0.5811071	0.6696556
138	8	0.1330527	0.5210536	0.09091796
138	9	0.4367422	0.4373013	0.02593432
138	10	-0.3024427	0.5353042	1.233044
138	11	1.103175	0.1846708	0.5655027
138	12	1.172161	0.1688949	0.5185429
138	13	1.172161	0.1688949	0.5185429
138	14	1.223218	0.1560195	0.4956748
139	1	0.3283658	0.468621	0.03494035
139	2	-0.2625848	0.5251949	1.215766
139	3	0.2944685	0.4776411	0.04544632
139	4	0.3283658	0.468621	0.03494035
139	5	-0.1070217	0.5672674	0.3404253
139	6	-0.2652837	0.5811071	0.6696556
139	8	0.1330527	0.5210536	0.09091796
139	9	0.4367422	0.4373013	0.02593432
139	10	-0.3024427	0.5353042	1.233044
139	11	1.103175	0.1846708	0.5655027
139	12	1.172161	0.1688949	0.5185429
139	13	1.172161	0.1688949	0.5185429
139	14	1.223218	0.1560195	0.4956748
140	1	0.3283658	0.468621	0.03494035
140	2	-0.2625848	0.5251949	1.215766
140	3	0.2944685	0.4776411	0.04544632
140	4	0.3283658	0.468621	0.03494035
140	5	-0.1070217	0.5672674	0.3404253
140	6	-0.2652837	0.5811071	0.6696556
140	8	0.1330527	0.5210536	0.09091796
140	9	0.4367422	0.4373013	0.02593432
140	10	-0.3024427	0.5353042	1.233044
140	11	1.103175	0.1846708	0.5655027
140	12	1.172161	0.1688949	0.5185429
140	13	1.172161	0.1688949	0.5185429
140	14	1.223218	0.1560195	0.4956748
141	1	0.2881248	0.4800629	0.04014116
141	2	-0.2753151	0.5337005	1.168994
141	3	0.2514893	0.4896374	0.05322135
141	4	0.2881248	0.4800629	0.04014116
141	5	-0.1369256	0.5706572	0.3949562
141	6	-0.2858465	0.5800062	0.7411605
141	7	1.106959	0.1847908	0.5531618
141	8	0.09894085	0.529554	0.1072053
141	9	0.382137	0.4532002	0.02929752
141	10	-0.3083124	0.5403849	1.199993
141	11	1.106959	0.1847908	0.5531618
141	12	1.176396	0.1690455	0.5045697
141	13	1.176396	0.1690455	0.5045697
141	14	1.227150	0.156249	0.4818125
142	1	1.135765	0.2192918	0.1263871
142	2	0.2713337	0.3580927	1.298291
142	3	1.085335	0.2352911	0.1164505
142	4	1.135765	0.2192918	0.1263871
142	5	1.053946	0.2468805	0.09410369
142	6	1.214123	0.1639233	0.444154
142	7	-0.1740124	0.5741151	0.4699796
142	8	1.053946	0.2468805	0.09410369
142	9	1.039128	0.2518273	0.08875255
142	10	0.3033632	0.3460872	1.322873
142	11	-0.1740124	0.5741151	0.4699796
142	12	-0.1682803	0.57792	0.4153833
142	13	-0.1682803	0.57792	0.4153833
142	14	-0.1728208	0.5820194	0.3881405
143	1	1.135765	0.2192918	0.1263871
143	2	0.2713337	0.3580927	1.298291
143	3	1.085335	0.2352911	0.1164505
143	4	1.135765	0.2192918	0.1263871
143	5	1.053946	0.2468805	0.09410369
143	6	1.214123	0.1639233	0.444154
143	7	-0.1740124	0.5741151	0.4699796
143	8	1.053946	0.2468805	0.09410369
143	9	1.039128	0.2518273	0.08875255
143	10	0.3033632	0.3460872	1.322873
143	11	-0.1740124	0.5741151	0.4699796
143	12	-0.1682803	0.57792	0.4153833
143	13	-0.1682803	0.57792	0.4153833
143	14	-0.1728208	0.5820194	0.3881405
144	1	1.211285	0.172914	0.363424
144	2	1.169789	0.1850419	0.3655224
144	3	1.019880	0.2584422	0.07991975
144	4	1.211285	0.172914	0.363424
144	5	1.028757	0.2561128	0.07684574
144	6	0.5455915	0.2862255	1.202262
144	7	-0.1968865	0.5743732	0.5348292
144	8	1.028757	0.2561128	0.07684574
144	9	1.207196	0.1823470	0.2819971
144	11	-0.1968865	0.5743732	0.5348292
144	12	-0.1947782	0.5790114	0.4826542
144	13	-0.1947782	0.5790114	0.4826542
144	14	-0.2012573	0.5834953	0.457313
145	1	0.9134233	0.2914639	0.06640465
145	2	-0.02387904	0.4337962	1.418054
145	3	-0.1869887	0.5692572	0.5563585
145	4	0.9134233	0.2914639	0.06640465
145	5	-0.04455426	0.5579049	0.2491212
145	6	1.312450	0.142338	0.3682987
145	7	-0.04455426	0.5579049	0.2491212
145	8	-0.04633274	0.5581027	0.2524018
145	9	0.9134233	0.2914639	0.06640465
145	11	-0.04455426	0.5579049	0.2491212
146	2	-0.1527783	0.4750581	1.389015
146	5	1.190846	0.1943906	0.2108307
146	6	-0.1231214	0.5790118	0.2714869
146	7	1.190846	0.1943906	0.2108307
146	8	1.191450	0.1937161	0.2157360
146	11	1.190846	0.1943906	0.2108307
147	2	-0.1527783	0.4750581	1.389015
147	5	1.190846	0.1943906	0.2108307
147	6	-0.1231214	0.5790118	0.2714869
147	7	1.190846	0.1943906	0.2108307
147	8	1.191450	0.1937161	0.2157360
147	11	1.190846	0.1943906	0.2108307
148	2	-0.2516472	0.5097059	1.337024
148	5	1.185653	0.1923437	0.2464181
148	6	-0.1182674	0.5793393	0.2539374
148	7	1.185653	0.1923437	0.2464181
148	8	1.185555	0.1911913	0.2581267
148	11	1.185653	0.1923437	0.2464181
148	12	1.185653	0.1923437	0.2464181
148	13	1.185653	0.1923437	0.2464181
148	14	1.185653	0.1923437	0.2464181
149	1	1.174677	0.1958886	0.2436346
149	2	-0.2892395	0.5256341	1.289962
149	3	-0.0226806	0.4495297	1.258610
149	4	1.174677	0.1958886	0.2436346
149	5	1.174677	0.1958886	0.2436346
149	6	-0.1165696	0.5797319	0.2450445
149	7	1.174677	0.1958886	0.2436346
149	8	1.175906	0.1932710	0.2659514
149	9	1.174677	0.1958886	0.2436346
149	10	1.174677	0.1958886	0.2436346
149	11	1.174677	0.1958886	0.2436346
149	12	1.174677	0.1958886	0.2436346
149	13	1.174677	0.1958886	0.2436346
149	14	1.174677	0.1958886	0.2436346
150	1	1.174677	0.1958886	0.2436346
150	2	-0.2892395	0.5256341	1.289962
150	3	-0.0226806	0.4495297	1.258610
150	4	1.174677	0.1958886	0.2436346
150	5	1.174677	0.1958886	0.2436346
150	6	-0.1165696	0.5797319	0.2450445
150	7	1.174677	0.1958886	0.2436346
150	8	1.175906	0.1932710	0.2659514
150	9	1.174677	0.1958886	0.2436346
150	10	1.174677	0.1958886	0.2436346
150	11	1.174677	0.1958886	0.2436346
150	12	1.174677	0.1958886	0.2436346
150	13	1.174677	0.1958886	0.2436346
150	14	1.174677	0.1958886	0.2436346
151	1	1.174677	0.1958886	0.2436346
151	2	-0.2892395	0.5256341	1.289962
151	3	-0.0226806	0.4495297	1.258610
151	4	1.174677	0.1958886	0.2436346
151	5	1.174677	0.1958886	0.2436346
151	6	-0.1165696	0.5797319	0.2450445
151	7	1.174677	0.1958886	0.2436346
151	8	1.175906	0.1932710	0.2659514
151	9	1.174677	0.1958886	0.2436346
151	10	1.174677	0.1958886	0.2436346
151	11	1.174677	0.1958886	0.2436346
151	12	1.174677	0.1958886	0.2436346
151	13	1.174677	0.1958886	0.2436346
151	14	1.174677	0.1958886	0.2436346
152	1	1.174677	0.1958886	0.2436346
152	2	-0.2892395	0.5256341	1.289962
152	3	-0.0226806	0.4495297	1.258610
152	4	1.174677	0.1958886	0.2436346
152	5	1.174677	0.1958886	0.2436346
152	6	-0.1165696	0.5797319	0.2450445
152	7	1.174677	0.1958886	0.2436346
152	8	1.175906	0.1932710	0.2659514
152	9	1.174677	0.1958886	0.2436346
152	10	1.174677	0.1958886	0.2436346
152	11	1.174677	0.1958886	0.2436346
152	12	1.174677	0.1958886	0.2436346
152	13	1.174677	0.1958886	0.2436346
152	14	1.174677	0.1958886	0.2436346
153	1	1.174677	0.1958886	0.2436346
153	2	-0.2892395	0.5256341	1.289962
153	3	-0.0226806	0.4495297	1.258610
153	4	1.174677	0.1958886	0.2436346
153	5	1.174677	0.1958886	0.2436346
153	6	-0.1165696	0.5797319	0.2450445
153	7	1.174677	0.1958886	0.2436346
153	8	1.175906	0.1932710	0.2659514
153	9	1.174677	0.1958886	0.2436346
153	10	1.174677	0.1958886	0.2436346
153	11	1.174677	0.1958886	0.2436346
153	12	1.174677	0.1958886	0.2436346
153	13	1.174677	0.1958886	0.2436346
153	14	1.174677	0.1958886	0.2436346
154	1	1.174677	0.1958886	0.2436346
154	2	-0.2892395	0.5256341	1.289962
154	3	-0.0226806	0.4495297	1.258610
154	4	1.174677	0.1958886	0.2436346
154	5	1.174677	0.1958886	0.2436346
154	6	-0.1165696	0.5797319	0.2450445
154	7	1.174677	0.1958886	0.2436346
154	8	1.175906	0.1932710	0.2659514
154	9	1.174677	0.1958886	0.2436346
154	10	1.174677	0.1958886	0.2436346
154	11	1.174677	0.1958886	0.2436346
154	12	1.174677	0.1958886	0.2436346
154	13	1.174677	0.1958886	0.2436346
154	14	1.174677	0.1958886	0.2436346
155	1	1.174677	0.1958886	0.2436346
155	2	-0.2892395	0.5256341	1.289962
155	3	-0.0226806	0.4495297	1.258610
155	4	1.174677	0.1958886	0.2436346
155	5	1.174677	0.1958886	0.2436346
155	6	-0.1165696	0.5797319	0.2450445
155	7	1.174677	0.1958886	0.2436346
155	8	1.175906	0.1932710	0.2659514
155	9	1.174677	0.1958886	0.2436346
155	10	1.174677	0.1958886	0.2436346
155	11	1.174677	0.1958886	0.2436346
155	12	1.174677	0.1958886	0.2436346
155	13	1.174677	0.1958886	0.2436346
155	14	1.174677	0.1958886	0.2436346
156	1	1.174677	0.1958886	0.2436346
156	2	-0.2892395	0.5256341	1.289962
156	3	-0.0226806	0.4495297	1.258610
156	4	1.174677	0.1958886	0.2436346
156	5	1.174677	0.1958886	0.2436346
156	6	-0.1165696	0.5797319	0.2450445
156	7	1.174677	0.1958886	0.2436346
156	8	1.175906	0.1932710	0.2659514
156	9	1.174677	0.1958886	0.2436346
156	10	1.174677	0.1958886	0.2436346
156	11	1.174677	0.1958886	0.2436346
156	12	1.174677	0.1958886	0.2436346
156	13	1.174677	0.1958886	0.2436346
156	14	1.174677	0.1958886	0.2436346
157	1	1.168946	0.1943780	0.2754896
157	2	-0.1697040	0.5818395	0.3807384
157	3	0.8817643	0.3011409	0.06380376
157	4	1.168946	0.1943780	0.2754896
157	5	1.168946	0.1943780	0.2754896
157	7	1.168946	0.1943780	0.2754896
157	8	-0.005646492	0.4388864	1.313883
157	9	1.168946	0.1943780	0.2754896
157	10	1.168946	0.1943780	0.2754896
157	11	1.168946	0.1943780	0.2754896
157	12	1.168946	0.1943780	0.2754896
157	13	1.168946	0.1943780	0.2754896
157	14	1.168946	0.1943780	0.2754896
158	1	1.168946	0.1943780	0.2754896
158	2	-0.1697040	0.5818395	0.3807384
158	3	0.8817643	0.3011409	0.06380376
158	4	1.168946	0.1943780	0.2754896
158	5	1.168946	0.1943780	0.2754896
158	7	1.168946	0.1943780	0.2754896
158	8	-0.005646492	0.4388864	1.313883
158	9	1.168946	0.1943780	0.2754896
158	10	1.168946	0.1943780	0.2754896
158	11	1.168946	0.1943780	0.2754896
158	12	1.168946	0.1943780	0.2754896
158	13	1.168946	0.1943780	0.2754896
158	14	1.168946	0.1943780	0.2754896
159	1	1.168946	0.1943780	0.2754896
159	2	-0.1697040	0.5818395	0.3807384
159	3	0.8817643	0.3011409	0.06380376
159	4	1.168946	0.1943780	0.2754896
159	5	1.168946	0.1943780	0.2754896
159	7	1.168946	0.1943780	0.2754896
159	8	-0.005646492	0.4388864	1.313883
159	9	1.168946	0.1943780	0.2754896
159	10	1.168946	0.1943780	0.2754896
159	11	1.168946	0.1943780	0.2754896
159	12	1.168946	0.1943780	0.2754896
159	13	1.168946	0.1943780	0.2754896
159	14	1.168946	0.1943780	0.2754896
160	1	1.168946	0.1943780	0.2754896
160	2	-0.1697040	0.5818395	0.3807384
160	3	0.8817643	0.3011409	0.06380376
160	4	1.168946	0.1943780	0.2754896
160	5	1.168946	0.1943780	0.2754896
160	7	1.168946	0.1943780	0.2754896
160	8	-0.005646492	0.4388864	1.313883
160	9	1.168946	0.1943780	0.2754896
160	10	1.168946	0.1943780	0.2754896
160	11	1.168946	0.1943780	0.2754896
160	12	1.168946	0.1943780	0.2754896
160	13	1.168946	0.1943780	0.2754896
160	14	1.168946	0.1943780	0.2754896
161	1	1.088278	0.2339149	0.1214169
161	2	0.5661056	0.2854551	1.149445
161	3	1.117472	0.2226329	0.1471856
161	4	1.088278	0.2339149	0.1214169
161	5	1.072613	0.2392308	0.1148993
161	7	-0.2108600	0.571441	0.6050639
161	8	1.200229	0.1924179	0.2027281
161	9	1.077550	0.2378092	0.1144405
161	10	0.825288	0.3193737	0.04955329
161	11	-0.2108600	0.571441	0.6050639
161	12	-0.2005634	0.5743007	0.5463828
161	13	-0.2005634	0.5743007	0.5463828
161	14	-0.1954906	0.576624	0.5084116
162	1	0.2567334	0.4873172	0.06076011
162	2	1.217576	0.1584203	0.4885098
162	3	0.1589608	0.5126799	0.09754977
162	4	0.2567334	0.4873172	0.06076011
162	5	-0.2430986	0.5389859	1.021681
162	7	-0.2214020	0.5162851	1.182699
162	8	0.5926381	0.3910917	0.02444706
162	9	0.1256550	0.521082	0.1124362
162	10	-0.2346993	0.5196716	1.188325
163	1	0.2567334	0.4873172	0.06076011
163	2	1.217576	0.1584203	0.4885098
163	3	0.1589608	0.5126799	0.09754977
163	4	0.2567334	0.4873172	0.06076011
163	5	-0.2430986	0.5389859	1.021681
163	7	-0.2214020	0.5162851	1.182699
163	8	0.5926381	0.3910917	0.02444706
163	9	0.1256550	0.521082	0.1124362
163	10	-0.2346993	0.5196716	1.188325
164	1	0.2567334	0.4873172	0.06076011
164	2	1.217576	0.1584203	0.4885098
164	3	0.1589608	0.5126799	0.09754977
164	4	0.2567334	0.4873172	0.06076011
164	5	-0.2430986	0.5389859	1.021681
164	7	-0.2214020	0.5162851	1.182699
164	8	0.5926381	0.3910917	0.02444706
164	9	0.1256550	0.521082	0.1124362
164	10	-0.2346993	0.5196716	1.188325
165	1	1.194043	0.1800795	0.3432253
165	2	-0.2250092	0.5006099	1.348663
165	3	1.190849	0.1812294	0.3412433
165	4	1.194043	0.1800795	0.3432253
165	5	-0.08046715	0.5658436	0.2762820
165	7	1.023956	0.2566932	0.08524288
165	8	1.082859	0.1932434	0.5404216
165	9	1.193827	0.1801182	0.3434786
165	10	-0.08572314	0.5710337	0.2403389
166	2	1.239544	0.1586180	0.4218156
166	7	-0.1675202	0.5794833	0.3976524
170	1	1.266592	0.1722632	0.2068897
170	2	0.2952083	0.3499223	1.3089
170	3	1.257138	0.1769415	0.1883885
170	4	1.266592	0.1722632	0.2068897
170	5	1.265623	0.1698623	0.2335382
170	6	-0.01514588	0.4298168	1.431752
170	7	0.1294979	0.3895607	1.404427
170	8	1.178872	0.2053777	0.1372406
170	9	1.229060	0.1872495	0.1689853
170	10	1.239881	0.1682214	0.3256545
170	11	-0.1712503	0.5879602	0.3246419
170	12	-0.1720856	0.5873091	0.3335556
170	13	-0.1720856	0.5873091	0.3335556
170	14	-0.1704067	0.5891882	0.3099864
171	1	-0.2663421	0.5801956	0.6818078
171	2	-0.1659702	0.5759764	0.4278364
171	3	-0.2591253	0.5801792	0.6607025
171	4	-0.2663421	0.5801956	0.6818078
171	5	0.07423043	0.5376755	0.0995435
171	6	-0.1355716	0.5700984	0.3965039
171	7	-0.2196033	0.5750336	0.5952276
171	8	-0.2750392	0.5705458	0.8030615
171	9	-0.2740394	0.5759151	0.7469085
171	10	0.4509166	0.4358579	-0.001531796
171	11	1.320049	0.1317060	0.4512636
171	12	1.314397	0.1339989	0.4451984
171	13	1.314397	0.1339989	0.4451984
171	14	1.330654	0.1275042	0.4616502
172	1	-0.0588568	0.565664	0.2143790
172	2	-0.2234247	0.5795687	0.5615486
172	3	-0.05222251	0.5643762	0.2075905
172	4	-0.0588568	0.565664	0.2143790
172	6	-0.308796	0.5247861	1.355996
172	7	-0.2985416	0.5682528	0.8950426
172	8	-0.001034072	0.5528623	0.1708427
172	9	-0.02584996	0.5587499	0.1856285
172	11	1.333367	0.1330724	0.3984772
172	12	1.321588	0.1358415	0.4057459
172	13	1.321588	0.1358415	0.4057459
172	14	1.354133	0.1281066	0.3864913
173	1	1.165494	0.2079027	0.1516422
173	2	0.780719	0.2498394	0.8699449
173	3	1.153619	0.2123475	0.1425887
173	4	1.165494	0.2079027	0.1516422
173	6	-0.1253441	0.4603766	1.453658
173	7	0.1325581	0.3994481	1.297430
173	8	0.9242142	0.2887784	0.06121693
173	9	1.072170	0.2407102	0.1015463
173	14	-0.1981454	0.5973858	0.3104946
174	2	1.090393	0.1707098	0.741517
174	6	-0.2150705	0.5227862	1.099618
174	7	1.294375	0.1722341	0.1253059
174	8	1.165382	0.1627966	0.5989514
174	11	-0.1660406	0.5786684	0.4013668
174	12	-0.1732267	0.58125	0.3969605
174	13	-0.1732267	0.58125	0.3969605
174	14	-0.1468238	0.5782787	0.3485996
175	2	1.093534	0.169803	0.7412462
175	6	-0.2386060	0.5445291	0.9535117
175	7	1.299451	0.1705310	0.1272231
175	8	1.168431	0.1618627	0.5992209
175	11	-0.1576991	0.5779279	0.3841243
175	12	-0.1679865	0.5806026	0.3879345
175	13	-0.1679865	0.5806026	0.3879345
175	14	-0.1726430	0.5816834	0.3909461
176	1	-0.2331187	0.5823456	0.5625977
176	2	0.0008489827	0.5527737	0.1661715
176	3	-0.1500638	0.5771496	0.3693361
176	4	-0.2331187	0.5823456	0.5625977
176	5	0.02361966	0.549262	0.1338695
176	6	1.245032	0.1650327	0.3420758
176	7	-0.3358554	0.5568592	1.117906
176	8	-0.2338381	0.5771767	0.6159383
176	9	-0.2331187	0.5823456	0.5625977
176	10	0.1222649	0.5262397	0.07131635
176	11	1.315324	0.1353461	0.4291148
176	12	1.332389	0.1301192	0.4306221
176	13	1.332389	0.1301192	0.4306221
176	14	1.339237	0.1280638	0.4308102
177	1	-0.2351123	0.5768971	0.6224641
177	2	0.09682602	0.5300148	0.1088715
177	3	-0.1284362	0.5717722	0.35889
177	4	-0.2351123	0.5768971	0.6224641
177	5	0.1072409	0.5285955	0.09224467
177	6	1.272473	0.1546652	0.3639464
177	7	-0.2940752	0.5317276	1.243829
177	8	-0.2474329	0.5683996	0.7429778
177	9	-0.2351123	0.5768971	0.6224641
177	10	0.2294907	0.4972592	0.04251999
177	12	1.373617	0.1174166	0.4350063
177	14	1.373617	0.1174166	0.4350063
178	1	-0.2334643	0.5827234	0.5598718
178	2	-0.005623046	0.5542525	0.1705900
178	3	-0.1518641	0.5775854	0.3703226
178	4	-0.2334643	0.5827234	0.5598718
178	5	0.01804415	0.5505928	0.1371118
178	6	1.243084	0.1658877	0.3393444
178	7	-0.3382018	0.5587638	1.105947
178	8	-0.2334882	0.5776472	0.6102457
178	9	-0.2334643	0.5827234	0.5598718
178	10	0.1142582	0.5283407	0.07409033
178	11	1.336877	0.1288538	0.4299377
178	12	1.337954	0.1284997	0.4302722
178	13	1.337954	0.1284997	0.4302722
178	14	1.336526	0.1289704	0.4298163
179	1	-0.2318400	0.5823926	0.5583638
179	2	-0.003273997	0.5536494	0.1696438
179	3	-0.1487974	0.5770619	0.3664737
179	4	-0.2318400	0.5823926	0.5583638
179	5	0.02372712	0.5492645	0.1335276
179	6	1.244433	0.1651319	0.3428569
179	7	-0.3370451	0.557587	1.1142
179	8	-0.2308726	0.5822024	0.5573975
179	9	-0.2318400	0.5823926	0.5583638
179	10	0.1207106	0.5266552	0.07177921
179	11	1.338223	0.1282555	0.4319009
179	12	1.339240	0.1279094	0.4323314
179	13	1.339240	0.1279094	0.4323314
179	14	1.337893	0.1283692	0.4317444
180	1	-0.2318400	0.5823926	0.5583638
180	2	-0.003273997	0.5536494	0.1696438
180	3	-0.1487974	0.5770619	0.3664737
180	4	-0.2318400	0.5823926	0.5583638
180	5	0.02372712	0.5492645	0.1335276
180	6	1.244433	0.1651319	0.3428569
180	7	-0.3370451	0.557587	1.1142
180	8	-0.2308726	0.5822024	0.5573975
180	9	-0.2318400	0.5823926	0.5583638
180	10	0.1207106	0.5266552	0.07177921
180	11	1.338223	0.1282555	0.4319009
180	12	1.339240	0.1279094	0.4323314
180	13	1.339240	0.1279094	0.4323314
180	14	1.337893	0.1283692	0.4317444
181	1	-0.2260247	0.5822593	0.5425471
181	2	0.01912514	0.5491021	0.1486982
181	3	-0.2246035	0.5821876	0.53907
181	4	-0.2260247	0.5822593	0.5425471
181	5	0.03538695	0.5467263	0.1243196
181	6	1.246793	0.1650984	0.3362338
181	7	-0.3353591	0.5603766	1.081588
181	8	-0.2226207	0.5820887	0.5342069
181	9	-0.2260247	0.5822593	0.5425471
181	10	0.1316390	0.5239311	0.06656849
181	11	1.337392	0.1282546	0.4343562
181	12	1.338351	0.1279148	0.4348976
181	13	1.338351	0.1279148	0.4348976
181	14	1.337084	0.1283661	0.4341596
182	1	-0.2260247	0.5822593	0.5425471
182	2	0.01912514	0.5491021	0.1486982
182	3	-0.2246035	0.5821876	0.53907
182	4	-0.2260247	0.5822593	0.5425471
182	5	0.03538695	0.5467263	0.1243196
182	6	1.246793	0.1650984	0.3362338
182	7	-0.3353591	0.5603766	1.081588
182	8	-0.2226207	0.5820887	0.5342069
182	9	-0.2260247	0.5822593	0.5425471
182	10	0.1316390	0.5239311	0.06656849
182	11	1.337392	0.1282546	0.4343562
182	12	1.338351	0.1279148	0.4348976
182	13	1.338351	0.1279148	0.4348976
182	14	1.337084	0.1283661	0.4341596
183	1	-0.2223848	0.5822164	0.5322459
183	2	0.04817778	0.5429571	0.1239781
183	3	-0.220969	0.5821389	0.5288417
183	4	-0.2223848	0.5822164	0.5322459
183	5	0.01007854	0.5519531	0.1471055
183	6	1.248745	0.1654076	0.3274191
183	7	-0.3360187	0.560253	1.084756
183	8	-0.2189872	0.5820319	0.5240625
183	9	-0.2223848	0.5822164	0.5322459
183	10	0.1214928	0.5263427	0.0725706
183	11	1.336604	0.1283467	0.4357672
183	12	1.337512	0.1280117	0.4364101
183	13	1.337512	0.1280117	0.4364101
183	14	1.336315	0.1284563	0.4355325
184	1	-0.1297058	0.5762481	0.318277
184	2	-0.3227243	0.5682682	0.966153
184	3	-0.1306569	0.5763292	0.3202766
184	4	-0.1297058	0.5762481	0.318277
184	6	1.121294	0.1793864	0.5644753
184	7	0.1020391	0.5315011	0.07878048
184	8	-0.1320294	0.5764491	0.3231331
184	9	-0.1297058	0.5762481	0.318277
184	10	-0.332195	0.5670092	1.006537
184	11	1.341254	0.1298280	0.4073856
184	12	1.342858	0.1294381	0.4065223
184	13	1.342858	0.1294381	0.4065223
184	14	1.340707	0.1299580	0.4077074
185	1	-0.1297058	0.5762481	0.318277
185	2	-0.3227243	0.5682682	0.966153
185	3	-0.1306569	0.5763292	0.3202766
185	4	-0.1297058	0.5762481	0.318277
185	6	1.121294	0.1793864	0.5644753
185	7	0.1020391	0.5315011	0.07878048
185	8	-0.1320294	0.5764491	0.3231331
185	9	-0.1297058	0.5762481	0.318277
185	10	-0.332195	0.5670092	1.006537
185	11	1.341254	0.1298280	0.4073856
185	12	1.342858	0.1294381	0.4065223
185	13	1.342858	0.1294381	0.4065223
185	14	1.340707	0.1299580	0.4077074
186	1	-0.1297896	0.5762546	0.3184601
186	2	-0.322334	0.5684902	0.9628023
186	3	-0.1322179	0.576463	0.3235502
186	4	-0.1297896	0.5762546	0.3184601
186	6	1.121599	0.1793533	0.5639037
186	7	0.1028881	0.5313077	0.07819557
186	8	-0.131478	0.5763994	0.3220002
186	9	-0.1305911	0.5763225	0.3201494
186	10	-0.3321551	0.5671234	1.005288
186	11	1.341124	0.1298492	0.4075587
186	12	1.342725	0.1294594	0.4067037
186	13	1.342725	0.1294594	0.4067037
186	14	1.340578	0.1299793	0.4078774
187	1	1.220969	0.1773470	0.2909547
187	2	0.2486414	0.3665832	1.281024
187	3	1.219359	0.1771549	0.2976061
187	4	1.220969	0.1773470	0.2909547
187	6	-0.207025	0.5856735	0.4527251
187	7	0.8939044	0.3001469	0.0378791
187	8	1.219861	0.1772126	0.2955545
187	9	1.220438	0.1772858	0.2931267
187	10	0.2508238	0.3645333	1.294907
187	11	-0.2185942	0.5991799	0.3529757
188	1	1.200382	0.1761334	0.3636491
188	2	0.507044	0.3081054	1.099036
188	3	1.199951	0.1764238	0.3620408
188	4	1.200382	0.1761334	0.3636491
188	5	1.024829	0.2565928	0.08366289
188	6	-0.1659584	0.5828388	0.3597984
188	7	0.2742282	0.3570662	1.299933
188	8	1.066533	0.1922702	0.5981738
188	9	1.199681	0.1762254	0.3648033
188	10	0.7975477	0.3299557	0.02643741
188	11	-0.2549164	0.6027527	0.4246066
189	1	-0.1551959	0.5780869	0.3751717
189	2	-0.2700957	0.5775513	0.7190727
189	3	-0.1543118	0.5779289	0.3741321
189	4	-0.1551959	0.5780869	0.3751717
189	5	-0.01319184	0.5561693	0.1738988
189	6	1.246037	0.1652729	0.3367341
189	7	-0.340295	0.5627564	1.072551
189	8	-0.2097024	0.5819754	0.4972613
189	9	-0.1553535	0.5780753	0.3757516
189	10	0.1411955	0.5213726	0.06376055
189	11	1.339557	0.1278729	0.4317614
189	12	1.339717	0.1278169	0.4318434
189	13	1.339717	0.1278169	0.4318434
189	14	1.339557	0.1278729	0.4317614
190	1	-0.1648584	0.5789055	0.3955341
190	2	-0.2788959	0.5803619	0.7171536
190	3	-0.1636944	0.5787298	0.3938445
190	4	-0.1648584	0.5789055	0.3955341
190	5	0.01456713	0.5505243	0.1480367
190	6	1.251608	0.1652081	0.3209589
190	7	-0.3367328	0.5640479	1.049255
190	8	-0.2046458	0.5816292	0.485791
190	9	-0.1647736	0.5788713	0.3956227
190	10	0.1690870	0.514215	0.05249691
190	11	1.338221	0.1277393	0.4370217
190	12	1.338359	0.1276858	0.4371445
190	13	1.338359	0.1276858	0.4371445
190	14	1.338221	0.1277393	0.4370217
191	1	-0.1648584	0.5789055	0.3955341
191	2	-0.2788959	0.5803619	0.7171536
191	3	-0.1636944	0.5787298	0.3938445
191	4	-0.1648584	0.5789055	0.3955341
191	5	0.01456713	0.5505243	0.1480367
191	6	1.251608	0.1652081	0.3209589
191	7	-0.3367328	0.5640479	1.049255
191	8	-0.2046458	0.5816292	0.485791
191	9	-0.1647736	0.5788713	0.3956227
191	10	0.1690870	0.514215	0.05249691
191	11	1.338221	0.1277393	0.4370217
191	12	1.338359	0.1276858	0.4371445
191	13	1.338359	0.1276858	0.4371445
191	14	1.338221	0.1277393	0.4370217
192	1	-0.1494387	0.5735202	0.40346
192	2	-0.2823914	0.5686238	0.8437734
192	3	-0.1476860	0.5732893	0.4005832
192	4	-0.1494387	0.5735202	0.40346
192	5	0.1264611	0.5230373	0.09068455
192	6	1.278617	0.1629774	0.2634723
192	7	-0.2990703	0.5378937	1.197445
192	8	-0.2023860	0.5763206	0.5317378
192	9	-0.1492766	0.5734763	0.4034175
192	10	0.315072	0.4734502	0.02626005
192	12	1.388534	0.1145573	0.4193847
192	14	1.325302	0.1238972	0.5131662
193	10	1.371626	0.1185649	0.4294943
193	11	-0.2910209	0.5710322	0.8453374
193	12	-0.2461245	0.5772798	0.6511228
193	14	0.1691894	0.5134478	0.05979772
194	10	1.370889	0.1186849	0.4304781
194	11	-0.286957	0.5721101	0.8226799
194	12	-0.2572666	0.5765061	0.6916245
194	14	0.1772074	0.5113843	0.05661772
195	10	1.387513	0.1132999	0.4348539
195	11	-0.2734527	0.5692389	0.8113372
195	12	-0.2393621	0.5742872	0.6608508
195	13	-0.2393621	0.5742872	0.6608508
195	14	0.2798060	0.4833326	0.03225392
196	10	1.290681	0.1433222	0.4226938
196	14	-0.1912578	0.5865834	0.3972448
197	10	1.376444	0.1148866	0.4517464
197	11	-0.2645549	0.5719585	0.7581664
197	12	-0.2662388	0.5718115	0.7645854
197	13	-0.2662388	0.5718115	0.7645854
197	14	0.3663305	0.4592323	0.01610191
198	10	1.376444	0.1148866	0.4517464
198	11	-0.2645549	0.5719585	0.7581664
198	12	-0.2662388	0.5718115	0.7645854
198	13	-0.2662388	0.5718115	0.7645854
198	14	0.3663305	0.4592323	0.01610191
199	10	1.376444	0.1148866	0.4517464
199	11	-0.2645549	0.5719585	0.7581664
199	12	-0.2662388	0.5718115	0.7645854
199	13	-0.2662388	0.5718115	0.7645854
199	14	0.3663305	0.4592323	0.01610191
200	10	1.376444	0.1148866	0.4517464
200	11	-0.2645549	0.5719585	0.7581664
200	12	-0.2662388	0.5718115	0.7645854
200	13	-0.2662388	0.5718115	0.7645854
200	14	0.3663305	0.4592323	0.01610191
201	10	1.290681	0.1433222	0.4226938
201	11	-0.1912578	0.5865834	0.3972448
202	10	1.290681	0.1433222	0.4226938
202	11	-0.1912578	0.5865834	0.3972448
203	10	1.290681	0.1433222	0.4226938
203	11	-0.1912578	0.5865834	0.3972448
204	10	1.290681	0.1433222	0.4226938
204	11	-0.1912578	0.5865834	0.3972448
205	10	1.290681	0.1433222	0.4226938
205	11	-0.1912578	0.5865834	0.3972448
206	10	1.290681	0.1433222	0.4226938
206	11	-0.1912578	0.5865834	0.3972448
207	10	1.290681	0.1433222	0.4226938
207	11	-0.1912578	0.5865834	0.3972448
208	10	1.290681	0.1433222	0.4226938
208	11	-0.1912578	0.5865834	0.3972448
209	10	1.290681	0.1433222	0.4226938
209	11	-0.1912578	0.5865834	0.3972448
210	10	1.290681	0.1433222	0.4226938
210	11	-0.1912578	0.5865834	0.3972448
211	10	1.290681	0.1433222	0.4226938
211	11	-0.1912578	0.5865834	0.3972448
212	10	1.290681	0.1433222	0.4226938
212	11	-0.1912578	0.5865834	0.3972448
213	10	1.357818	0.1207297	0.4487331
213	11	0.2804658	0.4837755	0.02592077
213	12	-0.2940923	0.572098	0.8438267
213	13	-0.2940923	0.572098	0.8438267
214	10	1.357818	0.1207297	0.4487331
214	11	0.2804658	0.4837755	0.02592077
214	12	-0.2940923	0.572098	0.8438267
214	13	-0.2940923	0.572098	0.8438267
215	10	1.357818	0.1207297	0.4487331
215	11	0.2804658	0.4837755	0.02592077
215	12	-0.2940923	0.572098	0.8438267
215	13	-0.2940923	0.572098	0.8438267
216	10	1.290681	0.1433222	0.4226938
216	13	-0.1912578	0.5865834	0.3972448
217	10	1.290681	0.1433222	0.4226938
217	13	-0.1912578	0.5865834	0.3972448
218	10	1.290681	0.1433222	0.4226938
218	13	-0.1912578	0.5865834	0.3972448
219	10	1.290681	0.1433222	0.4226938
219	13	-0.1912578	0.5865834	0.3972448
220	10	1.290681	0.1433222	0.4226938
220	13	-0.1912578	0.5865834	0.3972448
221	10	1.290681	0.1433222	0.4226938
221	13	-0.1912578	0.5865834	0.3972448
222	10	1.290681	0.1433222	0.4226938
222	13	-0.1912578	0.5865834	0.3972448
223	10	1.290681	0.1433222	0.4226938
223	13	-0.1912578	0.5865834	0.3972448
224	10	1.290681	0.1433222	0.4226938
224	13	-0.1912578	0.5865834	0.3972448
225	10	1.290681	0.1433222	0.4226938
225	13	-0.1912578	0.5865834	0.3972448
226	10	1.290681	0.1433222	0.4226938
226	13	-0.1912578	0.5865834	0.3972448
227	10	1.290681	0.1433222	0.4226938
227	13	-0.1912578	0.5865834	0.3972448
228	10	1.324447	0.1334091	0.421426
228	13	-0.3581887	0.5495125	1.256522
228	14	0.2186898	0.5019815	0.02755308
229	10	0.9654377	0.1913155	0.9055499
229	11	-0.2558209	0.584798	0.6051952
229	13	-0.2558209	0.584798	0.6051952
229	14	0.865748	0.3112472	0.01085310
230	10	0.9795817	0.1868085	0.9085317
230	11	-0.2299011	0.5812015	0.5644525
230	12	-0.2043483	0.5775506	0.5253308
230	13	-0.2318447	0.5816299	0.5659354
230	14	0.9704198	0.2791015	0.02094884
231	10	0.9795817	0.1868085	0.9085317
231	11	-0.2299011	0.5812015	0.5644525
231	12	-0.2043483	0.5775506	0.5253308
231	13	-0.2318447	0.5816299	0.5659354
231	14	0.9704198	0.2791015	0.02094884
232	10	0.9492404	0.192324	0.9432867
232	11	-0.2120928	0.5807513	0.5164357
232	12	-0.2125587	0.58084	0.5169295
232	13	-0.2125587	0.58084	0.5169295
232	14	1.034160	0.2592722	0.02961363
234	1	0.5406375	0.4059693	0.03025567
234	2	0.5309086	0.3037925	1.071450
234	3	0.4700391	0.4266038	0.03382060
234	4	0.5406375	0.4059693	0.03025567
234	5	0.02737653	0.5457209	0.1578883
234	6	-0.3295304	0.589792	0.7729185
234	7	0.4728078	0.3127838	1.153565
234	8	1.165785	0.1973268	0.2555836
234	9	0.5410355	0.4058395	0.03036826
234	10	0.7427618	0.3450238	0.0385655
234	11	0.9910934	0.2675269	0.07472558
234	12	0.7427618	0.3450238	0.0385655
234	13	0.7427618	0.3450238	0.0385655
234	14	0.6827539	0.2602281	1.055686
235	1	0.5968315	0.3891906	0.03092905
235	2	0.5851903	0.2914263	1.034033
235	3	0.5720179	0.3964902	0.0317153
235	4	0.5968315	0.3891906	0.03092905
235	5	0.09964987	0.5293639	0.1069999
235	6	-0.3411517	0.5892457	0.8125787
235	7	0.4666453	0.3137927	1.161728
235	8	1.168568	0.1968037	0.2525678
235	9	0.5970795	0.389105	0.03104591
235	10	0.6212124	0.3819336	0.03099560
235	11	0.9026684	0.2958390	0.0547418
235	12	0.6212124	0.3819336	0.03099560
235	13	0.6212124	0.3819336	0.03099560
235	14	0.687584	0.2589537	1.054081
236	1	0.6113389	0.3848628	0.03106451
236	2	0.5489609	0.2994371	1.061412
236	3	0.6199058	0.3823276	0.03094162
236	4	0.6113389	0.3848628	0.03106451
236	5	0.08485287	0.5327898	0.1166551
236	6	-0.3393085	0.5896058	0.8035778
236	7	0.4467759	0.3182929	1.175685
236	8	1.170661	0.1913451	0.3004924
236	9	0.5984093	0.3886635	0.03150226
236	10	0.622315	0.3816020	0.03103256
236	11	0.8976648	0.2974717	0.05330763
236	12	0.622315	0.3816020	0.03103256
236	13	0.622315	0.3816020	0.03103256
236	14	0.67042	0.2626129	1.068400
237	1	1.147692	0.1924918	0.3568139
237	2	1.147692	0.1924918	0.3568139
237	3	1.147692	0.1924918	0.3568139
237	4	1.147692	0.1924918	0.3568139
237	5	-0.1840522	0.5809518	0.4318174
237	6	1.147692	0.1924918	0.3568139
237	7	1.147692	0.1924918	0.3568139
237	8	1.147692	0.1924918	0.3568139
237	9	1.147692	0.1924918	0.3568139
237	10	1.147692	0.1924918	0.3568139
237	11	1.075398	0.2383277	0.1156423
237	12	1.147692	0.1924918	0.3568139
237	13	1.147692	0.1924918	0.3568139
237	14	1.002416	0.2029769	0.6810198
238	1	1.147692	0.1924918	0.3568139
238	2	1.147692	0.1924918	0.3568139
238	3	1.147692	0.1924918	0.3568139
238	4	1.147692	0.1924918	0.3568139
238	5	-0.1840522	0.5809518	0.4318174
238	6	1.147692	0.1924918	0.3568139
238	7	1.147692	0.1924918	0.3568139
238	8	1.147692	0.1924918	0.3568139
238	9	1.147692	0.1924918	0.3568139
238	10	1.147692	0.1924918	0.3568139
238	11	1.075398	0.2383277	0.1156423
238	12	1.147692	0.1924918	0.3568139
238	13	1.147692	0.1924918	0.3568139
238	14	1.002416	0.2029769	0.6810198
242	1	-0.1097361	0.5621995	0.398645
242	2	-0.1097361	0.5621995	0.3986451
242	3	-0.1097361	0.5621995	0.398645
242	4	-0.1097361	0.5621995	0.398645
242	5	-0.1097361	0.5621995	0.398645
242	6	-0.1097361	0.5621995	0.398645
242	7	-0.1097361	0.5621995	0.398645
242	8	-0.1097361	0.5621995	0.398645
242	9	-0.1097361	0.5621995	0.398645
242	10	-0.1097361	0.5621995	0.398645
242	11	1.148913	0.1857264	0.4202588
242	12	-0.1097361	0.5621995	0.3986451
242	13	-0.1097361	0.5621995	0.3986451
242	14	-0.1097361	0.5621995	0.3986451
243	1	-0.1097361	0.5621995	0.398645
243	2	-0.1097361	0.5621995	0.3986451
243	3	-0.1097361	0.5621995	0.398645
243	4	-0.1097361	0.5621995	0.398645
243	5	-0.1097361	0.5621995	0.398645
243	6	-0.1097361	0.5621995	0.398645
243	7	-0.1097361	0.5621995	0.398645
243	8	-0.1097361	0.5621995	0.398645
243	9	-0.1097361	0.5621995	0.398645
243	10	-0.1097361	0.5621995	0.398645
243	11	1.148913	0.1857264	0.4202588
243	12	-0.1097361	0.5621995	0.3986451
243	13	-0.1097361	0.5621995	0.3986451
243	14	-0.1097361	0.5621995	0.3986451
244	1	-0.1097361	0.5621995	0.398645
244	2	-0.1097361	0.5621995	0.3986451
244	3	-0.1097361	0.5621995	0.398645
244	4	-0.1097361	0.5621995	0.398645
244	5	-0.1097361	0.5621995	0.398645
244	6	-0.1097361	0.5621995	0.398645
244	7	-0.1097361	0.5621995	0.398645
244	8	-0.1097361	0.5621995	0.398645
244	9	-0.1097361	0.5621995	0.398645
244	10	-0.1097361	0.5621995	0.398645
244	11	1.148913	0.1857264	0.4202588
244	12	-0.1097361	0.5621995	0.3986451
244	13	-0.1097361	0.5621995	0.3986451
244	14	-0.1097361	0.5621995	0.3986451
245	1	-0.1097361	0.5621995	0.398645
245	2	-0.1097361	0.5621995	0.3986451
245	3	-0.1097361	0.5621995	0.398645
245	4	-0.1097361	0.5621995	0.398645
245	5	-0.1097361	0.5621995	0.398645
245	6	-0.1097361	0.5621995	0.398645
245	7	-0.1097361	0.5621995	0.398645
245	8	-0.1097361	0.5621995	0.398645
245	9	-0.1097361	0.5621995	0.398645
245	10	-0.1097361	0.5621995	0.398645
245	11	1.148913	0.1857264	0.4202588
245	12	-0.1097361	0.5621995	0.3986451
245	13	-0.1097361	0.5621995	0.3986451
245	14	-0.1097361	0.5621995	0.3986451
246	1	-0.1097361	0.5621995	0.398645
246	2	-0.1097361	0.5621995	0.3986451
246	3	-0.1097361	0.5621995	0.398645
246	4	-0.1097361	0.5621995	0.398645
246	5	-0.1097361	0.5621995	0.398645
246	6	-0.1097361	0.5621995	0.398645
246	7	-0.1097361	0.5621995	0.398645
246	8	-0.1097361	0.5621995	0.398645
246	9	-0.1097361	0.5621995	0.398645
246	10	-0.1097361	0.5621995	0.398645
246	11	1.148913	0.1857264	0.4202588
246	12	-0.1097361	0.5621995	0.3986451
246	13	-0.1097361	0.5621995	0.3986451
246	14	-0.1097361	0.5621995	0.3986451
247	1	-0.1097361	0.5621995	0.398645
247	2	-0.1097361	0.5621995	0.3986451
247	3	-0.1097361	0.5621995	0.398645
247	4	-0.1097361	0.5621995	0.398645
247	5	-0.1097361	0.5621995	0.398645
247	6	-0.1097361	0.5621995	0.398645
247	7	-0.1097361	0.5621995	0.398645
247	8	-0.1097361	0.5621995	0.398645
247	9	-0.1097361	0.5621995	0.398645
247	10	-0.1097361	0.5621995	0.398645
247	11	1.148913	0.1857264	0.4202588
247	12	-0.1097361	0.5621995	0.3986451
247	13	-0.1097361	0.5621995	0.3986451
247	14	-0.1097361	0.5621995	0.3986451
248	1	-0.1097361	0.5621995	0.398645
248	2	-0.1097361	0.5621995	0.3986451
248	3	-0.1097361	0.5621995	0.398645
248	4	-0.1097361	0.5621995	0.398645
248	5	-0.1097361	0.5621995	0.398645
248	6	-0.1097361	0.5621995	0.398645
248	7	-0.1097361	0.5621995	0.398645
248	8	-0.1097361	0.5621995	0.398645
248	9	-0.1097361	0.5621995	0.398645
248	10	-0.1097361	0.5621995	0.398645
248	11	1.148913	0.1857264	0.4202588
248	12	-0.1097361	0.5621995	0.3986451
248	13	-0.1097361	0.5621995	0.3986451
248	14	-0.1097361	0.5621995	0.3986451
249	1	-0.1097361	0.5621995	0.398645
249	2	-0.1097361	0.5621995	0.3986451
249	3	-0.1097361	0.5621995	0.398645
249	4	-0.1097361	0.5621995	0.398645
249	5	-0.1097361	0.5621995	0.398645
249	6	-0.1097361	0.5621995	0.398645
249	7	-0.1097361	0.5621995	0.398645
249	8	-0.1097361	0.5621995	0.398645
249	9	-0.1097361	0.5621995	0.398645
249	10	-0.1097361	0.5621995	0.398645
249	11	1.148913	0.1857264	0.4202588
249	12	-0.1097361	0.5621995	0.3986451
249	13	-0.1097361	0.5621995	0.3986451
249	14	-0.1097361	0.5621995	0.3986451
250	1	-0.1097361	0.5621995	0.398645
250	2	-0.1097361	0.5621995	0.3986451
250	3	-0.1097361	0.5621995	0.398645
250	4	-0.1097361	0.5621995	0.398645
250	5	-0.1097361	0.5621995	0.398645
250	6	-0.1097361	0.5621995	0.398645
250	7	-0.1097361	0.5621995	0.398645
250	8	-0.1097361	0.5621995	0.398645
250	9	-0.1097361	0.5621995	0.398645
250	10	-0.1097361	0.5621995	0.398645
250	11	1.148913	0.1857264	0.4202588
250	12	-0.1097361	0.5621995	0.3986451
250	13	-0.1097361	0.5621995	0.3986451
250	14	-0.1097361	0.5621995	0.3986451
251	1	-0.1097361	0.5621995	0.398645
251	2	-0.1097361	0.5621995	0.3986451
251	3	-0.1097361	0.5621995	0.398645
251	4	-0.1097361	0.5621995	0.398645
251	5	-0.1097361	0.5621995	0.398645
251	6	-0.1097361	0.5621995	0.398645
251	7	-0.1097361	0.5621995	0.398645
251	8	-0.1097361	0.5621995	0.398645
251	9	-0.1097361	0.5621995	0.398645
251	10	-0.1097361	0.5621995	0.398645
251	11	1.148913	0.1857264	0.4202588
251	12	-0.1097361	0.5621995	0.3986451
251	13	-0.1097361	0.5621995	0.3986451
251	14	-0.1097361	0.5621995	0.3986451
252	1	-0.1097361	0.5621995	0.398645
252	2	-0.1097361	0.5621995	0.3986451
252	3	-0.1097361	0.5621995	0.398645
252	4	-0.1097361	0.5621995	0.398645
252	5	-0.1097361	0.5621995	0.398645
252	6	-0.1097361	0.5621995	0.398645
252	7	-0.1097361	0.5621995	0.398645
252	8	-0.1097361	0.5621995	0.398645
252	9	-0.1097361	0.5621995	0.398645
252	10	-0.1097361	0.5621995	0.398645
252	11	1.148913	0.1857264	0.4202588
252	12	-0.1097361	0.5621995	0.3986451
252	13	-0.1097361	0.5621995	0.3986451
252	14	-0.1097361	0.5621995	0.3986451
253	1	-0.1097361	0.5621995	0.398645
253	2	-0.1097361	0.5621995	0.3986451
253	3	-0.1097361	0.5621995	0.398645
253	4	-0.1097361	0.5621995	0.398645
253	5	-0.1097361	0.5621995	0.398645
253	6	-0.1097361	0.5621995	0.398645
253	7	-0.1097361	0.5621995	0.398645
253	8	-0.1097361	0.5621995	0.398645
253	9	-0.1097361	0.5621995	0.398645
253	10	-0.1097361	0.5621995	0.398645
253	11	1.148913	0.1857264	0.4202588
253	12	-0.1097361	0.5621995	0.3986451
253	13	-0.1097361	0.5621995	0.3986451
253	14	-0.1097361	0.5621995	0.3986451
254	1	-0.1097361	0.5621995	0.398645
254	2	-0.1097361	0.5621995	0.3986451
254	3	-0.1097361	0.5621995	0.398645
254	4	-0.1097361	0.5621995	0.398645
254	5	-0.1097361	0.5621995	0.398645
254	6	-0.1097361	0.5621995	0.398645
254	7	-0.1097361	0.5621995	0.398645
254	8	-0.1097361	0.5621995	0.398645
254	9	-0.1097361	0.5621995	0.398645
254	10	-0.1097361	0.5621995	0.398645
254	11	1.148913	0.1857264	0.4202588
254	12	-0.1097361	0.5621995	0.3986451
254	13	-0.1097361	0.5621995	0.3986451
254	14	-0.1097361	0.5621995	0.3986451
255	1	-0.1097361	0.5621995	0.398645
255	2	-0.1097361	0.5621995	0.3986451
255	3	-0.1097361	0.5621995	0.398645
255	4	-0.1097361	0.5621995	0.398645
255	5	-0.1097361	0.5621995	0.398645
255	6	-0.1097361	0.5621995	0.398645
255	7	-0.1097361	0.5621995	0.398645
255	8	-0.1097361	0.5621995	0.398645
255	9	-0.1097361	0.5621995	0.398645
255	10	-0.1097361	0.5621995	0.398645
255	11	1.148913	0.1857264	0.4202588
255	12	-0.1097361	0.5621995	0.3986451
255	13	-0.1097361	0.5621995	0.3986451
255	14	-0.1097361	0.5621995	0.3986451
256	1	0.003465068	0.5466217	0.219426
256	2	0.003465068	0.5466217	0.219426
256	3	0.003465068	0.5466217	0.219426
256	4	0.003465068	0.5466217	0.219426
256	5	0.003465068	0.5466217	0.219426
256	6	0.003465068	0.5466217	0.219426
256	7	0.003465068	0.5466217	0.219426
256	8	0.003465068	0.5466217	0.219426
256	9	0.003465068	0.5466217	0.219426
256	10	0.003465068	0.5466217	0.219426
256	11	0.0872326	0.4159773	1.267201
256	12	0.003465068	0.5466217	0.219426
256	13	0.003465068	0.5466217	0.219426
256	14	1.193964	0.1764549	0.3793779
257	1	0.003465068	0.5466217	0.219426
257	2	0.003465068	0.5466217	0.219426
257	3	0.003465068	0.5466217	0.219426
257	4	0.003465068	0.5466217	0.219426
257	5	0.003465068	0.5466217	0.219426
257	6	0.003465068	0.5466217	0.219426
257	7	0.003465068	0.5466217	0.219426
257	8	0.003465068	0.5466217	0.219426
257	9	0.003465068	0.5466217	0.219426
257	10	0.003465068	0.5466217	0.219426
257	11	0.0872326	0.4159773	1.267201
257	12	0.003465068	0.5466217	0.219426
257	13	0.003465068	0.5466217	0.219426
257	14	1.193964	0.1764549	0.3793779
258	1	0.003465068	0.5466217	0.219426
258	2	0.003465068	0.5466217	0.219426
258	3	0.003465068	0.5466217	0.219426
258	4	0.003465068	0.5466217	0.219426
258	5	0.003465068	0.5466217	0.219426
258	6	0.003465068	0.5466217	0.219426
258	7	0.003465068	0.5466217	0.219426
258	8	0.003465068	0.5466217	0.219426
258	9	0.003465068	0.5466217	0.219426
258	10	0.003465068	0.5466217	0.219426
258	11	0.0872326	0.4159773	1.267201
258	12	0.003465068	0.5466217	0.219426
258	13	0.003465068	0.5466217	0.219426
258	14	1.193964	0.1764549	0.3793779
259	1	-0.1672019	0.5692417	0.4982037
259	2	-0.1672019	0.5692417	0.4982037
259	3	-0.1672019	0.5692417	0.4982037
259	4	-0.1672019	0.5692417	0.4982037
259	5	-0.1672019	0.5692417	0.4982037
259	6	1.031766	0.1832296	0.7902164
259	7	-0.1672019	0.5692417	0.4982037
259	9	-0.1672019	0.5692417	0.4982037
259	10	1.084444	0.2410654	0.06185747
259	12	-0.1672019	0.5692417	0.4982037
260	1	-0.1672019	0.5692417	0.4982037
260	2	-0.1672019	0.5692417	0.4982037
260	3	-0.1672019	0.5692417	0.4982037
260	4	-0.1672019	0.5692417	0.4982037
260	5	-0.1672019	0.5692417	0.4982037
260	6	1.031766	0.1832296	0.7902164
260	7	-0.1672019	0.5692417	0.4982037
260	9	-0.1672019	0.5692417	0.4982037
260	10	1.084444	0.2410654	0.06185747
260	12	-0.1672019	0.5692417	0.4982037
261	1	-0.1668941	0.5689195	0.5004891
261	2	-0.1668941	0.5689195	0.5004891
261	3	-0.1668941	0.5689195	0.5004891
261	4	-0.1668941	0.5689195	0.5004891
261	5	-0.1668941	0.5689195	0.5004891
261	6	1.036699	0.1820585	0.787287
261	7	-0.1668941	0.5689195	0.5004891
261	8	-0.1409613	0.5666912	0.4461506
261	9	-0.1668941	0.5689195	0.5004891
261	10	1.092704	0.238429	0.0636419
261	12	-0.1668941	0.5689195	0.5004891
264	6	1.158670	0.1828081	0.4204267
264	10	-0.1279774	0.5676556	0.3983315
265	6	1.158670	0.1828081	0.4204267
265	10	-0.1279774	0.5676556	0.3983315
266	1	-0.1351851	0.5666958	0.4290833
266	2	-0.1351851	0.5666958	0.4290833
266	3	-0.1351851	0.5666958	0.4290833
266	4	-0.1351851	0.5666958	0.4290833
266	5	-0.1351851	0.5666958	0.4290833
266	6	1.296222	0.1383244	0.4558927
266	7	-0.1351851	0.5666958	0.4290833
266	8	0.4597348	0.430593	0.02465465
266	9	-0.1351851	0.5666958	0.4290833
266	10	1.271165	0.1471653	0.4421228
266	11	-0.1351851	0.5666958	0.4290833
266	12	-0.1351851	0.5666958	0.4290833
266	13	-0.1351851	0.5666958	0.4290833
266	14	-0.2570599	0.5762059	0.6939904
277	1	1.120904	0.1941041	0.4197782
277	2	1.120904	0.1941041	0.4197782
277	3	1.120904	0.1941041	0.4197782
277	4	1.120904	0.1941041	0.4197782
277	5	1.120904	0.1941041	0.4197782
277	6	1.120904	0.1941041	0.4197782
277	7	1.120904	0.1941041	0.4197782
277	8	1.120904	0.1941041	0.4197782
277	9	1.120904	0.1941041	0.4197782
277	10	1.120904	0.1941041	0.4197782
277	11	1.120904	0.1941041	0.4197782
277	12	1.120904	0.1941041	0.4197782
277	13	1.120904	0.1941041	0.4197782
277	14	1.120904	0.1941041	0.4197782
278	1	1.120904	0.1941041	0.4197782
278	2	1.120904	0.1941041	0.4197782
278	3	1.120904	0.1941041	0.4197782
278	4	1.120904	0.1941041	0.4197782
278	5	1.120904	0.1941041	0.4197782
278	6	1.120904	0.1941041	0.4197782
278	7	1.120904	0.1941041	0.4197782
278	8	1.120904	0.1941041	0.4197782
278	9	1.120904	0.1941041	0.4197782
278	10	1.120904	0.1941041	0.4197782
278	11	1.120904	0.1941041	0.4197782
278	12	1.120904	0.1941041	0.4197782
278	13	1.120904	0.1941041	0.4197782
278	14	1.120904	0.1941041	0.4197782
279	1	1.120904	0.1941041	0.4197782
279	2	1.120904	0.1941041	0.4197782
279	3	1.120904	0.1941041	0.4197782
279	4	1.120904	0.1941041	0.4197782
279	5	1.120904	0.1941041	0.4197782
279	6	1.120904	0.1941041	0.4197782
279	7	1.120904	0.1941041	0.4197782
279	8	1.120904	0.1941041	0.4197782
279	9	1.120904	0.1941041	0.4197782
279	10	1.120904	0.1941041	0.4197782
279	11	1.120904	0.1941041	0.4197782
279	12	1.120904	0.1941041	0.4197782
279	13	1.120904	0.1941041	0.4197782
279	14	1.120904	0.1941041	0.4197782
280	1	1.120904	0.1941041	0.4197782
280	2	1.120904	0.1941041	0.4197782
280	3	1.120904	0.1941041	0.4197782
280	4	1.120904	0.1941041	0.4197782
280	5	1.120904	0.1941041	0.4197782
280	6	1.120904	0.1941041	0.4197782
280	7	1.120904	0.1941041	0.4197782
280	8	1.120904	0.1941041	0.4197782
280	9	1.120904	0.1941041	0.4197782
280	10	1.120904	0.1941041	0.4197782
280	11	1.120904	0.1941041	0.4197782
280	12	1.120904	0.1941041	0.4197782
280	13	1.120904	0.1941041	0.4197782
280	14	1.120904	0.1941041	0.4197782
281	1	1.120904	0.1941041	0.4197782
281	2	1.120904	0.1941041	0.4197782
281	3	1.120904	0.1941041	0.4197782
281	4	1.120904	0.1941041	0.4197782
281	5	1.120904	0.1941041	0.4197782
281	6	1.120904	0.1941041	0.4197782
281	7	1.120904	0.1941041	0.4197782
281	8	1.120904	0.1941041	0.4197782
281	9	1.120904	0.1941041	0.4197782
281	10	1.120904	0.1941041	0.4197782
281	11	1.120904	0.1941041	0.4197782
281	12	1.120904	0.1941041	0.4197782
281	13	1.120904	0.1941041	0.4197782
281	14	1.120904	0.1941041	0.4197782
282	1	1.120904	0.1941041	0.4197782
282	2	1.120904	0.1941041	0.4197782
282	3	1.120904	0.1941041	0.4197782
282	4	1.120904	0.1941041	0.4197782
282	5	1.120904	0.1941041	0.4197782
282	6	1.120904	0.1941041	0.4197782
282	7	1.120904	0.1941041	0.4197782
282	8	1.120904	0.1941041	0.4197782
282	9	1.120904	0.1941041	0.4197782
282	10	1.120904	0.1941041	0.4197782
282	11	1.120904	0.1941041	0.4197782
282	12	1.120904	0.1941041	0.4197782
282	13	1.120904	0.1941041	0.4197782
282	14	1.120904	0.1941041	0.4197782
