1	6	1.166964	0.1803272	0.4205692
1	7	-0.1321506	0.5689039	0.3982598
2	6	1.166964	0.1803272	0.4205692
2	7	-0.1321506	0.5689039	0.3982598
3	3	0.1325297	0.5208853	0.09412655
3	5	1.183973	0.1812663	0.3611411
3	6	-0.2615689	0.536321	1.102518
3	7	1.183973	0.1812663	0.3611411
4	3	0.1325297	0.5208853	0.09412655
4	5	1.183973	0.1812663	0.3611411
4	6	-0.2615689	0.536321	1.102518
4	7	1.183973	0.1812663	0.3611411
5	3	0.1325297	0.5208853	0.09412655
5	5	1.183973	0.1812663	0.3611411
5	6	-0.2615689	0.536321	1.102518
5	7	1.183973	0.1812663	0.3611411
6	2	-0.06719778	0.4598002	1.288020
6	3	-0.06719778	0.4598002	1.288020
6	4	-0.06719778	0.4598002	1.288020
6	5	1.013202	0.2602185	0.08199916
6	6	0.04222806	0.5423192	0.1478324
6	7	1.013202	0.2602185	0.08199916
7	2	-0.06719778	0.4598002	1.288020
7	3	-0.06719778	0.4598002	1.288020
7	4	-0.06719778	0.4598002	1.288020
7	5	1.013202	0.2602185	0.08199916
7	6	0.04222806	0.5423192	0.1478324
7	7	1.013202	0.2602185	0.08199916
8	2	-0.06719778	0.4598002	1.288020
8	3	-0.06719778	0.4598002	1.288020
8	4	-0.06719778	0.4598002	1.288020
8	5	1.013202	0.2602185	0.08199916
8	6	0.04222806	0.5423192	0.1478324
8	7	1.013202	0.2602185	0.08199916
9	1	0.06718435	0.4200084	1.286333
9	2	0.06718437	0.4200084	1.286333
9	3	0.06718434	0.4200084	1.286333
9	4	0.06718434	0.4200084	1.286333
9	5	0.5154572	0.4139717	0.02515780
9	6	0.5154572	0.4139717	0.02515780
9	7	0.5154572	0.4139717	0.02515780
10	1	0.06718435	0.4200084	1.286333
10	2	0.06718437	0.4200084	1.286333
10	3	0.06718434	0.4200084	1.286333
10	4	0.06718434	0.4200084	1.286333
10	5	0.5154572	0.4139717	0.02515780
10	6	0.5154572	0.4139717	0.02515780
10	7	0.5154572	0.4139717	0.02515780
11	1	1.120904	0.1941041	0.4197782
11	2	1.120904	0.1941041	0.4197782
11	3	1.120904	0.1941041	0.4197782
11	4	1.120904	0.1941041	0.4197782
11	5	1.120904	0.1941041	0.4197782
11	6	1.120904	0.1941041	0.4197782
11	7	1.120904	0.1941041	0.4197782
12	1	1.120904	0.1941041	0.4197782
12	2	1.120904	0.1941041	0.4197782
12	3	1.120904	0.1941041	0.4197782
12	4	1.120904	0.1941041	0.4197782
12	5	1.120904	0.1941041	0.4197782
12	6	1.120904	0.1941041	0.4197782
12	7	1.120904	0.1941041	0.4197782
13	1	1.120904	0.1941041	0.4197782
13	2	1.120904	0.1941041	0.4197782
13	3	1.120904	0.1941041	0.4197782
13	4	1.120904	0.1941041	0.4197782
13	5	1.120904	0.1941041	0.4197782
13	6	1.120904	0.1941041	0.4197782
13	7	1.120904	0.1941041	0.4197782
14	1	1.120904	0.1941041	0.4197782
14	2	1.120904	0.1941041	0.4197782
14	3	1.120904	0.1941041	0.4197782
14	4	1.120904	0.1941041	0.4197782
14	5	1.120904	0.1941041	0.4197782
14	6	1.120904	0.1941041	0.4197782
14	7	1.120904	0.1941041	0.4197782
15	1	1.120904	0.1941041	0.4197782
15	2	1.120904	0.1941041	0.4197782
15	3	1.120904	0.1941041	0.4197782
15	4	1.120904	0.1941041	0.4197782
15	5	1.120904	0.1941041	0.4197782
15	6	1.120904	0.1941041	0.4197782
15	7	1.120904	0.1941041	0.4197782
16	1	1.120904	0.1941041	0.4197782
16	2	1.120904	0.1941041	0.4197782
16	3	1.120904	0.1941041	0.4197782
16	4	1.120904	0.1941041	0.4197782
16	5	1.120904	0.1941041	0.4197782
16	6	1.120904	0.1941041	0.4197782
16	7	1.120904	0.1941041	0.4197782
17	1	1.120904	0.1941041	0.4197782
17	2	1.120904	0.1941041	0.4197782
17	3	1.120904	0.1941041	0.4197782
17	4	1.120904	0.1941041	0.4197782
17	5	1.120904	0.1941041	0.4197782
17	6	1.120904	0.1941041	0.4197782
17	7	1.120904	0.1941041	0.4197782
18	1	1.120904	0.1941041	0.4197782
18	2	1.120904	0.1941041	0.4197782
18	3	1.120904	0.1941041	0.4197782
18	4	1.120904	0.1941041	0.4197782
18	5	1.120904	0.1941041	0.4197782
18	6	1.120904	0.1941041	0.4197782
18	7	1.120904	0.1941041	0.4197782
19	1	1.120904	0.1941041	0.4197782
19	2	1.120904	0.1941041	0.4197782
19	3	1.120904	0.1941041	0.4197782
19	4	1.120904	0.1941041	0.4197782
19	5	1.120904	0.1941041	0.4197782
19	6	1.120904	0.1941041	0.4197782
19	7	1.120904	0.1941041	0.4197782
20	1	1.120904	0.1941041	0.4197782
20	2	1.120904	0.1941041	0.4197782
20	3	1.120904	0.1941041	0.4197782
20	4	1.120904	0.1941041	0.4197782
20	5	1.120904	0.1941041	0.4197782
20	6	1.120904	0.1941041	0.4197782
20	7	1.120904	0.1941041	0.4197782
21	1	1.120904	0.1941041	0.4197782
21	2	1.120904	0.1941041	0.4197782
21	3	1.120904	0.1941041	0.4197782
21	4	1.120904	0.1941041	0.4197782
21	5	1.120904	0.1941041	0.4197782
21	6	1.120904	0.1941041	0.4197782
21	7	1.120904	0.1941041	0.4197782
22	1	1.120904	0.1941041	0.4197782
22	2	1.120904	0.1941041	0.4197782
22	3	1.120904	0.1941041	0.4197782
22	4	1.120904	0.1941041	0.4197782
22	5	1.120904	0.1941041	0.4197782
22	6	1.120904	0.1941041	0.4197782
22	7	1.120904	0.1941041	0.4197782
23	1	1.120904	0.1941041	0.4197782
23	2	1.120904	0.1941041	0.4197782
23	3	1.120904	0.1941041	0.4197782
23	4	1.120904	0.1941041	0.4197782
23	5	1.120904	0.1941041	0.4197782
23	6	1.120904	0.1941041	0.4197782
23	7	1.120904	0.1941041	0.4197782
24	1	1.120904	0.1941041	0.4197782
24	2	1.120904	0.1941041	0.4197782
24	3	1.120904	0.1941041	0.4197782
24	4	1.120904	0.1941041	0.4197782
24	5	1.120904	0.1941041	0.4197782
24	6	1.120904	0.1941041	0.4197782
24	7	1.120904	0.1941041	0.4197782
25	1	1.120904	0.1941041	0.4197782
25	2	1.120904	0.1941041	0.4197782
25	3	1.120904	0.1941041	0.4197782
25	4	1.120904	0.1941041	0.4197782
25	5	1.120904	0.1941041	0.4197782
25	6	1.120904	0.1941041	0.4197782
25	7	1.120904	0.1941041	0.4197782
26	1	1.120904	0.1941041	0.4197782
26	2	1.120904	0.1941041	0.4197782
26	3	1.120904	0.1941041	0.4197782
26	4	1.120904	0.1941041	0.4197782
26	5	1.120904	0.1941041	0.4197782
26	6	1.120904	0.1941041	0.4197782
26	7	1.120904	0.1941041	0.4197782
27	1	1.120904	0.1941041	0.4197782
27	2	1.120904	0.1941041	0.4197782
27	3	1.120904	0.1941041	0.4197782
27	4	1.120904	0.1941041	0.4197782
27	5	1.120904	0.1941041	0.4197782
27	6	1.120904	0.1941041	0.4197782
27	7	1.120904	0.1941041	0.4197782
28	1	1.120904	0.1941041	0.4197782
28	2	1.120904	0.1941041	0.4197782
28	3	1.120904	0.1941041	0.4197782
28	4	1.120904	0.1941041	0.4197782
28	5	1.120904	0.1941041	0.4197782
28	6	1.120904	0.1941041	0.4197782
28	7	1.120904	0.1941041	0.4197782
29	1	1.120904	0.1941041	0.4197782
29	2	1.120904	0.1941041	0.4197782
29	3	1.120904	0.1941041	0.4197782
29	4	1.120904	0.1941041	0.4197782
29	5	1.120904	0.1941041	0.4197782
29	6	1.120904	0.1941041	0.4197782
29	7	1.120904	0.1941041	0.4197782
30	1	1.120904	0.1941041	0.4197782
30	2	1.120904	0.1941041	0.4197782
30	3	1.120904	0.1941041	0.4197782
30	4	1.120904	0.1941041	0.4197782
30	5	1.120904	0.1941041	0.4197782
30	6	1.120904	0.1941041	0.4197782
30	7	1.120904	0.1941041	0.4197782
31	1	1.120904	0.1941041	0.4197782
31	2	1.120904	0.1941041	0.4197782
31	3	1.120904	0.1941041	0.4197782
31	4	1.120904	0.1941041	0.4197782
31	5	1.120904	0.1941041	0.4197782
31	6	1.120904	0.1941041	0.4197782
31	7	1.120904	0.1941041	0.4197782
32	1	1.120904	0.1941041	0.4197782
32	2	1.120904	0.1941041	0.4197782
32	3	1.120904	0.1941041	0.4197782
32	4	1.120904	0.1941041	0.4197782
32	5	1.120904	0.1941041	0.4197782
32	6	1.120904	0.1941041	0.4197782
32	7	1.120904	0.1941041	0.4197782
33	1	1.120904	0.1941041	0.4197782
33	2	1.120904	0.1941041	0.4197782
33	3	1.120904	0.1941041	0.4197782
33	4	1.120904	0.1941041	0.4197782
33	5	1.120904	0.1941041	0.4197782
33	6	1.120904	0.1941041	0.4197782
33	7	1.120904	0.1941041	0.4197782
34	1	1.120904	0.1941041	0.4197782
34	2	1.120904	0.1941041	0.4197782
34	3	1.120904	0.1941041	0.4197782
34	4	1.120904	0.1941041	0.4197782
34	5	1.120904	0.1941041	0.4197782
34	6	1.120904	0.1941041	0.4197782
34	7	1.120904	0.1941041	0.4197782
35	1	1.120904	0.1941041	0.4197782
35	2	1.120904	0.1941041	0.4197782
35	3	1.120904	0.1941041	0.4197782
35	4	1.120904	0.1941041	0.4197782
35	5	1.120904	0.1941041	0.4197782
35	6	1.120904	0.1941041	0.4197782
35	7	1.120904	0.1941041	0.4197782
36	1	1.120904	0.1941041	0.4197782
36	2	1.120904	0.1941041	0.4197782
36	3	1.120904	0.1941041	0.4197782
36	4	1.120904	0.1941041	0.4197782
36	5	1.120904	0.1941041	0.4197782
36	6	1.120904	0.1941041	0.4197782
36	7	1.120904	0.1941041	0.4197782
37	1	1.120904	0.1941041	0.4197782
37	2	1.120904	0.1941041	0.4197782
37	3	1.120904	0.1941041	0.4197782
37	4	1.120904	0.1941041	0.4197782
37	5	1.120904	0.1941041	0.4197782
37	6	1.120904	0.1941041	0.4197782
37	7	1.120904	0.1941041	0.4197782
38	1	1.120904	0.1941041	0.4197782
38	2	1.120904	0.1941041	0.4197782
38	3	1.120904	0.1941041	0.4197782
38	4	1.120904	0.1941041	0.4197782
38	5	1.120904	0.1941041	0.4197782
38	6	1.120904	0.1941041	0.4197782
38	7	1.120904	0.1941041	0.4197782
39	1	1.120904	0.1941041	0.4197782
39	2	1.120904	0.1941041	0.4197782
39	3	1.120904	0.1941041	0.4197782
39	4	1.120904	0.1941041	0.4197782
39	5	1.120904	0.1941041	0.4197782
39	6	1.120904	0.1941041	0.4197782
39	7	1.120904	0.1941041	0.4197782
40	1	1.120904	0.1941041	0.4197782
40	2	1.120904	0.1941041	0.4197782
40	3	1.120904	0.1941041	0.4197782
40	4	1.120904	0.1941041	0.4197782
40	5	1.120904	0.1941041	0.4197782
40	6	1.120904	0.1941041	0.4197782
40	7	1.120904	0.1941041	0.4197782
41	1	1.120904	0.1941041	0.4197782
41	2	1.120904	0.1941041	0.4197782
41	3	1.120904	0.1941041	0.4197782
41	4	1.120904	0.1941041	0.4197782
41	5	1.120904	0.1941041	0.4197782
41	6	1.120904	0.1941041	0.4197782
41	7	1.120904	0.1941041	0.4197782
42	1	1.120904	0.1941041	0.4197782
42	2	1.120904	0.1941041	0.4197782
42	3	1.120904	0.1941041	0.4197782
42	4	1.120904	0.1941041	0.4197782
42	5	1.120904	0.1941041	0.4197782
42	6	1.120904	0.1941041	0.4197782
42	7	1.120904	0.1941041	0.4197782
43	1	1.120904	0.1941041	0.4197782
43	2	1.120904	0.1941041	0.4197782
43	3	1.120904	0.1941041	0.4197782
43	4	1.120904	0.1941041	0.4197782
43	5	1.120904	0.1941041	0.4197782
43	6	1.120904	0.1941041	0.4197782
43	7	1.120904	0.1941041	0.4197782
44	1	1.120904	0.1941041	0.4197782
44	2	1.120904	0.1941041	0.4197782
44	3	1.120904	0.1941041	0.4197782
44	4	1.120904	0.1941041	0.4197782
44	5	1.120904	0.1941041	0.4197782
44	6	1.120904	0.1941041	0.4197782
44	7	1.120904	0.1941041	0.4197782
45	1	1.120904	0.1941041	0.4197782
45	2	1.120904	0.1941041	0.4197782
45	3	1.120904	0.1941041	0.4197782
45	4	1.120904	0.1941041	0.4197782
45	5	1.120904	0.1941041	0.4197782
45	6	1.120904	0.1941041	0.4197782
45	7	1.120904	0.1941041	0.4197782
46	1	1.120904	0.1941041	0.4197782
46	2	1.120904	0.1941041	0.4197782
46	3	1.120904	0.1941041	0.4197782
46	4	1.120904	0.1941041	0.4197782
46	5	1.120904	0.1941041	0.4197782
46	6	1.120904	0.1941041	0.4197782
46	7	1.120904	0.1941041	0.4197782
47	1	1.120904	0.1941041	0.4197782
47	2	1.120904	0.1941041	0.4197782
47	3	1.120904	0.1941041	0.4197782
47	4	1.120904	0.1941041	0.4197782
47	5	1.120904	0.1941041	0.4197782
47	6	1.120904	0.1941041	0.4197782
47	7	1.120904	0.1941041	0.4197782
49	1	1.120904	0.1941041	0.4197782
49	2	1.120904	0.1941041	0.4197782
49	3	1.120904	0.1941041	0.4197782
49	4	1.120904	0.1941041	0.4197782
49	5	1.120904	0.1941041	0.4197782
49	6	1.120904	0.1941041	0.4197782
49	7	1.120904	0.1941041	0.4197782
50	1	1.120904	0.1941041	0.4197782
50	2	1.120904	0.1941041	0.4197782
50	3	1.120904	0.1941041	0.4197782
50	4	1.120904	0.1941041	0.4197782
50	5	1.120904	0.1941041	0.4197782
50	6	1.120904	0.1941041	0.4197782
50	7	1.120904	0.1941041	0.4197782
51	1	1.120904	0.1941041	0.4197782
51	2	1.120904	0.1941041	0.4197782
51	3	1.120904	0.1941041	0.4197782
51	4	1.120904	0.1941041	0.4197782
51	5	1.120904	0.1941041	0.4197782
51	6	1.120904	0.1941041	0.4197782
51	7	1.120904	0.1941041	0.4197782
52	1	1.120904	0.1941041	0.4197782
52	2	1.120904	0.1941041	0.4197782
52	3	1.120904	0.1941041	0.4197782
52	4	1.120904	0.1941041	0.4197782
52	5	1.120904	0.1941041	0.4197782
52	6	1.120904	0.1941041	0.4197782
52	7	1.120904	0.1941041	0.4197782
53	1	1.120904	0.1941041	0.4197782
53	2	1.120904	0.1941041	0.4197782
53	3	1.120904	0.1941041	0.4197782
53	4	1.120904	0.1941041	0.4197782
53	5	1.120904	0.1941041	0.4197782
53	6	1.120904	0.1941041	0.4197782
53	7	1.120904	0.1941041	0.4197782
54	1	1.120904	0.1941041	0.4197782
54	2	1.120904	0.1941041	0.4197782
54	3	1.120904	0.1941041	0.4197782
54	4	1.120904	0.1941041	0.4197782
54	5	1.120904	0.1941041	0.4197782
54	6	1.120904	0.1941041	0.4197782
54	7	1.120904	0.1941041	0.4197782
55	1	1.120904	0.1941041	0.4197782
55	2	1.120904	0.1941041	0.4197782
55	3	1.120904	0.1941041	0.4197782
55	4	1.120904	0.1941041	0.4197782
55	5	1.120904	0.1941041	0.4197782
55	6	1.120904	0.1941041	0.4197782
55	7	1.120904	0.1941041	0.4197782
56	1	1.120904	0.1941041	0.4197782
56	2	1.120904	0.1941041	0.4197782
56	3	1.120904	0.1941041	0.4197782
56	4	1.120904	0.1941041	0.4197782
56	5	1.120904	0.1941041	0.4197782
56	6	1.120904	0.1941041	0.4197782
56	7	1.120904	0.1941041	0.4197782
57	1	1.120904	0.1941041	0.4197782
57	2	1.120904	0.1941041	0.4197782
57	3	1.120904	0.1941041	0.4197782
57	4	1.120904	0.1941041	0.4197782
57	5	1.120904	0.1941041	0.4197782
57	6	1.120904	0.1941041	0.4197782
57	7	1.120904	0.1941041	0.4197782
58	1	1.120904	0.1941041	0.4197782
58	2	1.120904	0.1941041	0.4197782
58	3	1.120904	0.1941041	0.4197782
58	4	1.120904	0.1941041	0.4197782
58	5	1.120904	0.1941041	0.4197782
58	6	1.120904	0.1941041	0.4197782
58	7	1.120904	0.1941041	0.4197782
59	1	1.120904	0.1941041	0.4197782
59	2	1.120904	0.1941041	0.4197782
59	3	1.120904	0.1941041	0.4197782
59	4	1.120904	0.1941041	0.4197782
59	5	1.120904	0.1941041	0.4197782
59	6	1.120904	0.1941041	0.4197782
59	7	1.120904	0.1941041	0.4197782
60	1	1.120904	0.1941041	0.4197782
60	2	1.120904	0.1941041	0.4197782
60	3	1.120904	0.1941041	0.4197782
60	4	1.120904	0.1941041	0.4197782
60	5	1.120904	0.1941041	0.4197782
60	6	1.120904	0.1941041	0.4197782
60	7	1.120904	0.1941041	0.4197782
61	1	1.120904	0.1941041	0.4197782
61	2	1.120904	0.1941041	0.4197782
61	3	1.120904	0.1941041	0.4197782
61	4	1.120904	0.1941041	0.4197782
61	5	1.120904	0.1941041	0.4197782
61	6	1.120904	0.1941041	0.4197782
61	7	1.120904	0.1941041	0.4197782
62	1	1.120904	0.1941041	0.4197782
62	2	1.120904	0.1941041	0.4197782
62	3	1.120904	0.1941041	0.4197782
62	4	1.120904	0.1941041	0.4197782
62	5	1.120904	0.1941041	0.4197782
62	6	1.120904	0.1941041	0.4197782
62	7	1.120904	0.1941041	0.4197782
63	1	1.120904	0.1941041	0.4197782
63	2	1.120904	0.1941041	0.4197782
63	3	1.120904	0.1941041	0.4197782
63	4	1.120904	0.1941041	0.4197782
63	5	1.120904	0.1941041	0.4197782
63	6	1.120904	0.1941041	0.4197782
63	7	1.120904	0.1941041	0.4197782
64	1	1.120904	0.1941041	0.4197782
64	2	1.120904	0.1941041	0.4197782
64	3	1.120904	0.1941041	0.4197782
64	4	1.120904	0.1941041	0.4197782
64	5	1.120904	0.1941041	0.4197782
64	6	1.120904	0.1941041	0.4197782
64	7	1.120904	0.1941041	0.4197782
65	1	1.120904	0.1941041	0.4197782
65	2	1.120904	0.1941041	0.4197782
65	3	1.120904	0.1941041	0.4197782
65	4	1.120904	0.1941041	0.4197782
65	5	1.120904	0.1941041	0.4197782
65	6	1.120904	0.1941041	0.4197782
65	7	1.120904	0.1941041	0.4197782
66	1	1.120904	0.1941041	0.4197782
66	2	1.120904	0.1941041	0.4197782
66	3	1.120904	0.1941041	0.4197782
66	4	1.120904	0.1941041	0.4197782
66	5	1.120904	0.1941041	0.4197782
66	6	1.120904	0.1941041	0.4197782
66	7	1.120904	0.1941041	0.4197782
67	1	1.120904	0.1941041	0.4197782
67	2	1.120904	0.1941041	0.4197782
67	3	1.120904	0.1941041	0.4197782
67	4	1.120904	0.1941041	0.4197782
67	5	1.120904	0.1941041	0.4197782
67	6	1.120904	0.1941041	0.4197782
67	7	1.120904	0.1941041	0.4197782
68	1	1.120904	0.1941041	0.4197782
68	2	1.120904	0.1941041	0.4197782
68	3	1.120904	0.1941041	0.4197782
68	4	1.120904	0.1941041	0.4197782
68	5	1.120904	0.1941041	0.4197782
68	6	1.120904	0.1941041	0.4197782
68	7	1.120904	0.1941041	0.4197782
69	1	1.120904	0.1941041	0.4197782
69	2	1.120904	0.1941041	0.4197782
69	3	1.120904	0.1941041	0.4197782
69	4	1.120904	0.1941041	0.4197782
69	5	1.120904	0.1941041	0.4197782
69	6	1.120904	0.1941041	0.4197782
69	7	1.120904	0.1941041	0.4197782
70	1	1.120904	0.1941041	0.4197782
70	2	1.120904	0.1941041	0.4197782
70	3	1.120904	0.1941041	0.4197782
70	4	1.120904	0.1941041	0.4197782
70	5	1.120904	0.1941041	0.4197782
70	6	1.120904	0.1941041	0.4197782
70	7	1.120904	0.1941041	0.4197782
71	1	1.120904	0.1941041	0.4197782
71	2	1.120904	0.1941041	0.4197782
71	3	1.120904	0.1941041	0.4197782
71	4	1.120904	0.1941041	0.4197782
71	5	1.120904	0.1941041	0.4197782
71	6	1.120904	0.1941041	0.4197782
71	7	1.120904	0.1941041	0.4197782
72	1	1.120904	0.1941041	0.4197782
72	2	1.120904	0.1941041	0.4197782
72	3	1.120904	0.1941041	0.4197782
72	4	1.120904	0.1941041	0.4197782
72	5	1.120904	0.1941041	0.4197782
72	6	1.120904	0.1941041	0.4197782
72	7	1.120904	0.1941041	0.4197782
73	1	1.120904	0.1941041	0.4197782
73	2	1.120904	0.1941041	0.4197782
73	3	1.120904	0.1941041	0.4197782
73	4	1.120904	0.1941041	0.4197782
73	5	1.120904	0.1941041	0.4197782
73	6	1.120904	0.1941041	0.4197782
73	7	1.120904	0.1941041	0.4197782
74	1	1.120904	0.1941041	0.4197782
74	2	1.120904	0.1941041	0.4197782
74	3	1.120904	0.1941041	0.4197782
74	4	1.120904	0.1941041	0.4197782
74	5	1.120904	0.1941041	0.4197782
74	6	1.120904	0.1941041	0.4197782
74	7	1.120904	0.1941041	0.4197782
75	1	1.120904	0.1941041	0.4197782
75	2	1.120904	0.1941041	0.4197782
75	3	1.120904	0.1941041	0.4197782
75	4	1.120904	0.1941041	0.4197782
75	5	1.120904	0.1941041	0.4197782
75	6	1.120904	0.1941041	0.4197782
75	7	1.120904	0.1941041	0.4197782
76	1	1.120904	0.1941041	0.4197782
76	2	1.120904	0.1941041	0.4197782
76	3	1.120904	0.1941041	0.4197782
76	4	1.120904	0.1941041	0.4197782
76	5	1.120904	0.1941041	0.4197782
76	6	1.120904	0.1941041	0.4197782
76	7	1.120904	0.1941041	0.4197782
77	1	1.120904	0.1941041	0.4197782
77	2	1.120904	0.1941041	0.4197782
77	3	1.120904	0.1941041	0.4197782
77	4	1.120904	0.1941041	0.4197782
77	5	1.120904	0.1941041	0.4197782
77	6	1.120904	0.1941041	0.4197782
77	7	1.120904	0.1941041	0.4197782
78	1	1.120904	0.1941041	0.4197782
78	2	1.120904	0.1941041	0.4197782
78	3	1.120904	0.1941041	0.4197782
78	4	1.120904	0.1941041	0.4197782
78	5	1.120904	0.1941041	0.4197782
78	6	1.120904	0.1941041	0.4197782
78	7	1.120904	0.1941041	0.4197782
79	1	1.120904	0.1941041	0.4197782
79	2	1.120904	0.1941041	0.4197782
79	3	1.120904	0.1941041	0.4197782
79	4	1.120904	0.1941041	0.4197782
79	5	1.120904	0.1941041	0.4197782
79	6	1.120904	0.1941041	0.4197782
79	7	1.120904	0.1941041	0.4197782
80	1	1.120904	0.1941041	0.4197782
80	2	1.120904	0.1941041	0.4197782
80	3	1.120904	0.1941041	0.4197782
80	4	1.120904	0.1941041	0.4197782
80	5	1.120904	0.1941041	0.4197782
80	6	1.120904	0.1941041	0.4197782
80	7	1.120904	0.1941041	0.4197782
81	1	1.120904	0.1941041	0.4197782
81	2	1.120904	0.1941041	0.4197782
81	3	1.120904	0.1941041	0.4197782
81	4	1.120904	0.1941041	0.4197782
81	5	1.120904	0.1941041	0.4197782
81	6	1.120904	0.1941041	0.4197782
81	7	1.120904	0.1941041	0.4197782
82	1	1.120904	0.1941041	0.4197782
82	2	1.120904	0.1941041	0.4197782
82	3	1.120904	0.1941041	0.4197782
82	4	1.120904	0.1941041	0.4197782
82	5	1.120904	0.1941041	0.4197782
82	6	1.120904	0.1941041	0.4197782
82	7	1.120904	0.1941041	0.4197782
83	1	1.120904	0.1941041	0.4197782
83	2	1.120904	0.1941041	0.4197782
83	3	1.120904	0.1941041	0.4197782
83	4	1.120904	0.1941041	0.4197782
83	5	1.120904	0.1941041	0.4197782
83	6	1.120904	0.1941041	0.4197782
83	7	1.120904	0.1941041	0.4197782
84	1	1.120904	0.1941041	0.4197782
84	2	1.120904	0.1941041	0.4197782
84	3	1.120904	0.1941041	0.4197782
84	4	1.120904	0.1941041	0.4197782
84	5	1.120904	0.1941041	0.4197782
84	6	1.120904	0.1941041	0.4197782
84	7	1.120904	0.1941041	0.4197782
85	1	1.120904	0.1941041	0.4197782
85	2	1.120904	0.1941041	0.4197782
85	3	1.120904	0.1941041	0.4197782
85	4	1.120904	0.1941041	0.4197782
85	5	1.120904	0.1941041	0.4197782
85	6	1.120904	0.1941041	0.4197782
85	7	1.120904	0.1941041	0.4197782
86	1	1.120904	0.1941041	0.4197782
86	2	1.120904	0.1941041	0.4197782
86	3	1.120904	0.1941041	0.4197782
86	4	1.120904	0.1941041	0.4197782
86	5	1.120904	0.1941041	0.4197782
86	6	1.120904	0.1941041	0.4197782
86	7	1.120904	0.1941041	0.4197782
87	1	1.120904	0.1941041	0.4197782
87	2	1.120904	0.1941041	0.4197782
87	3	1.120904	0.1941041	0.4197782
87	4	1.120904	0.1941041	0.4197782
87	5	1.120904	0.1941041	0.4197782
87	6	1.120904	0.1941041	0.4197782
87	7	1.120904	0.1941041	0.4197782
88	1	-0.2152189	0.4999778	1.326076
88	2	-0.2152189	0.4999778	1.326076
88	3	-0.2152189	0.4999778	1.326076
88	4	0.7892913	0.3319104	0.03139705
88	5	0.7892913	0.3319104	0.03139705
88	6	0.7892913	0.3319104	0.03139705
88	7	0.7892913	0.3319104	0.03139705
89	1	-0.1642458	0.5785038	0.3977086
89	2	-0.1642458	0.5785038	0.3977086
89	4	1.194942	0.1719588	0.4210496
89	6	1.194942	0.1719588	0.4210496
89	7	1.194942	0.1719588	0.4210496
90	4	1.120904	0.1941041	0.4197782
90	6	1.120904	0.1941041	0.4197782
90	7	1.120904	0.1941041	0.4197782
92	1	1.120904	0.1941041	0.4197782
92	2	1.120904	0.1941041	0.4197782
92	3	1.120904	0.1941041	0.4197782
92	4	1.120904	0.1941041	0.4197782
92	5	1.120904	0.1941041	0.4197782
92	6	1.120904	0.1941041	0.4197782
92	7	1.120904	0.1941041	0.4197782
93	1	1.120904	0.1941041	0.4197782
93	2	1.120904	0.1941041	0.4197782
93	3	1.120904	0.1941041	0.4197782
93	4	1.120904	0.1941041	0.4197782
93	5	1.120904	0.1941041	0.4197782
93	6	1.120904	0.1941041	0.4197782
93	7	1.120904	0.1941041	0.4197782
94	1	1.120904	0.1941041	0.4197782
94	2	1.120904	0.1941041	0.4197782
94	3	1.120904	0.1941041	0.4197782
94	4	1.120904	0.1941041	0.4197782
94	5	1.120904	0.1941041	0.4197782
94	6	1.120904	0.1941041	0.4197782
94	7	1.120904	0.1941041	0.4197782
95	1	1.120904	0.1941041	0.4197782
95	2	1.120904	0.1941041	0.4197782
95	3	1.120904	0.1941041	0.4197782
95	4	1.120904	0.1941041	0.4197782
95	5	1.120904	0.1941041	0.4197782
95	6	1.120904	0.1941041	0.4197782
95	7	1.120904	0.1941041	0.4197782
96	1	1.120904	0.1941041	0.4197782
96	2	1.120904	0.1941041	0.4197782
96	3	1.120904	0.1941041	0.4197782
96	4	1.120904	0.1941041	0.4197782
96	5	1.120904	0.1941041	0.4197782
96	6	1.120904	0.1941041	0.4197782
96	7	1.120904	0.1941041	0.4197782
97	1	1.120904	0.1941041	0.4197782
97	2	1.120904	0.1941041	0.4197782
97	3	1.120904	0.1941041	0.4197782
97	4	1.120904	0.1941041	0.4197782
97	5	1.120904	0.1941041	0.4197782
97	6	1.120904	0.1941041	0.4197782
97	7	1.120904	0.1941041	0.4197782
98	1	1.120904	0.1941041	0.4197782
98	2	1.120904	0.1941041	0.4197782
98	3	1.120904	0.1941041	0.4197782
98	4	1.120904	0.1941041	0.4197782
98	5	1.120904	0.1941041	0.4197782
98	6	1.120904	0.1941041	0.4197782
98	7	1.120904	0.1941041	0.4197782
99	1	1.120904	0.1941041	0.4197782
99	2	1.120904	0.1941041	0.4197782
99	3	1.120904	0.1941041	0.4197782
99	4	1.120904	0.1941041	0.4197782
99	5	1.120904	0.1941041	0.4197782
99	6	1.120904	0.1941041	0.4197782
99	7	1.120904	0.1941041	0.4197782
100	1	1.120904	0.1941041	0.4197782
100	2	1.120904	0.1941041	0.4197782
100	3	1.120904	0.1941041	0.4197782
100	4	1.120904	0.1941041	0.4197782
100	5	1.120904	0.1941041	0.4197782
100	6	1.120904	0.1941041	0.4197782
100	7	1.120904	0.1941041	0.4197782
101	1	1.120904	0.1941041	0.4197782
101	2	1.120904	0.1941041	0.4197782
101	3	1.120904	0.1941041	0.4197782
101	4	1.120904	0.1941041	0.4197782
101	5	1.120904	0.1941041	0.4197782
101	6	1.120904	0.1941041	0.4197782
101	7	1.120904	0.1941041	0.4197782
102	1	1.120904	0.1941041	0.4197782
102	2	1.120904	0.1941041	0.4197782
102	3	1.120904	0.1941041	0.4197782
102	4	1.120904	0.1941041	0.4197782
102	5	1.120904	0.1941041	0.4197782
102	6	1.120904	0.1941041	0.4197782
102	7	1.120904	0.1941041	0.4197782
103	1	1.120904	0.1941041	0.4197782
103	2	1.120904	0.1941041	0.4197782
103	3	1.120904	0.1941041	0.4197782
103	4	1.120904	0.1941041	0.4197782
103	5	1.120904	0.1941041	0.4197782
103	6	1.120904	0.1941041	0.4197782
103	7	1.120904	0.1941041	0.4197782
104	1	1.120904	0.1941041	0.4197782
104	2	1.120904	0.1941041	0.4197782
104	3	1.120904	0.1941041	0.4197782
104	4	1.120904	0.1941041	0.4197782
104	5	1.120904	0.1941041	0.4197782
104	6	1.120904	0.1941041	0.4197782
104	7	1.120904	0.1941041	0.4197782
105	1	1.120904	0.1941041	0.4197782
105	2	1.120904	0.1941041	0.4197782
105	3	1.120904	0.1941041	0.4197782
105	4	1.120904	0.1941041	0.4197782
105	5	1.120904	0.1941041	0.4197782
105	6	1.120904	0.1941041	0.4197782
105	7	1.120904	0.1941041	0.4197782
106	1	1.120904	0.1941041	0.4197782
106	2	1.120904	0.1941041	0.4197782
106	3	1.120904	0.1941041	0.4197782
106	4	1.120904	0.1941041	0.4197782
106	5	1.120904	0.1941041	0.4197782
106	6	1.120904	0.1941041	0.4197782
106	7	1.120904	0.1941041	0.4197782
107	1	1.120904	0.1941041	0.4197782
107	2	1.120904	0.1941041	0.4197782
107	3	1.120904	0.1941041	0.4197782
107	4	1.120904	0.1941041	0.4197782
107	5	1.120904	0.1941041	0.4197782
107	6	1.120904	0.1941041	0.4197782
107	7	1.120904	0.1941041	0.4197782
108	1	1.120904	0.1941041	0.4197782
108	2	1.120904	0.1941041	0.4197782
108	3	1.120904	0.1941041	0.4197782
108	4	1.120904	0.1941041	0.4197782
108	5	1.120904	0.1941041	0.4197782
108	6	1.120904	0.1941041	0.4197782
108	7	1.120904	0.1941041	0.4197782
109	1	1.120904	0.1941041	0.4197782
109	2	1.120904	0.1941041	0.4197782
109	5	1.120904	0.1941041	0.4197782
110	1	1.120904	0.1941041	0.4197782
110	2	1.120904	0.1941041	0.4197782
110	5	1.120904	0.1941041	0.4197782
111	1	0.61266	0.2829310	1.037268
111	2	0.61266	0.2829310	1.037268
111	4	0.1290559	0.5268219	0.04553433
111	5	0.61266	0.2829310	1.037268
112	1	1.114164	0.1880635	0.4995004
112	2	1.114164	0.1880635	0.4995004
112	4	0.0509895	0.5442118	0.1032590
112	5	1.114164	0.1880635	0.4995004
112	6	-0.2217134	0.5096342	1.249524
112	7	1.114164	0.1880635	0.4995004
113	1	1.114164	0.1880635	0.4995004
113	2	1.114164	0.1880635	0.4995004
113	4	0.0509895	0.5442118	0.1032590
113	5	1.114164	0.1880635	0.4995004
113	6	-0.2217134	0.5096342	1.249524
113	7	1.114164	0.1880635	0.4995004
114	1	1.112383	0.1891806	0.4936773
114	2	1.112383	0.1891806	0.4936773
114	3	1.112383	0.1891806	0.4936773
114	4	0.03868293	0.5472702	0.1092170
114	5	1.112383	0.1891806	0.4936773
114	6	-0.2407686	0.5181104	1.221681
114	7	1.112383	0.1891806	0.4936773
115	1	1.112383	0.1891806	0.4936773
115	2	1.112383	0.1891806	0.4936773
115	3	1.112383	0.1891806	0.4936773
115	4	0.03868293	0.5472702	0.1092170
115	5	1.112383	0.1891806	0.4936773
115	6	-0.2407686	0.5181104	1.221681
115	7	1.112383	0.1891806	0.4936773
116	1	-0.2013701	0.4967882	1.316873
116	2	-0.2013701	0.4967882	1.316873
116	3	-0.2013701	0.4967882	1.316873
116	4	0.009708017	0.5528629	0.1391818
116	5	1.092545	0.235646	0.09168866
116	6	1.092545	0.235646	0.09168866
116	7	1.092545	0.235646	0.09168866
117	1	-0.2013701	0.4967882	1.316873
117	2	-0.2013701	0.4967882	1.316873
117	3	-0.2013701	0.4967882	1.316873
117	4	0.009708017	0.5528629	0.1391818
117	5	1.092545	0.235646	0.09168866
117	6	1.092545	0.235646	0.09168866
117	7	1.092545	0.235646	0.09168866
118	1	1.120904	0.1941041	0.4197782
118	2	1.120904	0.1941041	0.4197782
118	3	1.120904	0.1941041	0.4197782
119	1	0.902692	0.2266194	0.740607
119	2	0.902692	0.2266194	0.7406071
119	3	0.902692	0.2266194	0.740607
119	4	-0.01782146	0.5597439	0.1521197
119	5	0.902692	0.2266194	0.740607
119	6	0.902692	0.2266194	0.740607
119	7	0.902692	0.2266194	0.740607
120	1	0.902692	0.2266194	0.740607
120	2	0.902692	0.2266194	0.7406071
120	3	0.902692	0.2266194	0.740607
120	4	-0.01782146	0.5597439	0.1521197
120	5	0.902692	0.2266194	0.740607
120	6	0.902692	0.2266194	0.740607
120	7	0.902692	0.2266194	0.740607
121	1	0.902692	0.2266194	0.740607
121	2	0.902692	0.2266194	0.7406071
121	3	0.902692	0.2266194	0.740607
121	4	-0.01782146	0.5597439	0.1521197
121	5	0.902692	0.2266194	0.740607
121	6	0.902692	0.2266194	0.740607
121	7	0.902692	0.2266194	0.740607
122	1	0.902692	0.2266194	0.740607
122	2	0.902692	0.2266194	0.7406071
122	3	0.902692	0.2266194	0.740607
122	4	-0.01782146	0.5597439	0.1521197
122	5	0.902692	0.2266194	0.740607
122	6	0.902692	0.2266194	0.740607
122	7	0.902692	0.2266194	0.740607
123	1	1.120904	0.1941041	0.4197782
123	2	1.120904	0.1941041	0.4197782
123	3	1.120904	0.1941041	0.4197782
123	5	1.120904	0.1941041	0.4197782
123	6	1.120904	0.1941041	0.4197782
123	7	1.120904	0.1941041	0.4197782
124	1	1.120904	0.1941041	0.4197782
124	2	1.120904	0.1941041	0.4197782
124	3	1.120904	0.1941041	0.4197782
124	4	1.120904	0.1941041	0.4197782
124	5	1.120904	0.1941041	0.4197782
124	6	1.120904	0.1941041	0.4197782
124	7	1.120904	0.1941041	0.4197782
125	1	1.120904	0.1941041	0.4197782
125	2	1.120904	0.1941041	0.4197782
125	3	1.120904	0.1941041	0.4197782
125	4	1.120904	0.1941041	0.4197782
125	5	1.120904	0.1941041	0.4197782
125	6	1.120904	0.1941041	0.4197782
125	7	1.120904	0.1941041	0.4197782
126	1	1.120904	0.1941041	0.4197782
126	2	1.120904	0.1941041	0.4197782
126	3	1.120904	0.1941041	0.4197782
126	4	1.120904	0.1941041	0.4197782
126	5	1.120904	0.1941041	0.4197782
126	6	1.120904	0.1941041	0.4197782
126	7	1.120904	0.1941041	0.4197782
127	1	1.120904	0.1941041	0.4197782
127	2	1.120904	0.1941041	0.4197782
127	3	1.120904	0.1941041	0.4197782
127	4	1.120904	0.1941041	0.4197782
127	5	1.120904	0.1941041	0.4197782
127	6	1.120904	0.1941041	0.4197782
127	7	1.120904	0.1941041	0.4197782
128	1	1.120904	0.1941041	0.4197782
128	2	1.120904	0.1941041	0.4197782
128	3	1.120904	0.1941041	0.4197782
128	4	1.120904	0.1941041	0.4197782
128	5	1.120904	0.1941041	0.4197782
128	6	1.120904	0.1941041	0.4197782
128	7	1.120904	0.1941041	0.4197782
129	1	1.120904	0.1941041	0.4197782
129	2	1.120904	0.1941041	0.4197782
129	3	1.120904	0.1941041	0.4197782
129	4	1.120904	0.1941041	0.4197782
129	5	1.120904	0.1941041	0.4197782
129	6	1.120904	0.1941041	0.4197782
129	7	1.120904	0.1941041	0.4197782
130	1	1.120904	0.1941041	0.4197782
130	2	1.120904	0.1941041	0.4197782
130	3	1.120904	0.1941041	0.4197782
130	4	1.120904	0.1941041	0.4197782
130	5	1.120904	0.1941041	0.4197782
130	6	1.120904	0.1941041	0.4197782
130	7	1.120904	0.1941041	0.4197782
131	1	1.120904	0.1941041	0.4197782
131	2	1.120904	0.1941041	0.4197782
131	3	1.120904	0.1941041	0.4197782
131	4	1.120904	0.1941041	0.4197782
131	5	1.120904	0.1941041	0.4197782
131	6	1.120904	0.1941041	0.4197782
131	7	1.120904	0.1941041	0.4197782
132	1	1.120904	0.1941041	0.4197782
132	2	1.120904	0.1941041	0.4197782
132	3	1.120904	0.1941041	0.4197782
132	4	1.120904	0.1941041	0.4197782
132	5	1.120904	0.1941041	0.4197782
132	6	1.120904	0.1941041	0.4197782
132	7	1.120904	0.1941041	0.4197782
133	1	1.120904	0.1941041	0.4197782
133	2	1.120904	0.1941041	0.4197782
133	3	1.120904	0.1941041	0.4197782
133	4	1.120904	0.1941041	0.4197782
133	5	1.120904	0.1941041	0.4197782
133	6	1.120904	0.1941041	0.4197782
133	7	1.120904	0.1941041	0.4197782
134	1	1.120904	0.1941041	0.4197782
134	2	1.120904	0.1941041	0.4197782
134	3	1.120904	0.1941041	0.4197782
134	4	1.120904	0.1941041	0.4197782
134	5	1.120904	0.1941041	0.4197782
134	6	1.120904	0.1941041	0.4197782
134	7	1.120904	0.1941041	0.4197782
135	1	1.120904	0.1941041	0.4197782
135	2	1.120904	0.1941041	0.4197782
135	3	1.120904	0.1941041	0.4197782
135	4	1.120904	0.1941041	0.4197782
135	5	1.120904	0.1941041	0.4197782
135	6	1.120904	0.1941041	0.4197782
135	7	1.120904	0.1941041	0.4197782
136	1	1.120904	0.1941041	0.4197782
136	2	1.120904	0.1941041	0.4197782
136	3	1.120904	0.1941041	0.4197782
136	4	1.120904	0.1941041	0.4197782
136	5	1.120904	0.1941041	0.4197782
136	6	1.120904	0.1941041	0.4197782
136	7	1.120904	0.1941041	0.4197782
137	1	1.120904	0.1941041	0.4197782
137	2	1.120904	0.1941041	0.4197782
137	3	1.120904	0.1941041	0.4197782
137	4	1.120904	0.1941041	0.4197782
137	5	1.120904	0.1941041	0.4197782
137	6	1.120904	0.1941041	0.4197782
137	7	1.120904	0.1941041	0.4197782
138	1	1.120904	0.1941041	0.4197782
138	2	1.120904	0.1941041	0.4197782
138	3	1.120904	0.1941041	0.4197782
138	4	1.120904	0.1941041	0.4197782
138	5	1.120904	0.1941041	0.4197782
138	6	1.120904	0.1941041	0.4197782
138	7	1.120904	0.1941041	0.4197782
139	1	1.120904	0.1941041	0.4197782
139	2	1.120904	0.1941041	0.4197782
139	3	1.120904	0.1941041	0.4197782
139	4	1.120904	0.1941041	0.4197782
140	1	1.120904	0.1941041	0.4197782
140	2	1.120904	0.1941041	0.4197782
140	3	1.120904	0.1941041	0.4197782
140	4	1.120904	0.1941041	0.4197782
141	1	1.120904	0.1941041	0.4197782
141	2	1.120904	0.1941041	0.4197782
141	3	1.120904	0.1941041	0.4197782
141	4	1.120904	0.1941041	0.4197782
142	1	1.120904	0.1941041	0.4197782
142	2	1.120904	0.1941041	0.4197782
142	3	1.120904	0.1941041	0.4197782
142	4	1.120904	0.1941041	0.4197782
143	1	1.120904	0.1941041	0.4197782
143	2	1.120904	0.1941041	0.4197782
143	3	1.120904	0.1941041	0.4197782
143	4	1.120904	0.1941041	0.4197782
144	1	1.120904	0.1941041	0.4197782
144	2	1.120904	0.1941041	0.4197782
144	3	1.120904	0.1941041	0.4197782
144	4	1.120904	0.1941041	0.4197782
145	1	1.120904	0.1941041	0.4197782
145	2	1.120904	0.1941041	0.4197782
145	3	1.120904	0.1941041	0.4197782
145	4	1.120904	0.1941041	0.4197782
146	1	1.120904	0.1941041	0.4197782
146	2	1.120904	0.1941041	0.4197782
146	3	1.120904	0.1941041	0.4197782
146	4	1.120904	0.1941041	0.4197782
147	1	1.120904	0.1941041	0.4197782
147	2	1.120904	0.1941041	0.4197782
147	3	1.120904	0.1941041	0.4197782
147	4	1.120904	0.1941041	0.4197782
148	1	1.120904	0.1941041	0.4197782
148	2	1.120904	0.1941041	0.4197782
148	3	1.120904	0.1941041	0.4197782
148	4	1.120904	0.1941041	0.4197782
149	1	1.120904	0.1941041	0.4197782
149	2	1.120904	0.1941041	0.4197782
149	3	1.120904	0.1941041	0.4197782
149	4	1.120904	0.1941041	0.4197782
150	1	1.120904	0.1941041	0.4197782
150	2	1.120904	0.1941041	0.4197782
150	3	1.120904	0.1941041	0.4197782
150	4	1.120904	0.1941041	0.4197782
151	1	1.120904	0.1941041	0.4197782
151	2	1.120904	0.1941041	0.4197782
151	3	1.120904	0.1941041	0.4197782
151	4	1.120904	0.1941041	0.4197782
152	1	1.120904	0.1941041	0.4197782
152	2	1.120904	0.1941041	0.4197782
152	3	1.120904	0.1941041	0.4197782
152	4	1.120904	0.1941041	0.4197782
153	1	1.120904	0.1941041	0.4197782
153	2	1.120904	0.1941041	0.4197782
153	3	1.120904	0.1941041	0.4197782
153	4	1.120904	0.1941041	0.4197782
154	1	1.120904	0.1941041	0.4197782
154	2	1.120904	0.1941041	0.4197782
154	3	1.120904	0.1941041	0.4197782
154	4	1.120904	0.1941041	0.4197782
155	1	1.120904	0.1941041	0.4197782
155	2	1.120904	0.1941041	0.4197782
155	3	1.120904	0.1941041	0.4197782
155	4	1.120904	0.1941041	0.4197782
156	1	1.120904	0.1941041	0.4197782
156	2	1.120904	0.1941041	0.4197782
156	3	1.120904	0.1941041	0.4197782
156	4	1.120904	0.1941041	0.4197782
157	1	1.120904	0.1941041	0.4197782
157	2	1.120904	0.1941041	0.4197782
157	3	1.120904	0.1941041	0.4197782
157	4	1.120904	0.1941041	0.4197782
158	1	0.5468913	0.295187	1.109628
158	2	0.5468912	0.295187	1.109628
158	3	0.5468912	0.295187	1.109628
158	4	0.1483253	0.5236239	0.02044076
159	1	0.5468913	0.295187	1.109628
159	2	0.5468912	0.295187	1.109628
159	3	0.5468912	0.295187	1.109628
159	4	0.1483253	0.5236239	0.02044076
160	1	0.5468913	0.295187	1.109628
160	2	0.5468912	0.295187	1.109628
160	3	0.5468912	0.295187	1.109628
160	4	0.1483253	0.5236239	0.02044076
161	1	0.5468913	0.295187	1.109628
161	2	0.5468912	0.295187	1.109628
161	3	0.5468912	0.295187	1.109628
161	4	0.1483253	0.5236239	0.02044076
162	1	-0.3048578	0.51175	1.473572
162	2	-0.3048578	0.51175	1.473572
162	3	-0.3048578	0.51175	1.473572
162	4	0.8154978	0.3257128	0.01558629
162	5	0.8154978	0.3257128	0.01558629
162	6	0.8154978	0.3257128	0.01558629
162	7	0.8154978	0.3257128	0.01558629
163	1	-0.3048578	0.51175	1.473572
163	2	-0.3048578	0.51175	1.473572
163	3	-0.3048578	0.51175	1.473572
163	4	0.8154978	0.3257128	0.01558629
163	5	0.8154978	0.3257128	0.01558629
163	6	0.8154978	0.3257128	0.01558629
163	7	0.8154978	0.3257128	0.01558629
164	1	-0.3048578	0.51175	1.473572
164	2	-0.3048578	0.51175	1.473572
164	3	-0.3048578	0.51175	1.473572
164	4	0.8154978	0.3257128	0.01558629
164	5	0.8154978	0.3257128	0.01558629
164	6	0.8154978	0.3257128	0.01558629
164	7	0.8154978	0.3257128	0.01558629
165	1	-0.3048578	0.51175	1.473572
165	2	-0.3048578	0.51175	1.473572
165	3	-0.3048578	0.51175	1.473572
165	4	0.8154978	0.3257128	0.01558629
165	5	0.8154978	0.3257128	0.01558629
165	6	0.8154978	0.3257128	0.01558629
165	7	0.8154978	0.3257128	0.01558629
166	1	-0.3048578	0.51175	1.473572
166	2	-0.3048578	0.51175	1.473572
166	3	-0.3048578	0.51175	1.473572
166	4	0.8154978	0.3257128	0.01558629
166	5	0.8154978	0.3257128	0.01558629
166	6	0.8154978	0.3257128	0.01558629
166	7	0.8154978	0.3257128	0.01558629
167	1	1.120904	0.1941041	0.4197782
167	2	1.120904	0.1941041	0.4197782
167	3	1.120904	0.1941041	0.4197782
168	1	1.120904	0.1941041	0.4197782
168	2	1.120904	0.1941041	0.4197782
168	3	1.120904	0.1941041	0.4197782
169	1	1.120904	0.1941041	0.4197782
169	2	1.120904	0.1941041	0.4197782
169	3	1.120904	0.1941041	0.4197782
170	1	1.120904	0.1941041	0.4197782
170	2	1.120904	0.1941041	0.4197782
170	3	1.120904	0.1941041	0.4197782
171	1	1.120904	0.1941041	0.4197782
171	2	1.120904	0.1941041	0.4197782
171	3	1.120904	0.1941041	0.4197782
171	4	1.120904	0.1941041	0.4197782
171	5	1.120904	0.1941041	0.4197782
171	6	1.120904	0.1941041	0.4197782
171	7	1.120904	0.1941041	0.4197782
172	1	1.120904	0.1941041	0.4197782
172	2	1.120904	0.1941041	0.4197782
172	3	1.120904	0.1941041	0.4197782
172	4	1.120904	0.1941041	0.4197782
172	5	1.120904	0.1941041	0.4197782
172	6	1.120904	0.1941041	0.4197782
172	7	1.120904	0.1941041	0.4197782
173	1	1.120904	0.1941041	0.4197782
173	2	1.120904	0.1941041	0.4197782
173	3	1.120904	0.1941041	0.4197782
173	4	1.120904	0.1941041	0.4197782
173	5	1.120904	0.1941041	0.4197782
173	6	1.120904	0.1941041	0.4197782
173	7	1.120904	0.1941041	0.4197782
174	1	1.120904	0.1941041	0.4197782
174	2	1.120904	0.1941041	0.4197782
174	3	1.120904	0.1941041	0.4197782
174	4	1.120904	0.1941041	0.4197782
174	5	1.120904	0.1941041	0.4197782
174	6	1.120904	0.1941041	0.4197782
174	7	1.120904	0.1941041	0.4197782
175	1	1.120904	0.1941041	0.4197782
175	2	1.120904	0.1941041	0.4197782
175	3	1.120904	0.1941041	0.4197782
175	4	1.120904	0.1941041	0.4197782
175	5	1.120904	0.1941041	0.4197782
175	6	1.120904	0.1941041	0.4197782
175	7	1.120904	0.1941041	0.4197782
176	1	1.120904	0.1941041	0.4197782
176	2	1.120904	0.1941041	0.4197782
176	3	1.120904	0.1941041	0.4197782
176	4	1.120904	0.1941041	0.4197782
176	5	1.120904	0.1941041	0.4197782
176	6	1.120904	0.1941041	0.4197782
176	7	1.120904	0.1941041	0.4197782
177	1	1.120904	0.1941041	0.4197782
177	2	1.120904	0.1941041	0.4197782
177	3	1.120904	0.1941041	0.4197782
177	4	1.120904	0.1941041	0.4197782
177	5	1.120904	0.1941041	0.4197782
177	6	1.120904	0.1941041	0.4197782
177	7	1.120904	0.1941041	0.4197782
178	1	1.120904	0.1941041	0.4197782
178	2	1.120904	0.1941041	0.4197782
178	3	1.120904	0.1941041	0.4197782
178	4	1.120904	0.1941041	0.4197782
178	5	1.120904	0.1941041	0.4197782
178	6	1.120904	0.1941041	0.4197782
178	7	1.120904	0.1941041	0.4197782
179	1	1.120904	0.1941041	0.4197782
179	2	1.120904	0.1941041	0.4197782
179	3	1.120904	0.1941041	0.4197782
179	4	1.120904	0.1941041	0.4197782
179	5	1.120904	0.1941041	0.4197782
179	6	1.120904	0.1941041	0.4197782
179	7	1.120904	0.1941041	0.4197782
180	1	1.120904	0.1941041	0.4197782
180	2	1.120904	0.1941041	0.4197782
180	3	1.120904	0.1941041	0.4197782
180	4	1.120904	0.1941041	0.4197782
180	5	1.120904	0.1941041	0.4197782
180	6	1.120904	0.1941041	0.4197782
180	7	1.120904	0.1941041	0.4197782
181	1	1.120904	0.1941041	0.4197782
181	2	1.120904	0.1941041	0.4197782
181	3	1.120904	0.1941041	0.4197782
181	4	1.120904	0.1941041	0.4197782
181	5	1.120904	0.1941041	0.4197782
181	6	1.120904	0.1941041	0.4197782
181	7	1.120904	0.1941041	0.4197782
182	1	1.120904	0.1941041	0.4197782
182	2	1.120904	0.1941041	0.4197782
182	3	1.120904	0.1941041	0.4197782
182	4	1.120904	0.1941041	0.4197782
182	5	1.120904	0.1941041	0.4197782
182	6	1.120904	0.1941041	0.4197782
182	7	1.120904	0.1941041	0.4197782
183	1	1.120904	0.1941041	0.4197782
183	2	1.120904	0.1941041	0.4197782
183	3	1.120904	0.1941041	0.4197782
183	4	1.120904	0.1941041	0.4197782
183	5	1.120904	0.1941041	0.4197782
183	6	1.120904	0.1941041	0.4197782
183	7	1.120904	0.1941041	0.4197782
184	1	1.120904	0.1941041	0.4197782
184	2	1.120904	0.1941041	0.4197782
184	3	1.120904	0.1941041	0.4197782
184	4	1.120904	0.1941041	0.4197782
184	5	1.120904	0.1941041	0.4197782
184	6	1.120904	0.1941041	0.4197782
184	7	1.120904	0.1941041	0.4197782
185	1	1.120904	0.1941041	0.4197782
185	2	1.120904	0.1941041	0.4197782
185	3	1.120904	0.1941041	0.4197782
185	4	1.120904	0.1941041	0.4197782
185	5	1.120904	0.1941041	0.4197782
185	6	1.120904	0.1941041	0.4197782
185	7	1.120904	0.1941041	0.4197782
186	1	1.120904	0.1941041	0.4197782
186	2	1.120904	0.1941041	0.4197782
186	3	1.120904	0.1941041	0.4197782
186	4	1.120904	0.1941041	0.4197782
186	5	1.120904	0.1941041	0.4197782
186	6	1.120904	0.1941041	0.4197782
186	7	1.120904	0.1941041	0.4197782
187	1	1.120904	0.1941041	0.4197782
187	2	1.120904	0.1941041	0.4197782
187	3	1.120904	0.1941041	0.4197782
187	4	1.120904	0.1941041	0.4197782
187	5	1.120904	0.1941041	0.4197782
187	6	1.120904	0.1941041	0.4197782
187	7	1.120904	0.1941041	0.4197782
188	1	1.120904	0.1941041	0.4197782
188	2	1.120904	0.1941041	0.4197782
188	3	1.120904	0.1941041	0.4197782
188	4	1.120904	0.1941041	0.4197782
188	5	1.120904	0.1941041	0.4197782
188	6	1.120904	0.1941041	0.4197782
188	7	1.120904	0.1941041	0.4197782
189	1	1.120904	0.1941041	0.4197782
189	2	1.120904	0.1941041	0.4197782
189	3	1.120904	0.1941041	0.4197782
189	4	1.120904	0.1941041	0.4197782
189	5	1.120904	0.1941041	0.4197782
189	6	1.120904	0.1941041	0.4197782
189	7	1.120904	0.1941041	0.4197782
190	1	1.120904	0.1941041	0.4197782
190	2	1.120904	0.1941041	0.4197782
190	3	1.120904	0.1941041	0.4197782
190	4	1.120904	0.1941041	0.4197782
190	5	1.120904	0.1941041	0.4197782
190	6	1.120904	0.1941041	0.4197782
190	7	1.120904	0.1941041	0.4197782
191	1	1.120904	0.1941041	0.4197782
191	2	1.120904	0.1941041	0.4197782
191	3	1.120904	0.1941041	0.4197782
191	4	1.120904	0.1941041	0.4197782
191	5	1.120904	0.1941041	0.4197782
191	6	1.120904	0.1941041	0.4197782
191	7	1.120904	0.1941041	0.4197782
192	1	1.120904	0.1941041	0.4197782
192	2	1.120904	0.1941041	0.4197782
192	3	1.120904	0.1941041	0.4197782
192	4	1.120904	0.1941041	0.4197782
192	5	1.120904	0.1941041	0.4197782
192	6	1.120904	0.1941041	0.4197782
192	7	1.120904	0.1941041	0.4197782
193	1	1.120904	0.1941041	0.4197782
193	2	1.120904	0.1941041	0.4197782
193	3	1.120904	0.1941041	0.4197782
193	4	1.120904	0.1941041	0.4197782
193	5	1.120904	0.1941041	0.4197782
193	6	1.120904	0.1941041	0.4197782
193	7	1.120904	0.1941041	0.4197782
194	1	1.120904	0.1941041	0.4197782
194	2	1.120904	0.1941041	0.4197782
194	3	1.120904	0.1941041	0.4197782
194	4	1.120904	0.1941041	0.4197782
194	5	1.120904	0.1941041	0.4197782
194	6	1.120904	0.1941041	0.4197782
194	7	1.120904	0.1941041	0.4197782
195	1	1.120904	0.1941041	0.4197782
195	2	1.120904	0.1941041	0.4197782
195	3	1.120904	0.1941041	0.4197782
195	4	1.120904	0.1941041	0.4197782
195	5	1.120904	0.1941041	0.4197782
195	6	1.120904	0.1941041	0.4197782
195	7	1.120904	0.1941041	0.4197782
196	1	1.120904	0.1941041	0.4197782
196	2	1.120904	0.1941041	0.4197782
196	3	1.120904	0.1941041	0.4197782
196	4	1.120904	0.1941041	0.4197782
196	5	1.120904	0.1941041	0.4197782
196	6	1.120904	0.1941041	0.4197782
196	7	1.120904	0.1941041	0.4197782
197	1	1.120904	0.1941041	0.4197782
197	2	1.120904	0.1941041	0.4197782
197	3	1.120904	0.1941041	0.4197782
197	4	1.120904	0.1941041	0.4197782
197	5	1.120904	0.1941041	0.4197782
197	6	1.120904	0.1941041	0.4197782
197	7	1.120904	0.1941041	0.4197782
198	1	1.120904	0.1941041	0.4197782
198	2	1.120904	0.1941041	0.4197782
198	3	1.120904	0.1941041	0.4197782
198	4	1.120904	0.1941041	0.4197782
198	5	1.120904	0.1941041	0.4197782
198	6	1.120904	0.1941041	0.4197782
198	7	1.120904	0.1941041	0.4197782
199	1	1.120904	0.1941041	0.4197782
199	2	1.120904	0.1941041	0.4197782
199	3	1.120904	0.1941041	0.4197782
199	5	1.120904	0.1941041	0.4197782
199	6	1.120904	0.1941041	0.4197782
199	7	1.120904	0.1941041	0.4197782
200	1	1.120904	0.1941041	0.4197782
200	2	1.120904	0.1941041	0.4197782
200	3	1.120904	0.1941041	0.4197782
200	5	1.120904	0.1941041	0.4197782
200	6	1.120904	0.1941041	0.4197782
200	7	1.120904	0.1941041	0.4197782
201	1	0.902692	0.2266194	0.740607
201	2	0.902692	0.2266194	0.7406071
201	3	0.902692	0.2266194	0.740607
201	4	-0.01782146	0.5597439	0.1521197
201	5	0.902692	0.2266194	0.740607
201	6	0.902692	0.2266194	0.740607
201	7	0.902692	0.2266194	0.740607
202	1	1.120904	0.1941041	0.4197782
202	2	1.120904	0.1941041	0.4197782
202	3	1.120904	0.1941041	0.4197782
202	4	1.120904	0.1941041	0.4197782
202	5	1.120904	0.1941041	0.4197782
202	6	1.120904	0.1941041	0.4197782
202	7	1.120904	0.1941041	0.4197782
203	1	1.120904	0.1941041	0.4197782
203	2	1.120904	0.1941041	0.4197782
203	3	1.120904	0.1941041	0.4197782
203	4	1.120904	0.1941041	0.4197782
203	5	1.120904	0.1941041	0.4197782
203	6	1.120904	0.1941041	0.4197782
203	7	1.120904	0.1941041	0.4197782
204	1	1.120904	0.1941041	0.4197782
204	2	1.120904	0.1941041	0.4197782
204	3	1.120904	0.1941041	0.4197782
204	4	1.120904	0.1941041	0.4197782
204	5	1.120904	0.1941041	0.4197782
204	6	1.120904	0.1941041	0.4197782
204	7	1.120904	0.1941041	0.4197782
205	1	1.120904	0.1941041	0.4197782
205	2	1.120904	0.1941041	0.4197782
205	3	1.120904	0.1941041	0.4197782
205	4	1.120904	0.1941041	0.4197782
205	5	1.120904	0.1941041	0.4197782
205	6	1.120904	0.1941041	0.4197782
205	7	1.120904	0.1941041	0.4197782
206	1	1.120904	0.1941041	0.4197782
206	2	1.120904	0.1941041	0.4197782
206	3	1.120904	0.1941041	0.4197782
206	4	1.120904	0.1941041	0.4197782
206	5	1.120904	0.1941041	0.4197782
206	6	1.120904	0.1941041	0.4197782
206	7	1.120904	0.1941041	0.4197782
207	1	1.120904	0.1941041	0.4197782
207	2	1.120904	0.1941041	0.4197782
207	3	1.120904	0.1941041	0.4197782
207	4	1.120904	0.1941041	0.4197782
207	5	1.120904	0.1941041	0.4197782
207	6	1.120904	0.1941041	0.4197782
207	7	1.120904	0.1941041	0.4197782
208	1	1.120904	0.1941041	0.4197782
208	2	1.120904	0.1941041	0.4197782
208	3	1.120904	0.1941041	0.4197782
208	4	1.120904	0.1941041	0.4197782
208	5	1.120904	0.1941041	0.4197782
208	6	1.120904	0.1941041	0.4197782
208	7	1.120904	0.1941041	0.4197782
209	1	1.120904	0.1941041	0.4197782
209	2	1.120904	0.1941041	0.4197782
209	3	1.120904	0.1941041	0.4197782
209	4	1.120904	0.1941041	0.4197782
209	5	1.120904	0.1941041	0.4197782
209	6	1.120904	0.1941041	0.4197782
209	7	1.120904	0.1941041	0.4197782
210	1	1.120904	0.1941041	0.4197782
210	2	1.120904	0.1941041	0.4197782
210	3	1.120904	0.1941041	0.4197782
210	4	1.120904	0.1941041	0.4197782
210	5	1.120904	0.1941041	0.4197782
210	6	1.120904	0.1941041	0.4197782
210	7	1.120904	0.1941041	0.4197782
211	1	1.120904	0.1941041	0.4197782
211	2	1.120904	0.1941041	0.4197782
211	3	1.120904	0.1941041	0.4197782
211	4	1.120904	0.1941041	0.4197782
211	5	1.120904	0.1941041	0.4197782
211	6	1.120904	0.1941041	0.4197782
211	7	1.120904	0.1941041	0.4197782
212	1	1.120904	0.1941041	0.4197782
212	2	1.120904	0.1941041	0.4197782
212	3	1.120904	0.1941041	0.4197782
212	4	1.120904	0.1941041	0.4197782
212	5	1.120904	0.1941041	0.4197782
212	6	1.120904	0.1941041	0.4197782
212	7	1.120904	0.1941041	0.4197782
213	1	1.120904	0.1941041	0.4197782
213	2	1.120904	0.1941041	0.4197782
213	3	1.120904	0.1941041	0.4197782
213	4	1.120904	0.1941041	0.4197782
213	5	1.120904	0.1941041	0.4197782
213	6	1.120904	0.1941041	0.4197782
213	7	1.120904	0.1941041	0.4197782
214	1	1.120904	0.1941041	0.4197782
214	2	1.120904	0.1941041	0.4197782
214	3	1.120904	0.1941041	0.4197782
214	4	1.120904	0.1941041	0.4197782
214	5	1.120904	0.1941041	0.4197782
214	6	1.120904	0.1941041	0.4197782
214	7	1.120904	0.1941041	0.4197782
218	1	1.120904	0.1941041	0.4197782
218	2	1.120904	0.1941041	0.4197782
218	3	1.120904	0.1941041	0.4197782
218	4	1.120904	0.1941041	0.4197782
218	5	1.120904	0.1941041	0.4197782
218	6	1.120904	0.1941041	0.4197782
218	7	1.120904	0.1941041	0.4197782
219	1	1.120904	0.1941041	0.4197782
219	2	1.120904	0.1941041	0.4197782
219	3	1.120904	0.1941041	0.4197782
219	4	1.120904	0.1941041	0.4197782
219	5	1.120904	0.1941041	0.4197782
219	6	1.120904	0.1941041	0.4197782
219	7	1.120904	0.1941041	0.4197782
220	1	1.120904	0.1941041	0.4197782
220	2	1.120904	0.1941041	0.4197782
220	3	1.120904	0.1941041	0.4197782
220	4	1.120904	0.1941041	0.4197782
220	5	1.120904	0.1941041	0.4197782
220	6	1.120904	0.1941041	0.4197782
220	7	1.120904	0.1941041	0.4197782
221	1	1.120904	0.1941041	0.4197782
221	3	1.120904	0.1941041	0.4197782
221	4	1.120904	0.1941041	0.4197782
221	5	1.120904	0.1941041	0.4197782
221	6	1.120904	0.1941041	0.4197782
221	7	1.120904	0.1941041	0.4197782
222	1	1.120904	0.1941041	0.4197782
222	3	1.120904	0.1941041	0.4197782
222	4	1.120904	0.1941041	0.4197782
222	5	1.120904	0.1941041	0.4197782
222	6	1.120904	0.1941041	0.4197782
222	7	1.120904	0.1941041	0.4197782
223	1	1.120904	0.1941041	0.4197782
223	3	1.120904	0.1941041	0.4197782
223	4	1.120904	0.1941041	0.4197782
223	5	1.120904	0.1941041	0.4197782
223	6	1.120904	0.1941041	0.4197782
223	7	1.120904	0.1941041	0.4197782
224	1	1.162904	0.2031308	0.2065603
224	2	-0.3093617	0.5851209	0.7597726
224	3	1.162904	0.2031308	0.2065603
224	4	1.162904	0.2031308	0.2065603
224	5	1.162904	0.2031308	0.2065603
224	6	1.162904	0.2031308	0.2065603
224	7	1.162904	0.2031308	0.2065603
225	1	1.162904	0.2031308	0.2065603
225	2	-0.3093617	0.5851209	0.7597726
225	3	1.162904	0.2031308	0.2065603
225	4	1.162904	0.2031308	0.2065603
225	5	1.162904	0.2031308	0.2065603
225	6	1.162904	0.2031308	0.2065603
225	7	1.162904	0.2031308	0.2065603
226	1	1.120904	0.1941041	0.4197782
226	2	1.120904	0.1941041	0.4197782
226	3	1.120904	0.1941041	0.4197782
226	4	1.120904	0.1941041	0.4197782
226	5	1.120904	0.1941041	0.4197782
226	6	1.120904	0.1941041	0.4197782
226	7	1.120904	0.1941041	0.4197782
227	1	1.120904	0.1941041	0.4197782
227	2	1.120904	0.1941041	0.4197782
227	3	1.120904	0.1941041	0.4197782
227	4	1.120904	0.1941041	0.4197782
227	5	1.120904	0.1941041	0.4197782
227	6	1.120904	0.1941041	0.4197782
227	7	1.120904	0.1941041	0.4197782
228	1	1.120904	0.1941041	0.4197782
228	2	1.120904	0.1941041	0.4197782
228	3	1.120904	0.1941041	0.4197782
228	4	1.120904	0.1941041	0.4197782
228	5	1.120904	0.1941041	0.4197782
228	6	1.120904	0.1941041	0.4197782
228	7	1.120904	0.1941041	0.4197782
229	1	1.120904	0.1941041	0.4197782
229	2	1.120904	0.1941041	0.4197782
229	3	1.120904	0.1941041	0.4197782
229	4	1.120904	0.1941041	0.4197782
229	5	1.120904	0.1941041	0.4197782
229	6	1.120904	0.1941041	0.4197782
230	1	0.5490252	0.2922157	1.132784
230	2	0.5400382	0.3040552	1.041943
230	3	0.5400382	0.3040552	1.041943
230	4	0.177756	0.5125584	0.0433671
231	1	0.5490252	0.2922157	1.132784
231	2	0.5400382	0.3040552	1.041943
231	3	0.5400382	0.3040552	1.041943
231	4	0.177756	0.5125584	0.0433671
232	2	0.3148451	0.353004	1.220495
232	3	0.3148450	0.353004	1.220495
232	4	0.3204641	0.4721097	0.02365440
233	2	0.3148451	0.353004	1.220495
233	3	0.3148450	0.353004	1.220495
233	4	0.3204641	0.4721097	0.02365440
234	2	0.3148451	0.353004	1.220495
234	3	0.3148450	0.353004	1.220495
234	4	0.3204641	0.4721097	0.02365440
235	3	1.213737	0.166337	0.4213724
235	4	-0.1551758	0.575791	0.3978644
239	3	0.7999997	0.2481325	0.8300414
239	4	0.7999997	0.2481325	0.8300414
239	5	0.7999997	0.2481325	0.8300414
239	6	0.06358	0.5378913	0.1287895
239	7	0.7999997	0.2481325	0.8300414
240	3	1.120904	0.1941041	0.4197782
240	4	1.120904	0.1941041	0.4197782
240	5	1.120904	0.1941041	0.4197782
240	7	1.120904	0.1941041	0.4197782
