1	2	0.598724	0.3919036	-0.001533070
1	3	-0.2459768	0.5796858	0.6268457
1	5	-0.2459768	0.5796858	0.6268457
1	7	1.074395	0.1859676	0.6374629
1	8	1.074657	0.1851202	0.6450891
1	10	1.074657	0.1851202	0.6450891
1	11	-0.2401479	0.5787656	0.6187871
2	7	1.174772	0.1780966	0.4196643
2	8	-0.01085481	0.5507602	0.2206138
2	10	-0.2084108	0.5671113	0.6407513
3	7	1.174772	0.1780966	0.4196643
3	8	-0.01085481	0.5507602	0.2206138
3	10	-0.2084108	0.5671113	0.6407513
4	7	1.174772	0.1780966	0.4196643
4	8	-0.01085481	0.5507602	0.2206138
4	10	-0.2084108	0.5671113	0.6407513
5	7	1.174772	0.1780966	0.4196643
5	8	-0.01085481	0.5507602	0.2206138
5	10	-0.2084108	0.5671113	0.6407513
6	7	1.161170	0.1820602	0.4204697
6	10	-0.1292384	0.5680328	0.3983098
7	7	1.161170	0.1820602	0.4204697
7	10	-0.1292384	0.5680328	0.3983098
8	7	-0.1444475	0.572582	0.3980486
8	10	1.191728	0.1729202	0.4209944
9	7	-0.1444475	0.572582	0.3980486
9	10	1.191728	0.1729202	0.4209944
10	4	-0.1326372	0.5690494	0.3982518
10	7	-0.1326371	0.5690494	0.3982518
10	10	1.215708	0.1657476	0.4214058
11	4	-0.1326372	0.5690494	0.3982518
11	7	-0.1326371	0.5690494	0.3982518
11	10	1.215708	0.1657476	0.4214058
12	4	-0.1326372	0.5690494	0.3982518
12	7	-0.1326371	0.5690494	0.3982518
12	10	1.215708	0.1657476	0.4214058
13	4	-0.1326372	0.5690494	0.3982518
13	7	-0.1326371	0.5690494	0.3982518
13	10	1.215708	0.1657476	0.4214058
14	4	-0.1326372	0.5690494	0.3982518
14	7	-0.1326371	0.5690494	0.3982518
14	10	1.215708	0.1657476	0.4214058
15	4	-0.1326372	0.5690494	0.3982518
15	7	-0.1326371	0.5690494	0.3982518
15	10	1.215708	0.1657476	0.4214058
24	4	-0.2315347	0.5126024	1.249052
24	7	-0.06206552	0.5674189	0.2064446
24	10	1.326512	0.1426287	0.323979
25	4	-0.2315347	0.5126024	1.249052
25	7	-0.06206552	0.5674189	0.2064446
25	10	1.326512	0.1426287	0.323979
26	4	-0.2315347	0.5126024	1.249052
26	7	-0.06206552	0.5674189	0.2064446
26	10	1.326512	0.1426287	0.323979
27	4	-0.2315347	0.5126024	1.249052
27	7	-0.06206552	0.5674189	0.2064446
27	10	1.326512	0.1426287	0.323979
28	4	-0.2537099	0.5216053	1.225185
28	7	-0.04541128	0.5642652	0.1886184
28	10	1.328273	0.1414044	0.3309220
29	4	-0.2537099	0.5216053	1.225185
29	7	-0.04541128	0.5642652	0.1886184
29	10	1.328273	0.1414044	0.3309220
30	7	1.274725	0.1480948	0.4224197
30	10	-0.1839523	0.5843982	0.3973702
31	7	1.274725	0.1480948	0.4224197
31	10	-0.1839523	0.5843982	0.3973702
32	7	1.274725	0.1480948	0.4224197
32	10	-0.1839523	0.5843982	0.3973702
33	4	-0.1594405	0.5770665	0.3977913
33	7	-0.1594405	0.5770665	0.3977913
33	10	1.327725	0.1322421	0.4233297
34	4	-0.1594405	0.5770665	0.3977913
34	7	-0.1594405	0.5770665	0.3977913
34	10	1.327725	0.1322421	0.4233297
35	4	-0.1594405	0.5770665	0.3977913
35	7	-0.1594405	0.5770665	0.3977913
35	10	1.327725	0.1322421	0.4233297
36	4	-0.1594405	0.5770665	0.3977913
36	7	-0.1594405	0.5770665	0.3977913
36	10	1.327725	0.1322421	0.4233297
37	4	-0.1594405	0.5770665	0.3977913
37	7	-0.1594405	0.5770665	0.3977913
37	10	1.327725	0.1322421	0.4233297
38	4	-0.1594405	0.5770665	0.3977913
38	7	-0.1594405	0.5770665	0.3977913
38	10	1.327725	0.1322421	0.4233297
39	4	-0.1594405	0.5770665	0.3977913
39	7	-0.1594405	0.5770665	0.3977913
39	10	1.327725	0.1322421	0.4233297
40	4	-0.1594405	0.5770665	0.3977913
40	7	-0.1594405	0.5770665	0.3977913
40	10	1.327725	0.1322421	0.4233297
41	4	-0.1594405	0.5770665	0.3977913
41	7	-0.1594405	0.5770665	0.3977913
41	10	1.327725	0.1322421	0.4233297
42	4	-0.1594405	0.5770665	0.3977913
42	7	-0.1594405	0.5770665	0.3977913
42	10	1.327725	0.1322421	0.4233297
43	4	-0.1594405	0.5770665	0.3977913
43	7	-0.1594405	0.5770665	0.3977913
43	10	1.327725	0.1322421	0.4233297
44	4	-0.1594405	0.5770665	0.3977913
44	7	-0.1594405	0.5770665	0.3977913
44	10	1.327725	0.1322421	0.4233297
45	4	-0.1594405	0.5770665	0.3977913
45	7	-0.1594405	0.5770665	0.3977913
45	10	1.327725	0.1322421	0.4233297
46	4	1.274725	0.1480948	0.4224197
46	10	-0.1839523	0.5843982	0.3973702
47	4	1.274725	0.1480948	0.4224197
47	10	-0.1839523	0.5843982	0.3973702
48	4	1.274725	0.1480948	0.4224197
48	10	-0.1839523	0.5843982	0.3973702
49	4	1.274725	0.1480948	0.4224197
49	10	-0.1839523	0.5843982	0.3973702
50	4	1.327566	0.1323580	0.4226504
50	8	-0.0974953	0.570173	0.2835591
50	10	-0.2163414	0.5800424	0.535981
51	4	-0.199269	0.5887498	0.3993845
51	7	-0.199269	0.5887498	0.3993845
51	8	1.270986	0.1563687	0.3514479
51	9	1.270986	0.1563687	0.3514479
51	10	1.149379	0.1697939	0.5767689
52	4	-0.199269	0.5887498	0.3993845
52	7	-0.199269	0.5887498	0.3993845
52	8	1.270986	0.1563687	0.3514479
52	9	1.270986	0.1563687	0.3514479
52	10	1.149379	0.1697939	0.5767689
53	4	-0.199269	0.5887498	0.3993845
53	7	-0.199269	0.5887498	0.3993845
53	8	1.270986	0.1563687	0.3514479
53	9	1.270986	0.1563687	0.3514479
53	10	1.149379	0.1697939	0.5767689
54	4	1.354526	0.1243236	0.4228220
54	8	-0.09370458	0.5675591	0.2982912
54	9	-0.09370458	0.5675591	0.2982912
54	10	-0.2373512	0.5754371	0.6435301
55	4	1.354526	0.1243236	0.4228220
55	8	-0.09370458	0.5675591	0.2982912
55	9	-0.09370458	0.5675591	0.2982912
55	10	-0.2373512	0.5754371	0.6435301
56	4	1.354526	0.1243236	0.4228220
56	8	-0.09370458	0.5675591	0.2982912
56	9	-0.09370458	0.5675591	0.2982912
56	10	-0.2373512	0.5754371	0.6435301
57	4	1.354526	0.1243236	0.4228220
57	8	-0.09370458	0.5675591	0.2982912
57	9	-0.09370458	0.5675591	0.2982912
57	10	-0.2373512	0.5754371	0.6435301
58	4	1.327566	0.1323580	0.4226504
58	8	-0.0974953	0.570173	0.2835591
58	10	-0.2163414	0.5800424	0.535981
59	4	1.274725	0.1480948	0.4224197
59	10	-0.1839523	0.5843982	0.3973702
60	4	1.274725	0.1480948	0.4224197
60	10	-0.1839523	0.5843982	0.3973702
61	4	1.274725	0.1480948	0.4224197
61	10	-0.1839523	0.5843982	0.3973702
62	4	-0.1494691	0.574084	0.3979624
62	7	-0.1494691	0.574084	0.3979624
62	10	1.285256	0.1449451	0.4226006
63	4	-0.1494691	0.574084	0.3979624
63	7	-0.1494691	0.574084	0.3979624
63	10	1.285256	0.1449451	0.4226006
64	4	-0.1494691	0.574084	0.3979624
64	7	-0.1494691	0.574084	0.3979624
64	10	1.285256	0.1449451	0.4226006
65	4	-0.1494691	0.574084	0.3979624
65	7	-0.1494691	0.574084	0.3979624
65	10	1.285256	0.1449451	0.4226006
66	4	-0.1494691	0.574084	0.3979624
66	7	-0.1494691	0.574084	0.3979624
66	10	1.285256	0.1449451	0.4226006
67	4	-0.1494691	0.574084	0.3979624
67	7	-0.1494691	0.574084	0.3979624
67	10	1.285256	0.1449451	0.4226006
68	4	-0.1494691	0.574084	0.3979624
68	7	-0.1494691	0.574084	0.3979624
68	10	1.285256	0.1449451	0.4226006
69	4	-0.1494691	0.574084	0.3979624
69	7	-0.1494691	0.574084	0.3979624
69	10	1.285256	0.1449451	0.4226006
70	4	-0.1494691	0.574084	0.3979624
70	7	-0.1494691	0.574084	0.3979624
70	10	1.285256	0.1449451	0.4226006
71	4	-0.1494691	0.574084	0.3979624
71	7	-0.1494691	0.574084	0.3979624
71	10	1.285256	0.1449451	0.4226006
72	4	-0.1494691	0.574084	0.3979624
72	7	-0.1494691	0.574084	0.3979624
72	10	1.285256	0.1449451	0.4226006
73	4	-0.1494691	0.574084	0.3979624
73	7	-0.1494691	0.574084	0.3979624
73	10	1.285256	0.1449451	0.4226006
74	4	-0.1477979	0.5735841	0.3979912
74	7	-0.1477979	0.5735841	0.3979912
74	10	1.278232	0.1470461	0.4224798
75	4	-0.1477979	0.5735841	0.3979912
75	7	-0.1477979	0.5735841	0.3979912
75	10	1.278232	0.1470461	0.4224798
76	4	-0.1477979	0.5735841	0.3979912
76	7	-0.1477979	0.5735841	0.3979912
76	10	1.278232	0.1470461	0.4224798
77	4	-0.1477979	0.5735841	0.3979912
77	7	-0.1477979	0.5735841	0.3979912
77	10	1.278232	0.1470461	0.4224798
78	4	-0.1477979	0.5735841	0.3979912
78	7	-0.1477979	0.5735841	0.3979912
78	10	1.278232	0.1470461	0.4224798
79	4	-0.1477979	0.5735841	0.3979912
79	7	-0.1477979	0.5735841	0.3979912
79	10	1.278232	0.1470461	0.4224798
80	4	-0.1477979	0.5735841	0.3979912
80	7	-0.1477979	0.5735841	0.3979912
80	10	1.278232	0.1470461	0.4224798
81	4	-0.1477979	0.5735841	0.3979912
81	7	-0.1477979	0.5735841	0.3979912
81	10	1.278232	0.1470461	0.4224798
82	4	-0.1477979	0.5735841	0.3979912
82	7	-0.1477979	0.5735841	0.3979912
82	10	1.278232	0.1470461	0.4224798
83	4	-0.1477979	0.5735841	0.3979912
83	7	-0.1477979	0.5735841	0.3979912
83	10	1.278232	0.1470461	0.4224798
84	4	-0.1477979	0.5735841	0.3979912
84	7	-0.1477979	0.5735841	0.3979912
84	10	1.278232	0.1470461	0.4224798
85	4	1.238142	0.1590372	0.4217915
85	10	-0.1668563	0.5792847	0.3976638
86	4	-0.1477979	0.5735841	0.3979912
86	7	-0.1477979	0.5735841	0.3979912
86	10	1.278232	0.1470461	0.4224798
87	4	-0.1477979	0.5735841	0.3979912
87	7	-0.1477979	0.5735841	0.3979912
87	10	1.278232	0.1470461	0.4224798
88	4	-0.1477979	0.5735841	0.3979912
88	7	-0.1477979	0.5735841	0.3979912
88	10	1.278232	0.1470461	0.4224798
89	4	-0.1477979	0.5735841	0.3979912
89	7	-0.1477979	0.5735841	0.3979912
89	10	1.278232	0.1470461	0.4224798
90	4	-0.1477979	0.5735841	0.3979912
90	7	-0.1477979	0.5735841	0.3979912
90	10	1.278232	0.1470461	0.4224798
91	4	-0.1477979	0.5735841	0.3979912
91	7	-0.1477979	0.5735841	0.3979912
91	10	1.278232	0.1470461	0.4224798
92	4	-0.1477979	0.5735841	0.3979912
92	7	-0.1477979	0.5735841	0.3979912
92	10	1.278232	0.1470461	0.4224798
93	4	-0.1477979	0.5735841	0.3979912
93	7	-0.1477979	0.5735841	0.3979912
93	10	1.278232	0.1470461	0.4224798
94	4	-0.1477979	0.5735841	0.3979912
94	7	-0.1477979	0.5735841	0.3979912
94	10	1.278232	0.1470461	0.4224798
95	4	-0.1477979	0.5735841	0.3979912
95	7	-0.1477979	0.5735841	0.3979912
95	10	1.278232	0.1470461	0.4224798
96	4	1.238142	0.1590372	0.4217915
96	10	-0.1668563	0.5792847	0.3976638
97	4	1.238142	0.1590372	0.4217915
97	10	-0.1668563	0.5792847	0.3976638
98	4	1.238142	0.1590372	0.4217915
98	10	-0.1668563	0.5792847	0.3976638
99	4	1.238142	0.1590372	0.4217915
99	10	-0.1668563	0.5792847	0.3976638
100	4	1.238142	0.1590372	0.4217915
100	10	-0.1668563	0.5792847	0.3976638
101	4	1.238142	0.1590372	0.4217915
101	10	-0.1668563	0.5792847	0.3976638
102	4	-0.1477979	0.5735841	0.3979912
102	7	-0.1477979	0.5735841	0.3979912
102	10	1.278232	0.1470461	0.4224798
103	4	-0.1477979	0.5735841	0.3979912
103	7	-0.1477979	0.5735841	0.3979912
103	10	1.278232	0.1470461	0.4224798
104	4	-0.1477979	0.5735841	0.3979912
104	7	-0.1477979	0.5735841	0.3979912
104	10	1.278232	0.1470461	0.4224798
105	4	-0.1477979	0.5735841	0.3979912
105	7	-0.1477979	0.5735841	0.3979912
105	10	1.278232	0.1470461	0.4224798
106	4	-0.1477979	0.5735841	0.3979912
106	7	-0.1477979	0.5735841	0.3979912
106	10	1.278232	0.1470461	0.4224798
107	4	-0.1477979	0.5735841	0.3979912
107	7	-0.1477979	0.5735841	0.3979912
107	10	1.278232	0.1470461	0.4224798
108	4	-0.1477979	0.5735841	0.3979912
108	7	-0.1477979	0.5735841	0.3979912
108	10	1.278232	0.1470461	0.4224798
109	4	-0.1477979	0.5735841	0.3979912
109	7	-0.1477979	0.5735841	0.3979912
109	10	1.278232	0.1470461	0.4224798
110	7	1.238142	0.1590372	0.4217915
110	10	-0.1668563	0.5792847	0.3976638
111	7	1.238142	0.1590372	0.4217915
111	10	-0.1668563	0.5792847	0.3976638
112	7	1.238142	0.1590372	0.4217915
112	10	-0.1668563	0.5792847	0.3976638
113	4	-0.00614439	0.5559753	0.155054
113	7	-0.2691668	0.5275871	1.211458
113	10	1.318616	0.1436626	0.3370003
114	4	-0.1477979	0.5735841	0.3979912
114	7	-0.1477979	0.5735841	0.3979912
114	10	1.278232	0.1470461	0.4224798
115	4	-0.1477979	0.5735841	0.3979912
115	7	-0.1477979	0.5735841	0.3979912
115	10	1.278232	0.1470461	0.4224798
116	4	-0.1477979	0.5735841	0.3979912
116	7	-0.1477979	0.5735841	0.3979912
116	10	1.278232	0.1470461	0.4224798
117	4	-0.1477979	0.5735841	0.3979912
117	7	-0.1477979	0.5735841	0.3979912
117	10	1.278232	0.1470461	0.4224798
118	4	-0.1477979	0.5735841	0.3979912
118	7	-0.1477979	0.5735841	0.3979912
118	10	1.278232	0.1470461	0.4224798
119	7	1.277934	0.1472028	0.421802
119	8	-0.06794663	0.5639969	0.2576860
119	10	-0.2175685	0.5764193	0.5755004
120	7	1.298444	0.1411284	0.4215596
120	8	-0.06942597	0.5627101	0.2747970
120	9	-0.06942597	0.5627101	0.2747970
120	10	-0.2449114	0.5706597	0.7131502
121	7	1.298444	0.1411284	0.4215596
121	8	-0.06942597	0.5627101	0.2747970
121	9	-0.06942597	0.5627101	0.2747970
121	10	-0.2449114	0.5706597	0.7131502
122	4	-0.1788267	0.5826641	0.3994499
122	7	-0.1788267	0.5826641	0.3994499
122	8	1.246148	0.1654623	0.3345285
122	9	1.246148	0.1654623	0.3345285
122	10	1.085604	0.1843144	0.6208136
123	4	-0.1788267	0.5826641	0.3994499
123	7	-0.1788267	0.5826641	0.3994499
123	8	1.246148	0.1654623	0.3345285
123	9	1.246148	0.1654623	0.3345285
123	10	1.085604	0.1843144	0.6208136
124	4	-0.1788267	0.5826641	0.3994499
124	7	-0.1788267	0.5826641	0.3994499
124	8	1.246148	0.1654623	0.3345285
124	9	1.246148	0.1654623	0.3345285
124	10	1.085604	0.1843144	0.6208136
125	4	-0.1477979	0.5735841	0.3979912
125	7	-0.1477979	0.5735841	0.3979912
125	8	1.278232	0.1470461	0.4224798
126	4	-0.1477979	0.5735841	0.3979912
126	7	-0.1477979	0.5735841	0.3979912
126	8	1.278232	0.1470461	0.4224798
127	4	-0.1477979	0.5735841	0.3979912
127	7	-0.1477979	0.5735841	0.3979912
127	8	1.278232	0.1470461	0.4224798
128	4	-0.1477979	0.5735841	0.3979912
128	7	-0.1477979	0.5735841	0.3979912
128	8	1.278232	0.1470461	0.4224798
129	4	-0.1477979	0.5735841	0.3979912
129	7	-0.1477979	0.5735841	0.3979912
129	8	1.278232	0.1470461	0.4224798
130	4	-0.1477979	0.5735841	0.3979912
130	7	-0.1477979	0.5735841	0.3979912
130	8	1.278232	0.1470461	0.4224798
131	4	-0.1477979	0.5735841	0.3979912
131	7	-0.1477979	0.5735841	0.3979912
131	8	1.278232	0.1470461	0.4224798
132	4	1.296376	0.1491719	0.3479462
132	5	-0.2063124	0.4895204	1.403458
132	7	1.296376	0.1491719	0.3479462
132	8	-0.0291017	0.558254	0.2001253
132	9	-0.0291017	0.558254	0.2001253
132	10	-0.03162558	0.5586278	0.2038579
133	4	1.303147	0.1468338	0.3511609
133	5	-0.2560225	0.5233001	1.215205
133	7	1.303147	0.1468338	0.3511609
133	8	0.1219809	0.5250578	0.08386475
133	9	0.1219809	0.5250578	0.08386475
133	10	0.1213684	0.5251551	0.0847056
133	11	-0.2550707	0.5011228	1.432167
134	4	1.303147	0.1468338	0.3511609
134	5	-0.2560225	0.5233001	1.215205
134	7	1.303147	0.1468338	0.3511609
134	8	0.1219809	0.5250578	0.08386475
134	9	0.1219809	0.5250578	0.08386475
134	10	0.1213684	0.5251551	0.0847056
134	11	-0.2550707	0.5011228	1.432167
135	4	1.303147	0.1468338	0.3511609
135	5	-0.2560225	0.5233001	1.215205
135	7	1.303147	0.1468338	0.3511609
135	8	0.1219809	0.5250578	0.08386475
135	9	0.1219809	0.5250578	0.08386475
135	10	0.1213684	0.5251551	0.0847056
135	11	-0.2550707	0.5011228	1.432167
136	4	0.7432521	0.2485106	0.993522
136	5	-0.1509353	0.5765687	0.3776610
136	7	0.7432521	0.2485106	0.993522
136	8	0.835636	0.3175762	0.03687106
136	9	0.835636	0.3175762	0.03687106
136	10	0.8374774	0.3169534	0.03761688
136	11	-0.2951701	0.5908891	0.6607918
137	1	1.184977	0.1602043	0.5668965
137	4	-0.3316558	0.5680431	0.994703
137	5	1.235508	0.1765965	0.2555491
137	7	-0.3316558	0.5680431	0.994703
137	8	0.1986816	0.5048651	0.05793921
137	9	0.1986816	0.5048651	0.05793921
137	10	0.1956676	0.505612	0.05941957
137	11	1.195350	0.1583348	0.5548535
138	1	1.184977	0.1602043	0.5668965
138	4	-0.3316558	0.5680431	0.994703
138	5	1.235508	0.1765965	0.2555491
138	7	-0.3316558	0.5680431	0.994703
138	8	0.1986816	0.5048651	0.05793921
138	9	0.1986816	0.5048651	0.05793921
138	10	0.1956676	0.505612	0.05941957
138	11	1.195350	0.1583348	0.5548535
139	1	1.159072	0.1647498	0.598189
139	4	-0.3288873	0.5719019	0.948306
139	5	1.232606	0.1777399	0.2527721
139	7	-0.3288873	0.5719019	0.948306
139	8	0.208137	0.5024041	0.0544623
139	9	0.208137	0.5024041	0.0544623
139	10	0.2960605	0.4777657	0.03952027
139	11	1.170683	0.1626241	0.5850395
140	1	-0.2187417	0.5795854	0.547583
140	3	-0.2187417	0.5795854	0.547583
140	4	0.9455993	0.2044470	0.8338829
140	5	-0.2187417	0.5795854	0.547583
140	7	0.9455993	0.2044470	0.8338829
140	8	0.9737975	0.2745577	0.05602222
140	9	0.9737975	0.2745577	0.05602222
140	10	0.8874607	0.3012929	0.04551106
140	11	-0.2187417	0.5795854	0.547583
141	1	-0.2187417	0.5795854	0.547583
141	3	-0.2187417	0.5795854	0.547583
141	4	0.9455993	0.2044470	0.8338829
141	5	-0.2187417	0.5795854	0.547583
141	7	0.9455993	0.2044470	0.8338829
141	8	0.9737975	0.2745577	0.05602222
141	9	0.9737975	0.2745577	0.05602222
141	10	0.8874607	0.3012929	0.04551106
141	11	-0.2187417	0.5795854	0.547583
142	1	-0.222509	0.579271	0.5618001
142	3	-0.222509	0.579271	0.5618001
142	4	0.9792804	0.1976918	0.8015704
142	5	-0.222509	0.579271	0.5618001
142	7	0.9792804	0.1976918	0.8015704
142	8	0.963801	0.2778229	0.05312391
142	9	0.963801	0.2778229	0.05312391
142	10	0.7711218	0.3370797	0.03371474
142	11	-0.222509	0.579271	0.5618001
143	1	-0.222509	0.579271	0.5618001
143	3	-0.222509	0.579271	0.5618001
143	4	0.9792804	0.1976918	0.8015704
143	5	-0.222509	0.579271	0.5618001
143	7	0.9792804	0.1976918	0.8015704
143	8	0.963801	0.2778229	0.05312391
143	9	0.963801	0.2778229	0.05312391
143	10	0.7711218	0.3370797	0.03371474
143	11	-0.222509	0.579271	0.5618001
144	1	-0.2160869	0.5780445	0.5550293
144	3	-0.2160869	0.5780445	0.5550293
144	4	1.115256	0.1720708	0.654761
144	5	-0.2160869	0.5780445	0.5550293
144	7	1.115256	0.1720708	0.654761
144	8	0.9107878	0.2949604	0.03952213
144	10	0.7436447	0.3458009	0.02826304
144	11	-0.2160869	0.5780445	0.5550293
145	1	-0.2160869	0.5780445	0.5550293
145	3	-0.2160869	0.5780445	0.5550293
145	4	1.115256	0.1720708	0.654761
145	5	-0.2160869	0.5780445	0.5550293
145	7	1.115256	0.1720708	0.654761
145	8	0.9107878	0.2949604	0.03952213
145	10	0.7436447	0.3458009	0.02826304
145	11	-0.2160869	0.5780445	0.5550293
146	1	-0.2160869	0.5780445	0.5550293
146	3	-0.2160869	0.5780445	0.5550293
146	4	1.115256	0.1720708	0.654761
146	5	-0.2160869	0.5780445	0.5550293
146	7	1.115256	0.1720708	0.654761
146	8	0.9107878	0.2949604	0.03952213
146	10	0.7436447	0.3458009	0.02826304
146	11	-0.2160869	0.5780445	0.5550293
147	1	-0.2160869	0.5780445	0.5550293
147	3	-0.2160869	0.5780445	0.5550293
147	4	1.115256	0.1720708	0.654761
147	5	-0.2160869	0.5780445	0.5550293
147	7	1.115256	0.1720708	0.654761
147	8	0.9107878	0.2949604	0.03952213
147	10	0.7436447	0.3458009	0.02826304
147	11	-0.2160869	0.5780445	0.5550293
148	1	-0.2160869	0.5780445	0.5550293
148	3	-0.2160869	0.5780445	0.5550293
148	4	1.115256	0.1720708	0.654761
148	5	-0.2160869	0.5780445	0.5550293
148	7	1.115256	0.1720708	0.654761
148	8	0.9107878	0.2949604	0.03952213
148	10	0.7436447	0.3458009	0.02826304
148	11	-0.2160869	0.5780445	0.5550293
149	1	-0.2311143	0.5796461	0.5834417
149	3	-0.2355859	0.5799335	0.5937701
149	4	1.103255	0.1756137	0.655018
149	5	-0.2355859	0.5799335	0.5937701
149	7	1.103255	0.1756137	0.655018
149	8	0.8114607	0.3256486	0.02811878
149	10	0.6031098	0.3882526	0.02172228
150	1	-0.2160869	0.5780445	0.5550293
150	3	-0.2160869	0.5780445	0.5550293
150	4	1.115256	0.1720708	0.654761
150	5	-0.2160869	0.5780445	0.5550293
150	7	1.115256	0.1720708	0.654761
150	8	0.9107878	0.2949604	0.03952213
150	10	0.7436447	0.3458009	0.02826304
150	11	-0.2160869	0.5780445	0.5550293
151	1	-0.222509	0.579271	0.5618001
151	3	-0.222509	0.579271	0.5618001
151	4	0.9792804	0.1976918	0.8015704
151	5	-0.222509	0.579271	0.5618001
151	7	0.9792804	0.1976918	0.8015704
151	8	0.963801	0.2778229	0.05312391
151	9	0.963801	0.2778229	0.05312391
151	10	0.7711218	0.3370797	0.03371474
151	11	-0.222509	0.579271	0.5618001
152	1	-0.222509	0.579271	0.5618001
152	3	-0.222509	0.579271	0.5618001
152	4	0.9792804	0.1976918	0.8015704
152	5	-0.222509	0.579271	0.5618001
152	7	0.9792804	0.1976918	0.8015704
152	8	0.963801	0.2778229	0.05312391
152	9	0.963801	0.2778229	0.05312391
152	10	0.7711218	0.3370797	0.03371474
152	11	-0.222509	0.579271	0.5618001
153	4	-0.1377147	0.5705682	0.3981642
153	7	-0.1377147	0.5705682	0.3981642
153	8	1.236411	0.1595551	0.4217618
154	4	-0.1377147	0.5705682	0.3981642
154	7	-0.1377147	0.5705682	0.3981642
154	8	1.236411	0.1595551	0.4217618
155	1	-0.2579273	0.5733945	0.724406
155	3	-0.02865069	0.5543702	0.2372822
155	4	1.237888	0.1547863	0.4646654
155	5	-0.02865069	0.5543702	0.2372822
155	7	1.237888	0.1547863	0.4646654
155	8	0.1737018	0.5098352	0.08229925
155	10	0.1737018	0.5098352	0.08229925
155	11	-0.2579273	0.5733945	0.724406
156	1	-0.2692024	0.5705316	0.7860026
156	3	-0.05749786	0.5587002	0.2793825
156	4	1.238904	0.1539983	0.4694777
156	5	-0.05749786	0.5587002	0.2793825
156	7	1.238904	0.1539983	0.4694777
156	8	0.1665603	0.5114876	0.08697022
156	9	0.1665603	0.5114876	0.08697022
156	10	0.1665603	0.5114876	0.08697022
156	11	-0.2692024	0.5705316	0.7860026
157	1	-0.2692024	0.5705316	0.7860026
157	3	-0.05749786	0.5587002	0.2793825
157	4	1.238904	0.1539983	0.4694777
157	5	-0.05749786	0.5587002	0.2793825
157	7	1.238904	0.1539983	0.4694777
157	8	0.1665603	0.5114876	0.08697022
157	9	0.1665603	0.5114876	0.08697022
157	10	0.1665603	0.5114876	0.08697022
157	11	-0.2692024	0.5705316	0.7860026
158	1	-0.2692024	0.5705316	0.7860026
158	3	-0.05749786	0.5587002	0.2793825
158	4	1.238904	0.1539983	0.4694777
158	5	-0.05749786	0.5587002	0.2793825
158	7	1.238904	0.1539983	0.4694777
158	8	0.1665603	0.5114876	0.08697022
158	9	0.1665603	0.5114876	0.08697022
158	10	0.1665603	0.5114876	0.08697022
158	11	-0.2692024	0.5705316	0.7860026
159	3	1.070686	0.1929407	0.5792928
159	4	-0.1707587	0.5802704	0.3993958
159	5	1.070686	0.1929407	0.5792928
159	7	-0.1707587	0.5802704	0.3993958
159	8	1.202149	0.1792422	0.3276347
159	9	1.202149	0.1792422	0.3276347
159	10	1.202149	0.1792422	0.3276347
160	3	1.068245	0.1922151	0.5936752
160	4	-0.1668570	0.5790914	0.3995808
160	7	-0.1668570	0.5790914	0.3995808
160	8	1.199739	0.1759225	0.3676338
160	9	1.199739	0.1759225	0.3676338
160	10	1.199739	0.1759225	0.3676338
161	1	-0.1281032	0.5676933	0.3983294
161	3	-0.1281032	0.5676933	0.3983294
161	4	1.256090	0.1536687	0.4220996
161	5	-0.1281032	0.5676933	0.3983294
161	7	1.256090	0.1536687	0.4220996
161	8	-0.1281032	0.5676933	0.3983294
161	9	-0.1281032	0.5676933	0.3983294
161	10	-0.1281032	0.5676933	0.3983294
161	11	-0.1281032	0.5676933	0.3983294
162	1	-0.1281032	0.5676933	0.3983294
162	3	-0.1281032	0.5676933	0.3983294
162	4	1.256090	0.1536687	0.4220996
162	5	-0.1281032	0.5676933	0.3983294
162	7	1.256090	0.1536687	0.4220996
162	8	-0.1281032	0.5676933	0.3983294
162	9	-0.1281032	0.5676933	0.3983294
162	10	-0.1281032	0.5676933	0.3983294
162	11	-0.1281032	0.5676933	0.3983294
163	1	0.8620785	0.2319863	0.8071059
163	2	-0.3225847	0.6010628	0.640762
163	3	0.8620785	0.2319863	0.8071059
163	4	0.4206866	0.4434651	0.01216783
163	5	0.8620785	0.2319863	0.8071059
163	7	0.4206866	0.4434651	0.01216783
163	8	0.8620785	0.2319863	0.8071059
163	9	0.8620785	0.2319863	0.8071059
163	10	0.8620785	0.2319863	0.8071059
163	11	0.8620785	0.2319863	0.8071059
164	1	0.8620785	0.2319863	0.8071059
164	2	-0.3225847	0.6010628	0.640762
164	3	0.8620785	0.2319863	0.8071059
164	4	0.4206866	0.4434651	0.01216783
164	5	0.8620785	0.2319863	0.8071059
164	7	0.4206866	0.4434651	0.01216783
164	8	0.8620785	0.2319863	0.8071059
164	9	0.8620785	0.2319863	0.8071059
164	10	0.8620785	0.2319863	0.8071059
164	11	0.8620785	0.2319863	0.8071059
165	1	0.8620785	0.2319863	0.8071059
165	2	-0.3225847	0.6010628	0.640762
165	3	0.8620785	0.2319863	0.8071059
165	4	0.4206866	0.4434651	0.01216783
165	5	0.8620785	0.2319863	0.8071059
165	7	0.4206866	0.4434651	0.01216783
165	8	0.8620785	0.2319863	0.8071059
165	9	0.8620785	0.2319863	0.8071059
165	10	0.8620785	0.2319863	0.8071059
165	11	0.8620785	0.2319863	0.8071059
166	1	0.8620785	0.2319863	0.8071059
166	2	-0.3225847	0.6010628	0.640762
166	3	0.8620785	0.2319863	0.8071059
166	4	0.4206866	0.4434651	0.01216783
166	5	0.8620785	0.2319863	0.8071059
166	7	0.4206866	0.4434651	0.01216783
166	8	0.8620785	0.2319863	0.8071059
166	9	0.8620785	0.2319863	0.8071059
166	10	0.8620785	0.2319863	0.8071059
166	11	0.8620785	0.2319863	0.8071059
167	1	0.8620785	0.2319863	0.8071059
167	2	-0.3225847	0.6010628	0.640762
167	3	0.8620785	0.2319863	0.8071059
167	4	0.4206866	0.4434651	0.01216783
167	5	0.8620785	0.2319863	0.8071059
167	7	0.4206866	0.4434651	0.01216783
167	8	0.8620785	0.2319863	0.8071059
167	9	0.8620785	0.2319863	0.8071059
167	10	0.8620785	0.2319863	0.8071059
167	11	0.8620785	0.2319863	0.8071059
168	1	0.9183758	0.2188666	0.7712156
168	2	-0.2513160	0.5968494	0.4724961
168	3	0.9183758	0.2188666	0.7712156
168	4	0.6666098	0.3705119	0.01039941
168	5	0.9183758	0.2188666	0.7712156
168	6	-0.2513160	0.5968494	0.4724961
168	7	0.6666098	0.3705119	0.01039941
168	8	0.9183758	0.2188666	0.7712156
168	9	0.9183758	0.2188666	0.7712156
168	10	0.9183758	0.2188666	0.7712156
168	11	0.9183758	0.2188666	0.7712156
169	1	0.9183758	0.2188666	0.7712156
169	2	-0.2513160	0.5968494	0.4724961
169	3	0.9183758	0.2188666	0.7712156
169	4	0.6666098	0.3705119	0.01039941
169	5	0.9183758	0.2188666	0.7712156
169	6	-0.2513160	0.5968494	0.4724961
169	7	0.6666098	0.3705119	0.01039941
169	8	0.9183758	0.2188666	0.7712156
169	9	0.9183758	0.2188666	0.7712156
169	10	0.9183758	0.2188666	0.7712156
169	11	0.9183758	0.2188666	0.7712156
170	1	0.9411529	0.2151382	0.7410418
170	2	-0.2319623	0.5960022	0.4238584
170	3	0.9411529	0.2151382	0.7410418
170	4	0.813619	0.3251224	0.02697315
170	5	0.9411529	0.2151382	0.7410418
170	6	-0.2319623	0.5960022	0.4238584
170	7	0.813619	0.3251224	0.02697315
170	8	0.9411529	0.2151382	0.7410418
170	9	0.9411529	0.2151382	0.7410418
170	10	0.9411529	0.2151382	0.7410418
170	11	0.9411529	0.2151382	0.7410418
171	1	0.9411529	0.2151382	0.7410418
171	2	-0.2319623	0.5960022	0.4238584
171	3	0.9411529	0.2151382	0.7410418
171	4	0.813619	0.3251224	0.02697315
171	5	0.9411529	0.2151382	0.7410418
171	6	-0.2319623	0.5960022	0.4238584
171	7	0.813619	0.3251224	0.02697315
171	8	0.9411529	0.2151382	0.7410418
171	9	0.9411529	0.2151382	0.7410418
171	10	0.9411529	0.2151382	0.7410418
171	11	0.9411529	0.2151382	0.7410418
172	1	0.9411529	0.2151382	0.7410418
172	2	-0.2319623	0.5960022	0.4238584
172	3	0.9411529	0.2151382	0.7410418
172	4	0.813619	0.3251224	0.02697315
172	5	0.9411529	0.2151382	0.7410418
172	6	-0.2319623	0.5960022	0.4238584
172	7	0.813619	0.3251224	0.02697315
172	8	0.9411529	0.2151382	0.7410418
172	9	0.9411529	0.2151382	0.7410418
172	10	0.9411529	0.2151382	0.7410418
172	11	0.9411529	0.2151382	0.7410418
173	1	0.9411529	0.2151382	0.7410418
173	2	-0.2319623	0.5960022	0.4238584
173	3	0.9411529	0.2151382	0.7410418
173	4	0.813619	0.3251224	0.02697315
173	5	0.9411529	0.2151382	0.7410418
173	6	-0.2319623	0.5960022	0.4238584
173	7	0.813619	0.3251224	0.02697315
173	8	0.9411529	0.2151382	0.7410418
173	9	0.9411529	0.2151382	0.7410418
173	10	0.9411529	0.2151382	0.7410418
173	11	0.9411529	0.2151382	0.7410418
174	1	-0.2564134	0.5575303	0.8771519
174	3	-0.2564134	0.5575303	0.8771519
174	4	0.5473608	0.4055868	0.01423345
174	5	-0.2564134	0.5575303	0.8771519
174	6	1.348775	0.1201843	0.4807851
174	7	0.5473608	0.4055868	0.01423345
174	8	-0.2564134	0.5575303	0.8771519
174	9	-0.2564134	0.5575303	0.8771519
174	10	-0.2564134	0.5575303	0.8771519
174	11	-0.2564134	0.5575303	0.8771519
175	1	-0.0915781	0.4694463	1.264277
175	3	-0.0915781	0.4694463	1.264277
175	4	0.1088318	0.5287247	0.086276
175	5	-0.0915781	0.4694463	1.264277
175	6	1.370902	0.1370648	0.248302
175	7	0.1088318	0.5287247	0.086276
175	8	-0.0915781	0.4694463	1.264277
175	9	-0.0915781	0.4694463	1.264277
175	10	-0.0915781	0.4694463	1.264277
175	11	-0.0915781	0.4694463	1.264277
176	1	-0.1228379	0.5661182	0.3984215
176	3	-0.1228379	0.5661182	0.3984215
176	5	-0.1228379	0.5661182	0.3984215
176	6	1.319721	0.1346365	0.4231903
176	8	-0.1228379	0.5661182	0.3984215
176	9	-0.1228379	0.5661182	0.3984215
176	10	-0.1228379	0.5661182	0.3984215
176	11	-0.1228379	0.5661182	0.3984215
177	1	-0.1228379	0.5661182	0.3984215
177	3	-0.1228379	0.5661182	0.3984215
177	5	-0.1228379	0.5661182	0.3984215
177	6	1.319721	0.1346365	0.4231903
177	8	-0.1228379	0.5661182	0.3984215
177	9	-0.1228379	0.5661182	0.3984215
177	10	-0.1228379	0.5661182	0.3984215
177	11	-0.1228379	0.5661182	0.3984215
178	6	1.232950	0.1605901	0.4217024
178	10	-0.1643903	0.5785471	0.3977061
179	6	1.232950	0.1605901	0.4217024
179	10	-0.1643903	0.5785471	0.3977061
180	6	1.232950	0.1605901	0.4217024
180	10	-0.1643903	0.5785471	0.3977061
181	2	-0.1461241	0.5730835	0.3980199
181	6	-0.1461241	0.5730835	0.3980199
181	10	1.271223	0.1491424	0.4223595
182	2	-0.1461241	0.5730835	0.3980199
182	6	-0.1461241	0.5730835	0.3980199
182	10	1.271223	0.1491424	0.4223595
183	2	-0.1461241	0.5730835	0.3980199
183	6	-0.1461241	0.5730835	0.3980199
183	10	1.271223	0.1491424	0.4223595
184	1	1.123539	0.1811217	0.540662
184	2	-0.2124756	0.5906761	0.4192135
184	3	1.123539	0.1811217	0.540662
184	5	1.123539	0.1811217	0.540662
184	6	-0.2124756	0.5906761	0.4192135
184	8	1.187092	0.1848938	0.3160032
184	9	1.187092	0.1848938	0.3160032
184	10	0.8793109	0.3033061	0.04957836
184	11	1.123539	0.1811217	0.540662
185	1	1.123539	0.1811217	0.540662
185	2	-0.2124756	0.5906761	0.4192135
185	3	1.123539	0.1811217	0.540662
185	5	1.123539	0.1811217	0.540662
185	6	-0.2124756	0.5906761	0.4192135
185	8	1.187092	0.1848938	0.3160032
185	9	1.187092	0.1848938	0.3160032
185	10	0.8793109	0.3033061	0.04957836
185	11	1.123539	0.1811217	0.540662
186	1	1.056043	0.1924917	0.6268919
186	2	0.1449091	0.5217381	0.04919531
186	3	1.056043	0.1924917	0.6268919
186	4	-0.4349229	0.5921522	1.060107
186	5	1.056043	0.1924917	0.6268919
186	6	0.1449091	0.5217381	0.04919531
186	8	1.165496	0.1778758	0.4491876
186	9	1.165496	0.1778758	0.4491876
186	10	1.171685	0.1782518	0.4272224
186	11	1.056043	0.1924917	0.6268919
187	1	1.036359	0.1940242	0.6697127
187	2	0.2168058	0.5020912	0.0320175
187	4	-0.4233185	0.5924059	1.023396
187	5	1.036359	0.1940242	0.6697127
187	6	0.2168058	0.5020912	0.0320175
187	8	1.140730	0.1784630	0.5163488
187	9	1.140730	0.1784630	0.5163488
187	11	1.036359	0.1940242	0.6697127
188	1	1.036359	0.1940242	0.6697127
188	2	0.2168058	0.5020912	0.0320175
188	4	-0.4233185	0.5924059	1.023396
188	5	1.036359	0.1940242	0.6697127
188	6	0.2168058	0.5020912	0.0320175
188	8	1.140730	0.1784630	0.5163488
188	9	1.140730	0.1784630	0.5163488
188	11	1.036359	0.1940242	0.6697127
189	1	1.036359	0.1940242	0.6697127
189	2	0.2168058	0.5020912	0.0320175
189	4	-0.4233185	0.5924059	1.023396
189	5	1.036359	0.1940242	0.6697127
189	6	0.2168058	0.5020912	0.0320175
189	8	1.140730	0.1784630	0.5163488
189	9	1.140730	0.1784630	0.5163488
189	11	1.036359	0.1940242	0.6697127
190	1	1.027083	0.1966797	0.6707319
190	2	0.1877112	0.5101415	0.03798062
190	4	-0.4270771	0.5933617	1.025000
190	5	1.027083	0.1966797	0.6707319
190	6	0.1877112	0.5101415	0.03798062
190	8	1.140185	0.1797383	0.5053178
190	9	1.140185	0.1797383	0.5053178
190	10	1.146473	0.1796330	0.4878331
190	11	1.027083	0.1966797	0.6707319
191	1	1.056043	0.1924917	0.6268919
191	2	0.1449091	0.5217381	0.04919531
191	3	1.056043	0.1924917	0.6268919
191	4	-0.4349229	0.5921522	1.060107
191	5	1.056043	0.1924917	0.6268919
191	6	0.1449091	0.5217381	0.04919531
191	8	1.165496	0.1778758	0.4491876
191	9	1.165496	0.1778758	0.4491876
191	10	1.171685	0.1782518	0.4272224
191	11	1.056043	0.1924917	0.6268919
192	1	1.070367	0.1891635	0.6176631
192	2	0.1631897	0.5167745	0.04451199
192	3	1.070367	0.1891635	0.6176631
192	4	-0.4325875	0.5907831	1.066792
192	5	1.070367	0.1891635	0.6176631
192	6	0.1631897	0.5167745	0.04451199
192	8	1.169933	0.1761221	0.4534897
192	10	1.175169	0.1765809	0.4335154
192	11	1.070367	0.1891635	0.6176631
193	2	0.1876954	0.5101458	0.03798496
193	3	1.027104	0.196676	0.6707088
193	4	-0.4270819	0.5933599	1.025032
193	5	1.027104	0.196676	0.6707088
193	6	0.1876954	0.5101458	0.03798496
193	8	1.140198	0.1797364	0.5052975
193	9	1.140198	0.1797364	0.5052975
193	10	1.146485	0.1796313	0.4878133
193	11	1.027104	0.196676	0.6707088
194	2	0.5846337	0.3958568	0.000814812
194	3	0.859384	0.2273239	0.8612478
194	4	-0.2910884	0.6009191	0.549371
194	5	0.859384	0.2273239	0.8612478
194	6	0.5846337	0.3958568	0.000814812
194	7	-0.2910884	0.6009191	0.549371
194	8	1.017467	0.1975135	0.6908066
194	9	1.017467	0.1975135	0.6908066
194	10	1.034830	0.194841	0.666123
194	11	0.859384	0.2273239	0.8612478
195	2	0.6534815	0.375153	0.003095497
195	3	0.8449985	0.2292085	0.8849648
195	4	-0.2810147	0.5996171	0.5325873
195	5	0.8449985	0.2292085	0.8849648
195	6	0.6534815	0.375153	0.003095497
195	7	-0.2810147	0.5996171	0.5325873
195	8	0.9951809	0.200505	0.7268368
195	10	1.012022	0.1978489	0.7035305
195	11	0.8449985	0.2292085	0.8849648
196	1	0.8934554	0.2205461	0.8280098
196	2	0.5692883	0.4004735	0.0002866414
196	3	0.8934554	0.2205461	0.8280098
196	4	-0.2950086	0.6009339	0.5607762
196	5	0.8934554	0.2205461	0.8280098
196	6	0.5692883	0.4004735	0.0002866414
196	7	-0.2950086	0.6009339	0.5607762
196	8	1.047264	0.1921464	0.6561865
196	10	1.066001	0.1894096	0.6280898
196	11	0.8934554	0.2205461	0.8280098
197	1	0.8950317	0.2210994	0.8178817
197	2	0.5207515	0.4149543	-0.0001806667
197	3	0.8950317	0.2210994	0.8178817
197	4	-0.3017708	0.6019544	0.5705907
197	5	0.8950317	0.2210994	0.8178817
197	6	0.5207515	0.4149543	-0.0001806667
197	7	-0.3017708	0.6019544	0.5705907
197	8	1.057620	0.1913216	0.6338418
197	9	1.057620	0.1913216	0.6338418
197	10	1.077105	0.1885254	0.604131
197	11	0.8950317	0.2210994	0.8178817
198	4	1.229494	0.1616238	0.4216427
198	6	-0.2141561	0.5934324	0.3968519
198	7	1.229494	0.1616238	0.4216427
199	4	1.229494	0.1616238	0.4216427
199	6	-0.2141561	0.5934324	0.3968519
199	7	1.229494	0.1616238	0.4216427
200	4	1.229494	0.1616238	0.4216427
200	6	-0.2141561	0.5934324	0.3968519
200	7	1.229494	0.1616238	0.4216427
201	4	1.229494	0.1616238	0.4216427
201	6	-0.2141561	0.5934324	0.3968519
201	7	1.229494	0.1616238	0.4216427
202	4	1.192752	0.1596481	0.549496
202	5	0.1182518	0.5238291	0.1070295
202	6	-0.3693301	0.556279	1.222301
202	7	1.192752	0.1596481	0.549496
202	8	0.1760708	0.5100084	0.07360246
202	9	0.1760708	0.5100084	0.07360246
202	10	0.2092742	0.5019603	0.05550948
203	1	0.7873068	0.2489499	0.8593453
203	3	0.7130926	0.2637968	0.9309189
203	4	-0.1412442	0.5805738	0.3094137
203	5	0.7130926	0.2637968	0.9309189
203	6	0.9516232	0.2843411	0.02441779
203	7	-0.1412442	0.5805738	0.3094137
203	8	0.6491858	0.27712	0.9872159
203	9	0.6491858	0.27712	0.9872159
203	10	0.5758119	0.2918772	1.057201
203	11	0.7873068	0.2489499	0.8593453
204	1	0.2436838	0.3754932	1.207339
204	3	0.2075219	0.3836785	1.232791
204	4	1.083617	0.2420834	0.05420467
204	5	0.2075219	0.3836785	1.232791
204	6	-0.04742543	0.5671322	0.1661434
204	8	0.1824548	0.389195	1.251995
204	9	0.1824548	0.389195	1.251995
204	10	0.1739363	0.3894735	1.274338
204	11	0.2436838	0.3754932	1.207339
205	1	0.2436838	0.3754932	1.207339
205	3	0.2075219	0.3836785	1.232791
205	4	1.083617	0.2420834	0.05420467
205	5	0.2075219	0.3836785	1.232791
205	6	-0.04742543	0.5671322	0.1661434
205	8	0.1824548	0.389195	1.251995
205	9	0.1824548	0.389195	1.251995
205	10	0.1739363	0.3894735	1.274338
205	11	0.2436838	0.3754932	1.207339
206	1	0.8803676	0.2296519	0.7763428
206	2	-0.1658241	0.5841765	0.3461462
206	3	0.8097348	0.2432224	0.8500108
206	4	0.9052269	0.2985597	0.02024156
206	5	0.8097348	0.2432224	0.8500108
206	6	-0.1658241	0.5841765	0.3461462
206	8	0.7502406	0.2553682	0.904972
206	9	0.7502406	0.2553682	0.904972
206	10	0.6837404	0.2681289	0.9744858
206	11	0.8803676	0.2296519	0.7763428
207	1	0.8803676	0.2296519	0.7763428
207	2	-0.1658241	0.5841765	0.3461462
207	3	0.8097348	0.2432224	0.8500108
207	4	0.9052269	0.2985597	0.02024156
207	5	0.8097348	0.2432224	0.8500108
207	6	-0.1658241	0.5841765	0.3461462
207	8	0.7502406	0.2553682	0.904972
207	9	0.7502406	0.2553682	0.904972
207	10	0.6837404	0.2681289	0.9744858
207	11	0.8803676	0.2296519	0.7763428
208	1	0.8803676	0.2296519	0.7763428
208	2	-0.1658241	0.5841765	0.3461462
208	3	0.8097348	0.2432224	0.8500108
208	4	0.9052269	0.2985597	0.02024156
208	5	0.8097348	0.2432224	0.8500108
208	6	-0.1658241	0.5841765	0.3461462
208	8	0.7502406	0.2553682	0.904972
208	9	0.7502406	0.2553682	0.904972
208	10	0.6837404	0.2681289	0.9744858
208	11	0.8803676	0.2296519	0.7763428
209	1	0.8803676	0.2296519	0.7763428
209	2	-0.1658241	0.5841765	0.3461462
209	3	0.8097348	0.2432224	0.8500108
209	4	0.9052269	0.2985597	0.02024156
209	5	0.8097348	0.2432224	0.8500108
209	6	-0.1658241	0.5841765	0.3461462
209	8	0.7502406	0.2553682	0.904972
209	9	0.7502406	0.2553682	0.904972
209	10	0.6837404	0.2681289	0.9744858
209	11	0.8803676	0.2296519	0.7763428
210	1	0.8803676	0.2296519	0.7763428
210	2	-0.1658241	0.5841765	0.3461462
210	3	0.8097348	0.2432224	0.8500108
210	4	0.9052269	0.2985597	0.02024156
210	5	0.8097348	0.2432224	0.8500108
210	6	-0.1658241	0.5841765	0.3461462
210	8	0.7502406	0.2553682	0.904972
210	9	0.7502406	0.2553682	0.904972
210	10	0.6837404	0.2681289	0.9744858
210	11	0.8803676	0.2296519	0.7763428
211	1	0.8803676	0.2296519	0.7763428
211	2	-0.1658241	0.5841765	0.3461462
211	3	0.8097348	0.2432224	0.8500108
211	4	0.9052269	0.2985597	0.02024156
211	5	0.8097348	0.2432224	0.8500108
211	6	-0.1658241	0.5841765	0.3461462
211	8	0.7502406	0.2553682	0.904972
211	9	0.7502406	0.2553682	0.904972
211	10	0.6837404	0.2681289	0.9744858
211	11	0.8803676	0.2296519	0.7763428
212	1	0.7898883	0.2470638	0.8704287
212	2	-0.1585125	0.5829955	0.3363034
212	3	0.7529233	0.2542448	0.9081992
212	4	0.9472976	0.2854559	0.0261178
212	5	0.7529233	0.2542448	0.9081992
212	6	-0.1585125	0.5829955	0.3363034
212	9	0.7673506	0.2516506	0.8913913
212	10	0.7207258	0.2604642	0.9414487
212	11	0.7898883	0.2470638	0.8704287
213	1	0.9252773	0.2211358	0.7283916
213	2	-0.1695233	0.5846224	0.3526284
213	3	0.7981811	0.2453045	0.863425
213	4	0.8910637	0.3029567	0.01840642
213	5	0.7981811	0.2453045	0.863425
213	6	-0.1695233	0.5846224	0.3526284
213	8	0.7618914	0.2528735	0.8953605
213	9	0.7618914	0.2528735	0.8953605
213	10	0.6905146	0.2664492	0.9711684
213	11	0.9252773	0.2211358	0.7283916
214	1	1.207795	0.1761896	0.3412465
214	2	-0.1819735	0.5897529	0.3384767
214	3	1.222597	0.1791497	0.2682957
214	4	-0.09158726	0.4474291	1.482484
214	5	1.222597	0.1791497	0.2682957
214	6	-0.1819735	0.5897529	0.3384767
214	8	1.217135	0.1833609	0.2426587
214	9	1.217135	0.1833609	0.2426587
214	10	1.145774	0.2148387	0.1410200
214	11	1.207795	0.1761896	0.3412465
215	1	1.207795	0.1761896	0.3412465
215	2	-0.1819735	0.5897529	0.3384767
215	3	1.222597	0.1791497	0.2682957
215	4	-0.09158726	0.4474291	1.482484
215	5	1.222597	0.1791497	0.2682957
215	6	-0.1819735	0.5897529	0.3384767
215	8	1.217135	0.1833609	0.2426587
215	9	1.217135	0.1833609	0.2426587
215	10	1.145774	0.2148387	0.1410200
215	11	1.207795	0.1761896	0.3412465
216	1	1.207795	0.1761896	0.3412465
216	2	-0.1819735	0.5897529	0.3384767
216	3	1.222597	0.1791497	0.2682957
216	4	-0.09158726	0.4474291	1.482484
216	5	1.222597	0.1791497	0.2682957
216	6	-0.1819735	0.5897529	0.3384767
216	8	1.217135	0.1833609	0.2426587
216	9	1.217135	0.1833609	0.2426587
216	10	1.145774	0.2148387	0.1410200
216	11	1.207795	0.1761896	0.3412465
236	5	-0.1594404	0.5770665	0.3977911
236	8	1.222593	0.1636880	0.4215245
237	5	-0.1594404	0.5770665	0.3977911
237	8	1.222593	0.1636880	0.4215245
238	5	-0.1594404	0.5770665	0.3977911
238	8	1.222593	0.1636880	0.4215245
239	1	0.6999167	0.2646855	0.9609393
239	2	-0.1935735	0.5862077	0.4077913
239	3	0.7694997	0.2495498	0.9058755
239	4	1.239246	0.1657313	0.3522045
239	5	0.7694997	0.2495498	0.9058755
239	6	-0.1935735	0.5862077	0.4077913
239	8	0.779017	0.3369489	0.01174560
239	11	0.6999167	0.2646855	0.9609393
240	1	0.5148806	0.3055931	1.100839
240	2	-0.1851626	0.5861986	0.3830962
240	3	0.5269723	0.3022332	1.098502
240	4	0.884935	0.2232618	0.8262058
240	5	0.5269723	0.3022332	1.098502
240	6	-0.1851626	0.5861986	0.3830962
240	8	0.858679	0.312315	0.02110303
240	10	0.9095185	0.2955558	0.03736248
240	11	0.5148806	0.3055931	1.100839
241	1	0.6769374	0.2698167	0.977808
241	2	-0.2188116	0.5889194	0.455293
241	3	0.6717777	0.2703551	0.9876777
241	4	0.8268454	0.2324722	0.9061173
241	5	0.6717777	0.2703551	0.9876777
241	6	-0.2188116	0.5889194	0.455293
241	8	0.7607373	0.3423977	0.0116174
241	10	0.8001504	0.3295704	0.02258548
241	11	0.6769374	0.2698167	0.977808
242	1	0.6769374	0.2698167	0.977808
242	2	-0.2188116	0.5889194	0.455293
242	3	0.6717777	0.2703551	0.9876777
242	4	0.8268454	0.2324722	0.9061173
242	5	0.6717777	0.2703551	0.9876777
242	6	-0.2188116	0.5889194	0.455293
242	8	0.7607373	0.3423977	0.0116174
242	10	0.8001504	0.3295704	0.02258548
242	11	0.6769374	0.2698167	0.977808
243	1	0.6338703	0.2790418	1.013304
243	2	-0.2159303	0.5888353	0.4476357
243	3	0.6382015	0.2775811	1.015016
243	4	0.9095368	0.2159522	0.8261433
243	5	0.6382015	0.2775811	1.015016
243	6	-0.2159303	0.5888353	0.4476357
243	8	0.7668611	0.3405212	0.01216656
243	10	0.8062204	0.3276742	0.02348844
243	11	0.6338703	0.2790418	1.013304
244	1	0.7237384	0.2618229	0.9191075
244	2	-0.2594378	0.5913947	0.5504841
244	3	0.732001	0.2591504	0.921242
244	4	0.9965864	0.1984211	0.743345
244	5	0.732001	0.2591504	0.921242
244	6	-0.2594378	0.5913947	0.5504841
244	7	0.9965864	0.1984211	0.743345
244	8	0.6121986	0.3873145	0.004235751
244	10	0.621678	0.3838317	0.01081387
244	11	0.7237384	0.2618229	0.9191075
245	1	0.7656797	0.2518247	0.8945896
245	2	-0.2701951	0.5921821	0.574381
245	3	0.7732054	0.2498436	0.8920445
245	4	1.062045	0.1867327	0.6662737
245	5	0.7732054	0.2498436	0.8920445
245	6	-0.2701951	0.5921821	0.574381
245	7	1.062045	0.1867327	0.6662737
245	8	0.556628	0.4039510	0.003134369
245	10	0.5614901	0.4018605	0.009521994
245	11	0.7656797	0.2518247	0.8945896
246	1	0.7656797	0.2518247	0.8945896
246	2	-0.2701951	0.5921821	0.574381
246	3	0.7732054	0.2498436	0.8920445
246	4	1.062045	0.1867327	0.6662737
246	5	0.7732054	0.2498436	0.8920445
246	6	-0.2701951	0.5921821	0.574381
246	7	1.062045	0.1867327	0.6662737
246	8	0.556628	0.4039510	0.003134369
246	10	0.5614901	0.4018605	0.009521994
246	11	0.7656797	0.2518247	0.8945896
247	1	0.8690083	0.2271292	0.8348159
247	2	-0.2862384	0.5972026	0.5719079
247	3	0.8690083	0.2271292	0.8348159
247	4	0.6940562	0.2623947	1.000911
247	5	0.8690083	0.2271292	0.8348159
247	6	-0.2862384	0.5972026	0.5719079
247	7	0.6940562	0.2623947	1.000911
247	8	0.569882	0.3997216	0.005987931
247	9	0.569882	0.3997216	0.005987931
247	10	0.7262861	0.3519854	0.01813045
247	11	0.8690083	0.2271292	0.8348159
248	1	0.8690083	0.2271292	0.8348159
248	2	-0.2862384	0.5972026	0.5719079
248	3	0.8690083	0.2271292	0.8348159
248	4	0.6940562	0.2623947	1.000911
248	5	0.8690083	0.2271292	0.8348159
248	6	-0.2862384	0.5972026	0.5719079
248	7	0.6940562	0.2623947	1.000911
248	8	0.569882	0.3997216	0.005987931
248	9	0.569882	0.3997216	0.005987931
248	10	0.7262861	0.3519854	0.01813045
248	11	0.8690083	0.2271292	0.8348159
249	2	-0.1790973	0.5829461	0.3974536
249	6	-0.1790973	0.5829461	0.3974536
249	8	1.264230	0.1512342	0.4222395
249	9	1.264230	0.1512342	0.4222395
250	8	1.120904	0.1941041	0.4197782
250	9	1.120904	0.1941041	0.4197782
252	8	1.120904	0.1941041	0.4197782
252	9	1.120904	0.1941041	0.4197782
253	8	1.120904	0.1941041	0.4197782
253	9	1.120904	0.1941041	0.4197782
254	8	1.120904	0.1941041	0.4197782
254	9	1.120904	0.1941041	0.4197782
255	8	1.120904	0.1941041	0.4197782
255	9	1.120904	0.1941041	0.4197782
256	8	1.120904	0.1941041	0.4197782
256	9	1.120904	0.1941041	0.4197782
257	8	1.120904	0.1941041	0.4197782
257	9	1.120904	0.1941041	0.4197782
258	8	1.120904	0.1941041	0.4197782
258	9	1.120904	0.1941041	0.4197782
259	8	1.120904	0.1941041	0.4197782
259	9	1.120904	0.1941041	0.4197782
260	8	1.120904	0.1941041	0.4197782
260	9	1.120904	0.1941041	0.4197782
261	8	1.120904	0.1941041	0.4197782
261	9	1.120904	0.1941041	0.4197782
262	8	1.120904	0.1941041	0.4197782
262	9	1.120904	0.1941041	0.4197782
263	8	1.120904	0.1941041	0.4197782
263	9	1.120904	0.1941041	0.4197782
264	8	1.120904	0.1941041	0.4197782
264	9	1.120904	0.1941041	0.4197782
265	8	1.120904	0.1941041	0.4197782
265	9	1.120904	0.1941041	0.4197782
268	8	1.120904	0.1941041	0.4197782
268	9	1.120904	0.1941041	0.4197782
269	8	1.120904	0.1941041	0.4197782
269	9	1.120904	0.1941041	0.4197782
270	8	1.120904	0.1941041	0.4197782
270	9	1.120904	0.1941041	0.4197782
271	8	1.120904	0.1941041	0.4197782
271	9	1.120904	0.1941041	0.4197782
272	8	1.120904	0.1941041	0.4197782
272	9	1.120904	0.1941041	0.4197782
279	1	1.172246	0.1787472	0.4206598
279	2	-0.2215257	0.5956368	0.3967250
279	3	1.172246	0.1787472	0.4206598
279	4	1.172246	0.1787472	0.4206598
279	5	1.172246	0.1787472	0.4206598
279	6	-0.2215257	0.5956368	0.3967251
279	7	1.172246	0.1787472	0.4206598
279	8	1.172246	0.1787472	0.4206598
279	9	1.172246	0.1787472	0.4206598
279	10	1.172246	0.1787472	0.4206598
279	11	1.172246	0.1787472	0.4206598
280	1	1.172246	0.1787472	0.4206598
280	2	-0.2215257	0.5956368	0.3967250
280	3	1.172246	0.1787472	0.4206598
280	4	1.172246	0.1787472	0.4206598
280	5	1.172246	0.1787472	0.4206598
280	6	-0.2215257	0.5956368	0.3967251
280	7	1.172246	0.1787472	0.4206598
280	8	1.172246	0.1787472	0.4206598
280	9	1.172246	0.1787472	0.4206598
280	10	1.172246	0.1787472	0.4206598
280	11	1.172246	0.1787472	0.4206598
281	1	1.172246	0.1787472	0.4206598
281	2	-0.2215257	0.5956368	0.3967250
281	3	1.172246	0.1787472	0.4206598
281	4	1.172246	0.1787472	0.4206598
281	5	1.172246	0.1787472	0.4206598
281	6	-0.2215257	0.5956368	0.3967251
281	7	1.172246	0.1787472	0.4206598
281	8	1.172246	0.1787472	0.4206598
281	9	1.172246	0.1787472	0.4206598
281	10	1.172246	0.1787472	0.4206598
281	11	1.172246	0.1787472	0.4206598
282	1	1.172246	0.1787472	0.4206598
282	2	-0.2215257	0.5956368	0.3967250
282	3	1.172246	0.1787472	0.4206598
282	4	1.172246	0.1787472	0.4206598
282	5	1.172246	0.1787472	0.4206598
282	6	-0.2215257	0.5956368	0.3967251
282	7	1.172246	0.1787472	0.4206598
282	8	1.172246	0.1787472	0.4206598
282	9	1.172246	0.1787472	0.4206598
282	10	1.172246	0.1787472	0.4206598
282	11	1.172246	0.1787472	0.4206598
283	2	1.120904	0.1941041	0.4197782
283	6	1.120904	0.1941041	0.4197782
284	2	1.120904	0.1941041	0.4197782
284	6	1.120904	0.1941041	0.4197782
285	1	1.124754	0.1817219	0.5311356
285	2	-0.2239183	0.5962195	0.3980011
285	3	1.124754	0.1817219	0.5311356
285	5	1.124754	0.1817219	0.5311356
285	6	-0.2239183	0.5962195	0.3980011
285	8	1.215289	0.1868989	0.2130406
285	9	1.215289	0.1868989	0.2130406
285	10	1.124754	0.1817219	0.5311356
285	11	1.124754	0.1817219	0.5311356
286	1	1.254042	0.1636197	0.3295271
286	2	0.05739851	0.5456355	0.070264
286	3	1.254042	0.1636197	0.3295271
286	4	-0.3979971	0.5737064	1.134081
286	5	1.254042	0.1636197	0.3295271
286	6	0.05739851	0.5456355	0.070264
286	7	-0.3979971	0.5737064	1.134081
286	8	1.029979	0.1964175	0.6647966
286	9	1.029979	0.1964175	0.6647966
286	10	1.25222	0.1631144	0.3399024
286	11	1.254042	0.1636197	0.3295271
287	1	0.8615406	0.2250033	0.8778892
287	2	-0.3426374	0.5962603	0.7474452
287	3	0.8615406	0.2250033	0.8778892
287	4	0.3778265	0.4569602	0.004739557
287	6	-0.3426374	0.5962603	0.7474452
287	7	0.3778265	0.4569602	0.004739557
287	8	1.236438	0.1741921	0.2766343
287	9	1.236438	0.1741921	0.2766343
287	10	1.116503	0.1798050	0.5744455
287	11	0.8615406	0.2250033	0.8778892
288	1	0.9486704	0.2072598	0.7969595
288	2	-0.3552377	0.5938882	0.8080831
288	3	0.9486704	0.2072598	0.7969595
288	4	0.2782701	0.485321	0.01707630
288	6	-0.3552377	0.5938882	0.8080831
288	7	0.2782701	0.485321	0.01707630
288	8	1.232320	0.180366	0.2275911
288	9	1.232320	0.180366	0.2275911
288	10	1.173273	0.1708085	0.4963049
288	11	0.9486704	0.2072598	0.7969595
289	1	0.9486704	0.2072598	0.7969595
289	2	-0.3552377	0.5938882	0.8080831
289	3	0.9486704	0.2072598	0.7969595
289	4	0.2782701	0.485321	0.01707630
289	6	-0.3552377	0.5938882	0.8080831
289	7	0.2782701	0.485321	0.01707630
289	8	1.232320	0.180366	0.2275911
289	9	1.232320	0.180366	0.2275911
289	10	1.173273	0.1708085	0.4963049
289	11	0.9486704	0.2072598	0.7969595
290	2	1.357482	0.1341993	0.3162455
290	4	-0.2238107	0.4961884	1.388946
290	6	1.357482	0.1341993	0.3162455
290	7	-0.2238107	0.4961884	1.388946
290	8	-0.01078377	0.5562909	0.1655975
290	9	-0.01078377	0.5562909	0.1655975
290	10	0.1141945	0.5284678	0.07301914
291	1	0.3991502	0.3294392	1.205576
291	2	-0.199808	0.5909914	0.3787596
291	3	0.3996343	0.3293527	1.205007
291	4	0.5874729	0.2875470	1.065749
291	6	-0.199808	0.5909914	0.3787596
291	7	0.5874729	0.2875470	1.065749
291	8	0.9811297	0.2730284	0.04957025
291	9	0.9811297	0.2730284	0.04957025
291	10	0.8169216	0.3250830	0.01763081
291	11	0.3991502	0.3294392	1.205576
292	1	-0.1944180	0.5746854	0.5244612
292	2	0.007415699	0.5486345	0.1878379
292	3	-0.1859621	0.5744634	0.5017424
292	4	-0.1443108	0.5699369	0.4238572
292	6	0.007415699	0.5486345	0.1878379
292	7	-0.1443108	0.5699369	0.4238572
292	8	1.235855	0.1595465	0.4234835
292	9	1.235855	0.1595465	0.4234835
292	10	1.275457	0.1472030	0.4291011
292	11	-0.1944180	0.5746854	0.5244612
293	1	-0.1944180	0.5746854	0.5244612
293	2	0.007415699	0.5486345	0.1878379
293	3	-0.1859621	0.5744634	0.5017424
293	4	-0.1443108	0.5699369	0.4238572
293	6	0.007415699	0.5486345	0.1878379
293	7	-0.1443108	0.5699369	0.4238572
293	8	1.235855	0.1595465	0.4234835
293	9	1.235855	0.1595465	0.4234835
293	10	1.275457	0.1472030	0.4291011
293	11	-0.1944180	0.5746854	0.5244612
294	1	-0.2093128	0.5744079	0.5711035
294	2	-0.235013	0.5681531	0.708821
294	3	-0.1694967	0.5735943	0.4618332
294	4	-0.2369048	0.5683409	0.7125341
294	5	0.4967245	0.4215392	0.00536981
294	6	-0.235013	0.5681531	0.708821
294	7	-0.2369048	0.5683409	0.7125341
294	8	1.201274	0.1629314	0.4918453
294	9	1.201274	0.1629314	0.4918453
294	10	1.279318	0.1465155	0.4245372
294	11	-0.2093128	0.5744079	0.5711035
295	1	-0.1264271	0.570361	0.3669540
295	2	0.050508	0.5396723	0.1496622
295	3	-0.2512845	0.571536	0.7232472
295	5	-0.2512845	0.571536	0.7232472
295	6	0.050508	0.5396723	0.1496622
295	7	-0.09208679	0.5646822	0.3220323
295	8	1.234223	0.1594147	0.4295990
295	9	1.234223	0.1594147	0.4295990
295	10	1.277438	0.1467076	0.4281717
295	11	-0.1264271	0.570361	0.3669540
296	1	-0.1446300	0.5706239	0.41799
296	2	0.1417875	0.517829	0.09713152
296	3	-0.2584013	0.5463359	0.993941
296	5	-0.2584013	0.5463359	0.993941
296	6	0.1417875	0.517829	0.09713152
296	7	-0.05008753	0.5577666	0.2667970
296	8	1.252723	0.1550080	0.4187502
296	9	1.252723	0.1550080	0.4187502
296	11	-0.1446300	0.5706239	0.41799
297	1	-0.1446300	0.5706239	0.41799
297	2	0.1417875	0.517829	0.09713152
297	3	-0.2584013	0.5463359	0.993941
297	5	-0.2584013	0.5463359	0.993941
297	6	0.1417875	0.517829	0.09713152
297	7	-0.05008753	0.5577666	0.2667970
297	8	1.252723	0.1550080	0.4187502
297	9	1.252723	0.1550080	0.4187502
297	11	-0.1446300	0.5706239	0.41799
298	1	-0.1493845	0.5705741	0.4324946
298	2	0.1588141	0.5134384	0.09046541
298	3	-0.2520660	0.5391624	1.046358
298	4	-0.05161094	0.5577386	0.2715639
298	5	-0.2520660	0.5391624	1.046358
298	6	0.1588141	0.5134384	0.09046541
298	7	-0.05161094	0.5577386	0.2715639
298	8	1.256150	0.1539922	0.4187189
298	9	1.256150	0.1539922	0.4187189
298	11	-0.1493845	0.5705741	0.4324946
299	1	-0.1493845	0.5705741	0.4324946
299	2	0.1588141	0.5134384	0.09046541
299	3	-0.2520660	0.5391624	1.046358
299	4	-0.05161094	0.5577386	0.2715639
299	5	-0.2520660	0.5391624	1.046358
299	6	0.1588141	0.5134384	0.09046541
299	7	-0.05161094	0.5577386	0.2715639
299	8	1.256150	0.1539922	0.4187189
299	9	1.256150	0.1539922	0.4187189
299	11	-0.1493845	0.5705741	0.4324946
300	1	-0.1493845	0.5705741	0.4324946
300	2	0.1588141	0.5134384	0.09046541
300	3	-0.2520660	0.5391624	1.046358
300	4	-0.05161094	0.5577386	0.2715639
300	5	-0.2520660	0.5391624	1.046358
300	6	0.1588141	0.5134384	0.09046541
300	7	-0.05161094	0.5577386	0.2715639
300	8	1.256150	0.1539922	0.4187189
300	9	1.256150	0.1539922	0.4187189
300	11	-0.1493845	0.5705741	0.4324946
301	1	-0.09887024	0.5667643	0.3213895
301	2	-0.03873344	0.5560654	0.2501963
301	3	-0.2170617	0.5702786	0.6348585
301	4	-0.05523786	0.5588756	0.2709845
301	5	-0.2170617	0.5702786	0.6348585
301	6	-0.03873344	0.5560654	0.2501963
301	7	-0.05523786	0.5588756	0.2709845
301	8	0.8893642	0.2181664	0.8636474
301	9	0.8893642	0.2181664	0.8636474
301	10	1.219695	0.1966367	0.1035587
301	11	-0.09887024	0.5667643	0.3213895
302	1	-0.1488328	0.5720194	0.4165462
302	2	-0.1521504	0.56931	0.4531716
302	4	-0.1530100	0.5696622	0.4522145
302	5	-0.1448903	0.5713649	0.411414
302	6	-0.1521504	0.56931	0.4531716
302	7	-0.1530100	0.5696622	0.4522145
302	8	1.226691	0.1898433	0.1502618
302	9	1.226691	0.1898433	0.1502618
302	10	0.75269	0.2414002	1.036170
302	11	-0.1488328	0.5720194	0.4165462
303	2	-0.1894266	0.5723915	0.5324835
303	4	-0.1894266	0.5723915	0.5324835
303	6	-0.1894266	0.5723915	0.5324835
303	7	-0.1894266	0.5723915	0.5324835
303	8	0.9800746	0.2733989	0.04900822
303	10	1.054865	0.1822475	0.7318806
304	2	-0.1894266	0.5723915	0.5324835
304	4	-0.1894266	0.5723915	0.5324835
304	6	-0.1894266	0.5723915	0.5324835
304	7	-0.1894266	0.5723915	0.5324835
304	8	0.9800746	0.2733989	0.04900822
304	10	1.054865	0.1822475	0.7318806
305	2	-0.1894266	0.5723915	0.5324835
305	4	-0.1894266	0.5723915	0.5324835
305	6	-0.1894266	0.5723915	0.5324835
305	7	-0.1894266	0.5723915	0.5324835
305	8	0.9800746	0.2733989	0.04900822
305	10	1.054865	0.1822475	0.7318806
306	1	1.254435	0.1496372	0.4669293
306	2	-0.2674135	0.5798988	0.6879058
306	3	1.254435	0.1496372	0.4669293
306	4	-0.2674135	0.5798988	0.6879058
306	5	1.254435	0.1496372	0.4669293
306	6	-0.2674135	0.5798988	0.6879058
306	7	-0.2674135	0.5798988	0.6879058
306	8	0.1173598	0.5261546	0.08661359
306	9	-0.1485976	0.573053	0.4056114
306	10	0.3743999	0.4573140	0.01133206
306	11	1.254435	0.1496372	0.4669293
307	1	1.259233	0.1489969	0.4591347
307	2	-0.2966242	0.5758565	0.8140426
307	3	1.259233	0.1489969	0.4591347
307	4	-0.2966242	0.5758565	0.8140426
307	5	1.259233	0.1489969	0.4591347
307	6	-0.2966242	0.5758565	0.8140426
307	7	-0.2966242	0.5758565	0.8140426
307	8	0.1410915	0.5208137	0.0696058
307	9	0.1410915	0.5208137	0.0696058
307	10	0.2999523	0.4776432	0.02926568
307	11	1.259233	0.1489969	0.4591347
308	1	1.259233	0.1489969	0.4591347
308	2	-0.2966242	0.5758565	0.8140426
308	3	1.259233	0.1489969	0.4591347
308	4	-0.2966242	0.5758565	0.8140426
308	5	1.259233	0.1489969	0.4591347
308	6	-0.2966242	0.5758565	0.8140426
308	7	-0.2966242	0.5758565	0.8140426
308	8	0.1410915	0.5208137	0.0696058
308	9	0.1410915	0.5208137	0.0696058
308	10	0.2999523	0.4776432	0.02926568
308	11	1.259233	0.1489969	0.4591347
311	1	1.244483	0.1538707	0.4543029
311	2	-0.2959802	0.5751813	0.8188361
311	3	1.257553	0.1482204	0.47178
311	4	-0.2959802	0.5751813	0.8188361
311	5	1.257553	0.1482204	0.47178
311	6	-0.2959802	0.5751813	0.8188361
311	7	-0.2959802	0.5751813	0.8188361
311	8	0.1546480	0.5172404	0.06506593
311	9	0.1546480	0.5172404	0.06506593
311	10	0.3243945	0.4706736	0.02630274
311	11	1.244483	0.1538707	0.4543029
312	1	1.244483	0.1538707	0.4543029
312	2	-0.2959802	0.5751813	0.8188361
312	3	1.257553	0.1482204	0.47178
312	4	-0.2959802	0.5751813	0.8188361
312	5	1.257553	0.1482204	0.47178
312	6	-0.2959802	0.5751813	0.8188361
312	7	-0.2959802	0.5751813	0.8188361
312	8	0.1546480	0.5172404	0.06506593
312	9	0.1546480	0.5172404	0.06506593
312	10	0.3243945	0.4706736	0.02630274
312	11	1.244483	0.1538707	0.4543029
313	1	-0.1835576	0.5819296	0.4206704
313	3	-0.1998212	0.585476	0.4334539
313	4	0.852117	0.2256543	0.8992074
313	5	-0.1998212	0.585476	0.4334539
313	6	0.8538258	0.2253450	0.8972378
313	7	0.852117	0.2256543	0.8992074
313	8	1.179498	0.206861	0.1206957
313	9	1.179498	0.206861	0.1206957
313	10	0.986728	0.2709659	0.05351132
313	11	-0.1835576	0.5819296	0.4206704
314	1	-0.1835576	0.5819296	0.4206704
314	3	-0.1998212	0.585476	0.4334539
314	4	0.852117	0.2256543	0.8992074
314	5	-0.1998212	0.585476	0.4334539
314	6	0.8538258	0.2253450	0.8972378
314	7	0.852117	0.2256543	0.8992074
314	8	1.179498	0.206861	0.1206957
314	9	1.179498	0.206861	0.1206957
314	10	0.986728	0.2709659	0.05351132
314	11	-0.1835576	0.5819296	0.4206704
315	1	-0.1835576	0.5819296	0.4206704
315	3	-0.1998212	0.585476	0.4334539
315	4	0.852117	0.2256543	0.8992074
315	5	-0.1998212	0.585476	0.4334539
315	6	0.8538258	0.2253450	0.8972378
315	7	0.852117	0.2256543	0.8992074
315	8	1.179498	0.206861	0.1206957
315	9	1.179498	0.206861	0.1206957
315	10	0.986728	0.2709659	0.05351132
315	11	-0.1835576	0.5819296	0.4206704
316	1	-0.1835576	0.5819296	0.4206704
316	3	-0.1998212	0.585476	0.4334539
316	4	0.852117	0.2256543	0.8992074
316	5	-0.1998212	0.585476	0.4334539
316	6	0.8538258	0.2253450	0.8972378
316	7	0.852117	0.2256543	0.8992074
316	8	1.179498	0.206861	0.1206957
316	9	1.179498	0.206861	0.1206957
316	10	0.986728	0.2709659	0.05351132
316	11	-0.1835576	0.5819296	0.4206704
317	1	-0.1829778	0.5807682	0.4304707
317	3	-0.2037133	0.5845656	0.4539443
317	4	1.015813	0.1927662	0.7427232
317	5	-0.2037133	0.5845656	0.4539443
317	6	1.017070	0.1925667	0.7409979
317	7	1.015813	0.1927662	0.7427232
317	9	1.219061	0.1909887	0.1613947
317	10	0.9353825	0.2884753	0.03130888
317	11	-0.1829778	0.5807682	0.4304707
318	1	-0.1709403	0.5783359	0.4191007
318	3	-0.1893055	0.5820784	0.4361334
318	4	0.9618958	0.2014299	0.8157583
318	5	-0.1893055	0.5820784	0.4361334
318	7	0.9618958	0.2014299	0.8157583
318	9	1.276705	0.1629763	0.2691187
318	10	1.053071	0.2513074	0.0528153
318	11	-0.1709403	0.5783359	0.4191007
319	1	1.228912	0.1586313	0.4530128
319	4	-0.3091247	0.5767873	0.841656
319	5	1.243286	0.1527587	0.4688512
319	7	-0.3091247	0.5767873	0.841656
319	9	-0.05501756	0.5633218	0.2262754
319	10	0.2604149	0.4895787	0.02750049
319	11	1.228912	0.1586313	0.4530128
320	1	1.245408	0.1564539	0.4259786
320	4	-0.3301866	0.5674594	0.9961574
320	5	1.267117	0.1497997	0.4279465
320	7	-0.3301866	0.5674594	0.9961574
320	9	0.04183558	0.545324	0.1192128
320	10	0.1756741	0.5125765	0.04932302
320	11	1.245408	0.1564539	0.4259786
321	1	1.270674	0.1514017	0.4015895
321	4	-0.3217123	0.547344	1.170519
321	5	1.295516	0.1445713	0.3960683
321	7	-0.3217123	0.547344	1.170519
321	8	0.005689254	0.5524256	0.1553574
321	9	0.005689254	0.5524256	0.1553574
321	10	0.1472115	0.5195689	0.06390579
321	11	1.270674	0.1514017	0.4015895
322	1	1.270674	0.1514017	0.4015895
322	4	-0.3217123	0.547344	1.170519
322	5	1.295516	0.1445713	0.3960683
322	7	-0.3217123	0.547344	1.170519
322	8	0.005689254	0.5524256	0.1553574
322	9	0.005689254	0.5524256	0.1553574
322	10	0.1472115	0.5195689	0.06390579
322	11	1.270674	0.1514017	0.4015895
323	5	1.274725	0.1480948	0.4224197
323	7	-0.1839523	0.5843982	0.3973702
324	5	1.274725	0.1480948	0.4224197
324	7	-0.1839523	0.5843982	0.3973702
325	5	1.274725	0.1480948	0.4224197
325	7	-0.1839523	0.5843982	0.3973702
326	5	1.274725	0.1480948	0.4224197
326	7	-0.1839523	0.5843982	0.3973702
327	5	1.274725	0.1480948	0.4224197
327	7	-0.1839523	0.5843982	0.3973702
329	3	-0.1768449	0.5822705	0.3975109
329	5	-0.1532790	0.4807306	1.334279
329	6	0.1265363	0.5269776	0.05141682
329	7	-0.1343799	0.4743427	1.341887
329	8	1.270193	0.168597	0.2326083
329	9	1.270193	0.168597	0.2326083
329	10	1.269001	0.1688370	0.2337418
329	11	-0.2269719	0.5075042	1.286127
330	2	1.331601	0.1554379	0.1820496
330	3	0.5342512	0.2948762	1.149956
330	5	-0.2700921	0.5259619	1.230289
330	6	1.322521	0.1487320	0.2752589
330	7	-0.2742083	0.5288955	1.213348
330	8	0.07817746	0.536739	0.09719168
330	9	0.07817746	0.536739	0.09719168
330	10	0.07744177	0.5368597	0.0981637
330	11	-0.1624791	0.4842742	1.326274
331	2	1.246400	0.1472908	0.5138568
331	3	-0.3008973	0.548413	1.098588
331	5	-0.3008973	0.548413	1.098588
331	6	1.246400	0.1472908	0.5138568
331	7	-0.3006669	0.5484105	1.097933
331	8	0.4089661	0.4464965	0.01666651
331	9	0.4089661	0.4464965	0.01666651
331	10	0.4084711	0.4466052	0.01704795
331	11	-0.2818277	0.5639549	0.8883794
