1	1	1.120904	0.1941041	0.4197782
1	2	1.120904	0.1941041	0.4197782
1	3	1.120904	0.1941041	0.4197782
1	4	1.120904	0.1941041	0.4197782
2	1	1.120904	0.1941041	0.4197782
2	2	1.120904	0.1941041	0.4197782
2	3	1.120904	0.1941041	0.4197782
2	4	1.120904	0.1941041	0.4197782
3	1	1.120904	0.1941041	0.4197782
3	2	1.120904	0.1941041	0.4197782
3	3	1.120904	0.1941041	0.4197782
3	4	1.120904	0.1941041	0.4197782
4	1	1.120904	0.1941041	0.4197782
4	2	1.120904	0.1941041	0.4197782
4	3	1.120904	0.1941041	0.4197782
4	4	1.120904	0.1941041	0.4197782
5	1	0.8785452	0.2110613	0.9659373
5	2	0.8785452	0.2110613	0.9659373
5	3	0.02675701	0.5522597	0.09491808
5	4	0.02675701	0.5522597	0.09491808
6	2	1.016642	0.2661831	0.01275585
6	3	-0.3050297	0.5324687	1.268766
6	4	-0.3050297	0.5324687	1.268766
7	2	1.016642	0.2661831	0.01275585
7	3	-0.3050297	0.5324687	1.268766
7	4	-0.3050297	0.5324687	1.268766
8	2	1.016642	0.2661831	0.01275585
8	3	-0.3050297	0.5324687	1.268766
8	4	-0.3050297	0.5324687	1.268766
27	3	1.225542	0.1628059	0.4215751
27	4	-0.1608539	0.5774893	0.3977669
28	3	1.120904	0.1941041	0.4197782
28	4	1.120904	0.1941041	0.4197782
29	3	1.120904	0.1941041	0.4197782
29	4	1.120904	0.1941041	0.4197782
30	3	1.120904	0.1941041	0.4197782
30	4	1.120904	0.1941041	0.4197782
31	3	1.120904	0.1941041	0.4197782
31	4	1.120904	0.1941041	0.4197782
32	3	1.120904	0.1941041	0.4197782
32	4	1.120904	0.1941041	0.4197782
33	3	1.120904	0.1941041	0.4197782
33	4	1.120904	0.1941041	0.4197782
34	3	1.120904	0.1941041	0.4197782
34	4	1.120904	0.1941041	0.4197782
35	3	1.120904	0.1941041	0.4197782
35	4	1.120904	0.1941041	0.4197782
36	3	1.120904	0.1941041	0.4197782
36	4	1.120904	0.1941041	0.4197782
37	3	1.120904	0.1941041	0.4197782
37	4	1.120904	0.1941041	0.4197782
38	3	1.120904	0.1941041	0.4197782
38	4	1.120904	0.1941041	0.4197782
39	3	1.120904	0.1941041	0.4197782
39	4	1.120904	0.1941041	0.4197782
40	3	1.120904	0.1941041	0.4197782
40	4	1.120904	0.1941041	0.4197782
41	3	1.120904	0.1941041	0.4197782
41	4	1.120904	0.1941041	0.4197782
42	3	1.120904	0.1941041	0.4197782
42	4	1.120904	0.1941041	0.4197782
43	3	1.120904	0.1941041	0.4197782
43	4	1.120904	0.1941041	0.4197782
44	3	1.120904	0.1941041	0.4197782
44	4	1.120904	0.1941041	0.4197782
45	3	1.120904	0.1941041	0.4197782
45	4	1.120904	0.1941041	0.4197782
46	3	1.120904	0.1941041	0.4197782
46	4	1.120904	0.1941041	0.4197782
47	3	1.120904	0.1941041	0.4197782
47	4	1.120904	0.1941041	0.4197782
48	3	1.120904	0.1941041	0.4197782
48	4	1.120904	0.1941041	0.4197782
49	3	1.120904	0.1941041	0.4197782
49	4	1.120904	0.1941041	0.4197782
50	3	1.120904	0.1941041	0.4197782
50	4	1.120904	0.1941041	0.4197782
51	3	1.120904	0.1941041	0.4197782
51	4	1.120904	0.1941041	0.4197782
52	3	1.120904	0.1941041	0.4197782
52	4	1.120904	0.1941041	0.4197782
53	3	1.120904	0.1941041	0.4197782
53	4	1.120904	0.1941041	0.4197782
54	3	1.120904	0.1941041	0.4197782
54	4	1.120904	0.1941041	0.4197782
55	3	1.120904	0.1941041	0.4197782
55	4	1.120904	0.1941041	0.4197782
56	3	1.120904	0.1941041	0.4197782
56	4	1.120904	0.1941041	0.4197782
57	3	1.120904	0.1941041	0.4197782
57	4	1.120904	0.1941041	0.4197782
58	3	1.120904	0.1941041	0.4197782
58	4	1.120904	0.1941041	0.4197782
63	3	1.120904	0.1941041	0.4197782
63	4	1.120904	0.1941041	0.4197782
64	3	1.120904	0.1941041	0.4197782
64	4	1.120904	0.1941041	0.4197782
65	3	1.120904	0.1941041	0.4197782
65	4	1.120904	0.1941041	0.4197782
66	3	1.120904	0.1941041	0.4197782
66	4	1.120904	0.1941041	0.4197782
67	3	1.120904	0.1941041	0.4197782
67	4	1.120904	0.1941041	0.4197782
68	3	1.120904	0.1941041	0.4197782
68	4	1.120904	0.1941041	0.4197782
69	3	1.120904	0.1941041	0.4197782
69	4	1.120904	0.1941041	0.4197782
70	3	1.120904	0.1941041	0.4197782
70	4	1.120904	0.1941041	0.4197782
71	3	1.120904	0.1941041	0.4197782
71	4	1.120904	0.1941041	0.4197782
72	3	1.120904	0.1941041	0.4197782
72	4	1.120904	0.1941041	0.4197782
73	3	1.120904	0.1941041	0.4197782
73	4	1.120904	0.1941041	0.4197782
74	3	1.120904	0.1941041	0.4197782
74	4	1.120904	0.1941041	0.4197782
75	3	1.120904	0.1941041	0.4197782
75	4	1.120904	0.1941041	0.4197782
76	3	1.120904	0.1941041	0.4197782
76	4	1.120904	0.1941041	0.4197782
77	3	1.120904	0.1941041	0.4197782
77	4	1.120904	0.1941041	0.4197782
78	3	1.120904	0.1941041	0.4197782
78	4	1.120904	0.1941041	0.4197782
79	3	1.120904	0.1941041	0.4197782
79	4	1.120904	0.1941041	0.4197782
80	3	1.120904	0.1941041	0.4197782
80	4	1.120904	0.1941041	0.4197782
81	3	1.120904	0.1941041	0.4197782
81	4	1.120904	0.1941041	0.4197782
82	3	1.120904	0.1941041	0.4197782
82	4	1.120904	0.1941041	0.4197782
83	3	1.120904	0.1941041	0.4197782
83	4	1.120904	0.1941041	0.4197782
84	3	1.120904	0.1941041	0.4197782
84	4	1.120904	0.1941041	0.4197782
85	3	1.120904	0.1941041	0.4197782
85	4	1.120904	0.1941041	0.4197782
86	3	1.120904	0.1941041	0.4197782
86	4	1.120904	0.1941041	0.4197782
87	3	1.120904	0.1941041	0.4197782
87	4	1.120904	0.1941041	0.4197782
105	3	1.120904	0.1941041	0.4197782
105	4	1.120904	0.1941041	0.4197782
106	3	1.120904	0.1941041	0.4197782
106	4	1.120904	0.1941041	0.4197782
107	3	1.120904	0.1941041	0.4197782
107	4	1.120904	0.1941041	0.4197782
108	3	1.120904	0.1941041	0.4197782
108	4	1.120904	0.1941041	0.4197782
109	3	1.120904	0.1941041	0.4197782
109	4	1.120904	0.1941041	0.4197782
110	3	1.120904	0.1941041	0.4197782
110	4	1.120904	0.1941041	0.4197782
111	3	1.120904	0.1941041	0.4197782
111	4	1.120904	0.1941041	0.4197782
112	3	1.120904	0.1941041	0.4197782
112	4	1.120904	0.1941041	0.4197782
115	3	1.120904	0.1941041	0.4197782
115	4	1.120904	0.1941041	0.4197782
116	3	1.120904	0.1941041	0.4197782
116	4	1.120904	0.1941041	0.4197782
117	3	1.120904	0.1941041	0.4197782
117	4	1.120904	0.1941041	0.4197782
118	3	1.120904	0.1941041	0.4197782
118	4	1.120904	0.1941041	0.4197782
119	3	1.120904	0.1941041	0.4197782
119	4	1.120904	0.1941041	0.4197782
120	3	1.120904	0.1941041	0.4197782
120	4	1.120904	0.1941041	0.4197782
126	3	1.120904	0.1941041	0.4197782
126	4	1.120904	0.1941041	0.4197782
127	3	1.120904	0.1941041	0.4197782
127	4	1.120904	0.1941041	0.4197782
128	3	1.120904	0.1941041	0.4197782
128	4	1.120904	0.1941041	0.4197782
129	3	1.120904	0.1941041	0.4197782
129	4	1.120904	0.1941041	0.4197782
130	3	1.120904	0.1941041	0.4197782
130	4	1.120904	0.1941041	0.4197782
131	3	1.120904	0.1941041	0.4197782
131	4	1.120904	0.1941041	0.4197782
132	3	1.120904	0.1941041	0.4197782
132	4	1.120904	0.1941041	0.4197782
133	3	1.120904	0.1941041	0.4197782
133	4	1.120904	0.1941041	0.4197782
134	3	1.120904	0.1941041	0.4197782
134	4	1.120904	0.1941041	0.4197782
135	3	1.120904	0.1941041	0.4197782
135	4	1.120904	0.1941041	0.4197782
136	3	1.120904	0.1941041	0.4197782
136	4	1.120904	0.1941041	0.4197782
143	3	1.120904	0.1941041	0.4197782
143	4	1.120904	0.1941041	0.4197782
144	3	1.120904	0.1941041	0.4197782
144	4	1.120904	0.1941041	0.4197782
145	3	1.120904	0.1941041	0.4197782
145	4	1.120904	0.1941041	0.4197782
146	3	1.120904	0.1941041	0.4197782
146	4	1.120904	0.1941041	0.4197782
147	3	1.120904	0.1941041	0.4197782
147	4	1.120904	0.1941041	0.4197782
148	3	1.120904	0.1941041	0.4197782
148	4	1.120904	0.1941041	0.4197782
149	3	1.120904	0.1941041	0.4197782
149	4	1.120904	0.1941041	0.4197782
150	3	1.120904	0.1941041	0.4197782
150	4	1.120904	0.1941041	0.4197782
157	3	1.225542	0.1628059	0.4215751
157	4	-0.1608539	0.5774893	0.3977669
158	3	1.120904	0.1941041	0.4197782
158	4	1.120904	0.1941041	0.4197782
159	3	1.120904	0.1941041	0.4197782
159	4	1.120904	0.1941041	0.4197782
160	3	1.120904	0.1941041	0.4197782
160	4	1.120904	0.1941041	0.4197782
161	3	1.120904	0.1941041	0.4197782
161	4	1.120904	0.1941041	0.4197782
162	3	1.120904	0.1941041	0.4197782
162	4	1.120904	0.1941041	0.4197782
163	3	1.120904	0.1941041	0.4197782
163	4	1.120904	0.1941041	0.4197782
164	3	1.120904	0.1941041	0.4197782
164	4	1.120904	0.1941041	0.4197782
165	3	1.120904	0.1941041	0.4197782
165	4	1.120904	0.1941041	0.4197782
166	3	1.120904	0.1941041	0.4197782
166	4	1.120904	0.1941041	0.4197782
169	3	1.120904	0.1941041	0.4197782
169	4	1.120904	0.1941041	0.4197782
170	3	1.120904	0.1941041	0.4197782
170	4	1.120904	0.1941041	0.4197782
171	3	1.120904	0.1941041	0.4197782
171	4	1.120904	0.1941041	0.4197782
172	3	1.120904	0.1941041	0.4197782
172	4	1.120904	0.1941041	0.4197782
173	3	1.120904	0.1941041	0.4197782
173	4	1.120904	0.1941041	0.4197782
174	3	1.120904	0.1941041	0.4197782
174	4	1.120904	0.1941041	0.4197782
175	3	1.120904	0.1941041	0.4197782
175	4	1.120904	0.1941041	0.4197782
176	3	1.120904	0.1941041	0.4197782
176	4	1.120904	0.1941041	0.4197782
177	3	1.120904	0.1941041	0.4197782
177	4	1.120904	0.1941041	0.4197782
179	3	1.225542	0.1628059	0.4215751
179	4	-0.1608539	0.5774893	0.3977669
180	3	1.120904	0.1941041	0.4197782
180	4	1.120904	0.1941041	0.4197782
181	3	1.120904	0.1941041	0.4197782
181	4	1.120904	0.1941041	0.4197782
182	3	1.120904	0.1941041	0.4197782
182	4	1.120904	0.1941041	0.4197782
183	3	1.120904	0.1941041	0.4197782
183	4	1.120904	0.1941041	0.4197782
184	3	1.120904	0.1941041	0.4197782
184	4	1.120904	0.1941041	0.4197782
185	3	1.120904	0.1941041	0.4197782
185	4	1.120904	0.1941041	0.4197782
186	3	1.120904	0.1941041	0.4197782
186	4	1.120904	0.1941041	0.4197782
187	3	1.120904	0.1941041	0.4197782
187	4	1.120904	0.1941041	0.4197782
188	3	1.120904	0.1941041	0.4197782
188	4	1.120904	0.1941041	0.4197782
190	3	1.225542	0.1628059	0.4215751
190	4	-0.1608539	0.5774893	0.3977669
191	3	1.120904	0.1941041	0.4197782
191	4	1.120904	0.1941041	0.4197782
192	3	1.120904	0.1941041	0.4197782
192	4	1.120904	0.1941041	0.4197782
193	3	1.120904	0.1941041	0.4197782
193	4	1.120904	0.1941041	0.4197782
194	3	1.120904	0.1941041	0.4197782
194	4	1.120904	0.1941041	0.4197782
198	3	1.120904	0.1941041	0.4197782
198	4	1.120904	0.1941041	0.4197782
199	3	1.120904	0.1941041	0.4197782
199	4	1.120904	0.1941041	0.4197782
200	3	1.120904	0.1941041	0.4197782
200	4	1.120904	0.1941041	0.4197782
201	3	1.120904	0.1941041	0.4197782
201	4	1.120904	0.1941041	0.4197782
202	3	1.120904	0.1941041	0.4197782
202	4	1.120904	0.1941041	0.4197782
203	3	1.120904	0.1941041	0.4197782
203	4	1.120904	0.1941041	0.4197782
204	3	1.120904	0.1941041	0.4197782
204	4	1.120904	0.1941041	0.4197782
205	3	1.120904	0.1941041	0.4197782
205	4	1.120904	0.1941041	0.4197782
206	3	1.120904	0.1941041	0.4197782
206	4	1.120904	0.1941041	0.4197782
207	3	1.120904	0.1941041	0.4197782
207	4	1.120904	0.1941041	0.4197782
208	3	1.120904	0.1941041	0.4197782
208	4	1.120904	0.1941041	0.4197782
210	3	1.120904	0.1941041	0.4197782
210	4	1.120904	0.1941041	0.4197782
211	3	1.120904	0.1941041	0.4197782
211	4	1.120904	0.1941041	0.4197782
212	3	1.120904	0.1941041	0.4197782
212	4	1.120904	0.1941041	0.4197782
213	3	1.120904	0.1941041	0.4197782
213	4	1.120904	0.1941041	0.4197782
214	3	1.120904	0.1941041	0.4197782
214	4	1.120904	0.1941041	0.4197782
215	3	1.120904	0.1941041	0.4197782
215	4	1.120904	0.1941041	0.4197782
216	3	1.120904	0.1941041	0.4197782
216	4	1.120904	0.1941041	0.4197782
217	3	1.120904	0.1941041	0.4197782
217	4	1.120904	0.1941041	0.4197782
218	3	1.120904	0.1941041	0.4197782
218	4	1.120904	0.1941041	0.4197782
219	3	1.120904	0.1941041	0.4197782
219	4	1.120904	0.1941041	0.4197782
220	3	1.120904	0.1941041	0.4197782
220	4	1.120904	0.1941041	0.4197782
221	3	1.120904	0.1941041	0.4197782
221	4	1.120904	0.1941041	0.4197782
232	3	1.120904	0.1941041	0.4197782
232	4	1.120904	0.1941041	0.4197782
233	3	1.120904	0.1941041	0.4197782
233	4	1.120904	0.1941041	0.4197782
234	3	1.120904	0.1941041	0.4197782
234	4	1.120904	0.1941041	0.4197782
235	3	1.120904	0.1941041	0.4197782
235	4	1.120904	0.1941041	0.4197782
236	3	1.120904	0.1941041	0.4197782
236	4	1.120904	0.1941041	0.4197782
246	3	1.120904	0.1941041	0.4197782
246	4	1.120904	0.1941041	0.4197782
247	3	1.120904	0.1941041	0.4197782
247	4	1.120904	0.1941041	0.4197782
248	3	1.120904	0.1941041	0.4197782
248	4	1.120904	0.1941041	0.4197782
249	3	1.120904	0.1941041	0.4197782
249	4	1.120904	0.1941041	0.4197782
250	3	1.120904	0.1941041	0.4197782
250	4	1.120904	0.1941041	0.4197782
251	3	1.120904	0.1941041	0.4197782
251	4	1.120904	0.1941041	0.4197782
252	3	1.120904	0.1941041	0.4197782
252	4	1.120904	0.1941041	0.4197782
253	3	1.120904	0.1941041	0.4197782
253	4	1.120904	0.1941041	0.4197782
254	3	1.120904	0.1941041	0.4197782
254	4	1.120904	0.1941041	0.4197782
255	3	1.120904	0.1941041	0.4197782
255	4	1.120904	0.1941041	0.4197782
256	3	1.120904	0.1941041	0.4197782
256	4	1.120904	0.1941041	0.4197782
257	3	1.120904	0.1941041	0.4197782
257	4	1.120904	0.1941041	0.4197782
258	3	1.120904	0.1941041	0.4197782
258	4	1.120904	0.1941041	0.4197782
263	3	1.120904	0.1941041	0.4197782
263	4	1.120904	0.1941041	0.4197782
264	3	1.120904	0.1941041	0.4197782
264	4	1.120904	0.1941041	0.4197782
265	3	1.120904	0.1941041	0.4197782
265	4	1.120904	0.1941041	0.4197782
266	3	1.120904	0.1941041	0.4197782
266	4	1.120904	0.1941041	0.4197782
267	3	1.120904	0.1941041	0.4197782
267	4	1.120904	0.1941041	0.4197782
271	3	1.120904	0.1941041	0.4197782
271	4	1.120904	0.1941041	0.4197782
272	3	1.120904	0.1941041	0.4197782
272	4	1.120904	0.1941041	0.4197782
273	3	1.120904	0.1941041	0.4197782
273	4	1.120904	0.1941041	0.4197782
274	3	1.120904	0.1941041	0.4197782
274	4	1.120904	0.1941041	0.4197782
275	3	1.120904	0.1941041	0.4197782
275	4	1.120904	0.1941041	0.4197782
276	3	1.120904	0.1941041	0.4197782
276	4	1.120904	0.1941041	0.4197782
277	3	1.120904	0.1941041	0.4197782
277	4	1.120904	0.1941041	0.4197782
280	3	1.120904	0.1941041	0.4197782
280	4	1.120904	0.1941041	0.4197782
281	3	1.120904	0.1941041	0.4197782
281	4	1.120904	0.1941041	0.4197782
282	3	1.120904	0.1941041	0.4197782
282	4	1.120904	0.1941041	0.4197782
283	3	1.120904	0.1941041	0.4197782
283	4	1.120904	0.1941041	0.4197782
284	3	1.120904	0.1941041	0.4197782
284	4	1.120904	0.1941041	0.4197782
285	3	1.120904	0.1941041	0.4197782
285	4	1.120904	0.1941041	0.4197782
286	3	1.120904	0.1941041	0.4197782
286	4	1.120904	0.1941041	0.4197782
287	3	1.120904	0.1941041	0.4197782
287	4	1.120904	0.1941041	0.4197782
288	3	1.120904	0.1941041	0.4197782
288	4	1.120904	0.1941041	0.4197782
289	3	1.120904	0.1941041	0.4197782
289	4	1.120904	0.1941041	0.4197782
290	3	1.120904	0.1941041	0.4197782
290	4	1.120904	0.1941041	0.4197782
291	3	1.120904	0.1941041	0.4197782
291	4	1.120904	0.1941041	0.4197782
292	3	1.120904	0.1941041	0.4197782
292	4	1.120904	0.1941041	0.4197782
293	3	1.120904	0.1941041	0.4197782
293	4	1.120904	0.1941041	0.4197782
294	3	1.120904	0.1941041	0.4197782
294	4	1.120904	0.1941041	0.4197782
295	3	1.120904	0.1941041	0.4197782
295	4	1.120904	0.1941041	0.4197782
296	3	1.120904	0.1941041	0.4197782
296	4	1.120904	0.1941041	0.4197782
297	3	1.120904	0.1941041	0.4197782
297	4	1.120904	0.1941041	0.4197782
298	3	1.120904	0.1941041	0.4197782
298	4	1.120904	0.1941041	0.4197782
299	3	1.120904	0.1941041	0.4197782
299	4	1.120904	0.1941041	0.4197782
300	3	1.120904	0.1941041	0.4197782
300	4	1.120904	0.1941041	0.4197782
301	3	1.120904	0.1941041	0.4197782
301	4	1.120904	0.1941041	0.4197782
302	3	1.120904	0.1941041	0.4197782
302	4	1.120904	0.1941041	0.4197782
303	3	1.120904	0.1941041	0.4197782
303	4	1.120904	0.1941041	0.4197782
304	3	1.120904	0.1941041	0.4197782
304	4	1.120904	0.1941041	0.4197782
305	3	1.120904	0.1941041	0.4197782
305	4	1.120904	0.1941041	0.4197782
306	3	1.120904	0.1941041	0.4197782
306	4	1.120904	0.1941041	0.4197782
314	3	1.120904	0.1941041	0.4197782
314	4	1.120904	0.1941041	0.4197782
315	3	1.120904	0.1941041	0.4197782
315	4	1.120904	0.1941041	0.4197782
316	3	1.120904	0.1941041	0.4197782
316	4	1.120904	0.1941041	0.4197782
317	3	1.120904	0.1941041	0.4197782
317	4	1.120904	0.1941041	0.4197782
318	3	1.120904	0.1941041	0.4197782
318	4	1.120904	0.1941041	0.4197782
319	3	1.120904	0.1941041	0.4197782
319	4	1.120904	0.1941041	0.4197782
320	3	1.120904	0.1941041	0.4197782
320	4	1.120904	0.1941041	0.4197782
321	3	1.120904	0.1941041	0.4197782
321	4	1.120904	0.1941041	0.4197782
322	3	1.120904	0.1941041	0.4197782
322	4	1.120904	0.1941041	0.4197782
323	3	1.120904	0.1941041	0.4197782
323	4	1.120904	0.1941041	0.4197782
324	3	1.120904	0.1941041	0.4197782
324	4	1.120904	0.1941041	0.4197782
325	3	1.120904	0.1941041	0.4197782
325	4	1.120904	0.1941041	0.4197782
326	3	1.120904	0.1941041	0.4197782
326	4	1.120904	0.1941041	0.4197782
327	3	1.120904	0.1941041	0.4197782
327	4	1.120904	0.1941041	0.4197782
328	3	1.120904	0.1941041	0.4197782
328	4	1.120904	0.1941041	0.4197782
329	3	1.120904	0.1941041	0.4197782
329	4	1.120904	0.1941041	0.4197782
331	3	1.120904	0.1941041	0.4197782
331	4	1.120904	0.1941041	0.4197782
332	3	1.120904	0.1941041	0.4197782
332	4	1.120904	0.1941041	0.4197782
333	3	1.120904	0.1941041	0.4197782
333	4	1.120904	0.1941041	0.4197782
334	3	1.120904	0.1941041	0.4197782
334	4	1.120904	0.1941041	0.4197782
335	3	1.120904	0.1941041	0.4197782
335	4	1.120904	0.1941041	0.4197782
336	3	1.120904	0.1941041	0.4197782
336	4	1.120904	0.1941041	0.4197782
337	3	1.120904	0.1941041	0.4197782
337	4	1.120904	0.1941041	0.4197782
342	3	1.120904	0.1941041	0.4197782
342	4	1.120904	0.1941041	0.4197782
343	3	1.120904	0.1941041	0.4197782
343	4	1.120904	0.1941041	0.4197782
344	3	1.120904	0.1941041	0.4197782
344	4	1.120904	0.1941041	0.4197782
345	3	1.120904	0.1941041	0.4197782
345	4	1.120904	0.1941041	0.4197782
346	3	1.120904	0.1941041	0.4197782
346	4	1.120904	0.1941041	0.4197782
347	3	1.120904	0.1941041	0.4197782
347	4	1.120904	0.1941041	0.4197782
348	3	1.120904	0.1941041	0.4197782
348	4	1.120904	0.1941041	0.4197782
349	3	1.120904	0.1941041	0.4197782
349	4	1.120904	0.1941041	0.4197782
350	3	1.120904	0.1941041	0.4197782
350	4	1.120904	0.1941041	0.4197782
351	3	1.120904	0.1941041	0.4197782
351	4	1.120904	0.1941041	0.4197782
352	3	1.120904	0.1941041	0.4197782
352	4	1.120904	0.1941041	0.4197782
353	3	1.120904	0.1941041	0.4197782
353	4	1.120904	0.1941041	0.4197782
354	3	1.120904	0.1941041	0.4197782
354	4	1.120904	0.1941041	0.4197782
360	3	1.120904	0.1941041	0.4197782
360	4	1.120904	0.1941041	0.4197782
361	3	1.120904	0.1941041	0.4197782
361	4	1.120904	0.1941041	0.4197782
362	3	1.120904	0.1941041	0.4197782
362	4	1.120904	0.1941041	0.4197782
363	3	1.120904	0.1941041	0.4197782
363	4	1.120904	0.1941041	0.4197782
364	3	1.120904	0.1941041	0.4197782
364	4	1.120904	0.1941041	0.4197782
365	3	1.120904	0.1941041	0.4197782
365	4	1.120904	0.1941041	0.4197782
366	3	1.120904	0.1941041	0.4197782
366	4	1.120904	0.1941041	0.4197782
367	3	1.120904	0.1941041	0.4197782
367	4	1.120904	0.1941041	0.4197782
368	3	1.120904	0.1941041	0.4197782
368	4	1.120904	0.1941041	0.4197782
369	3	1.120904	0.1941041	0.4197782
369	4	1.120904	0.1941041	0.4197782
370	3	1.120904	0.1941041	0.4197782
370	4	1.120904	0.1941041	0.4197782
371	3	1.120904	0.1941041	0.4197782
371	4	1.120904	0.1941041	0.4197782
372	3	1.120904	0.1941041	0.4197782
372	4	1.120904	0.1941041	0.4197782
373	3	1.120904	0.1941041	0.4197782
373	4	1.120904	0.1941041	0.4197782
374	3	1.120904	0.1941041	0.4197782
374	4	1.120904	0.1941041	0.4197782
375	3	1.120904	0.1941041	0.4197782
375	4	1.120904	0.1941041	0.4197782
383	3	1.225542	0.1628059	0.4215751
383	4	-0.1608539	0.5774893	0.3977669
384	3	1.120904	0.1941041	0.4197782
384	4	1.120904	0.1941041	0.4197782
385	3	1.120904	0.1941041	0.4197782
385	4	1.120904	0.1941041	0.4197782
386	3	1.120904	0.1941041	0.4197782
386	4	1.120904	0.1941041	0.4197782
387	3	1.120904	0.1941041	0.4197782
387	4	1.120904	0.1941041	0.4197782
388	3	1.120904	0.1941041	0.4197782
388	4	1.120904	0.1941041	0.4197782
389	3	1.120904	0.1941041	0.4197782
389	4	1.120904	0.1941041	0.4197782
390	3	1.120904	0.1941041	0.4197782
390	4	1.120904	0.1941041	0.4197782
391	3	1.120904	0.1941041	0.4197782
391	4	1.120904	0.1941041	0.4197782
392	3	1.120904	0.1941041	0.4197782
392	4	1.120904	0.1941041	0.4197782
393	3	1.120904	0.1941041	0.4197782
393	4	1.120904	0.1941041	0.4197782
394	3	1.120904	0.1941041	0.4197782
394	4	1.120904	0.1941041	0.4197782
395	3	1.120904	0.1941041	0.4197782
395	4	1.120904	0.1941041	0.4197782
396	3	1.120904	0.1941041	0.4197782
396	4	1.120904	0.1941041	0.4197782
397	3	1.120904	0.1941041	0.4197782
397	4	1.120904	0.1941041	0.4197782
398	3	1.120904	0.1941041	0.4197782
398	4	1.120904	0.1941041	0.4197782
399	3	1.120904	0.1941041	0.4197782
399	4	1.120904	0.1941041	0.4197782
400	3	1.120904	0.1941041	0.4197782
400	4	1.120904	0.1941041	0.4197782
401	3	1.120904	0.1941041	0.4197782
401	4	1.120904	0.1941041	0.4197782
416	3	1.120904	0.1941041	0.4197782
416	4	1.120904	0.1941041	0.4197782
417	3	1.120904	0.1941041	0.4197782
417	4	1.120904	0.1941041	0.4197782
418	3	1.120904	0.1941041	0.4197782
418	4	1.120904	0.1941041	0.4197782
419	3	1.120904	0.1941041	0.4197782
419	4	1.120904	0.1941041	0.4197782
420	3	1.120904	0.1941041	0.4197782
420	4	1.120904	0.1941041	0.4197782
421	3	1.120904	0.1941041	0.4197782
421	4	1.120904	0.1941041	0.4197782
422	3	1.120904	0.1941041	0.4197782
422	4	1.120904	0.1941041	0.4197782
423	3	1.120904	0.1941041	0.4197782
423	4	1.120904	0.1941041	0.4197782
424	3	1.120904	0.1941041	0.4197782
424	4	1.120904	0.1941041	0.4197782
426	3	1.225542	0.1628059	0.4215751
426	4	-0.1608539	0.5774893	0.3977669
427	3	1.120904	0.1941041	0.4197782
427	4	1.120904	0.1941041	0.4197782
428	3	1.120904	0.1941041	0.4197782
428	4	1.120904	0.1941041	0.4197782
429	3	1.120904	0.1941041	0.4197782
429	4	1.120904	0.1941041	0.4197782
430	3	1.120904	0.1941041	0.4197782
430	4	1.120904	0.1941041	0.4197782
431	3	1.120904	0.1941041	0.4197782
431	4	1.120904	0.1941041	0.4197782
432	3	1.120904	0.1941041	0.4197782
432	4	1.120904	0.1941041	0.4197782
433	3	1.120904	0.1941041	0.4197782
433	4	1.120904	0.1941041	0.4197782
434	3	1.120904	0.1941041	0.4197782
434	4	1.120904	0.1941041	0.4197782
435	3	1.120904	0.1941041	0.4197782
435	4	1.120904	0.1941041	0.4197782
436	3	1.120904	0.1941041	0.4197782
436	4	1.120904	0.1941041	0.4197782
437	3	1.120904	0.1941041	0.4197782
437	4	1.120904	0.1941041	0.4197782
438	2	1.016642	0.2661831	0.01275585
438	3	-0.3050297	0.5324687	1.268766
438	4	-0.3050297	0.5324687	1.268766
439	2	1.016642	0.2661831	0.01275585
439	3	-0.3050297	0.5324687	1.268766
439	4	-0.3050297	0.5324687	1.268766
440	2	1.333824	0.1304178	0.4234346
440	3	-0.2105659	0.5923586	0.3969132
441	2	1.333824	0.1304178	0.4234346
441	3	-0.2105659	0.5923586	0.3969132
442	2	1.016642	0.2661831	0.01275585
442	3	-0.3050297	0.5324687	1.268766
442	4	-0.3050297	0.5324687	1.268766
443	2	1.016642	0.2661831	0.01275585
443	3	-0.3050297	0.5324687	1.268766
443	4	-0.3050297	0.5324687	1.268766
444	2	1.016642	0.2661831	0.01275585
444	3	-0.3050297	0.5324687	1.268766
444	4	-0.3050297	0.5324687	1.268766
445	2	1.016642	0.2661831	0.01275585
445	3	-0.3050297	0.5324687	1.268766
445	4	-0.3050297	0.5324687	1.268766
446	2	1.016642	0.2661831	0.01275585
446	3	-0.3050297	0.5324687	1.268766
446	4	-0.3050297	0.5324687	1.268766
447	2	1.016642	0.2661831	0.01275585
447	3	-0.3050297	0.5324687	1.268766
447	4	-0.3050297	0.5324687	1.268766
448	1	0.8785452	0.2110613	0.9659373
448	2	0.8785452	0.2110613	0.9659373
448	3	0.02675701	0.5522597	0.09491808
448	4	0.02675701	0.5522597	0.09491808
449	3	1.120904	0.1941041	0.4197782
449	4	1.120904	0.1941041	0.4197782
450	3	1.120904	0.1941041	0.4197782
450	4	1.120904	0.1941041	0.4197782
451	3	1.120904	0.1941041	0.4197782
451	4	1.120904	0.1941041	0.4197782
452	3	1.120904	0.1941041	0.4197782
452	4	1.120904	0.1941041	0.4197782
453	1	0.8785452	0.2110613	0.9659373
453	2	0.8785452	0.2110613	0.9659373
453	3	0.02675701	0.5522597	0.09491808
453	4	0.02675701	0.5522597	0.09491808
454	1	0.8785452	0.2110613	0.9659373
454	2	0.8785452	0.2110613	0.9659373
454	3	0.02675701	0.5522597	0.09491808
454	4	0.02675701	0.5522597	0.09491808
455	1	1.120904	0.1941041	0.4197782
455	2	1.120904	0.1941041	0.4197782
455	3	1.120904	0.1941041	0.4197782
455	4	1.120904	0.1941041	0.4197782
456	1	1.120904	0.1941041	0.4197782
456	2	1.120904	0.1941041	0.4197782
456	3	1.120904	0.1941041	0.4197782
456	4	1.120904	0.1941041	0.4197782
457	1	1.120904	0.1941041	0.4197782
457	2	1.120904	0.1941041	0.4197782
457	3	1.120904	0.1941041	0.4197782
457	4	1.120904	0.1941041	0.4197782
458	1	1.120904	0.1941041	0.4197782
458	2	1.120904	0.1941041	0.4197782
458	3	1.120904	0.1941041	0.4197782
458	4	1.120904	0.1941041	0.4197782
459	1	1.120904	0.1941041	0.4197782
459	2	1.120904	0.1941041	0.4197782
459	3	1.120904	0.1941041	0.4197782
459	4	1.120904	0.1941041	0.4197782
460	1	1.120904	0.1941041	0.4197782
460	2	1.120904	0.1941041	0.4197782
460	3	1.120904	0.1941041	0.4197782
460	4	1.120904	0.1941041	0.4197782
461	1	1.120904	0.1941041	0.4197782
461	2	1.120904	0.1941041	0.4197782
461	3	1.120904	0.1941041	0.4197782
461	4	1.120904	0.1941041	0.4197782
462	1	1.120904	0.1941041	0.4197782
462	3	1.120904	0.1941041	0.4197782
462	4	1.120904	0.1941041	0.4197782
463	1	1.120904	0.1941041	0.4197782
463	2	1.120904	0.1941041	0.4197782
463	3	1.120904	0.1941041	0.4197782
463	4	1.120904	0.1941041	0.4197782
464	1	1.120904	0.1941041	0.4197782
464	2	1.120904	0.1941041	0.4197782
464	3	1.120904	0.1941041	0.4197782
464	4	1.120904	0.1941041	0.4197782
465	1	1.120904	0.1941041	0.4197782
465	2	1.120904	0.1941041	0.4197782
465	3	1.120904	0.1941041	0.4197782
465	4	1.120904	0.1941041	0.4197782
466	1	1.120904	0.1941041	0.4197782
466	2	1.120904	0.1941041	0.4197782
466	3	1.120904	0.1941041	0.4197782
466	4	1.120904	0.1941041	0.4197782
470	1	1.120904	0.1941041	0.4197782
470	2	1.120904	0.1941041	0.4197782
470	3	1.120904	0.1941041	0.4197782
470	4	1.120904	0.1941041	0.4197782
471	1	1.120904	0.1941041	0.4197782
471	2	1.120904	0.1941041	0.4197782
471	3	1.120904	0.1941041	0.4197782
471	4	1.120904	0.1941041	0.4197782
472	1	1.120904	0.1941041	0.4197782
472	2	1.120904	0.1941041	0.4197782
472	3	1.120904	0.1941041	0.4197782
472	4	1.120904	0.1941041	0.4197782
473	1	1.120904	0.1941041	0.4197782
473	2	1.120904	0.1941041	0.4197782
473	3	1.120904	0.1941041	0.4197782
473	4	1.120904	0.1941041	0.4197782
474	1	1.120904	0.1941041	0.4197782
474	2	1.120904	0.1941041	0.4197782
474	3	1.120904	0.1941041	0.4197782
474	4	1.120904	0.1941041	0.4197782
475	1	1.120904	0.1941041	0.4197782
475	2	1.120904	0.1941041	0.4197782
475	3	1.120904	0.1941041	0.4197782
475	4	1.120904	0.1941041	0.4197782
476	1	1.120904	0.1941041	0.4197782
476	2	1.120904	0.1941041	0.4197782
476	3	1.120904	0.1941041	0.4197782
476	4	1.120904	0.1941041	0.4197782
477	1	1.120904	0.1941041	0.4197782
477	2	1.120904	0.1941041	0.4197782
477	3	1.120904	0.1941041	0.4197782
477	4	1.120904	0.1941041	0.4197782
478	1	1.120904	0.1941041	0.4197782
478	2	1.120904	0.1941041	0.4197782
478	3	1.120904	0.1941041	0.4197782
478	4	1.120904	0.1941041	0.4197782
479	1	1.120904	0.1941041	0.4197782
479	2	1.120904	0.1941041	0.4197782
479	3	1.120904	0.1941041	0.4197782
479	4	1.120904	0.1941041	0.4197782
480	1	1.120904	0.1941041	0.4197782
480	2	1.120904	0.1941041	0.4197782
480	3	1.120904	0.1941041	0.4197782
480	4	1.120904	0.1941041	0.4197782
481	1	1.120904	0.1941041	0.4197782
481	2	1.120904	0.1941041	0.4197782
481	3	1.120904	0.1941041	0.4197782
481	4	1.120904	0.1941041	0.4197782
482	1	1.120904	0.1941041	0.4197782
482	2	1.120904	0.1941041	0.4197782
482	3	1.120904	0.1941041	0.4197782
482	4	1.120904	0.1941041	0.4197782
483	1	1.120904	0.1941041	0.4197782
483	2	1.120904	0.1941041	0.4197782
483	3	1.120904	0.1941041	0.4197782
483	4	1.120904	0.1941041	0.4197782
484	1	1.120904	0.1941041	0.4197782
484	2	1.120904	0.1941041	0.4197782
484	3	1.120904	0.1941041	0.4197782
485	1	1.035371	0.1987856	0.6254414
485	2	1.035371	0.1987856	0.6254414
485	3	1.035371	0.1987856	0.6254414
485	4	-0.08173518	0.5715998	0.2229776
486	1	1.035371	0.1987856	0.6254414
486	2	1.035371	0.1987856	0.6254414
486	3	1.035371	0.1987856	0.6254414
486	4	-0.08173518	0.5715998	0.2229776
487	1	1.215970	0.1667003	0.4111915
487	2	1.215970	0.1667003	0.4111915
487	3	0.151842	0.5186629	0.05923932
487	4	-0.3326138	0.5561656	1.115227
488	1	0.827371	0.2332367	0.8969928
488	2	0.827371	0.2332367	0.8969928
488	3	0.06077278	0.5398997	0.1171604
488	4	0.06077278	0.5398997	0.1171604
489	1	0.9851948	0.272346	0.04435335
489	3	-0.2575941	0.5298992	1.154442
489	4	-0.2575940	0.5298992	1.154442
490	1	0.827371	0.2332367	0.8969928
490	2	0.827371	0.2332367	0.8969928
490	3	0.06077278	0.5398997	0.1171604
490	4	0.06077278	0.5398997	0.1171604
491	1	0.827371	0.2332367	0.8969928
491	2	0.827371	0.2332367	0.8969928
491	3	0.06077278	0.5398997	0.1171604
491	4	0.06077278	0.5398997	0.1171604
492	1	0.827371	0.2332367	0.8969928
492	2	0.827371	0.2332367	0.8969928
492	3	0.06077278	0.5398997	0.1171604
492	4	0.06077278	0.5398997	0.1171604
493	1	0.827371	0.2332367	0.8969928
493	2	0.827371	0.2332367	0.8969928
493	3	0.06077278	0.5398997	0.1171604
493	4	0.06077278	0.5398997	0.1171604
494	1	0.827371	0.2332367	0.8969928
494	2	0.827371	0.2332367	0.8969928
494	3	0.06077278	0.5398997	0.1171604
494	4	0.06077278	0.5398997	0.1171604
495	1	0.9851948	0.272346	0.04435335
495	3	-0.2575941	0.5298992	1.154442
495	4	-0.2575940	0.5298992	1.154442
496	1	0.9851948	0.272346	0.04435335
496	3	-0.2575941	0.5298992	1.154442
496	4	-0.2575940	0.5298992	1.154442
497	1	0.9851948	0.272346	0.04435335
497	3	-0.2575941	0.5298992	1.154442
497	4	-0.2575940	0.5298992	1.154442
498	1	0.9851948	0.272346	0.04435335
498	3	-0.2575941	0.5298992	1.154442
498	4	-0.2575940	0.5298992	1.154442
499	1	0.9851948	0.272346	0.04435335
499	3	-0.2575941	0.5298992	1.154442
499	4	-0.2575940	0.5298992	1.154442
500	1	1.120904	0.1941041	0.4197782
500	2	1.120904	0.1941041	0.4197782
500	4	1.120904	0.1941041	0.4197782
501	1	1.120904	0.1941041	0.4197782
501	2	1.120904	0.1941041	0.4197782
501	4	1.120904	0.1941041	0.4197782
502	1	1.120904	0.1941041	0.4197782
502	2	1.120904	0.1941041	0.4197782
502	4	1.120904	0.1941041	0.4197782
503	1	1.120904	0.1941041	0.4197782
503	2	1.120904	0.1941041	0.4197782
503	3	1.120904	0.1941041	0.4197782
503	4	1.120904	0.1941041	0.4197782
504	1	1.120904	0.1941041	0.4197782
504	2	1.120904	0.1941041	0.4197782
504	3	1.120904	0.1941041	0.4197782
504	4	1.120904	0.1941041	0.4197782
505	1	1.120904	0.1941041	0.4197782
505	2	1.120904	0.1941041	0.4197782
505	3	1.120904	0.1941041	0.4197782
505	4	1.120904	0.1941041	0.4197782
506	1	1.120904	0.1941041	0.4197782
506	2	1.120904	0.1941041	0.4197782
506	3	1.120904	0.1941041	0.4197782
506	4	1.120904	0.1941041	0.4197782
507	1	1.120904	0.1941041	0.4197782
507	2	1.120904	0.1941041	0.4197782
507	3	1.120904	0.1941041	0.4197782
507	4	1.120904	0.1941041	0.4197782
508	2	1.120904	0.1941041	0.4197782
508	3	1.120904	0.1941041	0.4197782
508	4	1.120904	0.1941041	0.4197782
509	2	1.120904	0.1941041	0.4197782
509	3	1.120904	0.1941041	0.4197782
509	4	1.120904	0.1941041	0.4197782
510	2	1.120904	0.1941041	0.4197782
510	3	1.120904	0.1941041	0.4197782
510	4	1.120904	0.1941041	0.4197782
511	2	1.120904	0.1941041	0.4197782
511	3	1.120904	0.1941041	0.4197782
511	4	1.120904	0.1941041	0.4197782
512	2	1.120904	0.1941041	0.4197782
512	3	1.120904	0.1941041	0.4197782
512	4	1.120904	0.1941041	0.4197782
513	2	1.120904	0.1941041	0.4197782
513	4	1.120904	0.1941041	0.4197782
514	2	1.120904	0.1941041	0.4197782
514	3	1.120904	0.1941041	0.4197782
514	4	1.120904	0.1941041	0.4197782
515	2	1.120904	0.1941041	0.4197782
515	3	1.120904	0.1941041	0.4197782
515	4	1.120904	0.1941041	0.4197782
516	2	1.120904	0.1941041	0.4197782
516	3	1.120904	0.1941041	0.4197782
516	4	1.120904	0.1941041	0.4197782
524	1	1.120904	0.1941041	0.4197782
524	2	1.120904	0.1941041	0.4197782
524	3	1.120904	0.1941041	0.4197782
524	4	1.120904	0.1941041	0.4197782
525	1	1.120904	0.1941041	0.4197782
525	2	1.120904	0.1941041	0.4197782
525	3	1.120904	0.1941041	0.4197782
525	4	1.120904	0.1941041	0.4197782
526	1	1.120904	0.1941041	0.4197782
526	2	1.120904	0.1941041	0.4197782
526	3	1.120904	0.1941041	0.4197782
526	4	1.120904	0.1941041	0.4197782
527	1	1.120904	0.1941041	0.4197782
527	2	1.120904	0.1941041	0.4197782
527	3	1.120904	0.1941041	0.4197782
527	4	1.120904	0.1941041	0.4197782
528	1	1.120904	0.1941041	0.4197782
528	2	1.120904	0.1941041	0.4197782
528	3	1.120904	0.1941041	0.4197782
528	4	1.120904	0.1941041	0.4197782
529	1	1.120904	0.1941041	0.4197782
529	2	1.120904	0.1941041	0.4197782
529	3	1.120904	0.1941041	0.4197782
529	4	1.120904	0.1941041	0.4197782
530	1	1.120904	0.1941041	0.4197782
530	2	1.120904	0.1941041	0.4197782
530	3	1.120904	0.1941041	0.4197782
530	4	1.120904	0.1941041	0.4197782
531	1	1.120904	0.1941041	0.4197782
531	2	1.120904	0.1941041	0.4197782
531	3	1.120904	0.1941041	0.4197782
531	4	1.120904	0.1941041	0.4197782
532	1	1.120904	0.1941041	0.4197782
532	2	1.120904	0.1941041	0.4197782
532	3	1.120904	0.1941041	0.4197782
532	4	1.120904	0.1941041	0.4197782
533	1	1.120904	0.1941041	0.4197782
533	2	1.120904	0.1941041	0.4197782
533	3	1.120904	0.1941041	0.4197782
533	4	1.120904	0.1941041	0.4197782
534	1	1.120904	0.1941041	0.4197782
534	2	1.120904	0.1941041	0.4197782
534	3	1.120904	0.1941041	0.4197782
534	4	1.120904	0.1941041	0.4197782
535	1	1.120904	0.1941041	0.4197782
535	3	1.120904	0.1941041	0.4197782
535	4	1.120904	0.1941041	0.4197782
536	1	1.120904	0.1941041	0.4197782
536	3	1.120904	0.1941041	0.4197782
536	4	1.120904	0.1941041	0.4197782
537	1	1.120904	0.1941041	0.4197782
537	3	1.120904	0.1941041	0.4197782
537	4	1.120904	0.1941041	0.4197782
538	1	1.120904	0.1941041	0.4197782
538	2	1.120904	0.1941041	0.4197782
538	3	1.120904	0.1941041	0.4197782
538	4	1.120904	0.1941041	0.4197782
539	1	1.120904	0.1941041	0.4197782
539	2	1.120904	0.1941041	0.4197782
539	3	1.120904	0.1941041	0.4197782
539	4	1.120904	0.1941041	0.4197782
540	1	1.120904	0.1941041	0.4197782
540	2	1.120904	0.1941041	0.4197782
540	3	1.120904	0.1941041	0.4197782
540	4	1.120904	0.1941041	0.4197782
541	1	1.120904	0.1941041	0.4197782
541	2	1.120904	0.1941041	0.4197782
541	3	1.120904	0.1941041	0.4197782
541	4	1.120904	0.1941041	0.4197782
548	3	1.120904	0.1941041	0.4197782
548	4	1.120904	0.1941041	0.4197782
549	3	1.120904	0.1941041	0.4197782
549	4	1.120904	0.1941041	0.4197782
550	3	1.120904	0.1941041	0.4197782
550	4	1.120904	0.1941041	0.4197782
551	3	1.120904	0.1941041	0.4197782
551	4	1.120904	0.1941041	0.4197782
552	3	1.120904	0.1941041	0.4197782
552	4	1.120904	0.1941041	0.4197782
553	3	1.120904	0.1941041	0.4197782
553	4	1.120904	0.1941041	0.4197782
562	1	1.120904	0.1941041	0.4197782
562	2	1.120904	0.1941041	0.4197782
562	3	1.120904	0.1941041	0.4197782
562	4	1.120904	0.1941041	0.4197782
563	1	1.120904	0.1941041	0.4197782
563	3	1.120904	0.1941041	0.4197782
563	4	1.120904	0.1941041	0.4197782
564	1	1.120904	0.1941041	0.4197782
564	3	1.120904	0.1941041	0.4197782
564	4	1.120904	0.1941041	0.4197782
565	1	1.120904	0.1941041	0.4197782
565	2	1.120904	0.1941041	0.4197782
565	3	1.120904	0.1941041	0.4197782
565	4	1.120904	0.1941041	0.4197782
566	1	1.120904	0.1941041	0.4197782
566	2	1.120904	0.1941041	0.4197782
566	3	1.120904	0.1941041	0.4197782
566	4	1.120904	0.1941041	0.4197782
567	1	1.120904	0.1941041	0.4197782
567	2	1.120904	0.1941041	0.4197782
567	3	1.120904	0.1941041	0.4197782
567	4	1.120904	0.1941041	0.4197782
568	1	1.120904	0.1941041	0.4197782
568	2	1.120904	0.1941041	0.4197782
568	3	1.120904	0.1941041	0.4197782
568	4	1.120904	0.1941041	0.4197782
569	1	1.120904	0.1941041	0.4197782
569	2	1.120904	0.1941041	0.4197782
569	3	1.120904	0.1941041	0.4197782
569	4	1.120904	0.1941041	0.4197782
570	1	1.120904	0.1941041	0.4197782
570	2	1.120904	0.1941041	0.4197782
570	3	1.120904	0.1941041	0.4197782
570	4	1.120904	0.1941041	0.4197782
571	1	1.120904	0.1941041	0.4197782
571	2	1.120904	0.1941041	0.4197782
571	3	1.120904	0.1941041	0.4197782
571	4	1.120904	0.1941041	0.4197782
572	1	1.120904	0.1941041	0.4197782
572	3	1.120904	0.1941041	0.4197782
572	4	1.120904	0.1941041	0.4197782
573	1	1.120904	0.1941041	0.4197782
573	3	1.120904	0.1941041	0.4197782
573	4	1.120904	0.1941041	0.4197782
574	1	1.120904	0.1941041	0.4197782
574	3	1.120904	0.1941041	0.4197782
574	4	1.120904	0.1941041	0.4197782
575	1	1.120904	0.1941041	0.4197782
575	3	1.120904	0.1941041	0.4197782
575	4	1.120904	0.1941041	0.4197782
576	1	1.120904	0.1941041	0.4197782
576	3	1.120904	0.1941041	0.4197782
576	4	1.120904	0.1941041	0.4197782
577	1	1.120904	0.1941041	0.4197782
577	3	1.120904	0.1941041	0.4197782
577	4	1.120904	0.1941041	0.4197782
578	1	1.120904	0.1941041	0.4197782
578	2	1.120904	0.1941041	0.4197782
578	3	1.120904	0.1941041	0.4197782
578	4	1.120904	0.1941041	0.4197782
579	1	1.120904	0.1941041	0.4197782
579	2	1.120904	0.1941041	0.4197782
579	3	1.120904	0.1941041	0.4197782
580	1	1.120904	0.1941041	0.4197782
580	2	1.120904	0.1941041	0.4197782
580	3	1.120904	0.1941041	0.4197782
581	1	1.120904	0.1941041	0.4197782
581	2	1.120904	0.1941041	0.4197782
582	1	1.120904	0.1941041	0.4197782
582	2	1.120904	0.1941041	0.4197782
583	1	1.120904	0.1941041	0.4197782
583	2	1.120904	0.1941041	0.4197782
584	1	1.120904	0.1941041	0.4197782
584	2	1.120904	0.1941041	0.4197782
585	1	1.120904	0.1941041	0.4197782
585	2	1.120904	0.1941041	0.4197782
585	3	1.120904	0.1941041	0.4197782
586	1	1.120904	0.1941041	0.4197782
586	2	1.120904	0.1941041	0.4197782
586	3	1.120904	0.1941041	0.4197782
587	1	1.035371	0.1987856	0.6254414
587	2	1.035371	0.1987856	0.6254414
587	3	1.035371	0.1987856	0.6254414
587	4	-0.08173518	0.5715998	0.2229776
588	1	1.120904	0.1941041	0.4197782
588	2	1.120904	0.1941041	0.4197782
588	3	1.120904	0.1941041	0.4197782
588	4	1.120904	0.1941041	0.4197782
589	2	1.120904	0.1941041	0.4197782
589	3	1.120904	0.1941041	0.4197782
589	4	1.120904	0.1941041	0.4197782
590	2	1.120904	0.1941041	0.4197782
590	3	1.120904	0.1941041	0.4197782
590	4	1.120904	0.1941041	0.4197782
591	1	0.4053622	0.4484192	0.008233083
591	2	0.1910656	0.3852211	1.265999
591	3	0.1910656	0.3852211	1.265999
591	4	0.1910656	0.3852211	1.265999
