1	1	1.120904	0.1941041	0.4197782
1	2	1.120904	0.1941041	0.4197782
1	3	1.120904	0.1941041	0.4197782
1	4	1.120904	0.1941041	0.4197782
1	5	1.120904	0.1941041	0.4197782
1	6	1.120904	0.1941041	0.4197782
1	7	1.120904	0.1941041	0.4197782
1	8	1.120904	0.1941041	0.4197782
1	9	1.120904	0.1941041	0.4197782
2	1	1.120904	0.1941041	0.4197782
2	2	1.120904	0.1941041	0.4197782
2	3	1.120904	0.1941041	0.4197782
2	4	1.120904	0.1941041	0.4197782
2	5	1.120904	0.1941041	0.4197782
2	6	1.120904	0.1941041	0.4197782
2	7	1.120904	0.1941041	0.4197782
2	8	1.120904	0.1941041	0.4197782
2	9	1.120904	0.1941041	0.4197782
3	6	1.146725	0.1863807	0.4202216
3	9	-0.1219187	0.5658434	0.3984355
58	6	1.279224	0.1467493	0.422497
58	9	-0.1860212	0.585017	0.3973347
59	6	1.279224	0.1467493	0.422497
59	9	-0.1860212	0.585017	0.3973347
60	6	1.279224	0.1467493	0.422497
60	9	-0.1860212	0.585017	0.3973347
61	6	1.146725	0.1863807	0.4202216
61	9	-0.1219187	0.5658434	0.3984355
62	6	1.146725	0.1863807	0.4202216
62	9	-0.1219187	0.5658434	0.3984355
63	4	1.243335	0.1574841	0.4218806
63	6	-0.1263157	0.5671586	0.3983601
63	9	-0.1523252	0.5749383	0.3979134
64	4	-0.1175039	0.5645229	0.3985114
64	6	-0.1175039	0.5645229	0.3985113
64	9	1.155383	0.1837913	0.4203703
65	4	-0.1175039	0.5645229	0.3985114
65	6	-0.1175039	0.5645229	0.3985113
65	9	1.155383	0.1837913	0.4203703
66	4	-0.1175039	0.5645229	0.3985114
66	6	-0.1175039	0.5645229	0.3985113
66	9	1.155383	0.1837913	0.4203703
67	2	1.217948	0.1650774	0.4214442
67	4	-0.1771050	0.5823501	0.3974883
67	5	1.244609	0.1571028	0.421902
67	6	-0.1771050	0.5823501	0.3974883
67	7	1.244609	0.1571028	0.421902
67	8	1.244609	0.1571028	0.421902
67	9	-0.2018712	0.5897579	0.3970631
68	2	1.177135	0.1772851	0.4207437
68	4	-0.1587284	0.5768535	0.3978036
68	6	-0.1587284	0.5768535	0.3978036
68	7	1.256745	0.1534728	0.4221108
68	8	1.283739	0.1453989	0.4225743
68	9	-0.1839479	0.5843969	0.3973705
69	2	1.177135	0.1772851	0.4207437
69	4	-0.1587284	0.5768535	0.3978036
69	6	-0.1587284	0.5768535	0.3978036
69	7	1.256745	0.1534728	0.4221108
69	8	1.283739	0.1453989	0.4225743
69	9	-0.1839479	0.5843969	0.3973705
70	1	-0.2159583	0.5078419	1.250325
70	2	-0.1764404	0.5711859	0.5061622
70	3	-0.1764404	0.5711859	0.5061622
70	4	1.251362	0.1594417	0.3788254
70	6	1.251362	0.1594417	0.3788254
70	7	-0.1173666	0.5746045	0.2982026
70	8	-0.1176873	0.5768149	0.2772436
70	9	1.314785	0.1431131	0.3537375
71	1	1.120904	0.1941041	0.4197782
71	2	1.120904	0.1941041	0.4197782
71	3	1.120904	0.1941041	0.4197782
71	4	1.120904	0.1941041	0.4197782
71	5	1.120904	0.1941041	0.4197782
71	6	1.120904	0.1941041	0.4197782
71	7	1.120904	0.1941041	0.4197782
71	8	1.120904	0.1941041	0.4197782
71	9	1.120904	0.1941041	0.4197782
72	1	1.120904	0.1941041	0.4197782
72	2	1.120904	0.1941041	0.4197782
72	3	1.120904	0.1941041	0.4197782
72	4	1.120904	0.1941041	0.4197782
72	5	1.120904	0.1941041	0.4197782
72	6	1.120904	0.1941041	0.4197782
72	7	1.120904	0.1941041	0.4197782
72	8	1.120904	0.1941041	0.4197782
72	9	1.120904	0.1941041	0.4197782
73	1	1.120904	0.1941041	0.4197782
73	2	1.120904	0.1941041	0.4197782
73	3	1.120904	0.1941041	0.4197782
73	4	1.120904	0.1941041	0.4197782
73	5	1.120904	0.1941041	0.4197782
73	6	1.120904	0.1941041	0.4197782
73	7	1.120904	0.1941041	0.4197782
73	8	1.120904	0.1941041	0.4197782
73	9	1.120904	0.1941041	0.4197782
74	1	1.120904	0.1941041	0.4197782
74	2	1.120904	0.1941041	0.4197782
74	3	1.120904	0.1941041	0.4197782
74	4	1.120904	0.1941041	0.4197782
74	5	1.120904	0.1941041	0.4197782
74	6	1.120904	0.1941041	0.4197782
74	7	1.120904	0.1941041	0.4197782
74	8	1.120904	0.1941041	0.4197782
74	9	1.120904	0.1941041	0.4197782
75	1	1.120904	0.1941041	0.4197782
75	2	1.120904	0.1941041	0.4197782
75	3	1.120904	0.1941041	0.4197782
75	4	1.120904	0.1941041	0.4197782
75	5	1.120904	0.1941041	0.4197782
75	6	1.120904	0.1941041	0.4197782
75	7	1.120904	0.1941041	0.4197782
75	8	1.120904	0.1941041	0.4197782
75	9	1.120904	0.1941041	0.4197782
76	1	1.120904	0.1941041	0.4197782
76	2	1.120904	0.1941041	0.4197782
76	3	1.120904	0.1941041	0.4197782
76	4	1.120904	0.1941041	0.4197782
76	5	1.120904	0.1941041	0.4197782
76	6	1.120904	0.1941041	0.4197782
76	7	1.120904	0.1941041	0.4197782
76	8	1.120904	0.1941041	0.4197782
76	9	1.120904	0.1941041	0.4197782
77	1	1.120904	0.1941041	0.4197782
77	2	1.120904	0.1941041	0.4197782
77	3	1.120904	0.1941041	0.4197782
77	4	1.120904	0.1941041	0.4197782
77	5	1.120904	0.1941041	0.4197782
77	6	1.120904	0.1941041	0.4197782
77	7	1.120904	0.1941041	0.4197782
77	8	1.120904	0.1941041	0.4197782
77	9	1.120904	0.1941041	0.4197782
78	1	1.120904	0.1941041	0.4197782
78	2	1.120904	0.1941041	0.4197782
78	3	1.120904	0.1941041	0.4197782
78	4	1.120904	0.1941041	0.4197782
78	5	1.120904	0.1941041	0.4197782
78	6	1.120904	0.1941041	0.4197782
78	7	1.120904	0.1941041	0.4197782
78	8	1.120904	0.1941041	0.4197782
78	9	1.120904	0.1941041	0.4197782
79	1	1.120904	0.1941041	0.4197782
79	2	1.120904	0.1941041	0.4197782
79	3	1.120904	0.1941041	0.4197782
79	4	1.120904	0.1941041	0.4197782
79	5	1.120904	0.1941041	0.4197782
79	6	1.120904	0.1941041	0.4197782
79	7	1.120904	0.1941041	0.4197782
79	8	1.120904	0.1941041	0.4197782
79	9	1.120904	0.1941041	0.4197782
80	1	1.120904	0.1941041	0.4197782
80	2	1.120904	0.1941041	0.4197782
80	3	1.120904	0.1941041	0.4197782
80	4	1.120904	0.1941041	0.4197782
80	5	1.120904	0.1941041	0.4197782
80	6	1.120904	0.1941041	0.4197782
80	7	1.120904	0.1941041	0.4197782
80	8	1.120904	0.1941041	0.4197782
80	9	1.120904	0.1941041	0.4197782
81	1	1.120904	0.1941041	0.4197782
81	2	1.120904	0.1941041	0.4197782
81	3	1.120904	0.1941041	0.4197782
81	4	1.120904	0.1941041	0.4197782
81	5	1.120904	0.1941041	0.4197782
81	6	1.120904	0.1941041	0.4197782
81	7	1.120904	0.1941041	0.4197782
81	8	1.120904	0.1941041	0.4197782
81	9	1.120904	0.1941041	0.4197782
82	1	1.120904	0.1941041	0.4197782
82	2	1.120904	0.1941041	0.4197782
82	3	1.120904	0.1941041	0.4197782
82	4	1.120904	0.1941041	0.4197782
82	5	1.120904	0.1941041	0.4197782
82	6	1.120904	0.1941041	0.4197782
82	7	1.120904	0.1941041	0.4197782
82	8	1.120904	0.1941041	0.4197782
82	9	1.120904	0.1941041	0.4197782
83	1	1.120904	0.1941041	0.4197782
83	2	1.120904	0.1941041	0.4197782
83	3	1.120904	0.1941041	0.4197782
83	4	1.120904	0.1941041	0.4197782
83	5	1.120904	0.1941041	0.4197782
83	6	1.120904	0.1941041	0.4197782
83	7	1.120904	0.1941041	0.4197782
83	8	1.120904	0.1941041	0.4197782
83	9	1.120904	0.1941041	0.4197782
84	1	1.120904	0.1941041	0.4197782
84	2	1.120904	0.1941041	0.4197782
84	3	1.120904	0.1941041	0.4197782
84	4	1.120904	0.1941041	0.4197782
84	5	1.120904	0.1941041	0.4197782
84	6	1.120904	0.1941041	0.4197782
84	7	1.120904	0.1941041	0.4197782
84	8	1.120904	0.1941041	0.4197782
84	9	1.120904	0.1941041	0.4197782
85	1	1.120904	0.1941041	0.4197782
85	2	1.120904	0.1941041	0.4197782
85	3	1.120904	0.1941041	0.4197782
85	4	1.120904	0.1941041	0.4197782
85	5	1.120904	0.1941041	0.4197782
85	6	1.120904	0.1941041	0.4197782
85	7	1.120904	0.1941041	0.4197782
85	8	1.120904	0.1941041	0.4197782
85	9	1.120904	0.1941041	0.4197782
86	1	1.120904	0.1941041	0.4197782
86	2	1.120904	0.1941041	0.4197782
86	3	1.120904	0.1941041	0.4197782
86	4	1.120904	0.1941041	0.4197782
86	5	1.120904	0.1941041	0.4197782
86	6	1.120904	0.1941041	0.4197782
86	7	1.120904	0.1941041	0.4197782
86	8	1.120904	0.1941041	0.4197782
86	9	1.120904	0.1941041	0.4197782
87	1	1.120904	0.1941041	0.4197782
87	2	1.120904	0.1941041	0.4197782
87	3	1.120904	0.1941041	0.4197782
87	4	1.120904	0.1941041	0.4197782
87	5	1.120904	0.1941041	0.4197782
87	6	1.120904	0.1941041	0.4197782
87	7	1.120904	0.1941041	0.4197782
87	8	1.120904	0.1941041	0.4197782
87	9	1.120904	0.1941041	0.4197782
88	1	1.120904	0.1941041	0.4197782
88	2	1.120904	0.1941041	0.4197782
88	3	1.120904	0.1941041	0.4197782
88	4	1.120904	0.1941041	0.4197782
88	5	1.120904	0.1941041	0.4197782
88	6	1.120904	0.1941041	0.4197782
88	7	1.120904	0.1941041	0.4197782
88	8	1.120904	0.1941041	0.4197782
88	9	1.120904	0.1941041	0.4197782
89	2	1.120904	0.1941041	0.4197782
89	3	1.120904	0.1941041	0.4197782
89	4	1.120904	0.1941041	0.4197782
89	5	1.120904	0.1941041	0.4197782
89	6	1.120904	0.1941041	0.4197782
89	7	1.120904	0.1941041	0.4197782
89	8	1.120904	0.1941041	0.4197782
89	9	1.120904	0.1941041	0.4197782
90	1	1.120904	0.1941041	0.4197782
90	2	1.120904	0.1941041	0.4197782
90	3	1.120904	0.1941041	0.4197782
90	4	1.120904	0.1941041	0.4197782
90	5	1.120904	0.1941041	0.4197782
90	6	1.120904	0.1941041	0.4197782
90	7	1.120904	0.1941041	0.4197782
90	8	1.120904	0.1941041	0.4197782
90	9	1.120904	0.1941041	0.4197782
91	1	1.120904	0.1941041	0.4197782
91	2	1.120904	0.1941041	0.4197782
91	3	1.120904	0.1941041	0.4197782
91	4	1.120904	0.1941041	0.4197782
91	5	1.120904	0.1941041	0.4197782
91	6	1.120904	0.1941041	0.4197782
91	7	1.120904	0.1941041	0.4197782
91	8	1.120904	0.1941041	0.4197782
91	9	1.120904	0.1941041	0.4197782
92	1	1.120904	0.1941041	0.4197782
92	2	1.120904	0.1941041	0.4197782
92	3	1.120904	0.1941041	0.4197782
92	4	1.120904	0.1941041	0.4197782
92	5	1.120904	0.1941041	0.4197782
92	6	1.120904	0.1941041	0.4197782
92	7	1.120904	0.1941041	0.4197782
92	8	1.120904	0.1941041	0.4197782
92	9	1.120904	0.1941041	0.4197782
93	1	1.120904	0.1941041	0.4197782
93	2	1.120904	0.1941041	0.4197782
93	3	1.120904	0.1941041	0.4197782
93	4	1.120904	0.1941041	0.4197782
93	5	1.120904	0.1941041	0.4197782
93	6	1.120904	0.1941041	0.4197782
93	7	1.120904	0.1941041	0.4197782
93	8	1.120904	0.1941041	0.4197782
93	9	1.120904	0.1941041	0.4197782
94	1	1.120904	0.1941041	0.4197782
94	2	1.120904	0.1941041	0.4197782
94	3	1.120904	0.1941041	0.4197782
94	4	1.120904	0.1941041	0.4197782
94	5	1.120904	0.1941041	0.4197782
94	6	1.120904	0.1941041	0.4197782
94	7	1.120904	0.1941041	0.4197782
94	8	1.120904	0.1941041	0.4197782
94	9	1.120904	0.1941041	0.4197782
95	1	1.120904	0.1941041	0.4197782
95	2	1.120904	0.1941041	0.4197782
95	3	1.120904	0.1941041	0.4197782
95	4	1.120904	0.1941041	0.4197782
95	5	1.120904	0.1941041	0.4197782
95	6	1.120904	0.1941041	0.4197782
95	7	1.120904	0.1941041	0.4197782
95	8	1.120904	0.1941041	0.4197782
95	9	1.120904	0.1941041	0.4197782
96	1	1.120904	0.1941041	0.4197782
96	2	1.120904	0.1941041	0.4197782
96	3	1.120904	0.1941041	0.4197782
96	4	1.120904	0.1941041	0.4197782
96	5	1.120904	0.1941041	0.4197782
96	6	1.120904	0.1941041	0.4197782
96	7	1.120904	0.1941041	0.4197782
96	8	1.120904	0.1941041	0.4197782
96	9	1.120904	0.1941041	0.4197782
97	1	1.120904	0.1941041	0.4197782
97	2	1.120904	0.1941041	0.4197782
97	3	1.120904	0.1941041	0.4197782
97	4	1.120904	0.1941041	0.4197782
97	5	1.120904	0.1941041	0.4197782
97	6	1.120904	0.1941041	0.4197782
97	7	1.120904	0.1941041	0.4197782
97	8	1.120904	0.1941041	0.4197782
97	9	1.120904	0.1941041	0.4197782
98	1	1.120904	0.1941041	0.4197782
98	2	1.120904	0.1941041	0.4197782
98	3	1.120904	0.1941041	0.4197782
98	4	1.120904	0.1941041	0.4197782
98	5	1.120904	0.1941041	0.4197782
98	6	1.120904	0.1941041	0.4197782
98	7	1.120904	0.1941041	0.4197782
98	8	1.120904	0.1941041	0.4197782
98	9	1.120904	0.1941041	0.4197782
99	1	1.120904	0.1941041	0.4197782
99	2	1.120904	0.1941041	0.4197782
99	3	1.120904	0.1941041	0.4197782
99	4	1.120904	0.1941041	0.4197782
99	5	1.120904	0.1941041	0.4197782
99	6	1.120904	0.1941041	0.4197782
99	7	1.120904	0.1941041	0.4197782
99	8	1.120904	0.1941041	0.4197782
99	9	1.120904	0.1941041	0.4197782
100	1	-0.1263173	0.5671587	0.3983635
100	2	-0.1263174	0.5671588	0.3983636
100	3	-0.1263173	0.5671587	0.3983635
100	4	-0.1263173	0.5671587	0.3983635
100	5	-0.1263173	0.5671587	0.3983635
100	6	-0.1263173	0.5671587	0.3983635
100	7	-0.1263173	0.5671587	0.3983635
100	8	1.408070	0.1082108	0.4247051
100	9	-0.1263173	0.5671587	0.3983635
101	1	-0.1263173	0.5671587	0.3983635
101	2	-0.1263174	0.5671588	0.3983636
101	3	-0.1263173	0.5671587	0.3983635
101	4	-0.1263173	0.5671587	0.3983635
101	5	-0.1263173	0.5671587	0.3983635
101	6	-0.1263173	0.5671587	0.3983635
101	7	-0.1263173	0.5671587	0.3983635
101	8	1.408070	0.1082108	0.4247051
101	9	-0.1263173	0.5671587	0.3983635
102	1	-0.1285075	0.5678142	0.3983223
102	2	-0.1285075	0.5678142	0.3983223
102	3	-0.1285075	0.5678142	0.3983223
102	4	-0.1285075	0.5678142	0.3983223
102	5	-0.1285075	0.5678142	0.3983223
102	6	-0.1285075	0.5678142	0.3983223
102	7	-0.1285075	0.5678142	0.3983223
102	8	1.403379	0.1096135	0.4246291
103	1	-0.1285075	0.5678142	0.3983223
103	2	-0.1285075	0.5678142	0.3983223
103	3	-0.1285075	0.5678142	0.3983223
103	4	-0.1285075	0.5678142	0.3983223
103	5	-0.1285075	0.5678142	0.3983223
103	6	-0.1285075	0.5678142	0.3983223
103	7	-0.1285075	0.5678142	0.3983223
103	8	1.403379	0.1096135	0.4246291
104	1	-0.1397984	0.571038	0.3996487
104	2	-0.1397984	0.571038	0.3996487
104	3	-0.1397984	0.571038	0.3996487
104	4	-0.1397984	0.571038	0.3996487
104	5	-0.1397984	0.571038	0.3996487
104	6	-0.1397984	0.571038	0.3996487
104	7	-0.1397984	0.571038	0.3996487
104	8	0.8856259	0.2034322	1.020672
104	9	1.316403	0.1682212	0.1001588
105	1	-0.2081038	0.5692201	0.6189494
105	2	-0.2081038	0.5692201	0.6189494
105	3	-0.2081038	0.5692201	0.6189494
105	4	-0.2081038	0.5692201	0.6189494
105	5	-0.2081038	0.5692201	0.6189494
105	6	-0.2081038	0.5692201	0.6189494
105	7	-0.2081038	0.5692201	0.6189494
105	8	1.401110	0.1092108	0.4353055
105	9	0.4376593	0.4376997	0.01928403
106	1	-0.2081038	0.5692201	0.6189494
106	2	-0.2081038	0.5692201	0.6189494
106	3	-0.2081038	0.5692201	0.6189494
106	4	-0.2081038	0.5692201	0.6189494
106	5	-0.2081038	0.5692201	0.6189494
106	6	-0.2081038	0.5692201	0.6189494
106	7	-0.2081038	0.5692201	0.6189494
106	8	1.401110	0.1092108	0.4353055
106	9	0.4376593	0.4376997	0.01928403
107	1	-0.2081038	0.5692201	0.6189494
107	2	-0.2081038	0.5692201	0.6189494
107	3	-0.2081038	0.5692201	0.6189494
107	4	-0.2081038	0.5692201	0.6189494
107	5	-0.2081038	0.5692201	0.6189494
107	6	-0.2081038	0.5692201	0.6189494
107	7	-0.2081038	0.5692201	0.6189494
107	8	1.401110	0.1092108	0.4353055
107	9	0.4376593	0.4376997	0.01928403
108	1	-0.2081038	0.5692201	0.6189494
108	2	-0.2081038	0.5692201	0.6189494
108	3	-0.2081038	0.5692201	0.6189494
108	4	-0.2081038	0.5692201	0.6189494
108	5	-0.2081038	0.5692201	0.6189494
108	6	-0.2081038	0.5692201	0.6189494
108	7	-0.2081038	0.5692201	0.6189494
108	8	1.401110	0.1092108	0.4353055
108	9	0.4376593	0.4376997	0.01928403
109	1	-0.2081038	0.5692201	0.6189494
109	2	-0.2081038	0.5692201	0.6189494
109	3	-0.2081038	0.5692201	0.6189494
109	4	-0.2081038	0.5692201	0.6189494
109	5	-0.2081038	0.5692201	0.6189494
109	6	-0.2081038	0.5692201	0.6189494
109	7	-0.2081038	0.5692201	0.6189494
109	8	1.401110	0.1092108	0.4353055
109	9	0.4376593	0.4376997	0.01928403
110	1	-0.2081038	0.5692201	0.6189494
110	2	-0.2081038	0.5692201	0.6189494
110	3	-0.2081038	0.5692201	0.6189494
110	4	-0.2081038	0.5692201	0.6189494
110	5	-0.2081038	0.5692201	0.6189494
110	6	-0.2081038	0.5692201	0.6189494
110	7	-0.2081038	0.5692201	0.6189494
110	8	1.401110	0.1092108	0.4353055
110	9	0.4376593	0.4376997	0.01928403
111	1	-0.2081038	0.5692201	0.6189494
111	2	-0.2081038	0.5692201	0.6189494
111	3	-0.2081038	0.5692201	0.6189494
111	4	-0.2081038	0.5692201	0.6189494
111	5	-0.2081038	0.5692201	0.6189494
111	6	-0.2081038	0.5692201	0.6189494
111	7	-0.2081038	0.5692201	0.6189494
111	8	1.401110	0.1092108	0.4353055
111	9	0.4376593	0.4376997	0.01928403
112	1	-0.2316359	0.5623073	0.7567977
112	2	-0.2316359	0.5623073	0.7567977
112	3	-0.2316359	0.5623073	0.7567977
112	4	-0.2316359	0.5623073	0.7567977
112	5	-0.2316359	0.5623073	0.7567977
112	6	-0.2316359	0.5623073	0.7567977
112	7	-0.2316359	0.5623073	0.7567977
112	8	1.381827	0.1206238	0.3790305
112	9	0.1627476	0.5147918	0.06546213
113	1	-0.2316359	0.5623073	0.7567977
113	2	-0.2316359	0.5623073	0.7567977
113	3	-0.2316359	0.5623073	0.7567977
113	4	-0.2316359	0.5623073	0.7567977
113	5	-0.2316359	0.5623073	0.7567977
113	6	-0.2316359	0.5623073	0.7567977
113	7	-0.2316359	0.5623073	0.7567977
113	8	1.381827	0.1206238	0.3790305
113	9	0.1627476	0.5147918	0.06546213
114	1	-0.2316359	0.5623073	0.7567977
114	2	-0.2316359	0.5623073	0.7567977
114	3	-0.2316359	0.5623073	0.7567977
114	4	-0.2316359	0.5623073	0.7567977
114	5	-0.2316359	0.5623073	0.7567977
114	6	-0.2316359	0.5623073	0.7567977
114	7	-0.2316359	0.5623073	0.7567977
114	8	1.381827	0.1206238	0.3790305
114	9	0.1627476	0.5147918	0.06546213
115	1	-0.1145511	0.5636396	0.3985628
115	2	-0.1145511	0.5636396	0.3985628
115	3	-0.1145511	0.5636396	0.3985627
115	4	-0.1145511	0.5636396	0.3985628
115	5	-0.1145511	0.5636396	0.3985627
115	6	-0.1145511	0.5636396	0.3985628
115	7	-0.1145511	0.5636396	0.3985627
115	8	1.321612	0.1340708	0.423224
115	9	-0.1665012	0.5791784	0.3976708
116	1	-0.1145511	0.5636396	0.3985628
116	2	-0.1145511	0.5636396	0.3985628
116	3	-0.1145511	0.5636396	0.3985627
116	4	-0.1145511	0.5636396	0.3985628
116	5	-0.1145511	0.5636396	0.3985627
116	6	-0.1145511	0.5636396	0.3985628
116	7	-0.1145511	0.5636396	0.3985627
116	8	1.321612	0.1340708	0.423224
116	9	-0.1665012	0.5791784	0.3976708
117	1	-0.1145511	0.5636396	0.3985628
117	2	-0.1145511	0.5636396	0.3985628
117	3	-0.1145511	0.5636396	0.3985627
117	4	-0.1145511	0.5636396	0.3985628
117	5	-0.1145511	0.5636396	0.3985627
117	6	-0.1145511	0.5636396	0.3985628
117	7	-0.1145511	0.5636396	0.3985627
117	8	1.321612	0.1340708	0.423224
117	9	-0.1665012	0.5791784	0.3976708
118	1	-0.1145511	0.5636396	0.3985628
118	2	-0.1145511	0.5636396	0.3985628
118	3	-0.1145511	0.5636396	0.3985627
118	4	-0.1145511	0.5636396	0.3985628
118	5	-0.1145511	0.5636396	0.3985627
118	6	-0.1145511	0.5636396	0.3985628
118	7	-0.1145511	0.5636396	0.3985627
118	8	1.321612	0.1340708	0.423224
118	9	-0.1665012	0.5791784	0.3976708
119	1	-0.1145511	0.5636396	0.3985628
119	2	-0.1145511	0.5636396	0.3985628
119	3	-0.1145511	0.5636396	0.3985627
119	4	-0.1145511	0.5636396	0.3985628
119	5	-0.1145511	0.5636396	0.3985627
119	6	-0.1145511	0.5636396	0.3985628
119	7	-0.1145511	0.5636396	0.3985627
119	8	1.321612	0.1340708	0.423224
119	9	-0.1665012	0.5791784	0.3976708
120	1	-0.2062928	0.5762135	0.5443116
120	2	-0.2062928	0.5762135	0.5443116
120	3	-0.2062928	0.5762135	0.5443116
120	4	0.9818342	0.2060891	0.7108315
120	5	0.8394813	0.3176092	0.02521342
120	6	0.9818342	0.2060891	0.7108315
120	8	-0.1504439	0.5787732	0.3543674
120	9	1.256060	0.1448992	0.5090911
121	5	1.279224	0.1467493	0.422497
121	9	-0.1860212	0.585017	0.3973347
122	1	0.5309233	0.2989767	1.119129
122	2	0.5309233	0.2989767	1.119129
122	3	0.5309233	0.2989767	1.119129
122	4	0.8675477	0.3072144	0.04551308
122	5	0.5782455	0.396688	0.01140348
122	6	0.8675477	0.3072144	0.04551308
122	7	0.5782455	0.396688	0.01140348
122	8	0.3621138	0.3378531	1.231339
122	9	-0.3020456	0.6031788	0.5592672
123	1	0.5309233	0.2989767	1.119129
123	2	0.5309233	0.2989767	1.119129
123	3	0.5309233	0.2989767	1.119129
123	4	0.8675477	0.3072144	0.04551308
123	5	0.5782455	0.396688	0.01140348
123	6	0.8675477	0.3072144	0.04551308
123	7	0.5782455	0.396688	0.01140348
123	8	0.3621138	0.3378531	1.231339
123	9	-0.3020456	0.6031788	0.5592672
124	1	0.5309233	0.2989767	1.119129
124	2	0.5309233	0.2989767	1.119129
124	3	0.5309233	0.2989767	1.119129
124	4	0.8675477	0.3072144	0.04551308
124	5	0.5782455	0.396688	0.01140348
124	6	0.8675477	0.3072144	0.04551308
124	7	0.5782455	0.396688	0.01140348
124	8	0.3621138	0.3378531	1.231339
124	9	-0.3020456	0.6031788	0.5592672
125	1	0.5309233	0.2989767	1.119129
125	2	0.5309233	0.2989767	1.119129
125	3	0.5309233	0.2989767	1.119129
125	4	0.8675477	0.3072144	0.04551308
125	5	0.5782455	0.396688	0.01140348
125	6	0.8675477	0.3072144	0.04551308
125	7	0.5782455	0.396688	0.01140348
125	8	0.3621138	0.3378531	1.231339
125	9	-0.3020456	0.6031788	0.5592672
126	1	0.5309233	0.2989767	1.119129
126	2	0.5309233	0.2989767	1.119129
126	3	0.5309233	0.2989767	1.119129
126	4	0.8675477	0.3072144	0.04551308
126	5	0.5782455	0.396688	0.01140348
126	6	0.8675477	0.3072144	0.04551308
126	7	0.5782455	0.396688	0.01140348
126	8	0.3621138	0.3378531	1.231339
126	9	-0.3020456	0.6031788	0.5592672
127	4	0.5419046	0.2956464	1.119770
127	5	1.034685	0.2550038	0.0703659
127	6	0.5419046	0.2956464	1.119770
127	7	1.034685	0.2550038	0.0703659
127	9	-0.2266556	0.5970581	0.3977572
128	1	0.502176	0.306589	1.128409
128	2	0.502176	0.306589	1.128409
128	3	0.502176	0.306589	1.128409
128	4	0.8543726	0.3115063	0.04180703
128	5	0.7032731	0.3586597	0.01980752
128	6	0.8543726	0.3115063	0.04180703
128	7	0.7032731	0.3586597	0.01980752
128	8	0.2066621	0.3745063	1.326217
128	9	-0.267451	0.6020914	0.468098
130	1	-0.2035954	0.5784795	0.5139075
130	2	-0.2035954	0.5784795	0.5139075
130	3	-0.2035954	0.5784795	0.5139075
130	4	0.6678647	0.3693815	0.01790253
130	5	1.182236	0.1740335	0.4379319
130	6	0.6678647	0.3693815	0.01790253
130	7	1.182236	0.1740335	0.4379319
130	8	-0.3195631	0.5685913	0.9536356
130	9	1.183490	0.1505891	0.6665613
131	1	-0.2035954	0.5784795	0.5139075
131	2	-0.2035954	0.5784795	0.5139075
131	3	-0.2035954	0.5784795	0.5139075
131	4	0.6678647	0.3693815	0.01790253
131	5	1.182236	0.1740335	0.4379319
131	6	0.6678647	0.3693815	0.01790253
131	7	1.182236	0.1740335	0.4379319
131	8	-0.3195631	0.5685913	0.9536356
131	9	1.183490	0.1505891	0.6665613
132	1	-0.1686482	0.5758006	0.4374702
132	2	-0.1194597	0.5713046	0.3370714
132	3	-0.1194597	0.5713046	0.3370714
132	4	0.06850763	0.4104516	1.377137
132	5	0.9812067	0.2707440	0.07198045
132	6	0.06850763	0.4104516	1.377137
132	7	0.9812067	0.2707440	0.07198045
132	8	0.1229335	0.5251692	0.07995356
132	9	1.393142	0.1234148	0.3180307
133	1	-0.1686482	0.5758006	0.4374702
133	2	-0.1194597	0.5713046	0.3370714
133	3	-0.1194597	0.5713046	0.3370714
133	4	0.06850763	0.4104516	1.377137
133	5	0.9812067	0.2707440	0.07198045
133	6	0.06850763	0.4104516	1.377137
133	7	0.9812067	0.2707440	0.07198045
133	8	0.1229335	0.5251692	0.07995356
133	9	1.393142	0.1234148	0.3180307
134	1	-0.2451623	0.5675912	0.7442975
134	2	-0.1794834	0.5730294	0.4968611
134	3	-0.1794834	0.5730294	0.4968611
134	4	0.4839929	0.3060941	1.186896
134	5	0.06143401	0.5389974	0.1241525
134	6	0.4839929	0.3060941	1.186896
134	7	0.06143401	0.5389974	0.1241525
134	8	0.06143401	0.5389974	0.1241525
134	9	1.406274	0.1321559	0.1927103
135	1	-0.2451623	0.5675912	0.7442975
135	2	-0.1794834	0.5730294	0.4968611
135	3	-0.1794834	0.5730294	0.4968611
135	4	0.4839929	0.3060941	1.186896
135	5	0.06143401	0.5389974	0.1241525
135	6	0.4839929	0.3060941	1.186896
135	7	0.06143401	0.5389974	0.1241525
135	8	0.06143401	0.5389974	0.1241525
135	9	1.406274	0.1321559	0.1927103
136	1	-0.2451623	0.5675912	0.7442975
136	2	-0.1794834	0.5730294	0.4968611
136	3	-0.1794834	0.5730294	0.4968611
136	4	0.4839929	0.3060941	1.186896
136	5	0.06143401	0.5389974	0.1241525
136	6	0.4839929	0.3060941	1.186896
136	7	0.06143401	0.5389974	0.1241525
136	8	0.06143401	0.5389974	0.1241525
136	9	1.406274	0.1321559	0.1927103
137	1	-0.3315051	0.5686628	0.9881183
137	4	0.1735521	0.5108908	0.07228054
137	6	0.1735521	0.5108908	0.07228054
137	9	1.287387	0.1369231	0.4958143
138	4	-0.1523253	0.5749383	0.3979138
138	6	-0.1523253	0.5749383	0.3979139
138	9	1.297322	0.1413361	0.4228072
139	4	-0.1523253	0.5749383	0.3979138
139	6	-0.1523253	0.5749383	0.3979139
139	9	1.297322	0.1413361	0.4228072
140	4	-0.1523253	0.5749383	0.3979138
140	6	-0.1523253	0.5749383	0.3979139
140	9	1.297322	0.1413361	0.4228072
141	4	-0.1523253	0.5749383	0.3979138
141	6	-0.1523253	0.5749383	0.3979139
141	9	1.297322	0.1413361	0.4228072
142	4	-0.1608539	0.5774893	0.3977669
142	6	-0.1608539	0.5774893	0.3977669
142	9	1.333824	0.1304178	0.4234346
143	4	-0.1608539	0.5774893	0.3977669
143	6	-0.1608539	0.5774893	0.3977669
143	9	1.333824	0.1304178	0.4234346
144	4	-0.1608539	0.5774893	0.3977669
144	6	-0.1608539	0.5774893	0.3977669
144	9	1.333824	0.1304178	0.4234346
145	4	-0.1608539	0.5774893	0.3977669
145	6	-0.1608539	0.5774893	0.3977669
145	9	1.333824	0.1304178	0.4234346
146	4	-0.1608539	0.5774893	0.3977669
146	6	-0.1608539	0.5774893	0.3977669
146	9	1.333824	0.1304178	0.4234346
147	4	-0.1608539	0.5774893	0.3977669
147	6	-0.1608539	0.5774893	0.3977669
147	9	1.333824	0.1304178	0.4234346
148	4	-0.1608539	0.5774893	0.3977669
148	6	-0.1608539	0.5774893	0.3977669
148	9	1.333824	0.1304178	0.4234346
149	4	-0.1608539	0.5774893	0.3977669
149	6	-0.1608539	0.5774893	0.3977669
149	9	1.333824	0.1304178	0.4234346
150	4	-0.1608539	0.5774893	0.3977669
150	6	-0.1608539	0.5774893	0.3977669
150	9	1.333824	0.1304178	0.4234346
151	4	-0.1608539	0.5774893	0.3977669
151	6	-0.1608539	0.5774893	0.3977669
151	9	1.333824	0.1304178	0.4234346
152	4	-0.1608539	0.5774893	0.3977669
152	6	-0.1608539	0.5774893	0.3977669
152	9	1.333824	0.1304178	0.4234346
153	4	-0.1608539	0.5774893	0.3977669
153	6	-0.1608539	0.5774893	0.3977669
153	9	1.333824	0.1304178	0.4234346
154	4	-0.1608539	0.5774893	0.3977669
154	6	-0.1608539	0.5774893	0.3977669
154	9	1.333824	0.1304178	0.4234346
155	4	1.120904	0.1941041	0.4197782
155	6	1.120904	0.1941041	0.4197782
156	4	1.120904	0.1941041	0.4197782
156	6	1.120904	0.1941041	0.4197782
157	4	1.120904	0.1941041	0.4197782
157	6	1.120904	0.1941041	0.4197782
158	4	1.120904	0.1941041	0.4197782
158	6	1.120904	0.1941041	0.4197782
159	4	1.120904	0.1941041	0.4197782
159	6	1.120904	0.1941041	0.4197782
168	4	1.120904	0.1941041	0.4197782
168	6	1.120904	0.1941041	0.4197782
169	4	1.120904	0.1941041	0.4197782
169	6	1.120904	0.1941041	0.4197782
170	4	1.120904	0.1941041	0.4197782
170	6	1.120904	0.1941041	0.4197782
171	4	1.120904	0.1941041	0.4197782
171	6	1.120904	0.1941041	0.4197782
172	4	1.120904	0.1941041	0.4197782
172	6	1.120904	0.1941041	0.4197782
173	4	1.120904	0.1941041	0.4197782
173	6	1.120904	0.1941041	0.4197782
174	4	1.120904	0.1941041	0.4197782
174	6	1.120904	0.1941041	0.4197782
175	4	1.120904	0.1941041	0.4197782
175	6	1.120904	0.1941041	0.4197782
176	4	1.120904	0.1941041	0.4197782
176	6	1.120904	0.1941041	0.4197782
187	4	1.199043	0.1707319	0.4211201
187	6	-0.1480344	0.5736549	0.397987
188	4	1.120904	0.1941041	0.4197782
188	6	1.120904	0.1941041	0.4197782
189	4	1.120904	0.1941041	0.4197782
189	6	1.120904	0.1941041	0.4197782
190	4	1.120904	0.1941041	0.4197782
190	6	1.120904	0.1941041	0.4197782
191	4	1.120904	0.1941041	0.4197782
191	6	1.120904	0.1941041	0.4197782
201	4	1.199043	0.1707319	0.4211201
201	6	-0.1480344	0.5736549	0.397987
202	4	1.199043	0.1707319	0.4211201
202	6	-0.1480344	0.5736549	0.397987
203	4	1.199043	0.1707319	0.4211201
203	6	-0.1480344	0.5736549	0.397987
204	4	1.120904	0.1941041	0.4197782
204	6	1.120904	0.1941041	0.4197782
205	4	1.120904	0.1941041	0.4197782
205	6	1.120904	0.1941041	0.4197782
206	4	1.120904	0.1941041	0.4197782
206	6	1.120904	0.1941041	0.4197782
207	4	1.120904	0.1941041	0.4197782
207	6	1.120904	0.1941041	0.4197782
208	4	1.120904	0.1941041	0.4197782
208	6	1.120904	0.1941041	0.4197782
209	4	1.120904	0.1941041	0.4197782
209	6	1.120904	0.1941041	0.4197782
210	4	1.120904	0.1941041	0.4197782
210	6	1.120904	0.1941041	0.4197782
211	4	1.120904	0.1941041	0.4197782
211	6	1.120904	0.1941041	0.4197782
212	4	1.120904	0.1941041	0.4197782
212	6	1.120904	0.1941041	0.4197782
213	4	1.120904	0.1941041	0.4197782
213	6	1.120904	0.1941041	0.4197782
214	4	1.120904	0.1941041	0.4197782
214	6	1.120904	0.1941041	0.4197782
215	4	1.120904	0.1941041	0.4197782
215	6	1.120904	0.1941041	0.4197782
216	4	1.120904	0.1941041	0.4197782
216	6	1.120904	0.1941041	0.4197782
217	4	1.120904	0.1941041	0.4197782
217	6	1.120904	0.1941041	0.4197782
218	4	1.120904	0.1941041	0.4197782
218	6	1.120904	0.1941041	0.4197782
219	4	1.120904	0.1941041	0.4197782
219	6	1.120904	0.1941041	0.4197782
220	4	1.120904	0.1941041	0.4197782
220	6	1.120904	0.1941041	0.4197782
221	4	1.120904	0.1941041	0.4197782
221	6	1.120904	0.1941041	0.4197782
222	4	1.120904	0.1941041	0.4197782
222	6	1.120904	0.1941041	0.4197782
223	4	1.120904	0.1941041	0.4197782
223	6	1.120904	0.1941041	0.4197782
224	4	1.120904	0.1941041	0.4197782
224	6	1.120904	0.1941041	0.4197782
225	4	1.120904	0.1941041	0.4197782
225	6	1.120904	0.1941041	0.4197782
226	4	1.120904	0.1941041	0.4197782
226	6	1.120904	0.1941041	0.4197782
227	4	1.120904	0.1941041	0.4197782
227	6	1.120904	0.1941041	0.4197782
228	4	1.120904	0.1941041	0.4197782
228	6	1.120904	0.1941041	0.4197782
229	4	1.120904	0.1941041	0.4197782
229	6	1.120904	0.1941041	0.4197782
230	4	1.120904	0.1941041	0.4197782
230	6	1.120904	0.1941041	0.4197782
231	4	1.120904	0.1941041	0.4197782
231	6	1.120904	0.1941041	0.4197782
232	4	1.120904	0.1941041	0.4197782
232	6	1.120904	0.1941041	0.4197782
233	4	1.120904	0.1941041	0.4197782
233	6	1.120904	0.1941041	0.4197782
234	4	1.120904	0.1941041	0.4197782
234	6	1.120904	0.1941041	0.4197782
235	4	1.120904	0.1941041	0.4197782
235	6	1.120904	0.1941041	0.4197782
236	4	1.120904	0.1941041	0.4197782
236	6	1.120904	0.1941041	0.4197782
237	4	1.120904	0.1941041	0.4197782
237	6	1.120904	0.1941041	0.4197782
238	4	1.120904	0.1941041	0.4197782
238	6	1.120904	0.1941041	0.4197782
243	4	1.199043	0.1707319	0.4211201
243	6	-0.1480344	0.5736549	0.397987
244	4	1.199043	0.1707319	0.4211201
244	6	-0.1480344	0.5736549	0.397987
245	4	1.120904	0.1941041	0.4197782
245	6	1.120904	0.1941041	0.4197782
246	4	1.120904	0.1941041	0.4197782
246	6	1.120904	0.1941041	0.4197782
247	4	1.120904	0.1941041	0.4197782
247	6	1.120904	0.1941041	0.4197782
248	4	1.120904	0.1941041	0.4197782
248	6	1.120904	0.1941041	0.4197782
249	4	1.120904	0.1941041	0.4197782
249	6	1.120904	0.1941041	0.4197782
250	4	1.120904	0.1941041	0.4197782
250	6	1.120904	0.1941041	0.4197782
251	4	1.120904	0.1941041	0.4197782
251	6	1.120904	0.1941041	0.4197782
252	4	1.120904	0.1941041	0.4197782
252	6	1.120904	0.1941041	0.4197782
253	4	1.120904	0.1941041	0.4197782
253	6	1.120904	0.1941041	0.4197782
254	4	1.120904	0.1941041	0.4197782
254	6	1.120904	0.1941041	0.4197782
255	4	1.120904	0.1941041	0.4197782
255	6	1.120904	0.1941041	0.4197782
256	4	1.120904	0.1941041	0.4197782
256	6	1.120904	0.1941041	0.4197782
257	4	1.120904	0.1941041	0.4197782
257	6	1.120904	0.1941041	0.4197782
258	4	1.120904	0.1941041	0.4197782
258	6	1.120904	0.1941041	0.4197782
259	4	1.120904	0.1941041	0.4197782
259	6	1.120904	0.1941041	0.4197782
260	4	1.120904	0.1941041	0.4197782
260	6	1.120904	0.1941041	0.4197782
261	4	1.120904	0.1941041	0.4197782
261	6	1.120904	0.1941041	0.4197782
265	4	1.120904	0.1941041	0.4197782
265	6	1.120904	0.1941041	0.4197782
266	4	1.120904	0.1941041	0.4197782
266	6	1.120904	0.1941041	0.4197782
267	4	1.120904	0.1941041	0.4197782
267	6	1.120904	0.1941041	0.4197782
268	4	1.120904	0.1941041	0.4197782
268	6	1.120904	0.1941041	0.4197782
269	4	1.120904	0.1941041	0.4197782
269	6	1.120904	0.1941041	0.4197782
270	4	1.120904	0.1941041	0.4197782
270	6	1.120904	0.1941041	0.4197782
271	4	1.120904	0.1941041	0.4197782
271	6	1.120904	0.1941041	0.4197782
272	4	1.120904	0.1941041	0.4197782
272	6	1.120904	0.1941041	0.4197782
273	4	1.120904	0.1941041	0.4197782
273	6	1.120904	0.1941041	0.4197782
274	4	1.120904	0.1941041	0.4197782
274	6	1.120904	0.1941041	0.4197782
275	4	1.120904	0.1941041	0.4197782
275	6	1.120904	0.1941041	0.4197782
276	4	1.120904	0.1941041	0.4197782
276	6	1.120904	0.1941041	0.4197782
277	4	1.120904	0.1941041	0.4197782
277	6	1.120904	0.1941041	0.4197782
278	4	1.120904	0.1941041	0.4197782
278	6	1.120904	0.1941041	0.4197782
279	4	1.120904	0.1941041	0.4197782
279	6	1.120904	0.1941041	0.4197782
280	4	1.120904	0.1941041	0.4197782
280	6	1.120904	0.1941041	0.4197782
281	4	1.120904	0.1941041	0.4197782
281	6	1.120904	0.1941041	0.4197782
282	4	1.120904	0.1941041	0.4197782
282	6	1.120904	0.1941041	0.4197782
284	1	1.120904	0.1941041	0.4197782
284	2	1.120904	0.1941041	0.4197782
284	3	1.120904	0.1941041	0.4197782
284	4	1.120904	0.1941041	0.4197782
284	5	1.120904	0.1941041	0.4197782
284	6	1.120904	0.1941041	0.4197782
284	7	1.120904	0.1941041	0.4197782
284	8	1.120904	0.1941041	0.4197782
284	9	1.120904	0.1941041	0.4197782
