4	1	1.120904	0.1941041	0.4197782
4	2	1.120904	0.1941041	0.4197782
5	1	1.120904	0.1941041	0.4197782
5	2	1.120904	0.1941041	0.4197782
6	1	1.120904	0.1941041	0.4197782
6	2	1.120904	0.1941041	0.4197782
6	4	1.120904	0.1941041	0.4197782
6	5	1.120904	0.1941041	0.4197782
7	1	0.1598966	0.3933265	1.277529
7	2	0.1598966	0.3933265	1.277529
7	4	0.1598966	0.3933265	1.277529
7	5	0.1598966	0.3933265	1.277529
7	6	0.4319115	0.4400921	0.01251401
7	7	0.4347176	0.4383113	0.02189216
8	1	-0.2414797	0.5567056	0.8413163
8	2	-0.2414797	0.5567056	0.8413164
8	3	1.223090	0.1937643	0.1220191
8	4	-0.2414797	0.5567056	0.8413163
8	5	-0.2414797	0.5567056	0.8413163
8	6	-0.2414797	0.5567056	0.8413163
8	7	-0.2414797	0.5567056	0.8413163
9	1	1.120904	0.1941041	0.4197782
9	2	1.120904	0.1941041	0.4197782
9	3	1.120904	0.1941041	0.4197782
9	4	1.120904	0.1941041	0.4197782
9	5	1.120904	0.1941041	0.4197782
9	6	1.120904	0.1941041	0.4197782
9	7	1.120904	0.1941041	0.4197782
10	1	1.120904	0.1941041	0.4197782
10	2	1.120904	0.1941041	0.4197782
10	3	1.120904	0.1941041	0.4197782
10	4	1.120904	0.1941041	0.4197782
10	5	1.120904	0.1941041	0.4197782
10	6	1.120904	0.1941041	0.4197782
10	7	1.120904	0.1941041	0.4197782
11	1	1.120904	0.1941041	0.4197782
11	2	1.120904	0.1941041	0.4197782
11	3	1.120904	0.1941041	0.4197782
11	4	1.120904	0.1941041	0.4197782
11	5	1.120904	0.1941041	0.4197782
11	6	1.120904	0.1941041	0.4197782
11	7	1.120904	0.1941041	0.4197782
12	1	1.120904	0.1941041	0.4197782
12	2	1.120904	0.1941041	0.4197782
12	3	1.120904	0.1941041	0.4197782
12	4	1.120904	0.1941041	0.4197782
12	5	1.120904	0.1941041	0.4197782
12	6	1.120904	0.1941041	0.4197782
12	7	1.120904	0.1941041	0.4197782
13	1	1.120904	0.1941041	0.4197782
13	2	1.120904	0.1941041	0.4197782
13	3	1.120904	0.1941041	0.4197782
13	4	1.120904	0.1941041	0.4197782
13	5	1.120904	0.1941041	0.4197782
13	6	1.120904	0.1941041	0.4197782
13	7	1.120904	0.1941041	0.4197782
14	1	1.120904	0.1941041	0.4197782
14	3	1.120904	0.1941041	0.4197782
14	4	1.120904	0.1941041	0.4197782
14	5	1.120904	0.1941041	0.4197782
14	6	1.120904	0.1941041	0.4197782
14	7	1.120904	0.1941041	0.4197782
15	1	1.120904	0.1941041	0.4197782
15	2	1.120904	0.1941041	0.4197782
15	3	1.120904	0.1941041	0.4197782
15	4	1.120904	0.1941041	0.4197782
15	5	1.120904	0.1941041	0.4197782
15	6	1.120904	0.1941041	0.4197782
15	7	1.120904	0.1941041	0.4197782
16	1	1.120904	0.1941041	0.4197782
16	2	1.120904	0.1941041	0.4197782
16	3	1.120904	0.1941041	0.4197782
16	4	1.120904	0.1941041	0.4197782
16	5	1.120904	0.1941041	0.4197782
16	6	1.120904	0.1941041	0.4197782
16	7	1.120904	0.1941041	0.4197782
17	1	1.120904	0.1941041	0.4197782
17	2	1.120904	0.1941041	0.4197782
17	3	1.120904	0.1941041	0.4197782
17	4	1.120904	0.1941041	0.4197782
17	5	1.120904	0.1941041	0.4197782
17	6	1.120904	0.1941041	0.4197782
17	7	1.120904	0.1941041	0.4197782
18	1	1.120904	0.1941041	0.4197782
18	2	1.120904	0.1941041	0.4197782
18	3	1.120904	0.1941041	0.4197782
18	4	1.120904	0.1941041	0.4197782
18	5	1.120904	0.1941041	0.4197782
18	6	1.120904	0.1941041	0.4197782
18	7	1.120904	0.1941041	0.4197782
19	1	1.120904	0.1941041	0.4197782
19	2	1.120904	0.1941041	0.4197782
19	3	1.120904	0.1941041	0.4197782
19	4	1.120904	0.1941041	0.4197782
19	5	1.120904	0.1941041	0.4197782
19	6	1.120904	0.1941041	0.4197782
19	7	1.120904	0.1941041	0.4197782
20	1	1.120904	0.1941041	0.4197782
20	2	1.120904	0.1941041	0.4197782
20	3	1.120904	0.1941041	0.4197782
20	4	1.120904	0.1941041	0.4197782
20	5	1.120904	0.1941041	0.4197782
20	6	1.120904	0.1941041	0.4197782
20	7	1.120904	0.1941041	0.4197782
21	1	1.120904	0.1941041	0.4197782
21	2	1.120904	0.1941041	0.4197782
21	3	1.120904	0.1941041	0.4197782
21	4	1.120904	0.1941041	0.4197782
21	5	1.120904	0.1941041	0.4197782
21	6	1.120904	0.1941041	0.4197782
21	7	1.120904	0.1941041	0.4197782
22	1	1.120904	0.1941041	0.4197782
22	2	1.120904	0.1941041	0.4197782
22	3	1.120904	0.1941041	0.4197782
22	4	1.120904	0.1941041	0.4197782
22	5	1.120904	0.1941041	0.4197782
22	6	1.120904	0.1941041	0.4197782
22	7	1.120904	0.1941041	0.4197782
23	1	1.120904	0.1941041	0.4197782
23	2	1.120904	0.1941041	0.4197782
23	3	1.120904	0.1941041	0.4197782
23	4	1.120904	0.1941041	0.4197782
23	5	1.120904	0.1941041	0.4197782
23	6	1.120904	0.1941041	0.4197782
23	7	1.120904	0.1941041	0.4197782
24	1	1.120904	0.1941041	0.4197782
24	2	1.120904	0.1941041	0.4197782
24	3	1.120904	0.1941041	0.4197782
24	4	1.120904	0.1941041	0.4197782
24	5	1.120904	0.1941041	0.4197782
24	6	1.120904	0.1941041	0.4197782
24	7	1.120904	0.1941041	0.4197782
25	1	1.120904	0.1941041	0.4197782
25	2	1.120904	0.1941041	0.4197782
25	3	1.120904	0.1941041	0.4197782
25	4	1.120904	0.1941041	0.4197782
25	5	1.120904	0.1941041	0.4197782
25	6	1.120904	0.1941041	0.4197782
25	7	1.120904	0.1941041	0.4197782
26	1	1.120904	0.1941041	0.4197782
26	2	1.120904	0.1941041	0.4197782
26	3	1.120904	0.1941041	0.4197782
26	4	1.120904	0.1941041	0.4197782
26	5	1.120904	0.1941041	0.4197782
26	6	1.120904	0.1941041	0.4197782
26	7	1.120904	0.1941041	0.4197782
27	1	1.120904	0.1941041	0.4197782
27	2	1.120904	0.1941041	0.4197782
27	3	1.120904	0.1941041	0.4197782
27	4	1.120904	0.1941041	0.4197782
27	5	1.120904	0.1941041	0.4197782
27	6	1.120904	0.1941041	0.4197782
27	7	1.120904	0.1941041	0.4197782
28	1	1.120904	0.1941041	0.4197782
28	2	1.120904	0.1941041	0.4197782
28	3	1.120904	0.1941041	0.4197782
28	4	1.120904	0.1941041	0.4197782
28	5	1.120904	0.1941041	0.4197782
28	6	1.120904	0.1941041	0.4197782
28	7	1.120904	0.1941041	0.4197782
29	1	-0.1548507	0.5694795	0.4594497
29	2	-0.1548507	0.5694795	0.4594497
29	3	1.240847	0.1643067	0.3616021
29	4	1.240847	0.1643067	0.3616021
29	5	-0.1548507	0.5694795	0.4594497
29	6	-0.1548507	0.5694795	0.4594497
29	7	-0.1548507	0.5694795	0.4594497
30	3	1.120904	0.1941041	0.4197782
30	4	1.120904	0.1941041	0.4197782
31	3	1.120904	0.1941041	0.4197782
31	4	1.120904	0.1941041	0.4197782
32	3	1.120904	0.1941041	0.4197782
32	4	1.120904	0.1941041	0.4197782
33	3	1.120904	0.1941041	0.4197782
33	4	1.120904	0.1941041	0.4197782
34	3	1.120904	0.1941041	0.4197782
34	4	1.120904	0.1941041	0.4197782
35	3	1.120904	0.1941041	0.4197782
35	4	1.120904	0.1941041	0.4197782
36	3	1.120904	0.1941041	0.4197782
36	4	1.120904	0.1941041	0.4197782
37	3	1.120904	0.1941041	0.4197782
37	4	1.120904	0.1941041	0.4197782
38	3	1.120904	0.1941041	0.4197782
38	4	1.120904	0.1941041	0.4197782
39	3	1.120904	0.1941041	0.4197782
39	4	1.120904	0.1941041	0.4197782
40	3	1.120904	0.1941041	0.4197782
40	4	1.120904	0.1941041	0.4197782
41	3	1.120904	0.1941041	0.4197782
41	4	1.120904	0.1941041	0.4197782
42	3	1.120904	0.1941041	0.4197782
42	4	1.120904	0.1941041	0.4197782
43	3	1.120904	0.1941041	0.4197782
43	4	1.120904	0.1941041	0.4197782
44	3	1.120904	0.1941041	0.4197782
44	4	1.120904	0.1941041	0.4197782
45	3	1.120904	0.1941041	0.4197782
45	4	1.120904	0.1941041	0.4197782
46	3	1.120904	0.1941041	0.4197782
46	4	1.120904	0.1941041	0.4197782
47	3	1.120904	0.1941041	0.4197782
47	4	1.120904	0.1941041	0.4197782
51	3	1.120904	0.1941041	0.4197782
51	4	1.120904	0.1941041	0.4197782
52	3	1.120904	0.1941041	0.4197782
52	4	1.120904	0.1941041	0.4197782
53	3	1.120904	0.1941041	0.4197782
53	4	1.120904	0.1941041	0.4197782
54	3	1.120904	0.1941041	0.4197782
54	4	1.120904	0.1941041	0.4197782
55	1	0.6065198	0.2890379	0.9948457
55	2	0.6065198	0.2890379	0.9948457
55	3	0.3996148	0.3166423	1.331019
55	4	0.3996148	0.3166423	1.331019
55	5	0.139691	0.5224233	0.05778271
55	6	0.139691	0.5224233	0.05778271
55	7	0.4778555	0.4272820	0.00406653
56	1	0.6065198	0.2890379	0.9948457
56	2	0.6065198	0.2890379	0.9948457
56	3	0.3996148	0.3166423	1.331019
56	4	0.3996148	0.3166423	1.331019
56	5	0.139691	0.5224233	0.05778271
56	6	0.139691	0.5224233	0.05778271
56	7	0.4778555	0.4272820	0.00406653
57	1	0.6065198	0.2890379	0.9948457
57	2	0.6065198	0.2890379	0.9948457
57	3	0.3996148	0.3166423	1.331019
57	4	0.3996148	0.3166423	1.331019
57	5	0.139691	0.5224233	0.05778271
57	6	0.139691	0.5224233	0.05778271
57	7	0.4778555	0.4272820	0.00406653
58	1	0.6065198	0.2890379	0.9948457
58	2	0.6065198	0.2890379	0.9948457
58	3	0.3996148	0.3166423	1.331019
58	4	0.3996148	0.3166423	1.331019
58	5	0.139691	0.5224233	0.05778271
58	6	0.139691	0.5224233	0.05778271
58	7	0.4778555	0.4272820	0.00406653
59	1	0.6065198	0.2890379	0.9948457
59	2	0.6065198	0.2890379	0.9948457
59	3	0.3996148	0.3166423	1.331019
59	4	0.3996148	0.3166423	1.331019
59	5	0.139691	0.5224233	0.05778271
59	6	0.139691	0.5224233	0.05778271
59	7	0.4778555	0.4272820	0.00406653
60	1	0.6065198	0.2890379	0.9948457
60	2	0.6065198	0.2890379	0.9948457
60	3	0.3996148	0.3166423	1.331019
60	4	0.3996148	0.3166423	1.331019
60	5	0.139691	0.5224233	0.05778271
60	6	0.139691	0.5224233	0.05778271
60	7	0.4778555	0.4272820	0.00406653
61	1	0.4668614	0.3121867	1.177005
61	2	0.4668614	0.3121867	1.177005
61	5	0.05919773	0.5390762	0.1299619
61	6	0.05919773	0.5390762	0.1299619
61	7	0.6998809	0.359453	0.02194248
62	1	0.4668614	0.3121867	1.177005
62	2	0.4668614	0.3121867	1.177005
62	5	0.05919773	0.5390762	0.1299619
62	6	0.05919773	0.5390762	0.1299619
62	7	0.6998809	0.359453	0.02194248
63	1	0.5383807	0.2990192	1.096732
63	2	0.5383807	0.2990192	1.096732
63	7	0.1845761	0.5103661	0.04499394
64	1	0.5008871	0.4184037	0.02417526
64	2	0.5008871	0.4184037	0.02417526
64	3	-0.3338836	0.5654948	1.026521
64	4	-0.3338836	0.5654948	1.026521
64	7	1.387135	0.1348769	0.2221490
65	1	0.5008871	0.4184037	0.02417526
65	2	0.5008871	0.4184037	0.02417526
65	3	-0.3338836	0.5654948	1.026521
65	4	-0.3338836	0.5654948	1.026521
65	7	1.387135	0.1348769	0.2221490
66	1	0.5008871	0.4184037	0.02417526
66	2	0.5008871	0.4184037	0.02417526
66	3	-0.3338836	0.5654948	1.026521
66	4	-0.3338836	0.5654948	1.026521
66	7	1.387135	0.1348769	0.2221490
67	1	0.5008871	0.4184037	0.02417526
67	2	0.5008871	0.4184037	0.02417526
67	3	-0.3338836	0.5654948	1.026521
67	4	-0.3338836	0.5654948	1.026521
67	7	1.387135	0.1348769	0.2221490
68	1	0.5008871	0.4184037	0.02417526
68	2	0.5008871	0.4184037	0.02417526
68	3	-0.3338836	0.5654948	1.026521
68	4	-0.3338836	0.5654948	1.026521
68	7	1.387135	0.1348769	0.2221490
69	1	-0.2270583	0.5113801	1.247973
69	2	-0.2270583	0.5113801	1.247973
69	3	1.266760	0.1534835	0.3924926
69	4	1.266760	0.1534835	0.3924926
69	7	-0.003337593	0.560647	0.1004878
132	5	-0.1463421	0.5731486	0.398017
132	6	-0.1463421	0.5731486	0.398017
132	7	1.272133	0.1488702	0.4223742
133	5	-0.1463421	0.5731486	0.398017
133	6	-0.1463421	0.5731486	0.398017
133	7	1.272133	0.1488702	0.4223742
134	5	-0.1463421	0.5731486	0.398017
134	6	-0.1463421	0.5731486	0.398017
134	7	1.272133	0.1488702	0.4223742
135	5	-0.1463421	0.5731486	0.398017
135	6	-0.1463421	0.5731486	0.398017
135	7	1.272133	0.1488702	0.4223742
136	5	-0.1463421	0.5731486	0.398017
136	6	-0.1463421	0.5731486	0.398017
136	7	1.272133	0.1488702	0.4223742
137	5	-0.1463421	0.5731486	0.398017
137	6	-0.1463421	0.5731486	0.398017
137	7	1.272133	0.1488702	0.4223742
138	5	-0.1463421	0.5731486	0.398017
138	6	-0.1463421	0.5731486	0.398017
138	7	1.272133	0.1488702	0.4223742
139	5	-0.1463421	0.5731486	0.398017
139	6	-0.1463421	0.5731486	0.398017
139	7	1.272133	0.1488702	0.4223742
140	5	-0.1463421	0.5731486	0.398017
140	6	-0.1463421	0.5731486	0.398017
140	7	1.272133	0.1488702	0.4223742
141	5	-0.1463421	0.5731486	0.398017
141	6	-0.1463421	0.5731486	0.398017
141	7	1.272133	0.1488702	0.4223742
142	5	-0.1463421	0.5731486	0.398017
142	6	-0.1463421	0.5731486	0.398017
142	7	1.272133	0.1488702	0.4223742
143	5	-0.1463421	0.5731486	0.398017
143	6	-0.1463421	0.5731486	0.398017
143	7	1.272133	0.1488702	0.4223742
144	5	-0.1463421	0.5731486	0.398017
144	6	-0.1463421	0.5731486	0.398017
144	7	1.272133	0.1488702	0.4223742
145	5	-0.1463421	0.5731486	0.398017
145	6	-0.1463421	0.5731486	0.398017
145	7	1.272133	0.1488702	0.4223742
146	5	-0.1463421	0.5731486	0.398017
146	6	-0.1463421	0.5731486	0.398017
146	7	1.272133	0.1488702	0.4223742
147	5	-0.1463421	0.5731486	0.398017
147	6	-0.1463421	0.5731486	0.398017
147	7	1.272133	0.1488702	0.4223742
148	5	-0.1463421	0.5731486	0.398017
148	6	-0.1463421	0.5731486	0.398017
148	7	1.272133	0.1488702	0.4223742
149	5	-0.1463421	0.5731486	0.398017
149	6	-0.1463421	0.5731486	0.398017
149	7	1.272133	0.1488702	0.4223742
150	5	-0.1463421	0.5731486	0.398017
150	6	-0.1463421	0.5731486	0.398017
150	7	1.272133	0.1488702	0.4223742
151	5	-0.1463421	0.5731486	0.398017
151	6	-0.1463421	0.5731486	0.398017
151	7	1.272133	0.1488702	0.4223742
152	5	-0.1463421	0.5731486	0.398017
152	6	-0.1463421	0.5731486	0.398017
152	7	1.272133	0.1488702	0.4223742
153	5	-0.1463421	0.5731486	0.398017
153	6	-0.1463421	0.5731486	0.398017
153	7	1.272133	0.1488702	0.4223742
154	5	-0.1463421	0.5731486	0.398017
154	6	-0.1463421	0.5731486	0.398017
154	7	1.272133	0.1488702	0.4223742
155	5	-0.1463421	0.5731486	0.398017
155	6	-0.1463421	0.5731486	0.398017
155	7	1.272133	0.1488702	0.4223742
156	5	-0.1463421	0.5731486	0.398017
156	6	-0.1463421	0.5731486	0.398017
156	7	1.272133	0.1488702	0.4223742
157	5	-0.1463421	0.5731486	0.398017
157	6	-0.1463421	0.5731486	0.398017
157	7	1.272133	0.1488702	0.4223742
158	5	-0.1463421	0.5731486	0.398017
158	6	-0.1463421	0.5731486	0.398017
158	7	1.272133	0.1488702	0.4223742
159	5	-0.1463421	0.5731486	0.398017
159	6	-0.1463421	0.5731486	0.398017
159	7	1.272133	0.1488702	0.4223742
178	1	0.4827076	0.3067779	1.183907
178	2	0.4827076	0.3067779	1.183907
178	3	0.4827076	0.3067779	1.183907
178	4	0.4827076	0.3067779	1.183907
178	5	0.00851171	0.5554482	0.1170880
178	6	0.00851171	0.5554482	0.1170880
178	7	0.7633539	0.3425577	0.002321242
179	1	0.4827076	0.3067779	1.183907
179	2	0.4827076	0.3067779	1.183907
179	3	0.4827076	0.3067779	1.183907
179	4	0.4827076	0.3067779	1.183907
179	5	0.00851171	0.5554482	0.1170880
179	6	0.00851171	0.5554482	0.1170880
179	7	0.7633539	0.3425577	0.002321242
180	1	0.4827076	0.3067779	1.183907
180	2	0.4827076	0.3067779	1.183907
180	3	0.4827076	0.3067779	1.183907
180	4	0.4827076	0.3067779	1.183907
180	5	0.00851171	0.5554482	0.1170880
180	6	0.00851171	0.5554482	0.1170880
180	7	0.7633539	0.3425577	0.002321242
181	1	0.4827076	0.3067779	1.183907
181	2	0.4827076	0.3067779	1.183907
181	3	0.4827076	0.3067779	1.183907
181	4	0.4827076	0.3067779	1.183907
181	5	0.00851171	0.5554482	0.1170880
181	6	0.00851171	0.5554482	0.1170880
181	7	0.7633539	0.3425577	0.002321242
182	1	0.4827076	0.3067779	1.183907
182	2	0.4827076	0.3067779	1.183907
182	3	0.4827076	0.3067779	1.183907
182	4	0.4827076	0.3067779	1.183907
182	5	0.00851171	0.5554482	0.1170880
182	6	0.00851171	0.5554482	0.1170880
182	7	0.7633539	0.3425577	0.002321242
183	3	0.2856403	0.3468877	1.367167
183	4	0.2856403	0.3468877	1.367167
183	5	0.04804242	0.5447446	0.1066638
183	6	0.04804242	0.5447446	0.1066638
183	7	1.018930	0.2628579	0.03896366
184	3	0.3995958	0.3245239	1.252971
184	4	0.3995958	0.3245239	1.252971
184	6	0.7876004	0.3341930	0.01376041
184	7	-0.04105998	0.5662944	0.1556875
185	3	0.3995958	0.3245239	1.252971
185	4	0.3995958	0.3245239	1.252971
185	6	0.7876004	0.3341930	0.01376041
185	7	-0.04105998	0.5662944	0.1556875
186	3	0.3995958	0.3245239	1.252971
186	4	0.3995958	0.3245239	1.252971
186	6	0.7876004	0.3341930	0.01376041
186	7	-0.04105998	0.5662944	0.1556875
187	3	0.3995958	0.3245239	1.252971
187	4	0.3995958	0.3245239	1.252971
187	6	0.7876004	0.3341930	0.01376041
187	7	-0.04105998	0.5662944	0.1556875
188	3	0.3995958	0.3245239	1.252971
188	4	0.3995958	0.3245239	1.252971
188	6	0.7876004	0.3341930	0.01376041
188	7	-0.04105998	0.5662944	0.1556875
189	3	0.4759299	0.3041473	1.229948
189	4	0.4759299	0.3041473	1.229948
189	5	0.6267877	0.3823001	0.01093388
189	6	0.6267877	0.3823001	0.01093388
189	7	-0.1775665	0.5874616	0.3481954
190	3	0.4759299	0.3041473	1.229948
190	4	0.4759299	0.3041473	1.229948
190	5	0.6267877	0.3823001	0.01093388
190	6	0.6267877	0.3823001	0.01093388
190	7	-0.1775665	0.5874616	0.3481954
191	3	0.4759299	0.3041473	1.229948
191	4	0.4759299	0.3041473	1.229948
191	5	0.6267877	0.3823001	0.01093388
191	6	0.6267877	0.3823001	0.01093388
191	7	-0.1775665	0.5874616	0.3481954
192	1	1.182548	0.1580916	0.5949903
192	3	0.03477254	0.4143326	1.438091
192	4	0.03477254	0.4143326	1.438091
192	5	0.2621506	0.4883377	0.03468430
192	6	0.2621506	0.4883377	0.03468430
192	7	0.2146474	0.5025401	0.03392961
193	1	1.127435	0.1706987	0.63247
193	2	1.127435	0.1706987	0.63247
193	3	-0.1189756	0.4599241	1.439374
193	4	-0.1189756	0.4599241	1.439374
193	5	0.2100162	0.5031255	0.04177593
193	6	0.2100162	0.5031255	0.04177593
193	7	0.2000268	0.5069962	0.03285677
194	1	1.127435	0.1706987	0.63247
194	2	1.127435	0.1706987	0.63247
194	3	-0.1189756	0.4599241	1.439374
194	4	-0.1189756	0.4599241	1.439374
194	5	0.2100162	0.5031255	0.04177593
194	6	0.2100162	0.5031255	0.04177593
194	7	0.2000268	0.5069962	0.03285677
195	1	1.127435	0.1706987	0.63247
195	2	1.127435	0.1706987	0.63247
195	3	-0.1189756	0.4599241	1.439374
195	4	-0.1189756	0.4599241	1.439374
195	5	0.2100162	0.5031255	0.04177593
195	6	0.2100162	0.5031255	0.04177593
195	7	0.2000268	0.5069962	0.03285677
196	1	1.127435	0.1706987	0.63247
196	2	1.127435	0.1706987	0.63247
196	3	-0.1189756	0.4599241	1.439374
196	4	-0.1189756	0.4599241	1.439374
196	5	0.2100162	0.5031255	0.04177593
196	6	0.2100162	0.5031255	0.04177593
196	7	0.2000268	0.5069962	0.03285677
197	1	1.127435	0.1706987	0.63247
197	2	1.127435	0.1706987	0.63247
197	3	-0.1189756	0.4599241	1.439374
197	4	-0.1189756	0.4599241	1.439374
197	5	0.2100162	0.5031255	0.04177593
197	6	0.2100162	0.5031255	0.04177593
197	7	0.2000268	0.5069962	0.03285677
198	3	0.4153005	0.3172921	1.278355
198	4	0.4153005	0.3172921	1.278355
198	5	0.5060515	0.4179365	0.01358562
198	6	0.5060515	0.4179365	0.01358562
198	7	-0.02294183	0.5608786	0.1559641
199	3	0.4153005	0.3172921	1.278355
199	4	0.4153005	0.3172921	1.278355
199	5	0.5060515	0.4179365	0.01358562
199	6	0.5060515	0.4179365	0.01358562
199	7	-0.02294183	0.5608786	0.1559641
200	3	0.3608708	0.3328697	1.284386
200	4	0.3608708	0.3328697	1.284386
200	6	0.5965147	0.3915794	0.008190149
200	7	0.08220706	0.5377072	0.07572256
201	1	1.120944	0.1715290	0.6433687
201	2	1.120944	0.1715290	0.6433687
201	3	-0.1126345	0.4575971	1.443747
201	4	-0.1126345	0.4575971	1.443747
201	5	0.2030871	0.5058329	0.03536657
201	6	0.2134399	0.5018032	0.04479055
201	7	0.2012299	0.5065495	0.03373844
202	1	1.127435	0.1706987	0.63247
202	2	1.127435	0.1706987	0.63247
202	3	-0.1189756	0.4599241	1.439374
202	4	-0.1189756	0.4599241	1.439374
202	5	0.2100162	0.5031255	0.04177593
202	6	0.2100162	0.5031255	0.04177593
202	7	0.2000268	0.5069962	0.03285677
203	1	1.127435	0.1706987	0.63247
203	2	1.127435	0.1706987	0.63247
203	3	-0.1189756	0.4599241	1.439374
203	4	-0.1189756	0.4599241	1.439374
203	5	0.2100162	0.5031255	0.04177593
203	6	0.2100162	0.5031255	0.04177593
203	7	0.2000268	0.5069962	0.03285677
204	1	1.127435	0.1706987	0.63247
204	2	1.127435	0.1706987	0.63247
204	3	-0.1189756	0.4599241	1.439374
204	4	-0.1189756	0.4599241	1.439374
204	5	0.2100162	0.5031255	0.04177593
204	6	0.2100162	0.5031255	0.04177593
204	7	0.2000268	0.5069962	0.03285677
205	1	1.127435	0.1706987	0.63247
205	2	1.127435	0.1706987	0.63247
205	3	-0.1189756	0.4599241	1.439374
205	4	-0.1189756	0.4599241	1.439374
205	5	0.2100162	0.5031255	0.04177593
205	6	0.2100162	0.5031255	0.04177593
205	7	0.2000268	0.5069962	0.03285677
206	1	1.127435	0.1706987	0.63247
206	2	1.127435	0.1706987	0.63247
206	3	-0.1189756	0.4599241	1.439374
206	4	-0.1189756	0.4599241	1.439374
206	5	0.2100162	0.5031255	0.04177593
206	6	0.2100162	0.5031255	0.04177593
206	7	0.2000268	0.5069962	0.03285677
207	1	1.127435	0.1706987	0.63247
207	2	1.127435	0.1706987	0.63247
207	3	-0.1189756	0.4599241	1.439374
207	4	-0.1189756	0.4599241	1.439374
207	5	0.2100162	0.5031255	0.04177593
207	6	0.2100162	0.5031255	0.04177593
207	7	0.2000268	0.5069962	0.03285677
208	1	1.127435	0.1706987	0.63247
208	2	1.127435	0.1706987	0.63247
208	3	-0.1189756	0.4599241	1.439374
208	4	-0.1189756	0.4599241	1.439374
208	5	0.2100162	0.5031255	0.04177593
208	6	0.2100162	0.5031255	0.04177593
208	7	0.2000268	0.5069962	0.03285677
209	1	1.127435	0.1706987	0.63247
209	2	1.127435	0.1706987	0.63247
209	3	-0.1189756	0.4599241	1.439374
209	4	-0.1189756	0.4599241	1.439374
209	5	0.2100162	0.5031255	0.04177593
209	6	0.2100162	0.5031255	0.04177593
209	7	0.2000268	0.5069962	0.03285677
216	1	0.2208263	0.3657665	1.371084
216	2	0.2208263	0.3657665	1.371084
216	3	0.8046123	0.2472078	0.825612
216	4	0.8046123	0.2472078	0.825612
216	5	0.02409297	0.5494404	0.1307062
216	6	0.02409297	0.5494404	0.1307062
216	7	0.9703913	0.2784806	0.02718570
217	1	0.2208263	0.3657665	1.371084
217	2	0.2208263	0.3657665	1.371084
217	3	0.8046123	0.2472078	0.825612
217	4	0.8046123	0.2472078	0.825612
217	5	0.02409297	0.5494404	0.1307062
217	6	0.02409297	0.5494404	0.1307062
217	7	0.9703913	0.2784806	0.02718570
218	1	0.2208263	0.3657665	1.371084
218	2	0.2208263	0.3657665	1.371084
218	3	0.8046123	0.2472078	0.825612
218	4	0.8046123	0.2472078	0.825612
218	5	0.02409297	0.5494404	0.1307062
218	6	0.02409297	0.5494404	0.1307062
218	7	0.9703913	0.2784806	0.02718570
219	1	0.2208263	0.3657665	1.371084
219	2	0.2208263	0.3657665	1.371084
219	3	0.8046123	0.2472078	0.825612
219	4	0.8046123	0.2472078	0.825612
219	5	0.02409297	0.5494404	0.1307062
219	6	0.02409297	0.5494404	0.1307062
219	7	0.9703913	0.2784806	0.02718570
220	1	0.2208263	0.3657665	1.371084
220	2	0.2208263	0.3657665	1.371084
220	3	0.8046123	0.2472078	0.825612
220	4	0.8046123	0.2472078	0.825612
220	5	0.02409297	0.5494404	0.1307062
220	6	0.02409297	0.5494404	0.1307062
220	7	0.9703913	0.2784806	0.02718570
221	1	0.2208263	0.3657665	1.371084
221	2	0.2208263	0.3657665	1.371084
221	3	0.8046123	0.2472078	0.825612
221	4	0.8046123	0.2472078	0.825612
221	5	0.02409297	0.5494404	0.1307062
221	6	0.02409297	0.5494404	0.1307062
221	7	0.9703913	0.2784806	0.02718570
222	1	0.2208263	0.3657665	1.371084
222	2	0.2208263	0.3657665	1.371084
222	3	0.8046123	0.2472078	0.825612
222	4	0.8046123	0.2472078	0.825612
222	5	0.02409297	0.5494404	0.1307062
222	6	0.02409297	0.5494404	0.1307062
222	7	0.9703913	0.2784806	0.02718570
250	5	-0.1238674	0.5664263	0.3984025
250	6	-0.1238674	0.5664263	0.3984025
250	7	1.180501	0.1762782	0.4208012
251	5	-0.1238674	0.5664263	0.3984025
251	6	-0.1238674	0.5664263	0.3984025
251	7	1.180501	0.1762782	0.4208012
252	5	-0.1238674	0.5664263	0.3984025
252	6	-0.1238674	0.5664263	0.3984025
252	7	1.180501	0.1762782	0.4208012
253	5	-0.1238674	0.5664263	0.3984025
253	6	-0.1238674	0.5664263	0.3984025
253	7	1.180501	0.1762782	0.4208012
254	5	-0.1238674	0.5664263	0.3984025
254	6	-0.1238674	0.5664263	0.3984025
254	7	1.180501	0.1762782	0.4208012
255	5	-0.1238674	0.5664263	0.3984025
255	6	-0.1238674	0.5664263	0.3984025
255	7	1.180501	0.1762782	0.4208012
256	5	-0.1238674	0.5664263	0.3984025
256	6	-0.1238674	0.5664263	0.3984025
256	7	1.180501	0.1762782	0.4208012
257	5	-0.1238674	0.5664263	0.3984025
257	6	-0.1238674	0.5664263	0.3984025
257	7	1.180501	0.1762782	0.4208012
258	5	-0.1238674	0.5664263	0.3984025
258	6	-0.1238674	0.5664263	0.3984025
258	7	1.180501	0.1762782	0.4208012
259	5	-0.1238674	0.5664263	0.3984025
259	6	-0.1238674	0.5664263	0.3984025
259	7	1.180501	0.1762782	0.4208012
260	5	-0.1238674	0.5664263	0.3984025
260	6	-0.1238674	0.5664263	0.3984025
260	7	1.180501	0.1762782	0.4208012
271	5	-0.1463421	0.5731486	0.398017
271	6	-0.1463421	0.5731486	0.398017
271	7	1.272133	0.1488702	0.4223742
272	5	-0.1238674	0.5664263	0.3984025
272	6	-0.1238674	0.5664263	0.3984025
272	7	1.180501	0.1762782	0.4208012
273	5	-0.1238674	0.5664263	0.3984025
273	6	-0.1238674	0.5664263	0.3984025
273	7	1.180501	0.1762782	0.4208012
274	5	-0.1238674	0.5664263	0.3984025
274	6	-0.1238674	0.5664263	0.3984025
274	7	1.180501	0.1762782	0.4208012
275	1	1.056226	0.1787161	0.7628621
275	2	1.056226	0.1787161	0.7628621
275	3	-0.0695821	0.4449714	1.441993
275	4	-0.0695821	0.4449714	1.441993
275	5	0.1755857	0.5138079	0.03738069
275	6	0.1755857	0.5138079	0.03738069
275	7	0.1725822	0.5144925	0.03944704
276	1	1.056226	0.1787161	0.7628621
276	2	1.056226	0.1787161	0.7628621
276	3	-0.0695821	0.4449714	1.441993
276	4	-0.0695821	0.4449714	1.441993
276	5	0.1755857	0.5138079	0.03738069
276	6	0.1755857	0.5138079	0.03738069
276	7	0.1725822	0.5144925	0.03944704
277	1	1.145678	0.1658185	0.6270693
277	2	1.145678	0.1658185	0.6270693
277	3	-0.1209329	0.4643158	1.401622
277	4	-0.1209329	0.4643158	1.401622
277	6	0.1386709	0.5244761	0.04044605
277	7	0.1386709	0.5244761	0.04044605
278	1	1.145678	0.1658185	0.6270693
278	2	1.145678	0.1658185	0.6270693
278	3	-0.1209329	0.4643158	1.401622
278	4	-0.1209329	0.4643158	1.401622
278	6	0.1386709	0.5244761	0.04044605
278	7	0.1386709	0.5244761	0.04044605
279	1	1.145678	0.1658185	0.6270693
279	2	1.145678	0.1658185	0.6270693
279	3	-0.1209329	0.4643158	1.401622
279	4	-0.1209329	0.4643158	1.401622
279	6	0.1386709	0.5244761	0.04044605
279	7	0.1386709	0.5244761	0.04044605
280	1	1.056226	0.1787161	0.7628621
280	2	1.056226	0.1787161	0.7628621
280	3	-0.0695821	0.4449714	1.441993
280	4	-0.0695821	0.4449714	1.441993
280	5	0.1755857	0.5138079	0.03738069
280	6	0.1755857	0.5138079	0.03738069
280	7	0.1725822	0.5144925	0.03944704
281	1	1.056226	0.1787161	0.7628621
281	2	1.056226	0.1787161	0.7628621
281	3	-0.0695821	0.4449714	1.441993
281	4	-0.0695821	0.4449714	1.441993
281	5	0.1755857	0.5138079	0.03738069
281	6	0.1755857	0.5138079	0.03738069
281	7	0.1725822	0.5144925	0.03944704
282	1	0.4718724	0.2988694	1.294207
282	2	0.4718724	0.2988694	1.294207
282	5	0.1163668	0.5280824	0.07043616
282	6	0.1163668	0.5280824	0.07043616
282	7	0.464559	0.4310385	0.006023976
283	1	0.4718724	0.2988694	1.294207
283	2	0.4718724	0.2988694	1.294207
283	5	0.1163668	0.5280824	0.07043616
283	6	0.1163668	0.5280824	0.07043616
283	7	0.464559	0.4310385	0.006023976
284	1	1.053638	0.1804707	0.7531042
284	2	1.053638	0.1804707	0.7531042
284	3	-0.04796021	0.434404	1.482994
284	4	-0.04796021	0.434404	1.482994
284	5	0.1965644	0.5084722	0.02843388
284	6	0.1965644	0.5084722	0.02843388
284	7	0.1975138	0.5081089	0.02923628
285	1	1.053638	0.1804707	0.7531042
285	2	1.053638	0.1804707	0.7531042
285	3	-0.04796021	0.434404	1.482994
285	4	-0.04796021	0.434404	1.482994
285	5	0.1965644	0.5084722	0.02843388
285	6	0.1965644	0.5084722	0.02843388
285	7	0.1975138	0.5081089	0.02923628
286	1	1.053638	0.1804707	0.7531042
286	2	1.053638	0.1804707	0.7531042
286	3	-0.04796021	0.434404	1.482994
286	4	-0.04796021	0.434404	1.482994
286	5	0.1965644	0.5084722	0.02843388
286	6	0.1965644	0.5084722	0.02843388
286	7	0.1975138	0.5081089	0.02923628
287	1	1.053638	0.1804707	0.7531042
287	2	1.053638	0.1804707	0.7531042
287	3	-0.04796021	0.434404	1.482994
287	4	-0.04796021	0.434404	1.482994
287	5	0.1965644	0.5084722	0.02843388
287	6	0.1965644	0.5084722	0.02843388
287	7	0.1975138	0.5081089	0.02923628
288	1	0.8605478	0.2128372	1.001375
288	3	-0.04785427	0.4267731	1.558301
288	5	0.2627266	0.4887221	0.02917754
288	6	0.2627266	0.4887221	0.02917754
288	7	0.2635354	0.4883951	0.03003456
289	1	1.189927	0.1600167	0.5541682
289	2	1.189927	0.1600167	0.5541682
289	3	-0.02942335	0.4328898	1.443374
289	4	-0.02942335	0.4328898	1.443374
289	5	0.1266162	0.5281532	0.03953138
289	6	0.1266162	0.5281532	0.03953138
290	1	1.189927	0.1600167	0.5541682
290	2	1.189927	0.1600167	0.5541682
290	3	-0.02942335	0.4328898	1.443374
290	4	-0.02942335	0.4328898	1.443374
290	5	0.1266162	0.5281532	0.03953138
290	6	0.1266162	0.5281532	0.03953138
291	1	1.189927	0.1600167	0.5541682
291	2	1.189927	0.1600167	0.5541682
291	3	-0.02942335	0.4328898	1.443374
291	4	-0.02942335	0.4328898	1.443374
291	5	0.1266162	0.5281532	0.03953138
291	6	0.1266162	0.5281532	0.03953138
292	1	1.189927	0.1600167	0.5541682
292	2	1.189927	0.1600167	0.5541682
292	3	-0.02942335	0.4328898	1.443374
292	4	-0.02942335	0.4328898	1.443374
292	5	0.1266162	0.5281532	0.03953138
292	6	0.1266162	0.5281532	0.03953138
293	1	0.4821801	0.3045817	1.207226
293	2	0.4821801	0.3045817	1.207226
293	3	0.4821801	0.3045817	1.207226
293	4	0.4821801	0.3045817	1.207226
293	5	0.02200243	0.5534721	0.0969144
293	6	0.02200243	0.5534721	0.0969144
293	7	0.6904686	0.3650248	-0.00553446
294	1	1.053638	0.1804707	0.7531042
294	2	1.053638	0.1804707	0.7531042
294	3	-0.04796021	0.434404	1.482994
294	4	-0.04796021	0.434404	1.482994
294	5	0.1965644	0.5084722	0.02843388
294	6	0.1965644	0.5084722	0.02843388
294	7	0.1975138	0.5081089	0.02923628
295	1	1.053638	0.1804707	0.7531042
295	2	1.053638	0.1804707	0.7531042
295	3	-0.04796021	0.434404	1.482994
295	4	-0.04796021	0.434404	1.482994
295	5	0.1965644	0.5084722	0.02843388
295	6	0.1965644	0.5084722	0.02843388
295	7	0.1975138	0.5081089	0.02923628
296	1	1.053638	0.1804707	0.7531042
296	2	1.053638	0.1804707	0.7531042
296	3	-0.04796021	0.434404	1.482994
296	4	-0.04796021	0.434404	1.482994
296	5	0.1965644	0.5084722	0.02843388
296	6	0.1965644	0.5084722	0.02843388
296	7	0.1975138	0.5081089	0.02923628
297	1	1.053638	0.1804707	0.7531042
297	2	1.053638	0.1804707	0.7531042
297	3	-0.04796021	0.434404	1.482994
297	4	-0.04796021	0.434404	1.482994
297	5	0.1965644	0.5084722	0.02843388
297	6	0.1965644	0.5084722	0.02843388
297	7	0.1975138	0.5081089	0.02923628
298	1	1.053638	0.1804707	0.7531042
298	2	1.053638	0.1804707	0.7531042
298	3	-0.04796021	0.434404	1.482994
298	4	-0.04796021	0.434404	1.482994
298	5	0.1965644	0.5084722	0.02843388
298	6	0.1965644	0.5084722	0.02843388
298	7	0.1975138	0.5081089	0.02923628
299	1	1.189927	0.1600167	0.5541682
299	2	1.189927	0.1600167	0.5541682
299	3	-0.02942335	0.4328898	1.443374
299	4	-0.02942335	0.4328898	1.443374
299	5	0.1266162	0.5281532	0.03953138
299	6	0.1266162	0.5281532	0.03953138
300	1	1.264704	0.1593954	0.3399690
300	2	1.264704	0.1593954	0.3399690
300	3	-0.1345505	0.4698825	1.386588
300	4	-0.1345505	0.4698825	1.386588
300	6	0.08076416	0.541476	0.04262799
301	1	1.264704	0.1593954	0.3399690
301	2	1.264704	0.1593954	0.3399690
301	3	-0.1345505	0.4698825	1.386588
301	4	-0.1345505	0.4698825	1.386588
301	6	0.08076416	0.541476	0.04262799
302	1	1.264704	0.1593954	0.3399690
302	2	1.264704	0.1593954	0.3399690
302	3	-0.1345505	0.4698825	1.386588
302	4	-0.1345505	0.4698825	1.386588
302	6	0.08076416	0.541476	0.04262799
309	1	1.120904	0.1941041	0.4197782
309	2	1.120904	0.1941041	0.4197782
310	1	1.120904	0.1941041	0.4197782
310	2	1.120904	0.1941041	0.4197782
311	1	1.120904	0.1941041	0.4197782
311	2	1.120904	0.1941041	0.4197782
312	1	1.120904	0.1941041	0.4197782
312	2	1.120904	0.1941041	0.4197782
313	1	1.120904	0.1941041	0.4197782
313	2	1.120904	0.1941041	0.4197782
314	1	1.120904	0.1941041	0.4197782
314	2	1.120904	0.1941041	0.4197782
315	1	1.120904	0.1941041	0.4197782
315	2	1.120904	0.1941041	0.4197782
316	1	1.120904	0.1941041	0.4197782
316	2	1.120904	0.1941041	0.4197782
317	1	1.120904	0.1941041	0.4197782
317	2	1.120904	0.1941041	0.4197782
318	1	1.120904	0.1941041	0.4197782
318	2	1.120904	0.1941041	0.4197782
319	1	1.120904	0.1941041	0.4197782
319	2	1.120904	0.1941041	0.4197782
320	1	1.120904	0.1941041	0.4197782
320	2	1.120904	0.1941041	0.4197782
321	1	1.120904	0.1941041	0.4197782
321	2	1.120904	0.1941041	0.4197782
322	1	1.120904	0.1941041	0.4197782
322	2	1.120904	0.1941041	0.4197782
323	1	1.120904	0.1941041	0.4197782
323	2	1.120904	0.1941041	0.4197782
324	1	1.120904	0.1941041	0.4197782
324	2	1.120904	0.1941041	0.4197782
325	1	1.120904	0.1941041	0.4197782
325	2	1.120904	0.1941041	0.4197782
326	1	1.120904	0.1941041	0.4197782
326	2	1.120904	0.1941041	0.4197782
327	1	1.120904	0.1941041	0.4197782
327	2	1.120904	0.1941041	0.4197782
328	1	1.120904	0.1941041	0.4197782
328	2	1.120904	0.1941041	0.4197782
329	1	1.120904	0.1941041	0.4197782
329	2	1.120904	0.1941041	0.4197782
330	1	1.120904	0.1941041	0.4197782
330	2	1.120904	0.1941041	0.4197782
333	1	0.4317311	0.4402615	0.01136735
333	2	0.4317311	0.4402615	0.01136735
333	3	-0.2727645	0.5138154	1.358530
333	4	-0.2727645	0.5138154	1.358530
333	6	1.319763	0.1429527	0.3406565
334	1	-0.2821256	0.5178718	1.345920
334	2	-0.2821256	0.5178718	1.345920
334	3	1.292677	0.1405248	0.4445345
334	4	1.292677	0.1405248	0.4445345
334	5	0.1631024	0.5148305	0.06403358
334	6	0.1631024	0.5148305	0.06403358
334	7	0.1589266	0.5175204	0.04968271
335	1	-0.2821256	0.5178718	1.345920
335	2	-0.2821256	0.5178718	1.345920
335	3	1.292677	0.1405248	0.4445345
335	4	1.292677	0.1405248	0.4445345
335	5	0.1631024	0.5148305	0.06403358
335	6	0.1631024	0.5148305	0.06403358
335	7	0.1589266	0.5175204	0.04968271
336	1	1.080345	0.1793810	0.6851999
336	2	1.080345	0.1793810	0.6851999
336	3	-0.3667901	0.5423188	1.353156
336	5	0.2449027	0.4923939	0.04531567
336	6	0.2449027	0.4923939	0.04531567
336	7	0.2727822	0.4859998	0.02652152
337	1	1.080345	0.1793810	0.6851999
337	2	1.080345	0.1793810	0.6851999
337	3	-0.3667901	0.5423188	1.353156
337	5	0.2449027	0.4923939	0.04531567
337	6	0.2449027	0.4923939	0.04531567
337	7	0.2727822	0.4859998	0.02652152
338	1	1.080345	0.1793810	0.6851999
338	2	1.080345	0.1793810	0.6851999
338	3	-0.3667901	0.5423188	1.353156
338	5	0.2449027	0.4923939	0.04531567
338	6	0.2449027	0.4923939	0.04531567
338	7	0.2727822	0.4859998	0.02652152
339	1	1.080345	0.1793810	0.6851999
339	2	1.080345	0.1793810	0.6851999
339	3	-0.3667901	0.5423188	1.353156
339	5	0.2449027	0.4923939	0.04531567
339	6	0.2449027	0.4923939	0.04531567
339	7	0.2727822	0.4859998	0.02652152
340	1	1.080345	0.1793810	0.6851999
340	2	1.080345	0.1793810	0.6851999
340	3	-0.3667901	0.5423188	1.353156
340	5	0.2449027	0.4923939	0.04531567
340	6	0.2449027	0.4923939	0.04531567
340	7	0.2727822	0.4859998	0.02652152
341	1	1.080345	0.1793810	0.6851999
341	2	1.080345	0.1793810	0.6851999
341	3	-0.3667901	0.5423188	1.353156
341	5	0.2449027	0.4923939	0.04531567
341	6	0.2449027	0.4923939	0.04531567
341	7	0.2727822	0.4859998	0.02652152
342	1	1.053311	0.1834520	0.7245224
342	2	1.053311	0.1834520	0.7245224
342	3	-0.3694134	0.5636869	1.149138
342	5	0.1289978	0.5224327	0.08920028
342	6	0.1289978	0.5224327	0.08920028
342	7	0.3991893	0.4500709	0.01005678
343	1	1.053311	0.1834520	0.7245224
343	2	1.053311	0.1834520	0.7245224
343	3	-0.3694134	0.5636869	1.149138
343	5	0.1289978	0.5224327	0.08920028
343	6	0.1289978	0.5224327	0.08920028
343	7	0.3991893	0.4500709	0.01005678
344	2	0.2329941	0.3556752	1.435228
344	5	0.1307168	0.5213803	0.09456375
344	6	0.1307168	0.5213803	0.09456375
344	7	0.6716932	0.3685050	0.01530722
345	2	0.2329941	0.3556752	1.435228
345	5	0.1307168	0.5213803	0.09456375
345	6	0.1307168	0.5213803	0.09456375
345	7	0.6716932	0.3685050	0.01530722
346	1	0.4415812	0.3109128	1.264126
346	2	0.4415812	0.3109128	1.264126
346	5	0.1163242	0.5264758	0.08648235
346	6	0.1163242	0.5264758	0.08648235
346	7	0.4551957	0.433745	0.006796122
347	1	0.4840692	0.3026508	1.220792
347	2	0.4840692	0.3026508	1.220792
347	5	0.07204884	0.5396185	0.08671731
347	7	0.3770421	0.4567374	0.009259293
348	1	1.120904	0.1941041	0.4197782
348	2	1.120904	0.1941041	0.4197782
349	1	1.120904	0.1941041	0.4197782
349	2	1.120904	0.1941041	0.4197782
350	1	1.120904	0.1941041	0.4197782
350	2	1.120904	0.1941041	0.4197782
351	1	1.120904	0.1941041	0.4197782
351	2	1.120904	0.1941041	0.4197782
377	1	0.4485782	0.3204189	1.149305
377	2	1.314992	0.1575929	0.2096376
377	3	-0.1070664	0.4645566	1.358374
377	4	-0.1070664	0.4645566	1.358374
377	5	0.1354401	0.5224268	0.07027438
377	7	0.1354401	0.5224268	0.07027438
378	1	0.996477	0.2018538	0.7096512
378	2	0.996477	0.2018538	0.7096512
378	3	0.0008517316	0.4328129	1.354919
378	4	0.0008517316	0.4328129	1.354919
378	5	0.219841	0.4994102	0.04964097
378	6	0.219841	0.4994102	0.04964097
378	7	0.2219258	0.4985841	0.05168335
379	1	0.996477	0.2018538	0.7096512
379	2	0.996477	0.2018538	0.7096512
379	3	0.0008517316	0.4328129	1.354919
379	4	0.0008517316	0.4328129	1.354919
379	5	0.219841	0.4994102	0.04964097
379	6	0.219841	0.4994102	0.04964097
379	7	0.2219258	0.4985841	0.05168335
380	1	0.996477	0.2018538	0.7096512
380	2	0.996477	0.2018538	0.7096512
380	3	0.0008517316	0.4328129	1.354919
380	4	0.0008517316	0.4328129	1.354919
380	5	0.219841	0.4994102	0.04964097
380	6	0.219841	0.4994102	0.04964097
380	7	0.2219258	0.4985841	0.05168335
381	1	0.996477	0.2018538	0.7096512
381	2	0.996477	0.2018538	0.7096512
381	3	0.0008517316	0.4328129	1.354919
381	4	0.0008517316	0.4328129	1.354919
381	5	0.219841	0.4994102	0.04964097
381	6	0.219841	0.4994102	0.04964097
381	7	0.2219258	0.4985841	0.05168335
382	1	0.996477	0.2018538	0.7096512
382	2	0.996477	0.2018538	0.7096512
382	3	0.0008517316	0.4328129	1.354919
382	4	0.0008517316	0.4328129	1.354919
382	5	0.219841	0.4994102	0.04964097
382	6	0.219841	0.4994102	0.04964097
382	7	0.2219258	0.4985841	0.05168335
383	1	1.121616	0.181531	0.5422729
383	2	1.121616	0.181531	0.5422729
383	3	0.01665231	0.4298826	1.337395
383	4	0.01665231	0.4298826	1.337395
383	5	0.1580498	0.5163278	0.06408543
383	6	0.1580498	0.5163278	0.06408543
384	1	1.121616	0.181531	0.5422729
384	2	1.121616	0.181531	0.5422729
384	3	0.01665231	0.4298826	1.337395
384	4	0.01665231	0.4298826	1.337395
384	5	0.1580498	0.5163278	0.06408543
384	6	0.1580498	0.5163278	0.06408543
385	1	0.7405248	0.2529810	0.9572594
385	2	0.7405248	0.2529810	0.9572594
385	3	0.0554685	0.4168477	1.35218
385	5	0.3438471	0.464671	0.02846247
385	6	0.3438471	0.464671	0.02846247
385	7	-0.002079785	0.5527545	0.1749930
386	1	1.080167	0.1884804	0.5955512
386	2	1.080167	0.1884804	0.5955512
386	3	-0.05518058	0.4513581	1.336265
386	4	-0.05518058	0.4513581	1.336265
386	6	0.2044908	0.5039189	0.05019639
386	7	0.2044908	0.5039189	0.05019639
387	1	1.080167	0.1884804	0.5955512
387	2	1.080167	0.1884804	0.5955512
387	3	-0.05518058	0.4513581	1.336265
387	4	-0.05518058	0.4513581	1.336265
387	6	0.2044908	0.5039189	0.05019639
387	7	0.2044908	0.5039189	0.05019639
388	1	1.080167	0.1884804	0.5955512
388	2	1.080167	0.1884804	0.5955512
388	3	-0.05518058	0.4513581	1.336265
388	4	-0.05518058	0.4513581	1.336265
388	6	0.2044908	0.5039189	0.05019639
388	7	0.2044908	0.5039189	0.05019639
389	1	1.080167	0.1884804	0.5955512
389	2	1.080167	0.1884804	0.5955512
389	3	-0.05518058	0.4513581	1.336265
389	4	-0.05518058	0.4513581	1.336265
389	6	0.2044908	0.5039189	0.05019639
389	7	0.2044908	0.5039189	0.05019639
390	1	0.996477	0.2018538	0.7096512
390	2	0.996477	0.2018538	0.7096512
390	3	0.0008517316	0.4328129	1.354919
390	4	0.0008517316	0.4328129	1.354919
390	5	0.219841	0.4994102	0.04964097
390	6	0.219841	0.4994102	0.04964097
390	7	0.2219258	0.4985841	0.05168335
391	1	0.4668614	0.3121867	1.177005
391	2	0.4668614	0.3121867	1.177005
391	5	0.05919773	0.5390762	0.1299619
391	6	0.05919773	0.5390762	0.1299619
391	7	0.6998809	0.359453	0.02194248
392	1	0.4668614	0.3121867	1.177005
392	2	0.4668614	0.3121867	1.177005
392	5	0.05919773	0.5390762	0.1299619
392	6	0.05919773	0.5390762	0.1299619
392	7	0.6998809	0.359453	0.02194248
393	1	0.4668614	0.3121867	1.177005
393	2	0.4668614	0.3121867	1.177005
393	5	0.05919773	0.5390762	0.1299619
393	6	0.05919773	0.5390762	0.1299619
393	7	0.6998809	0.359453	0.02194248
394	1	0.4827975	0.3104288	1.147464
394	2	0.4827975	0.3104288	1.147464
394	5	0.01168433	0.5504049	0.1577150
394	7	0.5085565	0.4169837	0.01564580
395	1	1.193898	0.1698154	0.4453644
395	2	1.193898	0.1698154	0.4453644
395	3	-0.1283797	0.4608514	1.457898
395	4	-0.1283797	0.4608514	1.457898
395	5	0.2979857	0.4783811	0.02774798
395	6	0.2979857	0.4783811	0.02774798
395	7	0.3304112	0.4690364	0.02479677
396	1	1.193898	0.1698154	0.4453644
396	2	1.193898	0.1698154	0.4453644
396	3	-0.1283797	0.4608514	1.457898
396	4	-0.1283797	0.4608514	1.457898
396	5	0.2979857	0.4783811	0.02774798
396	6	0.2979857	0.4783811	0.02774798
396	7	0.3304112	0.4690364	0.02479677
397	1	1.193898	0.1698154	0.4453644
397	2	1.193898	0.1698154	0.4453644
397	3	-0.1283797	0.4608514	1.457898
397	4	-0.1283797	0.4608514	1.457898
397	5	0.2979857	0.4783811	0.02774798
397	6	0.2979857	0.4783811	0.02774798
397	7	0.3304112	0.4690364	0.02479677
398	1	0.996477	0.2018538	0.7096512
398	2	0.996477	0.2018538	0.7096512
398	3	0.0008517316	0.4328129	1.354919
398	4	0.0008517316	0.4328129	1.354919
398	5	0.219841	0.4994102	0.04964097
398	6	0.219841	0.4994102	0.04964097
398	7	0.2219258	0.4985841	0.05168335
399	1	0.996477	0.2018538	0.7096512
399	2	0.996477	0.2018538	0.7096512
399	3	0.0008517316	0.4328129	1.354919
399	4	0.0008517316	0.4328129	1.354919
399	5	0.219841	0.4994102	0.04964097
399	6	0.219841	0.4994102	0.04964097
399	7	0.2219258	0.4985841	0.05168335
400	1	0.7405248	0.2529810	0.9572594
400	2	0.7405248	0.2529810	0.9572594
400	3	0.0554685	0.4168477	1.35218
400	5	0.3438471	0.464671	0.02846247
400	6	0.3438471	0.464671	0.02846247
400	7	-0.002079785	0.5527545	0.1749930
401	1	0.7405248	0.2529810	0.9572594
401	2	0.7405248	0.2529810	0.9572594
401	3	0.0554685	0.4168477	1.35218
401	5	0.3438471	0.464671	0.02846247
401	6	0.3438471	0.464671	0.02846247
401	7	-0.002079785	0.5527545	0.1749930
402	1	1.105137	0.1818033	0.5881377
402	2	1.105137	0.1818033	0.5881377
402	3	0.5173465	0.3047167	1.102257
402	4	-0.3314443	0.5295224	1.375802
402	5	0.2916357	0.479752	0.03287584
402	6	0.2916357	0.479752	0.03287584
402	7	0.3100845	0.4743567	0.03197530
403	1	0.996477	0.2018538	0.7096512
403	2	0.996477	0.2018538	0.7096512
403	3	0.0008517316	0.4328129	1.354919
403	4	0.0008517316	0.4328129	1.354919
403	5	0.219841	0.4994102	0.04964097
403	6	0.219841	0.4994102	0.04964097
403	7	0.2219258	0.4985841	0.05168335
404	1	0.996477	0.2018538	0.7096512
404	2	0.996477	0.2018538	0.7096512
404	3	0.0008517316	0.4328129	1.354919
404	4	0.0008517316	0.4328129	1.354919
404	5	0.219841	0.4994102	0.04964097
404	6	0.219841	0.4994102	0.04964097
404	7	0.2219258	0.4985841	0.05168335
405	1	0.996477	0.2018538	0.7096512
405	2	0.996477	0.2018538	0.7096512
405	3	0.0008517316	0.4328129	1.354919
405	4	0.0008517316	0.4328129	1.354919
405	5	0.219841	0.4994102	0.04964097
405	6	0.219841	0.4994102	0.04964097
405	7	0.2219258	0.4985841	0.05168335
406	1	0.996477	0.2018538	0.7096512
406	2	0.996477	0.2018538	0.7096512
406	3	0.0008517316	0.4328129	1.354919
406	4	0.0008517316	0.4328129	1.354919
406	5	0.219841	0.4994102	0.04964097
406	6	0.219841	0.4994102	0.04964097
406	7	0.2219258	0.4985841	0.05168335
407	1	0.996477	0.2018538	0.7096512
407	2	0.996477	0.2018538	0.7096512
407	3	0.0008517316	0.4328129	1.354919
407	4	0.0008517316	0.4328129	1.354919
407	5	0.219841	0.4994102	0.04964097
407	6	0.219841	0.4994102	0.04964097
407	7	0.2219258	0.4985841	0.05168335
408	1	0.4925477	0.3133518	1.089765
408	2	0.4925477	0.3133518	1.089765
408	4	0.4937635	0.3077826	1.141371
408	5	8.693655e-05	0.5525673	0.1704631
408	7	0.5161762	0.4146456	0.01636092
410	1	-0.2692597	0.5469485	1.019868
410	2	-0.2692597	0.5469485	1.019868
410	3	1.280545	0.1533628	0.3530666
410	4	1.280545	0.1533628	0.3530666
410	5	-0.08701952	0.5643986	0.3099103
410	7	-0.05916463	0.5669068	0.2029707
411	1	1.161526	0.2078200	0.1641534
411	2	1.161526	0.2078200	0.1641534
411	3	-0.1750946	0.4789673	1.41604
411	4	-0.1750946	0.4789673	1.41604
411	5	0.5279014	0.4100615	0.02723473
411	6	0.5279014	0.4100615	0.02723473
411	7	0.3893126	0.4526917	0.01319040
432	1	0.6016753	0.2875845	1.023524
432	2	0.6016753	0.2875845	1.023524
432	3	-0.2155291	0.5800638	0.5333749
432	4	-0.2155291	0.5800638	0.5333749
432	5	0.6016753	0.2875845	1.023524
432	6	0.6016753	0.2875845	1.023524
432	7	0.896434	0.3016677	0.01535406
433	1	-0.1481094	0.5675171	0.4590307
433	2	-0.1481094	0.5675171	0.4590307
433	3	1.254330	0.1603915	0.3606664
433	4	1.254330	0.1603915	0.3606664
433	5	-0.1481094	0.5675171	0.4590307
433	6	-0.1481094	0.5675171	0.4590307
433	7	-0.195666	0.5810698	0.4648726
434	1	-0.1481094	0.5675171	0.4590307
434	2	-0.1481094	0.5675171	0.4590307
434	3	1.254330	0.1603915	0.3606664
434	4	1.254330	0.1603915	0.3606664
434	5	-0.1481094	0.5675171	0.4590307
434	6	-0.1481094	0.5675171	0.4590307
434	7	-0.195666	0.5810698	0.4648726
435	1	-0.1481094	0.5675171	0.4590307
435	2	-0.1481094	0.5675171	0.4590307
435	3	1.254330	0.1603915	0.3606664
435	4	1.254330	0.1603915	0.3606664
435	5	-0.1481094	0.5675171	0.4590307
435	6	-0.1481094	0.5675171	0.4590307
435	7	-0.195666	0.5810698	0.4648726
436	1	-0.1151808	0.5638281	0.3985512
436	2	-0.1151808	0.5638281	0.3985512
436	3	1.197747	0.1711198	0.4210978
436	4	1.197747	0.1711198	0.4210978
436	5	-0.1151808	0.5638281	0.3985512
436	6	-0.1151808	0.5638281	0.3985512
436	7	-0.1600185	0.5772394	0.3977812
437	1	-0.1151808	0.5638281	0.3985512
437	2	-0.1151808	0.5638281	0.3985512
437	3	1.197747	0.1711198	0.4210978
437	4	1.197747	0.1711198	0.4210978
437	5	-0.1151808	0.5638281	0.3985512
437	6	-0.1151808	0.5638281	0.3985512
437	7	-0.1600185	0.5772394	0.3977812
438	1	-0.1151808	0.5638281	0.3985512
438	2	-0.1151808	0.5638281	0.3985512
438	3	1.197747	0.1711198	0.4210978
438	4	1.197747	0.1711198	0.4210978
438	5	-0.1151808	0.5638281	0.3985512
438	6	-0.1151808	0.5638281	0.3985512
438	7	-0.1600185	0.5772394	0.3977812
439	1	-0.1151808	0.5638281	0.3985512
439	2	-0.1151808	0.5638281	0.3985512
439	3	1.197747	0.1711198	0.4210978
439	4	1.197747	0.1711198	0.4210978
439	5	-0.1151808	0.5638281	0.3985512
439	6	-0.1151808	0.5638281	0.3985512
439	7	-0.1600185	0.5772394	0.3977812
440	1	-0.1151808	0.5638281	0.3985512
440	2	-0.1151808	0.5638281	0.3985512
440	3	1.197747	0.1711198	0.4210978
440	4	1.197747	0.1711198	0.4210978
440	5	-0.1151808	0.5638281	0.3985512
440	6	-0.1151808	0.5638281	0.3985512
440	7	-0.1600185	0.5772394	0.3977812
441	1	-0.1151808	0.5638281	0.3985512
441	2	-0.1151808	0.5638281	0.3985512
441	3	1.197747	0.1711198	0.4210978
441	4	1.197747	0.1711198	0.4210978
441	5	-0.1151808	0.5638281	0.3985512
441	6	-0.1151808	0.5638281	0.3985512
441	7	-0.1600185	0.5772394	0.3977812
442	1	-0.1151808	0.5638281	0.3985512
442	2	-0.1151808	0.5638281	0.3985512
442	3	1.197747	0.1711198	0.4210978
442	4	1.197747	0.1711198	0.4210978
442	5	-0.1151808	0.5638281	0.3985512
442	6	-0.1151808	0.5638281	0.3985512
442	7	-0.1600185	0.5772394	0.3977812
443	1	-0.1976490	0.5077968	1.196818
443	2	-0.1976490	0.5077968	1.196818
443	3	1.149551	0.1779168	0.4957677
443	4	1.149551	0.1779168	0.4957677
443	5	0.07294808	0.5333889	0.1458004
443	7	0.0964203	0.5319467	0.09092251
444	1	-0.2095764	0.503479	1.274753
444	2	-0.2095764	0.503479	1.274753
444	3	1.224746	0.1693217	0.359353
444	4	1.224746	0.1693217	0.359353
444	7	0.1733368	0.5140009	0.042095
445	1	-0.2095764	0.503479	1.274753
445	2	-0.2095764	0.503479	1.274753
445	3	1.224746	0.1693217	0.359353
445	4	1.224746	0.1693217	0.359353
445	7	0.1733368	0.5140009	0.042095
446	1	-0.2095764	0.503479	1.274753
446	2	-0.2095764	0.503479	1.274753
446	3	1.224746	0.1693217	0.359353
446	4	1.224746	0.1693217	0.359353
446	7	0.1733368	0.5140009	0.042095
518	5	1.165491	0.1807679	0.4205439
518	7	-0.1314113	0.5686827	0.3982725
519	5	1.165491	0.1807679	0.4205439
519	7	-0.1314113	0.5686827	0.3982725
520	5	1.165491	0.1807679	0.4205439
520	7	-0.1314113	0.5686827	0.3982725
521	5	1.165491	0.1807679	0.4205439
521	7	-0.1314113	0.5686827	0.3982725
522	5	1.165491	0.1807679	0.4205439
522	7	-0.1314113	0.5686827	0.3982725
523	5	1.165491	0.1807679	0.4205439
523	7	-0.1314113	0.5686827	0.3982725
524	5	1.165491	0.1807679	0.4205439
524	7	-0.1314113	0.5686827	0.3982725
525	1	1.161746	0.1712203	0.5261911
525	2	1.161746	0.1712203	0.5261911
525	3	-0.2151072	0.5083026	1.243252
525	4	-0.2151072	0.5083026	1.243252
525	5	0.1462042	0.5166832	0.09547082
525	6	0.1462042	0.5166832	0.09547082
525	7	0.1558722	0.5175961	0.05793433
526	1	1.161746	0.1712203	0.5261911
526	2	1.161746	0.1712203	0.5261911
526	3	-0.2151072	0.5083026	1.243252
526	4	-0.2151072	0.5083026	1.243252
526	5	0.1462042	0.5166832	0.09547082
526	6	0.1462042	0.5166832	0.09547082
526	7	0.1558722	0.5175961	0.05793433
527	1	1.161746	0.1712203	0.5261911
527	2	1.161746	0.1712203	0.5261911
527	3	-0.2151072	0.5083026	1.243252
527	4	-0.2151072	0.5083026	1.243252
527	5	0.1462042	0.5166832	0.09547082
527	6	0.1462042	0.5166832	0.09547082
527	7	0.1558722	0.5175961	0.05793433
528	1	1.161746	0.1712203	0.5261911
528	2	1.161746	0.1712203	0.5261911
528	3	-0.2151072	0.5083026	1.243252
528	4	-0.2151072	0.5083026	1.243252
528	5	0.1462042	0.5166832	0.09547082
528	6	0.1462042	0.5166832	0.09547082
528	7	0.1558722	0.5175961	0.05793433
529	1	1.161746	0.1712203	0.5261911
529	2	1.161746	0.1712203	0.5261911
529	3	-0.2151072	0.5083026	1.243252
529	4	-0.2151072	0.5083026	1.243252
529	5	0.1462042	0.5166832	0.09547082
529	6	0.1462042	0.5166832	0.09547082
529	7	0.1558722	0.5175961	0.05793433
530	1	1.161746	0.1712203	0.5261911
530	2	1.161746	0.1712203	0.5261911
530	3	-0.2151072	0.5083026	1.243252
530	4	-0.2151072	0.5083026	1.243252
530	5	0.1462042	0.5166832	0.09547082
530	6	0.1462042	0.5166832	0.09547082
530	7	0.1558722	0.5175961	0.05793433
531	1	1.223196	0.1601679	0.4546298
531	3	-0.04326656	0.4483443	1.331021
531	4	-0.04326656	0.4483443	1.331021
531	5	0.2559992	0.4875077	0.06103621
531	6	0.2559992	0.4875077	0.06103621
531	7	0.1526630	0.5180222	0.0631689
532	5	-0.1238674	0.5664263	0.3984025
532	6	-0.1238674	0.5664263	0.3984025
532	7	1.180501	0.1762782	0.4208012
533	5	-0.1238674	0.5664263	0.3984025
533	6	-0.1238674	0.5664263	0.3984025
533	7	1.180501	0.1762782	0.4208012
534	5	-0.1238674	0.5664263	0.3984025
534	6	-0.1238674	0.5664263	0.3984025
534	7	1.180501	0.1762782	0.4208012
535	5	1.120904	0.1941041	0.4197782
535	6	1.120904	0.1941041	0.4197782
536	5	1.120904	0.1941041	0.4197782
536	6	1.120904	0.1941041	0.4197782
537	5	1.120904	0.1941041	0.4197782
537	6	1.120904	0.1941041	0.4197782
538	5	1.120904	0.1941041	0.4197782
538	6	1.120904	0.1941041	0.4197782
